2.45442 -0.572033 -0.239283 -0.267064 -0.238902 -0.260675 -0.176528 -0.0947107 -0.0755512 -0.10363 0.00966026 0.0519175 0.0317014 -0.266118 0.107595 0.243381 -0.0478466 0.49725 0.676391 0.119645 -0.158654 0.410881 0.589657 -0.66371 -1.03552 -0.37316 -0.0655441 0.149741 0.297264 0.436804 0.430632 0.218372 -0.309869 -0.041553 0.579016 0.0649062 -0.820362 -0.740348 -0.122649 
2.41036 -0.585403 -0.252925 -0.350911 -0.21221 -0.174929 -0.0963162 -0.117034 -0.0959524 -0.00189149 0.0376233 -0.0022727 -0.0132936 -0.222403 0.163971 0.293843 -0.0966666 0.277898 0.505985 0.0723261 -0.173559 0.25331 0.390742 -0.667428 -0.909094 -0.310945 0.327679 0.284383 0.320408 1.02663 -0.108888 -0.76619 -0.680939 0.125813 0.396363 -0.926451 -0.704298 0.107018 0.300448 
2.43641 -0.560066 -0.211808 -0.3209 -0.222276 -0.176035 -0.175038 -0.111237 -0.0682334 -0.0415754 -0.0436106 -0.0531755 -0.00804673 -0.250124 0.10321 0.277935 -0.0738172 0.219503 0.60001 0.310515 -0.0469044 0.388657 0.344103 -0.684979 -0.825248 -0.386912 0.250332 0.0725373 -0.0327469 0.594018 -0.502351 -0.814409 0.169656 0.237495 -0.0516594 -0.851255 0.159872 0.863288 0.246059 
2.41671 -0.584769 -0.226137 -0.255483 -0.155435 -0.205325 -0.203494 -0.105754 -0.00210467 -0.0576349 -0.0604474 -0.0289571 0.0174895 -0.0892143 0.176689 0.258979 -0.0865034 0.134297 0.396702 0.0165412 -0.336481 0.188543 0.108233 -0.599511 -0.753642 -0.187924 0.27841 0.0344617 -0.208337 -0.419823 -0.866431 -0.399068 0.449349 -0.125514 -0.804242 -0.472669 0.798267 0.842448 0.155935 
2.43619 -0.538222 -0.198623 -0.239832 -0.192175 -0.196846 -0.14719 -0.112248 -0.0264744 -0.0471734 -0.0840417 -0.080212 -0.0198069 0.00431633 0.150568 0.187887 0.0767126 -0.0418282 0.05132 0.0600702 -0.0855295 0.204343 -0.00726373 -0.385089 -0.265056 0.0422248 0.0670662 -0.269892 -0.414525 -0.810115 -0.465697 -0.0963284 0.255277 -0.0815943 -0.636774 0.0718277 1.04905 0.886652 0.329253 
2.43585 -0.553021 -0.209758 -0.303986 -0.250362 -0.230885 -0.167339 -0.115294 -0.0875839 -0.0867975 -0.0385487 -0.00954831 0.00963934 0.373495 0.261092 -0.0103154 0.0831708 -0.474141 -0.359387 0.0272806 -0.0542298 -0.0770575 -0.30935 -0.119854 0.0257346 0.333634 0.20974 -0.0824936 -0.413365 -0.468073 -0.0652808 0.0571903 0.0813061 -0.0593455 -0.235352 0.480422 0.621188 0.138513 0.344124 
2.41334 -0.577552 -0.218969 -0.2953 -0.212988 -0.15733 -0.0936652 -0.0850504 -0.0173627 -0.0445207 -0.0540591 -0.0355595 -0.0304218 0.490411 0.186749 -0.272782 -0.221456 -0.422511 0.00414625 0.404837 -0.0371362 -0.357651 -0.00551024 0.392869 0.0847517 0.26675 0.57845 0.195885 -0.281185 0.0826368 0.0200345 -0.144927 -0.400064 0.0759304 -0.192175 0.176957 0.250055 -0.15582 0.441227 
2.45023 -0.545372 -0.214653 -0.311242 -0.213212 -0.205827 -0.20599 -0.186693 -0.0866808 -0.0770509 -0.0442341 -0.0604885 0.0227864 0.356788 0.113027 -0.199709 -0.209939 -0.467478 0.306544 0.49217 0.0648424 -0.373223 0.122279 0.263754 0.0296433 0.345655 0.14955 -0.00566071 -0.118768 0.559019 0.185952 0.354421 0.330076 0.598985 0.277836 0.208662 -0.172782 -0.172755 0.0669546 
2.43234 -0.563607 -0.22153 -0.278311 -0.22952 -0.227634 -0.12898 -0.0745567 -0.0354847 -0.0403129 -0.0254693 0.0156552 0.0283477 4.3394 0.194949 -1.57721 0.409272 -0.908276 1.13154 0.384135 -1.36722 -0.297142 0.200191 0.559521 0.461438 0.305294 3.89382 0.172669 -1.15466 0.847818 -0.458923 1.53499 0.361857 -1.38326 -0.0248178 0.0679868 -0.118624 -0.0930876 -0.406628 
2.49574 -0.52734 -0.248869 -0.320313 -0.291221 -0.235705 -0.136173 -0.124431 -0.0997681 -0.0711311 -0.0215484 -0.0428595 0.0428243 13.7168 0.788781 -2.5344 0.941298 -2.05839 1.84319 0.475437 -1.71439 0.560837 0.966422 0.973587 0.706584 -0.34866 13.7537 0.446194 -2.33061 1.16646 -1.69195 2.2067 0.234863 -2.17199 0.929488 0.762405 0.578464 0.961168 -1.03839 
2.49807 -0.545671 -0.250278 -0.306588 -0.21668 -0.143085 -0.123762 -0.107508 -0.0801192 -0.0386977 -0.00243243 -0.0567593 0.0122757 18.95 1.2708 -2.51846 1.13702 -3.15496 1.76011 -0.0317594 -1.51461 1.409 1.08495 1.04677 1.63276 -0.660024 19.7026 1.10812 -2.11593 1.03847 -3.04858 1.2795 -0.434721 -1.63474 2.08201 1.04508 0.760455 1.88423 -1.26377 
2.4248 -0.567253 -0.217128 -0.253985 -0.229364 -0.149024 -0.104777 -0.0911528 -0.0445542 -0.0423071 -0.0713635 -0.0352839 0.0485564 22.7416 2.89543 -1.97787 0.796567 -2.66868 0.707521 0.020858 -0.834796 1.86779 1.06887 0.0468385 0.952422 -0.749122 17.3585 2.8341 -0.0916766 -0.297877 -1.86101 -1.54112 -1.12842 0.489144 1.91088 0.602318 -0.161089 0.796523 -0.740861 
3.47559 -0.49926 -0.56319 -0.167104 -0.413645 0.0249909 -0.100484 -0.476496 -0.0983821 -0.0348849 0.048965 0.060642 0.000970542 25.6844 4.59296 -2.03844 0.386635 -2.53438 -0.157299 -0.660314 -0.688879 2.29011 0.886462 -0.546182 -0.0711466 -0.413694 2.98425 3.84884 2.95513 -1.7501 1.06804 -4.36825 -1.18308 4.07134 1.55681 -0.272693 -2.08777 -1.72885 0.62632 
5.06465 -0.408089 -0.576769 -0.186369 -0.609601 0.0436322 -0.0952766 -0.289839 0.103485 0.129805 0.135385 0.100448 -0.109937 25.8023 5.9197 -2.4048 0.349275 -2.83228 -0.347251 -1.20737 -0.197095 2.56771 1.02041 -0.836726 -0.760377 -0.14748 -13.6075 3.79897 2.54712 -1.86799 2.98147 -3.86957 -1.25132 3.05985 -0.607516 -1.43484 -2.92356 -3.99686 1.98822 
4.68616 -0.38501 -0.414103 -0.176885 -0.627838 -0.0523791 -0.206737 -0.193693 0.209908 0.0616542 0.0481546 0.227542 -0.0836299 23.2521 6.80912 -2.56765 0.0358517 -3.19041 -0.492792 -1.60142 -0.113061 2.28035 1.11011 -0.979852 -1.53678 0.150772 -15.9762 2.27172 -0.435662 -0.859773 2.04331 -0.325137 -0.498455 0.376925 -1.90001 -0.608772 -1.31136 -4.2548 1.74586 
4.91645 -0.0266921 -0.322512 -0.290013 -0.373213 -0.342075 -0.168725 -0.131089 0.0991607 0.0122701 -0.179059 -0.0823018 -0.0013042 17.6117 6.94925 -2.23257 -0.576051 -2.74064 -0.298666 -1.37036 -0.120276 1.85768 1.15494 -0.838802 -2.18084 0.175728 -13.1366 -1.30038 -2.67502 0.520784 -1.22501 3.84859 0.266957 -2.4867 -1.53474 0.584938 1.606 -0.851845 0.266699 
5.2839 0.0890264 -0.504084 -0.286132 -0.500983 -0.280698 -0.230532 -0.149019 0.205822 0.0255477 -0.120863 -0.148633 0.0455966 8.54565 6.3179 -1.42465 -0.920022 -1.80697 -0.210247 -0.695279 -0.106444 1.27517 1.08003 -1.02637 -2.45763 0.277368 -8.34842 -3.36709 -1.95778 0.709011 -1.8294 4.50364 1.62331 -3.75689 -1.39792 1.18222 2.67726 2.0739 -1.35927 
5.30847 0.17772 -0.644295 -0.227876 -0.66059 -0.10344 -0.2994 -0.193304 0.178773 0.0843637 -0.0878571 -0.182264 0.0270439 1.97722 5.11041 -1.85751 -0.656916 -1.23346 0.535264 0.0431226 -1.52909 -0.23772 1.12845 -0.852276 -2.18132 0.303743 -5.38452 -3.98815 0.92062 0.0424794 0.0312178 1.63172 2.5568 -1.97748 -0.924626 1.02048 1.62478 3.17674 -1.68972 
5.28124 0.208387 -0.664933 -0.231781 -0.706291 -0.0511998 -0.294764 -0.262586 0.171452 0.142994 -0.0715005 -0.180393 0.0166318 1.97169 3.45886 -2.19368 -0.478231 -0.830689 0.936841 0.809072 -1.77102 -1.20376 1.68625 -0.149771 -1.62517 -0.0428846 -5.03761 -3.32092 2.53006 -0.241307 2.6084 -1.73986 2.10228 0.267653 -1.48183 0.00858315 -0.270273 2.3411 -0.716492 
5.20213 0.22791 -0.642704 -0.301424 -0.701259 -0.035932 -0.193647 -0.34109 0.180867 0.144768 -0.0368392 -0.164318 -0.0200545 -0.233213 1.45069 -1.93061 0.173667 -0.192985 0.960083 0.254735 -0.968537 -1.55115 1.6071 0.156796 -0.100249 -0.166315 -1.36108 -1.82998 1.78846 0.349123 4.03283 -3.5264 -0.171044 2.71944 -1.99135 -0.575649 -1.60688 0.442029 0.681093 
5.11334 0.255416 -0.66404 -0.298904 -0.685573 -0.0281462 -0.123843 -0.414668 0.1617 0.165208 -0.0414327 -0.126233 -0.0543169 -2.55743 0.376791 -0.625543 0.25175 1.86728 -0.316337 -0.306337 0.185131 -2.12266 1.18219 -0.56433 0.453522 0.145315 0.441099 -1.40846 0.60433 0.981163 3.47681 -2.82483 -2.91805 4.02906 -1.12168 -0.922873 -1.41636 -0.12561 1.59885 
5.09639 0.232055 -0.653384 -0.266966 -0.659315 -0.0511723 -0.118147 -0.372989 0.0479508 0.238643 -0.0939435 -0.130604 -0.0393694 -3.18996 -0.475289 0.16036 0.785247 3.11096 -1.855 -0.662545 0.961144 -2.17965 0.692925 -1.32874 0.738813 0.642158 -0.444689 -1.01013 0.197086 1.43679 2.11144 -1.65722 -3.61554 2.97567 0.203285 -1.21683 -1.07481 0.0535268 1.52986 
5.15599 0.189904 -0.634788 -0.288956 -0.518471 -0.179499 -0.122185 -0.285252 -0.0310879 0.228505 -0.105594 -0.158211 -0.0040707 -1.81777 -0.829412 0.0640392 1.55908 2.82701 -2.61121 -1.09366 1.88993 -1.66129 -0.0425252 -1.76236 0.96919 1.13069 -0.215841 -0.54575 0.0961852 1.55637 -0.587367 -0.468787 -1.93287 0.775538 1.80852 -1.27603 -0.683566 0.683464 0.901527 
5.10209 0.221399 -0.702814 -0.208153 -0.41416 -0.209851 -0.319659 -0.143185 -0.0430957 0.179134 -0.155785 -0.139551 0.0453113 0.0703278 -1.12467 -0.117829 2.35313 1.57192 -2.0812 -1.66911 2.67781 -0.966793 -1.46759 -1.55284 1.30508 1.49707 2.19987 -0.374046 0.138147 1.12303 -3.64719 0.941644 1.1525 -1.09668 2.51117 -1.92584 0.359406 1.06671 0.0131641 
4.88839 0.158671 -0.628983 -0.218014 -0.323381 -0.212014 -0.397087 -0.121017 -0.023943 0.183792 -0.179676 -0.0868074 0.0834047 2.1034 -1.44294 -0.311693 2.57321 0.338379 -1.08155 -1.99393 3.20813 -0.123605 -3.06819 -1.05335 1.63788 1.61295 5.87513 -0.069526 -0.666133 0.759177 -5.2096 2.34779 2.34254 -0.910785 2.09965 -2.9773 1.31982 0.950007 -0.533687 
4.84498 0.115819 -0.608426 -0.0910119 -0.355357 -0.321781 -0.325703 -0.190501 -0.0594145 0.193989 -0.263398 -0.0721396 0.0922593 3.52039 -1.569 -0.248218 2.296 -1.09693 0.224668 -1.59422 3.12026 0.296209 -4.06674 -0.461615 1.97987 1.26933 6.69676 -0.0906529 -0.692645 -0.646816 -4.1989 3.64294 1.43535 0.605475 0.740162 -3.13406 2.04841 0.54816 -0.724113 
5.20571 0.136139 -0.679803 -0.0549684 -0.50135 -0.358013 -0.282138 -0.107322 0.051923 0.101032 -0.25759 -0.0247057 0.125038 4.55782 -1.63076 -0.0644338 1.84137 -2.48137 1.56719 -0.933719 2.82053 0.130171 -4.20893 -0.046146 2.15039 0.833398 2.9081 -0.33716 0.16698 -1.80195 -1.2359 3.45066 0.101795 1.02692 -1.30854 -1.44099 1.64396 -0.0687957 -0.850016 
5.34304 0.102127 -0.684269 -0.0018054 -0.647199 -0.165399 -0.319701 -0.0344494 0.0733977 -0.140492 -0.159684 0.0387246 0.132014 5.52877 -1.64252 -0.0668814 1.20878 -3.06202 2.06901 0.16842 2.39202 -0.309725 -3.8858 0.272787 1.94023 0.551398 -1.38769 -0.0851053 0.58472 -2.09169 1.41733 1.1809 -0.150942 0.234629 -2.31478 1.82766 0.104763 -0.660749 -0.641122 
5.49362 0.045404 -0.719889 -0.000749924 -0.633327 -0.0956252 -0.389672 0.0563244 0.0742878 -0.257465 -0.152563 0.0726341 0.144091 5.72884 -1.21637 -0.485291 0.746924 -3.12801 2.4807 0.57262 2.14916 -0.802494 -3.42094 0.586983 1.42538 0.297154 -4.19182 0.45121 0.613732 -1.49021 2.01329 -0.910677 0.908928 -1.41974 -2.04956 3.8886 -0.724656 -1.12594 -0.384542 
5.52345 0.0134488 -0.64818 -0.0530553 -0.686395 -0.0436366 -0.344804 0.0931021 -0.034242 -0.233062 -0.152692 0.0865653 0.113081 4.46597 -0.901294 -0.63423 0.00736239 -2.27314 2.7587 0.400412 1.79871 -0.915209 -2.70357 0.7029 1.05246 0.172164 -3.80251 1.04662 -0.567266 -0.196123 1.68489 -1.99832 1.21988 -2.29088 -0.26299 3.28038 -0.865415 -1.21176 0.0352638 
5.55229 -0.00176734 -0.627458 -0.0758714 -0.706704 -0.00965081 -0.341964 0.114982 -0.0875038 -0.210331 -0.158935 0.102362 0.11317 2.26473 -0.572411 -0.690349 -0.372265 -1.21336 2.51609 0.415925 0.920881 -1.1864 -1.5566 0.390844 0.658724 -0.000190496 -2.16188 1.3228 -1.43546 0.3008 0.975473 -1.29858 0.588314 -1.91858 1.45436 1.22822 -0.290666 -0.812289 0.162678 
5.57514 0.00496538 -0.690779 -0.0450992 -0.69366 -0.0490396 -0.282462 0.0951069 -0.0910338 -0.193574 -0.184754 0.0999426 0.145663 1.2577 -0.157425 -0.784609 -0.937737 -0.204208 1.59087 0.472662 0.407804 -0.856887 -0.452475 0.00243886 0.400369 -0.0361964 -1.16361 0.854396 -0.8674 -0.25452 0.87445 0.0570022 -0.758734 -0.786356 1.84017 -0.512652 0.24094 -0.133535 -0.0802068 
5.55458 0.0288409 -0.723736 -0.0424536 -0.739179 -0.00101694 -0.250174 0.0590265 -0.104229 -0.201949 -0.142989 0.0649807 0.128308 0.393576 0.138544 -0.675524 -1.39066 0.572338 0.987053 0.3077 0.356978 -0.305498 -0.30959 0.139192 0.0956283 -0.0424801 -0.42705 0.111903 0.259749 -1.23567 1.65387 -0.0809417 -1.53548 0.702115 1.35758 -0.837785 0.154972 0.230666 -0.146608 
5.5691 0.0313423 -0.753887 -0.0581302 -0.703694 0.0204735 -0.28012 0.0549736 -0.0484392 -0.239912 -0.159496 0.0856685 0.133754 -0.687698 0.224553 -0.482968 -1.70164 1.57076 0.447117 -0.0508994 0.729811 0.344261 -0.521875 0.0666014 -0.251865 -0.0619788 -1.09918 -0.359729 1.55334 -1.7181 1.93711 -0.801969 -1.05309 1.64499 0.237521 -0.206441 0.0203258 -0.174526 -0.269241 
5.55895 0.0565269 -0.787604 -0.0869281 -0.707576 0.0856516 -0.293177 0.0539786 -0.0498424 -0.251183 -0.156792 0.10525 0.123432 -3.06763 0.158449 0.382658 -1.81972 2.10387 0.186347 0.0853281 1.31326 0.878231 -0.520483 0.106088 -0.532597 -0.180215 -3.37399 -0.58347 2.31543 -0.965929 1.75965 -1.49406 0.0715906 1.90553 0.0519048 0.373859 -0.110684 -0.794544 -0.148248 
5.58508 0.03783 -0.752713 -0.177423 -0.625795 0.0621471 -0.329196 0.102314 -0.0364465 -0.256993 -0.156487 0.124149 0.124338 -6.12491 -0.342801 2.05515 -1.35856 3.08865 -0.179748 0.555093 1.00221 0.786185 -0.497738 0.274075 -0.490256 -0.42938 -6.57933 -0.688196 2.75808 1.12132 1.29029 -1.40669 1.70806 0.308988 -0.0733702 0.589684 -0.0138206 -0.90102 -0.189104 
5.54398 0.0260128 -0.714521 -0.246353 -0.532747 0.00677071 -0.349431 0.179195 -0.0299128 -0.284904 -0.122305 0.0704783 0.122874 -6.94459 -1.71375 3.6392 -1.85179 3.36523 0.0315415 0.913906 0.245734 1.02118 -0.357924 0.902473 -0.453923 -1.13686 -6.1486 -1.68221 3.09339 1.63292 0.12945 0.219272 2.25108 -2.16523 0.1991 0.506131 0.775455 -0.180005 -0.951197 
5.35171 0.0253982 -0.656691 -0.273323 -0.466005 -0.021434 -0.31781 0.225053 -0.0322603 -0.263583 -0.174197 0.0253416 0.102189 -6.05853 -3.46465 3.77718 -2.92825 2.34237 0.135658 0.894688 -0.94247 1.20396 -0.0625784 1.75997 -0.702948 -1.58279 -0.46381 -3.39002 1.61916 -0.205122 -1.57585 1.452 0.95373 -4.07382 0.634107 0.184404 1.94232 0.552546 -1.3609 
4.95427 0.0223125 -0.56226 -0.227861 -0.474167 0.00191946 -0.232223 0.273918 0.0478177 -0.242197 -0.151425 0.0127948 0.105792 -4.65204 -4.75065 3.68504 -2.89308 2.06604 -0.0957535 0.498973 -2.12214 1.07597 0.012124 2.11648 -0.237721 -1.611 7.19986 -4.13153 -0.819029 -2.21286 -2.20674 1.32452 -1.40947 -4.28573 0.105408 -0.0711457 2.05584 1.16257 -1.07766 
4.60659 -0.065238 -0.364967 -0.0982312 -0.282809 -0.055505 -0.124243 0.0681468 -0.0215942 -0.267556 -0.11118 0.0553743 0.0711268 -3.26428 -5.73136 3.26696 -2.68907 0.991201 0.0724695 1.01462 -2.76727 1.49002 0.681172 1.62553 0.220717 -1.85453 10.8651 -3.07181 -3.13003 -2.92794 -2.85313 0.379398 -2.2836 -1.41069 0.470007 0.591746 0.279293 1.10281 -0.200224 
4.901 -0.306947 -0.242303 -0.380885 -0.370188 0.126614 -0.171928 -0.0300748 0.0810547 -0.273542 0.0481355 0.04515 -0.0945807 -1.58788 -6.3421 3.06712 -1.94418 -0.232826 0.130509 1.39123 -4.11449 0.922585 1.51995 1.15073 0.724944 -1.56121 6.25269 -0.171134 -3.11358 0.63933 -1.95386 -1.4659 -0.609317 0.513943 -0.623561 1.58508 -2.36408 0.855566 1.44562 
5.1846 -0.509755 -0.450505 -0.613945 -0.557282 0.0837054 -0.279163 -0.124201 0.127518 -0.244183 0.111426 0.00381442 -0.067558 -0.285969 -6.29934 1.78232 -1.2612 -1.58792 -0.466405 2.13497 -3.98238 0.0676017 1.8161 0.816558 1.21613 -0.509446 -1.61201 2.4842 -1.14028 4.39089 -1.03536 -1.99663 2.67201 1.81616 -1.82945 1.87022 -3.56027 0.788566 2.39356 
5.20407 -0.531308 -0.402039 -0.459315 -0.369529 -0.00585919 -0.343102 -0.162807 0.0380271 -0.262447 0.0704179 0.141226 -0.0189039 -1.19773 -5.40585 0.0864305 -0.659652 -2.05061 -1.78136 1.91572 -2.9474 -0.840948 2.20194 0.692894 0.880562 0.439427 -7.98879 3.37127 -0.743626 4.5613 -1.29674 -2.11026 3.69881 2.20336 -2.18558 1.41357 -1.7391 -0.498963 2.53688 
5.12081 -0.627127 -0.353416 -0.481402 -0.480765 0.00599366 -0.114686 -0.0823765 0.196906 -0.105407 -0.0873476 0.128942 -0.097994 -5.10415 -3.57638 -0.464295 1.23703 -0.989588 -2.70965 1.18445 -1.01819 -1.2821 1.8231 -0.00805965 0.537054 1.25072 -10.9452 3.53585 -0.624006 3.79359 1.31753 -2.17544 0.462911 2.09358 -2.59226 -0.975103 0.902844 -1.14034 2.09617 
5.05078 -0.682179 -0.233922 -0.331684 -0.563585 -0.012086 -0.0597969 -0.352405 -0.00352414 -0.0192682 -0.0663328 0.122688 -0.0202704 -12.8813 -1.26694 -0.0238367 3.04347 0.788686 -2.98943 0.669223 0.314222 -1.90102 2.01697 -0.375726 -0.451212 1.94615 -12.5051 3.30809 -0.605347 0.840094 3.73931 -0.682238 -3.53558 3.52575 -0.42409 -2.01027 2.07451 -2.16053 0.451589 
4.87496 -0.684033 -0.423206 -0.299562 -0.69711 -0.125162 0.124628 -0.192353 -0.0753468 -0.0606018 -0.0513632 0.18615 0.135016 -18.3405 0.0830119 0.828084 2.623 1.83816 -2.67856 0.196015 1.30298 -1.96034 1.88063 -0.174712 -1.19112 1.87755 -11.7436 2.61097 0.971177 -1.59715 5.00391 0.925057 -5.73768 2.51716 1.17278 -1.32388 1.30566 -2.53429 -1.05451 
4.39462 -0.648096 -0.525437 -0.299512 -0.598524 -0.302399 -0.0371313 -0.116848 -0.0971625 -0.00875856 0.0838638 0.0648024 0.138186 -20.5739 1.21071 1.01653 1.33921 2.16025 -1.94283 -0.463151 1.49887 -0.991376 1.96115 0.142246 -2.08325 1.1477 -6.19501 1.90366 2.74521 -2.83384 3.36433 2.83819 -3.15065 0.524588 2.35584 0.149839 -0.686437 -1.29684 -2.04948 
3.90348 -0.578613 -0.32437 -0.0391025 -0.240525 -0.305167 -0.20195 -0.0398451 -0.0966361 -0.162955 -0.0244086 0.0883652 0.108287 -18.8946 3.46783 2.52852 1.49034 3.24119 -1.6527 -1.81813 1.37885 -1.17147 1.59696 0.315263 -2.44368 0.202482 4.25793 1.98924 3.01545 -3.33839 -1.16215 2.69959 0.797088 -1.595 2.01776 2.02795 -1.26809 -0.553065 -2.56945 
3.10769 -0.499418 -0.263718 -0.176511 -0.242 -0.14803 -0.275346 -0.0102717 -0.0904263 0.0317344 0.0403606 -0.107156 0.123274 -13.5126 5.31397 2.95053 1.28899 3.10136 -1.11507 -1.80475 1.29707 -0.675678 1.78505 0.000997197 -2.42845 -0.859647 17.077 2.9174 1.92643 -0.243312 -3.38197 0.58965 2.98469 -3.04762 -0.0410014 1.19853 -1.09583 1.15957 -2.07595 
2.94446 -0.545697 -0.28887 -0.39949 -0.304774 -0.251149 -0.243011 0.00698791 -0.0960456 0.0314844 0.021272 -0.0729182 0.152442 -5.73569 5.96883 2.95064 1.49138 2.60938 -1.10814 -2.09509 0.0410566 0.000961959 1.96588 -0.695391 -2.12532 -1.37629 22.9843 3.34819 -0.577121 3.08003 -3.04707 -1.27208 2.2406 -2.22306 -0.706093 -0.065755 -0.704903 1.61361 -0.919114 
2.90727 -0.407439 -0.206128 -0.328648 -0.236399 -0.185737 -0.173228 -0.0643067 0.0586703 0.12526 -0.0355707 -0.0888227 0.0151034 3.1848 5.96135 1.35596 2.82222 0.358486 -1.53128 -0.712715 -0.0715053 0.194216 0.478577 -1.11519 -0.764292 -1.15264 20.9911 1.24488 -3.79326 4.58624 -2.50092 -2.83557 0.260199 -0.266669 -0.964785 -2.67127 -0.0202854 1.93122 0.92442 
3.29177 -0.0725614 0.12527 -0.0918807 -0.201155 -0.252542 -0.240774 -0.0800529 -0.133943 0.129271 -0.0570452 -0.150822 -0.0788888 10.6356 5.15985 -0.487039 3.81938 -2.39272 -1.98348 0.211957 0.146724 -0.138529 -0.721994 -0.545783 0.0283234 -1.17378 11.8895 -2.94219 -6.21711 3.59442 -2.77807 -1.8706 -0.215515 1.66524 0.330377 -4.55091 0.387879 2.24446 1.88198 
3.84343 0.0591518 -0.0761763 -0.060533 -0.325212 -0.267155 -0.15862 -0.150341 -0.206561 0.16897 -0.0135248 -0.114561 -0.024251 15.4548 4.0556 -1.39963 5.46821 -3.43597 -2.26222 0.0829555 0.777632 -0.234497 -2.72518 -0.188215 0.996309 -1.23327 0.428596 -5.43443 -4.39153 1.422 -3.19648 0.010597 -0.452225 2.95314 0.975022 -4.62113 1.13893 1.41025 1.08802 
4.21038 0.00171889 -0.261707 -0.0415265 -0.270834 -0.445516 -0.314146 -0.123357 -0.0116785 0.128077 -0.116868 -0.0956477 0.0334027 14.4583 2.8121 -1.82343 5.80296 -4.27176 -1.7498 -0.562227 1.32138 0.268521 -3.58023 0.622446 1.06243 -1.02707 -7.90458 -4.88067 -0.18123 -0.741691 -2.9683 2.06139 0.0331588 2.32444 0.516896 -2.91199 2.03657 0.530288 -0.408356 
4.50595 0.00942269 -0.430748 0.27297 -0.47047 -0.520047 -0.190085 0.0197043 -0.0447853 -0.200453 -0.0790673 0.0349176 0.0377848 9.01975 0.267009 -1.27626 3.96094 -3.78753 -0.857784 -1.33864 1.54759 0.333773 -4.24035 0.792516 1.23175 -0.487139 -14.342 -3.12741 4.69127 -3.82621 0.704563 3.62838 -1.19289 -0.131099 0.578286 0.948088 1.29931 -0.975469 -1.20815 
4.64669 -0.0606356 -0.366926 0.332621 -0.66212 -0.404488 -0.180991 0.0610348 -0.141375 -0.228537 -0.00772466 0.00669014 -0.0516823 6.24568 -2.48399 -1.47273 1.93474 -2.66176 0.476654 -1.05384 2.19814 0.975265 -4.81137 1.54886 1.838 -0.636386 -11.7825 -1.84943 5.16657 -5.28961 4.4444 2.93109 -1.36772 -1.17177 0.37271 2.10466 0.582278 -0.650804 -0.57775 
4.66573 -0.0763156 -0.346028 0.328061 -0.698527 -0.383184 -0.27435 0.112422 -0.0938919 -0.29139 0.0517585 0.00655121 -0.0713643 3.51872 -2.82182 0.409143 1.53952 -2.15926 0.917192 -1.42609 2.43551 0.729436 -4.10607 1.64006 1.4387 -0.615822 -4.39649 -1.09049 2.53448 -4.01829 4.7311 1.18451 -0.394412 -1.14006 -0.0500363 2.35953 -0.325459 -0.00194814 0.692838 
4.3971 -0.0845444 -0.305061 0.263091 -0.759322 -0.401318 -0.329751 0.0917319 0.0487786 -0.279825 0.103112 0.00503179 -0.0685863 2.78844 -2.16793 1.35888 0.922689 -2.69518 1.6177 -1.37753 2.08953 -0.290708 -2.11547 2.04054 0.659664 -0.76562 4.91005 0.233118 -0.466316 -0.434711 1.69513 -0.579153 0.332183 0.07368 -1.24163 2.19673 -0.652947 -0.10124 0.983647 
3.81299 -0.248377 -0.0412155 0.107524 -0.480178 -0.240843 -0.416579 0.0162715 -0.0188379 -0.308671 -0.0174871 0.0160848 -0.0695802 2.79998 -1.47375 1.58729 -0.197971 -2.49258 1.14666 -1.85522 1.33381 -0.473392 0.238333 1.99934 -0.0760558 -0.624414 10.5066 2.72596 -2.85202 2.94342 -3.89124 -2.27759 1.06411 0.76101 -1.9001 2.68761 0.445368 -0.831552 0.540683 
4.74272 -0.398347 -0.268635 0.0996806 -0.449114 -0.209427 -0.281895 0.213799 -0.0488706 -0.488654 0.190445 0.167446 -0.125707 2.65828 -0.647323 1.13783 0.0427781 -2.08239 0.0197839 -1.2595 0.768685 -0.959832 1.19533 1.75382 -0.35776 -0.267377 3.14494 3.89161 -1.41875 2.82439 -5.13955 -2.58656 0.392677 -0.91191 -1.7901 3.99772 0.0391761 -2.24593 0.0681464 
4.73273 -0.211377 -0.178927 0.318547 -0.702163 -0.355318 -0.388893 0.199711 -0.0568196 -0.328067 0.107505 0.0576256 -0.000966033 1.67336 -0.0194837 1.09644 0.706159 -1.97053 -0.856089 -0.402875 0.411465 -1.39723 1.09495 1.34691 -0.792292 -0.0156236 -5.08728 2.14473 -0.103567 0.40352 -1.15841 -1.83635 0.781136 -1.75394 -0.518038 1.4802 -0.0838749 -1.61375 -0.413788 
4.90257 -0.162793 -0.236201 0.326567 -0.931951 -0.297752 -0.423414 0.211676 -0.140345 -0.170702 0.171565 -0.0305239 -0.0923728 -1.72468 0.180311 0.861719 0.165857 -0.10387 -1.55535 1.23585 -0.269295 -1.26388 1.45817 1.04998 -0.851 -0.0796838 -13.6722 -0.486895 1.43529 -2.22939 5.44655 -1.21874 2.38671 -2.30392 1.29883 -1.35467 -0.950427 0.0231022 0.0297945 
4.89412 -0.136416 -0.224627 0.273627 -0.966976 -0.375339 -0.426764 0.166014 -0.158029 -0.1137 0.236593 -0.0223265 -0.10872 -7.79762 -0.627633 0.790485 -1.1485 1.82052 -2.50815 2.58634 -1.37183 -0.305649 1.89348 0.858319 -0.721914 -0.290687 -17.5436 -3.55655 1.86155 -4.14313 9.85031 -0.18046 3.63593 -2.10504 2.26139 -2.59653 -1.64126 1.40786 0.0606523 
4.65729 -0.147517 -0.173522 0.299647 -0.839572 -0.42859 -0.341644 0.10718 -0.229172 -0.112685 0.22663 -0.0536989 -0.0957702 -16.5742 -2.29388 0.985764 -3.28531 4.71738 -2.20963 3.28257 -2.5443 0.457143 1.66499 -0.382844 -0.944649 -0.383782 -14.1931 -5.10727 -0.227126 -4.9662 8.73229 0.515922 3.41341 -1.12491 2.76114 -1.94564 -1.44358 1.75028 -0.217589 
4.3084 -0.148826 -0.0869747 0.33741 -0.766865 -0.487423 -0.325676 0.129361 -0.142272 -0.319981 0.173528 -0.0787757 -0.0436459 -20.3037 -3.94973 0.194515 -4.94892 6.98213 -0.783923 3.69726 -3.04384 0.437423 0.631743 -0.781179 -0.262132 -0.0920923 -8.77694 -4.09231 -1.91311 -3.89561 3.72558 1.84944 0.900083 -1.06075 0.950232 0.663745 -1.38184 0.804037 0.143397 
3.59674 -0.258285 -0.091443 0.0433872 -0.308841 -0.490633 -0.0496232 0.00132442 -0.0591634 -0.148378 0.171982 -0.00601263 -0.0959878 -20.4465 -4.67662 -1.03763 -4.85661 7.24804 -0.0172628 3.76962 -3.00887 0.618776 0.451737 -0.994274 -0.28216 0.454491 2.95098 -1.53542 -3.66486 -0.137215 -3.59474 3.02869 -2.30205 0.194606 -1.32084 0.993055 -0.374819 -0.726015 0.620965 
2.99655 -0.545426 -0.0381342 -0.140083 -0.120995 -0.558215 0.00375287 -0.106032 -0.0225975 -0.109055 0.164163 0.0396944 -0.142352 -16.123 -5.17825 -3.0052 -4.31597 5.53765 0.471926 3.38797 -2.51671 0.663427 0.71056 -1.00392 -0.511551 1.04085 14.6512 1.78425 -4.66573 3.60065 -8.01447 2.48088 -3.34879 1.45178 -2.17187 0.667838 0.611595 -1.50287 1.67613 
2.70065 -0.670433 -0.234581 -0.25203 -0.0672276 -0.485201 0.0320959 -0.0786303 -0.00478177 -0.196257 0.0677989 -0.0534114 -0.130074 -8.11275 -4.32908 -3.32886 -3.52879 3.06985 1.4181 2.53317 -2.35169 0.438047 0.833754 -0.891331 -0.483756 1.27106 21.9277 3.83403 -2.09656 5.36076 -8.20116 1.02105 -2.46143 1.4421 -1.6036 0.24242 1.26429 -0.886554 1.64928 
2.52217 -0.585882 -0.24528 -0.213814 -0.160846 -0.303763 -0.094474 -0.181032 -0.159355 -0.144364 0.0399118 -0.0336739 0.021157 4.43177 -2.69961 -3.96241 -2.42699 -0.976736 1.90124 1.74668 -2.6251 -0.465144 2.23995 -0.858534 -0.46962 1.80918 25.8969 3.86616 0.347183 3.69609 -6.47097 -0.889506 -0.350473 0.684267 0.127668 0.497264 0.80216 0.120033 0.686216 
2.8762 -0.634241 -0.461799 -0.126793 -0.272177 -0.309746 0.000545899 -0.128503 -0.126771 -0.0457149 0.152263 -0.122315 -0.0343295 13.7612 -1.13522 -3.08769 -0.563987 -4.72903 2.3044 0.587712 -1.95626 -0.744793 2.32752 -0.564505 -0.996407 2.28747 19.8719 2.88792 3.61501 0.582902 -3.59294 -0.797966 0.477385 -0.671308 0.658557 1.30209 -0.197785 0.967154 0.107116 
3.31632 -0.74437 -0.644781 -0.136069 -0.371522 -0.439678 0.0275562 -0.111215 -0.0740275 -0.0621266 0.134241 -0.109454 0.0815321 18.9471 0.28694 -1.01861 1.0554 -6.50102 2.42625 -0.156213 -1.4976 -0.330625 2.35196 -0.806271 -0.969913 2.38759 8.06192 1.64464 6.06516 -0.0863599 -2.0087 0.387886 -0.608261 -0.764527 0.67406 1.13256 -0.987208 0.606309 -0.609179 
3.85203 -0.585037 -0.350417 -0.12392 -0.376985 -0.26393 0.0261961 -0.216648 -0.102851 -0.140142 0.0741841 -0.0751364 0.0564039 20.7393 0.737591 1.32883 1.9311 -6.92745 2.17226 0.55477 -1.06263 -0.659201 1.8088 -0.97259 -0.299337 2.09966 -4.98377 -0.113626 4.64492 0.755012 -0.688521 0.626328 -0.594489 0.909142 -0.016479 -0.291712 -1.11752 0.0411526 -0.479566 
5.0211 -0.48824 -0.523219 -0.177174 -0.78344 -0.285271 0.0501149 -0.348374 -0.16958 0.172729 0.0260874 -0.052538 0.158478 19.3132 1.23614 2.81398 1.95905 -5.46747 1.53218 0.967261 -0.2353 -0.239669 0.698051 -1.27145 -0.487141 1.24112 -15.7367 -0.514447 3.67754 1.90294 3.08641 0.30464 -0.176285 2.55633 -0.306412 -3.27514 -0.529771 -0.33628 -1.0242 
4.7444 -0.588057 -0.341759 -0.153283 -0.786717 -0.195896 0.0349756 -0.25443 -0.107422 0.173547 0.107637 -0.156133 0.141924 14.3272 1.62316 3.80586 1.59306 -4.10573 1.34264 0.596591 0.074122 -0.447856 0.105864 -1.33325 -0.208211 0.840063 -13.8978 0.0750983 0.0547147 1.14623 4.75614 -1.32255 0.883237 2.46788 -0.452957 -3.72532 0.126639 0.059332 -1.46175 
4.70709 -0.596595 -0.101279 0.0306681 -0.869132 -0.18933 -0.116167 -0.242875 -0.029141 0.0666408 -0.0408515 -0.128106 0.159203 7.76642 1.88186 3.2391 1.6417 -2.05007 1.30493 0.190861 0.995745 -0.488725 -0.429912 -0.577111 -0.180821 -0.30426 -9.52307 0.856252 -3.47265 -1.1175 5.51244 -1.8609 0.958718 1.60055 -0.429809 -2.13314 1.57539 0.344366 -1.73453 
4.88649 -0.565125 -0.100784 0.0709053 -0.907626 -0.123488 0.164204 -0.175652 -0.253029 -0.0706569 -0.0654247 -0.054742 0.183943 0.902283 2.04934 1.65186 1.8572 0.144756 0.304553 0.294936 2.51703 -0.504288 -1.08657 0.0946491 0.0231222 -1.12265 -6.77166 1.69509 -4.19283 -1.84986 4.6292 -1.51578 -0.890489 0.809989 0.515407 0.424427 2.21022 0.427921 -2.08961 
4.92428 -0.401817 -0.0864611 0.0516476 -0.699889 -0.202595 0.0942645 -0.12922 -0.145879 -0.093951 -0.0355008 -0.176564 0.107517 -2.70128 3.49815 0.682954 1.51817 1.80487 -0.41736 -1.00626 3.57188 -0.05783 -2.12695 0.698373 0.774767 -1.66736 -3.37682 1.91156 -4.21027 -1.4247 1.04863 -1.05923 -2.41527 0.959911 0.625421 1.82143 1.91242 1.42046 -1.07307 
4.81331 -0.468234 -0.159376 -0.0186875 -0.76559 -0.246106 0.0722292 -0.143341 -0.144867 -0.00360081 0.0327955 -0.11534 0.0922468 -0.402632 5.22463 -1.75031 0.7799 1.79966 -1.05136 -2.282 3.54099 0.295771 -1.83836 0.833205 1.39012 -1.9534 -0.0914993 2.83603 -2.4682 -0.202653 -0.690648 -0.41274 -3.59704 1.40074 1.17963 0.503779 0.560345 1.311 -0.300841 
4.54985 -0.410451 -0.256909 0.0249745 -0.604135 -0.186255 -0.0136353 -0.0465298 -0.140145 -0.0776193 0.095064 -0.0878409 -0.00643925 0.124054 5.87463 -3.44777 0.289622 1.98705 -1.91659 -2.92947 3.80565 0.977465 -1.90411 1.41119 1.65171 -2.03894 5.34651 2.74461 -1.16331 0.415539 -2.42775 -1.10281 -2.98477 0.619503 1.45196 -0.933247 -0.983947 1.16504 0.869748 
4.34228 -0.23965 -0.23208 0.116226 -0.52815 -0.233633 0.076508 0.102267 -0.203092 -0.0953001 0.0821971 -0.0511603 -0.0628099 0.390165 5.82689 -3.83072 0.249193 1.46614 -2.09544 -4.26499 3.31111 2.26616 -1.79922 0.854244 1.79305 -1.97349 7.49122 0.681623 -0.952094 -0.158868 -2.3485 -0.857136 -1.42022 -1.08209 1.69865 -1.50765 -1.53949 0.322313 1.1824 
4.74428 0.00769861 -0.342277 0.0254823 -0.694155 -0.332192 -0.260872 0.170822 -0.0838234 -0.102008 0.127248 0.0574416 0.000932608 1.35028 5.32069 -3.93998 0.0268614 0.97602 -1.82734 -4.2154 3.04198 2.21572 -2.00023 0.0349786 1.87363 -1.2968 2.72381 -2.2721 0.0348496 -0.418098 0.111556 -0.10991 1.10121 -2.03381 1.24258 -0.894905 -1.76878 -1.17574 0.712898 
4.98156 0.104301 -0.49033 0.0295895 -0.681712 -0.300601 -0.356173 0.160912 -0.0188693 -0.151318 0.0834118 0.0282658 -0.0758584 2.95848 4.79715 -3.72482 -0.104449 0.985929 -1.63877 -4.09627 2.72439 2.566 -2.12349 -0.818153 1.27079 -0.642011 -2.08589 -4.1226 1.01803 -0.757649 1.08256 0.741841 2.3076 -1.71194 0.121045 0.45846 -1.41518 -1.37629 0.993736 
4.87456 0.108088 -0.524979 0.113415 -0.604033 -0.473962 -0.281755 0.244692 0.0231341 -0.321937 0.106593 0.0895183 -0.0636247 4.17672 3.32482 -3.45696 -0.340346 0.343564 -1.39425 -3.60223 1.73998 2.87713 -1.61535 -1.48157 1.02739 -0.0505022 -2.81491 -3.63026 1.21301 -0.763689 0.941405 2.03587 1.61026 -1.12606 -0.588372 1.81309 -1.15427 -1.26707 0.852951 
4.88859 0.118364 -0.542758 0.0626127 -0.632416 -0.380091 -0.344019 0.165227 0.109673 -0.269516 0.0082114 0.0858344 -0.0988635 3.77863 1.49729 -3.20754 -0.210629 0.35803 -0.84914 -2.65704 0.635775 2.86407 -1.40551 -1.55402 0.79317 0.00708694 -1.19468 -2.30256 0.963143 0.19409 -0.0926117 1.29118 1.35873 -0.500262 -0.956675 1.62129 -0.126376 -0.351867 0.64499 
4.88322 0.143149 -0.585323 -0.0251731 -0.517424 -0.398345 -0.405169 0.239576 0.089451 -0.258408 -0.0143864 0.0324256 -0.0414964 1.79132 -0.035551 -2.41262 0.468218 0.656596 -0.250091 -0.70547 0.207897 1.85856 -1.18259 -1.46095 0.548931 -0.164835 0.74242 -1.2874 0.527311 1.34814 -1.63255 0.600648 1.25449 -0.881584 -0.80503 0.608603 0.857016 0.737181 -0.170242 
4.99718 0.111749 -0.643256 -0.00236536 -0.554538 -0.38806 -0.442705 0.27323 0.141315 -0.256793 -0.0474983 0.0356398 -0.00779696 1.30763 -0.788211 -1.59061 0.64597 0.069048 0.278568 -0.0934559 0.17461 0.824341 -0.711714 -1.09891 0.691472 0.0584065 0.0285702 -0.840185 0.759772 1.77577 -1.43847 0.341969 2.02418 -0.868352 -1.61139 -0.407717 1.321 0.842617 -0.925197 
5.05664 0.0859631 -0.678138 0.0459038 -0.599142 -0.366047 -0.455672 0.224787 0.202061 -0.252588 -0.0884399 0.102023 -0.0333587 1.77852 -1.16124 -1.21016 0.959123 -0.670596 1.06789 0.272207 0.0033229 -0.299482 -0.262422 -0.721234 0.567968 -0.0499384 -1.08176 -0.594532 1.22762 1.27712 -0.887501 0.293847 2.10546 -0.0227755 -2.60812 -0.706442 1.40048 0.239643 -0.628991 
5.0427 0.0634846 -0.690519 0.0988774 -0.595141 -0.395701 -0.367532 0.165858 0.201841 -0.296887 -0.0488419 0.124282 -0.0748825 1.52217 -1.47918 -0.68036 1.634 -1.09122 1.0066 1.0917 0.0544925 -1.3686 -0.467425 -0.0871101 0.626811 -0.185942 -0.908129 -0.326573 1.35223 0.1783 -0.646347 0.977638 0.843626 0.525064 -2.72742 0.15883 0.641834 -0.556969 -0.0503715 
5.02808 0.04214 -0.693587 0.140571 -0.61685 -0.375355 -0.31709 0.202039 0.11791 -0.326334 -0.027355 0.128958 -0.0789078 0.842875 -1.54693 -0.0273194 1.99264 -1.578 1.17166 1.86686 -0.448225 -2.05902 -0.444368 0.295796 0.520828 -0.39751 -0.733854 0.00984403 1.11818 -0.438031 -0.198444 0.647923 0.11378 0.307147 -1.78382 0.665571 0.229358 -1.00828 0.428715 
5.07292 -0.00155365 -0.664442 0.134813 -0.653046 -0.305184 -0.328653 0.239936 0.0418971 -0.313718 -0.0438147 0.134931 -0.0638194 -0.0192051 -1.39872 0.486491 1.90337 -1.33097 0.996016 2.29524 -0.538751 -2.76709 -0.437501 0.705598 0.156325 -0.315707 -0.888767 0.334291 0.624254 -0.211454 0.106658 -0.323916 0.213942 -0.511996 -0.275271 0.514437 0.247978 -0.858696 0.392594 
5.09713 -0.029713 -0.670307 0.190862 -0.696346 -0.272755 -0.28806 0.235103 -0.0302659 -0.310404 -0.0278752 0.124261 -0.0669153 -0.584505 -1.18989 0.706794 1.75036 -0.921291 0.640081 2.24858 -0.222541 -3.16748 -0.389222 0.965448 -0.232881 0.0123852 -1.33794 0.62347 0.238791 -0.126885 0.794513 -1.26714 0.230494 -0.743009 0.718452 0.0539801 0.381853 -0.391077 0.289121 
5.07796 -0.0541779 -0.634654 0.216829 -0.717349 -0.261743 -0.250598 0.204539 -0.0719421 -0.300476 -0.0205626 0.117281 -0.0868863 -0.887831 -0.889314 0.642557 1.58488 -0.574305 0.146041 2.07108 -0.10779 -3.03046 -0.0993352 0.959547 -0.473513 0.353025 -1.26979 0.767899 -0.33381 -0.0838316 1.32246 -1.81407 0.169064 -0.133876 0.845577 -0.255426 0.514199 -0.151202 0.432785 
5.00555 -0.0450408 -0.609039 0.227128 -0.726739 -0.269442 -0.17606 0.15536 -0.109213 -0.303622 0.00782163 0.0876203 -0.0675444 -1.10297 -0.615347 0.510862 1.31231 -0.0429688 -0.56024 1.96057 -0.331941 -2.43517 0.284002 0.908188 -0.758554 0.632076 -0.364031 0.561347 -0.689579 -0.28793 1.34509 -1.56694 -0.450437 0.679732 0.709699 0.16857 0.0808454 -0.11976 0.606182 
4.9958 -0.0628824 -0.60721 0.26601 -0.710604 -0.304139 -0.144327 0.163006 -0.143068 -0.330081 0.0426954 0.0901978 -0.0580807 -2.19525 -0.197407 0.146156 1.02509 1.11812 -1.75514 2.15888 -0.581311 -1.94773 1.11423 0.332459 -1.38735 0.910155 -0.441702 0.471538 -0.78836 -0.751362 1.53838 -1.37037 -0.515447 0.465775 0.674604 1.5058 -1.05021 -0.771919 0.708606 
4.95569 -0.0599867 -0.613643 0.294361 -0.671847 -0.338515 -0.150959 0.203479 -0.189105 -0.339665 0.0608678 0.0944475 -0.0427787 -5.2321 -0.0531425 1.69325 -0.151269 2.23291 -1.90485 1.10801 -0.848484 -1.95781 2.53119 -0.260399 -2.34098 1.44192 -3.34461 0.253932 1.15021 -1.70355 1.79072 -0.640082 -0.982026 -0.623259 0.332474 3.10967 -1.83684 -1.91387 0.809547 
4.93649 -0.0477526 -0.633772 0.30509 -0.661092 -0.388172 -0.094524 0.196231 -0.213294 -0.305237 0.0726985 0.0633137 -0.0164351 -7.31276 0.0819846 2.78111 -0.985581 2.88498 -1.61933 0.0494973 -1.26935 -1.84922 3.71021 -0.761147 -3.20306 1.78729 -6.24345 0.0694837 3.36741 -2.36531 1.80376 0.561175 -1.95684 -1.58932 -0.0219373 3.65377 -1.91002 -2.51793 0.694075 
4.94592 -0.0597345 -0.624068 0.276897 -0.635493 -0.409695 -0.0976637 0.178028 -0.202289 -0.239663 0.0521212 0.0147101 0.0243032 -7.17623 0.156182 2.54323 -2.18027 3.94942 -0.98979 -1.05958 -1.71436 -0.954703 3.89123 -1.19381 -3.41054 1.94574 -5.20049 0.0741589 3.0364 -2.62824 1.79359 1.81171 -2.62095 -1.81413 0.41668 1.87308 -0.991471 -1.66994 0.413453 
4.72072 -0.0278654 -0.661873 0.265622 -0.461007 -0.560783 -0.016042 0.129539 -0.22537 -0.0768244 -0.0805894 -0.104468 0.0538884 -4.3304 0.41277 1.20016 -3.66367 4.40602 -0.618195 -1.8382 -2.29802 0.545177 3.8583 -1.62753 -3.34271 1.77731 2.90283 0.112859 -0.561429 -2.60495 0.700892 2.46034 -2.74122 -1.13943 2.17742 -1.31501 0.389875 0.55131 -0.276718 
4.10168 -0.0591687 -0.212424 0.0817964 -0.388375 -0.433553 -0.238623 0.0595918 -0.340552 0.116465 -0.0776053 -0.251495 0.131648 -1.99101 0.47592 0.234217 -5.21298 3.7197 0.585233 -1.49882 -3.19728 1.78961 3.56746 -0.900095 -2.95431 1.15002 12.126 0.401835 -6.10558 -2.08214 -1.00856 1.85709 0.0882919 -0.593468 4.02106 -3.71199 1.63186 2.6908 -1.4438 
4.06766 -0.0406575 -0.206899 0.0839925 -0.383764 -0.397377 -0.268768 -0.0178749 -0.316296 0.160383 -0.0829501 -0.311881 0.137786 -1.26521 0.499421 -1.0818 -6.13562 2.22638 1.98725 -1.27144 -3.3601 2.47644 3.10378 0.107246 -2.48262 0.110461 11.9662 0.328337 -7.40367 -1.89576 -3.17922 1.59752 2.45702 -0.0593838 3.57493 -3.22436 2.52775 2.92594 -2.37647 
4.38854 -0.0280449 -0.467049 -0.0652774 -0.176271 -0.35629 -0.323412 -0.0489521 -0.139225 0.0161708 -0.0888383 -0.24854 0.167196 -0.599186 0.174349 -1.53653 -7.06581 -0.661543 4.02869 -0.32654 -3.16384 2.2972 1.90365 1.09133 -0.94563 -0.369672 2.92351 -0.334545 -2.93677 -1.28558 -6.47776 2.56641 3.84257 0.350857 0.179805 -0.997044 2.61035 2.21135 -2.20858 
4.98404 0.0126647 -0.733463 -0.220855 -0.181225 -0.43479 -0.352176 -0.0855133 0.0418833 0.0457766 -0.141651 -0.234091 0.124818 -0.158009 0.518137 -1.57344 -7.68211 -3.46227 5.69978 1.10582 -3.06535 2.82162 0.535901 1.58964 0.948274 -0.874984 -8.91504 -0.37519 3.32435 -0.538107 -7.24734 3.80574 3.87645 0.505382 -2.73819 0.105203 1.49196 1.89657 -0.985384 
4.86423 0.00103359 -0.672573 -0.39793 -0.350744 -0.224798 -0.156368 -0.234189 0.0581132 0.101721 0.067676 -0.237599 0.0463647 -1.15937 0.688219 -1.92619 -7.98216 -5.37887 5.65507 2.98613 -2.60405 2.9028 -0.394186 1.67077 2.37983 -1.51827 -12.9017 -0.0462424 6.40217 -0.20349 -5.14819 2.5231 1.8713 1.09774 -3.10389 -0.365391 -0.73994 2.14709 0.372255 
4.47808 0.00348067 -0.768393 -0.442687 -0.510975 -0.112346 -0.179091 -0.199969 0.0265559 0.178442 0.121183 -0.304036 -0.0497179 -4.02741 0.492349 -0.214478 -7.13184 -6.68897 4.89243 3.9061 -2.07815 1.71742 -0.801237 1.52547 2.81409 -1.46456 -7.30263 0.340542 5.20516 1.08508 -1.27011 -1.19567 1.12958 0.922911 -1.5833 -1.7822 -2.12187 2.15472 1.18978 
4.36773 -0.0830884 -0.566594 -0.642248 -0.832853 0.166125 -0.0772878 -0.202002 -0.105811 0.0808236 0.115658 -0.0984165 0.0554736 -6.17325 0.791378 2.00435 -5.1284 -7.21463 4.34862 4.77674 -1.50089 0.459068 -0.939596 0.948967 2.64642 -1.29553 0.61405 0.993599 1.3824 3.40477 3.28548 -4.89696 0.36845 0.945628 0.276979 -1.87901 -2.24226 0.118753 0.617377 
4.15754 0.0902698 -0.457478 -0.765369 -0.885993 0.239015 0.0528121 -0.303246 0.0832184 0.0534642 0.0306789 0.0111344 0.0162329 -5.6576 1.22602 2.83579 -2.9704 -6.67519 3.19614 4.73105 -0.932423 -0.213904 -1.44136 0.494082 2.51487 -0.682202 7.80564 0.586975 -1.4698 5.47985 4.00977 -5.7682 -0.389509 1.17147 -0.240121 -0.797518 -0.95476 -1.97573 0.435532 
3.88132 0.0445085 -0.447533 -0.932779 -0.945694 0.161102 0.100391 -0.272253 0.0726375 0.0326144 0.0869085 0.043627 -0.0572587 -3.20697 1.76514 2.99274 -1.1676 -4.70072 1.14388 3.85037 -0.436021 -0.0845746 -1.76104 -0.710729 2.29606 -0.278075 9.26794 0.841745 -1.48448 5.86939 3.42333 -3.35964 -0.906575 0.643239 -0.594371 0.341357 -0.217962 -2.56393 0.509537 
3.97859 0.0102427 -0.439642 -0.715005 -1.00603 0.00305452 0.167642 -0.269117 -0.0255246 -0.0508786 0.0684478 0.015107 -0.00799688 -0.281981 2.16271 2.78281 0.243546 -2.50373 -0.500472 3.4462 -0.406449 -0.313344 -1.27257 -0.590284 1.44307 -0.0280673 6.06248 1.03226 -0.910032 2.97853 2.79994 -0.667389 -1.84276 0.360772 -0.566462 1.68593 0.232996 -1.93416 0.333743 
4.17091 0.128181 -0.376576 -0.62867 -0.970096 0.121691 0.294555 -0.241621 0.00466983 -0.0804387 0.00383923 0.00676169 -0.0217503 1.65358 2.31604 1.64951 1.67055 -0.5273 -1.59651 2.4281 -0.0745178 -0.589029 -0.447026 -0.169687 -0.0739383 -0.301464 1.46942 0.192027 -0.192121 -0.256213 2.10703 0.376885 -2.31561 -0.0829484 -0.769726 1.99061 0.770847 -0.931742 0.284303 
4.46098 0.188528 -0.440653 -0.581608 -1.10977 0.0479333 0.274607 -0.260908 0.00991791 -0.0512312 0.0633022 0.0162744 0.0126763 3.61256 1.68103 0.853429 2.45448 0.75471 -1.62987 1.26417 0.432373 -1.64509 0.236149 0.494935 -1.33095 -0.0292533 -2.1438 -0.616156 -0.396798 -1.60076 2.93317 0.510558 -2.01086 0.0828446 -0.777802 1.76548 1.02138 -1.32135 -0.282459 
4.21847 0.217905 -0.269661 -0.60502 -0.978197 0.022169 0.251322 -0.286213 0.0213932 -0.0595678 -0.0201282 0.0426002 -0.0252803 4.79862 1.43112 0.199559 2.71205 2.4988 -0.682556 -0.364664 0.533699 -1.74027 0.831926 0.42294 -2.14371 -0.122909 -0.711258 -1.77125 -2.02371 -0.899357 2.77194 0.699052 -2.27825 0.763697 -1.16202 1.06071 1.28109 -2.06671 -0.460356 
4.29542 0.248365 -0.321541 -0.577629 -0.909909 -0.0241034 0.276562 -0.26725 -0.0935413 0.0462052 0.0799077 -0.0423839 -0.0032681 4.90611 0.849248 -0.729639 2.06747 3.56886 -0.0144813 -2.31499 0.552433 -1.20916 1.66333 0.753983 -2.52591 -0.671438 1.86687 -2.01891 -2.51703 0.66337 2.1537 1.17321 -3.11444 0.693958 0.0278994 0.161798 0.25509 -1.68435 -0.6692 
4.38855 0.246081 -0.344853 -0.562644 -0.904554 0.0225824 0.259719 -0.242701 -0.103737 0.0206905 0.0911198 -0.0765408 -0.0264241 4.58769 0.14235 -1.56158 1.94063 4.21709 -0.443976 -4.03859 0.570972 -0.31639 2.14868 0.211002 -2.36128 -0.598155 2.70566 -1.15916 -2.10389 0.967334 1.38284 0.896399 -3.61499 0.187893 2.10702 0.374694 -1.24061 -0.116681 -0.451663 
4.50996 0.217855 -0.40691 -0.503949 -0.774205 -0.026104 0.205708 -0.207102 -0.165945 0.0676847 0.151516 -0.211691 -0.0156883 4.95628 -0.501899 -1.95926 2.38611 4.4833 -0.677859 -4.9018 1.038 0.96851 2.12208 -0.871559 -2.12907 -0.220484 1.72218 -0.461072 -0.905507 0.722445 -0.570491 -0.517886 -3.03175 -0.12837 3.94976 0.362785 -2.65325 1.94256 0.387782 
4.61502 0.172669 -0.467832 -0.447065 -0.577597 0.079895 -0.00239536 -0.183214 -0.177046 0.0767497 0.0825506 -0.265885 -0.0758942 6.48278 -1.42119 -1.85889 2.80486 3.29632 -0.995675 -5.18697 1.13588 2.39647 1.59426 -1.28447 -1.59214 0.439838 -0.102409 -0.500687 1.35477 0.251272 -2.56485 -2.0867 -0.321598 -0.141634 4.3243 -0.328558 -2.60895 2.83699 1.62995 
4.80503 0.167481 -0.551683 -0.383765 -0.594382 0.0676965 -0.156043 -0.212595 -0.0723149 0.167539 0.125991 -0.268117 -0.12078 5.83521 -1.99636 -0.757701 2.74461 2.11107 -0.784937 -5.98297 1.6369 3.73205 0.418085 -1.7337 -0.403367 0.424932 -1.36567 -1.01938 2.92959 -0.17799 -3.54921 -1.64661 1.49204 0.827994 2.56856 -1.95846 -1.1556 2.44821 1.85968 
4.80788 0.209799 -0.56327 -0.389291 -0.536591 -0.0324883 -0.247531 -0.20165 0.104567 0.219125 -0.0596683 -0.173695 -0.0427845 4.15922 -2.04832 0.160227 2.63238 0.819409 -0.812236 -5.879 1.62118 4.08555 0.031505 -1.6153 0.38788 0.623784 -2.63313 -1.27865 3.30444 -0.337277 -3.66995 0.369576 1.81388 1.03191 -0.223949 -2.88389 1.42664 1.08635 0.552843 
4.94657 0.127927 -0.564446 -0.272703 -0.559654 -0.140766 -0.294872 -0.107031 0.197379 0.195586 -0.145832 -0.193568 0.0418071 1.9011 -1.85707 1.26054 1.96713 -0.343211 -0.489496 -4.92774 1.11441 3.88603 -0.384852 -1.53441 1.01809 0.656346 -4.68844 -0.19643 2.43965 -1.16433 -1.96899 2.23363 1.29181 -0.155796 -2.59041 -1.85317 2.73526 -0.0157593 -1.05133 
5.06737 -0.0163296 -0.406803 -0.249224 -0.645746 -0.135167 -0.272783 -0.141559 0.274761 0.102781 -0.090165 -0.179363 0.0853259 0.173491 -1.46667 1.78698 1.27991 -1.1424 -0.160513 -3.97906 0.882234 3.17824 -0.521931 -0.881795 0.785244 0.834456 -5.38581 1.59257 0.12713 -1.62422 0.141051 2.74021 0.358045 -1.14387 -3.32212 0.389246 1.939 -0.892927 -1.64517 
4.97859 -0.0182365 -0.361877 -0.256608 -0.693774 -0.0165982 -0.508232 0.0206905 0.303533 -0.0103861 -0.0333243 -0.0982179 -0.0178726 -0.627197 -1.37798 1.8964 0.8004 -1.06342 0.256669 -3.10881 1.17408 1.6649 -0.1235 -0.760268 0.145254 1.12611 -2.70213 1.99708 -1.53989 -1.42449 1.28231 0.916633 1.33471 -1.71838 -2.77405 2.8276 0.122667 -1.7071 -0.111254 
4.81532 0.015458 -0.365895 -0.216742 -0.734632 -0.027959 -0.504675 -0.0554678 0.272215 0.0670924 -0.0197604 -0.126574 0.00990341 -0.210201 -1.44492 1.76568 0.619253 -1.00133 0.26214 -2.57946 1.80224 0.218015 0.13068 -0.219885 -0.226144 1.1314 1.73254 0.814678 -1.67194 -0.76324 1.60296 -1.15005 1.50844 0.413014 -1.64043 2.57488 -1.44517 -1.25587 1.40463 
4.68335 0.0208867 -0.302247 -0.283504 -0.665247 0.000229545 -0.46711 -0.155975 0.238145 0.0967634 -0.0680717 -0.145185 0.000568644 -0.244957 -0.995163 1.42472 0.563115 -0.81614 -0.255632 -1.63448 1.94636 -0.58511 0.34961 -0.203445 0.188464 0.79371 4.90279 -0.722719 -1.04805 0.85778 0.340211 -2.69725 1.64009 2.60855 -0.762597 0.696722 -1.16304 0.0429106 1.52486 
4.73792 0.0496594 -0.357493 -0.292582 -0.677498 0.0570602 -0.581949 -0.110142 0.274306 0.126858 -0.0404318 -0.209172 0.030284 0.255993 -0.918342 0.890043 1.35212 -0.650068 -1.24989 -0.757076 2.29279 -0.834365 -0.0713879 -0.396014 0.893405 0.260398 4.12548 -1.62087 0.376318 2.06277 -0.772871 -2.9992 2.01744 2.59675 -0.134761 -2.07523 -0.0915778 2.23525 -0.290773 
4.89532 -0.0113364 -0.373241 -0.258917 -0.679539 -0.0325976 -0.538339 0.0152431 0.196859 0.264198 -0.134985 -0.242585 0.145421 0.983067 -1.24156 0.532228 2.44919 -0.0837947 -2.52446 0.123225 2.58172 -1.16868 -1.05725 -0.197376 1.37067 0.0715437 0.242401 -0.866202 0.521741 2.70639 -0.533045 -1.98313 1.07179 1.16108 0.248642 -4.37417 1.40375 3.27593 -2.59611 
5.0323 -0.0897577 -0.304815 -0.216414 -0.688267 -0.148401 -0.565494 0.185663 0.176036 0.16151 -0.138955 -0.166822 0.185266 0.916756 -1.41212 0.362181 3.37079 0.422904 -3.27204 0.389791 3.29931 -1.76354 -2.29218 0.462573 1.61125 -0.581384 -3.52296 0.340458 -0.25557 2.51149 0.695656 -0.801901 0.787035 -1.12345 -0.449269 -3.63211 2.07144 1.65519 -3.07912 
4.97261 -0.0777926 -0.281175 -0.136417 -0.7532 -0.208005 -0.449585 0.150536 0.17796 0.0867088 -0.104103 -0.0630252 0.0785375 -0.341913 -0.993001 -0.0328802 4.01417 0.833706 -3.759 0.61756 3.08589 -1.92233 -2.93232 0.910005 1.69273 -0.781653 -4.85106 1.2506 -1.04974 1.02719 2.29264 0.181218 -0.248836 -1.79691 -1.05122 -1.43354 1.49846 -0.943263 -1.25848 
4.97437 -0.140584 -0.25761 -0.00764711 -0.783303 -0.235659 -0.45782 0.170885 0.218761 -0.0769545 -0.0597593 0.0620678 -0.0457767 -2.75025 -0.210746 0.127882 3.3715 1.30579 -3.08207 1.03611 1.52136 -1.57302 -3.12345 1.20038 1.5668 -1.28671 -4.72857 2.19533 -1.21281 -1.49162 2.36945 1.3466 -0.529187 -2.27598 -0.661515 1.60085 0.427008 -2.98593 1.00084 
4.88684 -0.1274 -0.333739 0.106284 -0.631551 -0.336457 -0.525443 0.269149 0.106113 -0.170299 -0.0100229 0.0513006 -0.0359566 -5.43513 0.924314 0.192367 1.64979 1.81712 -1.35932 0.957271 -0.852176 -0.886495 -2.51048 1.70078 0.860065 -1.77421 -3.86716 2.31259 0.0220882 -4.33572 0.863301 2.96243 0.225106 -3.71169 1.03085 3.74675 -0.62844 -2.88651 1.62208 
4.75435 -0.114622 -0.324689 0.160521 -0.58286 -0.403242 -0.447731 0.27618 -0.0371488 -0.159377 0.0542895 -0.0516348 -0.0532975 -8.19043 1.78677 0.15366 -0.955214 2.80622 -0.0318614 1.18593 -2.81138 -0.937895 -1.14427 1.6456 0.108017 -1.92296 -3.62693 1.8545 1.09901 -6.5036 0.0956883 3.88709 0.456901 -4.54824 2.30934 3.46103 -0.87401 -0.93949 0.48643 
4.60427 -0.0334138 -0.366623 0.145418 -0.528033 -0.42055 -0.446751 0.202499 0.0258459 -0.144776 0.00610877 -0.0443206 0.0162909 -10.3457 1.92356 0.796601 -3.38983 3.13998 0.667104 1.65183 -3.74285 -1.72797 -0.297142 1.41522 -0.15519 -1.06139 -3.87659 0.440525 1.93739 -6.37838 -0.327464 3.03851 1.30942 -3.72627 0.609517 1.86715 -0.249774 0.847967 -0.720821 
4.42906 0.038365 -0.307408 -0.00210066 -0.547794 -0.26296 -0.431529 0.0548435 0.133865 -0.122579 0.0337022 -0.0523459 -0.0466399 -11.9936 1.70888 1.46226 -5.02509 2.87266 1.32501 2.55435 -3.89385 -1.73421 0.924092 1.02001 -0.114131 -0.168733 -3.24527 -1.46168 1.70024 -3.37781 -0.0989772 0.410054 1.68695 -0.223964 -1.70446 0.292772 -0.0898423 1.79415 0.0482038 
4.22814 0.09497 -0.263711 -0.190164 -0.493308 -0.13834 -0.403435 -0.151991 0.146897 -0.014006 0.0770989 -0.0943528 -0.0911991 -11.9411 0.921996 1.72293 -5.46995 3.14988 2.72924 3.26989 -3.94225 -1.52191 1.1111 0.527905 0.420281 -0.166927 -0.906742 -2.70133 0.491432 1.0194 0.641696 -0.958852 1.6606 3.32036 -2.75681 -1.01091 -0.47942 1.61196 1.2571 
3.88634 0.114391 -0.246378 -0.427464 -0.325264 -0.173941 -0.336444 -0.215604 0.0273737 -0.0325908 0.0857802 -0.0352099 -0.180802 -9.55858 0.878449 1.37551 -5.62814 2.6892 2.70659 2.68366 -3.32008 -1.05868 0.957763 0.0302783 0.680344 0.0898051 4.42569 -1.94401 -0.894647 3.97264 -0.366574 -0.760195 0.260419 4.16946 -0.677327 -0.862319 -1.02552 0.20797 1.93523 
3.61287 0.0624338 -0.129782 -0.480133 -0.389621 -0.221646 -0.192714 -0.229407 -0.173637 -0.108196 0.102133 0.0441399 -0.059585 -4.59381 0.97329 0.0240369 -4.61939 1.74955 2.32368 1.80258 -2.33158 -0.244703 0.197 -0.50983 0.690521 -0.207878 11.1674 0.496135 -3.3074 4.10797 -1.20472 0.161991 -2.53945 2.59126 3.44912 -0.70309 -1.69835 -0.926762 0.406231 
3.45948 -0.00234213 -0.109897 -0.446219 -0.384064 -0.175718 -0.135252 -0.094147 -0.0675019 0.0114051 0.0776342 0.0432011 0.0203862 1.75774 1.18331 -2.39607 -2.76761 1.09162 1.20511 0.756387 -0.555657 0.695823 -0.244015 -0.804326 0.397399 -0.157132 16.0388 2.6611 -5.20205 2.499 -2.22429 -0.182872 -4.23317 0.545107 4.93756 -1.03235 -1.12457 -1.48836 -1.54022 
3.50411 -0.0480413 -0.19778 -0.387031 -0.118016 0.0535039 -0.0931181 -0.155103 -0.125234 -0.0613976 0.0434133 0.0367298 -0.0614727 7.83646 1.14154 -4.55099 -0.476549 0.23756 0.678412 -0.202023 1.1291 1.43374 -1.17773 -0.849732 0.0326389 -0.00503683 15.5824 2.66823 -5.52197 1.60774 -3.15287 -1.86895 -3.82785 0.672 3.79276 -1.07047 0.0663021 -1.27591 -1.57363 
3.82843 0.144449 -0.239682 -0.552624 -0.325859 -0.104929 -0.242858 -0.191791 -0.00769089 -0.0259144 0.00565613 -0.0247333 -0.0139402 13.1271 0.928705 -6.16146 1.31112 -0.571551 1.18145 -1.16331 2.09472 1.95892 -1.80854 -1.2692 -0.656816 0.424627 9.41802 -0.264829 -4.08701 2.49729 -1.28015 -1.10784 -1.16159 2.08202 -0.0700797 -1.71033 0.613071 -0.482844 -0.362977 
4.37502 0.231035 -0.478494 -0.493415 -0.430044 -0.0536295 -0.343066 -0.224229 0.230622 -0.155327 -0.081435 0.0224561 -0.125364 15.8852 0.906911 -7.02384 1.73677 -0.775681 1.19553 -1.31546 2.8811 1.47676 -2.06025 -1.44176 -1.28462 0.37925 0.410324 -2.80421 -0.311614 2.38011 0.277722 -0.0122586 1.86133 3.11501 -4.36871 -1.02298 0.667378 -0.477843 1.98957 
4.81448 0.244733 -0.731688 -0.427261 -0.389942 -0.12851 -0.3594 -0.0603748 0.250459 -0.0926295 0.00626316 -0.0439886 -0.143259 16.4085 0.485229 -6.57969 1.74088 -1.61785 0.886745 -0.725056 3.40798 0.107528 -2.63146 -1.28993 -1.17909 0.490442 -6.21874 -3.36542 3.35465 0.882727 0.560114 1.47534 3.24179 2.19184 -5.26044 -0.460762 -0.333528 -0.0741417 2.4113 
5.01784 0.161601 -0.830675 -0.276211 -0.37975 -0.104516 -0.334645 0.0356834 0.120936 -0.230515 0.0340823 -0.0517835 -0.0791451 14.3427 -0.27417 -5.25128 1.74909 -2.2065 0.563229 -0.0540148 4.16105 -0.747294 -2.30123 -1.11888 -1.00291 1.09678 -8.29122 -1.73792 4.98034 -1.47971 0.113666 1.36589 2.66453 0.239749 -3.31008 0.68462 -0.756359 0.295621 1.11211 
5.21916 0.0788848 -0.879999 -0.235507 -0.394609 0.0367523 -0.346262 0.109653 0.0482282 -0.317487 -0.113584 -0.080308 0.0378197 10.5562 -1.34666 -3.58706 1.82055 -1.12618 0.841473 1.13172 4.35197 -2.04906 -1.83931 -1.04829 -0.643982 1.39407 -7.30988 0.39073 4.60436 -2.69416 -0.663696 -0.826021 1.1952 -1.17357 -0.175241 1.85392 0.0163975 0.807122 -0.44041 
5.26104 0.0983491 -0.868717 -0.290725 -0.428745 0.00278841 -0.213423 0.20977 -0.0788686 -0.275352 -0.110381 -0.135312 0.0633183 6.6117 -1.81518 -1.19882 1.01379 -0.874895 0.789091 1.13282 4.24288 -3.028 -0.996487 -1.04191 -0.602423 2.00532 -4.84717 0.707528 2.91849 -1.67825 0.00796041 -1.20612 -1.02125 -1.60635 1.92008 1.78034 0.360929 1.11008 -1.01094 
5.38785 0.0593127 -0.843413 -0.296088 -0.533678 0.0258855 -0.176691 0.268492 -0.0759322 -0.321411 -0.0987614 -0.0761929 0.0119688 3.6157 -1.56836 0.318995 0.536566 -0.997689 0.656238 0.597289 3.48171 -2.45067 -0.790928 -1.29106 -0.204481 1.89738 -3.60652 0.528285 1.25926 -0.224782 1.19684 -1.30649 -2.25863 -1.05192 1.76008 1.43951 0.527785 0.416989 -0.211082 
5.37604 0.055073 -0.825614 -0.291444 -0.513259 0.026676 -0.224354 0.28044 -0.0555734 -0.298855 -0.113559 -0.0874399 0.0536812 1.62702 -1.0216 0.928981 0.336598 -0.798143 -0.39305 0.252682 2.81998 -1.36636 -0.146962 -0.974147 0.0804716 1.32562 -2.73873 0.178571 0.315664 1.03392 1.14802 -1.06478 -1.88479 -0.631598 1.00203 0.1223 0.326369 0.145344 0.137894 
5.36924 0.0482769 -0.810735 -0.310922 -0.460875 -0.0588134 -0.170622 0.309745 -0.0921614 -0.252496 -0.143696 -0.0663226 0.0870649 0.44026 -1.07325 1.47376 0.686586 -0.420977 -1.19965 -0.526079 2.35203 -0.68913 0.00277723 -0.354378 0.397964 0.921266 -1.64668 -0.134145 0.0757067 1.43651 0.451781 -0.570513 -1.37257 -0.438233 0.776398 -0.765944 0.255637 0.00698683 -0.0718344 
5.3906 -0.0172606 -0.730591 -0.30446 -0.494046 0.0284918 -0.298984 0.396812 -0.150117 -0.249398 -0.159328 -0.0945999 0.143273 -0.55139 -1.21183 1.68242 1.63249 -0.16148 -1.91047 -1.03019 1.58464 0.0427537 0.131172 -0.23455 0.776689 0.780413 -1.24693 0.0157777 0.0533891 1.51718 -0.0393851 -1.59816 0.35204 -0.977037 0.942999 -0.457688 0.65655 0.468838 -0.846087 
5.33504 0.0129113 -0.77241 -0.234046 -0.49938 -0.0223949 -0.321911 0.421492 -0.0945477 -0.302819 -0.155594 -0.0819573 0.14206 -1.83813 -1.17898 2.23851 2.46422 -0.697968 -2.39952 -1.12651 0.83135 0.783469 0.467343 0.0933537 0.966746 0.169868 -1.02779 -0.313068 0.99888 1.41335 -1.07117 -1.45091 0.812844 -1.61302 1.32639 0.447876 0.838856 0.970277 -1.5496 
5.27756 0.0162456 -0.756354 -0.182582 -0.486257 -0.150095 -0.248474 0.402965 -0.0738895 -0.308462 -0.142239 -0.0532523 0.115328 -3.04912 -1.30198 3.29354 2.80231 -1.42239 -2.55748 -1.20061 0.444575 1.15784 0.501301 0.65716 1.14329 -0.548229 -1.88957 -0.361526 2.11229 0.859719 -1.66889 -0.460018 0.116464 -1.53659 1.25249 1.17687 0.892058 0.708422 -1.497 
5.3396 -0.0865672 -0.655089 -0.172736 -0.478671 -0.124813 -0.360225 0.447173 -0.0948448 -0.313621 -0.138426 -0.0376896 0.141686 -5.69685 -0.96642 4.64388 2.87947 -1.9368 -2.4138 -1.41118 -0.570429 1.45597 0.45236 1.05762 1.31014 -0.986234 -4.50029 0.45338 2.8999 0.0432515 -1.74731 0.346078 -0.139871 -1.59641 0.723426 0.99316 0.799763 0.296373 -1.18806 
5.21717 -0.0669431 -0.633565 -0.0487667 -0.514244 -0.282524 -0.283438 0.382722 -0.0442411 -0.231018 -0.121956 0.0167976 0.116562 -9.744 -0.704165 5.80613 2.06825 -1.19216 -2.16065 -1.25337 -1.84779 0.964065 0.830129 1.51967 1.22647 -1.08797 -7.54877 0.725268 3.26641 -1.73561 -0.0287594 1.98077 -1.10065 -1.47427 -0.877155 0.0699789 0.740768 -0.592598 -0.110634 
5.09055 -0.0848736 -0.499203 0.0383955 -0.70048 -0.264448 -0.331831 0.329367 0.0937205 -0.210125 -0.0760328 0.0626622 -0.0130487 -14.7263 -1.04253 6.66704 0.583815 -0.513226 -1.88254 -0.953644 -2.94762 0.365246 1.18812 1.66913 0.96028 -0.552181 -10.7574 0.533501 1.7977 -3.46524 2.82448 1.44991 -0.19847 -1.85685 -2.33669 -0.416123 0.329448 -1.08122 1.60591 
4.90836 -0.120849 -0.313721 0.0039719 -0.684232 -0.277355 -0.401793 0.377493 0.0416111 -0.211798 -0.0229948 0.0348786 0.00515851 -18.9664 -1.71725 6.27938 -0.63531 1.51149 -1.10879 -0.764648 -4.24319 0.204129 1.8388 1.4025 0.109343 -0.348898 -10.9282 -0.801797 -0.952537 -3.77345 5.1637 0.786403 1.17579 -2.78012 -1.97077 0.409887 -0.490824 -1.42558 1.87733 
4.44406 -0.0459475 -0.129718 0.00794782 -0.694889 -0.278744 -0.432608 0.23275 0.0264881 -0.233314 -0.0263923 0.0742821 0.0213385 -19.8095 -2.2956 4.07778 -2.74997 3.63967 -0.149781 -0.41134 -5.01571 0.290479 1.72811 1.42026 -0.742751 -0.0629788 -4.09906 -2.64706 -4.82744 -3.88084 5.91405 0.893881 1.54917 -2.0016 -0.300732 0.944488 -0.737743 -1.84332 1.25727 
3.8697 -0.0810341 -0.0213653 -0.11495 -0.491014 -0.22087 -0.459744 0.118608 -0.104769 -0.1682 0.0484676 0.0256854 0.0555899 -15.5472 -2.28343 1.82135 -4.7633 4.63134 1.49711 -1.37936 -5.25645 -0.0761407 2.03823 1.32594 -1.33411 0.311417 8.67313 -1.9889 -7.38187 -2.82721 3.0267 1.56282 0.344312 -0.667035 1.68968 1.13974 -0.757989 -1.36644 -0.104114 
3.23433 -0.181595 0.000461967 -0.242342 -0.473514 -0.364275 -0.33609 0.0063737 -0.0622059 -0.155944 0.0379001 0.0384033 0.136843 -10.5256 -2.43073 -0.472254 -5.62838 4.78604 3.36174 -0.823845 -5.22153 -0.160222 2.70186 0.768245 -1.44743 0.260259 19.884 -0.143431 -6.65365 -1.33521 -1.03519 4.29339 -1.3555 1.1253 1.84423 1.0297 -0.477772 -0.461661 -1.56559 
2.95026 -0.344481 -0.076643 -0.248501 -0.125267 -0.274949 -0.344391 -0.171023 -0.000264092 0.00736918 -0.0214813 -0.0903353 0.0536243 -4.47808 -2.11294 -0.715655 -5.30091 3.31724 4.5127 0.167017 -4.998 0.0512722 2.32959 0.236908 -1.23515 -0.640144 21.9261 2.31059 -1.52902 0.376427 -5.80438 4.46904 -0.781399 2.50456 0.18027 -0.536599 -0.297905 1.10745 -1.75104 
3.27519 -0.413908 -0.376257 -0.540329 -0.0222759 -0.132148 -0.400729 -0.165229 0.0593505 -0.0983745 0.0664521 -0.1286 0.0855906 2.80613 -0.928375 -0.636392 -4.5304 0.929625 3.66915 1.34377 -3.14024 -0.334776 2.18026 0.226859 -1.1428 -1.10034 13.7841 4.0591 4.68095 3.28646 -8.00739 0.827359 1.9813 2.8403 -1.74162 -0.889747 -0.579516 1.81531 -1.56939 
3.97337 -0.245296 -0.42152 -0.61674 -0.199888 0.012707 -0.629435 -0.229593 0.00561239 0.0658011 0.0858349 -0.101707 0.0673279 8.43798 1.48372 -0.551572 -3.875 -2.10723 3.44707 1.61177 -1.63388 0.246665 1.7311 0.226375 -0.935369 -1.31768 1.73799 4.18497 6.36599 3.53848 -6.36338 -3.27423 4.25198 3.07736 -1.57008 -1.67671 -0.190428 0.975683 -0.490514 
3.97469 -0.349378 -0.399328 -0.595639 -0.294971 0.298661 -0.411839 -0.249305 0.0381066 0.145779 0.00547133 -0.066311 -0.0262456 11.9299 3.77838 -0.607895 -3.19044 -4.13777 3.80174 1.39165 -0.203046 0.272215 1.36376 0.430118 -0.948506 -1.41561 -3.74831 4.53499 2.81363 1.86439 -3.37982 -5.47473 2.34994 2.77776 -0.0368133 -1.53858 0.566455 -0.427744 0.95973 
4.07882 -0.281303 0.00383055 -0.543174 -0.413233 0.242945 -0.27461 -0.293466 -0.0398647 -0.0451126 -0.0134871 -0.0630158 -0.112245 12.1866 5.04881 -0.49849 -2.73044 -5.98971 3.33967 0.88063 1.16877 0.749609 0.731669 0.434885 -0.667529 -1.25717 -3.72076 2.92997 -3.92491 -0.475301 0.218134 -2.34585 -1.99589 2.17544 2.28351 0.0588455 0.761148 -1.36628 1.39884 
4.3628 -0.0687445 -0.0215984 -0.534776 -0.591434 -0.112699 -0.126379 -0.100773 -0.15751 0.0539652 0.0661738 -0.0896907 -0.0497507 9.36332 4.35489 -0.0594602 -1.00121 -5.0224 1.33301 1.90296 1.55042 0.604594 1.08822 -0.574332 -0.944909 -0.876662 -2.37139 -1.03227 -6.19819 -0.982791 3.21944 1.32349 -3.81011 0.470484 2.76755 0.415624 -0.550167 -1.08824 1.08669 
4.39369 0.157536 -0.177182 -0.70321 -0.717225 0.085568 -0.246197 -0.127263 0.053486 0.0723452 0.0951043 -0.141318 -0.0229904 7.83004 3.14333 -1.41107 -0.553508 -3.03977 -0.204534 1.92336 2.22033 1.08373 0.723374 -1.09763 -1.25363 0.12245 -0.212076 -4.7922 -3.86044 1.14396 4.83091 0.635051 -2.17946 -0.232288 0.617458 0.910019 -2.15246 -0.124907 0.852741 
4.56405 0.222908 -0.359774 -0.720087 -0.726072 0.248489 -0.287704 -0.0934681 0.0853347 0.0878236 0.0829601 -0.189613 -0.0470359 6.62731 2.19205 -2.81895 0.213247 -1.6126 -1.00402 0.295214 2.50096 1.0026 0.40834 -1.45908 -1.19775 1.3216 -2.0232 -6.28704 0.0851145 3.15629 4.59864 -1.68594 0.552624 -0.334661 -1.33361 -0.0337233 -2.71441 0.81815 1.36501 
4.72308 0.168534 -0.430229 -0.768273 -0.762062 0.3409 -0.471986 -0.0209482 0.192617 0.0703194 0.0550486 -0.185807 -0.110163 5.23625 0.500727 -3.59471 1.23834 -0.074912 -0.886909 -1.00173 2.82887 1.27429 0.154713 -1.6012 -0.242092 1.39913 -3.08875 -3.99648 2.94124 3.914 2.90119 -3.68254 1.23771 0.186311 -2.34544 -1.55517 -1.19389 1.76794 1.46145 
4.68033 -0.0314091 -0.359114 -0.57475 -0.564698 0.019391 -0.112247 -0.0535764 0.0232936 0.169905 -0.119933 -0.220526 -0.0123753 3.10577 -1.44697 -2.21094 2.7162 0.815314 -1.54136 -1.67461 2.93726 1.07282 -1.48848 -1.5312 0.697355 0.925465 -3.53508 -0.440926 2.80555 2.54587 -0.387555 -2.58631 -1.67391 1.46806 -0.862313 -3.1011 1.70409 2.41178 0.109978 
5.0292 0.00422971 -0.502875 -0.611908 -0.549461 0.0317516 -0.23427 0.0406077 0.110704 0.16237 -0.132984 -0.213077 0.0858178 1.32867 -2.67182 -0.609805 4.93791 1.34259 -4.6869 -1.76816 3.8708 -0.145613 -2.3268 -1.10408 1.68579 0.952837 -5.23269 0.819227 2.77074 2.18533 -1.66274 -2.20377 -2.9138 1.62382 0.024345 -3.38929 2.98206 2.35092 -1.52465 
4.67762 -0.0369309 -0.492018 -0.454525 -0.598108 0.0761737 -0.31891 0.0752036 0.0506453 0.0347889 -0.166609 -0.176663 0.158713 -1.29902 -3.12549 0.646767 6.41924 1.91982 -5.72292 -1.6542 3.39914 -1.40758 -3.02793 -0.364927 2.07608 1.20477 -3.68447 0.256101 2.00575 2.05914 -0.453907 -2.26602 -1.63667 0.644013 -0.763318 -1.83611 2.75015 1.13518 -1.84004 
4.80494 -0.0397487 -0.379351 -0.375762 -0.551181 -0.0362545 -0.430472 0.187862 0.109493 -0.0575848 -0.0744318 -0.014702 0.018119 -5.16349 -2.52467 1.54397 6.84579 2.14822 -5.57599 -0.330523 2.5472 -2.29275 -3.2734 0.95016 1.93164 0.87047 -5.29425 -0.429042 1.07066 1.47935 1.08271 -1.09566 2.01921 -1.65553 -2.26235 0.475211 1.50266 -1.06122 -0.438319 
4.69749 -0.111528 -0.338423 -0.273185 -0.629271 -0.243228 -0.450651 0.297474 0.106512 -0.217203 -0.0176814 -0.00997181 -0.00108641 -8.4798 -2.57461 2.13096 5.99315 2.81855 -4.53123 -0.429908 1.56679 -2.19173 -3.19609 2.04709 1.73822 -0.062804 -6.64036 -0.826032 0.579 -0.277989 3.37328 1.30861 4.85595 -3.99386 -2.65831 2.68195 0.334784 -2.18645 0.423453 
4.58553 -0.154071 -0.33786 -0.0302214 -0.551266 -0.542989 -0.535117 0.410631 0.0359238 -0.182853 -0.029025 0.0488796 0.0738435 -12.2835 -4.27597 2.24373 4.08193 3.90581 -4.27295 0.262718 0.617834 -2.74846 -2.65901 2.04492 1.71422 -0.122618 -7.02532 -1.61509 -0.374943 -4.66567 3.17446 4.36871 3.6605 -4.12442 -0.864991 2.37217 -0.0202898 -1.7022 0.310002 
4.38995 -0.265457 -0.308586 0.121366 -0.371498 -0.371013 -0.435652 0.220293 -0.190347 -0.230737 -0.0109806 -0.00147802 0.127431 -11.1426 -4.5868 2.10305 1.17712 4.25299 -3.38105 0.164465 -0.747126 -2.32975 -1.55684 1.18096 0.972232 0.376349 -3.32644 -1.73362 -0.527402 -7.76435 0.916296 3.55825 -0.333941 -2.1401 1.90198 1.5092 -1.1793 -0.379232 0.155176 
3.86686 -0.189298 -0.20304 0.0849103 -0.361215 -0.393073 -0.128705 0.16987 -0.196918 -0.21194 0.121663 -0.0398344 0.0485369 -8.54214 -3.5599 2.09106 -0.553671 4.05448 -1.42585 0.321801 -1.9027 -1.68008 -0.902549 0.332487 0.489257 1.03298 6.99617 -0.357373 -0.470216 -7.03747 -1.20105 2.24812 -4.33359 -0.169441 3.4447 0.344766 -2.36764 0.84153 0.567691 
3.63083 -0.387073 -0.153338 0.0265944 -0.114529 -0.44452 -0.214366 0.112937 -0.155034 -0.184304 0.111688 -0.0193918 0.00159445 -5.79875 -2.61001 2.3181 -1.41601 4.01281 0.587812 0.780305 -2.49765 -0.891404 -0.125591 0.0252257 0.504177 0.972935 13.1767 2.7533 0.0250058 -2.41612 -3.27387 1.63125 -3.24128 0.810983 2.83235 -0.115527 -2.12454 0.60854 1.04469 
3.28934 -0.6889 -0.291567 -0.281239 -0.0951197 -0.435609 -0.401632 0.195057 -0.194731 -0.257501 0.0698005 0.107967 0.125664 -3.88058 -2.769 1.32191 -2.05915 3.47128 2.025 1.89952 -1.9491 0.058068 -0.0939291 -0.436887 -0.0156811 0.29119 12.4028 4.29127 0.0457197 3.75169 -2.33052 1.68615 1.62746 0.912168 1.34689 0.4609 -0.948606 -0.797678 -0.233544 
3.74167 -0.550188 -0.15834 -0.40981 -0.181792 -0.406406 -0.519169 0.0354839 -0.114641 -0.213661 -0.0818995 0.00128184 0.177128 -2.28371 -2.53052 0.0115471 -2.84248 1.57474 2.64774 1.74125 -0.716961 0.725022 0.357475 -1.0535 0.0458727 0.170544 2.11454 1.66881 -1.8807 5.05352 -1.24738 2.55586 5.45225 1.52732 -0.728104 0.665668 0.688214 -1.13145 -1.4554 
4.22415 -0.302911 -0.0536073 -0.262509 -0.165486 -0.305647 -0.420697 0.0433041 -0.0381613 -0.260162 -0.0232264 0.0741071 0.148253 0.298129 -2.61449 -1.00887 -2.35831 -0.0358305 3.21892 2.21868 -0.513955 0.146332 0.680889 -1.85846 -0.0300775 0.560005 -7.07347 -2.28405 -3.51279 1.7019 -1.7038 1.34727 5.30613 1.49932 -1.91291 1.16869 0.387951 -1.14094 -1.33117 
3.98736 -0.385133 -0.0250782 -0.0958463 -0.0767798 -0.245951 -0.231399 0.0346635 -0.0991747 -0.187766 0.0327011 0.0588217 0.14221 2.88302 -1.11717 -1.00646 -1.74749 -1.73286 2.38148 3.12287 -0.250654 0.0919279 1.21236 -1.42577 -0.424466 0.108128 -4.69554 -2.69534 -2.84016 -2.4541 -2.749 -1.23939 0.717086 0.834158 -1.28546 1.02607 -0.378927 -0.303085 -0.477148 
3.71097 -0.65898 -0.293478 -0.0992883 0.0144676 -0.183778 0.0087695 0.145225 -0.107415 -0.207113 -0.0501666 -0.0624046 0.0418152 4.85815 0.438632 -0.903065 -0.798718 -2.3771 1.26576 3.38363 0.452123 -0.0427899 1.77449 -0.767347 -0.790199 -0.511091 3.83983 1.31879 0.430717 -3.49424 -3.54407 -3.67032 -3.82256 0.186795 -0.296783 0.845787 0.070215 0.742658 0.73626 
3.52397 -0.643292 -0.36149 -0.394568 -0.260857 0.0021754 -0.0901622 0.136612 -0.143291 -0.142592 -0.0827338 -0.00372408 0.0991531 4.49471 1.66274 -1.64956 -0.0823978 -2.95686 0.54643 1.36984 1.53696 0.306588 1.68235 -0.0916695 -0.71252 -0.647555 11.0769 6.11008 2.7466 0.584785 -1.57437 -4.59854 -5.87186 0.341982 1.6191 0.174185 1.01876 0.146325 0.307472 
3.7493 -0.706979 -0.331504 -0.358261 -0.341473 -0.0893935 0.05567 0.0487467 -0.216667 -0.10467 -0.165802 0.011696 0.166023 6.83641 3.23308 -2.50817 -0.358084 -3.85806 -0.493294 -0.444644 2.06129 0.3885 1.9848 -0.116272 -1.20676 -0.289444 10.445 8.02955 1.40919 3.57283 0.280108 -2.49122 -5.51459 1.79444 2.26047 -0.367967 2.00639 -0.462598 -0.273601 
4.24376 -0.517237 -0.213456 -0.400938 -0.368435 -0.343571 -0.0984939 0.0839624 -0.0839622 -0.0446338 -0.0609002 -0.0166746 0.0639541 10.6466 5.46436 -2.84451 -0.170479 -4.22702 -1.23126 -2.14334 2.49361 1.18602 1.57306 -0.1728 -1.00224 -0.243128 3.4281 4.89852 -1.99121 4.04224 1.19027 0.844302 -2.48039 2.0717 1.23526 -0.805394 0.776575 -0.758279 -0.0304952 
4.48058 -0.337382 -0.252944 -0.365016 -0.415399 -0.336454 -0.144725 0.243521 -0.128156 -0.0296891 -0.0376393 -0.0292741 0.084651 12.7142 6.77361 -2.63285 0.931683 -4.17205 -1.33251 -2.8885 2.61212 1.86118 0.922075 0.232861 -0.703802 -0.113426 -1.82766 -0.0382267 -3.83855 1.82213 0.861564 2.42692 0.735193 0.889256 0.73399 -1.36034 -0.661721 -0.40165 -0.0371881 
4.53524 -0.0305976 -0.317532 -0.13624 -0.498758 -0.221479 -0.461866 0.269031 0.0492085 -0.0631048 -0.0182978 -0.0800893 0.0710164 12.3833 5.94633 -2.9601 1.96958 -3.1771 -0.374259 -2.3659 2.74011 1.90055 -0.0165334 0.164717 -0.81763 -0.466581 -3.96992 -4.65703 -2.32335 -1.46781 0.230011 2.7184 3.48902 -0.709582 -0.772571 -1.5433 -1.38755 0.758945 0.139467 
4.95759 0.0471443 -0.518585 -0.187278 -0.57169 -0.28455 -0.280178 0.346866 -0.0567851 0.0293413 -0.0257674 -0.136728 0.116669 9.73383 4.45468 -3.36725 1.67282 -2.81676 1.66681 -2.03492 2.41178 1.47508 -0.88306 0.0459733 -0.429875 -0.547327 -5.41266 -6.56879 0.956524 -1.84244 0.597169 2.76391 3.05006 -2.157 -1.11239 -2.10595 -1.08107 1.51696 -0.210027 
5.02558 0.0526174 -0.608995 -0.199949 -0.556485 -0.304594 -0.314573 0.391933 0.0409804 -0.0303301 -0.0930571 -0.08757 0.0596991 6.67268 2.13098 -3.40174 1.12004 -2.2388 3.12771 -0.720184 1.51241 0.525127 -1.60916 -0.444822 0.231568 -0.271935 -4.96445 -5.23737 3.03375 -1.65793 0.996187 2.43568 1.51361 -2.36843 -1.70991 -1.58173 0.0964298 1.41529 -0.232601 
5.0863 0.013768 -0.646502 -0.163998 -0.659134 -0.219774 -0.286282 0.411437 0.106442 -0.123178 -0.0648766 -0.0854049 0.0659606 4.39073 0.404165 -2.61006 0.259636 -1.60319 3.25366 0.350731 0.322099 0.0248038 -1.85899 -0.453956 0.706338 -0.414874 -4.6074 -2.26882 2.87816 -1.02812 1.59915 1.38166 0.358283 -1.93151 -2.07153 -0.38139 0.497283 1.02725 0.0056664 
5.10689 -0.0783299 -0.601087 -0.1928 -0.683788 -0.0260684 -0.283271 0.3698 0.00919911 -0.154754 -0.104138 -0.0729947 0.0516776 2.30697 -0.801827 -1.63727 -0.538356 -0.703421 3.03094 1.19958 -0.402421 -0.398493 -2.00471 -0.570472 1.11593 -0.17874 -3.58897 0.837339 1.36734 -0.208538 1.79306 -0.969938 -0.254427 -1.23667 -0.53616 0.555581 0.518095 0.350576 0.410113 
5.10997 -0.118869 -0.612949 -0.180741 -0.672847 0.0516208 -0.280522 0.32263 -0.0330111 -0.204294 -0.0895718 -0.023597 0.0505732 -0.469725 -0.663562 -0.600097 -0.216035 0.174551 2.75989 0.786933 -1.10144 -0.457924 -1.72624 -0.480344 0.902697 0.262418 -2.44779 2.14832 0.0718379 -0.0232372 1.6677 -2.91114 0.435717 -0.396561 0.302354 1.55747 0.0197587 -0.701761 0.993398 
5.12189 -0.116167 -0.620131 -0.236674 -0.620673 0.0334007 -0.264464 0.336205 -0.0448412 -0.232015 -0.0804591 0.0205816 0.0438751 -1.95457 0.033808 -0.423874 -0.260088 1.02379 2.25967 0.859119 -1.85475 -0.478702 -1.18916 -0.187558 0.370646 0.44525 -2.69579 2.14448 -0.418759 0.503365 1.39973 -2.5822 0.0961648 -0.537696 1.35395 1.36504 -0.271188 -1.42009 0.839141 
5.04176 -0.0564204 -0.633306 -0.229837 -0.642356 0.0480834 -0.212747 0.291316 -0.0553593 -0.219831 -0.069835 0.0115981 0.0363418 -3.17715 0.780621 -0.473587 -0.3591 1.94471 1.2498 0.766529 -2.23638 -0.172456 -0.760508 -0.302529 0.490964 0.577216 -2.2842 1.12599 -0.326115 0.487292 1.15878 -1.29212 -0.267962 -0.729364 1.3145 0.657255 -0.205742 -1.0468 0.534755 
4.99478 -0.0358296 -0.643629 -0.216361 -0.586092 0.049935 -0.239037 0.260154 0.02629 -0.256281 -0.12799 0.0181215 0.0983355 -3.82678 1.19528 -0.179971 -0.144621 1.85067 0.518157 0.712706 -2.09154 0.0669006 -0.437512 -0.221213 0.391398 0.83262 -1.38618 -0.0412536 0.432503 0.108984 0.274859 0.15902 -0.356569 -0.555636 -0.00710845 0.225995 0.148474 -0.0817516 -0.163362 
4.88178 -0.00785746 -0.64447 -0.185089 -0.530015 -0.00926963 -0.181566 0.238799 -0.0658376 -0.165113 -0.123094 -0.0622178 0.170056 -4.04829 1.2583 0.275411 -0.0804438 1.40364 0.294571 0.657776 -2.25834 -0.126981 -0.163594 -0.110986 0.0520031 0.531419 0.175497 -0.727711 1.07305 -0.221836 -1.01592 0.754134 -0.453171 -0.185916 -0.62981 -0.422163 0.467451 0.920527 -0.970951 
4.76343 0.0404263 -0.690126 -0.225098 -0.453849 0.0653276 -0.21739 0.120376 0.0475564 -0.241522 -0.0892915 -0.0666558 0.0731687 -4.02686 0.301968 0.0659597 0.359465 1.00723 0.0340788 0.344496 -1.78264 -0.410051 -0.0870137 -0.230029 0.0421859 0.813818 1.4477 -1.70613 0.963115 0.164275 -1.97921 -0.124494 -0.241175 1.20977 -1.55162 -0.0309626 0.174042 0.886408 -0.229601 
4.69547 0.0442663 -0.676484 -0.232454 -0.425472 0.0504418 -0.199895 0.100337 0.0331908 -0.261753 -0.123 0.0525073 0.12079 -4.88542 -0.745897 0.0554247 0.644089 1.41344 -0.302776 0.136024 -1.25267 -0.320429 -0.265942 -0.337496 0.139701 1.06995 0.356195 -2.25033 0.0485926 0.843337 -1.17624 -0.893184 -0.190163 1.71449 -0.91104 0.17193 -0.148132 -0.266974 0.485959 
4.68029 0.00770202 -0.56064 -0.207146 -0.518149 0.10273 -0.196897 0.134678 -0.0673064 -0.229963 -0.116639 0.0298492 0.159095 -5.99826 -0.692505 0.709366 0.0866862 1.36763 -0.868908 -0.342809 -1.68675 0.146615 -0.328545 -0.0674769 -0.104125 0.580168 -2.12805 -1.32192 -0.569909 0.290683 0.944096 -1.87101 -0.69548 0.541407 1.19252 -0.0640023 -0.340538 -0.984642 0.559871 
4.66008 0.0333973 -0.555502 -0.219506 -0.540334 0.0682392 -0.178591 0.0396231 -0.0974991 -0.229459 -0.0732756 -0.0168072 0.0610808 -10.0969 -1.44221 2.10518 -0.707623 1.56698 -2.10909 -0.788056 -1.87663 0.818778 0.241534 -0.35324 -0.0849635 0.272045 -7.46303 -0.546295 0.976713 -1.09512 2.34595 -2.58346 -0.999115 -0.740957 2.48848 0.610636 -0.483343 -0.981969 0.240497 
4.60526 -0.142835 -0.695486 -0.147323 -0.505489 -0.0145218 -0.220445 0.176668 -0.093708 -0.235546 -0.141085 0.0178869 0.210712 -15.4766 -3.24034 3.18756 -0.44916 2.04572 -2.84133 -0.51445 -1.8813 0.332792 1.15656 0.110908 -0.0812307 0.0381795 -12.6465 -0.590072 3.39333 -1.91973 2.26544 -1.79247 -0.49119 -2.37865 1.97029 1.30046 0.554378 -0.250326 -1.61604 
4.24418 -0.175087 -0.657414 -0.107873 -0.328213 -0.0273729 -0.199296 0.136777 -0.000921622 -0.272584 -0.16246 -0.00013225 0.252554 -19.2968 -4.36473 3.65794 -0.769697 2.36463 -3.01658 -0.332432 -2.41213 0.101673 1.29776 0.456796 -0.232487 -0.5056 -12.2007 -2.06902 3.75789 -1.5621 0.294009 -0.674887 0.477589 -1.97154 -0.847358 1.69947 1.16302 0.771731 -2.10442 
4.06135 0.0108141 -0.484146 -0.294726 -0.341 -0.118239 -0.31524 -0.0979832 0.117562 -0.268876 -0.101869 -0.0794167 0.12766 -21.206 -4.91226 3.73481 -0.951108 2.74553 -2.759 0.119616 -2.60632 0.0873807 1.36663 0.720785 0.0962705 -1.00232 -6.37783 -3.65793 1.33928 0.519324 -0.982268 1.40681 1.89684 0.253496 -3.21001 1.03583 1.19546 1.27996 -1.28198 
3.12852 -0.198891 -0.248484 -0.38702 -0.274701 -0.330646 -0.299604 -0.0953055 0.11001 -0.0774035 -0.176129 -0.0445777 0.118413 -20.701 -4.92778 3.95291 -0.876611 2.39906 -1.93178 0.796636 -2.1759 -0.301247 1.55995 0.69643 0.0760405 -1.29844 5.64217 -1.55652 -2.25698 1.81863 -1.65993 3.26786 2.25519 1.62454 -2.94424 -0.825071 0.767776 0.5635 -0.455402 
2.48295 -0.536726 -0.227005 -0.205582 -0.197102 -0.224802 -0.206873 -0.111175 -0.0434381 -0.0604056 -0.0068063 0.0363145 0.0523455 -17.9099 -4.19918 3.68111 -1.02204 1.77977 -1.11961 1.16055 -2.18812 -1.0794 1.54874 1.14623 0.149362 -1.7046 14.5535 2.25792 -3.82316 0.924244 -1.5584 2.6406 1.04799 2.24826 -0.796553 -1.5208 -0.634846 -0.381319 0.896871 
2.42103 -0.560862 -0.218568 -0.305444 -0.249038 -0.232684 -0.191315 -0.182178 -0.115864 -0.132176 -0.0495525 0.0277476 0.0665488 -13.4337 -3.93088 2.31925 -0.685231 1.10619 -0.44592 1.35969 -1.27617 -1.74794 1.53401 1.28055 0.277571 -1.49312 14.7231 4.24032 -3.16864 0.253482 -0.528781 1.39198 -0.18041 1.69468 1.04608 -0.780441 -0.579315 -0.848315 0.921589 
2.39816 -0.571772 -0.216111 -0.281554 -0.217812 -0.180369 -0.139159 -0.14861 -0.0845554 -0.0976336 -0.0179573 0.0223983 0.0171328 -8.5497 -3.40374 0.81159 0.118963 0.563845 0.131534 1.52757 0.0334368 -1.8283 0.751587 0.837633 0.300893 -0.757885 9.75914 3.77992 -1.63423 -0.518865 -0.565933 -0.491576 -1.36882 0.782579 1.36559 -0.37831 -0.518577 -0.645149 0.87479 
2.44633 -0.547071 -0.210512 -0.261486 -0.23189 -0.161023 -0.0714789 -0.0976183 -0.0819541 -0.0652289 -0.0717335 -0.0440533 -0.00651462 -2.80838 -1.50949 -0.136298 0.0386554 -0.0589848 0.629182 1.12017 0.31544 -0.995432 0.008692 0.383168 -0.23676 -0.546769 2.79216 1.30377 -0.334605 -0.353008 -0.512771 -1.24829 -1.46939 0.459387 1.05333 -0.200087 -0.545162 0.0129666 0.773577 
2.48464 -0.531855 -0.25188 -0.314604 -0.200798 -0.187613 -0.141284 -0.147535 -0.145256 -0.0758059 0.00382623 0.0191794 0.0470937 -0.0486431 -0.0532712 -0.193796 -0.349029 -0.13629 0.430511 0.917373 0.631572 -0.262052 -0.145121 -0.267424 -0.504235 -0.203929 -0.389725 -0.178024 0.354434 0.463509 -0.532694 -0.222613 -0.244471 0.448808 0.74882 -0.697301 -0.740182 -0.0481831 0.19772 
2.43058 -0.567954 -0.273509 -0.308046 -0.173044 -0.182742 -0.120831 -0.134587 -0.134532 -0.030665 0.0289952 -0.00146983 0.0109658 0.111526 -0.0557753 -0.239447 0.0183323 0.0140091 0.117218 0.638211 0.836788 0.0381098 -0.0685773 -0.167737 -0.491003 -0.0823501 -0.341516 -0.0548157 0.610925 0.281522 -0.401069 0.137681 0.284677 0.16087 0.562672 -0.891278 -0.930754 -0.206754 0.116617 
2.44021 -0.569207 -0.252056 -0.280694 -0.27872 -0.232793 -0.130181 -0.0631231 -0.113676 -0.125069 -0.0460753 -0.0100066 0.0396655 0.0133553 -0.138024 -0.214229 -0.0315206 -0.0718667 -0.235539 0.326722 0.642383 0.0290755 -0.306318 -0.245728 -0.435538 0.131188 -0.0910873 0.0206809 0.284984 0.219638 0.597508 0.352659 0.445075 -0.255258 0.217373 0.00956555 -0.0208622 -0.16023 -0.11887 
2.43208 -0.558336 -0.227357 -0.311458 -0.270484 -0.190516 -0.111792 -0.0765488 -0.0616612 -0.082945 -0.0956054 -0.0536135 0.0115317 -0.209848 -0.258019 -0.139604 0.020312 -0.0300441 -0.334663 0.181459 0.500216 0.15709 -0.398551 -0.172437 -0.33032 0.132792 0.176453 -0.0304566 -0.201944 0.144313 0.727849 -0.295032 -0.0867768 -0.432351 -0.351794 0.304299 0.712973 0.129089 0.0739661 
2.44541 -0.548001 -0.23514 -0.277118 -0.199347 -0.117158 -0.0293228 -0.0660049 -0.121899 -0.128532 -0.0502459 -0.0231668 0.0269897 -0.225744 -0.248616 0.0025996 0.178607 -0.055817 -0.29268 0.332195 0.530969 0.309926 -0.321422 -0.343125 -0.486209 0.00188955 0.0771217 -0.143421 -0.371243 -0.192671 0.198281 -0.904301 -0.922039 -0.558227 -0.249045 0.541285 0.755795 0.26319 0.112892 
2.4317 -0.577665 -0.255692 -0.287679 -0.220607 -0.224746 -0.0967588 -0.0665725 -0.0963704 -0.104972 -0.0428591 -0.0487527 0.0314024 -0.0354805 -0.132539 -0.0168558 0.0975084 0.0625857 -0.31992 0.159186 0.281093 0.160671 -0.257434 -0.164889 -0.321234 0.101111 -0.0249424 -0.0266544 -0.110602 -0.119548 -0.177121 -0.260298 -0.514755 -0.270506 -0.085044 0.333108 0.251353 0.236912 -0.050914 
