2.67098 -0.410873 -0.231715 -0.420371 -0.374898 -0.217945 0.048093 0.155616 0.0176077 -0.161879 -0.123725 -0.132 -0.0541533 -0.840644 -1.15207 -0.280865 0.386792 0.120391 -0.518071 -2.39327 -1.37595 0.608914 1.31337 1.28864 1.1529 0.817823 -1.73256 -1.09886 0.268765 0.754436 0.63125 0.49137 -1.03326 -1.42431 0.460262 0.643127 0.74771 1.19581 0.323955 
2.81438 -0.43559 -0.328327 -0.482315 -0.457155 -0.374444 -0.196663 0.141464 0.0254591 -0.0437128 -0.0268137 -0.142812 0.0530028 -1.26391 -1.29437 -0.0287849 1.00299 0.687685 -0.543387 -2.71866 -2.42581 -0.00819476 1.22211 1.65895 1.77165 0.870617 -3.28948 -0.835418 1.38381 1.93478 2.30226 2.15145 1.4132 -2.31525 -1.29398 -1.187 -0.412977 1.30317 -0.406982 
2.76085 -0.461972 -0.315721 -0.461961 -0.50119 -0.441035 -0.291195 0.141681 0.23126 0.0678074 0.083088 -0.00964882 -0.0113453 -0.502265 -0.271222 1.39789 2.15869 1.4954 -0.372052 -2.60986 -3.19457 -0.655044 0.899752 1.56739 2.01469 0.82374 -1.30447 0.960282 2.62171 2.72047 3.12128 2.1951 2.41584 -2.47497 -3.38317 -2.4547 -1.39883 0.368225 -0.347083 
2.58596 -0.53235 -0.249149 -0.404039 -0.401612 -0.214088 -0.154962 0.0225616 0.121864 -0.0116064 0.026715 -0.0208 0.0305673 3.12008 2.0134 1.69093 2.67282 2.38897 -0.299931 -2.32515 -2.9792 -0.695296 0.195676 0.139037 1.16959 0.803832 5.53163 4.39303 2.07997 2.02027 2.20822 -0.204786 1.09053 -0.500871 -2.20932 -2.02577 -2.16238 -1.10586 -0.315097 
2.44379 -0.576054 -0.2227 -0.299641 -0.241055 -0.199686 -0.1671 -0.0780753 -0.017145 -0.0906252 -0.0420299 0.0143539 0.0385691 6.30663 3.8546 1.74554 2.56686 2.47425 -0.0525776 -1.39763 -2.78479 -1.10358 -1.04368 -1.00667 0.904096 0.745835 11.4847 6.52427 0.495513 -0.135894 -0.248166 -1.57543 0.259302 1.76701 0.159036 -1.36098 -2.40111 -2.05481 -0.0020691 
2.54543 -0.537068 -0.215954 -0.25794 -0.25843 -0.313642 -0.283829 -0.205556 -0.0639177 -0.0423494 0.102817 0.114959 0.040897 8.1705 5.22723 1.83183 2.01142 2.4954 0.589782 -0.352485 -2.70534 -1.73451 -1.76322 -1.29211 0.459901 0.11634 11.0457 5.4065 -1.36536 -2.49187 -1.85394 -0.942191 0.277806 2.84063 1.51459 -0.755557 -1.92735 -2.27505 -0.149233 
2.81027 -0.277252 0.0816359 -0.0824551 -0.169208 -0.288404 -0.258258 -0.225575 -0.0917342 -0.0702416 0.0439852 0.082774 0.0397417 10.1841 5.92165 1.14856 1.18726 1.76504 0.270769 -0.152231 -1.99836 -2.50128 -1.58587 -1.07175 -0.254109 -0.28206 4.08371 0.803279 -3.31381 -3.91464 -2.80946 0.198317 0.784265 2.20335 1.02263 0.249215 0.340803 -0.938171 -1.01951 
3.56027 0.0715208 -0.123438 -0.158372 -0.0963199 -0.330822 -0.290873 -0.0748421 0.0325797 -0.142762 -0.248285 -0.13557 0.0699577 11.3329 5.66982 0.394597 0.553393 0.800725 -0.779458 -0.36759 -0.654684 -2.15605 -0.688505 -0.631397 -0.571283 -0.623931 -5.54943 -4.53648 -2.08199 -2.44362 -2.30367 0.868272 1.14946 0.551963 -1.34567 1.52923 3.02379 0.751621 -1.32922 
3.67364 0.0812625 -0.155974 -0.247892 -0.228749 -0.315233 -0.214909 -0.137695 -0.0556849 -0.271803 -0.208764 0.00844137 0.0914634 14.2211 3.59265 -0.710314 -0.63413 -0.35507 -0.221723 0.20898 0.269367 -1.41488 0.179931 -0.399114 -0.898637 -0.395384 -5.29743 -7.14642 -1.17816 -0.472013 -0.934534 0.390134 0.394167 0.411969 -1.20538 2.96858 2.95231 0.560019 -0.66983 
3.59364 0.0871564 -0.12912 -0.317143 -0.208245 -0.240804 -0.251253 -0.239763 -0.129671 -0.16933 -0.0149562 -0.00112448 -0.0150071 16.3263 1.27354 -1.49413 -0.407835 -0.165824 -1.00161 0.0438486 0.268354 -0.557603 0.404839 -0.285246 -1.0837 -0.132022 2.57346 -6.48331 -0.520602 1.64938 0.222229 -1.57605 -0.54906 0.439438 1.01754 2.18653 0.772691 0.105264 1.0538 
3.68249 0.073005 -0.175095 -0.281084 -0.251636 -0.291238 -0.231368 -0.164035 -0.210262 -0.094676 0.0175474 -0.0223443 -0.081392 17.4491 -0.499255 -2.95766 -0.0237091 -0.951454 -2.28194 -0.519401 0.420444 0.426408 0.976821 0.491121 -0.529442 0.311612 10.0154 -2.88427 -0.613853 2.50481 0.654555 -2.72321 -1.24689 0.311593 3.62657 0.327653 -1.3509 -0.285039 2.36264 
3.75022 -0.00342999 -0.170218 -0.208648 -0.203703 -0.370001 -0.225783 -0.0815066 -0.248446 -0.0668142 -0.0537432 -0.0594723 -0.0204231 17.9529 -1.20572 -2.85473 0.66076 -1.55292 -2.80909 -1.0527 0.75608 1.49254 1.28071 1.26065 0.503227 0.559063 11.4305 1.48113 -1.76053 1.44946 -0.446183 -2.72188 -1.77869 0.408118 4.84888 -1.246 -1.41379 0.474585 1.87613 
4.65103 -0.257157 -0.304794 -0.356136 -0.301672 -0.233936 -0.181739 -0.0933107 -0.132641 -0.00843465 -0.0695015 -0.0605342 0.0675211 19.9059 -0.39293 -3.18855 0.777182 -2.09711 -3.32468 -1.53016 1.79448 2.91664 1.21942 0.651628 0.75318 0.578899 2.23196 4.71256 -0.991297 0.422003 -1.89168 -1.93281 -1.45771 0.944262 3.06876 -1.82189 0.00511134 2.04408 -0.0559829 
5.14925 -0.194213 -0.271492 -0.121203 -0.141124 -0.591306 -0.358686 -0.227749 0.00651915 -0.0697502 -0.037228 -0.0788364 0.0754612 20.5395 0.384486 -3.54162 0.853185 -3.08682 -4.03968 -0.957595 2.3918 3.52216 0.738512 0.139654 1.02644 1.13137 -6.24804 4.3794 -0.370569 -1.62509 -3.25874 0.836312 0.686884 2.02919 0.0943333 -0.566342 0.824856 1.94377 -1.29051 
5.45298 -0.010909 -0.462053 -0.0892614 -0.338142 -0.671877 -0.360201 -0.0675403 0.102585 -0.0381078 -0.0514619 -0.0430618 0.126842 18.8298 1.19453 -3.68954 0.985842 -3.98692 -3.99329 -0.441136 2.21763 3.71385 0.344389 0.356688 1.38717 0.939258 -9.85518 1.34649 0.699456 -1.50377 -2.47112 1.75752 2.42305 1.23391 -2.19911 0.105018 0.663341 0.789286 -1.5566 
5.69406 0.0624455 -0.503949 -0.191362 -0.423558 -0.604686 -0.403769 0.0378736 0.199511 -0.0692042 -0.0182018 0.0772677 0.100727 15.4835 1.86 -3.70856 1.37415 -5.07985 -3.46839 0.115541 2.10012 3.23484 0.124329 0.803997 1.61302 0.186715 -8.92809 -1.59874 0.839406 0.473352 -1.2776 1.34512 3.0312 -0.525201 -2.95481 0.438677 0.174833 -0.887706 -0.819004 
5.83981 0.0912161 -0.503191 -0.265705 -0.563932 -0.627847 -0.38542 0.0910117 0.206424 -0.0695921 -0.0130466 0.153142 0.0212994 10.4092 2.04788 -3.28127 1.73997 -5.1719 -3.17976 0.785465 2.35726 2.06002 0.0405011 0.900392 1.47559 -0.23677 -5.06382 -2.89835 0.309332 2.03871 0.331582 0.789525 2.007 -1.71045 -2.07351 0.233002 0.0365278 -1.69161 0.0836275 
5.93811 0.0751198 -0.562273 -0.190742 -0.626682 -0.771439 -0.241505 0.100769 0.155568 0.00509883 0.0206222 0.0511329 0.115413 7.71064 0.781405 -2.92757 0.937606 -5.193 -1.40946 1.39984 2.49968 0.933443 0.201237 0.712546 1.33702 -0.468981 -2.74622 -2.08696 0.49504 1.82721 1.68573 0.808336 -0.523865 -1.3816 -0.880372 -0.501977 -0.249226 -0.822873 -0.200526 
6.01844 0.0743737 -0.646128 -0.0757279 -0.729393 -0.788181 -0.21675 0.0950987 0.19741 -0.0320713 0.0179613 0.09563 0.0683401 5.79463 -0.479349 -1.94972 0.92385 -4.06189 -0.651571 1.05625 1.87349 0.226242 -0.170633 0.526844 0.765429 -0.45947 -1.64569 -1.12819 0.908565 -0.675617 2.00617 1.85387 -1.86374 0.171487 -0.461905 -0.629762 -0.533733 -0.210189 0.0939696 
6.1044 0.052723 -0.685683 0.00346346 -0.853649 -0.742355 -0.222926 0.0983186 0.212241 -0.047558 0.04313 0.112625 0.0320515 4.0786 -0.904302 -1.51386 0.751813 -3.07893 0.123896 0.502277 1.77751 -0.22158 -0.42101 0.115288 -0.254508 0.0910439 -1.7632 -0.427135 1.59736 -2.93897 2.45517 2.51438 -2.31174 1.02844 -0.380388 -0.756562 -0.815526 -0.368297 0.574475 
6.19321 0.0238002 -0.70785 -0.0215655 -0.813846 -0.81575 -0.199485 0.15441 0.191645 -0.0365475 0.0509104 0.101955 0.0664655 2.5917 -0.719447 -1.27956 -0.243987 -1.93751 1.59935 -0.0923336 1.34541 -0.180448 -0.508843 -0.2753 -1.02291 0.324708 -2.72708 0.462368 1.4202 -3.39118 1.83343 2.91958 -1.57966 0.279176 -0.258942 -0.431976 -0.975421 -1.33702 0.685536 
6.27191 -0.0158221 -0.692436 -0.0824803 -0.826184 -0.726848 -0.261852 0.199463 0.168974 -0.0408145 0.0257114 0.143356 0.0260761 1.3513 -0.35064 -0.628052 -1.8855 -1.46233 3.06177 0.0391572 0.686072 -0.662429 -0.314235 -0.360868 -1.50419 -0.172306 -3.30863 1.23996 0.665635 -2.59159 0.93081 2.26107 0.689301 -1.37169 -0.524325 0.462407 -0.426933 -2.44901 0.489726 
6.24998 -0.0327384 -0.674936 -0.110581 -0.869945 -0.656468 -0.30019 0.248554 0.17527 -0.105416 0.0097087 0.10895 0.0662203 0.532015 -0.0234253 -0.206248 -3.36403 -1.07967 4.02036 1.011 -0.681861 -1.43539 0.601928 -0.161153 -2.44041 -0.481283 -2.31283 1.45599 -0.0581002 -1.81317 -0.0301946 1.71886 2.77488 -3.44184 -1.01095 1.76904 0.412211 -2.15801 -1.01188 
6.19549 -0.0125499 -0.673093 -0.187423 -0.842918 -0.56765 -0.336265 0.299919 0.16222 -0.123513 -0.0172282 -0.000907814 0.134934 -0.246183 0.35715 0.0322371 -4.05479 -1.01241 4.72369 1.6822 -2.02648 -1.81928 1.29906 0.104657 -2.93384 -0.854415 -0.57863 0.883248 -0.137037 -0.850529 -0.896553 0.906781 3.51204 -4.37574 -1.36439 2.52458 1.2884 -0.876809 -2.12932 
6.13705 0.0477988 -0.723873 -0.290278 -0.822724 -0.450585 -0.285981 0.175989 0.17821 -0.0653574 -0.0450029 -0.077898 0.090389 -1.07786 0.625333 0.487178 -4.09022 -1.29793 5.12514 2.16393 -3.54243 -1.81371 1.90189 0.339899 -2.67859 -1.36943 0.498682 -0.0952357 0.612044 0.195117 -0.908005 -0.235714 2.14816 -3.29933 -1.00667 2.0168 1.39594 0.940345 -1.79096 
6.12723 0.0541621 -0.675501 -0.383507 -0.913607 -0.386365 -0.0979457 0.0872833 0.0334648 0.00669919 0.0181081 -0.139752 0.00441936 -2.18803 0.910617 0.888979 -3.42694 -1.26201 4.37733 2.51319 -4.69917 -1.66204 2.40242 0.678891 -2.07532 -1.55662 -0.35482 -0.444585 1.1386 1.57576 -0.151517 -1.1413 -0.870533 -1.45555 0.653837 0.569206 0.556439 2.54899 -0.468577 
6.1815 0.0546207 -0.702152 -0.465917 -0.945721 -0.272467 0.00411592 -0.102993 -0.018949 0.112797 0.0551312 -0.199197 -0.0704327 -3.68809 1.17337 1.36262 -2.57894 -0.93785 3.47571 2.30465 -5.02351 -2.03531 2.6283 1.3761 -1.09635 -1.59207 -3.05693 -0.0182564 1.55874 2.64653 0.813119 -2.31801 -2.86882 0.998875 1.22526 -1.06632 0.195149 3.02304 1.2209 
6.1522 0.0637689 -0.678132 -0.481534 -0.975938 -0.190607 -0.0405804 -0.141017 -0.0176149 0.131426 0.0836083 -0.206705 -0.0740925 -6.32308 0.799679 2.72272 -2.38314 0.316913 2.5418 1.71335 -5.18455 -2.08792 2.07275 1.58597 0.365042 -1.17318 -6.08435 0.157927 2.08507 1.75587 2.57117 -2.72179 -2.72268 1.69705 0.607238 -1.85436 0.0101069 2.63806 2.05189 
6.06483 0.0600827 -0.582575 -0.518141 -0.970452 -0.173967 -0.0361895 -0.246906 0.00745724 0.168084 0.060917 -0.116363 -0.0998096 -9.85196 -0.815163 4.17387 -1.39462 2.73119 1.85856 0.123385 -3.62662 -2.43324 0.17871 1.37278 1.55664 -0.286815 -8.2214 -1.28621 2.36721 0.826096 4.65836 -1.79119 -2.09593 2.40292 -0.946398 -3.00814 -0.0186591 1.61673 1.99101 
5.8743 0.102352 -0.542374 -0.44258 -0.969047 -0.227443 -0.0519203 -0.313521 0.0185306 0.182658 0.0815762 -0.073267 -0.0938368 -13.7981 -2.84142 5.37582 -0.310454 5.03531 1.584 -1.3292 -1.71099 -2.0126 -1.04007 0.478229 1.66356 0.797509 -8.40849 -4.17666 2.8308 0.18533 5.69168 0.0253639 -1.34432 3.3115 -1.63289 -3.26142 -0.826026 0.0384774 1.59724 
5.59872 0.165885 -0.502311 -0.42551 -0.920364 -0.229944 -0.0765239 -0.27872 -0.127643 0.174127 0.210296 -0.0748971 -0.045492 -19.4647 -5.55014 6.01966 0.937513 7.40172 1.18058 -1.66308 0.751046 -0.881813 -1.93807 -0.740288 1.00383 1.1885 -8.62612 -7.05324 1.97028 1.14387 5.55776 1.19893 -0.713184 4.13539 0.799337 -2.37602 -2.7536 -1.74112 0.618328 
5.1741 0.0733449 -0.255041 -0.639192 -0.656557 -0.201767 -0.0779581 -0.418807 -0.129505 0.113261 0.154609 0.0341512 2.27927e-05 -25.3492 -6.73011 5.73058 1.51376 8.32412 0.931012 -1.07391 1.82738 -0.470792 -2.18566 -1.58211 0.166692 1.18508 -9.20377 -5.85309 -0.711392 2.89156 2.14441 0.877738 0.395458 4.33216 2.75148 -0.351116 -3.15713 -3.17662 -0.389922 
4.74978 -0.235657 -0.129609 -0.47711 -0.347115 -0.136445 -0.226971 -0.22011 -0.262563 -0.144074 0.118741 0.0853264 0.0144484 -28.8933 -6.8267 4.43015 2.05182 8.0015 0.796281 -0.710956 2.50461 -0.287334 -2.20512 -1.80747 -0.147727 1.14454 -8.04447 -0.473113 -3.54344 2.17044 -2.58095 -0.573631 2.13629 1.37238 3.41357 2.32029 -1.84346 -2.41176 -1.0396 
4.35708 -0.469724 0.00743571 -0.397054 -0.275947 -0.0728077 -0.228159 -0.105779 -0.197255 -0.0530926 0.0171128 -0.0680477 0.0894986 -18.5707 -6.47042 1.53624 0.760369 5.6313 0.242372 -0.639354 2.74088 0.541981 -1.37888 -1.81729 -0.417985 1.26198 7.60046 5.11695 -6.83907 -0.892254 -6.74541 -2.23613 1.96096 -1.64978 1.76824 2.89762 0.955883 0.0480627 -0.84377 
3.49424 -0.777673 -0.00972839 -0.266261 -0.0100756 -0.0908525 -0.169071 0.0712638 0.0673471 -0.0599021 -0.127239 -0.17993 0.0234046 -6.19029 -5.12947 -0.452967 -0.0154922 3.69434 -0.0658907 -0.516278 2.46318 1.23917 -1.27039 -1.50699 -0.0530963 1.32038 30.1404 8.18461 -6.7432 -4.3161 -8.16881 -2.11288 0.343667 -3.50941 -1.25586 1.59397 3.46471 2.59357 0.482441 
2.7137 -0.604018 -0.0432019 -0.301866 -0.105053 -0.120883 -0.0836649 -0.0413219 -0.0386074 -0.0465726 -0.115681 -0.160022 0.0231149 4.18205 -3.16402 -1.40542 0.216667 1.51483 -0.511755 -0.544118 1.77254 1.23517 -1.16691 -0.771667 0.0547891 1.15382 42.4499 5.32814 -2.87878 -4.34318 -4.84481 -0.931706 -1.57439 -2.83941 -1.58315 -0.742783 3.12745 3.03024 1.05163 
2.46844 -0.509268 -0.161327 -0.25088 -0.168368 -0.156603 -0.106297 -0.078151 -0.10208 -0.0526692 -0.0398665 -0.0101624 0.0417951 12.1921 -0.884929 -2.11111 -0.901229 -0.527793 -1.72365 -0.813812 1.04697 2.05955 -0.117524 0.0493093 -0.355588 0.751484 32.514 1.11558 1.62071 -1.6644 -0.785154 -0.317267 -2.46111 -0.210361 -0.124946 -1.56487 1.36374 0.177099 0.31642 
5.12342 -0.534702 -0.549943 -0.604836 -0.485231 -0.273697 -0.201051 -0.0403142 0.0069272 0.0669083 0.011516 -0.0629137 0.142407 17.6237 0.825727 -2.97025 -0.962074 -0.733409 -1.76695 -2.47992 0.281904 1.70555 -0.493298 0.452252 0.39548 0.791843 -1.86514 -0.850416 4.55425 2.78965 3.2019 0.494515 -2.46519 0.825958 1.14997 -0.996754 -0.874612 -1.74651 -0.783415 
5.64067 -0.490069 -0.365858 -0.592062 -0.25737 -0.170372 -0.209734 -0.0338874 -0.0400775 -0.156039 0.0533705 0.0553652 0.180737 19.3676 1.95356 -2.96895 -0.868155 -0.89157 -1.05313 -2.79729 -0.402799 0.747514 -0.233022 0.787337 0.65516 0.645749 -25.2553 -0.623139 1.84129 3.97085 2.97889 0.52583 -1.30638 0.527885 1.276 1.25195 -1.77789 -2.26241 -1.66997 
5.42472 -0.561463 -0.112619 -0.398766 -0.200944 -0.187379 -0.256162 -0.110718 -0.0473109 -0.231301 -0.0083244 0.0253102 0.13271 15.7607 2.34454 -1.68894 -0.00327626 -0.132806 0.304112 -1.6665 -0.103578 0.761816 -0.741019 0.164943 -0.153111 -0.0530892 -27.9641 2.26494 -1.31563 2.05616 0.727056 1.90497 1.55364 -0.457267 -0.692494 1.65936 -1.15753 -1.00014 -1.42649 
5.32142 -0.549216 -0.262595 -0.46249 -0.316624 -0.403465 -0.359743 0.0976595 0.182194 -0.0201013 0.0280418 -0.215514 0.0614219 8.98995 3.99699 -0.610403 0.540011 -0.246606 0.983335 0.294788 -1.04044 0.575569 -0.456001 -0.0552269 -0.750071 -0.998276 -14.2994 4.41546 -1.37152 0.158947 -1.27868 3.27881 4.99765 -2.51227 -2.69096 0.280632 -0.135401 1.11689 -1.04528 
5.24404 -0.460712 -0.459636 -0.356655 -0.159192 -0.243396 -0.593026 -0.031468 0.131847 -0.0880613 -0.0632728 -0.0515378 0.169413 0.171162 5.74119 -0.918264 1.47582 -1.03177 1.13635 1.98619 -2.6111 0.0555569 0.149862 0.642651 -0.764818 -1.76926 4.3466 4.71057 -0.417846 -1.8684 -3.99429 1.52942 7.00136 -3.15243 -2.11039 0.128742 1.72805 0.481815 -1.24916 
4.93656 -0.370097 -0.498338 -0.387921 -0.189307 -0.160399 -0.345871 -0.107131 -0.00219295 -0.0287729 0.00129448 -0.0168834 0.0677289 1.86952 6.56442 -2.96188 0.698013 -3.55848 0.489298 2.92313 -3.3503 -0.126334 1.63447 1.48564 -0.845868 -2.24304 12.1738 2.95498 0.0373504 -1.48005 -4.42076 -1.15077 4.03657 -2.69826 -0.390599 0.374077 2.59718 0.0827218 -0.903269 
4.8223 -0.144469 -0.283648 -0.356388 -0.270756 0.00111566 -0.0871202 -0.0827915 -0.0410968 -0.206249 -0.0615896 -0.131227 0.00671768 5.76525 6.58094 -3.8858 -0.308789 -4.70073 0.2651 3.81314 -3.96349 -0.439599 2.28529 2.00889 -0.140784 -2.27323 12.5583 -1.1653 -1.93663 -1.03002 -3.69889 -3.84141 -0.833278 -1.59866 1.17945 2.57413 2.39185 0.23994 -0.326971 
5.339 0.112132 -0.360655 -0.414811 -0.435344 -0.10786 0.0342368 -0.289593 0.0140983 -0.0612441 0.0409311 -0.0911088 -0.058679 8.03771 5.58069 -3.08192 -0.261364 -5.28094 0.219525 4.1444 -4.6955 -0.746391 2.17997 2.0341 0.480285 -2.26219 5.42535 -4.89501 -2.23218 -0.391628 -1.30369 -3.17888 -4.07985 0.942342 1.51882 2.51452 0.448232 0.269033 0.47302 
5.7899 0.195669 -0.638961 -0.40865 -0.606615 -0.191506 0.0245305 -0.464075 0.0231743 0.0229199 0.214828 -0.115652 -0.0589263 9.48816 3.76293 -2.2996 -0.58992 -5.48716 -1.183 3.66846 -3.90305 -0.222532 2.72959 2.17691 -0.0608911 -2.43747 -3.14387 -6.12639 0.721175 0.327234 2.19538 -0.701147 -4.06244 2.31458 0.433355 0.591756 -2.04503 0.89796 0.844878 
5.93082 0.173453 -0.70654 -0.434053 -0.755485 -0.253883 -0.0129389 -0.399987 0.00275891 0.112032 0.250552 -0.0926606 -0.13557 9.75887 1.7719 -2.08563 -0.486347 -4.27454 -1.92031 1.51864 -3.2613 0.0881549 2.76093 1.79019 0.140598 -1.95623 -7.76366 -4.71128 3.36629 0.543133 4.27703 0.875654 -1.87094 2.17887 -0.463618 -1.24949 -2.52159 0.332997 0.670719 
6.03545 0.0930233 -0.695869 -0.464571 -0.761759 -0.27237 0.0332139 -0.466436 0.0276295 0.193548 0.178056 -0.0514126 -0.142082 7.5611 -0.25637 -1.83048 -0.400903 -2.57312 -2.11901 -0.182268 -2.50182 -0.265047 2.72771 1.54415 0.565714 -1.65094 -7.26838 -1.8734 3.86727 0.604386 4.42059 1.19454 -0.955952 1.79957 -1.02176 -2.47584 -1.33714 -0.352623 0.37351 
5.99827 0.0738451 -0.662972 -0.410763 -0.81788 -0.231956 0.0122985 -0.50824 0.0552158 0.185991 0.161837 -0.0615419 -0.152444 3.32506 -1.46099 -0.297739 0.169399 -0.784717 -1.40024 -1.10508 -1.16424 -0.867564 1.5201 0.753122 0.302227 -1.24699 -4.08715 0.236154 2.05716 0.342823 3.38345 0.343461 -1.01183 0.991651 -1.26732 -1.88284 0.264696 -0.36923 0.308668 
6.06528 0.0129869 -0.618479 -0.428101 -0.734015 -0.312229 0.00708844 -0.486978 0.00162892 0.190046 0.188319 -0.0727858 -0.181203 0.213127 -1.43033 1.1085 0.699147 0.8418 -1.12534 -1.64982 -0.366069 -1.2108 0.609016 0.16314 -0.0245477 -0.821814 -2.85356 1.29332 0.18382 0.801031 1.61938 0.172003 -1.47528 0.678287 -0.967371 -1.31077 0.750614 -0.59436 0.692195 
6.05302 -0.000409597 -0.603236 -0.443766 -0.680445 -0.323204 -0.0280681 -0.509402 -0.0338711 0.197965 0.210151 -0.0564078 -0.212717 -1.41462 -0.849157 1.42464 1.027 2.26752 -1.17763 -2.04953 -0.553715 -1.47219 0.0585226 0.0933399 -0.341664 -0.241872 -2.65231 1.44167 -0.29949 1.00923 0.771011 -0.136904 -1.27862 0.557745 -0.408847 -0.593993 -0.00581072 -0.673331 1.05412 
6.0225 -0.00791244 -0.580467 -0.430994 -0.650913 -0.312248 -0.0835469 -0.504875 -0.0737231 0.179219 0.232965 -0.0450368 -0.225131 -3.23287 -0.156834 1.61847 1.3236 3.00429 -1.14237 -2.58159 -0.25205 -2.01666 -0.313715 0.148981 -0.544286 0.214474 -2.85357 1.20428 -0.0529952 0.859481 0.877362 -0.220814 -0.569376 -0.0471984 -0.0646523 -0.0404807 -0.895363 -0.55649 1.35698 
5.92725 0.00651195 -0.549959 -0.359964 -0.642757 -0.322739 -0.146879 -0.49021 -0.105305 0.159465 0.233244 -0.0812963 -0.19742 -6.04203 0.246256 2.15061 1.13568 3.65518 -0.678067 -2.41033 0.148962 -2.75793 -0.625555 -0.0793547 -0.741015 1.05107 -4.20159 0.741738 0.790847 -0.0516008 1.22088 0.409351 0.417028 -0.0723393 -0.59342 -0.0921383 -1.03241 -0.289439 1.42416 
5.83864 0.0323222 -0.551906 -0.297967 -0.570493 -0.378449 -0.218998 -0.468415 -0.125531 0.14377 0.229061 -0.134783 -0.1614 -8.89574 0.191369 3.24065 0.484991 3.78371 0.31845 -2.66993 0.278429 -2.3557 -1.01814 -0.515146 -0.69225 1.51263 -5.43349 -0.301232 2.25692 -1.69005 1.10989 1.58932 0.790032 0.242549 -0.614138 -0.466979 -0.773601 0.295352 0.955981 
5.77097 0.0455807 -0.524361 -0.326931 -0.44039 -0.423337 -0.233914 -0.541472 -0.151319 0.179966 0.188768 -0.112609 -0.14808 -9.74813 -0.105259 3.47835 0.0131738 3.85076 0.797239 -2.62918 0.513424 -1.93372 -1.26227 -0.833392 -0.788912 1.62152 -4.52946 -1.11292 2.24393 -2.20651 0.0163555 2.41343 0.392318 0.837322 0.203278 -0.978789 -0.275423 0.336101 0.199946 
5.54246 0.063615 -0.441814 -0.282562 -0.384986 -0.381434 -0.284779 -0.518604 -0.240197 0.152401 0.168959 -0.111963 -0.105462 -8.92383 -0.508323 3.13077 -0.0725828 3.44535 0.688244 -2.02811 0.747547 -1.39811 -0.99037 -0.930852 -0.721792 1.37799 0.323008 -1.53503 0.364802 -1.43943 -1.25061 1.27298 0.323637 0.898581 1.66051 -0.457021 0.14529 0.198982 -0.840455 
5.06686 0.0643843 -0.304396 -0.32767 -0.305989 -0.282952 -0.234598 -0.44036 -0.38122 0.075698 0.168186 -0.166876 0.00526721 -6.64718 -0.962708 2.48593 -0.250089 2.65714 0.727793 -1.48408 0.954698 -0.562818 -0.716875 -0.932883 -0.339157 0.895472 7.52416 -1.24004 -2.5102 0.426541 -2.38167 -0.895534 0.304243 0.377284 2.96947 0.792546 0.255121 0.341247 -1.81973 
4.86005 -0.0332972 -0.108174 -0.4764 -0.252485 -0.203063 -0.383122 -0.449473 -0.232043 0.0354964 0.134128 -0.121706 -0.038703 -3.91343 -1.29009 1.87979 -0.759593 1.85755 0.684669 -1.27471 0.877927 0.443667 -0.302954 -0.769266 0.0544341 0.348623 11.236 -0.18007 -4.37472 1.59412 -2.37978 -2.42629 1.00101 -0.208415 2.36219 1.83412 0.404815 0.403683 -1.62329 
4.99207 -0.0444452 -0.238174 -0.426416 -0.231338 -0.22493 -0.400377 -0.434976 -0.231938 0.0299161 0.123485 -0.159049 -0.0624862 -1.45706 -1.40603 1.35422 -1.46956 1.26668 0.414588 -1.1525 0.833804 1.11101 0.235556 -0.488498 0.139584 -0.0644825 8.47811 0.478151 -2.56567 0.0540284 -1.27655 -1.95938 0.955634 -0.837817 1.24467 2.06121 0.40654 0.739636 -0.840665 
5.15825 -0.0686665 -0.308471 -0.309899 -0.290745 -0.336333 -0.318217 -0.394163 -0.217545 0.108993 0.135183 -0.160142 -0.0815195 0.88653 -1.44865 0.898597 -2.04517 0.666621 0.208852 -1.12021 1.06987 1.30995 0.754772 -0.314694 0.194912 -0.540707 1.94565 0.672004 0.479556 -2.22581 -0.0234018 0.198919 -0.12407 -0.379916 -0.462742 0.926982 0.342312 0.438542 0.0138639 
5.3358 -0.0891826 -0.337557 -0.315335 -0.325934 -0.316174 -0.335668 -0.377755 -0.138727 0.11058 0.111781 -0.121411 -0.092949 2.44241 -1.62166 0.789658 -2.14311 -0.163514 0.170012 -1.22603 1.43331 1.20921 0.691107 -0.134154 0.378229 -0.889009 -3.92291 0.0722112 2.77583 -3.01274 0.275196 1.69318 -0.707301 0.763979 -1.84173 -0.599371 0.383292 -0.15698 0.404716 
5.39747 -0.095779 -0.305288 -0.458208 -0.257732 -0.32471 -0.403197 -0.435287 -0.0727044 0.15322 0.122549 -0.0924406 -0.110625 2.35826 -1.4832 0.84598 -2.19395 -1.07281 0.520799 -0.17806 1.77382 -0.149386 0.439677 0.15941 0.690497 -0.591296 -4.90293 -0.63718 2.63684 -1.34876 -1.11569 2.10922 0.00882757 1.71059 -2.49655 -1.73053 0.305876 -0.0348832 0.291097 
5.30643 -0.100756 -0.221545 -0.61038 -0.199623 -0.312304 -0.398916 -0.440638 -0.124057 0.202425 0.12939 -0.105478 -0.100516 -0.503517 -0.900876 1.42158 -2.44441 -1.91496 1.06145 0.353201 1.73778 -0.804527 -0.0364719 0.399141 0.939738 -0.351946 -3.76274 -0.0453848 0.214958 1.58271 -2.7615 1.19779 1.53196 1.41511 -2.22239 -1.9975 0.388432 0.282892 0.240942 
5.22977 -0.132267 -0.155899 -0.618689 -0.271833 -0.223573 -0.447732 -0.272326 -0.208553 0.16702 0.128098 -0.133326 -0.117725 -2.97401 -0.112728 1.23164 -2.17095 -2.6263 1.33278 0.830968 1.96487 -1.77015 -0.745065 0.751644 0.866409 0.266605 -2.6811 1.37037 -1.95923 2.98076 -2.99803 -0.47299 2.80252 -0.113687 -1.30176 -1.18521 0.644563 0.612523 0.778211 
5.18318 -0.231869 -0.080297 -0.627673 -0.356467 -0.184286 -0.472134 -0.201781 -0.186686 0.0525204 0.139376 -0.107315 -0.131427 -3.92501 0.576813 0.632049 -1.15827 -3.19779 0.246696 1.78927 1.62899 -2.13861 -0.911882 0.646773 1.257 0.71407 -1.50604 2.80675 -3.04682 2.68247 -1.55894 -2.2104 2.6567 -1.70042 -0.175464 0.201554 0.258072 0.808879 1.24422 
5.27786 -0.228837 -0.120375 -0.64579 -0.467874 -0.160694 -0.29325 -0.226112 -0.311492 0.0764872 0.161202 -0.00527402 -0.114827 -3.42172 1.11594 -0.408133 0.307103 -4.05977 -0.340904 2.88998 1.0829 -2.31856 -1.09902 0.648451 1.61201 0.786665 -0.0761738 2.59052 -2.48995 1.8087 0.215747 -2.92123 1.19981 -2.28068 0.893203 0.804787 -0.153058 0.438943 0.907359 
4.89471 -0.0690714 -0.189828 -0.589312 -0.558439 -0.182525 -0.251435 -0.255296 -0.304668 0.070757 0.188571 -0.0370922 -0.104478 -1.73626 1.66812 -1.80777 1.31056 -4.549 -0.734431 3.45743 0.246079 -1.39283 -1.02938 0.610108 1.82903 0.855651 4.00597 0.686388 -1.51743 0.851676 0.902457 -1.87686 0.261901 -1.80889 1.50396 0.819371 -0.569379 0.372644 0.145631 
4.83618 -0.0126247 -0.239127 -0.549039 -0.628659 -0.217386 -0.210319 -0.159093 -0.400576 0.0284363 0.243679 -0.0499027 0.00360725 0.18141 2.40692 -3.21689 1.1236 -4.15581 -0.595108 3.58316 -0.340676 -0.198091 -0.530022 0.426796 1.73082 0.647869 6.39322 -0.59671 -1.28133 -0.17358 0.733456 0.697912 -0.575208 -0.831935 2.50115 0.578167 -0.816131 0.0187654 -1.25676 
4.96935 0.000955017 -0.253906 -0.540537 -0.618769 -0.415602 -0.145371 -0.281878 -0.311437 0.064665 0.14476 0.0947298 0.00115066 1.64359 3.29926 -4.74127 0.810376 -3.24982 0.191209 3.44821 -0.467006 1.02146 -0.518343 -0.213415 1.13473 0.274846 5.3434 -0.281168 -2.10937 -1.16263 0.675534 3.66109 -0.847747 0.599775 2.76717 -0.297082 -0.622972 -1.19315 -1.68913 
5.06376 0.00640103 -0.314055 -0.478229 -0.729408 -0.335996 -0.0447435 -0.32687 -0.386303 0.046518 0.203045 0.10114 -0.0576125 3.49466 3.02799 -5.40247 0.373953 -2.29902 1.40286 2.46341 -0.0467247 2.04191 -0.808137 -0.897402 0.374437 -0.113319 2.86272 0.535238 -2.51764 -1.89081 1.48953 4.29364 -1.20017 1.52992 2.3852 -0.595227 -1.13403 -1.84926 -1.05869 
5.21421 0.0418076 -0.438379 -0.45584 -0.822343 -0.281763 -0.0209132 -0.314917 -0.254305 0.0413987 0.202396 0.0860639 -0.027585 5.68328 2.43051 -5.79381 -0.0776801 -1.33484 2.51537 1.94494 0.103584 2.45246 -0.7396 -1.71491 0.0557069 -0.410187 -0.251656 0.642488 -1.56302 -1.45866 2.42721 2.97631 -1.48487 1.3627 0.778205 -0.618369 -1.62504 -1.84588 -0.308953 
5.34024 0.129081 -0.5787 -0.562636 -0.815528 -0.153321 -0.0411272 -0.215619 -0.168264 0.0593638 0.177563 0.0681821 -0.0886537 6.16919 1.93298 -5.60761 -0.567008 -0.198628 3.22812 1.42627 -0.128239 2.78383 -0.530747 -2.17876 -0.571966 -0.582858 -0.814865 -0.858035 0.690638 -0.293649 2.67327 0.264502 -1.14765 -0.0176288 -0.953856 -0.122462 -1.46039 -1.0479 0.790604 
5.33065 0.264312 -0.778864 -0.571882 -0.751041 -0.0627413 0.0441717 -0.254648 -0.0674926 -0.0540639 0.0769975 0.021938 -0.105487 5.88218 1.34028 -4.92221 -0.902692 0.780385 3.90122 0.579253 -0.011578 2.50186 -0.475973 -2.26138 -1.16751 -0.261415 -0.0342312 -2.56027 3.16585 0.307565 2.07913 -1.73062 -1.18482 -1.35956 -1.70233 1.08336 -0.571092 0.158911 1.05572 
5.51132 0.197057 -0.813309 -0.57975 -0.753851 0.0346912 -0.0148119 -0.201757 -0.109336 -0.0415785 0.0391803 -0.0128133 -0.0890853 5.30456 0.776506 -4.06979 -0.717992 1.55791 3.59845 -0.329479 -0.281524 2.14713 -0.0919154 -2.62209 -1.03502 0.203992 -0.490301 -2.38866 3.50223 0.819369 0.898559 -1.77415 -0.971785 -1.81668 -1.47197 1.35424 0.529803 0.697443 0.875846 
5.55941 0.218946 -0.879004 -0.548925 -0.71059 0.0351596 -0.00750643 -0.23883 -0.0864647 -0.00547886 -0.0465311 -0.00634724 -0.0764265 4.62337 -0.0742722 -2.78574 -0.241107 1.88384 2.95094 -0.51615 -0.962698 1.35936 0.0724607 -2.32839 -0.760102 0.42599 -0.840691 -1.58186 2.65376 0.811815 -0.264755 -0.996114 -0.835456 -1.24624 -0.607161 0.789356 1.30797 0.802049 0.569928 
5.68304 0.156173 -0.837457 -0.60473 -0.615054 0.0114734 0.0116128 -0.301063 -0.0585339 0.0162714 -0.0442596 -0.0440785 -0.0487125 3.68438 -0.655534 -1.73699 0.521414 1.62672 2.2233 -0.729283 -1.46288 0.821101 0.170406 -1.76158 -0.385308 0.77793 -2.00245 -0.0342957 0.840261 1.07511 -1.20814 -0.0647704 -0.544076 -0.180297 -0.282188 -0.124898 1.30697 0.844528 0.0185546 
5.76007 0.118134 -0.812943 -0.620514 -0.580734 0.0936362 -0.0561072 -0.345637 -0.0304496 0.017031 -0.0760472 -0.0217789 -0.0463493 2.83512 -0.907372 -0.988335 1.02324 0.990502 1.74203 -1.03838 -1.27188 0.393922 0.372037 -1.067 -0.050188 0.892227 -2.73917 0.934018 -0.470107 1.39045 -1.61617 -0.227861 0.247738 0.612106 -0.364356 -0.861092 1.0863 0.449545 -0.0897785 
5.75192 0.141078 -0.896166 -0.518915 -0.631487 0.175194 -0.114168 -0.335444 -0.0675335 0.0512148 -0.101852 -0.0135325 -0.0197771 1.91865 -0.822493 -0.712587 1.4093 0.563048 1.35892 -0.903106 -1.08772 0.401708 0.0785828 -0.687034 0.141449 0.819184 -1.84811 0.500836 -0.135043 0.818106 -1.23356 -0.788468 0.512943 1.12343 -0.405333 -0.892367 0.77259 0.119429 -0.153484 
5.80365 0.0975517 -0.873639 -0.518347 -0.609267 0.137201 -0.0516365 -0.395402 -0.0212347 0.0156157 -0.0727589 -0.0130008 -0.0124071 1.2797 -0.764446 -0.662969 1.67461 -0.00137615 1.47392 -1.1586 -0.555676 0.21175 -0.286592 -0.273197 0.262121 0.733837 -1.06342 0.237089 0.0562201 0.370847 -0.691646 -0.624643 -0.00966997 1.27421 -0.392561 -0.462912 0.195898 8.56724e-06 -0.143032 
5.73612 0.14346 -0.916953 -0.484954 -0.608824 0.167677 -0.0897634 -0.382229 -0.0325873 -0.00231849 -0.0726185 0.00227679 -0.00615479 0.736341 -0.528715 -0.854839 1.87315 -0.228331 1.03156 -1.02107 -0.0852115 0.100089 -0.312105 -0.392126 0.469048 0.619268 0.314358 -0.440682 0.495785 -0.319926 0.0964127 -0.626954 -0.146729 0.841171 -0.101497 0.0938937 -0.235008 -0.0097267 -0.129154 
5.73149 0.142137 -0.93622 -0.423912 -0.658739 0.181076 -0.105699 -0.350382 -0.0569389 -0.0097827 -0.078392 -0.00623624 0.0161282 0.58666 -0.494321 -0.784297 1.78424 -0.231329 0.40844 -0.832926 0.315048 0.164571 -0.499495 -0.203223 0.361148 0.546328 0.72975 -0.433975 0.39038 -0.646962 0.583768 -0.487253 -0.275324 0.348341 0.292117 0.234517 -0.320951 0.144081 -0.22059 
5.82449 0.0605422 -0.893622 -0.406614 -0.647959 0.175991 -0.117373 -0.337 -0.0463307 -0.00905613 -0.0953253 -0.00290646 0.0165302 0.833261 -0.69399 -0.44885 1.38889 0.0288926 -0.111322 -0.833474 0.580281 0.449259 -0.725589 -0.133377 0.248301 0.451639 0.296112 0.0737614 -0.0634382 -0.542557 0.570921 -0.728541 -0.0210766 0.122074 0.510957 -0.000435943 -0.0226383 0.000134489 -0.140873 
5.79149 0.0869608 -0.935787 -0.385651 -0.652919 0.23841 -0.181722 -0.336728 -0.0381714 -0.0313411 -0.0826671 0.0165803 0.0234564 0.953314 -0.77886 -0.443738 1.44594 -0.0574889 -0.101069 -1.28876 1.05287 0.593519 -0.765376 -0.197527 0.103654 0.510627 0.255829 -0.0342835 0.109958 -0.323688 0.308965 -0.984777 0.183924 0.259916 0.725475 -0.42832 0.284427 -0.361147 0.00160271 
5.82532 0.0764959 -0.944661 -0.39235 -0.597395 0.149414 -0.134325 -0.339525 -0.0293955 0.0110092 -0.139181 0.0374099 0.0284628 1.08277 -0.894103 -0.367993 1.26732 0.396177 -0.760367 -1.16681 1.23658 0.8586 -0.796495 -0.293955 -0.0171866 0.642766 -0.232759 0.0387979 0.0428247 0.111239 0.0343444 -0.606845 -0.275974 0.697478 0.524465 -0.684629 0.366771 -0.571303 0.276023 
5.83567 0.0690152 -0.947404 -0.355311 -0.632526 0.162398 -0.177276 -0.304459 -0.00600613 -0.0525257 -0.0882251 0.0168066 0.0304498 0.992567 -0.938057 -0.266997 1.10853 0.71561 -1.23087 -1.1601 1.48387 1.04708 -1.10328 -0.212364 -0.0954799 0.633679 -0.254644 -0.201721 0.161273 0.189416 0.242352 -0.647017 -0.232158 0.820952 0.168014 -0.436329 -0.0511726 -0.404474 0.380948 
5.87662 0.0362595 -0.939308 -0.349838 -0.61399 0.123264 -0.187021 -0.283347 0.027072 -0.0803505 -0.0892463 0.0029166 0.0418492 0.335022 -0.618235 -0.366664 1.23964 0.711584 -1.74733 -1.12666 1.92367 1.01886 -1.3392 -0.0506757 -0.193203 0.721313 -0.70508 -0.000497743 0.117984 0.172575 0.413094 -0.763986 -0.0604417 0.790694 -0.209254 -0.206139 -0.154939 -0.0278172 0.232862 
5.8843 0.0158097 -0.949454 -0.296067 -0.645513 0.161227 -0.260858 -0.228677 0.0527005 -0.100849 -0.0937893 -0.00916766 0.0691027 -0.30212 -0.512193 -0.0784047 1.2766 0.84798 -2.40744 -1.02786 2.25554 1.14917 -1.63929 0.157064 -0.209384 0.764434 -1.53 0.553124 0.12804 -0.0640297 0.545275 -1.20295 0.3575 0.47093 -0.261947 -0.273782 0.161924 0.335462 -0.0566563 
5.85509 0.0313078 -0.973278 -0.29998 -0.541782 0.0378388 -0.231385 -0.199255 0.0550905 -0.0921991 -0.136209 -0.00278938 0.100398 -1.31891 -0.234054 0.387274 0.842284 1.21733 -3.04207 -0.794644 2.45885 0.979388 -2.03153 0.408074 -0.0839698 0.674925 -2.02137 0.752817 0.685566 -0.532332 0.363055 -1.39822 0.701708 0.216678 -0.213331 -0.558746 0.621442 0.456954 -0.386836 
5.89745 -0.0248165 -0.937732 -0.282175 -0.559023 0.0221028 -0.257473 -0.150793 0.0692116 -0.165652 -0.107743 -0.00869669 0.0854775 -2.25194 0.0762458 0.928655 0.299296 1.90433 -3.99362 -0.357 2.59921 0.88968 -2.13926 0.0808257 0.276734 0.482128 -2.40846 0.96145 1.15519 -1.08273 0.74689 -1.61745 0.83843 0.0591466 -0.0641119 -0.646767 0.405394 0.542161 -0.470689 
5.80173 0.0257118 -0.969008 -0.235307 -0.565044 -0.0425297 -0.272801 -0.0846133 0.0709276 -0.179439 -0.0892824 -0.00565621 0.104712 -2.93001 0.16008 1.87654 -0.149517 1.89162 -4.07985 -0.248547 2.48519 0.73378 -2.34742 0.300705 0.506277 -0.184526 -1.47492 0.258515 2.01906 -1.56035 0.830576 -0.949198 0.638254 -0.30662 -0.0381273 -0.534243 -0.032827 0.52109 -0.957927 
5.70814 0.0451543 -0.933472 -0.233315 -0.51999 -0.127987 -0.283641 -0.0618831 0.129265 -0.238803 -0.0593254 0.010712 0.115227 -3.30276 0.0791663 2.88004 -0.315707 1.38941 -3.83654 -0.167745 2.22199 0.382475 -2.15602 0.611924 0.372741 -0.591145 -0.178909 -0.485383 2.27459 -0.931135 -0.302125 0.639821 0.0122366 -0.466572 -0.554103 0.245272 -0.20005 0.0364798 -1.14284 
5.6254 0.0513085 -0.846373 -0.334015 -0.423559 -0.275638 -0.211169 -0.0255823 0.0879427 -0.291419 -0.0553308 0.0251571 0.098086 -3.57353 -0.0528956 3.73495 -0.360154 0.894191 -3.40034 -0.0640716 1.67183 0.149012 -1.77166 0.677509 0.403111 -0.92034 0.71661 -0.879389 1.78954 0.363697 -1.56589 1.94559 -0.459906 -0.97066 -0.680962 1.16972 -0.0559488 -0.344118 -0.91695 
5.56252 0.0635166 -0.794001 -0.339899 -0.356211 -0.372132 -0.22667 0.0399626 0.128519 -0.338252 -0.122419 0.0600866 0.0846636 -4.16803 0.0808319 3.9755 -0.0704965 0.597881 -3.11287 -0.0556448 1.24945 -0.0246452 -1.1736 0.40466 0.301701 -0.90282 0.430511 -0.652977 0.692707 1.45336 -2.35776 2.34073 -0.51375 -1.25232 -0.740079 1.65665 0.319671 -0.690966 -0.191393 
5.54763 0.0130063 -0.651282 -0.349541 -0.426931 -0.302418 -0.278365 0.027406 0.122213 -0.371256 -0.0451413 0.0587198 -0.0222343 -5.23705 0.000283869 3.984 0.439286 0.163932 -2.40446 -0.135619 0.912145 0.058135 -0.838099 0.0791236 -0.0276678 -0.715354 -1.81741 0.405226 -1.09239 1.94438 -1.35644 1.0891 -0.0340019 -0.852464 -0.117327 1.48164 -0.366138 -0.694977 1.14356 
5.50076 -0.00123833 -0.573466 -0.284284 -0.521075 -0.287321 -0.298369 0.0466882 0.0640693 -0.316267 -0.0102591 -0.00420933 0.0153541 -7.85403 0.143076 4.04636 1.79728 0.249075 -2.32926 -0.0773478 0.531245 -1.13471 0.224153 -0.0184722 -0.58273 0.088846 -5.20701 1.03679 -1.49617 2.04096 0.830866 -0.659552 0.453262 -0.497521 -0.405993 1.01438 -0.809612 -0.568108 1.93606 
5.42268 0.00216243 -0.506472 -0.304674 -0.456697 -0.389199 -0.228191 -0.0108789 0.0707438 -0.301382 -0.0462417 0.0500913 -0.0059807 -9.70333 0.196784 3.76927 3.25168 0.178412 -2.34191 -0.445251 0.216133 -2.21525 1.14035 0.588543 -1.07488 0.961047 -6.66893 0.85924 -0.970922 2.32597 1.74776 -1.43871 0.0714929 0.107287 -1.88409 0.990712 0.0129925 -0.947861 2.29629 
5.26287 0.0458254 -0.519534 -0.218408 -0.489428 -0.40975 -0.280678 0.0387346 0.0872183 -0.308904 -0.0659386 0.0239879 0.0228085 -10.8874 0.325882 3.546 3.72603 0.525421 -2.41305 -0.525686 0.109159 -3.23941 1.86652 0.783704 -1.34909 1.67519 -4.6966 0.0937523 0.197902 1.7163 1.79673 -1.16942 -0.362441 0.125043 -3.05939 1.32796 0.887215 -0.78927 1.73509 
4.94323 0.0660413 -0.508545 -0.16524 -0.489198 -0.396745 -0.282491 0.0589267 0.141708 -0.336903 -0.0971261 -0.0189231 0.0645479 -11.5332 0.491834 2.85845 4.17928 1.25199 -2.74398 0.00307378 0.00506879 -3.94643 2.16156 0.43989 -1.18572 1.91329 0.157597 -0.599274 0.559241 0.664011 0.872266 -0.205747 -0.182384 -0.245665 -3.21325 1.31532 1.26831 -0.0619793 0.170494 
4.43733 0.0814303 -0.348688 0.017461 -0.334442 -0.578967 -0.235025 0.0177317 -0.161218 -0.180795 -0.0605621 -0.0817038 0.189456 -11.2578 0.0705736 2.54444 4.50656 2.01564 -2.04612 0.179744 -0.200522 -4.17132 1.97555 0.155714 -1.16891 1.80341 5.16104 -1.04674 -0.556579 -0.643531 -0.117006 1.80142 0.281975 -0.357308 -0.461948 -0.0568291 -0.0111594 0.655997 -1.27935 
4.40513 0.0487858 -0.322891 0.102264 -0.372061 -0.628218 -0.318574 0.0313523 -0.2641 -0.143442 0.0853247 -0.105447 0.214499 -10.3165 -0.461568 2.55404 4.18727 2.01915 -0.346052 0.227815 0.367846 -4.32986 1.34321 -0.0297197 -1.55682 1.8425 5.5449 -1.04701 -1.01883 -1.57696 0.0580454 3.52957 1.19228 0.0362112 1.88509 -1.7776 -1.94793 0.679212 -1.60863 
4.34913 0.0608485 -0.265664 0.0670233 -0.351199 -0.583335 -0.346031 0.0613194 -0.296695 -0.101338 0.0135301 -0.0980604 0.221229 -7.82895 -1.23182 1.89586 2.9725 1.96242 1.48263 -0.311292 0.25993 -2.25702 -0.0551119 -0.0030764 -0.931784 0.757041 4.14465 -1.21959 -1.65043 -1.78941 -0.160205 4.61558 0.222898 0.477255 4.49868 -3.58636 -1.70943 0.425724 -1.59599 
4.2432 0.0571869 -0.302022 0.169361 -0.322403 -0.604589 -0.208072 0.00183494 -0.364291 -0.10306 -0.0201381 -0.0631296 0.14978 -3.92095 -1.75066 0.617185 1.27298 0.926764 2.77529 -0.315009 0.185474 -0.0974614 -1.35231 0.0561574 -0.238056 -0.171962 3.72987 -1.1956 -1.87647 -2.98042 -1.1093 4.07723 -1.1381 0.686061 5.8797 -3.98389 -0.27192 0.428934 -1.1037 
4.16231 -0.0280609 -0.264042 0.277237 -0.216284 -0.492647 -0.226826 -0.0173766 -0.359077 -0.12327 -0.0762553 -0.128865 0.212688 0.384289 -2.10102 -0.746805 -0.628984 -0.366908 3.97841 0.124905 0.61104 2.36641 -2.21346 0.240857 0.677761 -1.06813 5.44761 -0.598485 -2.22545 -3.93151 -2.54526 1.43241 -0.878077 0.586381 4.96703 -2.21633 1.76924 1.48318 -1.25009 
4.04105 -0.0482422 -0.183599 0.19072 -0.235974 -0.308525 -0.221085 0.140815 -0.39013 -0.24159 -0.102951 -0.198281 0.261676 1.12729 -1.96253 -1.12397 -1.32401 -0.429026 4.68262 0.56927 0.872196 3.55199 -2.79153 -0.252439 1.23574 -1.43605 6.12616 0.179364 -2.17408 -2.88895 -2.56753 -0.892599 0.158112 -0.036078 3.01522 0.106639 1.95249 2.28623 -1.3479 
4.16026 -0.123771 -0.336819 0.111085 -0.260233 -0.154326 -0.436281 0.0672344 0.0458194 -0.433024 -0.0281266 -0.0614387 0.0687861 1.34797 -1.83816 -0.929731 -1.36348 -0.823563 4.67169 0.821266 0.912284 3.07175 -2.70154 0.281906 1.36085 -2.11821 2.28353 1.12399 0.186029 -0.328417 -1.03243 -2.06215 2.35432 0.131738 -2.38734 2.4882 0.398331 1.16187 -0.612088 
4.39954 -0.146982 -0.433202 -0.0139931 -0.414936 -0.203922 -0.288847 0.0331108 0.0406757 -0.43125 0.00917096 -0.0395181 0.0906064 0.853155 -1.32951 -0.480547 -2.3552 -1.25425 3.78004 0.747083 1.33167 2.60985 -1.7234 0.40032 1.13031 -2.34416 -3.94083 1.50244 2.38178 1.77619 1.14281 -1.95468 1.98003 0.420272 -4.94772 3.12135 -1.02957 -0.603832 -0.449856 
4.68257 -0.178332 -0.446684 -0.0799625 -0.461104 -0.191107 -0.177715 0.13147 0.0370044 -0.317829 0.098299 0.0537665 0.0635898 -0.578687 -1.05099 -0.82682 -3.01223 -1.53945 2.51083 1.52372 1.15124 1.42283 -0.612217 0.166516 1.51954 -2.28141 -8.48031 0.952416 2.45558 1.44038 1.81543 -1.47073 0.540733 0.0659553 -4.81358 2.18053 -1.95324 -1.87481 0.379072 
4.35922 -0.13645 -0.384333 0.0147163 -0.339636 -0.0366484 -0.209742 0.159997 0.0699146 -0.437423 -0.0680485 0.0609552 0.0392768 -2.89675 -1.12177 -0.875463 -2.73267 -1.07524 1.12091 1.9584 0.847793 0.532007 0.100786 -0.110788 1.04646 -2.12865 -7.29831 -0.246327 0.437902 -0.831577 0.620109 -1.9656 -0.275944 -0.10648 -2.20049 1.07006 -0.798139 -1.82618 0.760582 
4.24935 -0.153642 -0.282641 0.0719156 -0.377015 -0.0182887 -0.147076 0.123271 -0.160153 -0.381255 0.00463171 0.0180811 -0.108129 -6.03903 -1.22507 -0.782425 -2.47264 -0.487337 0.243171 2.70413 0.646114 -1.15642 0.870976 -1.03161 0.344369 -1.26391 -4.18818 -1.26766 -2.47509 -2.0355 0.0270143 -2.03278 -0.509735 -0.886913 1.56706 -0.202234 -0.548136 -0.479288 1.39758 
4.10154 -0.12326 -0.280375 -0.129684 -0.41337 -0.142091 -0.151426 0.203617 -0.0888412 -0.271303 -0.029781 -0.0491806 -0.083149 -7.89518 -1.05273 -0.607202 -1.78035 0.219847 -0.85603 1.58341 -0.0685532 -1.17452 0.4597 -1.50654 0.468002 -0.793605 -0.455518 -1.12563 -2.6238 -0.232761 0.0706529 -1.97613 -0.227272 -1.74595 1.5839 -1.18478 -0.351839 0.832622 1.67975 
3.9378 -0.222242 -0.437471 -0.22311 -0.428533 -0.0996021 -0.0625178 0.163591 -0.133661 -0.27838 -0.0865783 0.0743162 0.00224578 -8.52472 -0.936366 -0.720306 -2.14226 -0.191551 -1.25871 1.12873 -1.6639 -1.00233 0.65722 -1.38662 0.293941 -0.151194 1.86832 0.273566 -0.274888 1.36565 0.15981 -1.16992 -0.820142 -2.40737 0.897961 -0.582284 0.11488 0.825688 1.05355 
3.74101 -0.272865 -0.4444 -0.221926 -0.400366 -0.14346 -0.0881792 0.197292 -0.0084707 -0.396493 -0.0439167 -0.0247304 -0.0907744 -7.11996 -0.823292 -1.11524 -2.98125 -0.641165 -1.72829 1.37876 -1.19885 -0.190629 0.869713 -0.518531 0.399961 0.227137 2.55156 1.61081 1.54379 1.18562 -0.107547 0.131496 -0.737969 -1.48974 -0.116541 0.365474 0.464767 0.681278 0.687628 
3.5812 -0.316968 -0.554623 -0.243452 -0.390847 -0.158271 0.0170738 0.0786614 -0.081405 -0.302602 -0.163342 0.0308219 -0.0498761 -6.13287 -0.469515 -0.895241 -2.61955 -0.58316 -1.61361 0.955346 -1.00645 0.120448 0.106909 -0.185942 0.629906 0.434931 3.09118 1.88182 2.57637 0.0887101 -0.790647 0.775495 -0.675478 0.726748 -0.562481 0.325235 2.00102 -0.217899 -0.358662 
3.63876 -0.22083 -0.435307 -0.144385 -0.369422 -0.368822 -0.121008 0.0268518 -0.131578 -0.373928 -0.160495 0.123475 0.0147365 -4.88569 -0.340507 -0.351463 -1.38842 -0.241807 -1.15684 0.781257 -1.22731 -0.420504 -0.226398 0.104776 0.982131 0.515663 1.99493 0.607983 1.15718 -0.807044 -0.490507 1.62058 0.251122 2.34697 -0.097722 0.0701953 1.72044 -0.611312 -0.525311 
3.51594 -0.230075 -0.411533 -0.315456 -0.482987 -0.18632 -0.0599694 -0.160759 -0.121926 -0.209174 -0.091501 0.0678792 0.0169764 -3.57062 0.211479 0.606366 -0.79276 0.101907 -0.860739 0.157078 -0.993192 -0.595235 -0.199283 0.42411 0.711264 0.237107 1.51051 -0.455661 0.00489497 0.923389 0.979755 0.911245 -0.0926916 2.47057 -0.349694 -1.38598 0.450946 0.0213238 -0.450436 
3.44983 -0.212482 -0.45972 -0.427631 -0.451844 -0.214665 0.0345114 0.182923 0.00189105 -0.291687 -0.0410335 0.0481426 -0.0336803 -2.98632 0.0244433 1.02501 -0.470076 0.115659 -0.732264 -0.132172 -0.779995 -0.970546 0.163685 0.790762 1.04681 0.527313 0.666269 -1.11931 0.112064 2.51021 1.45087 0.00258487 -1.11647 -0.390363 -0.787498 -0.840423 -0.464202 0.368909 0.0529753 
3.44141 -0.213197 -0.387186 -0.332723 -0.474459 -0.267561 -0.0407598 0.0919658 -0.173181 -0.379484 -0.00180849 0.0687324 -0.0702409 -2.70388 -0.323136 1.30392 -0.111787 0.236867 -0.60164 -0.512126 -0.234135 -0.685696 -0.0506589 1.26787 0.80524 0.330211 -0.0218868 -1.0772 0.0453882 1.97649 1.08112 -0.487135 -1.03752 -1.46032 -0.111832 0.662764 -0.787351 0.552689 0.664257 
3.41432 -0.267085 -0.434068 -0.273726 -0.390603 -0.262717 -0.0145151 0.0175474 -0.159378 -0.327835 -0.0865663 0.154839 0.0548717 -2.73519 -0.849284 0.919703 0.169738 0.400454 -0.367487 -0.353872 -0.083576 -0.606117 0.0995896 1.08765 0.660512 0.222374 -0.167892 -0.415046 0.535811 0.594015 -0.222124 -0.790254 -0.928462 -0.918837 0.390617 0.994756 0.20715 -0.0733599 0.147194 
3.40729 -0.22768 -0.371244 -0.267003 -0.347967 -0.209239 -0.0884596 0.00443167 -0.156769 -0.361814 -0.059196 0.117333 -0.0254255 -2.15321 -0.896895 0.909834 0.955941 0.67547 -1.02332 -0.768834 -0.11284 -0.690937 -0.117762 0.742053 0.853677 0.363271 -0.147118 -0.212344 -0.0854273 -0.80411 -1.14747 -0.333464 0.299459 0.0632985 0.712524 1.08839 0.487661 -0.478903 0.0199751 
3.25572 -0.314812 -0.33239 -0.252795 -0.395153 -0.321043 -0.100121 -0.000562986 -0.167871 -0.291632 0.0162765 0.156193 0.0244526 -1.80231 -0.89675 0.91592 0.9952 0.408396 -0.814414 -0.899489 -1.05274 -0.691203 0.406364 0.564653 0.736147 0.505652 1.07153 0.514978 -0.674763 -0.983156 -0.728183 0.250547 0.814936 1.10219 0.621889 -0.107105 -0.102533 -0.627956 -0.381374 
