2.72322 -0.398048 -0.272932 -0.436517 -0.307384 -0.320535 -0.142057 0.0741739 0.0102824 -0.131825 -0.111972 -0.0484224 -0.00225655 -2.86422 -1.5963 0.106365 0.834352 0.608376 1.12474 0.2192 -1.49958 -0.874712 0.478967 1.10255 0.639353 0.218818 -2.02366 -1.08154 0.428048 0.719652 0.221427 0.564886 0.59956 -0.693838 -0.534869 0.609553 0.767963 0.141276 -0.138833 
2.55386 -0.502414 -0.331479 -0.406278 -0.229244 -0.21434 -0.219012 -0.0886008 -0.0535235 -0.147705 -0.0472425 0.0566633 0.0732959 -3.04342 -1.65095 0.339832 1.02508 0.715855 1.13695 0.191982 -1.82711 -0.918496 0.603463 0.932614 0.561072 0.225166 0.11857 0.240647 0.981905 0.409768 -0.341031 -0.76736 0.787124 0.45222 0.360552 0.985076 -0.160537 -0.560032 -0.513707 
2.42924 -0.564746 -0.282038 -0.374435 -0.252006 -0.162253 -0.106722 -0.0598327 -0.111116 -0.15785 -0.0120485 -0.026912 -0.00446774 -3.03778 -1.54442 0.591274 1.20222 0.779079 0.938051 0.117714 -1.80225 -0.863942 0.804893 0.879973 0.545646 0.160024 1.90142 1.29909 0.782027 0.0211811 -0.275114 -1.56766 -0.193727 0.66568 1.01194 0.925521 -0.844525 -0.269352 -0.127249 
2.42304 -0.571813 -0.253093 -0.337942 -0.248257 -0.191134 -0.111138 -0.067968 -0.0903028 -0.106663 -0.022987 0.000438868 0.0156441 -2.61927 -1.25367 0.600267 1.28179 0.869571 0.798265 0.116994 -1.49435 -0.784596 0.807857 0.564283 0.3383 0.199295 2.23279 1.46665 0.117074 -0.253311 0.0554399 -1.06672 -0.707033 0.673879 0.726801 0.030742 -1.10145 -0.303243 0.125793 
2.42162 -0.557361 -0.242029 -0.34046 -0.246859 -0.24209 -0.108874 -0.0864167 -0.056306 -0.0139727 0.0307817 0.0377433 0.0212399 -1.86525 -0.836204 0.621906 1.10849 0.771377 0.541822 -0.215957 -1.21231 -0.537094 0.658192 0.209669 0.109705 0.264364 1.55679 0.875704 -0.497051 -0.334906 0.283272 0.021153 -1.05222 0.457745 0.0963054 -1.09424 -1.05576 -0.35731 0.377667 
2.41214 -0.562745 -0.218793 -0.317097 -0.217222 -0.199402 -0.143241 -0.157588 -0.0887582 -0.0754237 -0.0553584 -0.0025869 0.0280152 -0.350525 -0.0549182 0.446841 0.473576 0.287106 -0.00753696 -0.0584025 -0.257346 0.0428279 0.645373 -0.269586 -0.427453 -0.0946925 1.06761 0.366216 -1.01014 -0.789709 -0.127849 0.40369 -0.438034 0.831617 0.0796698 -0.977122 -0.275075 -0.365996 0.094124 
2.38058 -0.563625 -0.200765 -0.290639 -0.205745 -0.221895 -0.1553 -0.127429 -0.0889338 -0.04209 -0.0118809 0.0245857 0.0177104 2.35983 0.918399 -0.819053 -0.443509 0.11502 0.0577789 -0.238953 0.04241 0.251789 0.20687 -0.683889 -0.32644 -0.138412 3.09652 0.893556 -1.73153 -1.65733 -0.869176 0.387623 0.588951 1.22111 0.311928 -0.806738 -0.315902 -0.702763 -0.594565 
2.39814 -0.558965 -0.243335 -0.278563 -0.173518 -0.182458 -0.140224 -0.107071 -0.10754 -0.0692726 -0.0526202 -0.00514219 0.0488055 5.64177 1.3451 -2.20133 -0.584834 0.216538 0.191299 -0.12337 0.853343 0.477896 -0.929798 -1.52582 -0.264151 -0.382969 6.54431 1.44717 -2.5764 -1.54914 -0.866867 -0.20739 0.795014 1.48806 0.886944 -0.894737 -0.913228 -0.0042144 -0.926532 
2.40075 -0.567514 -0.232775 -0.30229 -0.187223 -0.177103 -0.222823 -0.158849 -0.0949564 -0.0917917 -0.0475128 0.000365646 0.0680203 10.1322 1.23027 -3.13546 -1.28497 0.00767741 0.614403 0.325225 2.12829 0.468888 -1.34411 -1.98688 0.164768 -0.5451 10.1806 1.06215 -2.91405 -1.1851 -0.354491 -0.0292767 1.19908 2.2096 0.667164 -0.899734 -1.38581 0.927539 -0.831833 
2.51031 -0.518926 -0.271912 -0.384138 -0.253703 -0.214474 -0.120388 -0.0488706 -0.0381611 -0.0475716 -0.0625584 -0.0645783 -0.0204416 14.6484 1.16019 -3.79824 -1.87847 -0.307446 1.10658 1.37425 2.9224 0.34378 -1.10051 -1.769 1.00456 -0.843235 11.2053 -0.303328 -1.9135 -0.317821 0.330298 1.02018 1.18969 1.7707 -0.383057 -0.800356 -1.06914 2.0591 -0.154332 
2.96768 -0.37068 -0.471179 -0.479384 -0.25991 -0.167033 -0.103303 -0.0399666 -0.0632547 -0.11308 -0.11488 -0.0404316 -0.0405943 18.265 0.364942 -3.89512 -2.02219 0.104824 1.63469 1.5548 2.36011 -0.428206 -0.939531 -1.97086 1.17439 -0.729926 7.62329 -2.49752 0.576938 0.443778 0.871975 1.48358 0.920042 0.315918 -1.54313 0.599476 0.221029 1.86524 0.482424 
3.36981 -0.396486 -0.597001 -0.343524 -0.170724 -0.203264 -0.140705 0.0640262 0.0105899 -0.266283 -0.282687 0.0300829 -0.0220716 20.3796 -0.751462 -3.74597 -1.72987 0.163113 1.53749 0.949001 2.23078 -1.16046 -0.419778 -1.44931 1.53043 -0.514674 1.98121 -3.42231 2.25997 0.286236 0.495924 1.26904 -0.196677 -1.68997 -2.63019 2.15 1.93492 0.528871 0.856282 
3.91483 -0.480969 -0.599888 -0.521115 -0.232684 -0.10502 -0.0604277 0.221164 -0.0437792 -0.176785 -0.241459 0.101801 -0.031006 20.6439 -2.23967 -3.17641 -1.29113 0.641292 1.66354 0.505939 2.0612 -2.2178 0.356227 -0.51112 1.7054 -0.228949 -4.2137 -3.29213 2.53646 1.12012 0.635138 -0.158181 -2.05186 -2.94264 -2.53679 2.28113 2.63525 -0.850548 0.872423 
4.29598 -0.465138 -0.632577 -0.537103 -0.257104 -0.00252749 0.0995274 0.196298 -0.103669 -0.145702 -0.193549 0.183228 -0.0836642 18.7859 -3.18064 -1.45089 -0.662209 0.707905 1.41044 -0.85902 1.22826 -2.87983 0.648788 0.385475 1.77277 0.409703 -7.60256 -2.07396 2.53778 1.30369 0.258252 -1.76251 -3.6515 -1.93197 -1.34642 1.36457 2.24312 -1.56582 0.880265 
4.55155 -0.616641 -0.617784 -0.503023 -0.114864 0.0129853 -0.0225322 0.016842 -0.236664 -0.122476 -0.246894 0.102522 -0.0154983 16.8783 -1.51706 0.320731 -0.794438 0.198654 -0.419212 -2.29874 0.0192028 -3.00959 0.674106 1.07361 0.936078 0.493314 -6.12096 2.48366 2.2177 0.434237 -0.966604 -3.36481 -3.62664 -0.635446 0.440956 -0.607133 1.32564 -1.1451 0.316405 
4.75032 -0.709306 -0.678562 -0.473565 -0.192116 -0.0621275 -0.173868 0.13099 -0.263489 -0.0862122 -0.168272 0.141387 0.0119903 16.1338 0.99691 0.140847 -1.14137 -0.368497 -1.23974 -3.55766 -1.39626 -2.88995 0.627855 1.60143 0.366569 0.217165 -1.57977 6.76851 1.10822 -0.546267 -1.31196 -3.26991 -2.3811 -1.06821 1.74709 -2.06919 -0.284772 -0.766585 -0.482921 
4.85825 -0.844503 -0.639693 -0.49779 -0.124019 -0.0156703 -0.156672 0.160084 -0.365139 0.000798549 -0.0522853 0.162479 -0.0106907 15.1299 3.05938 -0.607128 -0.919451 -0.616846 -1.58594 -4.04105 -2.13773 -2.22762 -0.164824 1.17139 -0.0346475 0.277176 3.09216 8.62061 -1.22587 -1.57187 -1.82758 -1.53724 -0.425825 -1.62556 2.17699 -2.31596 -1.46917 -0.462195 -0.784181 
4.93942 -0.76839 -0.462994 -0.475389 -0.197404 -0.0754561 -0.288009 0.125756 -0.346443 -0.0743959 -0.0689842 0.1706 0.0386486 14.7868 4.31357 -1.28432 -1.47373 -1.25288 -1.35937 -3.53632 -1.66986 -1.44414 -0.633998 0.773326 -0.216744 0.499351 4.33243 5.48649 -3.90901 -1.48892 -1.07406 1.4569 2.32486 -1.12839 1.55194 -1.22126 -1.64754 -0.145577 -0.555407 
5.42475 -0.228208 -0.460103 -0.606642 -0.260816 -0.397467 -0.451038 -0.0345964 -0.347243 -0.192133 -0.107659 0.068321 0.0031229 14.3419 5.35459 -2.01398 -1.95039 -2.03927 -0.455718 -2.00185 -1.06177 -0.385909 -0.789569 0.312416 -0.0182633 0.469939 0.302675 -1.88316 -3.93484 -0.355525 -0.180765 4.66289 4.14364 0.980361 0.953689 0.587976 -1.24825 0.385042 0.586882 
5.87241 -0.128237 -0.745942 -0.596887 -0.26931 -0.250235 -0.509858 -0.0937581 -0.330795 -0.16428 -0.0936126 0.138159 -0.0557352 13.4059 5.27786 -2.50246 -2.15553 -2.1601 0.568636 -0.681163 -1.23258 0.252112 -0.801498 -0.340579 -0.0364052 0.525858 -4.85493 -5.90356 -0.990625 0.197205 -0.202518 4.01786 4.27534 2.70991 0.737802 1.41015 -0.455908 0.473643 1.22945 
6.0311 -0.148244 -0.799379 -0.653874 -0.303443 -0.107167 -0.370863 -0.0686984 -0.354313 -0.172183 -0.118003 0.136737 0.00136611 11.8039 4.32209 -2.9125 -2.02362 -2.39209 1.27521 0.235438 -0.798164 0.98235 -0.635137 -0.719219 0.121299 0.617069 -7.26493 -5.73593 1.70907 0.675548 0.0286617 1.57405 2.26404 2.19161 0.883563 1.39512 0.144981 0.428845 0.648451 
6.18034 -0.182653 -0.828668 -0.703523 -0.356092 -0.0627529 -0.281719 0.00403097 -0.347289 -0.179654 -0.120372 0.128534 0.0589346 9.17992 2.0847 -2.88285 -1.85366 -2.22196 2.02448 1.26364 -0.0899503 1.41201 -0.0188454 -0.691452 0.52994 0.660778 -6.81555 -2.8674 2.96193 0.842894 -0.00596642 -1.09735 -0.374764 0.483499 1.20145 0.562115 0.105456 0.459197 -0.196597 
6.24483 -0.181151 -0.858121 -0.709736 -0.39401 -0.011032 -0.27955 0.0158879 -0.279617 -0.140825 -0.165699 0.128577 0.0843458 5.44424 -0.361011 -1.59553 -1.21384 -2.3175 2.32071 1.83892 0.759044 1.93403 0.399501 -0.842958 1.06978 0.969521 -4.3966 -0.192624 2.5554 0.613296 -0.0425063 -2.65154 -1.44705 -0.552442 0.992411 -0.201964 -0.0321249 0.558069 -0.696588 
6.28981 -0.200215 -0.872702 -0.727614 -0.439646 -0.00237385 -0.275189 0.000379248 -0.262412 -0.132727 -0.140077 0.161641 0.0624736 2.31518 -0.539974 0.281522 -0.901331 -2.78116 0.720414 1.59253 0.961141 2.24171 0.370056 -0.942811 1.14249 1.03127 -3.14315 0.402115 1.78638 0.746195 -0.358283 -2.24422 -1.06157 -0.294162 0.651714 -0.250337 -0.321589 0.76534 -0.3599 
6.30939 -0.200036 -0.840846 -0.736321 -0.452069 0.00823124 -0.250206 0.00488614 -0.212264 -0.136047 -0.143061 0.171802 0.0564288 -0.364584 0.151673 1.01704 0.296391 -3.2235 -0.785538 0.93276 0.175269 3.03665 0.570502 -0.721082 1.51508 0.431446 -3.74304 0.894843 1.44061 1.38503 -1.08396 -2.1507 -0.192022 -0.357143 0.590525 0.0152271 -0.233772 0.643986 -0.0627611 
6.30879 -0.22413 -0.820083 -0.762217 -0.501647 -0.0215753 -0.262886 0.00544089 -0.147539 -0.144787 -0.18014 0.215774 0.0840143 -5.00706 0.556847 1.97724 1.84209 -2.92819 -2.45144 1.15318 -1.23692 3.18607 1.04014 -0.397951 0.986438 0.132621 -6.71681 1.25266 1.3152 2.76848 -0.715624 -2.63237 0.714975 -1.53436 0.409866 0.799785 0.50539 -0.490834 -0.253132 
6.29202 -0.216256 -0.771637 -0.738859 -0.570738 -0.0615794 -0.238497 0.044886 -0.0934215 -0.136677 -0.236048 0.251745 0.112275 -11.8739 0.879366 4.03614 4.23382 -1.7003 -4.22344 1.77974 -1.92876 1.78488 0.464816 -0.858819 -0.407575 0.12394 -12.3589 1.16183 2.37713 4.71321 1.41359 -3.18654 1.30211 -2.7522 -1.1633 0.486584 0.423563 -2.48929 -0.506111 
6.17516 -0.186763 -0.704979 -0.722488 -0.676838 -0.129727 -0.227753 0.0633843 -0.0827484 -0.117024 -0.216557 0.283098 0.11334 -18.0035 1.80725 4.95906 6.15078 -0.098696 -5.49521 1.45216 -2.08074 1.01952 0.122629 -1.02143 -1.71416 -0.136601 -15.7391 1.09746 2.83892 5.38655 4.22917 -3.08714 0.775533 -2.33125 -2.61737 -0.570582 -0.105733 -3.98304 -0.685342 
5.91551 -0.0837126 -0.694282 -0.54234 -0.764893 -0.223247 -0.201749 -0.0851606 0.0846293 -0.0755894 -0.180944 0.324467 0.0490735 -17.3875 1.71206 3.49958 7.61002 0.603732 -5.93439 1.27581 -2.53616 0.825852 0.128068 -0.365901 -2.45229 -0.244801 -8.1089 0.0602012 0.480349 3.66905 4.86822 -1.4798 -0.363293 -0.247233 -2.96397 -1.38582 -0.211197 -3.66804 -0.179617 
5.23724 -0.119191 -0.5584 -0.370476 -0.661713 -0.435322 -0.07842 -0.270915 0.0565006 0.0237604 -0.146938 0.147511 0.0791493 -14.1617 1.91966 2.61003 7.52735 0.00283322 -5.42314 0.472028 -2.17808 1.20899 0.658234 0.336208 -2.62299 -0.63555 8.3297 -0.222364 -3.29708 -0.354345 0.984276 1.63579 -2.46354 2.39265 -0.348795 -0.853257 0.487115 -0.405795 -0.22409 
4.29615 -0.0895811 -0.18687 -0.0260574 -0.452324 -0.599403 -0.015205 -0.232293 -0.237227 -0.179156 -0.347211 -0.0558829 0.0991702 -9.39157 1.89284 1.27963 6.61632 -0.890594 -4.20065 -0.834119 -0.878545 1.25998 0.581852 0.745761 -2.13346 -0.888627 23.9006 -0.453206 -6.85465 -4.93014 -4.62545 4.45928 -3.75826 3.78961 3.21939 1.15281 2.09373 3.43366 -0.414559 
3.92878 0.0831511 -0.273599 0.0323836 -0.335556 -0.673159 -0.18982 -0.171231 -0.135342 -0.169284 -0.272699 -0.0801843 0.0145003 -3.97349 1.61886 0.247486 4.74588 -1.60036 -2.42056 -1.93203 0.412723 1.34688 0.533167 0.99285 -1.68451 -0.881796 25.6017 -0.940957 -5.17272 -6.81615 -7.29942 5.47838 -2.90179 3.48962 3.33402 1.77181 1.9382 4.50098 -0.163272 
4.97994 -0.082711 -0.704842 0.125831 -0.488691 -0.641368 -0.135033 -0.274486 0.0221418 -0.0996142 -0.12694 -0.0315903 0.0624643 1.28847 1.39014 -0.486204 2.0722 -2.53514 -0.17573 -2.85174 1.40877 1.14168 1.15161 1.00474 -1.34883 -0.431048 10.1319 0.0810306 0.222895 -6.20369 -4.66374 4.57762 -1.71463 2.08022 0.818284 1.47982 0.158598 2.34513 0.152959 
5.28046 0.0221371 -0.560215 -0.0354033 -0.811257 -0.576762 -0.28808 -0.145461 0.174796 0.043996 -0.108281 0.0492559 -0.00061942 6.0063 1.41751 -1.15311 -0.54702 -3.54678 2.14385 -3.64632 1.67526 1.64725 1.84929 1.17424 -0.589906 -0.270505 -5.15488 -0.0928467 3.14187 -3.51215 1.1247 2.78416 0.35806 -0.71707 -2.35468 0.563312 -1.1994 -1.2004 1.07298 
5.41005 0.0491931 -0.626224 -0.0348939 -0.912213 -0.507946 -0.40729 0.0516249 0.107619 -0.0517054 -0.126377 0.128715 -0.0149451 7.81962 1.1317 -1.03634 -3.06393 -3.95405 3.61464 -3.47231 0.860335 1.88266 2.92126 1.8091 -0.396304 -0.231032 -12.1975 -0.0354599 4.25007 -1.68074 4.62018 1.27827 1.66502 -3.19484 -3.05177 0.57897 -1.23452 -3.22663 1.04941 
5.36832 0.0458921 -0.563751 -0.122113 -0.882575 -0.440133 -0.421817 0.0117966 0.11274 -0.0316488 -0.0836666 0.0518399 -0.0100339 4.9275 0.92334 0.668138 -3.99977 -3.24372 4.23831 -2.61878 -0.113832 0.823889 2.97078 1.48623 -0.899803 -0.194893 -9.13398 0.0493887 2.06531 -0.814831 4.20247 0.271854 1.69182 -3.69648 -1.45118 0.869035 0.0417807 -2.21689 0.0927989 
5.24444 0.0858768 -0.520489 -0.189197 -0.884162 -0.333399 -0.436528 -0.0934026 0.0779115 0.136824 -0.128735 -0.0656475 0.0690364 -0.330318 1.30715 2.08225 -4.38164 -1.61666 4.10227 -2.0685 -0.997951 0.036769 3.0745 1.2201 -1.4537 -0.402426 -1.87184 -0.457895 -0.130493 -0.171589 1.74574 -0.640195 1.68523 -2.57698 0.25341 0.357385 1.20773 0.0310401 -0.985994 
5.2003 0.0892477 -0.471041 -0.267447 -0.845139 -0.248732 -0.489946 -0.129311 0.086548 0.168303 -0.111893 -0.0987301 0.0657427 -1.27486 0.794129 1.37517 -4.07877 -0.0153346 3.39169 -0.778639 -2.3935 -0.393395 3.58418 1.26274 -1.6376 -0.178777 1.56547 -0.201189 -0.984718 0.174392 -0.240683 -1.5854 1.40506 -0.751195 0.748381 0.498553 0.883229 1.62411 -1.18387 
5.14319 0.0985378 -0.389165 -0.387975 -0.843086 -0.202206 -0.474007 -0.178505 0.0546494 0.198661 -0.0207974 -0.124667 0.00204789 -0.871876 0.622811 1.17628 -4.50933 0.645253 2.66593 -0.102293 -3.07417 -0.250128 4.22269 1.33181 -1.0542 -0.292374 3.16932 -0.341256 -1.99644 0.539906 -0.117035 -2.0066 1.04698 0.500636 0.295348 0.44772 -0.243762 2.27254 -0.241553 
5.1197 0.135323 -0.414343 -0.427608 -0.870763 -0.150606 -0.482041 -0.243492 0.0978002 0.240418 0.0216472 -0.112744 -0.0430871 0.378736 0.417211 0.531307 -4.50718 0.766908 2.18598 0.240541 -2.72908 -0.466904 3.74934 1.22063 0.158179 -0.324749 3.07866 -0.609722 -1.54167 -0.00428063 0.758007 -1.59224 0.834445 0.797804 -0.545759 0.226126 -0.997406 1.94202 0.84829 
5.19337 0.123676 -0.435391 -0.462552 -0.892149 -0.136137 -0.456297 -0.300108 0.122114 0.346523 0.0349047 -0.109183 -0.033732 1.6973 0.0442173 -0.133639 -4.08377 0.783754 1.6747 0.977957 -2.37278 -0.949199 2.99855 0.920821 1.06871 -0.0105076 1.87934 -0.593408 -0.834285 -0.118646 1.03292 -0.520079 0.704244 0.79093 -1.50332 -0.815463 -1.39218 1.37566 1.4982 
5.27388 0.116926 -0.467084 -0.531911 -0.846313 -0.185257 -0.406503 -0.331115 0.0788618 0.489876 0.006801 -0.084674 0.00205026 2.48853 -0.185095 -0.824232 -3.28857 0.658714 1.32501 1.79604 -2.12087 -1.59896 2.57694 0.157745 1.31002 0.725976 0.648495 -0.545805 -0.318798 0.711006 0.335241 0.523401 0.845083 0.664128 -1.71137 -2.32354 -1.16881 0.517068 1.39829 
5.3086 0.121202 -0.461377 -0.67816 -0.767697 -0.155784 -0.436441 -0.327835 0.0455814 0.489945 0.0235204 -0.00717883 -0.0185101 3.05875 -0.494775 -1.24033 -2.37079 0.533931 1.17893 2.16104 -1.56629 -1.84981 1.60071 -0.507457 1.1685 1.33844 -0.0763493 -0.474534 -0.263501 2.21294 -0.95073 0.5899 1.32041 0.488146 -1.13944 -2.67435 -0.888504 -0.827793 1.08987 
5.36555 0.103577 -0.46568 -0.731308 -0.765344 -0.0751052 -0.407896 -0.363345 0.00723867 0.443095 0.0340275 0.0366339 0.0152301 3.1281 -0.752882 -1.1797 -1.7176 0.439781 0.944836 2.26173 -0.628022 -1.99125 0.34307 -0.931326 0.8123 1.50884 -0.384445 -0.277748 -0.361246 2.8425 -1.42274 -0.238799 0.843938 1.05938 0.161096 -2.19558 -0.754461 -1.65957 0.311391 
5.42358 0.0794512 -0.508628 -0.691076 -0.791876 -0.0594921 -0.291243 -0.414502 -0.0906378 0.472361 -0.026417 0.034245 0.103289 2.86365 -0.8051 -1.19216 -1.05876 0.405699 0.723946 1.75457 0.545658 -1.45274 -1.13592 -1.26456 0.396747 1.28343 -0.356268 -0.117167 -0.0737112 1.86035 -0.721909 -1.05109 -0.830921 2.25272 1.81594 -1.92455 -0.38617 -1.59344 -0.813029 
5.46041 0.0737805 -0.555337 -0.656512 -0.80269 -0.0573547 -0.220045 -0.415673 -0.139813 0.47007 -0.0715859 0.00939978 0.138342 2.78376 -0.822464 -1.47686 -0.221419 0.377377 0.419952 0.893843 1.71454 -0.357191 -2.29944 -1.50959 -0.256776 1.00731 -0.169863 0.0537914 -0.00478601 0.429277 0.549452 -1.43819 -2.58135 3.07416 2.89196 -1.69368 -0.172356 -0.946202 -1.41199 
5.51432 0.0464509 -0.557233 -0.644883 -0.831036 -0.0432717 -0.212422 -0.375689 -0.105311 0.375375 -0.0538825 -0.02619 0.12878 2.91058 -0.934906 -1.6838 0.716023 0.238892 -0.542021 0.56629 2.91835 0.380162 -2.73505 -1.61384 -0.880574 0.796136 0.0597 0.123319 -0.198542 -0.182027 1.24876 -1.55376 -2.80216 3.00115 2.5095 -1.10846 -0.0838348 -0.243159 -1.19536 
5.539 0.0370323 -0.561946 -0.654731 -0.822419 -0.0720702 -0.229044 -0.279867 -0.0860508 0.318845 -0.0929162 -0.0293064 0.113642 2.99158 -1.00131 -1.79009 1.39537 0.333961 -1.80125 0.194402 4.26402 0.959826 -3.11663 -1.48643 -0.878217 0.464237 0.476191 -0.0810102 -0.492689 0.638772 0.775274 -1.73725 -1.20298 2.0636 1.11963 -0.413384 0.201076 0.21459 -0.286199 
5.58387 0.0271462 -0.591942 -0.670466 -0.767639 -0.100734 -0.30972 -0.165121 -0.00517746 0.241357 -0.141342 -0.0352077 0.0990082 2.88582 -1.09668 -1.56379 1.96109 0.182477 -2.7833 0.0201695 5.16161 0.982907 -3.4091 -0.905549 -0.488547 -0.0155238 0.371496 -0.332015 -0.231288 1.89267 -0.569185 -2.05317 1.28629 0.800465 -1.12631 0.405845 0.791111 0.668409 0.30813 
5.65397 0.0233746 -0.67809 -0.642873 -0.713685 -0.127128 -0.387215 -0.075959 0.0779462 0.187828 -0.17661 -0.0797675 0.110159 2.55606 -1.25371 -1.13398 2.72285 -0.086369 -3.67839 0.343764 5.14046 0.289734 -3.36531 -0.115968 0.143171 -0.347092 -0.436243 -0.483826 0.817302 2.40397 -1.64843 -2.02306 2.76652 -0.48577 -2.84231 0.600613 1.69482 1.3627 -0.0237939 
5.72015 -0.0170333 -0.679711 -0.57623 -0.753904 -0.227971 -0.298891 0.0275704 0.0314206 0.150941 -0.159165 -0.0956184 0.117642 1.90804 -1.40965 -0.360375 3.45791 -0.434111 -4.23723 0.941493 4.22448 -0.966911 -2.66017 0.627017 0.757628 -0.427394 -1.52639 -0.404262 1.92644 1.82724 -1.62257 -1.06644 2.12302 -2.05121 -3.16141 0.778962 2.15288 1.67947 -0.57289 
5.77685 -0.0443589 -0.714836 -0.469023 -0.770685 -0.349805 -0.24565 0.148607 0.0217382 0.0796274 -0.163643 -0.0386847 0.142059 0.978102 -1.56721 0.869801 4.04178 -0.93877 -4.48816 1.49755 2.85877 -2.16763 -1.87783 1.49319 1.27093 -0.611657 -2.51413 -0.198789 2.94345 0.544458 -0.904736 0.147219 0.624716 -3.40791 -2.68783 1.43974 1.94233 1.27728 -0.961619 
5.77604 -0.0709586 -0.689675 -0.37871 -0.83601 -0.429865 -0.18422 0.200085 -0.0754398 0.0578895 -0.110197 -0.0044988 0.10306 -0.410152 -1.58479 2.48177 4.3336 -1.25315 -4.56827 1.67172 1.53696 -2.81739 -1.17533 2.25079 1.46762 -0.92844 -2.91912 0.0677889 3.33017 -0.554233 0.248886 0.918185 -1.08439 -3.58909 -0.821744 1.69554 1.12543 0.294814 -0.763153 
5.75013 -0.0998484 -0.641112 -0.291843 -0.849852 -0.516331 -0.149659 0.175201 -0.152827 0.00906918 -0.0185233 0.0487159 0.0519926 -2.44793 -1.2158 4.15104 4.11468 -1.09454 -4.44129 1.11868 0.855007 -2.55795 -0.846287 2.65886 1.22981 -1.44658 -3.32146 0.612893 3.09237 -1.152 0.98764 1.03146 -2.14026 -1.96618 1.40825 1.36131 0.0659948 -1.10254 -0.475967 
5.70617 -0.137315 -0.529899 -0.241911 -0.870553 -0.549148 -0.134728 0.100386 -0.247774 0.0614478 0.0282624 0.0790753 0.0581682 -4.63556 -1.46721 5.92124 2.70612 0.2874 -3.45379 0.41233 -0.778222 -1.58393 0.0318489 2.38835 0.295497 -1.59709 -3.79395 0.387168 2.79341 -2.05416 2.10299 1.02484 -1.85878 -0.677836 3.1368 0.787247 -0.873077 -2.34405 -0.274987 
5.62974 -0.156332 -0.407026 -0.190598 -0.891315 -0.612726 -0.133346 0.0669868 -0.303908 0.0969612 0.0618921 0.115693 0.0240871 -7.13884 -3.07973 7.30755 0.696173 2.80728 -1.43906 0.280712 -2.4755 -0.889158 0.0488329 1.60624 -0.507039 -1.25394 -4.42204 -1.63662 2.08362 -3.45557 4.33533 2.44942 -0.672791 -0.940579 3.31808 -0.276788 -1.85196 -2.58493 0.459036 
5.51317 -0.160259 -0.268135 -0.137728 -0.869588 -0.676384 -0.18827 0.0688528 -0.239896 0.0780609 0.112485 0.0759055 -0.0162942 -10.327 -5.50348 7.026 -1.183 5.28391 0.597253 0.443115 -1.50906 0.677883 -0.634045 0.654508 -0.875726 -1.09927 -5.51417 -4.97388 0.148997 -4.60019 5.92394 4.44965 1.1786 -0.282636 2.273 -1.27489 -2.35269 -1.39882 0.83304 
5.28825 -0.100581 -0.14286 -0.116492 -0.831606 -0.73986 -0.259036 0.172566 -0.152148 0.0213604 0.136984 0.000960403 -0.0808257 -12.1732 -7.3116 6.17259 -2.96855 6.5261 1.68521 0.0586305 -1.29576 1.77616 -1.05281 -0.111723 -0.850844 -0.438415 -4.6835 -6.96622 -2.31756 -4.51319 5.06689 4.67244 1.668 -0.0139982 0.898159 -1.68404 -1.98682 0.789784 1.45281 
5.08925 -0.282897 0.102326 -0.309902 -0.609208 -0.65152 -0.187822 -0.0922845 -0.114148 0.170545 0.0810072 -0.108424 -0.0478129 -12.1534 -8.50885 4.798 -4.45223 6.82593 3.31535 0.24997 -0.919088 2.54018 -1.46971 -0.461448 -0.521794 -0.127947 -1.27574 -4.85132 -4.68979 -2.49024 0.779864 3.21667 0.688326 1.93515 0.178114 -1.77849 -0.64432 2.60489 1.16534 
4.78643 -0.649235 0.203484 -0.460307 -0.24833 -0.399754 -0.104696 -0.241789 -0.173829 -0.00295477 -0.00429415 -0.0628301 0.0267535 -11.5477 -9.38272 3.3806 -5.1021 6.14607 4.02519 0.503783 -0.938076 2.27276 -1.68637 -0.601003 -0.15929 0.578133 3.38567 0.114936 -4.78056 0.157593 -4.74938 -0.204065 -0.708175 2.27841 -0.205321 -0.120426 0.925794 2.3623 0.620658 
4.3109 -0.975934 0.051223 -0.532643 -0.111773 -0.285015 -0.0491938 0.205503 0.00502934 -0.127252 -0.0023869 -0.0173377 -0.073609 -10.0113 -9.55287 1.95339 -5.19626 4.99824 4.21554 0.156414 -1.00479 1.22234 -0.972128 -0.51949 0.614255 1.26159 7.37204 4.31272 -2.32176 1.88929 -6.9379 -2.34957 -1.84817 -0.741994 -1.75014 1.99103 1.54 1.02106 0.919733 
4.28092 -1.02167 0.0683233 -0.638034 -0.174 -0.40583 -0.21359 -0.0329058 0.00513262 -0.0857705 0.0174957 0.0436588 0.0477682 -8.02343 -8.52769 1.02477 -4.15045 3.50724 4.22057 -0.400826 -0.919603 0.450907 -0.655841 -0.320766 1.14145 1.48905 6.46411 5.17447 0.037564 2.98556 -4.89174 -1.74082 -1.3649 -1.11545 -2.42232 2.39017 0.984722 -0.461851 0.325375 
4.40603 -1.07052 0.0668225 -0.735981 -0.226782 -0.156193 -0.120176 -0.0192032 0.0384485 -0.0601959 0.0389533 0.0652219 0.0101832 -6.91 -6.25176 0.368543 -2.3442 1.63355 3.15129 -0.664775 0.260491 -0.0749783 -0.627997 -0.567109 1.23891 1.44627 1.89297 3.74126 1.49786 3.21661 -1.02272 -1.53032 -0.642285 -0.89984 -2.29194 1.57191 -0.668269 -1.12136 0.29497 
4.27142 -1.18551 0.0940898 -0.700977 -0.290063 -0.255212 -0.115851 -0.0732012 -0.0529118 -0.0929242 0.047383 0.0397625 0.0909145 -5.54678 -4.01864 0.504354 -0.871273 0.334666 1.99261 -0.937836 0.0400288 -0.68391 0.463042 -0.524895 0.292793 1.38658 -1.651 2.17079 1.1053 2.75926 1.83247 -0.282751 0.213277 0.773527 -0.973735 0.0890526 -1.60305 -1.2439 -0.348971 
4.24096 -1.24786 0.0940431 -0.740959 -0.235982 -0.23213 -0.263155 -0.086781 -0.129777 0.0568167 0.0653928 0.0869223 0.136045 -3.86331 -2.5955 1.1294 0.907939 -0.652165 1.66888 -1.3021 -1.08771 -1.31884 0.4623 -0.136374 -0.250769 1.43576 -2.21929 1.28543 0.118606 2.81427 0.745115 -0.300272 0.763254 1.74518 0.754272 -1.42098 -0.798401 -1.32746 -0.913536 
4.15234 -1.217 0.170342 -0.659644 -0.185096 -0.103736 -0.27942 -0.0895796 -0.0965122 -0.029083 0.0323297 0.0678769 0.100515 0.303976 -0.496428 -0.198368 1.6993 -1.58721 1.45508 -1.6371 -0.0823457 -0.576102 0.380891 0.286763 -0.531916 0.6768 4.7326 2.4073 -1.83272 1.48547 -2.34382 -1.14461 -0.379076 0.354268 1.52968 -0.697574 1.12949 -0.750992 -0.740134 
3.87467 -1.24309 0.191466 -0.626557 -0.157125 -0.149808 -0.140427 0.0148972 -0.108966 -0.0571043 -0.1296 0.0521177 0.142819 3.55161 1.29889 -1.3643 2.36274 -2.93122 0.167815 -1.81776 0.104913 0.230581 0.512646 0.444441 -0.774535 0.439565 12.0696 3.74348 -3.45165 0.425786 -4.93255 -1.12394 -1.24568 -0.466951 2.12626 0.30844 2.78727 -0.11856 -0.979248 
3.83247 -1.31153 0.166575 -0.595641 -0.122801 -0.13507 -0.20207 -0.0435957 -0.166432 0.00259797 -0.0541351 -0.0592576 0.153238 6.98853 4.23747 -1.69725 3.54395 -4.10947 -0.938695 -1.45292 0.132809 1.27229 -0.256182 -0.48362 -1.05968 -0.158223 13.4479 5.77798 -2.93298 0.715827 -5.20372 -2.64182 -0.812834 -0.552469 2.2201 -0.0290704 0.798036 0.46612 -0.806168 
3.97686 -1.31326 0.178498 -0.402498 -0.374284 -0.111924 -0.33234 -0.0713623 -0.111401 -0.0954595 0.105283 -0.00331916 0.137511 10.3471 7.81882 -3.69019 4.40323 -4.92987 -3.00255 -0.582482 -0.0476803 1.82143 -0.907916 -0.320681 -0.282339 -0.439495 8.81236 7.54116 -2.67228 0.812661 -1.68024 -3.95679 1.11731 -0.262184 1.29608 -0.186735 -1.82705 1.09628 -0.52511 
4.98984 -0.901909 -0.125624 -0.544589 -0.563521 -0.155913 -0.451315 -0.0545952 0.0250511 0.0166191 0.138947 0.0202968 0.0886173 12.4225 10.5617 -5.93942 4.77801 -5.77675 -4.02697 -0.548767 0.001431 1.05985 -0.35603 0.0526307 0.795317 -0.365514 -2.09881 6.09989 -1.72681 2.24318 1.5808 -3.40409 2.74877 0.148849 -1.12042 -1.08737 -2.67619 1.7744 0.0555336 
4.96714 -0.902167 -0.150753 -0.447818 -0.700916 -0.240982 -0.307763 -0.0261347 0.045913 0.054026 0.0830621 -0.0369083 0.107884 13.0295 12.2111 -7.20076 4.70353 -5.6236 -4.27556 -0.448274 -0.093322 0.56579 -0.370564 0.316339 1.58944 -0.556842 -7.02123 3.64385 -2.30864 1.24065 3.29078 -1.41473 1.95113 0.411071 -2.90567 -0.739289 -1.01777 2.40989 0.355951 
5.02962 -0.525416 0.00459864 -0.148387 -0.725227 -0.466629 -0.311699 -0.081411 0.0732204 -0.168139 -0.198803 -0.0946354 0.0797556 10.8465 12.5389 -7.53955 4.25972 -4.59726 -4.4575 0.531796 0.153118 -0.00716918 -0.444579 -0.25768 2.06924 -0.496241 -7.54196 -1.45292 -2.66544 -1.54268 2.90325 1.85797 0.497359 0.428261 -3.25212 1.04862 2.18543 1.85931 0.430108 
5.33418 -0.0847094 -0.460036 -0.125727 -0.681275 -0.6598 -0.238587 -0.0815618 0.0729712 -0.124941 0.00397075 0.162846 0.0753635 6.8621 11.1983 -7.08843 3.52459 -2.62009 -4.26112 1.30931 0.122094 -0.866092 -0.191652 -0.670603 1.87217 -0.250149 -6.56534 -6.17348 0.894026 -2.87578 1.61747 3.63419 -0.589594 0.168365 -1.76313 1.1823 1.82572 -0.543827 0.285084 
5.31717 0.0588092 -0.662584 -0.0530617 -0.853299 -0.529941 -0.294322 -0.00927688 -0.127156 -0.019216 0.0231986 0.209746 0.103876 1.8218 8.42322 -5.60251 3.42863 -1.16131 -3.48006 1.29062 -0.0301023 -1.29952 -0.477909 -0.467276 1.75089 0.108402 -4.27237 -7.38127 3.86002 -3.10168 1.96624 2.27957 -0.417233 -0.457432 1.00155 0.463663 0.235407 -2.18343 0.194338 
5.32992 0.0735248 -0.700142 -0.0950451 -0.821229 -0.570929 -0.265087 -0.0223687 -0.101203 -0.0724547 0.0265781 0.193375 0.0739189 0.203028 6.12811 -4.29463 2.08726 0.108334 -2.46952 0.601615 -0.219528 -0.78539 -0.330829 -0.134619 1.45094 0.467932 -4.56614 -6.42793 5.73261 -1.31241 2.16235 0.710997 -0.185157 -0.737905 2.29233 -0.379775 -1.30724 -2.40565 0.710756 
5.27388 0.0983936 -0.713531 -0.0875872 -0.796928 -0.613474 -0.215351 -0.0508637 -0.106533 -0.063141 0.0181202 0.165869 0.0773724 -1.42476 2.15536 -1.60495 0.419134 0.734466 -0.984467 0.352539 -0.260342 -0.186937 0.42459 -0.0775672 0.527379 0.763138 -2.87848 -4.22103 6.13482 -0.361025 1.94572 0.16172 -0.704111 -0.645338 2.50599 -0.745366 -1.88018 -1.55194 0.831912 
5.22607 0.102185 -0.711188 -0.0643202 -0.762077 -0.653233 -0.207668 -0.0635539 -0.105583 -0.0575427 0.000993406 0.164306 0.0943598 -2.85431 -1.54462 2.92364 -0.235069 1.06114 0.452929 -0.233801 -0.841919 0.86685 0.0505794 -1.05035 -1.00757 0.479159 -0.672829 -3.58202 5.45787 -1.00475 0.863508 1.54362 -1.0661 -0.525606 1.89207 -0.0392662 -0.74089 -0.698176 0.202416 
5.13002 0.0991678 -0.686834 -0.0131252 -0.737139 -0.665534 -0.245279 -0.0641282 -0.0527862 -0.0848021 -0.0304343 0.169225 0.127414 -2.94845 -4.16666 5.9576 -0.624902 1.82126 1.44907 -1.13978 -1.81712 2.64684 -0.203802 -1.328 -1.43997 -0.0108847 0.693388 -4.68242 5.68281 -1.44661 -0.324819 3.62583 -1.7757 -0.990324 1.37944 0.507561 -0.18758 -0.837444 -1.01278 
5.00747 0.058079 -0.567523 -0.0495218 -0.638591 -0.691584 -0.242376 -0.092586 0.0281921 -0.113902 -0.0741109 0.138171 0.186251 -3.43913 -6.09676 7.951 -0.475796 1.25321 3.32225 -1.56844 -2.36427 2.49712 0.0614977 -0.964905 -1.52626 -0.344249 1.09334 -5.01865 4.65068 -0.833076 -1.28618 4.55866 -1.53712 -1.59332 0.569652 0.467224 0.791095 -0.645272 -2.07228 
5.038 -0.121011 -0.301138 -0.128407 -0.646492 -0.600535 -0.259599 -0.100506 0.0239807 -0.0412056 -0.126421 0.0832437 0.170496 -4.28545 -7.73866 9.1324 -0.767392 1.65301 4.77239 -1.98428 -2.26586 1.69961 0.0427093 -0.560526 -1.51227 -0.586613 -0.826593 -3.38588 1.60192 0.362864 -0.600554 3.62937 -0.815593 -1.14152 -1.0444 -0.00582284 1.50766 0.0543209 -1.57904 
5.02717 -0.32847 -0.073194 -0.169362 -0.677361 -0.42028 -0.326953 -0.185195 0.098197 -0.0696649 -0.0839182 0.0325925 0.0765121 -5.42217 -8.70871 8.93156 -1.6321 2.82756 5.8773 -1.6994 -1.36282 0.0252287 -0.399759 0.127433 -1.20342 -0.514852 -3.19613 -0.704487 -2.13308 0.307575 1.66545 1.35676 0.699341 1.19502 -3.72555 -0.643495 1.5848 1.03911 0.305362 
4.97971 -0.560632 0.114493 -0.136839 -0.611976 -0.277542 -0.502068 -0.309359 0.286303 -0.0691369 -0.134881 0.018186 0.0296753 -6.44728 -8.91845 7.01573 -2.7916 3.29335 6.12968 -0.948445 -0.266399 -1.59739 -0.205287 0.594932 -1.14516 -0.314678 -4.37495 1.85411 -5.6091 -1.44329 2.9468 -1.0858 2.58104 3.8465 -5.63921 -0.734472 1.28566 1.15744 1.95577 
4.81322 -0.686024 0.251168 -0.0957136 -0.711661 -0.12504 -0.378937 -0.34965 0.107368 -0.0574214 -0.0334444 0.00992329 0.0217828 -7.33421 -7.69101 4.11392 -2.77739 2.82296 5.63851 -0.606868 0.809083 -2.20534 -0.184348 1.12376 -1.17442 -0.281915 -3.04275 3.51072 -7.41738 -2.55684 2.40351 -2.89115 2.18893 4.57599 -3.32528 -0.333306 0.3083 0.344626 2.04163 
4.58239 -0.818577 0.323556 -0.164073 -0.474377 -0.0783419 -0.433432 -0.256988 -0.0283906 -0.0714464 -0.0415076 0.00550184 0.0614558 -9.69326 -4.52498 1.334 -1.89312 2.82969 4.60755 0.246817 1.48491 -2.13384 -0.687803 0.947943 -1.53195 0.0626829 -1.57507 5.38821 -6.57045 -0.797962 -1.06938 -2.87723 1.5823 2.47555 0.833863 0.106094 -0.602801 -1.07506 0.641126 
4.39295 -0.904728 0.250656 -0.33393 -0.224352 0.0116776 -0.362507 -0.0788677 -0.222741 -0.188757 0.0229386 0.0666314 0.132554 -11.5012 -0.835388 -1.5035 -3.00167 2.15989 2.02772 2.3026 2.06375 -2.30426 0.226054 0.401601 -1.50223 0.574943 -1.41872 7.20063 -4.26444 0.893386 -4.43401 -3.49324 1.51645 -1.01655 4.38067 1.36055 -1.47465 -1.7816 -0.840888 
4.26038 -0.970167 0.0600265 -0.498298 -0.301962 0.00453428 -0.29238 -0.0216621 -0.240042 -0.0679231 -0.00956336 -0.0188736 0.157219 -10.9797 3.09773 -2.3857 -2.86421 1.49725 -0.381262 2.66607 1.73363 -2.60639 0.641863 0.0391908 -1.73747 0.294048 -0.575239 8.34113 -0.172377 2.31186 -3.94568 -4.09721 0.866243 -3.43619 3.78032 1.36572 -1.6077 -0.973125 -1.51413 
4.17357 -0.87519 -0.0241073 -0.377357 -0.452154 -0.00153637 -0.368889 -0.0157045 -0.0859836 -0.0798274 0.0424152 -0.0926945 0.0897634 -7.79146 6.85981 -2.8031 -2.80839 0.825559 -3.21632 2.58994 1.13955 -1.58339 1.04254 -0.460278 -0.687374 -0.561634 3.06564 7.75705 2.40452 0.804904 -1.42811 -5.13373 1.11553 -3.24672 -0.038501 1.32554 -1.0371 1.56717 -1.44581 
3.71961 -0.582772 0.0229082 -0.205406 -0.384808 0.0620771 -0.275394 -0.0679406 -0.0256437 -0.173308 -0.0609399 -0.201426 0.0847632 -3.64336 9.12155 -2.83815 -2.10141 -0.835237 -4.85731 3.00321 -0.0958316 -1.50693 1.96871 -0.236476 0.242476 -1.04938 9.74057 4.01963 2.32692 -0.961652 0.486705 -5.01846 -0.0761093 -1.574 -3.01818 1.48498 0.499952 3.8804 -0.977447 
3.49728 -0.388231 -0.176861 -0.643975 -0.480622 -0.250535 0.038405 -0.0761241 -0.0943197 0.0752987 -0.0848899 -0.120854 0.121001 0.260387 9.6949 -2.28362 -1.22878 -1.60977 -5.79348 2.78018 -0.938939 -1.76525 2.63311 -0.135382 0.968787 -1.16309 13.3051 -0.692819 1.3681 0.599185 1.00679 -1.6013 -1.63016 0.0949238 -3.36198 0.239711 1.62324 3.78236 -0.259163 
3.70797 -0.13483 0.0581053 -0.410171 -0.398777 -0.345643 -0.225979 -0.191409 -0.249591 0.0154872 -0.0816526 -0.174803 0.0278176 3.51714 8.80453 -1.60689 -0.831492 -1.04769 -5.79206 2.43897 -1.01226 -2.42769 2.31336 0.0299284 2.00058 -0.764642 9.98905 -5.17769 -1.18021 0.636342 -0.306271 1.68953 -0.706594 1.19098 -1.08312 0.158889 1.3905 2.12491 1.12246 
4.1042 0.16102 -0.027481 -0.531437 -0.413125 -0.611923 -0.0917423 -0.103749 -0.240391 0.0323317 -0.0516469 0.112689 -0.0695064 7.45227 6.33252 -1.99208 -0.72705 -1.15177 -4.77086 1.90323 -0.387105 -2.41066 1.52083 0.229764 2.60942 -0.310988 3.57678 -7.77061 -1.7674 2.03283 -1.1325 4.98919 -1.17681 1.20729 1.56029 -1.38238 0.483405 -1.06702 1.97311 
4.33339 0.123091 -0.138231 -0.518703 -0.486082 -0.58763 -0.0207258 -0.162306 -0.385026 0.174427 0.0231833 0.116582 0.00754802 12.4125 3.09185 -2.8929 -0.0445713 -2.34206 -3.18252 0.909806 1.04209 -1.50503 0.662676 0.565809 2.60813 -0.729573 0.280483 -6.83049 -1.55074 1.93699 -1.49349 5.27609 -1.16435 2.08163 3.71538 -3.09869 -0.886276 -2.35228 0.743249 
4.44088 0.0689628 -0.178669 -0.497589 -0.504728 -0.585445 -0.0221296 -0.13323 -0.422125 0.18448 0.0167423 0.0978888 0.047907 14.4463 0.279224 -2.92642 1.3803 -2.99858 -0.983476 0.476591 1.93606 -0.2757 -0.454664 0.510086 1.86919 -1.33897 1.39021 -4.58932 -1.02113 0.751909 -2.08042 3.35505 -0.571079 2.34593 3.80406 -2.75373 -0.994543 -1.93817 -1.46434 
4.48056 0.0326072 -0.18255 -0.487484 -0.49069 -0.590348 -0.0375056 -0.132494 -0.378649 0.149061 -0.0331989 0.120945 0.0836852 13.6909 -2.03783 -3.4338 0.848731 -3.84123 0.124554 1.39227 2.50715 0.693184 -0.396434 0.5317 1.00062 -1.41743 2.8963 -1.99105 0.430732 0.59837 -1.8621 1.31932 -0.115716 1.67308 2.0209 -1.32366 -0.127715 -1.43749 -3.00171 
4.83777 -0.0466706 -0.318046 -0.393622 -0.626806 -0.47698 -0.0925437 -0.0427886 -0.226133 -0.035723 0.00202528 0.135663 0.0544393 11.932 -3.34554 -2.42477 1.27375 -4.17565 0.944916 0.991668 2.20775 1.0993 -0.471225 0.553515 -0.367249 -1.63356 -0.112164 -0.00966016 1.79158 -0.822381 -0.735569 -1.05856 1.41457 -0.0843644 -0.449159 1.65323 0.623728 -0.699145 -2.24606 
5.3469 -0.126684 -0.436304 -0.37412 -0.791828 -0.447985 -0.061371 0.145493 -0.193079 -0.0291962 -0.0259981 0.114044 -0.104996 10.1911 -3.18105 -1.26125 1.24871 -4.49246 0.646095 0.886427 2.03026 1.62312 -0.363761 0.735615 -0.704758 -1.93314 -5.99121 0.758781 3.10006 -0.901495 0.478521 -1.59791 1.15844 -2.54247 -1.85018 3.03216 1.28148 -0.868857 0.583382 
5.47608 -0.198068 -0.381296 -0.40265 -0.827486 -0.486439 0.038692 0.117281 -0.214352 0.0355142 -0.0118497 0.117229 -0.195139 7.91777 -2.89753 -0.126954 1.13547 -4.78371 0.278027 0.872256 1.3403 1.51936 0.509427 1.20783 -0.993852 -1.53284 -9.00596 1.18001 3.14285 -0.279504 0.726136 -1.2239 -0.378773 -2.87191 -1.23553 2.34815 1.10628 -0.83536 2.80556 
5.49581 -0.221176 -0.351102 -0.392862 -0.86492 -0.505556 0.0621876 0.0930962 -0.240796 0.0708542 0.0496944 0.0637709 -0.177677 4.33351 -2.33609 0.853467 1.32246 -4.75524 -0.189536 0.761674 0.528019 0.948724 1.65153 1.56341 -1.28553 -0.610418 -8.79647 1.21182 2.13321 0.607954 0.307797 -0.491606 -1.48667 -2.00465 -0.0374608 1.18068 0.398323 -0.297329 3.40504 
5.4812 -0.243827 -0.309269 -0.383191 -0.936245 -0.522343 0.0695453 0.0618828 -0.224018 0.111253 0.0793442 0.0525399 -0.170285 -1.27311 -1.38933 1.71752 1.8615 -3.85874 -0.784205 0.276181 -0.894751 0.105452 2.44373 1.36365 -1.51017 0.865716 -7.39128 1.25264 0.399952 1.67975 0.247532 0.0973323 -1.91953 -1.01462 0.247344 -0.00108849 -0.381747 -0.0388587 2.87681 
5.43373 -0.272838 -0.255505 -0.337377 -1.04827 -0.513463 0.0494692 0.0461107 -0.199698 0.159702 0.122158 0.00759963 -0.119017 -7.55621 -0.811396 1.9011 2.87467 -2.27295 -0.765215 -0.537601 -1.99774 -0.689309 1.91445 0.806509 -1.89327 2.52772 -7.85543 1.16174 -0.946553 2.1843 1.87924 0.0963399 -1.43574 -0.641429 -1.02188 -0.837901 -1.56008 -0.187147 1.83828 
5.34651 -0.304134 -0.181381 -0.326832 -1.10947 -0.536528 0.0187691 0.0286548 -0.165628 0.205356 0.1446 -0.0114352 -0.0527438 -16.881 -1.2971 1.38247 2.70557 0.746517 -0.284517 -1.03544 -1.8952 0.0609652 1.1937 0.0881426 -2.04984 2.97554 -14.1594 0.0118165 -1.57894 1.11728 5.49684 0.397664 -0.468697 -0.618016 -0.995198 -1.63918 -2.09961 -0.416691 0.569366 
5.13769 -0.273801 -0.180089 -0.230197 -1.16209 -0.551356 0.00629474 0.00946885 -0.181121 0.267751 0.153845 -0.0207197 0.0122647 -23.8743 -2.08609 0.912888 1.92398 4.49583 1.32554 -1.48851 -1.88216 0.956247 0.00236862 -0.810412 -1.41066 2.28294 -17.992 -1.86438 -1.45984 -1.40934 8.94755 2.11046 -0.126422 -0.161459 0.692084 -2.69791 -2.02395 0.0519124 -1.20924 
4.75671 -0.217717 -0.204684 -0.0879697 -1.12696 -0.568482 -0.0611066 -0.108399 -0.243375 0.245366 0.111716 -0.062431 0.09706 -26.7179 -1.81109 0.916992 0.784799 6.31642 1.54083 -2.11739 -1.91863 1.10913 -1.2744 -1.15791 -0.720891 1.70938 -13.0746 -2.29729 -0.248295 -4.19336 7.94433 2.57342 -0.27269 0.667199 2.4299 -2.90745 -0.938904 1.36315 -2.68711 
4.21012 -0.273407 -0.210968 0.0131143 -0.943567 -0.55131 -0.0802817 -0.13456 -0.388074 0.170053 0.0145656 -0.166289 0.183427 -26.7503 -1.52033 0.609409 -0.411997 7.23558 1.7125 -2.39203 -1.72276 1.18493 -2.26175 -1.37482 -0.0405066 1.04405 0.150169 -0.585558 0.661723 -5.00199 2.43825 1.62119 -0.793149 0.957371 2.81623 -2.07788 0.586864 2.56123 -2.86808 
2.65637 -0.495983 -0.211926 -0.205146 -0.458059 -0.490711 -0.0371952 -0.0914758 -0.0836175 0.165471 0.0124249 -0.15812 0.111425 -22.8947 -0.553618 0.648817 -1.43883 7.09641 1.77599 -2.148 -1.65962 0.844373 -3.10608 -1.45318 0.00841755 0.053956 18.9013 3.09211 1.07212 -2.53097 -5.16889 -0.632987 -0.801359 0.346169 -0.513897 -1.10535 1.13764 1.81924 -1.59674 
2.40511 -0.574901 -0.21233 -0.280363 -0.147582 -0.170982 -0.145041 -0.137827 0.00659057 0.0156046 -0.0407021 -0.031206 -0.00689889 -17.0958 0.147378 0.697466 -2.54427 6.21039 2.27267 -1.45596 -1.52546 0.484056 -3.51384 -1.31565 0.446021 -0.559839 24.9879 4.89198 0.455503 0.203027 -8.89031 -2.50867 0.880005 -0.10864 -3.29606 0.40923 1.00708 -0.03738 0.1776 
2.65016 -0.374227 -0.0894096 -0.351422 -0.412996 -0.416917 -0.264293 -0.183749 -0.0907199 -0.0549086 0.0129184 0.0111559 0.0480956 -11.6034 0.0410336 0.664289 -2.75375 4.94117 2.70967 -0.475509 -0.806018 0.128751 -3.58149 -1.29677 0.709661 -0.806721 16.8571 2.25427 -0.834093 2.16885 -5.25698 -0.395594 2.86195 0.112819 -3.47741 0.871784 -0.281953 -1.4012 0.803906 
2.6598 -0.380233 -0.1542 -0.367556 -0.436217 -0.384677 -0.266552 -0.155859 -0.0934417 -0.0644891 -0.000690948 0.009695 0.0723563 -6.12309 -0.1568 0.363329 -1.71411 3.27604 2.40881 -0.322998 -0.529423 0.0886655 -2.71968 -0.872308 0.862209 -0.730927 3.48038 -1.78904 -1.16852 2.81516 0.00739828 1.1727 2.83303 0.669158 -1.39687 1.23874 -0.715764 -1.3168 0.719288 
2.98576 -0.209086 -0.0958903 -0.378424 -0.435753 -0.388405 -0.195812 -0.223762 -0.195287 -0.133235 -0.0395778 -0.102706 -0.0122598 -0.973475 -0.259877 -0.0255618 0.0796036 1.51944 1.81686 -0.0241689 -0.231565 -0.739803 -1.91363 -0.736837 0.58441 -0.226457 -7.78809 -5.17524 -1.35345 2.52267 3.29999 1.52216 1.02475 1.48047 1.94887 1.7865 -0.13593 0.198423 0.523696 
2.96864 -0.220456 -0.146331 -0.421518 -0.392838 -0.220012 -0.106756 -0.251656 -0.241713 -0.154392 -0.0540932 -0.00931892 0.0256626 -1.88541 -1.15748 -0.504309 0.861705 1.27593 1.19401 0.63557 0.475621 -0.249421 -0.748266 -0.47949 0.0804241 -0.0291807 -7.5425 -4.4844 -0.752875 2.1419 2.34023 -0.195941 -1.23827 1.59054 3.11157 1.9219 0.672692 0.575154 -0.043876 
2.55859 -0.439288 -0.15964 -0.341996 -0.243711 -0.137268 -0.0504416 -0.15143 -0.240115 -0.237296 -0.144985 -0.0406753 0.055732 1.16334 -2.38858 -2.19685 0.758399 1.41493 1.57204 0.710372 0.755466 0.791899 0.26287 -0.183879 0.205018 -0.0573991 3.48667 -0.743244 -1.30902 0.0647159 -1.88357 -2.59971 -2.07895 0.617553 2.4703 2.35018 1.75051 0.572831 -0.0696118 
2.38701 -0.573637 -0.19073 -0.235449 -0.157 -0.196803 -0.187359 -0.155033 -0.0982406 -0.103212 -0.0656343 -0.0212978 0.0412734 8.95624 -2.46814 -2.68144 0.322282 0.820983 0.904359 0.580509 0.639681 1.63229 1.13195 0.133931 0.819263 -0.138595 17.7515 2.26418 -1.93722 -2.238 -3.9915 -2.25659 -0.46359 -0.326221 0.919237 1.60125 1.14554 0.464069 -0.217385 
2.39515 -0.569315 -0.201369 -0.210154 -0.166622 -0.198121 -0.158374 -0.128673 -0.0781794 -0.110155 -0.0607829 0.0112205 0.026537 15.4331 -2.04625 -3.28391 0.217311 0.619614 0.0774803 0.146288 1.19112 2.79057 1.81561 0.303193 1.19933 -0.202423 26.0004 3.69201 -1.79711 -2.76876 -3.12707 -1.4219 0.624018 -0.707566 0.215378 0.840661 0.162463 0.281196 -0.409632 
2.36821 -0.563703 -0.220235 -0.246049 -0.200998 -0.193298 -0.141527 -0.0787252 -0.0515637 -0.0846497 -0.046475 -0.0111597 0.000518438 19.2426 -0.351624 -3.42077 0.332881 0.579046 0.492498 -0.202409 1.43384 2.56011 1.43412 0.609141 0.832097 -0.500113 19.3845 3.35552 -0.888266 -1.04074 0.057876 1.01284 0.78435 -0.171845 -0.388876 -0.610711 -0.493741 0.33378 -0.225252 
3.6004 -0.56536 -0.525257 -0.383606 -0.429204 -0.268387 -0.179038 -0.124433 -0.0185758 0.0015949 0.0147747 0.024083 0.0643232 21.5606 1.31175 -3.67351 -0.423491 -0.544567 0.810349 -0.431105 1.36712 1.1585 1.13603 1.10305 0.748296 -0.892021 -1.57633 2.13997 1.25747 1.23724 2.65386 2.57794 0.0116578 1.01822 -1.73247 -1.98443 -0.47593 -0.466782 -0.703376 
4.77896 -0.525932 -0.45515 -0.403795 -0.351075 -0.246745 -0.0896371 -0.16259 0.0465373 0.0507188 -0.0328323 0.107365 0.000141103 20.9855 2.80144 -3.22025 -0.333172 -0.138928 1.36169 -0.959246 1.11037 -0.1693 -0.593526 0.258792 0.198672 -1.02233 -19.4685 1.62019 1.7101 2.20498 2.43279 2.39095 -2.03136 0.876405 -3.06936 -3.11707 -0.149571 -1.45509 -0.582459 
4.97009 -0.430988 -0.495069 -0.313934 -0.208426 -0.284302 -0.11924 -0.025358 0.163728 0.0427476 -0.0643949 0.0747002 -0.0378312 18.636 4.1366 -2.45642 -0.051003 0.877735 0.901626 -2.30739 0.966819 -1.29791 -1.07454 -0.0638397 -0.0981957 -1.0447 -21.0582 1.71873 1.8917 1.03221 0.752224 0.455042 -3.06696 -0.422271 -4.12468 -2.79929 -0.288829 -1.37257 -0.168766 
4.47337 -0.339428 -0.536771 -0.231808 -0.111857 0.0559258 -0.149455 0.014969 0.00814294 -0.110799 0.00245882 0.0446263 -0.0180736 13.9934 5.61714 -1.7742 -0.378751 1.56693 -0.256925 -2.76839 1.47002 -2.1074 -1.14499 -0.3467 -0.310814 -0.72746 -9.33702 2.28369 1.36144 -1.2451 -0.510619 -3.95254 -2.59397 -0.699748 -2.30738 -0.2578 -0.895468 -0.716176 0.482224 
4.49381 -0.365613 -0.612909 -0.359272 -0.355288 -0.0677744 -0.219185 0.0321568 -0.175757 -0.0578929 0.0781018 0.0355844 -0.0904847 6.84092 6.57695 -1.10941 -1.05053 1.67661 -1.27702 -2.92391 2.01182 -2.01563 -1.28406 -0.60539 -0.486721 -0.401509 2.38714 2.79336 0.35082 -2.63988 -0.25253 -5.30358 -0.634029 -0.0525525 1.11767 1.66141 -1.14688 0.332637 1.4903 
4.6644 -0.171783 -0.536416 -0.231441 -0.149997 -0.0747726 -0.392547 -0.0696775 -0.142812 -0.288004 -0.109774 -0.0304501 -0.091707 3.45075 6.56236 -1.95823 -1.7274 -0.00156816 -2.46658 -2.93155 2.26069 -1.15465 -1.22229 -0.356872 -0.852703 0.165277 5.02217 1.06874 -0.982758 -3.1236 -1.72147 -4.15099 2.20401 1.52599 3.72824 2.94876 0.135921 0.839625 1.47866 
4.96171 0.0243952 -0.514106 -0.289023 -0.0822014 -0.237582 -0.511928 -0.016439 -0.246033 -0.15615 -0.0697547 0.0110735 -0.0835101 4.41986 5.87427 -2.0469 -2.56822 -1.46019 -3.49505 -2.0902 2.18144 -0.146489 -0.67283 -0.282609 -0.802204 0.425641 0.335241 -1.83461 -1.95581 -1.68003 -3.20595 -0.889555 3.60227 1.86286 4.86872 1.37577 0.856939 0.116921 0.875947 
5.02192 0.204849 -0.602054 -0.486516 -0.133341 -0.420751 -0.407516 0.146949 -0.228276 -0.0580666 -0.0669062 -0.000419252 -0.0113842 5.71987 5.09291 -2.06558 -2.88464 -2.06141 -4.57488 -1.27087 2.79625 1.0136 0.278544 -0.333555 -0.759822 0.551656 -3.56425 -4.14461 -1.24673 0.719328 -3.21286 2.29849 2.55048 0.745184 2.78762 -0.335984 1.18586 -0.460847 -0.219317 
5.08485 0.261188 -0.683 -0.596745 -0.22693 -0.447824 -0.414489 0.163069 -0.0737538 -0.0940804 -0.0802791 0.0338238 0.0138377 4.31532 4.14043 -2.0638 -2.33079 -2.23772 -3.51273 -0.422442 3.02324 2.00522 0.216642 0.104758 -0.700821 0.614 -3.99214 -4.22863 0.341876 2.28281 -1.71523 2.72133 0.867828 -0.258572 -0.18277 -0.78115 0.955244 -0.704617 -1.0847 
5.16433 0.225885 -0.795819 -0.513745 -0.395119 -0.459958 -0.39887 0.207421 0.0717631 -0.154034 -0.0384904 -0.0465023 -0.00237977 2.31573 2.43179 -2.10483 -2.20927 -3.18276 -2.59141 0.336343 2.91754 2.18122 0.421407 0.916329 -0.509774 0.32461 -3.34819 -2.21749 1.99986 2.24202 1.35506 2.35196 -0.63333 -1.20814 -2.01652 -0.754187 0.201912 0.0131131 -1.00084 
5.17194 0.206037 -0.761052 -0.562031 -0.429371 -0.494633 -0.353334 0.256051 0.0497548 -0.132424 -0.0358617 -0.0641316 -0.0154333 0.547287 0.944875 -1.35058 -1.54789 -2.74892 -1.50667 0.604044 1.95956 2.16789 -0.183759 0.681762 -0.454895 0.00958557 -2.15236 -0.622261 2.14509 0.995126 2.54332 1.23011 -0.919063 -1.68063 -2.00897 -0.00744829 0.0339332 0.871682 -0.510348 
5.11399 0.24703 -0.770133 -0.582817 -0.412904 -0.522496 -0.38776 0.362685 -0.057949 -0.0677671 -0.0284681 -0.0682036 -0.00544887 -0.432903 0.194223 -0.48602 -0.601731 -1.83175 -0.717402 0.155416 1.18057 1.16022 -0.234736 0.735723 -0.208082 -0.3798 -1.30994 -0.0782329 1.48869 -0.0973405 2.19977 0.415457 -0.169747 -1.86007 -0.758142 0.0966097 -0.221651 1.09963 -0.082871 
5.09473 0.259304 -0.781656 -0.535127 -0.478509 -0.471838 -0.409845 0.312333 0.0389974 -0.156781 0.0192613 -0.0621825 -0.0379678 -1.38223 0.179409 0.0486119 -0.292802 -0.839714 -0.528981 0.0998914 0.756772 0.0975135 0.126434 0.75259 0.000945486 -0.41045 -0.779572 -0.0924215 0.610629 -0.408433 1.5797 -0.0939123 0.221849 -1.27973 -0.492728 0.526326 -0.44004 0.802578 0.221036 
5.07575 0.252679 -0.758409 -0.559709 -0.458064 -0.484357 -0.410191 0.282014 0.0726807 -0.167743 0.0222224 -0.0445706 -0.040361 -1.98671 0.270978 0.478123 -0.416072 -0.0842369 -0.331921 0.171665 0.0576184 -0.336501 0.270656 0.667602 0.476771 -0.304321 -0.557343 -0.128666 -0.165938 0.178731 0.502884 -0.0810849 0.494649 -0.484832 -0.644083 0.602641 -0.153352 0.162056 0.242034 
5.0658 0.220396 -0.691577 -0.634643 -0.395655 -0.538904 -0.364011 0.258703 0.0462749 -0.110049 -0.0184364 -0.0161084 -0.0327111 -2.19129 0.167681 0.385322 -0.0530075 -0.022553 -0.198436 0.46661 -0.588159 -0.300599 0.197957 0.637852 0.695463 -0.246075 -0.591837 0.0481125 -0.558522 0.758777 -0.362327 0.251643 0.545934 -0.145896 -0.722594 0.238188 0.212049 -0.085148 0.156588 
4.99157 0.257284 -0.73068 -0.592269 -0.420978 -0.525291 -0.386733 0.318998 -0.0260119 -0.0918307 0.0265054 -0.0164439 -0.0467983 -2.05678 -0.147149 0.33355 0.324883 -0.220565 -0.142852 1.06774 -1.00143 -0.542108 0.2511 0.681595 0.652149 -0.214739 -0.0665359 -0.209318 -0.405084 0.990016 -0.751532 0.367712 0.818251 -0.495253 -0.401455 -0.150921 0.252351 -0.12977 0.105715 
4.93149 0.273899 -0.75737 -0.580524 -0.423033 -0.518469 -0.387673 0.287421 -0.00696165 -0.0953183 0.0377362 -0.0184036 -0.038094 -1.97523 -0.407999 0.376882 0.501472 -0.373098 -0.0088369 1.54981 -1.09962 -1.20256 0.622132 0.505178 0.564624 0.0126008 0.641438 -0.675852 0.0979009 0.906843 -0.949978 0.512563 1.10285 -0.851953 -0.224686 -0.3201 0.0642461 -0.0893786 0.0582904 
4.91643 0.247333 -0.721296 -0.574288 -0.437609 -0.506898 -0.342171 0.233549 0.0123873 -0.113851 0.0551494 0.000995899 -0.0421041 -1.79991 -0.657515 0.433816 0.713711 -0.829636 0.444276 2.00108 -1.44405 -1.58139 0.940734 0.254769 0.362513 0.297774 0.893591 -0.848503 0.462355 0.247544 -0.638441 0.50713 1.07661 -0.72997 -0.711596 0.479675 -0.567925 -0.244312 0.407768 
4.87495 0.239282 -0.720425 -0.550841 -0.45349 -0.522392 -0.287823 0.209073 -0.0304946 -0.0980815 0.05058 0.0289134 -0.0477882 -1.31754 -1.14316 0.812955 0.565655 -1.12992 0.917892 2.42141 -2.05971 -1.56828 1.32186 -0.226072 0.0816793 0.625123 1.0411 -0.994439 0.972558 -0.718381 -0.231833 0.720426 0.8132 -0.774629 -0.70628 1.33145 -1.24313 -0.546398 0.824593 
4.87787 0.214558 -0.734778 -0.496051 -0.490193 -0.514132 -0.240435 0.206825 -0.0979011 -0.0796455 0.0879348 0.00430218 -0.049551 -0.786121 -1.68096 1.57482 -0.252005 -0.981938 1.1652 2.88503 -2.66021 -1.53056 1.94648 -1.08363 0.0459062 0.905496 0.733822 -0.799747 1.32126 -1.70345 0.211262 0.87457 0.375677 -0.877644 -0.150842 1.70887 -1.81291 -0.444588 0.915222 
4.86354 0.178941 -0.693082 -0.503899 -0.514611 -0.46457 -0.198943 0.139995 -0.104922 -0.0678001 0.0546023 0.0154482 -0.0215601 -0.601601 -1.82652 2.11026 -1.02128 -0.91653 1.62352 2.96977 -2.98194 -1.49549 2.66651 -1.942 0.127 0.998014 0.356449 -0.384339 1.31465 -2.21888 0.577303 0.748451 0.0178581 -0.907258 0.604383 1.63525 -1.96451 -0.0644936 0.475593 
4.84845 0.14941 -0.656014 -0.53487 -0.534034 -0.433637 -0.131834 0.0857052 -0.167442 0.0303523 -0.00278999 0.00018788 0.0295191 -0.645658 -1.68349 2.37525 -1.84664 -0.709186 2.16182 2.61414 -3.30535 -1.10163 3.19187 -2.56347 0.207966 0.963506 -0.112112 0.237113 0.899025 -2.00518 0.681208 0.731733 -0.579136 -0.705725 1.32772 0.792628 -1.37801 0.547357 -0.391895 
4.88736 0.0711843 -0.573112 -0.594151 -0.534409 -0.403312 -0.0696324 -0.000860922 -0.16317 0.106469 -0.0696124 -0.0259148 0.0599265 -0.924124 -1.35012 2.586 -2.62887 -0.426957 2.67176 1.99952 -3.49537 -0.398878 3.17306 -2.69725 0.323142 0.758783 -0.957422 1.18003 -0.0988117 -1.15364 0.521769 0.760573 -1.35001 -0.080634 1.44072 -0.310169 -0.145996 0.883642 -1.05767 
4.86498 0.0531265 -0.514647 -0.676496 -0.519438 -0.371444 -0.0313948 -0.038651 -0.182973 0.163777 -0.135927 0.00443643 0.0636917 -1.60234 -0.68336 2.40005 -3.18486 -0.19553 3.11499 1.16538 -3.45106 0.237752 3.00005 -2.52367 0.506132 0.488605 -1.47881 1.70165 -1.02292 -0.148098 0.182995 0.894568 -1.98287 0.404633 1.31577 -1.16589 1.26124 0.489375 -1.09654 
4.82082 0.0632606 -0.478138 -0.72783 -0.539374 -0.293844 -0.0145594 -0.118667 -0.15059 0.233314 -0.221679 0.0392087 0.0584378 -2.3527 -0.0198137 2.14336 -3.46094 0.0751085 3.20323 0.336717 -3.00075 0.628011 2.41634 -1.84519 0.611801 0.0370718 -1.72333 1.60382 -1.16878 0.202064 0.209733 0.502889 -2.04758 0.943274 0.77257 -1.73772 2.19743 -0.0277473 -0.727575 
4.7961 0.0661319 -0.449258 -0.790421 -0.530921 -0.224513 -0.0304327 -0.189032 -0.115852 0.270292 -0.23854 0.0555396 0.0421098 -3.09904 0.587556 1.86089 -3.06021 -0.0741335 3.18111 -0.315639 -2.60926 0.982848 1.37592 -1.089 0.960145 -0.384173 -1.62473 1.12235 -0.795839 0.678964 -0.0780978 -0.226008 -1.30502 1.2329 0.0233095 -1.82249 2.10056 -0.153226 -0.280148 
4.72248 0.0949824 -0.430878 -0.839908 -0.520951 -0.172577 -0.0627464 -0.207455 -0.0900347 0.248816 -0.207452 0.0583284 0.0246199 -4.0624 1.22687 1.70373 -2.38576 -0.28321 3.06654 -1.03233 -1.71632 0.66332 0.326635 0.106156 0.718527 -0.472355 -1.25378 0.474639 0.0580705 1.17086 -0.413929 -0.79085 -0.535854 1.39326 -0.726458 -1.72687 1.67192 -0.299793 0.0826601 
4.6259 0.150307 -0.45854 -0.879065 -0.534635 -0.086307 -0.115707 -0.228531 -0.078569 0.281223 -0.190551 0.0547182 0.0320421 -4.61384 1.38885 1.91211 -1.47294 -0.421032 2.55377 -1.59747 -0.836554 0.371942 -0.656309 1.04617 0.236887 -0.50818 -0.828167 -0.0799503 1.00908 1.76652 -0.54552 -1.34538 -0.121772 1.62177 -1.17746 -1.76933 1.19984 -0.469899 0.121964 
4.54195 0.158165 -0.392811 -0.959629 -0.499241 -0.0763587 -0.130543 -0.233623 -0.0679223 0.250329 -0.171302 0.0726034 0.00886433 -5.4118 1.24306 2.4327 -0.221778 -0.686876 1.75702 -1.69686 -0.0341812 0.0563329 -1.38883 1.70667 -0.306296 -0.481187 -0.858259 -0.412588 1.3803 2.66447 -0.798803 -1.41135 -0.0618716 1.50436 -1.00339 -1.29941 0.808563 -1.01899 0.162584 
4.47688 0.174543 -0.365887 -0.89651 -0.57595 -0.0564602 -0.110858 -0.274902 -0.0605067 0.203838 -0.175016 0.136415 -0.00394829 -5.77474 -0.193194 3.74855 1.56292 -0.436125 0.11421 -1.07524 0.0671643 -0.0670385 -1.85352 1.9939 -0.809924 -0.810855 -0.776875 -1.87865 2.18821 3.13015 0.171961 -2.29646 0.364526 0.78506 -0.325071 -0.640679 0.600149 -1.60807 -0.297826 
4.34482 0.218344 -0.299093 -0.887519 -0.581965 -0.0162084 -0.188808 -0.185401 -0.139844 0.146842 -0.050942 0.0382414 0.0198714 -5.68055 -2.62427 5.15814 3.25252 0.477086 -1.06444 -0.552793 -0.414926 -0.292973 -1.86418 1.94098 -1.2893 -0.863421 -0.169554 -4.4147 2.77152 3.46316 1.61989 -2.93383 1.29155 -1.06001 0.49638 0.239561 -0.273807 -1.15541 -0.666988 
4.27326 0.214026 -0.222104 -0.841989 -0.575665 -0.0493097 -0.242914 -0.148262 -0.131247 0.0974029 -0.0432356 0.0203774 -0.00746053 -5.38772 -5.31289 5.45501 4.13748 2.23719 -2.07022 -0.260894 -0.0642919 -0.361421 -2.21751 1.98571 -1.24085 -0.707232 0.600093 -6.54597 1.8415 2.46683 3.58552 -2.53811 1.62307 -1.62142 0.557148 0.57164 -0.563498 -0.136765 -0.272866 
4.08609 0.195364 -0.129385 -0.716431 -0.636699 -0.0716379 -0.217595 -0.157224 -0.104571 0.0861057 -0.0236284 -0.0213742 -0.0133092 -4.74573 -7.57158 4.0403 3.31361 3.17518 -2.68509 0.782805 0.347793 -0.371441 -2.68538 1.2764 -1.02702 -0.203369 1.95029 -6.71999 -1.32567 -1.01481 4.3019 -1.38474 1.78264 -0.484655 0.0725242 -0.311802 -1.14879 1.17242 0.67709 
4.05531 -0.104358 0.120114 -0.528863 -0.511945 -0.305201 -0.104935 -0.262104 -0.0773896 0.0467253 0.0183206 -0.0614036 -0.115157 -4.07108 -8.96367 3.07788 1.55142 3.37236 -3.41422 1.65216 0.449903 -0.277808 -2.63549 0.655158 -0.737125 0.492259 2.13648 -3.08578 -4.9597 -5.08447 1.65918 0.487507 1.30548 1.43212 -0.414388 -0.888966 -1.55737 1.8941 2.17909 
4.00912 -0.398558 0.257008 -0.424659 -0.350039 -0.278664 -0.132483 -0.355867 -0.128153 0.0673632 0.0143569 -0.100907 -0.0688708 -4.29546 -9.71831 1.81636 0.887639 3.86861 -3.35297 2.16004 -0.0459592 0.0175807 -2.56863 0.457605 0.229749 0.628705 0.555879 1.46791 -5.99627 -6.16381 -1.30617 1.11979 0.828808 2.09553 -0.200125 -1.00488 -0.811795 1.85241 1.92225 
3.95406 -0.615178 0.132421 -0.472519 -0.105558 -0.313904 -0.17524 -0.166365 -0.124128 -0.0421907 0.063136 -0.0115478 -0.0225648 -4.36621 -9.03862 0.0678772 -0.0503912 3.8221 -2.38489 1.66562 0.272437 0.401103 -1.76551 0.246297 0.638337 0.874247 -1.1286 4.7534 -3.76055 -3.37417 -3.50749 1.65 -0.28525 0.423892 0.699426 0.863555 -0.350033 0.873863 0.496541 
3.96997 -0.754394 -0.120072 -0.758931 -0.190133 -0.359349 0.0507876 -0.114384 -0.132377 -0.184085 -0.0788553 0.0168399 0.0432799 -4.33011 -7.36875 -1.50051 -1.32553 2.65193 -1.99379 0.721101 0.976105 0.879455 -0.717221 0.133474 1.21248 1.11734 -2.39502 5.56939 -0.215324 1.27135 -3.20465 1.43096 -2.59562 -0.654709 1.58821 3.29293 0.886791 0.123165 -0.976537 
3.91909 -0.773738 -0.00454375 -0.862776 -0.333453 -0.468607 0.0673712 -0.156977 -0.133223 -0.132357 -0.0529737 0.00403032 0.123003 -4.43857 -5.18403 -2.16859 -1.90819 0.776772 -1.3525 -0.0899065 1.87828 1.06102 -0.143018 -0.57487 0.763058 1.52525 -1.33838 3.67758 1.46398 3.50544 -1.75131 0.873083 -3.24638 -0.054558 1.49185 3.36563 0.218313 -0.876543 -1.40757 
3.61995 -0.867827 -0.0159073 -0.642856 -0.121353 -0.393947 0.00187192 -0.23571 -0.108379 -0.165671 0.0871723 0.0763679 0.0277573 -3.76815 -3.46887 -1.93096 -1.60086 -0.609797 -1.18633 -0.388052 2.00819 1.37392 0.74444 -0.439013 0.685355 0.958403 1.90522 1.78609 1.66159 1.77138 -1.86049 0.147628 -2.10309 1.2327 0.499367 2.39522 -0.95998 -1.33184 -0.365281 
3.6092 -0.824586 -0.133644 -0.659244 -0.135872 -0.301927 -0.123079 -0.134223 0.000857834 -0.00273921 -0.00581169 0.0445015 0.0331834 -2.34116 -2.23994 -1.2852 -0.400408 -0.989797 -0.0746515 -0.579698 0.682247 0.709406 1.61805 0.177493 0.63511 0.244962 4.27997 0.220831 0.9649 0.147947 -0.838553 0.143037 0.568945 0.4662 -1.51671 -0.195778 -0.203752 -0.419924 -0.107582 
3.54147 -0.832377 -0.143494 -0.743366 -0.31314 -0.476223 -0.151542 -0.0715341 0.0489943 0.0829576 0.020459 0.109785 0.0700651 0.718288 -0.67933 -0.820006 0.483333 -0.968986 -0.00994074 -1.07153 0.644194 0.511495 2.3708 -0.154919 0.690465 0.0274537 6.89491 0.803123 -0.0678827 -0.584547 0.18807 0.957047 2.38954 -1.18547 -2.38982 -1.24375 -0.27833 0.29528 -0.222884 
3.55634 -0.941938 -0.0146661 -0.702537 -0.347464 -0.492495 -0.126969 0.00847613 -0.0134861 -0.025054 -0.137007 -0.0715645 0.13796 3.1142 -0.171096 -1.37992 0.169138 -0.559589 0.558622 -0.721736 1.0754 -0.375461 1.68058 -0.796226 0.556672 0.14612 6.58665 2.07056 -0.995026 -0.479266 1.30439 1.41185 1.76683 -1.91791 -2.14434 -0.815001 0.441366 1.32523 -0.377343 
3.6571 -0.969003 -0.0714298 -0.711027 -0.30895 -0.424537 -0.116922 -0.0120634 0.00814023 0.0746948 -0.00673692 0.0588542 0.0593987 5.00829 0.358612 -1.49841 -0.129938 -1.20864 0.830992 -0.359871 1.05696 -0.795337 1.22247 -0.49239 -0.128713 0.310997 3.47786 2.24207 -1.3124 0.408998 1.24111 1.26168 0.139513 -0.830011 -0.935756 -0.941091 0.187566 -0.0261054 -0.044112 
3.80443 -0.938968 -0.188404 -0.663541 -0.208941 -0.251162 -0.0588588 -0.196314 -0.151376 0.0524275 0.112115 0.145162 0.00853103 4.52359 0.89784 -1.49463 0.335098 -1.20951 1.04401 -0.237808 0.356146 -0.880521 0.409784 -0.110981 -0.507085 0.343184 -1.33597 1.55649 -0.624691 0.366952 -0.718341 -0.0140199 -1.4714 1.13365 1.24995 -0.587304 -0.523728 -1.9405 0.711862 
4.23019 -0.720378 -0.189162 -0.742615 -0.379066 -0.46198 -0.062054 -0.0713309 -0.045562 0.155421 -0.161648 0.121381 0.0939823 3.32876 1.96821 -2.42501 0.8019 -0.43245 2.26736 -1.37826 0.0762187 -0.265305 -0.000583682 -0.21447 -1.36632 0.493497 -6.93488 0.114848 -0.402782 0.956722 -0.761927 0.639192 -2.53922 0.766419 1.97072 -1.10433 0.714601 -2.84468 0.677653 
4.11344 -0.835751 -0.21022 -0.751608 -0.244578 -0.31623 -0.105884 0.0047671 -0.187871 0.0214521 -0.117579 0.071841 0.124857 0.759459 3.06279 -2.95392 0.929107 0.832634 2.84404 -2.23188 -0.446058 -1.09543 -0.00633131 -0.196288 -0.759667 0.351011 -8.13105 0.694476 -0.287031 1.18793 0.695325 1.10409 -2.39335 -0.740863 0.895415 -0.582867 0.23575 -1.50028 0.127261 
4.08746 -0.826542 -0.266808 -0.616191 -0.34365 -0.242926 -0.162764 -0.0246173 -0.0839162 0.0662016 0.0766737 -0.0362948 0.0571503 -2.3062 3.63817 -2.67939 0.251113 1.32 3.22827 -2.34163 -0.305676 -1.63128 0.0427662 -0.674249 -1.12033 0.350433 -6.69374 1.59461 -0.364753 -0.669934 2.96316 1.63781 -0.901931 -1.55597 -1.67609 0.403827 -0.631023 1.40854 -0.495734 
3.90878 -0.719752 -0.287606 -0.638418 -0.449282 -0.29467 -0.198374 -0.063703 -0.0189715 0.0688392 -0.0467038 -0.0600447 0.126571 -4.81072 3.35384 -1.76584 -0.455183 1.58816 3.01407 -2.55182 0.251695 -1.95345 0.518667 -0.607168 -0.973404 0.237114 -2.98389 1.07132 0.632242 -2.11483 3.56793 1.24202 0.836884 -0.837303 -3.76813 1.21577 -0.490843 2.80637 -1.0139 
3.81689 -0.604 -0.441899 -0.616381 -0.31863 -0.13229 -0.407877 -0.0423384 0.0419339 0.0243822 -0.0851674 -0.174529 0.174024 -6.56923 2.87149 -1.25776 -0.636598 2.25128 3.35747 -1.92441 -0.0662818 -2.38432 0.750518 0.0374525 -0.538947 -0.537996 0.380506 -0.415249 2.39653 -2.70162 1.07268 -1.00459 2.80868 0.827876 -2.88236 1.79448 -0.328823 2.46212 -1.2634 
3.60986 -0.533059 -0.406281 -0.585412 -0.0207298 -0.0336793 -0.371788 -0.158316 -0.369304 0.0251966 -0.107427 0.0555789 0.089932 -6.05206 2.66534 -0.710484 -1.17953 1.90595 2.10061 -1.11466 0.465996 -1.84182 1.50293 -0.640436 0.384694 -0.638482 2.18154 -2.53989 2.41281 -1.68147 -2.12917 -2.50966 2.683 2.43338 1.2661 1.21701 0.456926 0.311717 -0.602398 
3.48428 -0.451081 -0.432155 -0.79826 -0.099151 0.0491837 -0.271599 -0.11436 -0.322209 0.159482 -0.0666019 0.0268869 0.0455069 -5.50633 2.0814 -0.464436 -1.55255 2.12032 0.836921 -0.98578 0.775303 -1.81197 0.954485 -0.904763 1.12557 -0.714823 2.87535 -2.81375 1.10959 1.01288 -2.99419 -3.78925 0.656204 1.80401 3.77961 -0.535485 0.451692 -0.513293 0.0229409 
3.48061 -0.509463 -0.305816 -0.818654 -0.140017 -0.049951 -0.345425 -0.015147 -0.373002 0.187631 -0.0755774 0.0153715 0.0924101 -4.85017 1.07094 -0.0552459 -0.872556 2.0172 0.139869 -0.382173 0.632846 -1.37859 0.269882 -0.241087 1.18204 -1.19067 1.45642 -1.57127 -0.802884 2.44019 -1.52074 -2.82182 -0.508856 -0.239407 3.83805 -2.34378 -0.0384493 -0.425181 0.213736 
3.43882 -0.481625 -0.319564 -0.773698 -0.124054 -0.0336244 -0.265729 -0.00444132 -0.296064 0.182687 -0.096968 -0.0315008 -0.00120026 -3.86276 0.491426 0.349954 -0.575915 0.71502 -0.575155 0.90953 1.36189 0.446404 0.266788 -0.181536 0.686917 -1.5275 0.506625 -0.253528 -1.44766 2.25116 0.173257 -0.580863 -0.630321 -0.917014 2.37966 -2.43313 0.0677891 -0.386056 0.0321831 
3.38415 -0.571478 -0.341605 -0.792773 -0.14229 -0.115783 -0.267868 0.0998613 -0.221164 0.216651 -0.137661 0.0763567 0.0582089 -2.9599 0.524244 0.289978 0.548115 0.218552 -0.5051 0.879082 1.0538 1.60992 -0.823034 -0.319079 -0.253938 -0.935291 0.0459023 1.20808 -0.385798 1.74942 1.19988 1.83082 0.792372 -1.75198 -0.317547 -1.87789 0.175499 -0.737916 -0.354788 
3.3257 -0.484484 -0.428701 -0.751593 -0.111281 -0.213126 -0.434753 -0.00820578 -0.21534 0.0742032 -0.0833609 0.0813347 0.0167086 -2.82957 0.377117 0.196266 1.63731 0.587599 -0.0845389 0.907658 -0.178452 0.992235 -1.05339 -0.243107 -0.161805 -0.611326 0.305822 0.96335 0.865672 0.536753 0.268733 3.0779 2.24976 -1.22115 -1.25475 0.50839 0.0585638 -1.17807 0.29888 
3.18885 -0.514809 -0.371801 -0.657607 -0.0334868 -0.137322 -0.327188 -0.0876593 -0.251269 -0.00258417 -0.0856216 0.0477752 -0.0255723 -2.64324 0.734935 0.138512 1.96644 0.554064 0.870211 1.20652 -0.750956 0.862826 -0.561876 0.21581 -0.251786 -0.648821 1.1209 0.407946 1.27765 0.0953432 -0.651622 2.15247 1.13375 -0.610955 -1.57567 2.13012 0.30743 -0.63132 0.952811 
3.27037 -0.462625 -0.37305 -0.736017 -0.123674 -0.0507339 -0.151757 0.163313 -0.0263843 0.147299 -0.123005 -0.0394176 -0.098273 -2.06497 0.934669 0.426476 1.81599 0.335018 1.18229 1.5534 -0.953276 0.211013 -0.0527216 0.134318 -0.31039 -0.0935929 0.866867 -0.212185 0.685673 0.128244 -0.647114 0.403873 -0.220884 -1.24483 -1.89953 1.97155 0.400558 0.45909 1.26864 
3.20449 -0.389951 -0.317838 -0.581114 -0.00415831 0.00354475 -0.208762 -0.0659231 -0.269738 -0.0491962 -0.143274 -0.00258805 0.0184582 -1.63263 0.959823 0.21069 1.3023 0.269552 1.83225 2.50179 -0.936454 0.103804 0.181829 -0.0814977 -0.304301 0.309386 0.868583 -0.87134 -0.675947 -1.18898 -0.92325 -0.9293 -0.0545617 0.485922 0.209553 1.72211 0.0482853 1.12138 0.906784 
3.11703 -0.470102 -0.33978 -0.619719 -0.0815364 0.00186676 -0.189338 -0.157887 -0.278911 0.146258 -0.0765977 0.0110091 0.017621 -1.19255 0.521486 0.0614169 0.765808 -0.22292 1.4498 2.62662 -0.327971 0.241671 0.704687 -0.179947 0.148012 0.658838 0.880792 -0.37114 -1.44076 -1.44509 -0.364202 -1.52456 0.046869 1.52783 1.32104 -0.606473 -0.520789 1.03326 0.327912 
3.1648 -0.430599 -0.281822 -0.55225 -0.0993571 0.0407216 -0.20139 -0.0477889 -0.193112 0.189133 -0.0241854 -0.00979706 -0.0352903 -0.827894 0.34439 -0.63554 0.173371 -0.928671 0.44432 2.00424 -0.383163 -0.282876 0.378221 -0.183965 0.633185 1.18143 0.245329 -0.499335 -1.74125 -1.6324 -0.432238 -1.54814 0.550469 1.13599 0.624393 -1.90949 -0.936321 0.78365 0.411313 
3.18752 -0.392022 -0.315734 -0.585154 -0.0947035 0.00185679 -0.0795523 -0.0626158 -0.227948 0.16577 -0.137464 0.00327066 0.0340621 -1.03782 -0.061852 -0.952152 -0.0672219 -1.27386 -0.68699 1.13436 -1.05508 -0.7894 -0.313729 -0.253569 0.863999 1.39633 -0.122947 -0.494475 -1.08818 -1.03005 -1.05723 -1.61477 -0.831387 0.189742 -0.262624 -1.81708 -0.257902 0.187705 0.154874 
3.12998 -0.441105 -0.426966 -0.673782 -0.0649338 0.0788717 0.0376764 -0.0330798 -0.151705 0.0978345 -0.159778 0.0750089 0.0984258 -0.414273 0.0700451 -0.85405 -0.550403 -1.67252 -1.25381 1.04815 0.140781 0.119674 -0.103487 -0.122173 0.428612 0.973535 0.0315428 0.118499 0.661817 0.446946 -1.00592 -1.7318 -2.33463 -1.07688 -1.60159 -0.915567 0.584468 -0.717931 -0.123157 
3.12306 -0.434531 -0.409636 -0.630658 -0.134111 -0.0484108 -0.0896899 -0.0227024 -0.147971 0.106243 -0.0952728 0.0783705 0.0356891 -0.0164919 0.470826 -0.504591 -0.370465 -1.38068 -1.47345 0.612752 0.376178 -0.0063362 -0.819169 -0.141125 0.133572 0.937931 0.53619 0.49178 1.59682 0.692943 -0.31306 -0.56371 -1.62054 -0.5265 -0.758778 0.643574 0.82109 -1.30491 -0.374306 
3.11199 -0.443726 -0.454694 -0.655591 -0.224147 -0.065645 -0.0233431 -0.0841782 -0.302556 0.0443698 -0.128943 0.0808665 0.125221 -0.0182219 0.449041 -0.234326 -0.340041 -1.26329 -1.57143 0.153315 0.10823 -0.239884 -0.697519 0.104033 -0.100454 0.818409 1.08382 0.942217 1.98207 0.877984 1.02525 0.580579 -0.815032 0.888442 1.00866 1.29939 0.813765 -1.27023 -0.930854 
3.08597 -0.452917 -0.437232 -0.661112 -0.259465 -0.154988 -0.116822 -0.158037 -0.274943 0.0415247 -0.153909 0.0591091 0.128276 0.169198 0.522807 0.334296 0.0326303 -1.09996 -1.34674 -0.468116 0.255288 -0.115278 -0.305985 0.608657 -0.431884 0.353764 0.919024 0.696342 1.06891 0.443968 1.63561 1.45438 0.56639 1.3996 1.25273 1.02166 0.400613 -0.501152 -0.727055 
3.16673 -0.368138 -0.34835 -0.624624 -0.216594 -0.126517 -0.0876019 -0.0223998 -0.208068 0.0907455 -0.0740023 0.00438323 0.0981888 0.468249 0.726996 0.799888 0.31316 -0.796112 -1.14914 -0.594147 0.302822 -0.149894 0.0671229 0.596704 -0.712157 0.102401 -0.0533886 -0.293909 -0.310422 -0.105785 1.1005 1.30873 0.673901 0.436838 0.638854 0.240855 -0.163498 0.436032 -0.342366 
