3.26075 -0.419341 -0.631836 -0.303389 -0.263469 -0.350137 -0.182285 0.150776 -0.227119 -0.283265 0.145793 0.149898 -0.116092 -1.6176 -0.10767 0.393163 -3.05671 0.299752 1.07742 -0.745437 -2.15671 1.78879 2.0264 -0.427323 -0.0690322 0.751282 -1.47828 -0.221772 0.211698 -2.38512 0.307732 0.390156 -0.315667 -1.51655 0.930291 1.49845 -0.3577 0.0701469 0.865365 
3.2163 -0.396962 -0.599014 -0.439086 -0.254574 -0.200572 -0.271344 -0.00641501 -0.0436938 -0.144828 0.16044 0.137588 -0.148792 -2.71583 -0.0624534 1.03417 -3.34826 0.326287 1.70884 -0.426144 -2.74092 1.53528 2.3989 -0.802713 -0.689432 0.989052 -1.84965 -0.440403 0.941828 -0.553182 0.296971 -0.115474 0.910935 -0.242197 -0.894811 0.726633 -0.387908 -0.560664 0.36206 
3.16836 -0.40203 -0.647757 -0.60081 -0.274325 -0.287427 -0.262758 -0.0108167 -0.103729 -0.218096 0.0186526 0.128424 0.0544582 -4.28238 -0.284976 2.22521 -2.34989 0.272516 1.86654 -0.1224 -2.9469 1.61377 2.75693 -1.10186 -1.40963 0.912182 -2.53938 -0.536375 2.51623 2.56072 0.127746 0.335021 1.48181 0.516353 -1.17402 0.543763 -0.0269893 -1.55405 -1.19157 
3.08543 -0.404236 -0.665111 -0.607703 -0.221872 -0.226866 -0.278279 -0.156613 -0.0451 -0.05386 0.161511 0.206051 0.00503642 -5.22946 -0.243935 3.66725 -0.551348 0.57983 2.16229 0.515093 -2.5854 1.03141 2.32709 -1.4748 -1.65228 0.990143 -2.47311 -0.181263 3.71546 4.97959 -0.0246173 0.598141 1.70482 1.45152 -1.51393 -1.02049 -0.927181 -2.0237 -0.976634 
3.04515 -0.471838 -0.508834 -0.656696 -0.216524 -0.241981 -0.234148 -0.0377651 -0.0239877 -0.0159124 0.0870832 0.104341 -0.0962165 -4.85729 0.0565273 4.10968 0.255443 0.0768084 1.86342 1.33418 -1.50364 0.176548 1.97766 -1.17703 -1.8847 0.727171 -0.732593 0.738242 2.38247 4.75985 -0.535042 0.392138 1.35619 1.52369 -1.40495 -1.67465 -0.307533 -0.880823 -0.138593 
2.85425 -0.407462 -0.444928 -0.648962 -0.23519 -0.0813571 -0.181809 -0.198955 -0.117504 -0.0150491 0.0130741 -0.0109989 0.0130638 -4.35284 -0.0886336 3.79787 0.933384 -0.369548 1.37922 1.96367 -0.6066 -0.916958 1.37362 -0.606782 -1.38939 0.685787 2.1298 0.621077 -0.36287 1.68385 -0.924821 -0.787526 0.63242 1.96699 -0.886068 -1.44246 1.02225 1.36802 0.166625 
2.63555 -0.471427 -0.260692 -0.412873 -0.248197 -0.13259 -0.185577 -0.191831 -0.00710178 0.0483859 -0.00104465 -0.0761734 -0.0333073 -3.48488 -0.0370005 3.50172 1.46453 -0.632521 1.33048 1.56301 -0.433534 -1.41727 0.645297 -0.157642 -0.701256 0.679807 4.42632 0.436097 -3.48159 -2.36377 -1.07403 -1.48224 -0.284703 1.37293 -1.66707 -1.62523 1.68256 3.07433 1.104 
2.63411 -0.418558 -0.105155 -0.240203 -0.154108 -0.0436918 -0.102963 -0.135613 -0.117309 -0.0656668 -0.0562035 -0.0133037 0.0260968 -1.33547 0.995723 3.72939 1.58005 -1.49028 -0.0245821 0.45189 -0.460587 -2.18394 -0.365929 -0.805625 -1.31539 0.773179 4.95564 0.617926 -3.49416 -3.75088 -1.53638 -2.3805 -2.29667 -0.559021 -1.15515 -0.614755 1.33749 1.69582 0.228533 
2.80727 -0.353507 -0.223389 -0.472344 -0.329351 -0.115736 -0.037734 -0.0271444 -0.157983 0.00883442 0.0609773 -0.0515466 -0.0235898 4.22052 3.54429 2.2971 0.239478 -2.16978 -0.97169 -1.25225 -0.898843 -2.09918 -0.615239 -0.543448 -1.38951 0.420385 7.1195 2.77831 -1.29658 -2.52808 -1.01764 -2.26686 -4.1846 -1.98713 -0.25065 -0.655677 -0.863711 -1.02201 -0.630052 
2.72697 -0.448454 -0.309837 -0.546795 -0.331656 -0.103471 -0.0489963 -0.117803 -0.200359 0.0182082 0.10789 0.0800235 0.0549327 11.559 5.09475 0.617844 -1.31866 -3.10516 -1.55298 -3.04307 0.17575 -1.43901 -0.238837 -0.200777 -1.64073 -0.207992 12.2665 5.43114 -0.210316 -1.16403 -1.37753 -1.26295 -4.83675 -1.04035 1.15464 0.146027 -1.7575 -3.62003 -1.5393 
2.73996 -0.434508 -0.266449 -0.474723 -0.313975 -0.119893 -0.161886 -0.169454 -0.274653 -0.110542 0.0498298 0.12615 0.147416 17.7509 5.87958 -0.977929 -2.60631 -3.95319 -1.70053 -4.31252 1.01818 -0.435565 0.225171 -0.069497 -1.85304 -0.0674621 15.8128 4.76611 -1.06457 -0.706165 -1.7515 -0.223985 -3.37483 1.9842 3.24869 1.74248 -0.675509 -3.28448 -1.78404 
3.00117 -0.192287 0.00857641 -0.385385 -0.452832 -0.317734 -0.32287 -0.254741 -0.323937 -0.0811109 -0.0748691 -0.190822 -0.00775707 21.5901 5.54593 -1.75788 -2.30022 -4.53338 -1.99111 -5.34168 1.9843 1.04428 0.733967 -0.103435 -1.97991 -0.118715 13.035 0.300279 -3.29903 -0.408786 -1.07063 1.48741 -0.552609 4.73939 3.82536 1.81237 1.06375 0.548934 0.161375 
3.91468 0.241868 -0.220637 -0.686937 -0.518463 -0.299024 -0.466752 -0.236278 -0.239421 -0.0616805 -0.049282 -0.232664 -0.0730753 23.613 4.50154 -1.11101 -0.866169 -3.9156 -2.3427 -5.16106 3.30014 1.69193 0.634773 -0.677881 -1.1058 -0.0673154 2.35216 -5.86467 -1.86527 1.73071 0.00508216 0.600526 2.25459 5.11139 2.42964 1.09067 1.35724 3.67338 1.51519 
4.61796 0.238368 -0.366609 -0.699893 -0.663262 -0.206716 -0.590702 -0.0265413 -0.170537 0.0453576 0.0111777 -0.259478 -0.0349327 22.8739 3.41457 -0.253193 -0.0693761 -3.24151 -2.90961 -4.13414 4.75234 1.47669 0.784609 -0.694146 -0.854304 -0.41438 -9.68366 -7.72633 1.83379 3.43227 2.43722 -1.28615 3.83495 2.35567 -0.641939 -0.775019 0.107231 4.52759 1.39488 
4.96312 0.144044 -0.390063 -0.652739 -0.729779 -0.290245 -0.614925 0.119712 -0.00445874 0.0814974 0.0318648 -0.196534 0.0360144 16.8704 1.45898 0.376985 0.594321 -1.33649 -3.12133 -2.16706 4.31866 1.40898 0.402668 -0.589307 0.13789 -0.594306 -18.0465 -5.1974 4.81525 3.47817 4.65707 -2.18251 4.10238 -1.73558 -3.39351 -2.38132 -1.28464 2.45693 -0.240622 
5.17557 0.0822551 -0.402685 -0.55036 -0.770207 -0.314182 -0.658419 0.221395 0.00489762 0.0375375 0.0129065 -0.140086 0.0517704 4.69643 -2.26843 1.37035 2.91086 1.12791 -1.50751 0.368387 3.00677 0.295067 -0.499405 -0.0282453 0.888492 0.337454 -24.1085 -2.5519 5.44871 3.03779 5.60801 -0.35804 4.17933 -5.30854 -4.13167 -2.33337 -0.971764 -1.12031 -1.14275 
5.35829 -0.0230945 -0.275903 -0.518577 -0.718827 -0.485956 -0.577453 0.34186 -0.0623916 0.0253939 -0.0497843 0.0155909 0.0244479 -8.00609 -5.69748 2.92784 4.62184 2.82557 -0.493646 2.20753 1.22995 -1.07346 -1.04971 -0.0215288 0.239811 0.687089 -25.3613 -1.95257 2.08755 1.75366 4.58197 3.75329 3.25701 -6.46932 -2.67201 -1.43912 0.624262 -3.49417 -0.23467 
5.13239 -0.0161862 -0.118058 -0.45731 -0.626876 -0.560297 -0.566039 0.359731 -0.213541 0.0172896 -0.0551103 -0.0850332 -0.0134723 -15.0723 -6.51515 3.46872 4.17975 4.33319 -0.0517859 3.713 -0.614271 -1.51436 -1.51407 0.5005 0.640728 0.482057 -18.0467 -3.18644 -1.3118 0.305515 1.97495 5.43703 2.34655 -4.40677 0.109284 -0.044669 2.12423 -2.10644 1.03564 
4.49794 -0.0303287 -0.0405751 -0.393762 -0.390645 -0.59797 -0.448994 0.0983047 -0.137579 -0.125258 -0.112497 -0.0726936 -0.0673115 -12.382 -6.29886 2.17861 3.11968 4.51783 0.768021 4.40857 -2.08246 -1.53903 -1.13571 1.27392 1.08066 0.0201754 2.62893 -2.34958 -4.12902 -2.15021 -1.57007 3.54133 0.775894 -0.567261 1.87475 1.7035 2.78766 0.995828 1.10329 
3.38182 -0.386186 0.0633013 -0.0323835 -0.287648 -0.244684 -0.265792 -0.00265936 -0.290566 -0.130219 0.0190372 -0.22893 0.0644451 -8.48198 -5.3322 1.03934 2.22522 4.20742 1.45808 4.7051 -2.43335 -0.915183 -1.03414 1.53596 1.25578 -0.312419 24.5217 2.13365 -4.92426 -4.79079 -3.39903 -1.02805 -0.943826 2.30065 2.88493 1.66411 1.16681 3.96029 -0.74934 
3.08364 -0.60229 -0.0570093 -0.184861 -0.29918 -0.178569 -0.264614 0.029419 -0.296594 -0.0839867 0.0286263 -0.271305 0.0921373 -2.8052 -2.89594 -0.211367 1.35909 2.05775 0.916105 3.41775 -2.62929 -0.202454 -0.629768 1.13956 1.09196 -0.176659 31.5579 6.98035 -2.69048 -3.67267 -4.21753 -4.57678 -2.25207 2.42456 2.01153 0.856703 -1.19137 3.63946 -1.74474 
3.37145 -0.59464 -0.0410453 -0.296057 -0.22624 -0.310165 -0.153614 0.0605265 -0.163497 -0.0875046 0.151344 0.0232758 0.0600919 6.48156 -0.305488 -2.03654 0.171893 -1.11406 -0.244677 1.88012 -1.27726 0.365696 0.132026 0.166683 1.68078 -0.473574 22.3435 8.95301 -1.09623 -1.16529 -5.34215 -4.61923 -3.85092 1.65144 -0.0484444 0.288798 -3.67677 -0.352012 -1.57329 
4.79568 -0.540903 -0.271428 -0.336635 -0.302927 -0.333849 -0.122868 -0.0334346 -0.126562 -0.0170797 0.188774 0.130533 -0.0185069 15.2804 2.21501 -3.20221 -0.933495 -3.79907 -1.82896 0.135608 1.02288 0.490878 0.743587 -0.596411 2.02902 -0.968012 3.14799 6.92365 0.249203 0.652354 -5.12313 -3.12852 -4.11396 1.89563 -0.972863 -0.17658 -4.09774 -2.73184 -0.507344 
4.71108 -0.43022 -0.180604 -0.263365 -0.253462 -0.293659 -0.0753904 0.0613528 -0.161038 -0.147063 0.0794704 0.0831522 -0.0707626 20.6491 4.66783 -3.79893 -1.82552 -4.97838 -3.83616 -1.05065 1.93614 1.26945 0.958367 -1.72489 2.4867 -1.57647 -6.05357 2.12579 -0.550444 0.799563 -3.90607 -1.20873 -2.96665 2.15867 -0.637152 0.922844 -1.99267 -2.31786 0.49794 
4.8267 -0.129154 -0.140322 -0.286909 -0.543661 -0.572598 -0.282109 -0.0416062 -0.189658 -0.0735513 -0.0495412 -0.0022227 -6.30378e-05 19.1858 5.41186 -3.59718 -0.895227 -5.15988 -4.12656 -1.41991 2.07241 1.42431 1.13767 -2.26273 2.10479 -1.42524 -7.57659 -2.55456 -1.35941 -0.0919883 0.217495 0.693287 -0.129992 2.18062 0.944492 1.02988 0.474711 0.189306 0.338026 
5.41358 -0.0117688 -0.376826 -0.341043 -0.806784 -0.577187 -0.35181 0.129058 -0.19033 0.00321139 -0.13091 0.0258076 -0.0870372 13.8154 4.75431 -3.36099 -0.468583 -4.76172 -3.55221 -1.94435 2.24113 1.25062 1.46439 -2.59578 1.03822 -0.843538 -8.09291 -4.38388 0.193362 0.0656333 4.37734 1.26884 1.92011 0.0275888 1.82157 0.578966 2.07409 1.70746 0.766433 
5.58779 -0.0350624 -0.434485 -0.35279 -0.822015 -0.612945 -0.361387 0.290543 -0.144119 -0.0297619 -0.0920873 0.093998 -0.116889 6.93778 3.61099 -2.49457 -0.463506 -3.43485 -3.04302 -1.8485 2.13516 1.48736 1.79056 -2.23078 0.84136 -0.0128692 -7.59089 -3.52381 1.48204 0.442061 5.36439 1.8125 1.99763 -2.36214 1.07987 0.534981 1.60489 0.677178 1.32821 
5.63717 -0.039021 -0.46821 -0.352755 -0.789661 -0.684743 -0.316967 0.253311 -0.058369 0.0374636 -0.120943 0.150692 -0.103949 4.78367 1.76218 -1.53559 -0.960508 -1.25024 -2.91713 -1.09011 1.05183 2.11341 2.08978 -1.50799 0.893699 0.638934 -8.79776 -1.98944 3.44886 0.172429 4.73567 1.29122 1.06651 -2.93897 -0.0322705 -0.20294 0.551899 -1.16604 1.70687 
5.60913 -0.0235716 -0.505346 -0.338647 -0.768709 -0.718845 -0.308711 0.224018 -0.00326032 0.0754778 -0.139814 0.191935 -0.0878826 1.2209 -0.488943 0.689123 -1.48442 2.20107 -2.20076 0.0469695 0.0702233 2.37624 1.49681 -0.771738 0.534995 0.814727 -6.40035 -1.38516 4.73263 -1.11835 3.63534 -0.0592238 0.153655 -2.82424 -0.575055 -0.588856 0.0663228 -2.32875 1.35155 
5.56189 -0.0131842 -0.48851 -0.350528 -0.729645 -0.703841 -0.359711 0.248703 -0.00603735 0.105963 -0.140317 0.178955 -0.0529615 -3.4393 -2.18538 4.18464 -1.90599 4.71674 -1.82548 0.339001 -1.88865 1.80135 1.02078 -0.442292 -0.73146 1.23283 -3.87978 -2.58139 5.62678 -1.97553 3.42796 -0.189093 0.395674 -2.26034 -0.841437 -1.14933 0.176343 -2.53549 0.099064 
5.4449 0.00309068 -0.458782 -0.358341 -0.696261 -0.686955 -0.367162 0.195968 0.00283801 0.157713 -0.161437 0.140721 0.0130625 -6.11617 -4.19209 6.40027 -1.73688 6.76575 -0.416985 0.204165 -3.19245 0.214379 -0.124627 -0.442005 -1.59387 1.33035 -3.36202 -4.53717 5.74614 -1.18878 4.14227 1.06488 0.376477 -1.76332 -1.95265 -2.39144 0.576765 -1.77619 -0.847216 
5.36385 -0.091024 -0.2521 -0.44871 -0.503469 -0.847372 -0.293347 0.10294 0.0955804 0.124247 -0.196971 0.0983112 0.0548372 -7.63343 -6.30346 6.48376 -1.87556 7.66889 0.957387 0.177824 -2.87447 -0.542913 -1.29569 -0.781831 -1.57712 1.38314 -3.0572 -5.1243 1.92928 0.455208 2.70182 3.47935 -0.0863876 -0.429095 -2.73795 -2.58086 0.0658377 -0.0841798 -0.875374 
5.25948 -0.217484 -0.044363 -0.575043 -0.29876 -0.87837 -0.30064 0.0439777 0.103407 0.0990124 -0.153412 0.0467212 0.0194903 -7.5959 -7.99489 4.401 -1.50488 7.42161 1.70336 0.260349 -2.24756 -0.574163 -1.79373 -0.561956 -1.48149 1.34491 -1.11668 -3.97649 -4.80672 2.25143 -0.555432 4.1408 -0.350314 1.64251 -1.78937 -1.82391 -0.402014 1.49864 -0.0608896 
4.9777 -0.401962 0.257044 -0.59795 -0.181249 -0.761147 -0.309817 -0.0759821 -0.0041353 0.0978761 -0.15207 -0.0826059 0.014256 -7.538 -7.85217 1.81761 -0.710085 6.68795 2.59313 0.909202 -1.65632 -0.631277 -1.90314 -0.63609 -1.17279 1.14557 1.82188 -0.161542 -10.5345 2.71502 -3.53362 2.54031 0.2518 3.36452 0.50191 -0.179805 -0.582907 2.35427 0.561528 
4.77768 -0.694464 0.332048 -0.46037 0.121596 -0.544243 -0.336335 -0.134138 -0.209938 -0.122566 -0.158281 -0.0367275 0.0464077 -10.773 -6.42543 -0.917234 -0.302411 6.04165 3.86138 1.04923 -1.25574 -0.579266 -1.10691 -0.027448 -0.531808 0.187642 -0.223207 4.98035 -10.8627 1.18245 -5.00656 0.139135 1.05058 2.69388 2.80688 2.87556 0.311191 1.59751 -0.30559 
4.69084 -0.862185 0.0483015 -0.552467 0.0862596 -0.499841 -0.293371 0.00365041 -0.0651821 -0.119206 -0.298681 0.0821888 0.105902 -11.9704 -5.1321 -4.66766 1.79043 4.34032 4.47324 0.670017 -1.0417 -0.920412 -0.953991 1.11324 0.298009 -0.215253 -3.53023 7.0383 -6.07724 1.56124 -3.30331 -1.26243 0.726537 -0.176902 1.71834 3.03476 2.48757 0.362669 -1.59054 
4.79358 -0.959032 -0.330405 -0.47509 -0.0147164 -0.538916 -0.304675 0.0557 0.0288744 -0.0573443 -0.174333 0.028091 0.122671 -12.0917 -4.03059 -6.40319 2.12826 3.26936 4.64701 0.194109 -0.236905 -0.689057 -0.36081 1.18442 0.675248 0.0177399 -5.79328 5.0521 0.80081 0.844818 -0.364472 -0.410408 -0.690544 -1.62321 -0.59812 1.61736 2.41695 -0.0998232 -1.67274 
4.62283 -0.749809 -0.374692 -0.417278 0.031232 -0.423886 -0.17034 0.0339969 -0.0246666 -0.0314076 -0.237595 -0.000846584 0.118963 -9.13538 -2.74181 -7.33094 1.98469 2.86509 4.38729 -0.306799 0.506463 -0.237675 -0.0287537 0.939401 0.903652 0.150166 -0.512846 -0.0518566 4.13003 0.244798 1.35946 0.390605 -2.5009 -0.900828 -1.77975 -0.535947 0.909042 -0.161839 -0.236468 
3.6121 -0.623347 -0.400939 -0.518866 0.204227 -0.274277 -0.199203 -0.09203 0.000734674 0.130175 -0.0907171 0.0502536 -0.0626232 -9.04502 -0.514511 -5.94481 0.653007 1.45781 3.29024 0.157704 0.600914 -0.179953 0.446299 0.878088 0.788189 0.136259 7.9949 -2.36615 4.42835 -1.18244 0.293871 -0.306573 -1.617 1.36542 -1.63315 -2.36639 -1.892 0.102778 1.95869 
3.78026 -0.829587 -0.670101 -0.129891 0.132207 -0.352095 -0.279574 -0.157929 -0.106956 -0.0892863 0.081093 0.11308 -0.00881012 -4.4008 1.04836 -4.12849 0.24132 0.828879 2.81018 0.746575 0.216944 -1.40568 -0.0302465 0.450852 1.01076 -0.220901 12.6161 0.468445 3.17752 -4.11926 -1.93857 -1.15809 1.24993 2.49593 -0.213635 -0.985009 -3.96818 0.429691 1.65082 
3.73443 -0.968065 -0.47756 -0.398573 0.255929 -0.17738 -0.374119 0.0175707 -0.107207 0.000861302 -0.0812323 0.0460372 0.0924751 -3.13748 1.56167 -2.41513 -0.704967 0.45761 2.15512 1.05363 0.302171 -1.45467 -0.421323 -0.6361 1.38049 -0.0808258 9.63263 3.97518 0.677954 -2.79803 -3.67551 -2.70415 3.46474 0.718189 0.466962 -0.13517 -2.55116 0.731843 -0.0580462 
4.22696 -0.982433 -0.59165 -0.34847 0.356564 -0.0795043 -0.391445 0.0545742 -0.11268 -0.0637227 -0.185797 0.0602475 0.120927 -0.279939 1.46292 -1.56762 -2.0246 -0.744864 1.23 0.892038 0.108782 -0.346232 0.0150029 -1.28343 0.914578 -0.0698389 1.06381 4.8575 0.669655 -1.92966 -3.5341 -2.65035 3.08453 -1.57475 1.35182 1.40803 -0.734091 0.114448 -1.60857 
3.60456 -0.708445 -0.526761 -0.560221 0.122753 -0.235653 -0.161323 0.0449438 -0.130689 -0.0672371 -0.149644 0.139321 0.116245 5.86369 3.20867 -1.02532 -3.61665 -2.11045 0.553898 1.05347 -0.352808 0.159606 0.46768 -1.49762 0.787582 -0.0247315 0.517921 2.50089 0.315732 -0.942866 -1.23352 -0.889902 -0.590612 -3.02847 2.0287 2.25364 1.28714 -0.682623 -1.9791 
4.64976 -0.585545 -0.708921 -0.492766 0.0147863 -0.221158 -0.0599595 0.0282648 -0.225937 -0.0708618 -0.232755 0.221962 0.0157398 8.51061 4.94573 -0.360481 -4.59567 -2.8379 0.321223 1.22756 -0.840747 1.37807 1.81719 -0.32716 0.152641 -1.08486 1.68147 -0.084375 0.954223 -0.461815 -0.00862584 0.145933 -3.19787 -2.38799 2.58846 2.04503 3.33904 -1.82317 -0.960732 
3.88111 -0.611053 -0.640218 -0.519394 0.0966686 -0.239643 -0.115026 0.0139294 -0.116696 -0.0407691 -0.240803 0.174781 0.0580135 9.11119 5.32842 0.0743876 -2.31857 -3.77346 -0.555827 0.633032 -1.98094 2.22008 1.85758 0.927254 -0.758285 -1.80166 7.31134 -0.694456 1.83711 0.711086 -0.0439466 0.770584 -3.36165 -0.864481 1.95833 1.3556 3.18823 -2.39167 -0.543716 
3.9488 -0.580225 -0.555427 -0.701182 0.0176893 -0.193262 -0.173469 -0.118217 0.0422094 0.108364 -0.271862 0.0566405 -0.0071916 9.44545 6.1527 1.44425 -1.927 -4.72823 -0.774571 -1.03029 -2.366 1.42473 1.49692 1.14707 -1.5082 -1.81604 7.12315 0.635038 1.7558 3.21879 -1.1287 -0.176862 -2.34469 0.53339 -0.88393 -1.30474 1.75073 -1.54926 0.0488203 
4.77257 -0.28593 -0.632628 -0.898075 -0.0724222 -0.188381 -0.227833 -0.201618 -0.0381796 0.121458 -0.108882 0.184678 -0.0264924 12.7226 6.19459 1.3517 -1.37329 -5.22846 -0.384773 -2.6416 -1.9434 1.5309 1.63135 0.719965 -1.89695 -1.60472 0.446638 1.25253 1.47279 3.69254 -2.65076 -1.074 -1.03646 1.53472 -2.05477 -2.12923 -1.44574 -0.853668 0.48156 
5.19925 -0.330209 -0.633667 -0.738031 -0.155047 -0.205661 -0.20296 -0.109575 0.104847 0.181904 0.0858624 0.0401979 -0.112181 12.8676 5.95188 0.970022 -1.28826 -6.27712 -0.243472 -3.19218 -0.877604 1.77528 1.77509 0.558285 -1.85763 -0.898548 -1.13049 1.17949 -0.742625 1.33638 -2.81593 -0.382792 -0.790346 1.85789 -2.29626 -1.44395 -4.06774 0.955299 1.32062 
4.87425 -0.337717 -0.41289 -0.465012 -0.206868 -0.252329 -0.295592 -0.194651 0.171374 0.141882 -0.0637677 -0.109845 -0.106006 17.011 4.93907 -0.561351 -0.440478 -6.93365 0.372208 -3.22492 0.204007 1.3956 1.51136 0.252763 -1.21649 -0.0772222 0.32733 -0.975113 -3.80397 -1.87212 -1.55847 1.16697 -0.267788 2.45417 -0.447519 0.479524 -2.72835 2.31312 2.13358 
5.13845 0.0687473 -0.355515 -0.684323 -0.451088 -0.281204 -0.448614 -0.234423 -0.168066 -0.0132711 -0.155727 -0.0415191 -0.0813085 15.8554 3.14914 -1.55916 0.500027 -6.62405 1.16469 -2.96419 1.22668 0.901859 0.661781 0.0213796 -0.555081 1.16213 2.67623 -5.07474 -4.89883 -1.42051 0.895683 2.74976 0.906905 2.18695 2.24099 1.67698 0.175389 2.02397 2.3509 
5.60952 0.150311 -0.547994 -0.777853 -0.640004 -0.277369 -0.432576 -0.141761 0.0489376 0.187696 -0.205372 0.00911827 -0.103892 12.8092 0.926202 -1.97127 0.733647 -6.14944 2.04163 -2.29065 1.65206 0.758224 0.201157 -0.588093 -0.218028 2.19808 0.777206 -6.54657 -2.68082 0.51844 2.94519 3.02603 1.59998 0.892938 0.919719 -0.357814 2.47102 1.23511 2.38789 
5.95011 0.0198613 -0.690473 -0.737682 -0.733991 -0.193774 -0.46533 -0.0180068 0.146408 0.257274 -0.189102 0.0045112 -0.030531 11.6193 -0.217412 -2.54836 -0.0163119 -5.33615 2.70826 -1.51972 1.70802 0.0443576 -0.342447 -0.549758 0.836994 2.98368 -4.6917 -4.98845 0.93932 1.87427 3.38415 1.66486 2.16151 -0.575727 -0.979191 -2.32024 2.37117 0.133462 1.33661 
6.22961 -0.14421 -0.791126 -0.675676 -0.715183 -0.0828279 -0.538575 -0.00894264 0.178726 0.241062 -0.131039 0.017964 0.0871943 11.1697 -1.67059 -3.06252 -0.000871241 -4.24138 3.02944 -0.444798 2.1905 -0.0414765 -0.56755 0.427834 1.32939 3.16775 -8.46648 -1.08911 3.3107 1.46252 2.15713 -0.474084 2.13998 -1.17436 -2.53796 -2.86136 0.477518 -0.140164 -0.108752 
6.26063 -0.196272 -0.764164 -0.664939 -0.758496 0.0190619 -0.516028 -0.0150597 0.114824 0.134967 -0.0770159 0.0310084 0.156722 7.97203 -3.25659 -2.41464 1.32717 -2.72556 2.77179 0.145344 2.24005 0.245352 -0.824128 0.852229 1.04546 3.0234 -6.55121 1.98371 2.61032 0.18135 0.855692 -2.18288 1.10682 -0.421692 -2.31594 -1.38039 -0.779913 0.132797 -1.31454 
6.29825 -0.239364 -0.754715 -0.650811 -0.832312 0.0468763 -0.440025 -0.0064483 0.0615995 0.0897234 -0.0917667 0.061651 0.212057 4.48284 -2.83005 -1.03994 1.63992 -1.66652 1.97276 -0.0962963 1.86657 -0.958453 -1.62005 0.974046 0.780969 2.44807 -3.65652 2.31451 0.938071 -0.0548311 0.757988 -2.6425 -0.468493 0.568744 -0.0999084 0.868824 -0.790208 -0.174298 -2.06752 
6.31996 -0.252187 -0.749281 -0.637996 -0.847503 0.0482325 -0.41436 0.0333917 0.0243755 0.0479506 -0.0885166 0.0823493 0.228405 1.86407 -1.49385 -0.18055 1.40543 -1.14766 0.754952 -0.367583 1.68332 -1.19339 -1.34295 0.874804 0.52966 1.26711 -2.06276 1.64679 0.0478246 0.0178755 1.03259 -2.18549 -1.92571 0.723474 1.06412 1.92402 -0.132364 -0.734485 -2.1109 
6.35853 -0.265794 -0.761413 -0.581682 -0.867622 0.0426211 -0.416084 0.0837207 0.0182392 0.0336409 -0.0920414 0.096711 0.248858 0.0428352 -0.292464 0.299374 1.1617 -0.965347 -0.442159 -0.886267 1.83031 -0.791653 -0.401856 0.787549 0.0141297 0.052067 -1.85581 1.28657 0.123677 -0.329652 1.10504 -1.53574 -2.39874 0.0750166 1.35547 2.10502 0.581784 -1.20615 -1.9904 
6.36761 -0.273508 -0.778811 -0.555719 -0.875725 0.0183204 -0.47477 0.130155 0.00659348 0.0387343 -0.0877789 0.10431 0.249295 -1.70127 0.700961 0.51865 1.23606 -0.643905 -1.35803 -1.65311 1.31474 -0.0399718 0.798027 0.821517 -0.585749 -0.964246 -3.07146 1.58001 0.781146 -0.455166 0.519469 -1.02136 -1.48663 -1.07056 1.21075 1.86086 0.752183 -1.42965 -1.81552 
6.33781 -0.262403 -0.760303 -0.558078 -0.851863 -0.013266 -0.536233 0.155316 0.0170406 0.0720527 -0.0544775 0.0773027 0.199504 -5.52958 1.72303 1.224 1.5482 0.287624 -1.54782 -2.22795 -0.157089 0.40796 1.25436 0.444328 -1.71072 -1.65443 -5.90778 1.89106 1.39922 0.161865 0.471493 -0.395611 -0.197637 -2.71379 0.791994 1.08302 -0.259059 -1.71191 -1.15075 
6.26641 -0.219732 -0.74973 -0.546415 -0.850954 -0.0557726 -0.585597 0.18448 0.0342787 0.11043 -0.0223726 0.0470066 0.146528 -11.3132 2.46338 2.5251 2.00374 1.56201 -1.10347 -2.66641 -2.03833 0.277906 1.06666 -0.187679 -2.78876 -2.23128 -10.4728 1.75191 2.34727 1.0971 1.66048 0.770413 0.359709 -4.28668 -0.130163 -0.424417 -1.58088 -1.98596 -0.538098 
6.20429 -0.182881 -0.716932 -0.54108 -0.870345 -0.0996926 -0.644759 0.193908 0.0679463 0.17014 0.00603628 -0.00381818 0.10891 -16.4957 3.12816 3.60356 1.95328 3.14589 -0.934139 -2.53566 -3.75367 0.0672121 0.489682 -0.610353 -3.39417 -2.67273 -13.3463 1.22482 2.70505 1.32024 3.42623 1.47479 0.608883 -4.69378 -1.03603 -2.04684 -2.23704 -1.62825 -0.170802 
5.93774 -0.080469 -0.662892 -0.489915 -0.893162 -0.144544 -0.660099 0.0699166 0.0954188 0.233319 0.0125482 -0.0438036 0.0462968 -19.9681 3.4536 4.26345 1.82961 4.49048 -0.541985 -2.08117 -5.01187 -0.300931 -0.320498 -0.739838 -3.46093 -2.82477 -10.6972 0.151834 1.99504 0.289786 4.3343 1.53251 0.526507 -2.98028 -1.56791 -2.95556 -1.39813 -0.457045 0.0125111 
5.30494 0.00770534 -0.543017 -0.39745 -0.730994 -0.105817 -0.670664 -0.141789 0.0785321 0.178113 -0.121874 -0.206823 0.0306967 -21.7271 3.36901 4.59977 1.55258 5.56042 -0.0716165 -1.40883 -5.87984 -0.910452 -1.21628 -0.815699 -2.8792 -2.76142 -2.20825 -0.840667 0.310158 -1.37579 2.98054 0.716883 0.806997 -0.171357 -1.39708 -2.30264 0.744744 1.74454 -0.0838095 
4.53017 0.0421348 -0.350605 -0.312386 -0.546133 -0.0132677 -0.770232 -0.286588 -0.00850674 0.0844462 -0.178354 -0.292853 -0.0416464 -22.2473 2.84172 5.18655 1.5539 5.80984 -0.194765 -0.337209 -6.06947 -1.82944 -1.88718 -0.769701 -2.29197 -2.38405 6.69756 -1.42373 -1.06508 -1.9304 -0.139777 -0.807448 1.95799 2.00475 -1.00523 -0.719119 2.04766 2.98302 0.431959 
4.21129 0.109643 -0.31203 -0.370302 -0.378227 -0.0987543 -0.742562 -0.364947 0.00033665 0.038025 -0.15173 -0.289193 -0.0916569 -21.0654 1.46508 5.96368 2.14436 5.37555 -0.852745 0.662644 -5.4956 -2.60031 -2.45783 -0.477756 -1.25447 -1.78222 9.75905 -2.4438 -0.232322 -0.0979048 -3.20255 -1.7147 2.43738 2.67586 -1.06057 0.455951 1.78475 2.84347 1.20833 
4.06343 0.132277 -0.292192 -0.392071 -0.295581 -0.0727809 -0.741521 -0.413158 -0.037365 -0.00487074 -0.0898305 -0.26537 -0.124886 -17.0855 -1.07214 5.75996 2.6082 4.27725 -1.41569 1.90736 -3.97582 -2.8755 -2.85075 -0.43729 0.127092 -0.514258 8.17999 -4.0526 0.841929 2.27376 -4.50646 -2.19176 2.77388 2.43336 -0.772161 0.608989 0.0467084 2.0578 2.33548 
3.90665 0.138929 -0.234036 -0.415461 -0.211103 -0.0517021 -0.695061 -0.497862 -0.0970532 -0.0422659 -0.0812 -0.203266 -0.16502 -11.8921 -4.40554 3.88902 2.02059 2.74834 -1.39703 3.67305 -1.72163 -3.09328 -2.76665 0.353344 1.65013 0.515966 5.52385 -6.38814 -0.397607 2.48365 -3.66617 -0.989187 2.87785 2.89086 -0.364591 -0.0425842 -0.90263 1.22588 3.01427 
3.6384 0.117484 -0.0583619 -0.307862 -0.279909 -0.178104 -0.573487 -0.516735 -0.213391 -0.0479422 -0.0907173 -0.245023 -0.127858 -6.06367 -6.86874 0.843494 1.05874 0.852115 -1.72152 5.16916 1.38715 -1.68763 -1.93154 0.919367 2.42255 1.1957 6.32682 -7.06113 -4.77636 -0.522825 -2.01434 0.854126 2.3126 4.78194 1.73873 0.0578533 -0.166 1.26116 2.06525 
3.47827 -0.0532228 0.151495 -0.112603 -0.308981 -0.299888 -0.539036 -0.530325 -0.255517 -0.100853 -0.0784215 -0.17517 -0.087361 -2.33541 -8.72149 -1.03487 0.694212 -0.761542 -0.966763 5.03539 2.87185 -0.725476 -1.55532 0.862326 2.81191 1.95836 8.37761 -4.6344 -8.39713 -4.14493 -1.1191 2.39344 0.956935 5.2237 3.46745 0.800131 0.880091 0.946866 0.713786 
3.55842 -0.347803 0.0905921 -0.042472 -0.315251 -0.282258 -0.392228 -0.484334 -0.246129 -0.183876 -0.190815 -0.0811673 0.0677221 0.700578 -9.3723 -2.51893 -0.0663081 -0.937974 -0.21363 5.03106 3.85442 -0.237993 -1.12395 0.205398 2.50657 2.52545 7.87102 0.144777 -7.01318 -5.00471 -0.337941 2.77886 -1.19302 3.35185 3.06594 1.63413 1.04628 -0.295864 -0.701382 
3.53349 -0.716095 -0.191881 -0.24464 -0.25561 -0.126434 -0.179676 -0.315303 -0.344639 -0.2321 -0.060625 -0.015154 0.0762567 3.93914 -8.76668 -3.82627 -1.66075 -1.59316 0.438769 4.57987 4.56544 0.721525 -0.500745 0.47253 1.79806 2.39036 5.76021 5.04276 -1.39447 -2.97672 -0.543202 1.34527 -2.94395 -0.335395 1.86633 1.86558 -0.17548 -1.80098 -1.07596 
3.8822 -0.767669 -0.517619 -0.392462 -0.390763 -0.256103 -0.113759 0.0666714 -0.027684 -0.091695 0.032956 0.00813028 0.0156248 6.96514 -6.95312 -5.03214 -3.54194 -1.7619 0.635849 3.59279 4.46875 1.68916 0.328003 0.660672 1.62253 1.83422 2.01981 6.699 3.87315 -0.705498 -0.307263 -0.146024 -2.94098 -3.95861 -0.837086 1.1398 -1.11395 -2.27291 -0.663755 
3.96994 -0.851937 -0.459994 -0.348214 -0.466138 -0.139549 -0.257545 -0.106235 -0.056316 -0.156785 -0.0135017 0.0736388 0.123017 8.68061 -4.15589 -5.64179 -4.15894 -1.79663 0.601194 2.48372 3.65881 2.25502 1.35771 1.04402 1.33319 1.01686 0.583166 6.01121 3.8799 0.400874 0.0402521 -1.81631 -1.56811 -3.61363 -0.844398 1.21376 -0.295869 -1.27431 -1.14135 
4.0554 -0.859355 -0.436982 -0.383775 -0.296715 -0.0646671 -0.131598 -0.0887321 -0.197989 -0.145281 -0.15554 -0.0129873 0.177803 8.41634 0.303033 -3.07346 -3.17563 -1.53574 -0.64435 -0.321334 1.82464 1.87974 1.10405 0.819104 0.27768 0.439322 -0.317112 5.48144 2.60341 1.44085 -0.118364 -2.87453 -2.54926 -2.75159 0.0411787 0.168818 0.65534 -0.0900806 -1.18284 
4.2519 -0.815788 -0.448842 -0.568413 -0.499333 -0.113796 -0.0918729 -0.0273002 -0.0824351 -0.0895273 -0.00285259 -0.074508 0.11116 10.1531 4.54067 -1.28433 -1.93576 -2.12207 -0.699511 -2.98993 0.349671 1.56463 1.22099 -0.246589 -0.785448 0.0312936 0.553217 5.83575 1.02978 2.52507 0.310392 -1.42954 -4.43904 -1.47698 -0.168881 -0.583775 -0.116181 -0.178886 -1.04098 
4.44185 -0.759136 -0.53533 -0.654944 -0.534256 -0.264228 -0.12151 -0.0268855 -0.017063 -0.012562 -0.0116437 0.0288238 0.115075 11.291 6.71524 -1.04556 -1.32956 -2.03085 -0.320675 -4.53863 0.0529107 0.905657 0.768912 -0.904146 -1.26303 -0.166735 2.87505 5.87954 0.155627 2.75918 -0.228344 0.785906 -5.49841 0.363961 -0.0757875 -1.18751 -1.47437 -1.43461 -0.594545 
4.58334 -0.710929 -0.68119 -0.53327 -0.495535 -0.21729 -0.160585 -0.0638601 0.0479143 0.0521998 0.0664432 0.110591 0.0733434 13.4139 7.76264 -2.00426 -1.25997 -2.45092 -0.610026 -4.95428 1.81669 1.66762 0.931218 -0.881625 -1.50638 -0.572696 4.82239 3.33983 -0.339617 0.998845 -0.996204 2.28693 -3.67416 2.11789 -0.403325 -1.24163 -2.45278 -1.9868 0.280047 
4.5248 -0.289223 -0.304724 -0.433617 -0.439197 -0.377579 -0.524422 -0.189711 -0.0693903 -0.177469 -0.061702 -0.0793664 0.132977 14.622 7.64946 -2.28642 -0.920242 -3.34458 -0.252039 -5.31892 2.75637 2.10744 0.808771 -0.613652 -1.24625 -0.729621 5.51925 -2.05313 -2.77857 -1.34113 -1.62197 2.66102 1.76188 4.36969 0.606955 0.628263 -0.833866 -0.449585 0.105823 
5.18651 -0.0353212 -0.53745 -0.537393 -0.675717 -0.121444 -0.670162 -0.0722475 -0.019547 -0.000194033 -0.127225 -0.174823 0.0365849 14.7355 6.68802 -2.39013 -0.356887 -2.97163 0.328247 -4.44637 3.31952 1.59922 0.539559 -0.788884 -0.953239 -0.756194 0.913235 -6.00754 -1.80062 -1.61852 -0.872859 0.135678 5.44372 3.50095 0.993028 0.638393 1.69812 1.65067 -0.0119295 
5.47495 -0.0126005 -0.728959 -0.566831 -0.670998 -0.167521 -0.725364 0.114038 0.0742667 -0.0362479 -0.172031 -0.134366 0.0706325 14.3468 4.89461 -2.46543 -0.256276 -2.91958 0.502964 -2.81456 3.66028 1.25139 0.491591 -0.351701 -0.601733 -0.781917 -3.51993 -6.52533 0.199891 -0.236796 0.436304 -1.35153 6.14966 0.200058 -0.144245 0.626649 2.72336 2.7731 -0.286777 
5.77071 -0.0540545 -0.755425 -0.596754 -0.733729 -0.182753 -0.660918 0.259041 0.138036 -0.00919509 -0.146839 -0.134717 0.0930331 13.3384 2.51356 -2.73259 -0.405024 -2.57196 -0.0746915 -1.05622 3.87474 1.02207 0.583193 0.0673241 0.330145 -0.469751 -6.29904 -4.48771 1.34203 1.58665 1.96968 -1.81987 3.82704 -2.73301 -1.43994 -0.12368 2.12758 2.59712 -0.151629 
5.90444 -0.0604597 -0.717771 -0.635605 -0.843647 -0.148274 -0.605224 0.31724 0.134719 0.021604 -0.0723528 -0.126445 0.0404037 11.4535 -0.25183 -3.62127 0.404764 -1.99351 -0.377171 1.12162 3.45249 0.952549 1.20016 0.69364 1.71442 -0.0387285 -5.93661 -1.80311 1.2334 2.70633 2.59714 -1.81353 0.761476 -3.67068 -1.89758 -0.62252 0.0600875 1.46055 0.947171 
6.00761 -0.0653825 -0.766368 -0.607093 -0.83315 -0.188482 -0.540277 0.307097 0.122558 0.01513 -0.0203184 -0.0599616 -0.0161435 7.59015 -1.67595 -2.06232 1.50062 -1.15297 -1.31254 2.03978 1.85338 -0.135768 0.96128 1.04861 1.97584 0.635612 -3.64929 -0.737395 0.165519 2.28727 1.3319 -0.376049 -0.601881 -2.56728 -1.49381 0.314599 -1.121 0.130922 1.71958 
6.12449 -0.129341 -0.826788 -0.547811 -0.794213 -0.259418 -0.50229 0.27367 0.0983528 0.0408518 -0.024269 0.0198185 0.0188851 5.14691 -1.99487 -0.895855 2.08216 -0.983755 -1.16291 1.97325 0.784962 -1.31762 0.90001 1.58747 1.82379 0.417894 -3.22046 -0.349147 0.786521 1.23483 0.0949216 0.434886 -0.888469 -0.828287 -1.2623 0.173152 -0.556421 -0.939886 1.24279 
6.20025 -0.175456 -0.861127 -0.496837 -0.750385 -0.295877 -0.536216 0.316817 0.0914584 0.0121321 -0.0231735 0.0593283 0.0753958 2.64126 -1.99193 -0.254434 2.2728 -0.394984 -1.18289 1.37095 0.456061 -2.07464 0.256209 1.85633 1.79043 0.43869 -3.47832 -0.00214062 2.10921 -0.297041 -0.788868 0.934896 -0.513713 0.325864 -1.33009 -0.304424 0.917724 -1.35187 -0.227769 
6.24386 -0.185878 -0.915632 -0.369768 -0.79511 -0.293667 -0.486173 0.289782 0.0773194 0.0686952 -0.0718419 0.0778433 0.147355 0.0477219 -1.84439 0.670615 1.97271 -0.168592 -0.948634 1.09157 0.56015 -2.53752 -0.454479 1.73931 1.2762 0.726042 -4.64162 0.435212 3.03725 -1.92586 -0.501757 0.917303 -0.444452 1.06782 -1.26796 -1.59436 1.85548 -1.14401 -1.44601 
6.23758 -0.246429 -0.832919 -0.381941 -0.874906 -0.270621 -0.427695 0.241293 -0.0233986 0.145943 -0.0140676 0.0263923 0.152145 -2.33758 -1.61262 2.36366 1.02229 -0.677898 -0.830879 1.62716 0.783823 -2.47947 -0.790147 1.66002 -0.135251 0.552849 -5.12327 0.858373 2.90436 -2.4317 0.21576 0.0532926 0.314353 1.14567 -0.102969 -2.31139 0.945105 -1.19859 -1.41352 
6.19366 -0.276809 -0.772181 -0.367883 -0.856014 -0.292802 -0.467509 0.334888 -0.0975893 0.0496047 0.125717 0.0687828 0.054412 -4.24556 -1.12845 3.20722 0.527891 -1.50884 -0.870084 1.69534 1.41824 -2.21632 -0.856227 1.85254 -1.01182 -0.132212 -4.21328 0.960224 1.83188 -1.75644 -0.380081 -0.650999 1.02627 0.666903 1.18319 -0.944574 -0.834362 -1.7039 -0.435172 
6.06929 -0.285117 -0.722739 -0.386432 -0.802097 -0.320448 -0.481787 0.388694 -0.128158 -0.0385107 0.177458 0.108787 0.0759379 -6.59861 -0.363613 3.52188 1.11666 -1.84416 -1.02818 1.60147 0.901501 -2.05968 -0.705506 1.53803 -1.25578 -0.57614 -3.03619 1.21242 0.272974 0.62153 -1.32654 -0.84426 0.846068 -0.495706 1.64204 1.05108 -1.97653 -1.65273 -0.0365015 
5.8262 -0.265279 -0.617194 -0.42661 -0.847054 -0.27608 -0.420719 0.384352 -0.18494 -0.0896144 0.136874 0.0497951 0.115902 -7.70305 0.606732 3.69203 1.39178 -2.18099 -1.63962 1.29443 0.074363 -1.32031 -0.184917 1.34607 -1.13133 -1.15049 -0.944475 1.61475 -1.24625 2.8244 -1.7231 -1.17943 -0.241482 -1.98464 1.67224 2.83782 -1.54443 -0.197571 -0.465328 
5.72496 -0.28902 -0.437706 -0.498096 -0.921911 -0.371636 -0.226545 0.372826 -0.131304 -0.0544629 0.124124 -0.138721 0.0722704 -7.45257 1.03137 3.54578 2.26442 -2.54665 -2.25901 1.38626 -0.336642 -1.12309 0.29 0.582559 -1.10405 -1.26423 0.949469 1.43394 -1.78092 3.62348 -1.11813 -0.914583 -1.5527 -2.41149 0.228583 2.61602 -0.589017 1.63625 -0.719213 
5.67047 -0.276906 -0.519312 -0.385351 -1.03501 -0.416456 -0.329913 0.502087 -0.131335 0.00200964 0.176152 -0.0911744 0.022954 -7.70001 1.39078 3.9808 3.18413 -2.688 -2.34449 1.73161 -1.30287 -1.58385 1.02589 -0.449014 -1.62033 -1.28065 1.3602 0.8188 0.0670744 2.34196 0.431499 -0.467342 -0.752052 -2.30946 -1.32137 0.874588 -0.476704 1.30599 -0.663807 
5.32881 -0.179674 -0.514251 -0.133226 -1.01024 -0.414502 -0.365317 0.304832 -0.191181 0.0207777 0.103453 -0.040551 0.0492257 -7.71387 1.64795 4.29772 3.66034 -1.89464 -1.82377 1.645 -2.65918 -2.32143 1.90997 -0.936516 -1.92274 -1.6501 1.43944 -0.253403 1.91712 -0.470363 1.86177 0.59732 0.566506 -1.2801 -2.31032 -0.147979 -0.661478 -0.487025 -0.374834 
5.34735 -0.0832362 -0.429319 -0.171709 -1.11941 -0.521037 -0.341959 0.181087 -0.109262 0.144126 0.16465 -0.0129256 -0.046434 -7.72654 1.64015 4.54586 3.72965 -0.323802 -0.992893 1.26438 -3.94163 -2.68469 2.09112 -1.54699 -1.50972 -1.50246 -0.754652 -1.00354 2.55068 -1.74409 3.53499 2.42145 1.11635 -1.12448 -2.4964 -0.841056 -1.68434 -1.76627 0.549696 
5.41834 -0.183579 -0.332336 -0.0998834 -1.16296 -0.582075 -0.256229 0.284981 -0.277305 0.0950022 0.129555 -0.0784278 -0.0516845 -7.56706 1.24819 4.80824 3.46286 1.14555 0.226421 0.973203 -4.72858 -3.30241 1.59572 -2.29284 -1.04236 -0.805292 -1.95158 -0.844484 1.55745 -2.07443 4.08257 3.30135 0.394238 -1.87485 -0.684975 -0.523076 -1.87222 -1.09255 1.21465 
5.09533 -0.123626 -0.144585 -0.00542945 -1.09911 -0.54951 -0.208461 0.205587 -0.404562 0.0702619 0.0406701 -0.18907 -0.0831033 -6.81327 0.738662 5.23822 2.53204 1.95333 1.14734 1.21547 -5.10936 -3.36793 1.43204 -2.52241 -1.7528 -0.170792 0.0904388 -0.865861 -0.914924 -1.39204 2.47004 2.82275 -1.07868 -1.24369 1.10405 -0.0556297 -0.822953 0.545719 1.80112 
4.92307 -0.0805072 -0.0779489 -0.0397498 -0.945093 -0.439953 -0.211877 -0.0178548 -0.476317 0.208813 0.0156419 -0.242459 -0.108008 -5.13915 0.212737 4.7933 1.39654 2.05024 1.37448 0.741607 -3.89979 -2.80673 1.22039 -2.22696 -2.065 0.022712 2.86909 -0.718711 -2.20264 -0.541458 -0.471066 0.566623 -1.63226 0.97687 2.2298 -0.438868 0.470317 1.11766 1.50961 
4.76118 -0.0872906 0.0166093 -0.0362539 -0.840388 -0.364645 -0.203622 -0.154833 -0.439207 0.183026 -0.107297 -0.191414 -0.0462476 -3.70059 0.163284 3.24135 1.20778 1.4856 1.40912 0.405222 -2.87811 -1.93013 0.722762 -1.93972 -1.50292 0.264334 6.07202 -0.230684 -3.24243 -0.541633 -3.59975 -1.94612 -1.1903 3.68848 2.46963 -0.382906 2.2528 0.815705 -0.0457767 
4.78104 -0.158669 0.0730778 0.0174884 -0.819137 -0.334045 -0.188056 -0.161411 -0.50961 0.133154 -0.161599 -0.179141 0.0106326 -1.10097 0.395852 1.54479 0.371652 -0.309312 1.24922 0.326602 -2.14731 -0.50437 0.989716 -0.934379 -0.503345 0.34789 6.77955 0.366446 -3.5917 -0.892926 -5.17492 -2.66846 -0.0423888 4.55913 2.10033 -0.193279 2.85269 0.76446 -1.09083 
4.79488 -0.131735 0.0631844 0.0518628 -0.883979 -0.30369 -0.239247 -0.181902 -0.519771 0.227834 -0.0912098 -0.29518 0.0231884 2.36268 0.125143 -0.268492 -0.416816 -2.61805 0.938172 0.441081 -0.660836 0.674308 0.990767 0.36009 0.380887 0.490419 5.46703 0.639031 -3.16019 -1.48143 -4.88389 -1.49661 1.17278 3.11834 1.79886 -0.117958 2.3278 1.59451 -1.09522 
4.86056 -0.111654 0.0716916 -0.00275076 -0.910843 -0.404123 -0.292245 -0.0845748 -0.460169 0.215828 -0.0788247 -0.294168 -0.0376856 4.64888 -0.0316554 -1.65892 -0.783448 -4.2185 0.51469 0.428472 0.870653 1.41281 0.703023 1.63102 0.684933 0.417194 3.67809 0.109213 -2.60168 -1.55353 -3.08834 0.725435 1.39958 0.714738 1.17838 0.362078 1.92836 1.66154 -0.0362994 
5.02626 -0.0727637 -0.0636421 0.0144308 -1.07615 -0.451608 -0.204204 -0.0316405 -0.388719 0.174326 -0.0537443 -0.189625 -0.0736556 5.85895 0.142438 -3.22051 -1.22868 -4.01821 0.280024 -0.277672 1.9257 2.19291 0.330991 2.77478 0.945126 0.0715195 0.950369 -0.544275 -1.58447 -1.08066 0.730038 1.72496 -0.439591 -0.217294 0.872679 -0.225613 1.33028 0.792713 0.815619 
5.21772 -0.0960783 -0.0933089 -0.0623944 -1.26373 -0.376351 -0.128682 -0.0337976 -0.403213 0.249674 0.00998302 -0.152052 -0.024318 4.96529 0.569505 -4.29383 -2.12393 -1.8966 0.459409 -1.43102 1.92046 3.43909 -0.279322 2.75998 1.41731 0.194359 -2.43809 -0.251052 -1.28057 -0.491512 5.56499 1.04806 -3.08207 -0.212903 1.31188 -1.48984 0.25118 -0.141786 0.764385 
5.31259 -0.0996791 -0.159716 -0.112932 -1.37383 -0.301668 -0.134249 -0.0284702 -0.328417 0.27099 0.0874667 -0.133791 0.00251767 2.63718 0.225433 -4.19327 -1.92781 0.503868 0.71838 -1.7186 1.23977 2.86762 -0.300459 1.78169 1.38649 0.869296 -5.85794 0.150212 -0.347983 0.330624 8.30709 -0.209782 -3.74559 -0.595662 0.424992 -1.31846 -1.56206 -1.00972 0.674116 
5.39555 -0.125168 -0.245535 -0.128804 -1.32929 -0.300382 -0.195237 0.00366473 -0.292169 0.273713 0.182166 -0.154376 0.00140311 -0.0606518 -0.134717 -3.58179 -1.13929 2.5365 1.00003 -1.91574 0.432726 1.97376 -0.0859142 0.81614 0.896489 1.44988 -7.5864 0.119826 1.28566 1.20673 7.0326 -0.975036 -1.79105 -1.19371 -1.17199 -0.406945 -3.44327 -0.954486 0.701236 
5.41689 -0.0967291 -0.396859 -0.136397 -1.12917 -0.327841 -0.361045 0.113375 -0.163977 0.130315 0.217034 -0.0899291 -0.0144522 -2.44408 -0.361261 -2.71962 -0.453241 4.29409 1.01781 -2.1449 -0.191252 0.992704 0.116439 -0.048319 0.404957 1.59839 -6.27985 -0.454387 2.7365 2.09193 2.12474 -0.524105 1.74933 -2.15253 -3.3393 1.50498 -3.55978 -0.870162 0.735408 
5.21678 -0.0290621 -0.472716 -0.277431 -0.825746 -0.290435 -0.520456 0.0523349 -0.0157578 0.0833538 0.131415 -0.062606 0.0488652 -3.72362 -0.539068 -1.93582 0.11446 5.18539 0.975098 -1.97358 -0.562858 0.167329 -0.0997914 -0.715704 0.423895 1.46732 -1.74426 -1.20498 3.19205 2.29579 -2.99867 0.348136 3.79822 -1.64191 -4.24059 2.06643 -1.50567 -0.401552 0.146882 
4.94724 -0.118066 -0.372164 -0.132062 -0.778934 -0.290237 -0.402679 -0.0565158 -0.276306 0.268071 0.0180991 -0.171495 0.139567 -3.91601 -0.696129 -1.09376 0.408111 4.90432 1.11343 -1.28364 -0.963017 -0.818548 0.0339488 -1.12424 0.583251 1.29844 3.16402 -0.707774 1.60926 0.605289 -4.59284 1.02714 2.60652 -0.236395 -1.75956 0.323952 1.07439 0.806897 -0.903341 
4.87906 -0.145602 -0.343376 -0.0643186 -0.779791 -0.311558 -0.369737 -0.0362644 -0.285877 0.24237 -0.0217798 -0.139331 0.132519 -3.45408 -0.677839 -0.521122 0.639658 3.56854 1.4274 -0.344703 -1.43955 -1.39976 0.261991 -1.20613 0.891228 0.876894 5.18308 0.0769947 -0.188757 -0.889429 -3.34962 1.13526 0.625267 0.435644 0.364162 -0.900106 2.31091 1.27806 -1.46657 
4.8966 -0.140769 -0.392978 -0.0507146 -0.788923 -0.253954 -0.344118 -0.0757482 -0.323704 0.257963 0.00536977 -0.102017 0.127923 -1.84784 -0.693202 -0.215284 0.344663 1.79014 1.71652 0.625303 -1.66794 -1.60887 0.536818 -0.81417 0.941476 0.264212 4.36005 0.770051 -1.1144 -1.7821 -1.28741 0.531981 -0.72055 0.644832 1.95569 -1.429 1.68205 1.03608 -1.5481 
4.97446 -0.184477 -0.359571 -0.113769 -0.76838 -0.172175 -0.367016 -0.0766165 -0.33998 0.215729 0.0443365 -0.0570403 0.144395 1.5365 0.0863019 -1.43871 -1.20693 0.623854 2.19631 0.721177 -1.07415 -0.356097 -0.0377521 -0.168011 0.766844 -0.466209 3.23431 1.75879 -2.20065 -2.76716 0.0170124 0.177278 -0.779066 0.290862 2.89362 -0.802699 0.206285 -0.300571 -1.19714 
4.99398 -0.178075 -0.381905 -0.1183 -0.750051 -0.151127 -0.372469 -0.0923022 -0.349803 0.219387 0.0539095 -0.0357555 0.127784 4.50952 1.02434 -3.2981 -3.08917 1.20378 2.6023 -0.627882 -0.0865794 2.15962 -1.83869 -0.217701 0.913264 -0.658101 3.49206 1.88325 -3.01686 -3.12037 0.736924 0.21568 -0.869956 0.829751 3.34677 -1.15959 -1.14535 -1.34673 -0.28679 
4.98303 -0.150236 -0.4384 -0.0846298 -0.747687 -0.144267 -0.364205 -0.132681 -0.328778 0.208746 0.0496993 0.00764817 0.0690957 5.98414 1.40953 -4.31416 -3.77927 1.54358 2.60205 -1.26916 0.665911 3.19924 -2.80089 -0.533412 0.710986 -0.633167 4.1376 1.42389 -3.16751 -2.84173 1.15371 0.295918 -1.45686 2.02426 3.52249 -2.4049 -1.51248 -1.23426 0.553475 
5.08303 -0.139427 -0.467498 -0.189351 -0.757477 -0.112737 -0.337693 -0.136868 -0.281154 0.201477 0.0403435 0.004307 0.0393507 6.41326 1.53406 -4.80632 -3.45179 1.60342 2.04982 -1.73678 1.75808 3.93002 -3.96825 -0.776464 0.713195 -0.624843 2.5472 0.307863 -2.05364 -0.257162 0.98967 -0.181033 -1.76206 2.69199 2.05545 -3.19406 -0.918473 -0.15876 0.951398 
5.42274 0.0201768 -0.71615 -0.509145 -0.711645 0.0161661 -0.38458 -0.103591 -0.0731704 0.150317 0.0248544 -0.0928012 0.039222 6.34601 1.34059 -4.77699 -2.71337 1.35863 1.41929 -1.8191 2.56428 3.91639 -4.44347 -0.812013 0.702701 -0.596633 -1.29267 -1.64296 1.19267 3.58768 -0.167059 -1.49159 -0.863851 2.36423 -1.04424 -2.32605 0.196111 1.2263 0.595109 
5.57151 0.00445239 -0.860139 -0.5087 -0.549995 0.036961 -0.552433 0.0169104 0.0799947 -0.0925731 -0.0901295 -0.0474102 0.108126 5.65223 0.885665 -3.9335 -1.97308 0.938928 0.738418 -1.45905 3.17331 3.01995 -4.54764 -0.357437 0.753971 -0.65376 -4.3235 -2.09716 3.70187 4.79729 -1.96054 -2.33987 1.34688 0.842483 -3.85425 0.55883 1.73864 1.26039 -0.557587 
5.62252 -0.0141241 -0.871858 -0.450197 -0.599604 0.0170003 -0.530702 0.0853482 0.0605933 -0.157767 -0.0703758 0.00532538 0.0637702 4.34809 0.251566 -2.60751 -1.08544 0.546865 -0.0922012 -0.966063 3.64688 1.67443 -4.27114 0.19484 0.889467 -0.717259 -5.01867 -1.63719 4.32006 3.21767 -2.14197 -2.24044 2.45867 -0.465886 -4.49856 2.5482 2.11663 0.489005 -1.04489 
5.61518 -0.0188839 -0.901787 -0.360013 -0.623689 -0.0175324 -0.560471 0.180421 0.07957 -0.283389 -0.0244813 0.0604475 0.0494781 2.20324 -0.455638 -0.931808 0.226735 -0.297664 -0.749144 -0.194417 3.50295 0.03984 -3.48416 0.778575 1.04574 -0.916238 -3.76776 -0.844803 3.6514 0.298677 -1.70114 -1.16929 2.68894 -1.32494 -3.65447 3.49106 1.51418 -0.611144 -0.908849 
5.6532 -0.0727467 -0.849018 -0.348206 -0.649405 -0.0356079 -0.543855 0.212452 0.0321136 -0.261288 -0.00721781 0.0605734 0.0394353 -0.351555 -1.09658 0.894419 1.25813 -1.16638 -1.58596 1.18857 2.79516 -1.75182 -1.90006 1.1516 0.98453 -1.00645 -2.47479 0.139112 1.79317 -1.44388 -0.82178 -0.221582 2.08898 -1.51218 -1.79847 2.89043 0.356557 -1.18211 -0.168586 
5.58839 -0.0664716 -0.801244 -0.343294 -0.683935 -0.095828 -0.454573 0.236296 -0.0792877 -0.245543 0.0634579 0.0604413 -0.0246118 -1.63352 -1.05543 1.7096 0.696279 -1.74533 -1.62964 2.07002 2.01784 -2.4394 -0.346406 1.36906 0.463119 -1.00983 -1.62163 0.166867 0.403728 -1.34296 -0.0330607 0.425943 0.726072 -1.23877 0.0754572 1.64234 -0.962736 -0.940791 0.850352 
5.56489 -0.0897644 -0.763121 -0.358175 -0.678824 -0.140489 -0.436413 0.300267 -0.114107 -0.270267 0.0806974 0.0842624 -0.0476919 -2.80043 -0.780584 1.69487 0.0568779 -1.56203 -1.38486 1.65584 1.40418 -2.21592 0.130543 0.771022 -0.0224297 -0.237457 -1.54727 0.435154 -0.600753 -0.768714 0.0625458 0.749971 -0.503969 -1.1552 1.10388 0.765257 -1.49652 -0.712342 1.556 
5.51111 -0.120763 -0.700379 -0.354096 -0.777089 -0.102985 -0.393064 0.294508 -0.153731 -0.251759 0.100522 0.0652055 -0.0520708 -3.69859 -0.582861 1.8021 -0.471052 -1.10725 -0.919031 0.824114 0.969478 -1.43104 0.682607 0.144979 -0.571125 0.416561 -1.48845 0.626063 -1.02748 -0.392413 0.978534 0.743606 -2.28878 -0.571851 2.12685 -0.0803419 -1.57074 -0.548134 1.86372 
5.41566 -0.110339 -0.69187 -0.360757 -0.778247 -0.177045 -0.280583 0.265571 -0.208767 -0.15852 0.0722443 0.0294026 -0.0179887 -5.26241 -0.0824038 1.63048 -1.07298 -0.47073 -0.476121 -0.31044 0.490743 -0.116011 1.10021 -0.400427 -1.02844 1.1708 -1.95787 0.706779 -0.507891 -0.672397 1.5341 1.03875 -3.60412 -0.300013 2.76925 -0.155742 -1.10612 -0.630539 1.57937 
5.39239 -0.132051 -0.689908 -0.402176 -0.768291 -0.155968 -0.333081 0.307205 -0.174629 -0.19218 0.0606913 0.0420104 -0.0104573 -7.25351 0.768347 1.91961 -2.26875 0.225739 -0.0861702 -1.14526 -1.00329 0.593088 1.90108 -0.478616 -1.87046 1.19849 -3.6443 1.41471 0.624135 -1.62545 1.70281 0.713193 -2.71178 -1.56588 1.96854 1.02144 0.00539801 -1.30561 0.298633 
5.22759 -0.0920261 -0.710839 -0.395379 -0.793949 -0.15288 -0.434297 0.300191 -0.163687 -0.243368 0.00950319 0.0279401 0.0849343 -9.94702 1.69604 2.68766 -3.43285 0.677766 -0.0393585 -1.56137 -2.68135 0.801542 2.51391 -0.0413654 -2.27128 1.07656 -5.12252 1.82487 2.04915 -2.84406 1.37531 0.166528 -0.571853 -3.26908 0.539658 2.15134 1.33119 -1.41754 -1.20826 
5.14505 -0.112206 -0.628377 -0.41231 -0.725058 -0.120127 -0.536315 0.330205 -0.0600049 -0.180795 0.00271923 -0.0349284 0.104991 -10.7464 2.29036 3.5827 -3.9697 0.529427 0.11691 -1.39229 -3.31495 0.0352003 2.63658 1.0505 -1.95608 1.06441 -4.42215 1.88161 2.63567 -2.6511 -0.420654 -0.204145 2.04451 -3.82067 -2.19823 1.80374 2.63042 -0.342872 -1.56838 
4.86842 -0.0550936 -0.599805 -0.534066 -0.680881 -0.116973 -0.576213 0.261569 0.0186632 -0.0631403 -0.0162158 -0.0910492 0.158217 -11.1311 2.55303 4.54713 -3.8509 -0.319052 0.207984 -0.558723 -3.7126 -1.37296 2.2086 1.6641 -1.43783 0.950115 -0.989105 0.901807 2.41292 -0.404784 -2.2326 -0.500944 3.66827 -1.9972 -4.52611 -0.273504 2.60618 1.40441 -0.915176 
4.5274 0.0907558 -0.475086 -0.740801 -0.648046 -0.132478 -0.525984 -0.0120066 -0.0887265 0.0601115 0.0810754 -0.225257 0.0163175 -11.3655 2.65992 5.17191 -3.29342 -0.710127 -0.0513456 1.03765 -3.95571 -2.56784 1.58375 1.85364 -0.763671 1.09106 3.01921 -0.821117 1.02516 2.7327 -2.82478 -0.271422 3.46988 1.62557 -4.09544 -3.05794 0.845361 3.14902 1.03723 
4.15137 0.143024 -0.321591 -0.83717 -0.665655 -0.167205 -0.528442 -0.143934 -0.104846 0.0737708 0.143664 -0.186251 0.053192 -9.72769 2.47311 5.16709 -2.26852 -0.837392 -0.274888 1.92712 -3.47552 -2.81766 1.08245 1.81155 -0.301676 0.609606 5.95895 -1.60527 -0.944633 4.62355 -1.53457 -0.119075 2.02018 3.76759 -1.57688 -3.65412 -1.39236 2.48591 1.34559 
4.29502 0.141168 -0.217582 -0.785227 -0.817565 -0.101859 -0.423313 -0.0578389 -0.31141 0.061965 0.30582 -0.0986936 0.128937 -6.5279 1.906 4.44932 -1.29309 -1.75494 -0.0336417 2.2345 -2.35225 -3.22655 -0.30602 1.34571 0.474442 0.315567 6.2816 -1.69528 -2.36106 3.55856 0.472122 0.0721907 -0.408649 3.53777 2.08335 -2.69416 -3.0982 0.69571 -0.00628719 
4.14844 0.15474 -0.142279 -0.733174 -0.904455 -0.15538 -0.308101 -0.0811795 -0.471661 -0.0157762 0.217752 -0.0698484 0.153034 -2.21316 1.44405 3.26558 -0.818649 -2.45627 0.61144 2.11505 -1.21925 -2.94912 -0.803005 1.00005 1.24152 0.706436 6.96056 -0.824561 -3.26322 0.371403 0.995305 1.03054 -2.24708 1.92124 3.97813 -0.201352 -2.1255 -0.468081 -0.838189 
3.96467 0.171638 -0.0983026 -0.70995 -0.820497 -0.163505 -0.23676 -0.100297 -0.429029 -0.122545 0.176395 -0.019883 0.225516 2.35784 0.929213 1.17056 -0.470424 -2.71695 1.15972 1.64183 -0.145684 -1.43017 -0.396854 0.498266 1.79278 0.96557 8.10251 0.0277915 -3.64639 -2.35236 -0.277417 1.69327 -2.51847 0.0319822 3.33931 2.42742 -0.0705081 -0.636533 -1.32048 
4.09904 0.195849 -0.109762 -0.628618 -0.777552 -0.17752 -0.336907 -0.0629797 -0.2905 -0.040589 0.158964 -0.101004 0.121379 6.71671 0.456581 -1.06262 -0.81311 -1.98641 1.81919 0.710534 -0.256057 -0.0332045 1.00604 0.298261 1.42015 0.320208 7.95121 -0.0802739 -3.76214 -3.25834 -0.801746 1.92536 -1.52448 -1.23008 1.72107 3.68378 1.45208 0.332196 -0.261562 
4.37221 0.132717 -0.116799 -0.706093 -0.945365 -0.0705705 -0.356866 0.014012 -0.372914 -0.160499 0.141581 -0.0406394 0.0819517 9.68583 -0.100339 -3.14881 -1.36793 -0.564898 2.58846 -0.595908 -1.0707 1.57118 2.64751 -0.0253169 0.705917 -0.155 6.61429 -0.586706 -3.86956 -1.52808 1.08336 1.46357 -0.794882 -1.94189 1.04413 4.51096 1.53685 -0.0439446 0.255136 
4.54028 0.240417 -0.187859 -0.887855 -1.01528 0.0100249 -0.316694 -0.0926206 -0.383244 0.00487366 0.213125 0.0185413 0.227362 11.9967 -0.730607 -4.17674 -1.18076 0.102897 2.90871 -1.71971 -0.73768 2.59656 3.44026 0.0461045 0.202975 -0.302396 2.99937 -1.79817 -2.55019 1.55619 3.07269 0.155522 -1.17461 -0.80984 1.20001 2.2131 -0.369711 -1.17496 -0.42748 
4.79893 0.243962 -0.341266 -0.8861 -1.03289 0.0144207 -0.30036 -0.127388 -0.252009 0.130006 0.250363 0.0481066 0.158489 12.8905 -1.40235 -4.55616 -0.633965 0.323205 2.61387 -2.07738 -0.51119 2.75176 3.49195 -0.399619 -0.191526 -0.208393 -0.989735 -2.18898 -0.089828 3.24987 3.39708 -0.891656 -1.47439 0.889984 1.01252 -1.05931 -2.03574 -1.83801 -0.118389 
5.1548 0.146965 -0.467069 -0.888417 -0.914133 0.0944471 -0.4087 -0.178643 -0.215935 0.273412 0.270839 0.0196813 0.109807 11.8 -1.946 -4.14233 0.0401095 0.690235 2.06191 -1.83222 -0.0785654 2.67721 2.45423 -0.966206 -0.202261 0.308341 -4.1895 -1.35578 2.37614 3.27241 0.973453 -1.95013 -0.619041 2.5622 0.427735 -3.99218 -2.63456 -1.31749 0.345453 
5.43426 0.07461 -0.620187 -0.857894 -0.785902 0.222035 -0.470094 -0.23146 -0.175733 0.36931 0.209151 -0.0532427 0.129625 9.93284 -2.10122 -3.55747 1.11468 1.36589 1.1485 -1.81794 0.543781 2.94996 1.48316 -1.61469 -0.477955 0.391082 -5.69582 -0.0495894 3.60824 1.55871 -1.77511 -2.42482 0.850271 2.92296 -0.669619 -5.20293 -1.76988 0.358429 0.826826 
5.41085 0.0414894 -0.560282 -0.742505 -0.814505 0.12541 -0.541257 -0.0740454 -0.0800011 0.245771 0.121578 -0.076614 0.136005 8.14387 -2.36402 -2.69385 1.9803 1.32577 0.355332 -1.52459 1.42225 2.50009 -0.0953217 -2.31427 -0.559379 0.306501 -4.43676 1.13667 2.31215 -0.455303 -2.1686 -1.58317 2.05001 1.09243 -1.44321 -2.93511 -0.202451 1.33867 0.987317 
5.51879 -0.0107649 -0.577955 -0.706984 -0.816999 0.0953575 -0.523227 -0.0755535 -0.039381 0.203635 0.0563157 -0.0800405 0.168001 5.89976 -1.89826 -1.65865 1.81359 0.92526 -0.234534 -0.869821 1.74603 1.74193 -1.3345 -2.44496 -0.285879 0.740181 -2.65438 1.49155 0.615753 -1.25448 -1.15145 -0.676077 1.93906 -0.256296 -1.4818 -0.61249 0.936411 1.34583 0.1703 
5.595 -0.0412383 -0.543537 -0.697648 -0.863402 0.103915 -0.515475 0.00128346 -0.0420383 0.119594 0.0374371 -0.0491036 0.186822 3.82902 -1.0506 -1.16076 1.74959 -0.0568964 -0.650546 0.0288053 1.68782 1.29958 -1.93023 -2.2413 0.187955 0.854576 -1.35966 1.36108 -0.760834 -1.03397 0.0475953 0.204169 1.16998 -1.51158 -1.18343 1.25074 1.20177 0.598124 -0.334189 
5.64044 -0.0276136 -0.597759 -0.696113 -0.850653 0.0979267 -0.517691 0.0274625 -0.0316275 0.0943465 0.00401323 -0.0212471 0.198822 2.79398 -0.562018 -0.837558 1.29719 -0.612917 -0.655918 0.484377 1.15334 0.833917 -1.73391 -1.53203 0.488255 0.614226 -0.995228 0.87484 -0.696092 -0.415478 0.161523 0.724612 0.4351 -1.83664 -0.580913 1.64124 1.11763 -0.207435 -0.567839 
5.70389 -0.0314603 -0.641276 -0.668383 -0.838106 0.063164 -0.468172 0.0178654 -0.0445448 0.126116 -0.02577 -0.0281962 0.225636 2.55079 -0.191075 -1.10249 0.679417 -0.468433 0.0805136 0.527128 0.0657838 0.449914 -0.766406 -0.719051 0.386875 0.269516 -1.22485 0.434578 0.173135 -0.108021 -0.296127 0.92671 -0.510638 -1.40604 0.0879603 1.07116 1.10936 -0.55726 -0.820274 
5.71293 -0.0249907 -0.640672 -0.689832 -0.813998 0.0466777 -0.455858 0.0134451 -0.0266127 0.0758797 -0.0148159 -0.0103304 0.209359 1.63634 0.253288 -1.09996 0.4378 -0.437706 0.663125 -0.155558 -0.462865 0.31437 -0.00367731 0.0166794 0.177906 -0.253158 -0.995701 0.158252 0.48437 -0.220582 -0.45958 1.35328 -1.32918 -1.14074 0.142781 1.14984 1.1746 -0.680422 -0.86028 
5.72613 -0.000296536 -0.696447 -0.616845 -0.887072 0.0938098 -0.450102 -0.0120752 -0.0225454 0.0980772 -0.0347611 -0.00442129 0.211129 -0.0662479 0.759472 -0.700664 0.232418 -0.489884 1.03089 -0.856375 -1.14133 0.181425 0.670233 0.846586 0.0800378 -0.78693 -2.025 0.407097 1.06511 -0.771327 -0.104902 1.14138 -1.92616 -0.631607 -0.136715 0.959155 1.56016 -0.339736 -0.988393 
5.77201 -0.0298866 -0.671659 -0.643735 -0.892531 0.116284 -0.462876 -0.038247 -0.0161027 0.10885 -0.00523516 -0.0254055 0.196455 -4.00354 1.35655 0.58533 0.137635 -0.22628 0.892902 -0.853004 -1.54988 -0.300584 0.427441 2.06295 0.253773 -1.55394 -5.84148 1.28212 1.67656 -0.596805 0.572127 0.0810477 -1.18845 -0.409532 -0.768959 0.222464 1.97611 0.393222 -1.23576 
5.77495 -0.0130648 -0.678444 -0.66206 -0.872293 0.147709 -0.502883 -0.0753957 0.0040186 0.140632 0.0287852 -0.0459418 0.167255 -10.6429 1.69259 2.27711 0.721549 1.86723 0.099339 0.297229 -2.61249 -1.45335 -0.46019 2.05119 0.294576 -2.08495 -12.1831 1.45038 3.04678 0.586442 2.74724 -1.77715 1.58107 -1.11902 -2.09686 -1.41665 1.14355 0.777045 -1.16807 
5.72157 0.0247724 -0.701021 -0.663299 -0.886577 0.211453 -0.603486 -0.0934206 -0.00859353 0.186694 0.0738465 -0.0417999 0.124197 -16.6007 1.67737 4.34675 1.8149 3.33164 -1.42161 1.97415 -3.30492 -2.98117 -0.878307 1.41622 0.0141642 -2.32633 -16.3063 0.645924 4.64516 2.2387 4.48072 -3.83929 4.85275 -1.80786 -3.32348 -2.69903 -0.817213 0.341578 -0.729439 
5.46729 0.101366 -0.614926 -0.67884 -0.922203 0.216818 -0.646113 -0.133834 -0.0408668 0.202391 0.167036 -0.00103795 0.0784753 -20.8075 1.42638 6.15558 2.71621 4.40876 -3.17017 3.15322 -3.14797 -3.78734 -1.71689 0.83248 -0.288785 -2.59428 -13.4612 -0.898097 4.56231 3.49386 4.33756 -4.68945 5.77186 -1.24179 -3.15938 -2.68363 -2.95225 -0.80902 -0.0764646 
4.80048 0.190214 -0.445515 -0.655824 -0.811555 0.110049 -0.510477 -0.176971 -0.125183 0.0779548 0.314927 0.0479423 -0.0257416 -22.8757 1.12483 7.20462 3.74185 4.69008 -4.56277 3.87171 -2.57424 -4.00278 -2.30914 -0.0445724 -0.51884 -2.51354 -2.98469 -2.19296 2.6283 3.01381 1.4324 -3.59781 2.9382 0.679094 -1.07184 -1.04976 -3.89619 -1.70233 0.741576 
3.86953 0.165788 -0.251788 -0.477613 -0.357053 -0.0448263 -0.219742 -0.417773 -0.326672 -0.0621055 0.119051 0.00415029 -0.0348837 -20.7668 0.0397906 7.01059 4.58482 4.79295 -5.50203 3.39059 -1.50463 -2.88364 -2.80819 -1.23647 -0.845905 -1.95274 11.1389 -2.48247 -1.17391 1.04936 -3.13031 -1.04011 -2.72661 3.72151 3.04041 0.724889 -2.3038 -1.3998 1.1932 
3.51787 0.131131 -0.0164306 -0.330292 -0.406613 -0.218907 -0.0754825 -0.42454 -0.478049 -0.0235517 0.0292365 -0.0611179 -0.0544209 -12.4045 -0.858743 4.96856 4.60853 3.33698 -5.95278 2.0086 0.280903 -0.971911 -2.33827 -1.6251 -0.959046 -1.00194 22.6537 -1.84817 -5.86466 -1.25982 -5.30503 1.50348 -7.08376 5.2446 6.43503 1.70091 0.114733 -0.0955543 1.72537 
3.39784 0.10475 0.0738228 -0.266968 -0.425696 -0.325722 -0.117164 -0.317272 -0.428428 -0.103289 0.0421018 -0.0973148 -0.110729 -1.57584 -1.61882 2.11097 4.69282 0.354553 -5.53171 0.0072693 2.67569 0.311708 -1.13288 -1.38689 -0.984372 -0.151705 27.2048 -0.865651 -8.31862 -2.04858 -6.39938 2.6441 -7.37268 5.07096 5.91744 2.65633 2.09799 1.10545 2.064 
3.33719 0.0936753 0.132215 -0.221401 -0.436227 -0.388745 -0.154833 -0.263857 -0.386283 -0.114248 0.00793543 -0.108224 -0.105794 8.40286 -2.09038 -0.46662 4.06048 -2.96863 -4.30447 -1.58308 4.57742 1.04774 0.547596 -0.578597 -1.16907 0.49204 22.6804 -0.0713731 -7.45253 -1.69748 -6.04096 2.57299 -3.73926 3.60386 2.08628 2.99139 3.24405 1.10366 1.49562 
3.72692 -0.0417151 -0.00236804 -0.134597 -0.361308 -0.424141 -0.364948 -0.170115 -0.151628 -0.157492 -0.097009 -0.132197 -0.0466667 15.2369 -2.16818 -1.98912 2.8605 -5.99255 -2.85274 -2.60596 5.81306 1.31659 1.90886 1.2664 -1.20745 0.618244 9.83167 0.583657 -2.78116 -1.12456 -4.88959 2.08723 1.61851 0.934352 -3.32461 3.0313 3.34722 0.0531359 0.256806 
4.77528 -0.0190732 -0.288567 -0.189222 -0.643506 -0.476402 -0.515677 0.0223335 -0.0125113 -0.0215647 0.0383386 -0.0797429 0.0265556 17.0324 -2.20758 -2.48501 1.75803 -6.36669 -1.5528 -2.39218 5.34499 0.845007 2.58616 2.09029 -1.2345 0.821862 -6.02825 0.282105 3.14909 -0.866104 -1.7234 1.77332 4.75004 -1.90707 -5.84183 1.75753 1.92334 -1.24501 -0.950693 
5.2087 -0.0332579 -0.366767 -0.0543173 -0.95007 -0.494155 -0.547955 0.221609 -0.157907 0.0641778 0.14111 -0.0714172 0.0200609 15.8445 -2.29038 -1.96315 1.32333 -6.24152 -0.72966 -1.10982 4.02382 -0.4216 3.41131 2.07737 -1.43331 1.14368 -14.779 -0.214325 5.76036 -1.40014 2.70404 1.43359 4.67969 -4.32223 -3.92576 0.104559 -0.290755 -1.57802 -0.86837 
5.18584 -0.0713792 -0.32082 -0.0618024 -1.0066 -0.47572 -0.378043 0.227621 -0.291791 0.132699 0.183961 -0.169617 -0.000443804 12.0095 -2.22889 -0.846635 1.2099 -5.51017 -0.156476 0.405996 2.48975 -1.71189 3.54544 1.8331 -1.65069 1.02152 -14.1615 -0.429805 4.60737 -0.829904 4.92187 0.86951 2.23774 -4.76923 -0.697548 -0.950155 -2.30988 -0.613499 0.0348355 
5.16281 -0.127184 -0.195286 -0.0782253 -1.09119 -0.459271 -0.338704 0.205383 -0.365921 0.191019 0.262504 -0.236407 -0.0192876 5.51955 -1.9793 0.943899 1.25441 -4.06327 0.256879 1.86454 0.921117 -3.01899 2.9616 1.36255 -1.83451 0.657697 -8.68297 -0.2463 1.31998 0.386808 4.96985 0.309911 0.0179963 -3.28683 1.49534 -1.67819 -3.1318 0.445185 0.651875 
5.15748 -0.166401 -0.118233 -0.13221 -1.06678 -0.445955 -0.350016 0.176047 -0.359354 0.223366 0.238965 -0.249923 0.0131068 -2.17885 -2.01335 2.17633 1.78713 -1.19761 0.366353 2.37929 -0.508007 -3.21135 1.71772 0.086704 -1.89636 0.465916 -5.05585 0.49351 -1.2227 1.63033 3.24996 -0.242827 -0.718901 -1.04924 1.22971 -1.89989 -2.09509 1.01381 0.327928 
5.17317 -0.216978 -0.124606 -0.0630686 -1.05744 -0.447835 -0.29576 0.119684 -0.377058 0.283507 0.172009 -0.274795 0.0790758 -8.63964 -1.76714 2.43506 1.92471 1.65094 0.312254 1.85184 -1.42558 -1.99275 0.629877 -0.873346 -1.65118 0.756825 -8.15806 0.939496 -1.17218 1.90844 2.84733 -0.402543 -0.978921 0.495686 0.514446 -2.3235 -0.811554 0.825936 -0.324669 
5.07525 -0.234955 -0.115802 0.00489956 -1.04475 -0.434038 -0.240368 0.0684307 -0.419757 0.287187 0.133784 -0.28761 0.0718414 -14.4731 -0.720197 2.62062 1.23703 4.2056 0.201785 0.574427 -2.16837 -0.231407 -1.25297 -1.72066 -0.612922 0.319009 -12.9851 1.6048 0.295333 -0.300662 4.18771 -0.346509 -1.42699 0.0815593 1.58484 -3.04528 -0.302011 0.860052 -0.934762 
4.90668 -0.259013 -0.0676941 0.0553923 -1.00746 -0.422295 -0.238399 0.0894471 -0.474475 0.219012 0.142844 -0.313159 0.0508982 -18.9017 0.0656985 2.44127 0.718518 6.56562 0.379427 -0.141071 -3.12195 0.754092 -3.007 -2.72332 0.464483 -0.201312 -13.4715 1.92974 1.29924 -2.56495 5.1537 0.0924946 -2.00616 -1.66332 2.95488 -3.33693 -0.889526 1.63734 -1.19902 
4.50979 -0.248859 -0.0889669 0.138138 -0.88923 -0.462408 -0.232596 0.0954733 -0.511156 0.191373 0.106426 -0.303933 0.0591732 -21.4437 0.311251 2.2611 -0.0119434 7.82076 0.811079 -0.442191 -3.80812 1.09873 -4.15806 -2.86973 1.3331 -0.681123 -7.24545 1.28184 1.15191 -3.88479 4.19547 0.999624 -1.65873 -2.97872 2.93224 -2.93271 -1.31482 2.30195 -1.13485 
3.70445 -0.258881 0.00370523 0.175819 -0.672739 -0.447542 -0.271645 0.0491985 -0.422192 0.14769 0.06705 -0.335678 0.114778 -16.3292 -0.0704022 -1.36292 -1.53306 7.35631 2.25529 -1.04659 -3.69567 3.49578 -5.26384 -2.09877 2.72435 -0.920383 9.39718 -0.469318 -3.96709 -3.50482 -0.161884 2.46117 -0.553901 -2.0597 2.85277 -1.80875 -0.18736 2.94592 -0.749186 
3.0518 -0.100918 0.156229 -0.107866 -0.370313 -0.432229 -0.357782 -0.149485 -0.207184 -0.115926 -0.0260525 -0.211798 -0.0372294 -8.8496 -0.729945 -4.51862 -2.53425 6.4568 2.53831 -1.31883 -3.70408 5.39909 -5.3478 -1.46157 3.44787 -0.461486 24.8703 -2.83639 -9.33527 -0.930288 -5.11378 2.50329 0.635944 0.715431 2.27602 0.712398 1.94901 1.92923 0.926118 
2.89238 -0.135444 0.138321 -0.0696071 -0.203371 -0.367762 -0.382149 -0.302473 -0.246109 -0.214401 -0.160243 -0.114357 -0.0465475 -2.3043 -0.388811 -6.99885 -4.00382 4.87577 2.36052 -1.22836 -3.54283 6.6809 -4.14951 -1.17052 3.84378 -0.0134763 27.7756 -2.28982 -10.5264 -0.510068 -7.37159 0.684446 0.965673 3.09969 2.67745 3.02914 3.24905 0.285838 1.93867 
2.81944 -0.21679 0.0959823 -0.104016 -0.173045 -0.297833 -0.328754 -0.340345 -0.30224 -0.223331 -0.130411 -0.0692536 -0.0243909 5.24803 0.60698 -7.58076 -3.8576 2.92724 1.61879 -1.77859 -3.30098 6.47136 -2.73552 -1.41117 3.40402 0.0742476 18.4838 1.03757 -5.24899 0.364513 -5.65811 -2.39461 -0.240678 2.87236 1.53078 4.30313 1.39093 -1.55543 1.65992 
4.15438 -0.346972 -0.788479 -0.240647 -0.403917 -0.0209783 -0.387946 -0.240453 0.218573 -0.356034 0.030126 0.12009 -0.00602238 13.5846 1.86496 -7.77935 -3.06337 -0.183982 -0.170633 -1.29799 -1.86611 5.3184 0.12752 -0.0457836 2.05902 0.212829 1.12255 5.00278 5.74165 1.44179 -2.38653 -5.87878 -0.543433 1.42171 -2.95515 5.71613 -0.412693 -3.90935 0.398015 
4.47528 -0.398366 -0.830997 -0.2242 -0.358641 -0.202681 -0.382211 -0.304338 0.261751 -0.320603 0.0281708 0.0767511 0.0812736 18.6772 2.71799 -7.32638 -2.22358 -3.02763 -1.52925 -1.00223 0.0181263 4.12605 2.77536 1.68085 0.51959 0.60015 -5.79419 6.31937 10.0884 1.39467 -1.55536 -5.19953 -0.462985 1.13553 -5.05282 5.03989 0.17248 -3.95956 -1.33535 
4.18962 -0.171072 -0.849729 -0.466539 -0.370188 -0.273841 -0.382385 -0.303861 0.319451 -0.155671 -0.0465428 0.0987517 0.0881442 20.0519 3.5177 -5.86145 -1.96652 -4.59229 -2.21506 -1.45678 1.64396 3.19385 3.69621 2.69359 -0.285199 0.498816 -1.76609 2.60332 7.54644 2.44722 -2.29868 -1.95473 -0.149123 2.17475 -5.16249 2.50302 2.29148 -2.60124 -1.34512 
4.43068 0.0386352 -0.618768 -0.243567 -0.340034 -0.389455 -0.580525 -0.403055 0.199815 -0.12724 -0.235876 0.0183627 0.0283275 18.3767 3.68512 -3.64398 -1.13564 -4.41154 -2.6971 -1.5071 2.6714 1.39255 3.37164 2.62363 -0.753927 0.582422 1.83467 -2.47659 0.899537 0.875309 -2.20675 1.97337 0.904345 3.60634 -2.59926 -1.1384 3.77751 0.0528501 -0.0425737 
5.00387 0.165902 -0.634114 -0.259737 -0.611636 -0.593029 -0.415603 -0.23546 0.178381 0.183008 0.116476 -0.1366 0.0250555 13.9301 3.1075 -0.818576 -0.201924 -3.19157 -2.94178 -1.21158 3.66913 -1.01715 2.50065 2.05635 -0.989205 1.00733 1.19227 -5.71907 -3.71761 0.24695 0.936913 4.40755 0.128188 3.08298 -0.0793664 -5.5531 0.569834 2.64534 1.49079 
5.32306 0.180884 -0.723352 -0.394914 -0.745959 -0.536563 -0.458752 -0.148006 0.229714 0.181721 0.258521 -0.103693 0.00920495 13.4352 1.46057 -1.17868 0.22642 -3.03802 -1.17825 -1.28015 5.03138 -1.46925 0.703236 2.04621 -0.342491 1.21007 -4.35751 -5.56281 -2.33147 0.822139 3.98443 3.26399 -0.00704706 1.64576 -0.307321 -6.22341 -2.98727 2.57811 2.24364 
5.61404 0.0800385 -0.84278 -0.328676 -0.822551 -0.40976 -0.585438 -0.013554 0.188968 0.0880021 0.244291 -0.0168858 0.0506572 12.9313 -0.952205 -1.17054 0.681024 -2.91699 0.304842 -0.773175 5.56856 -2.20554 -0.953868 2.25221 0.0907513 1.17797 -8.03028 -3.00733 0.857998 0.379176 3.82161 1.5959 0.576405 -0.0212251 -0.945691 -3.76293 -3.6789 1.11608 0.955534 
5.69141 0.0103645 -0.882014 -0.288248 -0.707933 -0.433784 -0.510836 0.0620639 0.119386 -0.0492801 0.208943 -0.00594379 0.130511 9.67666 -2.44216 -1.53337 0.226277 -2.51426 1.4427 -0.0338632 5.76278 -2.67981 -1.84917 1.91159 0.7265 1.15576 -6.56456 -0.648941 3.03938 0.492383 0.715284 0.595475 0.604044 -1.09256 -1.7093 -0.10925 -1.81953 -0.421193 -1.14553 
5.7895 -0.0377618 -0.932189 -0.274187 -0.612179 -0.478361 -0.523288 0.193113 0.128825 -0.133441 0.139617 0.0231424 0.232405 6.06615 -3.13457 -0.474529 0.643812 -1.65875 2.08439 -0.0285653 4.81916 -3.55051 -2.50485 0.406241 0.951216 0.755925 -4.00633 0.539049 3.17784 -0.158389 -2.53089 0.256467 1.41745 -1.6576 -2.06339 2.89016 1.13634 -1.27595 -2.63318 
5.85127 -0.0976037 -0.880032 -0.272284 -0.699976 -0.367507 -0.588958 0.292742 0.074977 -0.176695 0.14574 0.0300601 0.218102 3.82165 -3.0014 0.744577 1.10693 -1.88657 1.73547 0.757263 3.88795 -4.26727 -1.50657 0.279673 0.291775 0.18481 -2.42802 0.879553 1.87468 -0.204562 -2.75645 -0.121537 1.46977 -2.20311 -1.52943 3.32331 1.66961 -1.10898 -2.42023 
5.8721 -0.162482 -0.757711 -0.294187 -0.838714 -0.29712 -0.502491 0.299627 -0.0859467 -0.141072 0.231123 0.00835826 0.106304 2.10669 -2.3752 1.63232 0.962334 -2.49728 1.31022 1.35231 2.77544 -4.32641 -0.194495 0.75807 -0.261603 -0.619387 -1.50213 0.910234 0.211226 0.464554 -1.09071 -0.748251 0.712013 -2.02804 -0.108635 2.30291 0.679492 -0.648731 -0.87587 
5.8907 -0.156922 -0.80872 -0.236097 -0.873874 -0.318089 -0.47426 0.364283 -0.179488 -0.111903 0.238596 0.0143857 0.106445 1.38779 -1.95434 2.05303 0.896361 -3.24045 1.24588 1.18464 1.84058 -4.02106 0.881182 1.20042 -0.407827 -1.36925 -1.18881 0.713696 -0.137376 0.323784 0.561926 -1.07163 0.0917537 -1.83517 1.36254 0.972745 -0.0544709 -0.3185 0.0880795 
5.92568 -0.216134 -0.73175 -0.239132 -0.924295 -0.308676 -0.433056 0.370854 -0.253785 -0.0765965 0.255365 -0.00897746 0.0913857 0.899836 -1.65276 2.19119 0.889574 -3.20504 0.839831 1.23531 0.909088 -3.54379 1.45674 1.41071 -0.452266 -1.70218 -0.733639 0.641751 -0.411099 0.0307976 1.34693 -1.00912 -0.809132 -1.18775 2.34385 0.0313148 -0.421854 0.241334 0.397066 
5.92445 -0.232514 -0.700747 -0.206415 -1.00169 -0.281667 -0.40721 0.357938 -0.301908 -0.0382533 0.282431 -0.0431491 0.0684197 0.492517 -1.27406 1.86833 0.957308 -2.47418 0.0272589 1.1658 0.245534 -2.57769 1.77923 1.13529 -0.349167 -1.38162 -0.345861 0.421965 -0.228629 -0.326494 1.35662 -0.764969 -1.11681 -0.67452 2.27451 -0.254164 -0.439435 0.633461 0.25866 
5.88799 -0.227588 -0.688699 -0.176041 -1.02702 -0.29349 -0.398871 0.351645 -0.321743 -0.0135119 0.297605 -0.0344039 0.0408032 0.167057 -0.978661 1.55508 0.964509 -1.75296 -0.523671 0.688946 -0.119946 -1.39011 1.88225 0.73788 -0.283852 -0.847377 -0.107592 0.229439 -0.123232 -0.430004 1.068 -0.788155 -0.64844 -0.439803 1.61746 0.0708552 -0.387907 0.447851 0.361267 
5.91451 -0.254983 -0.647509 -0.184465 -1.03466 -0.300998 -0.416221 0.352904 -0.317552 -0.00427114 0.316152 -0.0238022 0.0104715 -0.584549 -0.724149 1.55764 0.888516 -1.29571 -1.00645 0.590727 -0.585909 -0.608445 1.93594 0.535502 -0.308519 -0.551632 -0.793949 0.444593 -0.475605 0.0118638 0.841761 -1.06122 -0.0241785 -0.356779 0.997718 0.428993 -0.571364 -0.00335187 0.909116 
5.95065 -0.281468 -0.620284 -0.184151 -1.03632 -0.329206 -0.412587 0.350841 -0.314223 0.0192341 0.320286 -0.0137625 0.00483971 -2.12095 -0.181985 1.42288 0.846431 -0.552701 -1.59423 0.412372 -0.609237 -0.196405 1.76436 0.122744 -0.280417 -0.0346484 -2.51904 0.758334 -0.221322 0.178934 0.763361 -1.05239 0.32367 -0.309609 0.356691 0.292201 -0.697326 -0.486108 1.20267 
5.913 -0.274986 -0.607388 -0.157073 -1.06424 -0.34897 -0.4025 0.326207 -0.312217 0.0782945 0.313353 -0.0151906 0.00942838 -4.02182 0.234599 1.69107 0.554556 0.100862 -2.03641 0.301672 -0.707258 0.14741 1.54288 -0.325243 -0.283892 0.319959 -4.33108 1.05407 0.272638 -0.0500719 0.956528 -0.863294 0.207513 -0.160521 0.0636789 -0.383274 -0.76541 -0.54434 0.993403 
5.88714 -0.280316 -0.588983 -0.145306 -1.06992 -0.389779 -0.392056 0.309463 -0.299798 0.130432 0.318634 -0.0428667 0.0249823 -6.0209 0.572354 1.99271 0.0112126 0.28399 -2.32151 0.0622258 -0.0649896 0.948795 1.00351 -0.864606 -0.321862 0.475958 -5.31983 1.05459 0.82953 -0.812344 0.893801 -0.510873 -0.380493 0.756444 0.653395 -1.36376 -0.980072 -0.0474646 0.304483 
5.76353 -0.255117 -0.59017 -0.106981 -1.05498 -0.466293 -0.356254 0.279916 -0.293814 0.150351 0.303888 -0.0564666 0.0568259 -8.16225 0.714644 1.78644 -0.439552 0.697093 -2.17634 -0.456682 -0.0180829 1.66092 0.695567 -1.43674 -0.368576 0.938217 -4.5163 0.346839 0.747192 -1.63097 0.665166 0.389495 -1.32069 1.16225 1.59591 -1.59067 -1.08255 0.34726 -0.0817687 
5.51693 -0.213313 -0.518851 -0.124315 -0.993657 -0.508627 -0.375018 0.304826 -0.321262 0.130428 0.260143 -0.0670152 0.0995902 -10.43 0.918337 1.23364 -1.0243 1.70718 -1.77507 -1.44371 -0.118319 2.56801 0.0627224 -1.80734 -0.0213859 1.2969 -2.87007 -0.317759 -0.645767 -1.71638 0.858338 1.16974 -2.08293 0.57573 2.51751 -1.21995 -0.841801 0.78952 0.0364701 
5.28865 -0.184791 -0.441861 -0.155024 -0.982937 -0.531627 -0.384798 0.263076 -0.28089 0.1344 0.235761 -0.0660555 0.0761063 -12.6042 1.03231 1.32794 -1.56532 3.34961 0.0956554 -2.08256 -1.4813 2.09993 -0.632168 -2.45791 -0.596717 1.07739 -2.07762 -0.474143 -1.53308 -1.09207 2.26611 2.94113 -2.08343 -1.64486 1.06854 -0.737383 -0.835147 -0.0161435 0.222985 
5.10638 -0.176187 -0.399779 -0.23776 -1.01846 -0.581856 -0.437228 0.437349 -0.113121 0.0597502 0.174184 -0.0462341 0.0513421 -13.8523 1.65507 1.20052 -2.93769 5.54152 1.63514 -1.72503 -3.47302 1.5977 -1.5322 -2.92197 -0.689782 0.705673 -1.69844 0.421871 -1.39051 -1.09666 4.64825 4.16071 -0.304957 -5.20136 -1.78747 -0.633053 -0.642695 -0.900466 -0.0206951 
4.91187 -0.21713 -0.466575 -0.260419 -0.933498 -0.534556 -0.525022 0.316227 -0.0634462 0.111181 0.119962 -0.060123 0.158158 -14.9269 0.0209325 1.60181 -2.43893 6.9344 2.76297 -0.366289 -4.99952 0.640845 -2.50395 -2.92412 -0.224637 0.585718 -1.93319 -0.386573 0.518125 -0.0668299 5.0384 3.55626 3.00811 -5.88693 -4.0362 -1.64928 -0.231878 -0.624746 -0.7851 
4.60309 -0.164921 -0.549162 -0.304478 -0.75132 -0.521412 -0.6519 0.269013 0.0446321 0.0495778 0.102752 0.0186713 0.199518 -14.6727 -2.48938 1.4712 -2.21049 6.88955 3.11075 0.791147 -5.74825 1.00177 -2.30037 -2.7323 0.264042 0.348693 -0.606881 -3.54135 2.06143 0.784501 1.93832 1.24908 5.24784 -3.48771 -3.16676 -1.18643 0.279415 0.332491 -1.11978 
4.25345 -0.131729 -0.396835 -0.323945 -0.52033 -0.173893 -0.628321 -0.065068 -0.212776 0.0181469 -0.0257593 -0.21389 0.10927 -12.6029 -4.25361 1.16334 -1.71614 6.63406 3.11694 1.86322 -5.1862 0.692917 -1.7587 -2.57815 0.388063 0.0703918 3.25211 -6.22349 1.0608 1.6101 -2.76737 -2.59717 4.56502 2.32495 0.771888 0.451423 1.09843 2.1802 -0.672505 
4.10774 0.024799 -0.41252 -0.600576 -0.219057 -0.193169 -0.445767 -0.295435 -0.19846 -0.107237 -0.0569778 -0.141571 0.0915909 -9.35965 -5.6856 1.01626 -1.54533 5.25433 2.68488 2.69969 -4.61327 -0.014062 -0.689459 -1.6604 0.584807 -0.107428 7.42669 -6.66363 -0.568168 2.10007 -6.88403 -3.77291 1.03369 6.79084 2.83572 2.974 1.68493 1.8474 -0.0610711 
3.73212 -0.457816 -0.254632 -0.258378 -0.200419 -0.206122 -0.219335 -0.313613 -0.2992 -0.236717 -0.0406825 0.000981972 0.155629 -5.81451 -6.53311 0.792163 -1.10003 3.69226 1.91696 2.92763 -2.88393 -0.219756 -0.335424 -0.456422 1.07229 -0.679467 10.5974 -1.63734 -2.69586 0.00125015 -6.25412 -2.60618 -2.84888 6.50719 2.34214 4.03593 2.16975 0.349741 -0.0695887 
3.68009 -0.752733 -0.302537 -0.402134 -0.361154 -0.259577 -0.271234 -0.238004 0.0229148 -0.0595738 -0.0635867 0.0348273 0.119219 -2.1613 -6.63817 0.283953 -0.437976 1.97456 1.06943 2.7304 -1.35795 -0.182217 0.197542 0.217315 1.44944 -0.46792 9.16313 3.78448 -2.57179 -0.121039 -2.40365 -0.434402 -3.66677 3.10589 -1.12762 1.62219 2.09121 -0.506215 0.096563 
3.92137 -0.742871 -0.364089 -0.387774 -0.31701 -0.240379 -0.247866 -0.070928 -0.0310382 -0.00262873 -0.110195 -0.0203278 0.0710428 0.683958 -5.732 -1.00124 -0.339973 0.0319875 -0.185527 1.96465 0.723199 1.1516 0.910093 0.675893 1.49285 -0.13685 3.92275 5.90802 -1.36888 -0.306249 0.232209 0.920888 -2.20113 -0.874906 -2.06384 -0.691524 1.0685 -1.1291 0.25022 
4.10118 -0.827854 -0.381442 -0.496139 -0.442308 -0.254128 -0.262751 -0.109959 -0.108478 0.0910349 0.0186022 0.00832516 0.118381 2.62833 -3.71712 -2.03496 -0.256558 -0.496976 0.281508 1.08254 1.70954 1.39955 1.86481 1.0024 0.390528 -0.626105 -0.670631 5.83719 -1.0107 -0.0178979 2.06038 0.774259 0.208928 -1.51577 -0.122279 -1.62098 -0.402678 -1.17027 -0.179809 
4.10763 -0.853253 -0.438193 -0.409376 -0.308328 -0.205934 -0.318838 -0.131955 -0.149765 -0.00529534 0.112839 0.0748279 0.0613503 3.98098 -0.0236339 -3.02679 -1.26408 0.173144 0.948198 0.149868 1.05135 0.703633 1.50432 0.700489 0.0154674 -0.464007 -2.56756 3.85268 -0.690854 0.0977026 1.03406 0.60828 1.21056 -0.766289 1.04174 -0.730793 -1.65187 -1.05396 0.110852 
4.1281 -0.78573 -0.43533 -0.369768 -0.275908 -0.19098 -0.285789 -0.17372 -0.160212 -0.0411131 0.0327201 0.0948712 0.126229 2.0123 2.36991 -2.65116 -0.67579 0.735114 1.5863 0.352958 0.00813696 -0.818309 0.392432 0.522647 0.295652 -0.0873313 -2.95606 2.87791 -0.534185 -0.727377 -0.0459807 0.788409 0.398614 -0.215726 0.661416 0.242588 -1.35332 -0.345022 -0.0574008 
4.11615 -0.740332 -0.518531 -0.483043 -0.395452 -0.223373 -0.209512 -0.0983946 0.00456937 0.0427143 -0.0213673 -0.0483059 0.0964275 -0.313976 5.13686 -1.21864 -1.47114 -0.327702 1.67984 0.0789247 -1.17652 -1.03075 -0.581376 0.274123 0.00913727 -0.510242 -2.81942 3.97582 1.6478 -0.798285 -0.951399 0.969569 -0.917697 -1.21356 -2.3441 -0.988327 -0.378822 0.669878 -0.180714 
4.20623 -0.648499 -0.638413 -0.506999 -0.241819 -0.152763 -0.157479 -0.0463479 0.0448464 0.140829 0.0752248 -0.0607836 -0.0216159 1.53468 7.75913 -0.588471 -2.4675 -2.12122 2.71853 -0.270779 -1.08397 -0.844704 -0.38988 -0.303734 -0.62334 -0.651935 -0.055027 4.75226 3.51072 -1.71508 -4.02797 1.20973 -1.91486 -1.92851 -3.03404 -1.48328 0.15488 0.502436 0.21233 
4.22864 -0.5537 -0.66873 -0.479707 -0.249013 -0.0734724 -0.280601 -0.164843 -0.144611 -0.000573432 -0.0176119 0.0689095 0.130599 4.63039 8.65371 -0.234516 -3.60193 -4.3056 3.51713 -0.457153 -0.991741 -0.652199 0.431021 -0.165692 -0.898541 -0.460262 5.14209 3.84181 3.06605 -2.34749 -5.42241 1.49017 -1.22113 -0.649684 -0.492829 0.0149251 0.836017 -0.862058 -0.519453 
3.89806 -0.420041 -0.588275 -0.478285 -0.306836 -0.0345044 -0.23841 -0.205729 -0.211729 9.34403e-05 0.00287839 0.10715 0.113948 7.25281 8.41962 -0.183917 -3.82703 -5.69506 4.14021 -0.748533 -0.88526 -0.637034 0.529371 0.279387 -0.720488 -0.657996 10.7526 0.521474 0.338386 -1.98074 -4.95404 1.52805 -0.226702 1.00462 2.18822 1.62061 0.568873 -1.47249 -0.299321 
3.91518 0.0514003 -0.347585 -0.699478 -0.538719 -0.0609212 -0.297586 -0.308629 -0.265129 -0.127613 0.0247282 -0.0502893 -0.0508561 9.37839 7.40516 -0.0130897 -3.17398 -6.54938 4.50329 -1.12902 -0.819189 -0.703797 0.400287 0.235338 -0.422351 -0.389444 10.1095 -5.00636 -3.03269 0.642509 -1.82043 1.16065 0.733129 2.36503 3.3575 2.57517 0.14135 -0.385633 0.560983 
4.71609 0.203935 -0.482494 -0.842013 -0.820965 0.201033 -0.352301 -0.21583 -0.170078 0.0755217 0.0227339 -0.0891153 0.0371497 10.3165 5.88422 -0.175589 -2.85605 -7.14064 4.07435 -0.94844 -0.439847 0.152189 0.672921 -0.077584 -0.581803 -0.312914 1.44419 -7.2492 -3.08004 3.15292 2.45554 -0.894323 1.06675 1.54538 1.89713 0.757566 -0.300337 1.01859 0.309778 
5.00176 0.114944 -0.559457 -0.854636 -0.888048 0.268548 -0.318972 -0.203345 -0.106423 0.135331 0.0739445 -0.0528091 0.0528452 10.6745 3.93378 -0.662462 -2.20412 -6.50832 3.4981 -0.477005 0.340274 1.18885 1.25901 0.0290203 -0.90348 -0.645749 -6.14723 -5.51644 -1.11339 3.67152 3.94426 -2.30364 0.439061 0.299881 -0.136447 -1.10838 -1.06467 1.25753 0.318195 
5.10053 0.100224 -0.608861 -0.825381 -0.968228 0.295097 -0.28917 -0.195634 -0.0986348 0.0861803 0.0467435 -0.0379078 0.0103978 10.4403 1.42297 -1.07149 -1.25323 -4.96396 2.67103 -0.346802 0.542415 1.47393 1.02654 -0.0964418 -0.633949 -0.276314 -8.81658 -2.62368 1.26941 2.14708 3.85233 -2.85975 0.162449 -0.483996 -0.833316 -1.41523 -0.571752 0.42524 -0.0165683 
5.19896 0.0590996 -0.62505 -0.759356 -1.03994 0.336659 -0.34534 -0.169451 -0.0932761 0.096963 0.00808608 -0.0611247 0.0331329 7.40338 -0.947034 -1.18773 0.0569783 -2.95006 1.64748 0.0418965 0.550702 1.46187 0.802868 -0.244667 -0.064818 0.114717 -6.40116 -0.168376 2.37477 0.0438049 2.74538 -2.47792 0.160078 -0.864077 -0.661218 -1.1843 0.138763 -0.360096 -0.235896 
5.18473 0.0869369 -0.65181 -0.798937 -1.01576 0.311057 -0.315309 -0.184222 -0.0518312 0.127127 0.0023187 -0.0355498 -0.000894862 2.7675 -1.33089 -0.0865548 0.571234 -1.57108 0.411225 0.00940776 0.204493 0.96011 -0.0834638 -0.373523 -0.117166 -0.247022 -2.63363 0.00606883 1.78725 -0.522765 1.29843 -0.944311 -0.0451633 -0.334815 -0.25472 -0.337124 0.437361 -0.495826 0.258382 
5.19425 0.0715895 -0.61637 -0.764468 -1.05698 0.319576 -0.334084 -0.170543 -0.0711085 0.10395 -0.00761838 -0.0573196 0.0199877 0.396542 -0.82722 0.647176 0.448563 -1.10563 0.28011 -0.238599 -0.02401 0.571886 -0.23036 -0.563216 -0.245126 -0.141463 -2.19794 0.0411056 0.933527 -0.458982 0.579313 0.0508274 -0.0635854 -0.240102 -0.134622 0.00654068 0.279897 -0.0876455 0.170472 
5.2652 -0.0069816 -0.553501 -0.788207 -1.02376 0.27584 -0.309641 -0.197967 -0.0511712 0.0668451 0.0297001 -0.0707682 0.0156871 -1.28371 -0.415901 0.977826 0.117268 -0.412436 0.268027 -0.368269 -0.183787 0.409205 -0.179169 -0.414882 -0.191834 -0.00522882 -3.07792 0.947051 -0.0505903 -0.136018 0.0522776 0.918872 -0.420525 -0.0285427 -0.402783 0.152681 -0.324144 0.264267 0.045483 
5.23689 -0.00217132 -0.552067 -0.777282 -1.02779 0.26534 -0.305016 -0.203605 -0.0182002 0.0850653 0.0102245 -0.0785884 0.0131721 -2.85333 0.179965 1.22983 -0.107864 0.752126 -0.115253 -0.328093 -0.495414 0.138019 -0.434783 -0.419987 0.0467008 -0.140776 -3.40993 1.51583 -0.31518 -0.078046 0.959326 0.618675 -0.568254 -0.204673 -0.716032 -0.031979 -0.49439 0.559688 -0.0442959 
5.15046 0.00952952 -0.539525 -0.774529 -1.0769 0.320145 -0.352994 -0.163073 -0.0254906 0.100276 -0.010409 -0.0835935 0.00579074 -3.76921 0.109759 1.44142 0.056572 2.18508 -0.391024 -0.681047 -0.368181 -0.397574 -0.915191 -0.546307 0.413042 -0.475308 -2.59003 1.09983 -0.0916679 -0.0967402 3.0633 -0.762271 -0.27053 -0.371364 -0.896854 -0.701451 -0.288135 0.925224 -0.551805 
5.02437 0.0302753 -0.510733 -0.774354 -1.08702 0.364253 -0.352332 -0.213256 -0.0560121 0.0881889 -0.0319097 -0.0622898 0.0267697 -6.09509 0.123967 1.70506 0.256331 4.21384 -0.100785 -0.403418 -0.621814 -1.37881 -1.67978 -1.08183 0.646518 -0.816948 -2.28886 -0.172877 0.625695 0.351541 4.86534 -1.20999 0.197338 -0.245028 -1.53703 -1.7212 -0.435713 0.672044 -0.937878 
4.91702 0.0750112 -0.52236 -0.793816 -1.01275 0.350423 -0.364417 -0.211037 -0.050679 0.0661155 -0.0250769 -0.0556536 0.0122241 -8.83385 0.113484 2.08979 0.368022 6.25545 -0.068706 -0.0710241 -0.49305 -2.22926 -2.34607 -1.8014 0.666671 -1.10366 -3.28925 -1.44076 1.38563 0.559217 5.37828 -0.724534 0.91346 -0.0226432 -1.97459 -2.1538 -1.01847 0.145178 -0.998772 
4.80004 0.129564 -0.470993 -0.788639 -0.825857 0.244906 -0.37057 -0.260561 -0.0736038 0.033549 -0.0541909 -0.0286803 -0.0128173 -10.645 -0.744095 2.186 0.643494 7.15704 -0.393629 0.658304 -0.287698 -2.87634 -2.71553 -1.27397 0.318226 -1.21603 -4.53229 -2.24258 0.935914 0.729011 2.80517 0.460275 1.62078 0.593457 -1.78863 -1.38281 -0.514227 -0.820632 -0.448651 
4.76531 0.0217875 -0.426391 -0.764593 -0.633525 0.207283 -0.418989 -0.199807 -0.140146 -0.0492856 -0.0614066 0.0345992 -0.0967859 -11.9437 -2.19086 1.86863 0.881136 8.04753 -1.1746 0.832047 0.116432 -3.29589 -2.71505 -0.936628 0.190857 -0.905684 -4.64005 -2.41209 -0.324162 0.507078 -0.450526 0.394007 1.41864 0.924843 -0.883587 0.307261 0.53163 -1.37495 0.826823 
4.32218 -0.00123393 -0.330266 -0.707596 -0.4132 0.348444 -0.317295 -0.284148 -0.315081 -0.194599 -0.173872 -0.00665476 -0.0885082 -12.8474 -3.61669 1.15067 0.565492 7.97362 -1.19368 0.673319 0.150481 -3.18016 -2.21959 0.0221392 0.966253 -0.245517 -1.50244 -2.65005 -2.15177 -0.427879 -3.04001 -0.721431 -0.0918041 0.837718 0.926036 2.25807 2.56679 0.142316 1.88263 
3.99143 -0.010265 -0.263905 -0.749863 -0.207824 0.282602 -0.280631 -0.230629 -0.3241 -0.221483 -0.251509 -0.0255495 -0.122783 -12.4989 -4.59322 -0.0690844 -0.213388 7.26622 -0.715792 0.613776 0.559848 -2.20487 -0.767109 0.930793 1.2417 -0.156325 2.49038 -2.28485 -3.63324 -1.49387 -3.54809 -0.553681 -1.42715 0.442267 2.48907 3.59846 3.59636 1.68292 1.6877 
3.83394 -0.144289 -0.326507 -0.675593 -0.322053 0.238779 -0.198588 -0.192223 -0.361427 -0.182254 -0.0473786 -0.0929457 -0.109513 -11.6893 -4.9968 -0.88301 -0.707716 5.98399 -0.277796 0.709673 1.18145 -1.33973 0.17883 1.15846 1.21534 0.0638189 4.56783 -0.700099 -2.83315 -2.25229 -1.63356 0.342215 -1.70751 0.262589 3.01235 3.07504 1.48445 2.30318 0.484631 
3.63961 -0.331925 -0.374946 -0.670553 -0.144377 0.128626 -0.315502 -0.134046 -0.423323 -0.174817 -0.089828 -0.0334457 -0.031992 -9.97553 -4.60833 -1.3377 -0.928189 4.29127 -0.645298 0.485062 1.34497 -0.383259 1.31474 1.97081 1.51489 0.354367 5.10952 1.36576 -0.793471 -1.52427 -1.33293 1.19636 -0.409224 0.353662 2.46893 1.75807 0.0709502 1.19751 -1.00805 
3.44709 -0.423756 -0.446491 -0.785634 -0.103225 0.216414 -0.341269 -0.259842 -0.381669 -0.135059 0.0663079 0.209787 0.0533996 -7.40012 -3.76371 -1.51686 -0.966987 1.88423 -1.6297 0.621638 1.90444 1.23455 2.25589 2.16731 1.30643 -0.0993644 3.75243 3.17517 1.56164 0.536687 -2.42525 -0.0924603 1.41008 1.06432 1.52702 0.234921 -1.84181 -1.77387 -1.89063 
3.49191 -0.445684 -0.58467 -0.904437 -0.00552813 0.259588 -0.314369 -0.127475 -0.217672 0.0604741 0.0998347 0.131515 -0.103666 -6.16864 -2.87756 -1.49819 -0.705558 0.575365 -1.12212 0.605953 1.32435 1.85217 2.296 1.80496 1.05202 -0.269778 1.3615 3.24437 2.61985 2.17814 -3.77569 -1.38525 1.61606 0.135424 0.434219 -1.198 -1.874 -2.48239 -0.904496 
3.35828 -0.477357 -0.487164 -0.841493 0.0282932 0.240737 -0.250912 -0.0557464 -0.292293 -0.0454997 -0.0460164 0.0962195 -0.0853543 -5.57522 -1.50506 -1.09911 -0.240056 0.153141 -0.743004 0.554917 0.371415 1.81784 1.52828 0.785226 0.529626 -0.227499 -0.0124664 2.22069 1.14135 2.39054 -3.68205 -1.0409 0.569228 -1.72584 -0.123602 -1.37413 -0.495162 -2.04663 0.347609 
3.34083 -0.485626 -0.452765 -0.79142 -0.0476826 0.143837 -0.294972 -0.0695373 -0.301206 0.0147977 0.13131 0.18195 -0.0608463 -4.78463 -0.0803773 -0.652375 0.700608 -0.752661 -0.276727 1.4609 -0.0669206 1.63755 1.05852 0.423009 -0.598283 -0.290099 -0.778895 1.22208 -0.399121 1.53263 -0.871646 0.831313 -0.0959888 -2.60536 -0.7431 -1.54753 -0.880274 -1.27842 1.2423 
3.23486 -0.390668 -0.435078 -0.776754 -0.272132 0.0113726 -0.125251 0.00126165 -0.109595 0.0649624 0.0327445 0.0285052 -0.153963 -4.64577 0.476813 -0.102758 1.49625 -1.40349 -1.04311 1.45945 -0.189824 1.06919 0.301193 -0.1306 -1.66671 -0.0444878 -0.271721 0.245932 -0.958968 0.418462 1.62835 1.93395 -0.856381 -2.41641 -1.68722 -1.36952 -0.0624737 0.00442226 1.64577 
3.07018 -0.454619 -0.507948 -0.775984 -0.18265 0.158941 -0.216999 -0.127933 -0.133333 0.0499068 0.0571499 0.0670615 -0.107774 -5.15214 0.264695 -0.0224063 1.79114 -1.64626 -1.00713 1.3105 -0.942581 0.661113 -0.227327 0.242874 -1.37443 0.464206 0.726271 -0.241934 -0.344309 -0.208515 1.69837 0.575826 -0.123452 -0.0297613 -1.15113 -0.458325 0.230557 -0.107917 0.476691 
3.0111 -0.435092 -0.540215 -0.689228 -0.160071 0.16175 -0.246594 -0.24899 -0.239612 -0.0573203 0.0476071 0.0421129 -0.0165748 -4.58589 0.391769 -0.212839 1.71718 -0.821132 -0.294799 1.42779 -1.60771 0.375724 0.323624 0.846046 -1.0594 0.384727 0.879467 -0.573935 0.882497 -0.408794 1.06265 -0.396597 0.638547 1.19454 -0.515701 0.680866 0.762986 0.52063 -0.574048 
3.01216 -0.360721 -0.519129 -0.648117 -0.12624 0.208107 -0.101383 -0.172938 -0.208323 0.00917674 0.0316021 -0.00810515 -0.0328295 -4.50126 0.1927 0.611686 2.16891 -0.126852 -0.39665 1.42168 -1.31758 0.0918253 0.0607466 0.477264 -0.857791 0.34142 0.536227 -0.79716 1.71998 0.125786 0.0783127 -1.32062 0.164238 0.916514 0.150814 1.04902 1.21814 1.23295 -0.983632 
2.88671 -0.397158 -0.481015 -0.683804 -0.235639 0.0299656 -0.157798 -0.16198 -0.189693 -0.0241551 0.0565606 -0.0464007 -0.0335071 -3.96875 -0.147542 1.50841 2.59147 0.47958 -0.850124 1.06472 -0.999205 -0.446902 -0.142692 0.691849 -0.439659 0.230691 0.521268 -0.281146 2.061 1.13565 0.222371 -0.765633 0.260787 0.461411 0.346035 0.598602 0.142121 0.931423 -0.999659 
2.77782 -0.491005 -0.535417 -0.668452 -0.20788 0.096155 -0.12304 -0.169182 -0.143282 0.0210149 0.129759 -0.0135027 -0.0748548 -3.50901 -0.194278 2.03852 2.36203 -0.177515 -1.72077 1.56345 -0.130837 -0.182595 0.0265615 0.806786 0.0962611 -0.0820851 0.584766 0.108658 1.72127 1.06352 0.113404 -0.681725 -0.31025 0.204897 -0.282678 -0.556953 -0.616281 0.935762 -0.0627162 
2.82264 -0.395609 -0.452621 -0.582866 -0.0891906 0.181211 -0.0355449 -0.290067 -0.258009 0.0854845 0.161138 0.0342033 -0.0576302 -3.36719 -0.668033 2.29887 2.16624 -0.384902 -2.08394 1.36966 0.23324 0.101143 0.183892 0.645932 0.72681 0.175061 0.344254 -0.344151 0.405141 0.0579483 -0.879805 -1.23919 -0.622258 0.880059 0.0262272 -1.28356 -1.07634 0.602561 0.868655 
2.70195 -0.425035 -0.287752 -0.449729 -0.185095 -0.0183652 -0.0760113 -0.181564 -0.174445 0.0207473 0.115789 0.0256389 -0.0599673 -3.04152 -0.982054 2.16894 2.06481 -0.442911 -2.16734 0.845077 0.0408833 -0.0787899 -0.141809 0.39466 1.18201 0.713812 0.722813 -0.545875 -1.35769 -1.48384 -0.769203 -0.184336 -0.276868 0.638129 0.0124841 -0.523308 -0.67688 0.61625 1.38209 
2.67165 -0.436912 -0.262847 -0.421676 -0.165434 -0.0499209 -0.0649228 -0.188717 -0.197549 -0.0232031 0.0804235 -0.0450385 -0.101111 -2.29038 -0.842599 1.88322 1.91629 -0.272707 -1.75043 0.834139 0.156586 -0.14083 -0.189149 0.0111137 1.31056 1.0881 0.800388 -0.649235 -1.93329 -1.8631 -0.519975 0.445679 -0.490696 0.0856933 0.115399 0.202137 -0.126261 0.723576 1.54065 
2.61863 -0.470054 -0.329132 -0.510569 -0.230191 -0.0370731 -0.00563931 -0.169512 -0.210389 -0.00223592 0.165997 0.119467 -0.0452938 -1.74531 -0.729333 1.54794 1.3778 -0.556606 -1.90935 0.473924 0.330923 -0.116985 -0.390774 -0.315893 1.12186 1.35954 1.18558 -0.106885 -1.29217 -0.845477 0.494609 1.12764 -0.565172 -0.452495 0.109191 0.545932 -0.203009 -0.31773 0.600569 
2.59095 -0.516716 -0.278995 -0.436574 -0.219132 -0.106775 -0.0341814 -0.176785 -0.201058 -0.00319687 0.0998555 0.11767 0.0666188 -1.4489 -0.965743 0.73862 0.668828 -0.718216 -1.60058 0.163884 0.484056 0.15028 -0.387507 -0.320205 0.933575 1.32413 1.34076 0.74431 -0.512839 -0.326908 0.75385 1.28363 -0.317683 -0.513266 -0.0805187 0.426652 0.0248642 -0.871887 -0.72342 
