2.57109 -0.485779 -0.166581 -0.289346 -0.213187 -0.200596 -0.101343 -0.0323655 -0.0422061 -0.0821169 -0.123122 -0.0904661 0.0119974 -1.16327 -0.703368 -0.27885 -0.340061 -0.169751 -0.415291 -0.845687 -1.17487 -0.23232 0.376128 0.767142 0.53352 0.05531 -0.876761 -0.400092 -0.0520304 0.02662 0.0392627 0.0222434 -0.506633 -0.836242 -0.254074 0.128787 0.501557 0.237371 -0.0363874 
2.50465 -0.545621 -0.214178 -0.361644 -0.245299 -0.287724 -0.167215 -0.0972306 -0.0315796 -0.0321957 -0.0600907 -0.0368183 0.025532 -1.12538 -0.710131 -0.058816 -0.27593 -0.115674 -0.453714 -0.618858 -0.725294 0.176202 0.704938 0.890108 0.672713 -0.0101665 -0.21575 0.218823 0.567626 0.774534 0.682561 0.657169 0.586301 0.76211 0.190269 -0.270417 -0.207407 -0.279988 -0.180915 
2.51048 -0.554541 -0.192615 -0.345003 -0.295437 -0.245419 -0.205944 -0.189784 -0.0747553 -0.0057401 -0.0463672 -0.00977191 0.02412 -0.834644 -0.583869 -0.116928 -0.0759473 0.344895 -0.149335 -0.531986 -0.876573 0.149251 0.638974 0.763529 0.637186 -0.0865024 0.576614 0.615235 0.512171 0.922211 1.38515 0.742161 1.23014 1.69742 0.577762 -0.522614 -0.759664 -0.543067 -0.211735 
2.46478 -0.550476 -0.20378 -0.339812 -0.246985 -0.243523 -0.19625 -0.175481 -0.0433769 -0.00347526 0.00320563 -0.0376813 9.55106e-05 -0.502262 -0.315347 -0.0042339 0.415452 0.768071 0.468218 -0.0955674 -0.65819 0.100738 0.467573 0.733267 0.859604 -0.0392021 1.40496 0.764153 0.323784 0.903238 1.19389 0.978396 1.28519 1.35723 0.37239 -0.38643 -0.82109 0.0296725 0.012392 
2.40693 -0.563756 -0.183479 -0.29061 -0.181123 -0.228031 -0.172816 -0.123821 -0.08579 -0.0977347 -0.0802183 -0.0504338 0.0253063 -0.133943 -0.0303777 0.106272 0.63048 1.03258 0.865075 0.416155 -0.272639 -0.00486124 0.260725 0.516738 0.604065 -0.182685 1.6274 0.688013 -0.107296 0.338216 0.430531 0.905667 0.848273 0.208342 -0.021978 0.101339 -0.117549 0.287252 -0.0737143 
2.48118 -0.55529 -0.143505 -0.318234 -0.228692 -0.26078 -0.128849 -0.0341851 0.0432549 0.0474161 -0.0151259 0.00112195 0.00239431 0.153894 0.170356 0.175265 0.83744 1.26587 1.13961 0.839214 0.230563 -0.239431 -0.126461 0.193049 0.229424 -0.185456 0.512842 0.20963 -0.478557 -0.0300773 -0.0368251 0.599505 0.150641 -0.747387 -1.11568 -0.516813 0.0239937 -0.089424 0.0571028 
2.52192 -0.539411 -0.207272 -0.291494 -0.130945 -0.190125 -0.170714 -0.184854 -0.0442479 -0.0188943 -0.0505134 -0.019661 -0.0027213 0.332085 0.0391524 -0.151244 0.621234 1.24244 1.13801 0.856075 0.319104 -0.0708059 -0.12047 -0.114122 -0.100922 -0.0436261 -0.40653 -0.325402 -0.305181 -0.42114 -0.787644 -0.000247881 -0.103876 -0.185929 -0.704691 -0.32083 -0.113898 -0.725393 0.150575 
2.52003 -0.517254 -0.174743 -0.219176 -0.119733 -0.109214 -0.100671 -0.13056 -0.0501488 -0.0294477 -0.00828174 0.0625265 0.0245081 1.07733 -0.0845867 -0.582225 0.699289 0.480305 0.327971 0.284742 0.658663 -0.00824598 -0.526412 0.361855 0.287627 -0.088925 -0.22628 -0.72919 -0.716765 -0.598407 -1.18105 -1.57785 -0.972882 0.671737 0.212128 -0.576811 0.0945946 -0.87721 -0.022442 
2.51625 -0.521011 -0.177331 -0.270726 -0.136037 -0.141543 -0.0816767 -0.113317 -0.0664062 -0.0251424 -0.0261384 -0.0187146 -0.0200601 3.13379 0.16551 -1.3514 0.199317 -0.846457 0.0140211 0.472695 1.30437 -0.390807 -1.25212 0.992311 0.353113 -0.358923 2.32579 -0.327952 -1.25452 -0.448825 -2.03908 -1.88592 -0.79672 1.73209 0.458062 -1.27048 0.696508 0.188073 -0.101441 
2.48242 -0.550877 -0.190396 -0.268088 -0.124551 -0.15736 -0.0989264 -0.104142 -0.104699 -0.0559832 -0.0286827 -0.0305525 0.00710371 5.76715 -0.816158 -1.76114 0.241907 -1.70925 0.201144 0.5386 1.84291 -0.507388 -1.82096 0.798592 0.0548208 -0.314226 6.29828 -0.553058 -1.3657 -0.23381 -2.71135 -0.908112 0.0110012 2.10008 0.655478 -1.07677 1.07479 0.806197 -0.41419 
2.5159 -0.575334 -0.235729 -0.278193 -0.126435 -0.106675 -0.117531 -0.14467 -0.0328065 -0.0135569 -0.0797324 -0.0715597 0.0251121 9.25068 -2.05988 -1.77169 0.741805 -1.84244 -0.737175 -0.33348 2.6522 -0.246113 -1.75977 0.845441 0.0747106 -0.0177739 9.11166 -1.57929 -0.767758 0.75145 -1.40954 -0.212805 -0.175203 1.55492 -0.384264 -1.07194 0.642237 0.721945 -0.0677095 
2.65318 -0.569746 -0.294188 -0.204567 -0.218722 -0.316403 -0.203748 0.0219164 -0.00565972 -0.14495 0.0939896 0.0656705 -0.0200101 12.1861 -3.17896 -1.5514 0.906272 -2.04844 -1.2295 -1.22001 2.07848 0.0760323 -1.29307 0.58025 -0.437904 0.235583 8.33757 -2.8926 0.840724 1.09717 0.426236 0.772324 -0.63325 -0.507851 -0.310844 0.888142 -0.978151 -0.772246 0.802403 
3.07379 -0.485169 -0.390174 -0.320454 -0.401265 -0.212497 -0.0254951 0.133499 -0.138889 -0.262525 0.105732 0.0386522 -0.0571868 14.9752 -3.60937 -1.07924 0.673964 -2.39697 -0.847185 -1.40601 1.49605 0.275722 -1.09197 0.938083 0.329177 0.146171 4.26658 -3.06897 2.1888 0.764763 1.82489 0.178937 -2.0192 -2.68603 0.624227 2.30501 -1.21933 -0.852174 0.873113 
3.44258 -0.760184 -0.372292 -0.241475 -0.406171 -0.0988375 -0.0426109 0.119378 -0.0432557 -0.170246 0.0296003 -0.0172685 -0.024347 16.6584 -4.23572 -0.359292 1.15924 -2.32368 -0.921968 -1.67731 1.39081 0.808293 -0.856946 1.33297 0.797488 -0.381903 -0.337284 -0.854853 2.32856 0.0800145 1.40041 -0.624872 -1.84562 -2.68125 1.05581 1.64527 0.154281 0.472434 -0.171543 
3.82122 -0.885388 -0.369663 -0.0803346 -0.220571 -0.306964 -0.299515 0.13582 -0.0994644 -0.212305 0.0358316 0.00612375 0.0548183 17.1547 -4.12543 0.620732 1.29931 -1.59769 -0.823808 -2.17737 0.564251 0.151685 -0.594113 1.59988 1.31728 -0.38114 -3.13367 1.60152 1.79964 -0.8748 -0.0858022 0.215687 -0.109091 -1.7291 0.719837 0.563124 1.48323 1.84546 -1.35473 
3.96828 -0.9566 -0.288784 -0.138143 -0.358925 -0.295329 -0.293462 0.0209053 -0.0105479 -0.0929694 0.0147955 -0.0997731 0.0635452 16.1184 -3.93159 0.845098 1.04728 -0.936228 -0.425462 -1.86415 -0.242025 -0.795703 -0.690232 0.973685 1.13073 0.34748 -3.20311 2.72462 0.137865 -0.525135 -0.0582893 0.177014 1.12147 0.467764 -1.62403 -1.80522 1.65668 2.43286 -0.811901 
4.29565 -0.916424 -0.286856 -0.289396 -0.465569 -0.204109 -0.236571 0.00230046 -0.0253607 -0.164696 0.134089 0.0973882 -0.0396174 14.1309 -3.07773 1.33596 0.986271 -0.269804 -1.10143 -1.9445 -0.628255 -1.13512 -0.782589 0.868956 1.26658 0.821522 -2.78765 2.34576 -0.648293 0.071718 0.808479 0.00274467 1.62775 1.01338 -3.15228 -1.9854 -0.457058 0.0658643 1.26085 
4.4678 -1.06051 -0.249704 -0.0631182 -0.426194 -0.301697 -0.315611 0.133258 0.0843781 -0.195411 0.201265 0.132963 -0.109604 12.0547 -1.44647 1.43813 -0.131062 -0.505065 -0.80552 -0.956468 0.152308 -1.41028 -0.814215 0.939617 0.804897 0.414754 -2.65318 1.67314 -0.585165 -1.04702 1.07621 0.337885 1.61366 0.720146 -2.56278 -0.454435 -2.12308 -2.24467 2.19327 
4.70125 -0.973888 -0.186445 -0.100815 -0.349914 -0.278728 -0.409726 0.00310394 -0.127355 -0.192473 0.229305 0.19855 -0.0337355 9.47988 -1.20065 1.16051 -0.885169 -0.852444 -0.588061 0.162751 0.867351 -0.958385 -0.529983 0.331736 0.0558828 0.487408 -3.81739 0.317306 -0.430029 -1.55048 0.314917 -0.439812 1.37441 1.40485 0.717504 1.10961 -2.41336 -3.44777 1.20453 
4.83097 -1.02818 -0.317706 -0.144389 -0.420032 -0.29738 -0.260849 0.0856466 -0.295579 -0.369367 0.134335 0.130498 0.115509 7.6796 -1.10379 1.16988 -0.32793 -0.442951 -1.24066 0.213831 0.934247 -1.3802 -0.871456 -0.34518 -0.211008 0.89165 -4.61065 -0.363569 0.773715 -1.11911 -0.742676 -0.54014 0.53205 0.468653 3.23189 2.3697 -1.2889 -2.29605 -0.822517 
5.00034 -0.983375 -0.198502 -0.155217 -0.376832 -0.351474 -0.287297 0.0400039 -0.243213 -0.293137 0.101067 0.0900754 0.130866 5.524 -0.966606 1.31739 -0.0621677 -0.377824 -1.64734 0.321815 0.601422 -1.48277 -0.483019 -0.772311 -0.973578 1.14141 -4.32862 -0.707094 0.521446 0.29716 -1.08994 -0.622639 -0.0367235 -0.237742 2.29119 1.02726 0.307055 0.223474 -1.66172 
5.03916 -0.998153 -0.151772 -0.262102 -0.413602 -0.247155 -0.263909 0.196746 -0.120001 -0.168033 0.132005 -0.0194343 -0.00514646 4.66892 -0.355317 1.12545 -0.624108 -0.831474 -1.44231 0.93955 -0.473844 -1.26951 0.401339 -1.34612 -1.31782 1.53171 -2.27186 -0.119558 0.030943 2.08224 -0.471464 -1.07557 -0.374828 -2.26226 -0.235166 -0.139091 0.420088 1.65039 -0.0478658 
4.94489 -1.12899 -0.209472 -0.25543 -0.438583 -0.417506 -0.269319 0.213829 -0.0530551 -0.180793 0.0641023 -0.0358873 0.0866693 3.40351 -0.00664598 0.66283 -0.385924 -0.764204 -1.10085 1.75017 -0.150669 -0.359762 0.714156 -1.61086 -0.906451 0.779682 0.253056 1.89209 -0.63659 1.31447 0.415629 0.72403 0.694063 -2.55709 -2.23353 -0.373459 0.0370421 1.92976 0.531019 
5.0408 -1.10193 -0.100303 -0.132508 -0.489468 -0.454529 -0.271902 0.0548518 -0.203674 -0.287284 0.0476802 0.0507487 0.0983637 1.76616 0.802175 0.601134 0.10411 -0.00322497 -0.459754 0.865386 -1.0218 -0.212244 1.32834 -1.09 -0.71353 0.228964 -0.149422 2.47984 -1.73352 -0.153629 1.39145 2.07607 0.952302 -0.880069 -1.15144 0.506839 -0.321915 0.263919 0.37893 
5.07304 -1.05697 -0.0995294 -0.14616 -0.469842 -0.444486 -0.258338 0.0783231 -0.261058 -0.27272 0.139384 0.070356 0.05972 2.16363 2.95766 0.587627 1.27286 -0.135791 -0.29617 0.427134 -1.43778 -0.731014 0.988623 -0.639881 -0.516009 0.0400476 -0.107653 3.70179 -0.668173 0.190723 1.35483 1.96725 -0.397469 0.156919 0.669924 1.10625 -0.0794002 -0.898882 -0.690116 
5.26514 -1.01375 -0.139487 -0.166023 -0.49396 -0.442873 -0.193233 -0.0696765 -0.226215 -0.104019 -0.0152548 -0.0289804 0.222854 3.80424 5.51115 0.413319 2.89407 -0.298333 -1.15411 0.6033 -2.31402 -1.06607 0.628004 -0.735204 0.0229431 -0.193325 0.45252 4.67112 0.385064 2.01312 0.17036 -0.0271817 -1.3646 0.89012 1.24819 -0.0181368 0.996401 -0.551737 -2.25598 
5.18974 -0.923633 -0.216755 -0.217997 -0.420046 -0.346472 -0.0353761 0.0982429 -0.239478 -0.193341 -0.0592963 0.0838605 0.0903717 5.51263 7.27518 0.345477 3.58616 -0.881284 -0.94355 0.860421 -2.6986 -0.896474 0.752342 -0.657414 0.00653538 -1.29827 3.19852 4.23641 1.07917 3.76715 -1.91618 -2.66544 -1.50734 -1.00192 0.771563 -0.71025 0.955569 -0.0487744 -1.83993 
4.98544 -0.882652 -0.18736 -0.146633 -0.340433 -0.311466 -0.271527 -0.0463962 -0.246334 -0.121154 0.0369154 -0.0650105 0.0958578 6.04209 7.74028 -0.0044229 3.85988 -1.38028 -1.39668 0.860529 -2.3027 -0.289814 0.589651 -0.908275 -0.302327 -1.92667 5.36604 2.35862 0.645987 3.07012 -3.13545 -3.17396 0.70432 -1.23254 -0.107701 -1.53635 -0.262083 1.11855 -1.52895 
5.40303 -0.45531 -0.0114662 0.0660583 -0.473802 -0.415714 -0.311439 -0.0481585 -0.23237 -0.120683 0.0898464 -0.0446863 0.0321509 6.13845 7.57197 0.00139129 4.11688 -1.65282 -1.75878 0.693977 -2.50562 -0.392445 -0.0260311 -1.19884 -0.0928778 -2.41222 1.94276 -2.18571 -1.119 -0.301555 -1.63351 -1.23022 1.76584 -0.692942 -0.549612 -1.20449 -1.33786 0.884568 -0.637885 
5.64512 -0.268597 -0.124111 0.245322 -0.548737 -0.633061 -0.137422 -0.139626 -0.236097 -0.159024 -0.0160518 0.0474042 -0.018999 5.52941 6.79 0.0754184 3.92477 -1.72092 -1.81247 0.396617 -2.4522 -0.633934 -0.743234 -0.947604 0.284916 -2.80827 -2.61791 -5.00935 -1.18597 -3.2833 0.594207 1.71977 0.638788 0.313563 -0.533886 -0.525347 -1.30508 -0.0396347 0.478218 
5.77473 -0.268796 -0.13731 0.246781 -0.650854 -0.566733 -0.10895 -0.257543 -0.26217 -0.160637 -0.0407261 0.0347836 -0.104343 4.67185 5.63454 0.0649091 2.98203 -1.69366 -1.72146 0.409392 -2.78331 -0.84868 -0.629234 -1.03551 0.0955966 -2.28997 -6.33061 -4.55606 -0.60811 -4.10332 2.58685 2.67808 -0.582724 1.47268 -0.48637 -0.252232 -0.13838 -0.280515 0.931712 
5.78173 -0.247642 -0.132084 0.26107 -0.657953 -0.599611 -0.1277 -0.197348 -0.272129 -0.214595 -0.0811934 -0.00420949 -0.124775 1.98498 4.14161 -0.0801625 1.02932 -0.803382 -1.32777 1.10676 -1.36038 -1.00881 -0.701509 -1.3642 0.340597 -1.91166 -7.4693 -2.46761 0.516374 -3.52742 3.02879 1.95791 -1.37581 1.51028 -0.275184 0.659838 1.02307 -0.563463 1.33909 
5.76279 -0.219487 -0.160269 0.232363 -0.592572 -0.576098 -0.130733 -0.251127 -0.315947 -0.20318 -0.106917 0.0249931 -0.156541 -6.54857 2.64196 -0.46044 -0.287568 1.41194 -0.0917991 0.530824 -0.678981 -1.19177 -0.750018 -0.991499 0.35188 -1.08961 -10.3729 0.313649 1.02344 -1.65641 2.79103 0.653246 -0.841598 1.92527 0.0188739 0.530543 1.4073 -0.0101214 1.43984 
5.72663 -0.208493 -0.159175 0.228366 -0.591772 -0.541945 -0.145097 -0.292878 -0.307 -0.225739 -0.124743 0.0361311 -0.14959 -13.352 2.3876 0.297116 -0.519855 3.25027 0.128772 -1.05738 0.142934 -0.733566 -0.664567 -0.305178 0.183982 -0.30954 -14.0936 1.22373 0.683423 0.314272 3.08819 -0.789586 -0.902624 1.7369 0.494058 0.166257 1.06111 0.411448 1.33031 
5.58777 -0.143768 -0.145273 0.159172 -0.568268 -0.532149 -0.120634 -0.296808 -0.355353 -0.21707 -0.0822638 0.00996719 -0.177245 -17.75 2.54688 0.566249 -0.0652299 4.35258 -0.272352 -1.62319 0.600984 -0.270814 -0.709061 -0.0627696 0.437077 0.320734 -13.6798 0.687929 0.486412 1.98161 2.63469 -0.957563 -1.67504 0.880037 1.14904 -0.358837 0.427917 0.585364 1.1172 
5.30535 -0.123286 -0.0837744 0.0529442 -0.463482 -0.599298 -0.128656 -0.124982 -0.357404 -0.180248 -0.104158 -0.012767 -0.146665 -19.3709 2.29079 0.357717 -0.0370801 4.65004 0.380046 -1.63969 -0.0400182 0.201951 -0.582621 0.0223581 0.485427 0.633857 -6.15032 -0.316769 -0.29065 2.40514 1.0074 0.0464095 -1.46028 -1.19851 1.4475 -0.659072 -0.179154 0.395362 0.59664 
4.12797 0.0238944 -0.146075 0.19043 -0.242598 -0.495694 -0.175116 -0.185372 -0.384025 -0.261267 -0.0602922 0.0907353 -0.101849 -13.0829 0.418031 -0.318325 -1.12332 3.39002 1.30409 -0.995281 0.0101546 0.166068 -0.103215 0.049963 -0.0608142 1.35033 13.6057 -3.26792 -1.17138 -0.750878 -2.62785 1.57241 0.543738 -1.93758 0.737904 0.523947 -0.675545 -0.772808 0.399369 
3.82414 0.0276761 -0.0711626 0.279982 -0.145674 -0.66529 -0.35419 -0.182783 -0.275609 -0.263394 -0.0723524 0.0594711 -0.0821338 -3.70794 -0.94326 -0.574227 -0.792727 1.50516 0.639545 -0.633161 -0.0932299 0.725635 0.558851 0.14552 -0.067093 1.38782 29.3396 -4.79486 -1.75719 -2.78218 -5.89291 2.12246 2.82469 -1.46106 -0.0920979 1.65695 -0.362135 -1.0885 0.192546 
3.72816 0.0184419 -0.0673856 0.281111 -0.153978 -0.611424 -0.326798 -0.193072 -0.280623 -0.283632 -0.0915076 0.0756458 -0.084218 6.66584 -1.99765 -0.880272 -0.37406 -0.629591 -0.409569 -0.205084 -0.0223996 1.58357 0.797709 0.0277411 0.412071 1.04496 33.8923 -4.08006 -1.29691 -2.42588 -6.69498 -0.458034 3.03048 0.334563 0.182385 2.04191 0.22992 -0.409535 -0.334544 
3.78116 -0.0133903 -0.156123 0.181617 -0.128855 -0.425545 -0.272407 -0.3338 -0.256661 -0.270034 -0.118849 0.0472956 -0.0731305 16.6089 -2.46782 -1.56673 -0.397426 -3.07147 -1.50772 0.286425 0.222592 2.2994 1.36924 0.255532 0.809912 0.607214 24.5001 -1.18677 -0.307708 0.204409 -5.32187 -4.42377 1.31576 2.66886 1.27832 1.51808 0.738163 1.17947 -0.91701 
5.25128 -0.380152 -0.284236 -0.131135 -0.378852 -0.28124 -0.124605 -0.255315 -0.369997 -0.141695 -0.102176 -0.0494827 0.0610496 24.5941 -2.59204 -2.02364 -1.36012 -5.1783 -2.54831 0.648561 1.56896 2.78203 2.2869 0.514119 0.831461 0.37112 2.34068 3.33944 0.205205 2.88989 -1.79858 -5.85924 -1.21698 3.07269 2.44043 0.282809 0.965683 2.4055 -1.52467 
5.91406 -0.320605 -0.182007 0.160908 -0.547013 -0.628184 -0.190613 -0.240971 -0.190829 -0.0920734 -0.0582797 0.0376863 -0.0225301 25.6861 -1.94893 -2.5212 -2.05549 -5.77341 -2.89857 0.881338 2.66831 2.90787 2.32102 0.972111 1.32648 0.188132 -12.3313 4.16015 -0.415322 0.522058 1.11702 -2.73639 -1.9616 2.86284 1.49612 -0.443724 0.719011 1.48278 -0.732117 
6.24679 -0.282901 -0.201345 0.170058 -0.599095 -0.78004 -0.171138 -0.14269 -0.0961412 -0.141899 -0.0771714 0.148298 -0.0928056 22.7453 -1.11545 -2.34797 -2.32532 -5.06862 -3.76123 0.553644 3.21459 2.95738 2.07963 0.91788 1.69137 0.00248617 -17.5791 2.75952 -0.659802 -2.15178 2.84889 1.51085 -1.09659 1.06169 -0.531844 -0.632534 0.178799 -0.026335 0.321306 
6.44272 -0.236354 -0.324369 0.131465 -0.70709 -0.864068 -0.192369 -0.0566899 -0.018513 -0.0486093 -0.0319851 0.188714 -0.0677621 16.2637 0.0402521 -1.95392 -2.09191 -3.67635 -3.97765 0.30746 3.00515 2.62975 1.36835 0.516017 1.99752 0.0417295 -14.7709 0.500082 0.0635929 -3.08718 3.88539 3.97999 0.353617 -1.56384 -2.20939 -1.32718 -0.93949 -0.993862 0.90332 
6.52002 -0.198618 -0.38863 0.0224905 -0.789014 -0.848722 -0.232619 0.0639002 0.00996209 0.0340121 0.0156516 0.167745 -0.0282037 6.53588 1.38616 -1.81154 -1.51575 -1.57234 -2.50776 -0.665296 2.24837 1.8963 0.203115 0.181796 1.66247 0.56207 -8.78655 -0.975882 0.853345 -1.08393 3.66934 3.96558 0.591617 -3.11736 -2.98083 -2.07134 -1.59542 -1.26832 1.3728 
6.5721 -0.209593 -0.397129 -0.0901464 -0.768571 -0.867998 -0.232875 0.124854 0.0458822 -0.0320332 0.040623 0.201863 -0.0413318 -1.95397 1.31461 -1.90261 -1.96473 0.0332661 0.698109 -1.15387 1.73283 0.448552 -0.26404 -0.21587 0.151985 1.59438 -9.83238 -0.0886461 1.28651 2.67212 2.89833 3.3653 -0.809677 -3.03483 -2.35551 -1.79569 -1.48778 -1.72752 1.44791 
6.55474 -0.225098 -0.385836 -0.165848 -0.696246 -0.877181 -0.16359 0.0609058 -0.00124511 -0.0409448 -0.047129 0.236191 -0.0515108 -11.744 1.43157 -0.771724 -0.34373 3.20901 2.96414 -1.52182 0.732905 -0.329584 -0.0535812 -1.69893 -1.27209 2.36111 -15.6385 0.845568 1.32854 4.77432 3.68867 3.86889 -2.02999 -1.27564 -1.21477 -0.49144 -1.64581 -2.60027 1.63906 
6.47216 -0.196195 -0.41402 -0.152907 -0.651638 -0.835924 -0.129802 -0.0542379 -0.0206698 -0.0775055 -0.103787 0.24547 0.0149726 -17.5527 1.38385 0.714244 0.984178 5.29354 3.66365 -1.68256 -0.561407 -1.32374 0.304233 -2.12325 -1.75602 2.72131 -17.5642 0.967514 1.91109 4.39777 4.11649 2.85035 -2.06703 0.0112044 -0.603041 1.85186 -1.00944 -2.5153 1.19481 
6.28035 -0.162511 -0.452677 -0.0513555 -0.629522 -0.702823 -0.330185 0.0195438 -0.0870898 -0.156463 -0.0557699 0.163062 0.146185 -19.5568 1.55444 2.17644 1.74521 5.57967 2.59354 -0.808918 -2.20507 -1.99605 0.925942 -1.86523 -1.66826 2.43675 -10.6681 0.494152 3.1118 1.57276 2.80922 -0.914673 0.925637 -1.15341 -0.399185 3.34021 -0.140741 -0.592746 -0.497956 
5.377 -0.0957054 -0.425033 0.0250557 -0.566794 -0.518526 -0.408337 0.0700833 -0.0815995 -0.113973 -0.0767021 0.0191195 0.16128 -18.0735 1.46013 3.02119 1.85401 5.0292 1.66821 -0.0458876 -3.48687 -2.64042 2.30649 -1.25552 -1.61738 1.82458 6.16686 -0.627948 3.07175 -1.76559 -0.522296 -5.00646 3.69565 -3.23524 -0.980873 3.15402 1.43048 2.02353 -2.09639 
4.2549 -0.0518976 -0.282532 0.216546 -0.0110431 -0.37913 -0.366604 0.0124072 -0.0660583 0.000333925 -0.396552 -0.0510887 0.224421 -13.3479 0.841077 3.20241 1.56422 3.74608 0.886701 0.74341 -4.21248 -2.68747 3.29805 -0.406607 -1.61268 0.934448 22.7903 -1.70975 0.92931 -4.00448 -6.03701 -6.11508 4.37528 -3.90072 -1.24872 1.81746 3.49174 2.8114 -3.09577 
4.41953 -0.073023 -0.194719 0.145744 -0.0847525 -0.518674 -0.383142 -0.120696 -0.207231 0.122557 -0.192822 0.0234882 0.272366 -6.92262 0.0425975 3.0016 0.790011 2.19892 0.14327 1.63976 -4.55842 -2.41538 3.71276 0.160813 -1.47054 -0.102229 25.009 -2.03388 -1.80395 -3.02055 -6.96528 -2.65841 2.78685 -1.98689 0.110534 -0.216586 2.36619 1.10975 -2.74922 
4.66895 -0.0241571 -0.0452249 0.0461868 -0.270772 -0.790705 -0.151008 -0.310034 -0.251577 0.138032 -0.107631 0.0846872 0.171169 0.336967 -0.750414 2.37365 0.0249332 0.86803 -0.517847 2.24115 -4.92926 -1.96064 3.41 0.473565 -0.985785 -0.828136 16.1769 -2.0094 -3.82712 -0.44581 -3.91569 2.40232 -1.13119 1.40539 1.44993 -1.78827 0.451104 -1.05583 -0.876935 
5.00075 -0.0845067 -0.0494773 -0.00196955 -0.268438 -0.75535 -0.118009 -0.433644 -0.33845 0.271126 -0.0981671 0.0756747 0.0995486 7.48479 -1.34392 1.25989 -0.250999 -0.558054 -0.791873 1.79037 -4.62638 -1.66759 2.38913 0.873271 -0.633765 -0.968469 2.7484 -0.933126 -3.48725 1.65525 -0.119356 4.1732 -3.24777 3.40511 2.34208 -2.91262 -1.30434 -1.77131 0.837368 
5.36639 -0.173443 -0.119945 0.0330603 -0.347011 -0.671958 -0.0824695 -0.495175 -0.321126 0.315715 -0.098035 -0.0015378 0.0784061 10.6315 -1.49818 0.116954 -0.272962 -2.01797 -0.206111 0.769778 -3.5391 -1.26552 1.16976 1.31704 -0.983415 -0.95992 -6.62543 0.443215 -1.50625 2.1587 2.78388 2.75173 -3.6274 3.38636 1.57783 -2.88206 -1.82304 -0.887445 1.75755 
5.51159 -0.189881 -0.160272 0.0373864 -0.398036 -0.60195 -0.104711 -0.47533 -0.274182 0.269578 -0.0933825 -0.0609358 0.0844284 7.75724 -1.33385 -0.323868 0.558413 -1.12277 1.13003 -0.0379029 -2.05617 -0.898009 0.0947582 0.448959 -1.60286 -0.661798 -8.28412 1.17137 0.517214 1.20964 2.14254 0.0545261 -2.21138 2.10741 -0.29572 -1.86807 -0.407176 0.271426 1.38122 
5.5626 -0.21584 -0.175438 0.0743009 -0.325178 -0.564135 -0.205967 -0.471684 -0.272474 0.213542 -0.0977905 -0.0611647 0.113002 4.15638 -1.02335 -0.393133 1.07825 -0.239973 1.82398 -0.897438 -0.806656 -0.971963 -0.530028 0.270403 -1.72883 -0.104519 -7.35727 1.46345 1.78116 0.0481515 0.555889 -1.52259 0.421042 0.86337 -1.39434 -0.582249 0.420751 0.593439 0.200215 
5.54703 -0.21298 -0.188925 0.12645 -0.295005 -0.56579 -0.237572 -0.499842 -0.292823 0.205471 -0.134574 -0.0679966 0.119887 0.49229 -0.252413 0.318092 0.980972 0.00839153 1.01514 -0.608236 -0.152638 -1.09014 -1.01849 0.312991 -1.31807 -0.00171624 -5.1198 1.08741 1.86973 -0.881196 -0.337958 -1.47864 1.88995 0.371333 -1.52371 0.508306 0.788864 0.57238 -0.621206 
5.49261 -0.199292 -0.164834 0.13888 -0.298244 -0.546956 -0.259182 -0.496763 -0.323863 0.193221 -0.117094 -0.12125 0.131664 -2.80646 0.58228 1.03881 0.515917 0.541802 -0.0245427 -0.184909 0.174884 -1.3775 -0.912267 0.108176 -0.498157 -0.174281 -3.36993 0.880072 1.19643 -1.24267 -0.430813 -1.48355 2.26178 0.273721 -0.515689 0.8014 0.212145 0.99617 -0.913197 
5.4189 -0.200299 -0.102382 0.141308 -0.337016 -0.540715 -0.220831 -0.467465 -0.412496 0.163226 -0.0553433 -0.13603 0.117727 -5.5634 1.21975 1.33078 0.274404 1.09818 -0.832527 0.200942 0.382848 -1.18542 -0.772219 -0.486922 0.297532 -0.208755 -3.35602 1.08498 0.15323 -1.04061 0.721743 -1.46828 1.07605 0.370967 1.11483 0.46006 -1.21979 1.60316 -0.440417 
5.32246 -0.174451 -0.074222 0.133117 -0.329474 -0.567227 -0.176679 -0.47941 -0.433005 0.163724 -0.0523211 -0.127119 0.0959115 -8.38366 1.70145 1.27366 0.128283 1.61657 -1.40375 0.440281 0.429892 -0.0961155 -1.1791 -1.12847 0.625807 -0.206366 -4.47318 1.0221 -0.731421 -0.198183 2.05095 -1.17443 -0.635281 0.312821 2.57166 -0.592608 -2.27912 1.57266 0.346919 
5.22061 -0.145782 -0.0358427 0.100126 -0.316737 -0.615025 -0.128047 -0.481289 -0.445071 0.188752 -0.0683987 -0.107088 0.0646756 -9.83322 1.48671 0.794539 0.0729896 1.50362 0.0603827 -1.08845 1.11091 1.01902 -2.5855 -0.941041 0.822527 0.0047474 -4.45947 0.211368 -1.48433 0.709655 1.60263 1.26519 -3.04007 0.696257 3.21551 -2.52623 -1.55357 0.644037 1.01996 
5.03511 -0.0848116 -0.0258086 0.0818628 -0.259885 -0.67301 -0.130024 -0.451215 -0.42715 0.183738 -0.132271 -0.0414775 0.0587354 -6.15011 0.640704 -0.815476 -0.468183 0.229067 1.12395 -2.3103 2.37773 2.5214 -3.42105 -0.862422 1.22532 -0.00344282 2.05889 -1.57364 -2.57329 0.343432 -1.34862 3.75911 -4.18583 1.85185 3.13095 -3.46913 0.540366 -0.462453 0.857989 
4.7221 -0.0230235 -0.0389928 0.114919 -0.153786 -0.69874 -0.186821 -0.408583 -0.351121 0.11461 -0.238533 0.0196945 0.109483 0.620457 0.0731521 -2.34795 -1.0445 -0.864892 1.00293 -3.16869 3.30548 4.35149 -3.80804 -0.401926 1.6975 0.0197984 13.7467 -2.81617 -3.29964 -1.0111 -4.5442 3.50345 -3.16317 2.69187 2.59118 -2.38058 2.83275 -0.520832 -0.0943867 
4.3637 -0.00381449 -0.0556187 0.153824 -0.051199 -0.733757 -0.221735 -0.451972 -0.192992 -0.0147277 -0.291087 -0.0176033 0.11894 7.63863 -0.517018 -3.53003 -2.07328 -1.89963 0.741339 -3.30813 4.06576 5.70148 -3.96029 0.357837 1.77842 0.0744774 23.0786 -2.53756 -3.25421 -2.79977 -5.49735 0.575931 -0.355775 2.73418 1.85455 0.371544 3.40706 0.308682 -0.782053 
4.35565 -0.0989584 -0.116 0.159497 -0.213395 -0.305136 -0.566437 -0.292196 -0.168372 -0.265639 -0.127757 -0.0393729 0.144032 13.3153 -0.955209 -4.47241 -3.11951 -2.7598 0.91342 -2.95926 4.56199 6.21457 -3.67809 0.959479 1.41712 -0.0705471 21.3802 -0.627905 -1.94974 -3.59454 -2.71078 -3.92569 3.64902 0.967949 1.08771 3.31984 1.52131 0.6294 -1.04171 
5.35653 -0.231129 -0.367004 -0.00585994 -0.513567 -0.338459 -0.540331 -0.0656783 -0.0200984 -0.23263 -0.116473 0.0261336 0.088358 17.0576 -0.957874 -5.04482 -4.21287 -3.50416 1.11081 -2.22442 4.64832 5.9779 -2.56002 1.41921 0.696732 -0.401537 6.15527 1.72489 0.369258 -2.48258 1.54831 -3.94687 4.37134 -1.35235 -0.623843 3.87679 -0.477037 -0.419346 -0.523185 
6.1488 -0.183164 -0.422252 -0.0632619 -0.519011 -0.601315 -0.498141 -0.045753 0.168809 -0.214706 -0.0383281 0.133578 0.0736125 18.3226 -0.504996 -5.0341 -5.24018 -3.91934 1.13976 -0.814174 4.09311 5.00883 -0.655958 1.56483 -0.246503 -0.671737 -10.2381 2.50314 1.55209 -1.04869 3.10262 -0.112599 3.14987 -2.47136 -2.69357 3.39305 -1.94281 -2.40231 0.0276302 
6.46688 -0.183526 -0.477073 -0.229947 -0.510932 -0.657851 -0.426083 -0.0114889 0.282742 -0.220509 -0.0210082 0.117949 0.0843795 16.5226 0.272882 -4.62864 -5.63669 -3.53147 1.04618 0.846765 2.75768 3.77953 1.57919 0.885123 -1.03669 -0.471485 -17.7728 2.15829 1.76833 0.680802 2.24351 3.20074 1.38965 -3.16213 -3.72694 2.92009 -2.08314 -3.36672 0.437052 
6.51405 -0.173649 -0.54602 -0.316883 -0.520197 -0.545577 -0.410509 0.0514239 0.272964 -0.208453 -0.0557323 0.0597464 0.0533865 10.6868 1.42235 -3.81641 -5.01568 -2.51872 1.13287 2.26834 0.659924 2.31415 3.38057 -0.141137 -1.96525 -0.288437 -15.385 1.26475 1.37208 1.86232 0.113439 4.38605 0.0913675 -3.30317 -3.62073 2.47148 -1.17163 -2.66432 0.79176 
6.45567 -0.100404 -0.619452 -0.399929 -0.554846 -0.474088 -0.433263 0.0840072 0.277099 -0.123812 -0.0719654 -0.00834705 0.0353088 2.40719 2.27168 -2.45038 -4.24181 -1.20662 3.23589 2.14322 -1.52165 0.407214 3.25584 -0.347675 -2.64484 -0.525134 -8.43926 0.436724 1.18485 2.00582 -0.445034 2.94381 0.277061 -3.59246 -2.6777 1.14539 -0.35998 -0.673502 0.166149 
6.37699 -0.051386 -0.632115 -0.485601 -0.603143 -0.408484 -0.338244 0.0273528 0.252141 0.000810022 -0.0715453 -0.121387 0.0505897 -3.17117 2.39936 -1.25513 -4.00918 -0.835847 4.96832 2.22236 -2.78754 -1.44044 2.24693 -0.160915 -2.67962 -1.08265 -4.1414 0.189881 1.96339 1.41287 0.788001 1.23844 0.0155712 -3.24641 -2.00723 -2.01683 0.841519 1.57015 -1.01323 
6.33747 -0.0390147 -0.668526 -0.511084 -0.62082 -0.34082 -0.256631 -0.101351 0.261867 0.12426 -0.129867 -0.179567 0.102732 -5.43011 2.48631 -0.0542227 -3.40131 -0.571593 5.12066 2.28739 -3.69603 -2.676 1.04885 0.509924 -1.87506 -1.51772 -2.2934 -0.0548849 2.68467 0.10335 1.64469 0.0751608 -0.167944 -1.49843 -1.94143 -4.87109 1.96329 2.75302 -2.02835 
6.18035 0.0258748 -0.703435 -0.461839 -0.70959 -0.162503 -0.290282 -0.160887 0.158435 0.179902 -0.123647 -0.217355 0.0849215 -5.65505 2.18416 1.05165 -3.03347 -0.109357 4.25213 2.55404 -4.11687 -3.46874 0.0175054 0.937796 -0.545541 -1.85413 -0.236359 -0.575521 2.78188 -0.757827 1.94755 -1.74371 0.247742 0.41058 -1.56185 -5.03109 1.86089 3.14698 -1.88951 
6.03363 0.0771901 -0.651462 -0.584631 -0.596607 -0.0513843 -0.263213 -0.308791 0.105129 0.0606728 -0.0810191 -0.177836 -0.0598845 -5.10951 1.61729 1.81729 -2.52047 0.511429 3.2291 2.64947 -3.9795 -4.01692 -0.782042 0.824524 0.831706 -2.15646 1.95853 -1.06334 1.65773 0.063247 0.869301 -3.29125 0.445387 1.98237 -0.883541 -1.87803 0.41005 2.56564 -0.29862 
5.87734 0.106031 -0.514266 -0.699276 -0.552526 -0.0389386 -0.168976 -0.367166 0.00298066 -0.120056 0.0148842 -0.133134 -0.121476 -4.36677 1.15473 1.98279 -1.63358 1.19592 1.67573 2.4418 -3.42864 -4.06762 -0.932478 0.342874 1.55353 -2.13722 3.4304 -1.35245 -0.356237 1.82303 0.161139 -3.80189 0.234084 2.05483 0.245443 2.38327 -1.85323 1.07944 1.2456 
5.84706 0.120179 -0.480609 -0.707068 -0.582091 -0.0305125 -0.132402 -0.378094 -0.0743582 -0.161609 0.0710628 -0.0974198 -0.124891 -3.25174 0.706313 1.48464 -0.600953 2.25269 -0.143727 1.87178 -2.63759 -3.55763 -0.42364 -0.268245 1.4501 -1.82655 3.25738 -1.2082 -2.17336 3.19268 0.859497 -3.49003 -0.727609 1.23828 1.53018 4.58705 -3.32567 -0.727113 1.88514 
5.88253 0.0991946 -0.45043 -0.719672 -0.558464 -0.0723569 -0.0806348 -0.382099 -0.166863 -0.099399 0.0160188 -0.00439378 -0.16331 -2.77175 -0.121867 1.0164 0.859675 3.48257 -1.72064 1.07524 -2.15161 -2.3359 0.558995 -1.71333 1.12593 -0.615596 0.856955 -0.875279 -2.66875 3.87312 2.07583 -2.24148 -2.21506 0.315704 2.64813 3.73172 -3.31553 -2.2403 2.1895 
5.87009 0.0913489 -0.442643 -0.697142 -0.519128 -0.104953 -0.0565442 -0.413839 -0.205901 -0.0262418 -0.0666053 0.0497057 -0.17797 -3.93216 -1.09951 1.39529 4.01505 3.70781 -3.33506 -0.206868 -2.05589 -1.7369 1.94537 -2.80919 0.533617 0.990065 -2.72286 -1.12783 -0.64138 4.56216 2.63136 -1.75698 -3.11249 -0.649294 2.55737 1.28483 -1.98187 -2.41712 2.33669 
5.83138 0.0921169 -0.475046 -0.594928 -0.459625 -0.216743 -0.0153854 -0.467509 -0.206417 0.0757878 -0.141127 -0.0315445 -0.13282 -5.25882 -1.64841 1.80228 6.16142 3.71227 -4.19647 -1.15729 -2.36219 -1.30984 2.94459 -3.37389 -0.0249568 1.71012 -5.31146 -1.37644 2.28735 4.39885 1.08834 -1.17325 -2.82421 -0.92989 1.03951 -0.764705 -0.118894 -1.10196 1.93597 
5.86674 0.0825117 -0.589027 -0.500152 -0.282375 -0.300933 -0.120279 -0.474526 -0.155926 0.134729 -0.19131 -0.102356 -0.121097 -4.25711 -1.53892 0.907927 6.29855 3.33165 -4.80188 -1.23365 -1.30051 -0.108242 1.61911 -3.7429 0.219875 2.24139 -3.09666 -0.727315 2.58324 2.14899 -1.96305 -0.757745 -0.608098 0.447308 0.0827467 -2.63594 0.885503 1.07199 1.15615 
5.62981 0.00558141 -0.525264 -0.364936 -0.136812 -0.297988 -0.224433 -0.515383 -0.0921628 0.132345 -0.35684 -0.0800579 -0.00412662 -1.32099 -1.4587 0.00930905 5.6418 1.78964 -4.9468 -0.894116 0.409936 1.16687 -0.335718 -2.96385 0.515025 2.02198 4.78524 0.542636 -0.305536 -1.99734 -4.75128 -0.508672 2.20709 3.16399 0.422484 -3.96044 1.95978 2.38509 -0.917183 
5.23919 -0.101748 -0.234028 0.0337319 -0.156008 -0.519556 -0.295711 -0.642034 -0.207065 0.16575 -0.334051 -0.0749827 0.0901 1.75225 -1.61818 -0.461443 4.15934 -0.28159 -4.2693 -0.100317 2.71419 1.79161 -1.87411 -1.52499 0.890353 1.09955 12.6003 1.40624 -4.35845 -6.66831 -5.64112 1.31273 3.91376 6.24238 2.055 -4.37714 2.43153 2.17535 -2.88678 
5.14574 -0.0906121 -0.17462 0.058864 -0.214036 -0.559462 -0.247984 -0.677945 -0.274793 0.214458 -0.307146 -0.080353 0.0510015 4.49129 -1.67771 -0.645752 2.39184 -2.50946 -3.20592 0.685289 4.63757 1.92683 -2.96794 0.254955 1.27527 0.100492 13.4907 0.807115 -4.89744 -7.01785 -4.74576 2.49787 3.19346 6.71545 2.50397 -3.13563 3.09648 0.606003 -3.24587 
5.70122 -0.00401308 -0.552238 -0.139268 -0.269764 -0.638042 -0.143458 -0.355272 -0.0484526 -0.102358 -0.434637 0.088991 0.108516 6.62885 -1.50811 -0.937222 0.988305 -4.63434 -2.33141 1.50242 5.89541 1.82325 -3.26841 2.08237 1.26138 -0.62823 5.3706 -0.543175 -0.924962 -3.29193 -2.81118 3.09964 0.638514 3.08105 0.327537 0.627645 4.10614 -1.60093 -2.49637 
6.17865 -0.0565299 -0.604869 -0.187995 -0.452463 -0.683225 -0.0788217 -0.176445 0.0537419 -0.203332 -0.330225 0.112459 -0.01739 8.53872 -1.14853 -1.70541 -0.0896084 -5.94549 -1.59778 1.58627 6.62663 1.64328 -2.73155 3.84052 0.897543 -1.32988 -4.45935 -0.844628 2.46019 1.02572 -0.61862 2.36556 -1.75929 -1.30863 -1.95736 3.43823 3.42241 -2.24901 -0.110934 
6.25149 -0.134401 -0.566691 -0.248899 -0.581897 -0.588494 -0.0165695 0.0274241 0.0388027 -0.187414 -0.196789 0.0686911 -0.118244 8.84193 -0.98028 -1.96994 -0.91304 -6.12679 -0.793933 1.17318 6.41237 1.68861 -1.80249 4.71164 0.414138 -1.56225 -8.54028 -0.141506 3.43601 3.63114 0.780168 0.0279799 -2.85897 -4.63331 -2.69657 4.22716 1.94297 -1.60112 1.6203 
6.27572 -0.158003 -0.53388 -0.230627 -0.676085 -0.580311 -0.0327147 0.0742611 0.0166385 -0.189725 -0.0614402 0.0217359 -0.107809 6.33838 -1.1133 -0.707449 0.0529915 -5.68802 -0.897158 0.367746 4.83174 1.06543 -0.524174 5.24732 -0.201579 -1.29561 -6.93958 0.753027 2.02837 2.79233 1.63683 -1.35647 -2.12636 -4.95575 -1.64766 3.17003 -0.195385 -0.415292 1.63127 
6.27515 -0.164021 -0.542976 -0.150777 -0.763954 -0.606634 -0.0703235 0.0969909 0.013218 -0.159791 0.0448711 0.0166024 -0.0791224 2.00184 -1.0329 1.17956 1.26515 -4.67964 -1.01273 -0.260189 2.05736 -0.143845 1.14929 5.32222 -0.960987 -1.0473 -3.43675 1.10478 0.571897 0.693184 2.19577 -1.73859 -0.513074 -3.74158 -0.151493 0.930462 -1.97727 0.34647 0.812299 
6.28497 -0.168554 -0.536663 -0.0768028 -0.858168 -0.634086 -0.136262 0.115228 -0.0140856 -0.0830321 0.136782 0.0296696 -0.0735853 -1.02065 -0.27276 1.25317 1.95482 -3.30125 -1.07016 -0.64353 0.159854 -0.584351 1.29366 4.2511 -1.06406 -0.216094 -2.19184 0.974787 0.256547 -0.373239 2.38459 -0.730055 0.785319 -2.74953 0.267495 -0.733978 -2.48215 -0.00317013 -0.084679 
6.28402 -0.182989 -0.477359 -0.0763656 -0.901606 -0.703503 -0.134301 0.0773698 -0.0020025 -0.0364412 0.203963 0.00490987 -0.0905991 -2.2328 0.338469 0.977531 2.41852 -2.09751 -1.15934 -0.904897 -1.09363 -0.704361 0.82874 2.92415 -0.857377 0.296687 -2.44823 0.904195 -0.342614 -0.278864 2.37599 1.02232 0.847561 -1.4189 -0.186202 -1.75021 -2.54893 -0.211918 0.0453182 
6.23416 -0.171288 -0.447673 -0.0551915 -0.913793 -0.754689 -0.120756 0.0422805 -0.0029634 -0.0330785 0.231817 -0.01327 -0.105247 -3.18521 0.644285 0.705398 2.56113 -1.00527 -0.69693 -0.879489 -1.49078 -0.82634 0.239162 1.53033 -0.601742 0.507856 -2.16285 0.73835 -0.97046 0.497845 1.9766 2.03429 -0.0154482 -0.315958 -0.583642 -2.00624 -2.31734 0.0411217 0.775612 
6.14147 -0.149237 -0.419215 -0.0473059 -0.888301 -0.766676 -0.0923016 -0.0401906 -0.0138013 -0.0448865 0.224455 -0.0270517 -0.109794 -4.4925 0.912817 0.244483 3.00569 0.030876 0.189797 -0.99655 -1.35286 -1.01178 -0.744244 0.226267 -0.328711 0.81896 -1.76491 0.399609 -1.45519 1.52158 1.33564 2.26881 -1.04457 1.05087 -0.683709 -1.7155 -1.98695 0.669594 1.23746 
6.02456 -0.102209 -0.461693 0.0431946 -0.894704 -0.705721 -0.12289 -0.0648754 -0.0392867 -0.0959736 0.230216 -0.0613215 -0.0761627 -6.35087 0.923482 -0.137768 3.42149 1.02174 1.24146 -0.989798 -0.815974 -1.04583 -1.90717 -1.07811 -0.234336 1.36748 -2.0682 -0.226419 -1.00253 1.50549 1.08711 1.78781 -1.09663 1.8697 -0.347194 -1.31536 -1.90564 0.985646 1.18399 
5.9612 -0.0983382 -0.460577 0.0932275 -0.86623 -0.674101 -0.16805 -0.0548025 -0.0846145 -0.120483 0.201955 -0.0507983 -0.0445556 -6.20559 0.792114 -0.473156 3.62996 1.24776 1.82769 -1.43262 -0.395147 -1.05522 -2.19962 -1.54236 0.0850319 1.5578 -1.24793 -0.620926 -0.305212 0.661149 0.567296 0.81275 -0.575745 1.51709 0.342655 -0.704619 -1.17687 0.725609 0.504969 
5.88072 -0.0878049 -0.471351 0.159389 -0.835754 -0.652333 -0.196478 -0.0651467 -0.101022 -0.150833 0.151489 -0.0246633 -0.00068306 -4.47056 0.500612 -0.67062 2.95327 0.957368 1.70665 -1.37084 0.159906 -0.569629 -1.88833 -1.38052 0.298936 1.27999 1.69567 -0.77873 0.215561 -1.15472 -0.385604 -0.461379 0.330589 0.836451 1.08463 0.379736 0.23925 0.172816 -0.673149 
5.66902 -0.0559744 -0.535726 0.314109 -0.795506 -0.572443 -0.256891 -0.0130679 -0.124137 -0.237256 0.0918118 0.0150412 0.0406482 -1.9795 0.126452 -0.657658 1.59117 0.474047 1.07708 -0.856229 0.697326 0.117545 -1.0886 -0.935556 0.386791 0.612248 6.21265 -0.822082 0.64366 -3.66295 -1.45545 -1.92478 1.45542 -0.0543219 1.69355 2.05157 1.77753 -0.364959 -1.90854 
5.38029 -0.0874108 -0.505151 0.343291 -0.726846 -0.496339 -0.234971 0.0364296 -0.11721 -0.331437 -0.00284271 -0.0248796 0.101259 0.759209 -0.322171 -0.356578 -0.290571 -0.00707465 0.263096 -0.000885695 0.978148 0.822119 -0.0403734 -0.512797 0.418819 -0.142416 9.44155 -0.574251 0.434587 -4.93062 -2.1454 -2.6659 1.97474 -0.268803 1.75048 3.2619 2.56789 -0.330245 -2.50987 
5.64521 -0.0981003 -0.49187 0.322505 -0.791012 -0.550807 -0.306103 -0.0305224 -0.109521 -0.252678 0.0803713 0.0046641 0.0498811 2.83328 -0.50127 -0.366824 -1.81306 -0.53622 -0.157103 0.761414 1.19806 1.26803 0.776794 -0.0369364 0.30511 -0.712736 6.8106 -0.347679 0.097167 -4.37461 -1.38715 -1.74434 2.20325 0.428488 1.10602 2.63204 1.41062 -0.21076 -1.68808 
5.88389 -0.102477 -0.520321 0.2005 -0.849028 -0.620034 -0.224863 0.0139198 -0.0247389 -0.202393 0.138815 0.00299644 -0.0150164 4.21259 -0.627345 -0.46299 -2.81939 -0.70738 -0.158902 1.26278 1.34002 1.15728 1.125 0.0741661 0.071435 -0.983837 1.11724 -0.0682614 -0.286656 -1.66813 0.0610681 0.336997 1.12164 0.645968 -0.419487 0.674306 -0.515578 -0.0949775 -0.0134565 
6.0352 -0.11764 -0.515562 0.071893 -0.868883 -0.662317 -0.151229 0.0375103 0.0211741 -0.125975 0.158491 -0.00626942 -0.0752957 4.9699 -0.661822 -0.529701 -3.27799 -0.648747 0.0156116 1.48784 1.23607 0.883911 1.13173 -0.110632 -0.206596 -0.936675 -3.96356 0.218517 -0.672666 1.50706 1.2613 2.22977 -0.400039 0.515896 -1.6872 -1.6968 -1.95632 -0.211395 1.50024 
6.16323 -0.150407 -0.496078 -0.0361017 -0.88897 -0.670343 -0.109232 0.0752574 0.0451061 -0.0723127 0.143812 -0.00124902 -0.0838532 4.03525 -0.33909 -0.800817 -2.63758 -0.253347 0.725286 0.848004 1.22211 0.325192 0.557063 -0.594576 -0.29505 -0.648228 -6.25933 0.533408 -0.648123 3.42334 1.83596 2.90001 -1.82745 -0.12358 -2.11177 -3.05972 -2.24968 -0.51356 1.92352 
6.14865 -0.142105 -0.540028 -0.0566135 -0.893139 -0.624008 -0.0984893 0.119747 0.0270247 -0.0730764 0.129725 0.0116048 -0.0733213 -0.0981903 -0.164064 -0.475555 -1.71192 0.953407 1.75591 -0.0278844 1.00172 -0.0686499 -0.661698 -1.55853 -0.569118 0.0956678 -6.15898 0.606593 0.200666 3.28161 1.90765 2.04098 -2.80708 -1.11806 -1.2946 -2.81237 -1.47893 -0.583388 1.3412 
6.08518 -0.14366 -0.582486 -0.0150666 -0.838844 -0.538505 -0.101172 0.133825 -0.0389055 -0.153956 0.0487384 -0.0133091 -0.037315 -5.21934 0.093341 0.799534 -0.0974459 3.03914 1.99783 -0.76185 -1.62441 -1.90091 -0.37055 -2.29295 -0.761143 0.971168 -7.38527 0.576865 2.04197 2.13202 2.75155 0.111125 -2.13185 -3.45977 -1.22478 -0.330328 -0.550115 -0.46224 0.746195 
6.06127 -0.145258 -0.592132 0.0120894 -0.812645 -0.487737 -0.117995 0.132434 -0.0476215 -0.209756 -0.0004579 -0.0476946 -0.0107798 -8.78533 0.491113 1.78792 1.28982 4.38517 1.41758 -1.06005 -3.81786 -3.25862 0.35906 -2.53999 -0.683189 1.22819 -8.05209 0.530419 3.42742 1.20276 3.35889 -1.9911 -0.548214 -5.56459 -2.06389 2.77837 0.111181 0.0603772 0.139209 
5.94805 -0.110107 -0.59296 0.0566171 -0.772986 -0.412661 -0.239082 0.139228 -0.0767157 -0.261806 -0.038635 -0.0556889 -0.00464679 -8.67271 0.428175 2.46803 1.45131 3.97523 1.33018 -1.80187 -3.71568 -3.04636 -0.666089 -1.65098 -0.747712 0.950115 -3.6884 -0.0164505 3.17823 0.0347848 1.51699 -2.59196 0.710732 -4.03413 -1.59656 2.68868 1.3006 0.376972 -0.438839 
5.57902 -0.121271 -0.496392 0.0270813 -0.650342 -0.387607 -0.321042 0.0638228 -0.0323 -0.311242 -0.0729297 -0.0698738 0.0221284 -5.55364 0.0667722 2.78448 1.26446 2.40922 0.709116 -1.16855 -3.67504 -2.58338 -0.589465 -0.720963 -1.07807 0.578043 6.0358 -0.573789 0.703358 -0.575716 -2.85114 -1.77128 1.80591 0.212761 -0.0953395 0.688001 2.37631 0.0938651 -1.05184 
5.05063 -0.09578 -0.273347 0.146212 -0.331265 -0.489518 -0.218164 -0.447074 -0.380289 -0.0271642 -0.137087 -0.0975413 0.099469 -2.06242 -0.34252 3.0402 0.533853 0.65561 -0.105493 0.232277 -3.46233 -2.02634 0.303551 0.0112198 -1.12706 -0.191312 15.1445 -1.2831 -2.10095 -1.82197 -7.35517 -0.102081 2.20181 5.63272 3.15206 -2.21361 2.58555 -0.375949 -1.82781 
4.99241 -0.0546368 -0.254828 0.197843 -0.328733 -0.593202 -0.188787 -0.498595 -0.435319 0.0759734 -0.142661 -0.0535132 0.0383692 1.03087 -0.792503 3.12455 -0.110759 -0.976388 -0.529605 1.45955 -2.79924 -1.4982 0.799188 0.76335 -1.15856 -0.925575 15.378 -1.59014 -2.44437 -2.28872 -7.51681 0.913336 2.50327 6.08987 3.97361 -2.21859 1.82033 -0.845274 -1.71861 
5.50007 -0.138901 -0.271474 0.051495 -0.612833 -0.410429 -0.382717 -0.082303 -0.202865 -0.388647 0.0463861 -0.0916775 -0.00671143 3.72229 -1.23751 3.06373 -0.661497 -2.33276 -0.77419 2.43868 -1.84502 -0.72834 0.753008 1.37782 -1.0604 -1.61656 5.69162 -0.836791 -0.782513 -1.17249 -2.90768 -0.00425985 2.75364 1.56987 1.7626 1.28562 -0.0522094 -0.293304 -1.27812 
5.95785 -0.177873 -0.325721 0.0943052 -0.812729 -0.47084 -0.149301 -0.174827 -0.226109 -0.245949 0.0469626 -0.185765 -0.00236672 5.5568 -1.49574 2.78993 -0.857213 -3.3338 -0.698123 2.64953 -0.414922 0.0243891 0.311725 1.4564 -0.639752 -2.19106 -5.74772 -0.0881288 1.51104 -0.209703 2.33226 -0.441217 0.519598 -1.30554 -0.0726053 1.85797 -1.04741 1.01007 -0.733457 
6.01778 -0.20709 -0.243378 0.0166053 -0.835357 -0.527269 0.0191305 -0.24994 -0.247796 -0.0843063 -0.00909972 -0.177618 -0.0944806 4.87684 -1.44772 2.30725 -0.852596 -3.37864 -0.524483 2.18267 1.10863 0.957331 -0.399029 1.10297 -0.157674 -2.46295 -11.2689 0.725723 1.80461 1.41494 4.9509 -0.600265 -1.8307 -1.93398 -1.38912 0.742484 -1.27806 1.75592 0.191583 
5.96491 -0.231565 -0.158984 0.00447578 -0.858378 -0.512339 0.00850104 -0.247368 -0.241314 -0.085359 0.0624138 -0.18941 -0.136005 0.229313 -0.896025 2.41296 -0.359108 -0.885263 -1.00886 1.8189 0.683535 0.183916 0.407292 0.278213 0.451445 -2.17856 -10.6999 1.39897 0.178647 1.85804 5.06334 -0.753491 -2.94688 0.176739 -1.18677 -0.644505 -1.50686 2.06469 0.625138 
5.86426 -0.250299 -0.077344 -0.00111502 -0.827102 -0.524375 -0.00508804 -0.268142 -0.22059 -0.133914 0.0929121 -0.158036 -0.183028 -7.63193 0.0727787 2.04123 -0.0865236 3.18634 -1.2036 1.61584 -0.157226 -1.40639 1.97654 -0.58204 1.56635 -1.57479 -9.46728 1.73022 -1.90011 0.883422 5.11267 0.0649726 -2.35022 1.99896 -1.32066 -0.69815 -1.1998 1.68922 1.31673 
5.74231 -0.273805 -0.000858071 0.0286795 -0.79146 -0.547217 -0.0175732 -0.257811 -0.231747 -0.148667 0.0300064 -0.0950078 -0.204633 -17.2456 -0.489204 1.73213 -0.851516 5.74077 0.639978 0.0117332 1.29861 -0.540213 0.929495 -0.348924 2.34943 -0.753089 -12.896 0.591311 -2.76894 -0.925067 5.11569 1.78521 -0.643162 2.0194 -0.547544 0.688604 -0.316724 0.929019 1.89043 
5.52355 -0.224211 -0.0257611 0.108698 -0.710334 -0.58778 -0.0291716 -0.23945 -0.280972 -0.125955 -0.0179715 -0.0717485 -0.212448 -23.81 -1.73314 0.783258 -1.53941 6.22644 2.1789 -1.06634 1.89462 0.469279 0.133262 -0.675698 1.74218 0.461675 -15.8754 -2.21195 -1.98025 -3.19663 3.00302 3.99499 -0.294066 1.49138 1.6323 0.349941 0.333861 -0.446623 2.14918 
5.17828 -0.155892 -0.0398133 0.102407 -0.489621 -0.674938 -0.0590313 -0.163809 -0.334742 -0.0554616 -0.0418642 -0.00587275 -0.228698 -26.5459 -3.1398 -0.252937 -2.81793 6.37415 2.96933 -0.972245 2.2033 1.18841 0.672429 -0.536772 1.26934 0.900998 -11.6662 -4.93379 -1.01164 -3.99995 -1.08333 4.71451 -0.32048 0.517381 3.58315 -0.499541 1.13497 -1.9904 1.68631 
4.47953 -0.118072 -0.123938 -0.0283094 -0.137819 -0.51928 -0.015789 -0.132508 -0.458792 -0.000725271 -0.0199659 0.0884563 -0.154519 -25.2651 -3.92556 -1.01039 -3.98442 5.08297 3.13212 -0.839361 2.45588 1.54007 0.560661 -0.132857 0.863462 1.43086 1.81362 -4.92233 -0.146375 -2.82038 -5.70397 1.61727 -0.275092 -0.409691 3.60373 -1.13002 1.00473 -2.54574 0.504471 
3.27864 -0.411297 -0.0547489 -0.161307 -0.11426 -0.219686 -0.0803912 0.0127997 -0.141105 -0.0931997 0.0477412 0.0886978 -0.0919089 -20.2902 -4.27913 -1.84508 -5.06305 3.72944 2.7011 -0.966798 1.50516 1.93879 0.48195 0.493599 0.996433 1.86164 19.3807 -0.973907 -0.783648 -0.881026 -6.36836 -3.29539 0.184528 -2.09966 0.150869 -0.280463 0.521688 -0.891626 -0.391881 
2.91335 -0.601168 -0.0927045 -0.248745 -0.256938 -0.17265 -0.165071 -0.0627276 -0.0607823 -0.135006 -0.0926132 -0.0961834 -0.0203725 -12.0593 -4.06024 -2.26204 -5.41453 1.92096 2.37773 -0.647845 1.04148 2.43542 0.12905 0.601501 0.521874 1.78648 28.0717 3.52846 -1.3564 0.900812 -3.74445 -5.23126 0.909926 -1.97186 -2.15974 0.300908 0.607838 1.2658 -0.919957 
3.03446 -0.711152 -0.159209 -0.38504 -0.174192 -0.21469 -0.0865096 -0.0126448 -0.0649318 0.0245261 0.058996 -0.0503674 -0.103592 -1.0218 -2.95957 -2.3405 -4.58088 -0.175344 1.80671 -0.435565 0.674138 2.27916 -0.394316 0.611028 0.0217805 1.59421 26.1575 5.98354 -0.99736 2.3779 -1.20559 -3.57367 0.638295 -1.22623 -2.53816 -0.442839 -0.354153 1.43628 -0.385565 
3.35889 -0.65135 -0.173973 -0.442281 -0.33985 -0.312119 -0.0899363 0.029441 -0.119187 -0.109683 0.0528751 0.0129243 -0.0313285 9.28077 0.213444 -1.54626 -2.81141 -0.951667 -0.353855 -0.697471 0.190643 1.66771 -0.839816 -0.128562 0.172704 0.649023 15.9203 6.44781 0.543185 3.35097 1.57456 -0.772586 0.0638726 -0.288903 -1.32456 -0.698368 -1.24713 0.429725 -0.784555 
3.75671 -0.624831 -0.299079 -0.525015 -0.264899 -0.39547 -0.16264 -0.176218 -0.102796 -0.0468068 0.0680029 0.159003 0.0288476 19.7071 3.57918 -1.63911 -1.12528 -0.735491 -2.67946 -0.268171 -0.237942 0.110864 -0.609894 -1.18043 0.911155 0.0549112 6.87112 5.2542 2.20064 3.92426 1.26051 -0.0658966 -0.155261 1.22201 -0.0763114 -1.12326 -2.30489 -0.772636 -1.35234 
4.19626 -0.545965 -0.345689 -0.511448 -0.282638 -0.307778 -0.0748233 -0.0443864 -0.0349222 -0.075136 0.0107692 0.0075954 -0.0176615 24.0836 5.35714 -1.73577 0.571434 -1.23011 -3.26097 0.0329698 -0.0560001 -0.0508914 -0.831578 -1.57567 1.17794 -0.575474 2.37309 3.24729 1.67614 3.5299 -0.373506 -1.70498 -0.336926 0.366778 -0.273583 -0.47333 -2.38366 -0.392897 -1.48886 
4.78486 -0.455553 -0.316142 -0.45022 -0.328796 -0.259127 -0.101306 0.0101009 -0.0874074 -0.12776 0.0413386 -0.00221156 0.00957157 23.8971 5.8101 -1.86183 2.17992 -2.30842 -3.0758 -0.0393314 -0.0598 0.0331594 -1.34124 -2.08276 0.392885 -0.808718 -1.43618 0.267729 -0.418001 2.3022 -2.08923 -2.2938 0.414822 -0.20383 -0.181925 0.404005 -0.946981 -0.0240104 -1.36653 
4.84804 -0.0807007 -0.152997 -0.348131 -0.179307 -0.465404 -0.200562 -0.0511002 -0.0856026 -0.196861 -0.101247 0.0955823 -0.102839 20.6284 5.31507 -2.12153 3.58917 -2.95209 -2.59776 0.700074 -0.156643 -0.198793 -0.928838 -1.8263 -0.440557 -1.14782 -4.81373 -3.43915 -2.72941 1.33659 -4.2007 -0.0777827 1.52228 -0.534782 -0.35514 0.614511 1.18861 -0.942393 0.128641 
5.66984 -0.0609995 -0.29791 -0.318205 -0.293357 -0.648852 -0.117196 -0.0483224 -0.104602 -0.131776 -0.221535 0.149917 -0.0763295 15.8969 4.30828 -1.71175 4.34724 -3.93017 -2.15184 1.48565 -0.301102 -0.867336 -0.855923 -1.26793 -1.35206 -1.13113 -11.509 -4.61208 -1.938 0.697035 -2.92962 2.75809 1.72449 -1.1499 -0.651255 0.593134 2.9549 -2.09886 0.842947 
5.9561 -0.0771409 -0.428842 -0.221786 -0.53939 -0.619713 -0.0938346 -0.0562785 -0.0643915 -0.161847 -0.192406 0.0470634 -0.144114 10.3919 2.79992 -1.36459 4.4023 -4.11744 -1.86608 1.67951 -1.34924 -1.76451 -0.361664 -0.339805 -1.55046 -0.754822 -14.3628 -3.64635 0.884556 0.0395258 0.114901 3.56579 1.53104 -1.03819 -1.60005 0.590734 2.88715 -2.25866 1.26814 
5.94132 -0.0875155 -0.482271 -0.149667 -0.613245 -0.586847 -0.084706 -0.0255743 -0.0841652 -0.198745 -0.104959 0.00479595 -0.1473 4.86833 1.20783 -1.07432 4.15924 -3.8909 -0.977842 1.88725 -1.73444 -2.28687 0.101013 0.453623 -2.12074 -0.499699 -12.178 -1.80507 3.2658 -0.61222 2.5925 2.30309 0.236627 -1.24444 -2.15053 0.712452 1.61523 -1.05348 1.03764 
5.77636 -0.0586188 -0.529942 -0.00433464 -0.697095 -0.564626 0.04011 -0.10215 -0.163825 -0.18358 -0.106671 -0.0393256 -0.101472 0.739792 -0.249064 -0.667033 3.68077 -3.41292 0.419829 1.4953 -1.35271 -2.8548 0.382715 1.46098 -2.46197 -0.0181912 -7.05685 -0.206373 3.6957 -1.45352 3.83239 0.401259 -1.84292 -0.233314 -1.47412 0.600498 0.24508 0.560547 0.154957 
5.69061 -0.0981791 -0.4368 -0.000402338 -0.704352 -0.538357 0.0875917 -0.189038 -0.229877 -0.152716 -0.0649605 -0.135196 -0.102322 -3.56409 -0.100308 0.408035 3.1872 -1.85221 0.952339 0.189717 -0.707638 -2.96612 0.364388 1.82031 -1.94635 -0.0221282 -0.903028 0.388384 1.33817 -1.51736 2.8007 -0.593146 -3.12078 1.77402 -0.0731119 0.348974 -0.528356 1.97607 -0.229687 
5.58288 -0.118427 -0.361781 0.0377309 -0.691464 -0.530766 0.0749228 -0.212504 -0.335195 -0.136733 -0.0208895 -0.176547 -0.105388 -4.00774 0.211449 0.794689 2.24752 -0.403356 0.460616 -0.938516 0.202132 -2.54804 0.762074 1.51181 -0.744177 0.172057 2.26805 0.867629 -1.04895 -1.39174 1.29129 -0.779652 -3.40866 3.16628 1.84931 0.0213033 -0.644765 2.59784 -0.411209 
5.48536 -0.111341 -0.333415 0.0869296 -0.672477 -0.523586 0.0280137 -0.22063 -0.384436 -0.131699 -0.00524472 -0.164146 -0.111106 -2.70163 0.571312 0.442396 1.20316 0.215785 -0.173922 -1.99003 1.09075 -1.27843 1.11101 1.19251 0.270284 0.180066 3.71985 1.06691 -2.37399 -1.5489 0.361177 -1.09653 -2.36275 3.21949 3.23021 0.175092 -0.491675 2.54665 -0.0174987 
5.42063 -0.0819014 -0.338025 0.101136 -0.649383 -0.510993 -0.0630982 -0.141068 -0.417597 -0.125304 0.00602263 -0.137559 -0.111912 -1.18125 0.948811 -0.247327 0.00629204 0.789099 -0.767354 -3.00316 1.90077 0.343415 1.3807 0.913502 1.22839 0.271217 3.71517 0.907711 -2.40057 -1.7771 -0.0412101 -1.35634 -0.540516 1.40217 3.80043 0.688493 -0.546201 1.74224 0.524431 
5.45677 -0.0556412 -0.380483 0.10759 -0.645705 -0.532404 -0.157882 -0.0365233 -0.388249 -0.11332 0.0134179 -0.0794287 -0.123131 -0.83238 1.43662 -1.14915 -0.837123 1.32229 -0.910566 -3.29902 1.97942 1.82365 1.55898 0.398313 1.69258 0.684599 1.64733 0.49469 -1.24664 -2.12459 0.530201 -0.800342 0.775497 -1.07343 3.23918 0.902634 -0.602122 0.218937 0.961254 
5.54676 -0.0332523 -0.428316 0.0725832 -0.647708 -0.575901 -0.207083 0.0298233 -0.307812 -0.0697886 0.0254889 -0.0194582 -0.11181 -2.15638 1.6666 -1.79719 -1.60147 2.05793 0.050478 -2.95988 1.322 2.74981 1.27814 -0.207232 1.18718 1.21739 -2.82738 0.188441 -0.205942 -1.62097 1.56905 1.17716 1.36369 -2.87923 1.40344 0.0843087 -0.957194 -1.50979 1.21029 
5.5956 0.00588746 -0.481989 0.0235879 -0.636183 -0.629791 -0.239577 0.0540158 -0.195995 -0.0288899 0.04813 0.0198359 -0.0824943 -4.13577 1.38463 -1.82297 -1.93062 2.97357 1.28789 -2.07125 0.0876476 2.87078 0.35515 -1.2447 0.297038 1.35366 -6.82716 -0.408823 0.622194 -0.452941 2.42839 3.50127 1.65735 -3.58457 -0.85862 -1.66648 -1.86008 -2.73012 0.742094 
5.57752 0.0440217 -0.512848 -0.0433455 -0.579518 -0.663117 -0.277827 0.0235623 -0.11612 0.0306588 0.00903155 0.0517745 -0.0423213 -6.38194 0.784768 -1.17694 -1.66971 3.13094 2.48224 -0.931891 -1.59964 2.76561 -0.411339 -2.103 -0.359793 1.38836 -7.94383 -1.21624 1.34488 1.0541 1.6727 4.55093 1.90697 -3.13179 -2.20214 -3.02208 -2.18715 -2.66823 -0.122969 
5.39989 0.0683631 -0.513927 -0.110067 -0.476304 -0.597405 -0.302808 -0.0512782 -0.0599365 0.0462017 -0.0193771 -0.00480916 0.00719636 -8.3243 0.0561177 -0.236813 -0.613106 3.06644 2.75669 -0.361885 -2.79601 2.24382 -0.817725 -2.14621 -0.600258 1.02862 -4.90383 -1.89698 1.85727 2.71928 -0.335124 2.4003 1.55908 -1.80793 -2.14986 -2.58901 -1.21681 -0.778743 -1.2469 
4.99474 0.0851006 -0.562906 -0.121648 -0.361425 -0.362373 -0.289142 -0.113968 -0.0899178 -0.0497127 -0.0722807 -0.118739 0.0652782 -8.24935 -1.25941 1.06339 0.559287 2.64372 2.36879 0.422685 -2.87748 0.838923 -1.40065 -1.88523 -0.337284 0.484087 1.86922 -2.59648 2.61037 3.32604 -2.45607 -2.09394 1.12421 0.154211 -1.62534 -0.620489 0.774029 1.88255 -1.91267 
4.79159 0.0282441 -0.53264 -0.0908257 -0.2468 -0.258774 -0.230115 -0.2101 -0.124579 -0.204478 -0.237181 -0.15912 0.0118798 -5.85421 -2.24759 1.94486 2.42063 1.32388 1.42845 0.757723 -2.49013 -0.353757 -1.89291 -1.16398 0.0790051 -0.19965 8.26114 -2.28457 2.31652 3.45758 -3.97406 -5.42204 0.202966 2.06413 -1.2299 1.30804 3.17481 3.17337 -1.57814 
4.64897 -0.0234189 -0.442862 -0.036951 -0.348937 -0.210517 -0.185058 -0.312575 -0.0669102 -0.188582 -0.266018 -0.111937 0.0229525 -2.29559 -2.59079 2.31946 3.77359 -0.586503 0.319672 0.845522 -1.59241 -1.28226 -1.9643 -0.175689 0.623809 -0.751993 11.5757 -0.997159 0.896654 2.59055 -3.80276 -5.55443 -0.537186 3.20436 -1.61094 1.51024 3.69213 2.38136 -0.93592 
4.59674 -0.0704349 -0.390937 0.113246 -0.352388 -0.377965 -0.266774 -0.312286 -0.0502288 -0.12077 -0.141522 -0.0280276 -0.0411343 1.89664 -2.45943 2.19182 4.54114 -2.34598 -1.36262 0.580765 -0.597056 -1.71699 -1.35085 0.761079 1.37482 -1.0526 10.4044 0.838429 -0.936122 0.83535 -3.12619 -2.59548 -0.623036 2.6965 -1.4692 0.739362 2.18121 0.38125 0.120357 
4.84992 -0.247112 -0.261072 0.137154 -0.372292 -0.48353 -0.145572 -0.207046 -0.215851 -0.178751 -0.111603 0.0525521 -0.0556161 5.91451 -1.88081 1.69975 4.34854 -3.44491 -3.20197 0.00221232 0.263874 -1.56048 -0.431154 1.7768 2.04807 -1.03507 5.34941 2.83983 -2.73739 -0.862171 -1.74045 0.125121 -1.28721 1.03217 0.0623804 0.509144 0.513825 -1.01857 0.769161 
5.16577 -0.24113 -0.276113 0.360541 -0.525713 -0.555053 -0.193376 -0.215403 -0.220243 -0.226856 -0.0428818 0.048913 -0.0876889 8.3618 -0.851029 0.473677 3.10547 -3.58599 -4.03922 -0.857489 1.016 -1.26783 0.457449 2.51036 2.16551 -0.456135 0.454319 3.08748 -3.07371 -3.43866 0.60726 0.801513 -1.40682 -0.107463 1.36658 1.01342 -0.750309 -0.811638 1.15703 
5.30034 -0.18078 -0.297685 0.366677 -0.657257 -0.524586 -0.211142 -0.179362 -0.272077 -0.21203 -0.0215158 0.0490167 -0.0854549 9.51779 0.213719 -1.03122 0.834971 -2.51846 -4.01328 -1.31847 1.35992 -0.446395 0.745648 1.91286 1.71028 0.266859 -1.95217 2.14902 -2.68569 -5.08894 2.77712 0.0469809 -1.2722 -0.609126 2.76771 1.52405 -1.16951 -0.164889 1.53073 
5.40752 -0.156474 -0.338599 0.389766 -0.695631 -0.600007 -0.244359 -0.175228 -0.267497 -0.161042 -0.00293425 0.0679409 -0.0734776 9.06152 1.35449 -2.4074 -1.94151 -1.49713 -2.84057 -1.36574 1.19679 1.01338 1.60844 0.732346 0.795865 1.02278 -2.30576 1.10906 -2.07323 -5.91199 3.95916 0.170737 -0.599217 -0.27072 3.21833 1.7496 -1.55548 -0.37988 1.43365 
5.54348 -0.12521 -0.384795 0.341405 -0.688539 -0.705635 -0.283215 -0.164982 -0.227763 -0.151832 0.0493241 0.12327 -0.0636279 7.37999 2.44631 -3.46666 -4.40774 -0.768871 -1.30414 -1.75167 0.442934 2.85538 3.15039 0.0816639 -0.147901 1.30627 -1.85535 0.434969 -1.23036 -5.47368 2.84032 2.19742 0.505255 -0.351556 2.948 2.10482 -2.02891 -1.56846 0.924591 
5.69316 -0.0817338 -0.474787 0.206135 -0.645735 -0.775954 -0.365686 -0.142246 -0.198207 -0.089222 0.0620878 0.158751 -0.0135873 5.95447 2.60012 -3.77951 -6.71471 -0.208066 0.62495 -1.33342 -0.40743 3.69927 4.48462 -0.227039 -0.880872 1.2031 -1.89767 0.405202 -0.42105 -3.2894 0.0995768 4.73192 1.18737 -1.43589 2.24997 2.48734 -1.32249 -2.65252 -0.361748 
5.79888 -0.0436302 -0.560296 -0.00730679 -0.557939 -0.793054 -0.358924 -0.131203 -0.0497559 -0.0557435 -0.030961 0.135432 0.06946 5.27953 2.33503 -3.63928 -7.71842 -0.337967 2.70017 -0.697154 -1.42652 3.86012 5.15732 0.0991027 -1.54518 0.749429 -1.96443 0.0133477 0.669255 -0.776394 -2.50314 6.14019 1.48463 -2.42296 -0.0517739 2.29396 0.68978 -2.36575 -1.73927 
5.82591 0.0219848 -0.647255 -0.180264 -0.519605 -0.700253 -0.344021 -0.110146 0.056449 0.105216 -0.0891121 0.0352965 0.0782454 4.60786 1.93977 -2.94487 -7.96715 -1.27477 4.78805 0.40765 -2.17298 3.33348 5.033 0.604147 -2.1476 0.313277 -1.2324 -0.946467 1.81607 1.52091 -3.63812 4.87931 1.78686 -2.68768 -2.2888 0.245288 2.53676 -0.837798 -2.05569 
5.87913 0.0798704 -0.684028 -0.32628 -0.631224 -0.522445 -0.366281 -0.207581 0.161992 0.263694 -0.0680473 -0.0401211 0.0540714 3.68873 1.42692 -2.04446 -7.19334 -2.42768 6.23822 1.64459 -2.63589 2.42052 4.34213 1.05064 -2.56675 -0.0541238 -0.675194 -1.68925 2.37478 2.85447 -2.77149 1.81264 2.26385 -1.27679 -3.61623 -2.57603 2.79611 0.664901 -1.20698 
5.94725 0.103788 -0.733031 -0.426227 -0.717918 -0.328444 -0.341616 -0.337082 0.172548 0.380353 -0.00158287 -0.0911701 -0.000692888 2.73424 0.750689 -0.905399 -5.84904 -3.02298 6.56982 2.83536 -2.77904 1.17699 2.9726 1.55127 -2.51041 -0.415304 -0.838608 -1.81842 2.42062 3.04685 -0.71787 -1.5787 2.35009 0.838716 -3.33563 -4.54773 1.29577 1.35026 0.232816 
6.01442 0.079313 -0.718947 -0.520492 -0.785225 -0.163736 -0.27637 -0.401325 0.104377 0.414881 0.098732 -0.105386 -0.034494 2.04696 0.0205927 0.096544 -4.52813 -2.87872 5.92723 3.36654 -2.80428 -0.132652 1.657 1.96957 -1.8509 -0.536745 -1.44238 -1.32503 1.77939 2.4192 1.63655 -3.7721 1.64621 1.9062 -1.65276 -4.40612 -0.861014 1.32473 1.18131 
6.05918 0.0514422 -0.664147 -0.559674 -0.887398 -0.100825 -0.157775 -0.424701 0.0784546 0.357525 0.152154 -0.128618 -0.0196089 1.42454 -0.573775 0.885926 -3.63533 -1.9253 4.22108 3.50505 -2.37621 -0.846016 0.241886 1.743 -0.66905 -0.244607 -1.87002 -0.55956 0.805341 1.26847 3.4126 -4.22114 -0.0679995 1.76957 -0.152374 -2.19208 -2.06958 1.45228 1.07691 
6.05305 0.049717 -0.653121 -0.564489 -0.950992 -0.0600373 -0.0698783 -0.420317 0.0637803 0.294543 0.157705 -0.150866 -0.000931105 0.611412 -0.826566 1.2737 -2.9719 -0.531252 1.85478 3.55813 -1.36127 -1.21305 -0.592087 0.973385 0.430937 0.12062 -1.59742 0.0229376 0.132843 0.136829 3.68495 -3.91703 -1.48386 0.980223 0.67763 0.290153 -2.07677 1.91965 0.489074 
6.03565 0.0213386 -0.614342 -0.599979 -0.884294 -0.0726523 0.0107684 -0.414456 0.0142887 0.227262 0.146077 -0.155855 0.00644853 0.0304585 -0.708548 1.16153 -2.35544 0.644698 -0.364027 3.08066 -0.421636 -1.10179 -0.727161 0.272772 1.11293 0.31035 -0.849634 0.530799 -0.651409 -0.0563063 2.46238 -3.3006 -2.01755 0.620965 0.779915 1.87718 -1.22349 1.93075 -0.166586 
6.03838 -0.00983436 -0.593519 -0.672087 -0.801847 -0.0700554 0.0224555 -0.475768 0.0213305 0.257255 0.133728 -0.119196 0.0213517 -0.152628 -0.416373 0.543608 -1.61611 1.51599 -2.04911 2.14314 0.188904 -0.665572 -0.378065 -0.0980138 1.30381 0.0779605 0.0315533 0.806173 -1.24894 0.816219 0.613931 -2.71007 -1.70545 1.06878 0.432711 1.71365 -0.046433 0.901682 -0.745734 
6.00875 -0.00555701 -0.569456 -0.731866 -0.748333 -0.138096 0.0128732 -0.459623 0.03972 0.277147 0.106734 -0.0289472 0.0296721 -0.101624 -0.0703479 -0.3287 -1.09233 2.45851 -3.02576 0.729912 0.783846 -0.356681 0.187966 -0.200883 1.35947 -0.438927 0.795599 0.801293 -1.81394 1.8401 -0.378711 -1.66333 -1.55281 1.36331 0.245423 0.718263 0.743667 -0.762199 -1.12928 
5.97975 0.00733706 -0.56345 -0.754152 -0.73369 -0.255395 0.0658349 -0.421333 0.0159143 0.304455 0.0780825 0.0346607 0.0270153 -0.0504227 0.36963 -1.04974 -1.04529 3.7903 -3.83107 -0.686289 1.49189 -0.381181 0.780389 -0.369077 1.43801 -1.01997 0.868055 0.734467 -1.97092 1.59669 0.789214 -0.458303 -2.22579 1.44361 0.0627091 -0.0344087 0.641962 -1.59651 -1.32132 
6.00974 0.02402 -0.621519 -0.726846 -0.702212 -0.329567 0.0634881 -0.396162 -0.00657232 0.330892 0.110801 0.0242745 0.000551334 -0.0894356 0.731359 -1.4594 -0.768127 4.70981 -4.30163 -2.17148 2.39078 -0.137615 0.634022 -0.702327 1.35983 -1.33588 0.125641 0.486276 -1.01138 0.31218 2.71627 0.12287 -2.94816 1.49436 0.0980633 -0.698023 -0.468012 -1.00501 -0.931648 
6.05671 0.0237003 -0.671073 -0.671336 -0.687757 -0.390417 0.025086 -0.363704 0.0193295 0.322912 0.15489 -0.0185927 -0.0499031 -0.085947 0.87505 -1.65161 -0.0498134 5.22647 -4.27004 -3.19154 3.01611 -0.0268971 -0.200539 -1.15889 0.968465 -1.54466 -0.694094 0.226029 0.220035 -0.565279 3.37077 0.426327 -2.88079 1.1199 0.181155 -1.21085 -1.73776 0.142671 -0.119453 
6.05864 0.0477342 -0.736787 -0.668673 -0.578276 -0.434689 -0.0837253 -0.293955 0.034407 0.319625 0.135594 -0.0164827 -0.0910788 0.204782 0.728138 -1.68243 0.671955 5.58097 -3.85283 -4.03467 3.06767 0.365538 -0.991735 -1.76576 0.251586 -1.4677 -0.647142 -0.240528 1.17942 0.0419318 1.71441 0.477826 -1.64228 0.332581 0.561584 -1.77971 -2.22002 0.337068 0.70632 
6.01379 0.0981662 -0.771931 -0.775921 -0.301505 -0.53823 -0.184549 -0.209618 -0.0340302 0.374103 0.0617011 0.0405008 -0.139869 0.367393 0.538177 -1.32825 1.02876 5.55561 -3.57306 -4.63897 2.80097 1.10683 -1.52093 -2.13484 -0.0847711 -1.02692 0.252542 -0.768955 1.3846 1.56645 -1.61465 0.624569 0.0315427 -0.879163 1.43566 -1.90038 -1.32356 -0.480461 1.36624 
5.98755 0.0924415 -0.734813 -0.766436 -0.178611 -0.614878 -0.318362 -0.113615 0.0232081 0.272278 -0.00911577 0.0714102 -0.127001 -0.0758667 0.415279 -0.535901 1.29421 4.68176 -3.37254 -4.52994 2.5204 1.67526 -1.99164 -2.20978 0.15436 -0.327134 0.651646 -0.719929 1.01709 2.08234 -3.94148 0.683509 1.42344 -1.7552 1.60907 -0.852835 0.433386 -0.934029 1.49309 
6.00355 0.0840862 -0.749347 -0.662271 -0.169597 -0.612282 -0.365008 -0.112657 0.0417176 0.178765 -0.0671135 0.054921 -0.140958 -0.896133 0.424295 0.0542574 2.08412 3.04588 -2.9343 -3.86601 2.08988 1.88765 -2.44294 -1.70106 0.34532 0.464746 -0.407015 -0.186816 0.811972 1.60368 -4.57993 0.496448 1.93802 -1.48297 1.16901 0.144635 2.13663 -0.394295 1.46437 
6.06392 0.0660885 -0.768779 -0.586846 -0.134523 -0.654029 -0.429328 -0.104008 0.110202 0.13999 -0.142555 -0.0195872 -0.125006 -2.02918 0.46764 0.56458 3.24802 1.01882 -2.26705 -3.12444 1.94702 1.76913 -3.05788 -0.700277 0.192816 1.35583 -2.65984 0.588407 0.72103 1.08405 -3.84973 0.789156 1.70545 -0.263032 -0.343887 0.16271 3.07723 0.657939 1.38443 
6.07531 0.0689602 -0.746423 -0.582053 -0.129549 -0.749334 -0.470588 -0.110814 0.196648 0.151311 -0.118433 -0.0123658 -0.0810377 -3.22675 0.406583 0.857522 4.59349 -1.08868 -1.00769 -2.83605 2.31982 1.15797 -3.57092 0.290314 -0.118575 2.13907 -4.19977 0.795329 0.526963 1.42181 -2.55039 1.90497 0.687541 1.42054 -2.29602 -0.678985 2.49878 0.74904 1.18423 
5.97673 0.0882378 -0.688631 -0.539583 -0.205282 -0.775332 -0.479324 -0.0749423 0.222418 0.100336 -0.0653737 0.0561414 -0.0406454 -4.29014 0.000644341 1.17619 5.4655 -1.99331 0.225213 -2.67845 2.47585 0.146659 -3.41898 0.559118 -0.0553223 2.39906 -3.50381 -0.188791 0.387755 2.16414 -1.12112 2.94484 -0.612382 1.98201 -3.03351 -1.20525 0.572969 -0.0227149 0.736635 
5.84425 0.120588 -0.697888 -0.388955 -0.303032 -0.75317 -0.473956 -0.0572984 0.213147 0.0211125 0.0037757 0.062452 -0.0014561 -5.08849 -0.995565 2.20909 5.45049 -1.73831 0.900385 -2.39777 2.31533 -0.541204 -3.60654 0.675678 0.197427 2.64516 -1.1268 -2.0212 1.08585 1.35613 0.819625 2.74234 -0.903509 0.822971 -2.42167 -0.840176 -1.39291 -0.499392 0.0953108 
5.66597 0.153712 -0.674995 -0.280375 -0.319102 -0.725757 -0.540904 0.0587629 0.152968 -0.0872661 0.0449271 0.0397139 0.0859116 -6.24287 -1.96016 3.44497 4.75367 -1.30335 1.63643 -1.66783 1.94185 -1.34627 -3.64771 0.569691 0.734854 2.42054 0.75843 -3.39786 2.26962 -0.998603 2.23392 1.34042 0.361353 -1.44087 -0.785934 0.346228 -2.2348 0.0248456 -0.796559 
5.54974 0.130071 -0.64818 -0.14057 -0.383899 -0.606224 -0.659683 0.206109 0.0443729 -0.160228 0.0390076 0.0119316 0.144374 -7.22 -3.34392 4.91807 3.3612 -1.00651 2.66541 -0.894358 1.60885 -1.62404 -3.45997 0.427891 0.756016 1.62395 0.462027 -3.62721 3.57173 -4.14483 2.32246 -0.121156 2.42431 -3.0782 1.03735 1.30626 -1.1196 0.878184 -1.7047 
5.51212 0.00139537 -0.575666 0.00715209 -0.380552 -0.526295 -0.710339 0.171509 0.0323735 -0.182044 -0.0732201 0.0414666 0.13341 -7.98935 -5.47821 6.33525 2.15558 -0.712364 4.17376 -0.152878 0.944425 -1.46194 -2.96675 0.76526 0.683282 0.872254 -1.68631 -3.21069 3.80023 -5.36073 0.745295 0.580686 3.41724 -2.50948 1.55949 1.4117 1.39037 0.970615 -1.97135 
5.48576 -0.163209 -0.39444 -0.0306901 -0.264023 -0.566935 -0.643751 0.067649 0.0582881 -0.278674 -0.0564901 0.0504456 0.182174 -8.52451 -7.53177 7.67455 1.49332 -0.250407 4.31392 0.317298 0.425014 -0.0461847 -2.45268 0.187375 1.08767 -0.23839 -3.33027 -2.7279 2.43837 -2.86442 -1.08082 1.65512 2.12445 -0.510564 2.09766 1.23248 1.82575 0.590083 -2.22833 
5.2513 -0.208775 -0.240434 -0.147415 -0.251652 -0.542976 -0.554476 0.0585303 0.0146211 -0.262923 -0.0514735 0.136985 0.159236 -8.57725 -8.7863 8.34802 0.659133 -0.0368665 4.47227 1.7081 -0.0010549 0.189651 -1.91857 0.256464 1.45118 -1.17557 -2.12984 -2.43005 0.542712 0.639758 -1.29119 1.82882 0.59979 1.1734 1.47226 0.47334 0.942152 -0.0844051 -1.67384 
5.03209 -0.364284 -0.0296091 -0.286893 -0.35054 -0.400232 -0.510558 0.100632 0.0540641 -0.267648 0.0377849 0.12157 0.071349 -8.47313 -9.08302 8.12032 0.114255 1.10678 3.90244 2.07058 -0.493056 0.722945 -1.34698 0.67009 1.28037 -1.77992 0.794367 -1.0129 -1.7506 3.02198 0.922266 -0.102374 -0.698873 1.03917 0.41732 0.253512 -0.706658 -0.41512 -0.720724 
4.81184 -0.663098 0.113257 -0.171184 -0.411436 -0.097807 -0.487289 0.077447 0.0419406 -0.307342 0.172509 0.124359 0.0767022 -8.71585 -8.16993 6.94516 0.0200649 1.50727 3.77636 1.94143 -0.625992 0.366495 -0.741154 0.793176 0.842922 -1.85978 2.89277 1.98299 -3.36984 1.93551 3.00047 -2.69206 -0.905007 -0.366778 -0.826109 0.753685 -1.89035 -0.699248 0.067777 
4.67775 -0.850027 0.236466 0.014286 -0.345288 -0.244479 -0.548371 0.115925 0.284464 -0.353071 -0.0498923 0.192186 -0.0240906 -9.92282 -6.13645 4.66798 1.23254 2.13099 3.59357 1.36465 -1.07502 -0.547911 -0.564678 0.188716 0.0609495 -1.93371 1.20173 5.16594 -4.55184 -0.150365 3.45084 -2.43685 -0.501726 -2.13279 -2.96613 0.870398 -0.734069 -1.55429 1.0132 
4.63921 -0.925274 0.312857 -0.0785146 -0.320206 -0.134918 -0.342186 0.164922 0.016585 -0.362385 0.0292846 0.208089 -0.0255713 -11.989 -2.54766 2.36704 2.3059 2.73064 2.46654 0.711179 -2.12013 -1.82779 -0.43962 -0.0829001 -0.796057 -1.51211 -4.22731 8.16199 -4.95218 -0.17236 1.74557 -1.89462 -1.27452 -3.10287 -2.9412 0.804009 -0.256104 -1.92323 1.07756 
4.60002 -0.988691 0.311633 -0.0643018 -0.0718863 -0.196666 -0.482638 0.0589179 0.117033 -0.313415 0.0703569 0.139344 -0.0576041 -12.5537 0.787661 0.81835 2.40465 2.78482 0.995975 0.21078 -2.69591 -3.03725 -0.185747 -0.337201 -1.66317 -0.862827 -7.04193 8.45768 -3.46037 0.226885 -1.7371 -0.814651 -0.898355 -2.00257 -2.9437 0.0937268 0.245499 -1.95334 1.01583 
4.3921 -0.942289 0.287906 -0.072368 -0.114874 -0.102873 -0.442508 -0.0354592 0.0213568 -0.270191 0.0114789 0.132317 -0.0354379 -7.08374 3.37208 -1.55353 0.253431 1.81773 -0.58542 0.118773 -1.75317 -3.41482 0.653172 -0.330526 -2.09016 -0.447313 0.936987 5.51994 -2.52579 -0.828783 -3.60573 -1.42562 -0.617791 1.06378 -1.0679 0.169189 0.668088 -1.18484 0.801233 
3.90865 -0.769437 0.15578 0.0866968 0.00400615 -0.0911254 -0.436799 -0.131625 -0.108887 -0.377749 -0.0370052 0.0393646 -0.0652034 -0.445345 5.08248 -3.31626 -0.524838 0.0778239 -1.8194 -0.226391 -1.1176 -3.28066 1.41336 0.0979989 -2.0111 0.309662 15.6922 1.15092 -1.60449 -2.73504 -4.68571 -3.36811 -0.346352 3.96617 1.91254 1.43246 0.259122 0.63316 0.788513 
3.32592 -0.367563 0.106167 0.119107 -0.0515323 -0.167593 -0.470823 -0.226604 -0.267964 -0.318742 0.0343468 0.00885684 -0.0519294 6.11653 6.13117 -4.80744 -0.0264222 -2.16632 -3.41417 -0.774846 -0.135931 -1.89526 1.78859 -0.221073 -1.27754 0.66632 26.8557 -2.78151 -1.97313 -2.86608 -4.41487 -3.57765 0.230067 4.95914 3.59536 1.83941 -0.0314153 2.1954 0.847386 
3.45442 -0.42506 0.226876 0.0588085 -0.150243 -0.183587 -0.500917 -0.171436 -0.277337 -0.316244 0.0551141 -0.112241 -0.0248611 12.3499 6.3243 -5.63438 -4.41298e-05 -4.59496 -4.17381 -0.439834 1.39915 -1.38442 1.8827 -0.0635715 -0.22448 0.876654 23.4284 -2.62603 -2.77619 -0.20655 -3.21557 -2.92648 -0.0670545 3.16267 3.88192 1.36302 -0.321771 3.31344 0.489752 
4.78789 -0.472472 -0.125624 -0.277779 -0.256597 -0.299879 -0.440327 0.098074 -0.19166 -0.177406 0.0354322 -0.0452491 -0.0194693 17.6486 5.31357 -5.63514 -0.155595 -5.50095 -5.01537 -0.303196 2.31878 -0.000585772 1.98459 0.280123 0.64908 0.841267 5.59788 -0.947559 -0.539816 3.21844 -1.90589 -0.614129 0.144503 -0.212243 1.9133 -0.430018 -0.127353 2.65375 0.0167118 
5.29425 -0.344504 -0.175925 -0.076899 -0.350196 -0.565967 -0.515145 0.0496251 -0.110003 -0.124913 -0.0280988 0.0360729 0.0364999 20.5889 3.77766 -5.03025 -0.425432 -6.22558 -4.88209 0.0584759 2.68292 1.01425 2.22789 0.370255 1.48387 0.788567 -9.52672 -0.409035 1.47588 2.67623 -0.0324541 2.11299 0.802287 -1.69178 -0.14134 -1.59903 0.590481 0.855908 -0.745354 
5.56333 -0.196624 -0.334344 0.0340053 -0.54363 -0.589867 -0.496579 0.0810952 -0.138332 -0.118382 0.0128517 0.0928414 0.0523609 19.4679 2.46745 -4.49008 0.0384653 -5.84803 -3.97208 0.39517 2.25716 1.52685 1.89282 0.141313 1.75134 0.527835 -15.6689 -1.08818 3.4827 0.273876 1.70359 3.13028 0.931865 -2.17336 -0.80048 -1.22221 0.625224 -0.77438 -0.946764 
5.75078 -0.153104 -0.406473 0.0369266 -0.670692 -0.604379 -0.520495 0.149495 -0.127823 -0.118349 0.0487099 0.128003 0.0367436 13.5825 2.46882 -3.50531 0.601143 -4.97914 -2.92199 0.624531 1.07409 1.19837 1.61758 0.215254 1.67562 0.346087 -12.8547 -2.20918 3.84607 -1.58463 2.72013 2.99216 0.871376 -1.86012 -0.633384 -0.371405 0.0417332 -1.75566 -0.559456 
5.844 -0.181756 -0.378233 0.00253852 -0.688052 -0.665042 -0.4391 0.124281 -0.0712368 -0.116607 0.0487742 0.149037 0.0309333 5.73306 2.03396 -1.45714 0.908704 -3.6107 -1.70703 0.740081 -0.145416 0.613835 1.02002 0.271554 1.02991 0.0940912 -7.02958 -1.63978 2.1912 -1.92635 2.85993 1.90425 0.202101 -1.07744 -0.558485 0.34585 -0.497904 -1.45333 -0.149261 
5.82528 -0.169318 -0.369627 0.000760072 -0.743017 -0.655667 -0.42212 0.119721 -0.0909578 -0.0860821 0.0535852 0.150553 0.0210315 2.23254 0.966669 -0.519002 -0.306675 -1.88417 -0.838429 1.13284 -0.155398 0.307344 0.517233 0.228208 0.578279 -0.172957 -3.90456 -0.691253 1.27156 -0.632906 2.92403 0.264724 -0.311742 -0.723985 -0.399137 -0.214945 -0.693372 -0.666482 0.163753 
5.77255 -0.135715 -0.385034 0.00364455 -0.773108 -0.614369 -0.430404 0.0812478 -0.0817938 -0.0501996 0.0449486 0.12947 0.0203478 0.0256443 0.197861 0.323347 -0.372617 -0.375455 -0.326587 0.689873 -0.186258 0.0889918 0.106887 -0.253768 0.202513 -0.0153757 -1.76994 -0.394677 0.383204 0.301941 2.43537 -0.149354 -0.586169 0.413817 -0.594712 -1.20289 -0.541328 0.0474554 0.262636 
5.77587 -0.151734 -0.34707 -0.0329361 -0.775128 -0.614572 -0.413109 0.0638611 -0.0864412 -0.0271147 0.0519676 0.104336 0.044889 -1.97875 -0.144704 0.930912 -0.00966026 0.785724 0.383044 0.340815 -0.168966 -0.19992 -0.615962 -0.673726 -0.344529 0.359739 -1.42308 -0.558031 0.264503 1.01448 1.95467 0.376815 -0.890686 1.13288 -0.470809 -2.05367 -0.600909 0.0269247 0.380422 
5.7367 -0.134961 -0.345418 -0.059353 -0.707752 -0.665111 -0.389515 0.0584102 -0.0933582 -0.0379069 0.0260037 0.137079 0.0176962 -3.61034 -0.574495 1.2106 0.350835 1.95889 1.27804 0.143847 -0.507408 -0.53999 -1.45096 -1.0446 -0.621087 0.853214 -2.2927 -1.04407 0.663707 1.32317 1.53918 1.72664 -0.627338 0.379544 -0.363622 -2.1772 -0.685166 -0.580592 0.949421 
5.72767 -0.161279 -0.325371 -0.0488942 -0.624665 -0.726713 -0.368101 0.0813646 -0.0849494 -0.11818 0.0184169 0.16419 0.0178328 -4.47897 -1.22979 1.46756 0.331201 2.89595 1.76202 0.185321 -0.705715 -0.679246 -2.00732 -1.05367 -0.585665 1.09102 -3.06117 -1.20561 0.778445 0.706173 1.00918 2.66764 -0.18811 -0.802367 -0.440926 -1.16164 -0.384174 -0.872808 1.05036 
5.65308 -0.168821 -0.33638 0.0445865 -0.654136 -0.590002 -0.465452 0.132528 -0.138308 -0.145879 -0.0160807 0.133863 0.0633543 -5.41715 -1.83159 1.56554 -0.226852 3.09054 2.5054 0.510188 -0.797399 -0.583484 -2.08675 -0.702809 -0.359124 0.892795 -2.63577 -1.24889 0.55474 -1.17411 0.672968 1.9724 1.02379 -1.70445 0.126706 0.231765 0.501934 -0.201899 0.188584 
5.45705 -0.203189 -0.237166 0.0435521 -0.575213 -0.516689 -0.452759 0.125955 -0.127613 -0.23741 -0.0487599 0.0445308 0.104625 -7.9136 -3.6079 2.82024 -0.107705 3.14946 3.75565 0.59391 -0.550521 -0.0828961 -2.32761 -0.0860726 -0.331403 0.195677 -2.48629 -2.34694 1.0491 -1.8463 -0.102821 1.22446 1.31608 -0.860551 0.819492 1.16577 1.64746 0.858992 -1.40686 
5.28937 -0.281037 -0.204681 0.0416717 -0.421284 -0.433914 -0.373887 -0.0372634 -0.150859 -0.295244 -0.0967144 0.0561216 0.166803 -9.92084 -6.1226 3.23768 -0.0160865 3.51773 4.7559 1.31783 -0.157651 0.0770413 -2.1978 0.0767012 -0.170506 -0.415093 -2.984 -4.13659 1.27283 -1.07146 -0.480176 0.721491 1.19953 1.45623 1.18021 1.13753 1.7608 1.30221 -2.76448 
5.24823 -0.333582 -0.195214 -0.00918908 -0.39626 -0.418222 -0.379368 -0.0174011 -0.177147 -0.271988 -0.0426998 0.0898543 0.142663 -10.3999 -8.17145 2.38075 -1.12015 2.79649 5.20136 2.173 -0.347785 0.411615 -1.15439 0.697222 0.33349 -0.930187 -2.68735 -5.52627 0.154823 -0.345004 -0.894939 0.764761 1.2627 2.05405 1.13782 0.909827 1.09907 1.10091 -2.35038 
5.10531 -0.373712 -0.19996 -0.144503 -0.440221 -0.303388 -0.314811 -0.020466 -0.120219 -0.229756 0.0184001 0.120943 0.0739651 -9.10662 -9.30338 1.54249 -1.84788 1.7877 4.23346 2.08156 -0.453382 0.615084 -0.057157 1.61568 0.593663 -1.04912 0.473232 -4.51618 -1.81884 0.233994 -1.54791 -0.358343 0.105274 1.12622 0.132683 1.25427 0.493 0.269732 -0.262108 
4.60166 -0.760442 0.150893 -0.015124 -0.360826 -0.14022 -0.337916 0.0772188 -0.037783 -0.350885 0.0868689 0.0901901 -0.0366703 -5.98198 -8.75978 0.619385 -2.05824 0.317092 3.38377 1.63885 0.0185311 0.247428 0.908321 2.01113 0.547912 -0.821218 7.1272 0.769586 -4.32966 -0.918697 -2.69909 -2.42654 -0.727629 -0.688754 -1.12641 2.20795 0.119791 -0.502651 2.14363 
4.42709 -1.08119 0.0281063 0.0190276 -0.177895 -0.083931 -0.176364 0.134443 -0.106134 -0.362246 -0.0249155 0.145081 -0.0600145 -3.03774 -7.28239 -0.0446708 -1.79076 -0.416072 1.49619 1.04676 1.36353 0.463509 0.857178 1.94416 0.417475 -1.00283 10.9374 6.35867 -3.36018 -0.955127 -3.136 -4.41445 -2.14886 -0.700978 -0.953802 1.59608 0.360757 -0.913056 2.44404 
4.52091 -1.21807 -0.198757 -0.233882 -0.385184 -0.0267917 -0.113858 0.0131513 -0.0587514 -0.204136 0.102755 0.200114 -0.0283303 -0.569521 -5.35836 -0.781507 -1.01061 -0.188105 -0.254541 0.819403 1.91819 0.296126 0.413056 1.10092 0.0456195 -0.590452 9.13779 8.68593 -0.488305 1.17761 -0.616713 -5.14561 -2.22522 1.56773 -0.578838 -0.772889 -0.863082 -1.08495 0.98176 
4.67132 -1.22671 -0.182484 -0.196503 -0.480287 -0.143552 -0.308362 -0.00572238 -0.0933868 -0.131899 0.205912 0.121028 0.0590323 1.60571 -2.72028 -1.53464 -0.133678 0.178915 -1.46585 0.446797 1.05379 -0.728852 -0.0779926 0.253482 0.0684375 0.344201 2.84605 6.97519 1.15693 2.51075 2.26075 -2.94936 -0.202754 1.62688 -0.352206 -2.89354 -2.34714 -0.115708 -0.468694 
4.95832 -1.06476 -0.154213 -0.220913 -0.522808 -0.139095 -0.259558 0.0529287 -0.171579 -0.133642 0.165153 0.0716651 0.0991395 2.81261 0.74957 -2.84392 -0.475691 -0.418779 -2.34352 0.603917 0.346388 -0.884841 0.298533 -0.976727 -0.0626675 1.19518 -4.44659 2.89598 0.87581 2.5214 3.01447 -0.303396 1.1604 -0.160448 -0.0410238 -2.61605 -3.12819 0.528777 -0.426499 
4.98456 -1.01234 -0.167925 -0.166537 -0.404269 -0.377486 -0.261294 0.259516 -0.0473319 -0.270325 0.135708 0.146609 -0.0458814 1.2281 3.1565 -2.64332 -0.214472 -0.554097 -2.77069 0.211422 0.0801715 -0.218661 0.935557 -1.1674 -0.490214 1.04934 -7.36301 0.752174 -1.30918 0.34024 0.907034 2.16314 1.66777 -2.97166 -0.175724 0.984844 -2.27832 0.208013 0.828137 
4.95703 -1.00566 -0.209417 -0.0885382 -0.313661 -0.41194 -0.220835 0.299346 -0.0940698 -0.304505 0.0477008 0.0972857 -0.0127319 1.05316 6.14426 -1.50926 1.24758 -0.00842994 -3.67722 0.190643 -0.178711 -0.445497 0.540129 -1.69884 -0.116825 0.281041 -4.16218 2.52708 -1.21183 -1.12866 -2.23845 1.29881 0.335529 -3.73992 0.404248 3.40033 0.233847 0.273612 0.424516 
4.85212 -0.942622 -0.226508 -0.0333215 -0.283273 -0.291207 -0.212033 0.00390467 -0.261411 -0.347623 0.0152356 0.164079 0.103128 2.99883 7.54728 -1.7525 1.80503 -0.567321 -3.7674 0.770351 -1.35198 -0.186605 0.58644 -1.63637 0.362567 -0.463137 3.74017 4.42283 0.166397 -0.126489 -3.3766 -1.53502 -0.991186 -1.52168 1.16366 3.0357 2.02116 -0.0613448 -1.3188 
4.68967 -0.836777 -0.367436 -0.174948 -0.441253 -0.319586 -0.118464 0.0523125 -0.13639 -0.202428 -0.142348 0.105293 0.158198 4.87648 7.72565 -1.55483 2.22403 -1.41976 -4.16063 0.256329 -2.38683 0.142261 0.98925 -0.916575 0.391398 -0.923929 10.8385 3.97373 1.98614 1.93227 -2.0824 -3.02212 -1.54711 -0.191575 0.538693 0.0476194 2.91741 0.378351 -2.7498 
4.51747 -0.734859 -0.470402 -0.193475 -0.425161 -0.414968 -0.1779 0.0586969 -0.0379355 0.0209401 -0.00823566 0.065712 0.0683454 7.05031 7.65402 -0.991256 2.25754 -2.47623 -3.94911 -0.0100103 -2.91678 -0.104001 1.3266 -0.0906875 0.0681364 -1.12039 11.6783 0.421805 2.5686 2.57234 -0.689651 -2.34374 -0.96336 0.623101 -0.215182 -2.95238 1.78688 0.461487 -2.31192 
5.06702 -0.182317 -0.238877 0.0194566 -0.499662 -0.673858 -0.246907 -0.0156301 -0.175789 -0.130016 0.0225244 0.191213 -0.0318363 8.22532 7.07401 -0.222151 2.30049 -2.91754 -4.15893 -0.173553 -2.38409 0.0111531 1.13362 0.6185 -0.103874 -1.85923 3.46951 -5.15181 1.06863 0.683986 0.495324 0.960743 0.203049 0.853212 -0.498522 -2.32841 0.398489 -0.79508 -0.384311 
5.63988 -0.18269 -0.366368 0.10955 -0.597132 -0.688678 -0.192553 -0.13013 -0.130999 -0.159161 0.0232753 0.160455 -0.058366 7.81557 5.9422 0.668504 2.45601 -2.55914 -4.08031 -0.0258191 -1.45703 -0.311909 0.801553 1.00697 -0.564208 -2.42696 -7.25973 -6.17543 0.878442 -1.31876 1.28181 2.964 0.830334 0.977554 -1.24833 -0.576714 -0.401597 -1.22456 0.899433 
5.71461 -0.219201 -0.318386 0.114072 -0.604628 -0.783961 -0.242529 -0.107755 -0.0882729 -0.149089 0.0387901 0.136758 -0.104232 4.94257 4.72247 1.74722 2.68529 -1.60497 -3.04622 0.293084 -1.64209 -1.45617 0.247431 1.189 -0.720096 -2.19984 -13.4463 -3.70873 0.620793 -2.09987 1.41925 3.38548 1.53348 0.967456 -1.48568 1.23186 -0.759231 -1.29472 1.28925 
5.69073 -0.23226 -0.296222 0.125854 -0.63357 -0.798444 -0.225155 -0.080351 -0.133036 -0.167573 0.0744812 0.114371 -0.129099 -0.724604 3.22487 2.66668 2.06066 -0.924727 -1.23109 0.747156 -1.29513 -1.88979 0.344996 0.596955 -1.43614 -1.31345 -14.5825 -0.304704 1.43516 -1.34719 1.84417 2.85809 0.991697 0.311859 -1.32113 1.98716 -0.405244 -1.01232 1.15781 
5.59133 -0.216758 -0.263202 0.146938 -0.655643 -0.77063 -0.188686 -0.106244 -0.188355 -0.137782 0.0594448 0.0691801 -0.140477 -7.76414 0.878352 3.04146 0.926163 0.20576 1.58118 0.917943 -0.283127 -1.89774 1.45074 0.460991 -2.30605 -0.382583 -10.9545 1.1888 2.31442 -0.422298 1.88059 3.00374 0.0928048 0.43466 -0.821761 1.26997 -0.2326 -0.577975 1.28106 
5.38124 -0.164165 -0.20477 0.155949 -0.631818 -0.753739 -0.143288 -0.14888 -0.274743 -0.0966943 0.0702095 0.0393963 -0.162785 -12.0916 0.168106 3.86166 0.323507 1.26133 3.6105 1.18573 0.593637 -2.25268 1.70181 0.209549 -2.67581 0.38009 -5.6616 -1.09885 1.41718 -0.472358 1.70337 4.11302 -0.271598 1.32318 0.515342 0.520308 -0.3116 -0.817698 1.63326 
5.00261 -0.0545674 -0.135228 0.16649 -0.600403 -0.751237 -0.0921111 -0.169665 -0.316033 -0.0463583 0.0648055 0.0175435 -0.146412 -12.6138 -0.924837 3.02716 -0.161792 2.10646 4.83616 1.82514 1.36325 -2.00244 1.57243 -0.557725 -2.69882 0.973839 0.775394 -3.88596 -0.56805 -1.0039 1.57974 3.75974 -0.0619034 2.50291 1.32422 -0.525993 -0.854254 -0.540863 1.38322 
4.54476 -0.0343275 0.0239381 0.179998 -0.55069 -0.63551 -0.1453 -0.140561 -0.308307 0.010386 0.0806615 -0.0856462 -0.112814 -11.79 -2.10472 1.46101 -1.1357 2.39659 4.87068 1.41885 1.294 -1.15299 1.51903 -0.82531 -2.00314 1.5171 6.71278 -4.72718 -3.94476 -1.81202 0.666773 1.10205 0.41798 1.64978 1.55889 -1.24536 -1.14368 0.956998 0.863224 
4.38069 -0.173341 0.114318 0.164428 -0.485604 -0.345976 -0.148536 -0.0305006 -0.367936 0.0364237 0.0827928 -0.122373 -0.0571341 -10.7197 -3.46518 -0.719556 -2.53468 1.84658 4.12148 0.702115 1.53431 -0.476181 1.00055 -0.701968 -1.13169 2.00672 7.48899 -3.14398 -6.46566 -2.69534 -1.04758 -3.27563 -0.150768 -0.344727 1.62423 -1.34521 -0.723815 2.36262 0.297944 
4.33758 -0.314572 0.0824466 0.120699 -0.426318 -0.200857 -0.0306851 0.00629915 -0.364866 0.0153234 0.0382302 -0.201231 -0.00532529 -8.53481 -4.33906 -2.56952 -3.55936 1.06588 3.5768 0.406841 1.87143 0.43717 0.764389 -0.254001 -0.470471 2.07144 4.44064 -0.352388 -5.96036 -2.78898 -2.55338 -5.3131 -1.37064 -1.48221 1.40683 -0.576434 0.852245 2.98663 -0.274548 
4.39046 -0.442844 -0.0915332 0.0627322 -0.338753 -0.264994 0.0483322 0.128117 -0.316829 -0.00702489 -0.0877398 -0.174206 -0.00776626 -5.83776 -4.35344 -3.76471 -3.60577 0.832881 2.55751 -0.128126 1.227 0.342437 -0.350707 0.0593454 -0.147528 1.3477 0.61161 2.25733 -2.33248 -1.15173 -2.60127 -3.88262 -2.18884 -2.2007 0.236415 -0.629433 2.2924 1.58443 -0.972325 
4.32119 -0.483977 -0.265716 -0.076777 -0.403539 -0.337757 -0.0904015 -0.045002 -0.26689 0.037413 -0.009965 -0.0485819 0.0495939 -3.62568 -3.33176 -4.78793 -3.36327 0.486301 0.999933 -0.0931552 0.448725 -0.124426 -1.34425 0.123842 0.648724 0.832565 -0.286791 3.36226 1.60192 1.52559 -0.771726 -0.935213 -0.957748 -1.01584 -1.2978 -1.48834 1.63946 -0.451369 -1.60312 
4.0643 -0.578994 -0.433856 -0.245483 -0.527125 -0.404032 -0.151698 0.013818 -0.298752 -0.00912596 0.0309642 -0.0229863 0.105723 -3.08768 -1.60109 -4.53629 -2.54465 0.504969 -0.0386722 -0.117454 -0.270297 -0.183638 -2.0263 0.32472 1.1899 0.238553 1.60651 3.57839 3.86391 3.829 1.74673 1.46507 0.854388 -0.540972 -1.8472 -2.03642 0.0605332 -0.974784 -1.78576 
4.06062 -0.563409 -0.42689 -0.271098 -0.530595 -0.289064 -0.0735549 0.0939302 -0.211896 0.0638274 0.120037 -0.053398 0.0724282 -3.30492 -0.0999508 -3.41304 -1.40517 0.784534 -0.295578 -1.08601 -0.779378 -0.0631813 -1.74563 0.69184 1.23396 -0.525487 1.87677 2.75721 3.30242 3.97425 2.71965 0.963468 0.786317 -0.694092 -1.11127 -1.41914 -1.37267 -0.427514 -1.31787 
4.06857 -0.500938 -0.377157 -0.142306 -0.392189 -0.308442 -0.161442 -0.0481175 -0.361818 -0.156864 0.0880736 -0.131381 -0.0435772 -3.806 0.983196 -1.93929 -0.516005 1.20459 -0.207717 -1.54892 -0.670353 -0.340457 -1.80164 1.03525 1.38453 -0.431888 0.3138 1.35243 1.53232 1.76414 1.64319 -0.347407 -0.182092 0.378209 0.845852 0.922308 -1.03995 1.14737 0.21466 
4.09245 -0.463113 -0.464189 -0.157816 -0.399945 -0.334815 -0.0874675 -0.0304081 -0.425006 -0.204438 0.0370823 -0.0284315 0.0179102 -3.76978 1.69465 -0.726942 0.809758 2.14927 -0.491009 -1.55617 -0.289257 -0.299495 -2.27146 0.566331 1.0848 -0.65294 -1.92843 0.297562 0.726677 0.157414 0.43122 -1.47426 -2.07326 0.36178 1.89927 1.76591 0.253936 1.0765 0.808518 
4.0187 -0.413303 -0.426673 -0.111748 -0.32066 -0.245626 -0.0346372 -0.0171602 -0.359995 -0.237015 0.0444266 0.0252916 -0.00272552 -3.56067 1.99155 -0.479322 0.934905 2.98531 -0.0118413 -1.28827 0.0700515 0.485651 -1.99318 0.522505 1.07857 -0.969006 -2.47232 -0.553894 -0.218107 -1.22498 -0.257947 -1.22184 -1.74515 1.23448 1.69789 1.22272 0.92316 0.020815 0.60254 
3.90347 -0.391662 -0.434396 -0.085008 -0.279286 -0.314647 -0.23899 -0.0714004 -0.253463 -0.0907319 0.0742645 -0.0253411 -0.0873106 -4.31839 1.75318 -0.74847 0.38783 3.02497 -0.332674 -1.18824 0.590527 1.01038 -1.87322 0.0688248 1.25358 -0.598664 -1.04693 -0.644403 -0.458186 -1.44092 0.0105764 0.316316 0.884716 1.71077 0.890626 -0.496977 0.326708 -0.646926 0.241806 
3.76709 -0.374201 -0.444113 -0.155284 -0.26669 -0.402022 -0.282507 0.0269013 -0.328115 -0.180314 0.121907 0.124114 0.0547939 -4.67444 1.54375 -0.831636 -0.724427 2.73257 -0.18801 -0.949438 1.09261 1.74403 -1.02734 -0.155425 1.42932 0.0513549 0.643746 -0.399956 -0.500898 -1.26829 0.390443 1.46163 2.24805 0.655971 0.331655 -0.877993 -1.0989 -1.17157 -0.37328 
3.69269 -0.321693 -0.423627 -0.0426713 -0.205084 -0.46493 -0.330321 -0.0522028 -0.299414 -0.304744 0.0972081 0.0590966 -0.00578784 -4.86958 1.04484 -0.300601 -0.898848 2.83524 0.524684 -0.794724 0.945719 1.35633 -1.21784 -0.441116 0.938057 -0.0299353 1.22155 -0.618907 -0.0674381 -1.4254 0.0236803 2.19751 2.54286 0.162943 -0.513257 0.0596695 -1.76283 -0.259652 0.305451 
3.64806 -0.343624 -0.530104 -0.19479 -0.117845 -0.233345 -0.182777 0.113669 -0.171438 -0.247693 0.152499 0.0337646 -0.100747 -4.51455 0.71959 -0.242864 -1.24845 2.45829 0.93835 -0.23261 0.320533 0.295887 -1.72862 -0.819735 1.03616 0.285711 0.805573 -0.509416 1.19232 -0.147537 -0.569945 1.07052 0.692128 -1.81413 -1.95516 0.0223272 -1.60132 0.556373 0.980224 
3.55919 -0.323586 -0.515218 -0.181466 -0.0910344 -0.324399 -0.17122 0.120104 -0.172853 -0.300379 0.0394904 0.0676694 -0.0368913 -3.99404 0.363025 0.210932 -1.59344 1.89382 1.92264 0.635997 -0.378711 -0.618579 -1.65945 -0.81043 1.37656 1.03999 0.40568 -0.69416 1.56617 0.244843 -1.27175 0.79092 -0.786652 -2.78856 -2.68043 0.53005 0.151337 0.876977 1.21536 
3.53793 -0.271978 -0.497771 -0.274738 -0.0606886 -0.331826 -0.239085 0.0419374 -0.197715 -0.282901 -0.012361 0.128526 0.0389927 -3.64092 -0.0649789 0.913874 -1.43085 1.40896 2.49945 0.299216 -0.961618 -0.802292 -0.281587 -0.950166 0.937724 1.12807 0.00168324 -0.936096 1.506 0.669127 -1.60094 0.570236 -0.973758 -1.81784 -2.13411 1.02507 1.34915 0.479775 1.11739 
3.43754 -0.349578 -0.424107 -0.20218 -0.0174498 -0.176287 -0.191631 0.0442543 -0.287107 -0.352817 -0.020867 0.104739 -0.00718669 -3.97804 -0.730545 1.08346 -1.58563 0.940535 2.68176 0.165133 -1.27571 -0.905184 0.626447 -0.966043 1.00234 1.67057 -0.215275 -0.819257 0.480807 0.260539 -1.24548 0.0559575 -0.77644 -0.662808 0.276379 2.17318 1.21291 -0.511304 0.622025 
3.38747 -0.315606 -0.445379 -0.241555 -0.0339763 -0.185039 -0.189796 -0.0743627 -0.35763 -0.422405 -0.00759494 0.182421 0.0242859 -4.46726 -1.1958 1.63686 -0.87044 0.686695 1.67352 -0.0931503 -2.13729 -0.647964 1.24798 -0.740441 0.455579 1.68994 -0.824271 -1.15464 -0.124285 0.0539126 -0.198275 -0.433806 0.117164 0.901429 2.6341 3.03062 0.465275 -1.71391 -0.292072 
3.34479 -0.348821 -0.388557 -0.318924 -0.0884712 -0.116426 -0.204793 -0.120426 -0.385555 -0.291188 0.0690363 0.228556 0.161332 -4.0736 -1.49716 2.41249 -0.523214 0.294716 1.41865 0.466108 -1.84218 0.197083 2.15156 -0.151671 -0.393189 1.03096 -0.631568 -0.751183 0.373429 0.831824 0.42552 -1.93756 0.98028 1.14951 3.28288 1.77409 -0.606434 -2.28008 -1.44168 
3.2785 -0.377611 -0.307087 -0.277245 -0.0622402 -0.099718 -0.293237 -0.0493578 -0.342423 -0.160412 0.000631293 0.147855 0.141529 -4.22006 -2.1424 2.44669 -0.594022 -0.64918 1.10994 1.02073 -1.31381 1.28639 2.26979 0.13483 -1.24075 0.601 -0.0050106 -0.58692 0.594454 0.420102 -0.4605 -1.83595 1.81698 0.513443 2.47603 -0.285765 -0.116425 -1.79088 -1.6619 
3.12017 -0.455314 -0.396454 -0.316805 -0.0196132 -0.0353938 -0.201728 -0.0995195 -0.251142 -0.183312 -0.0463662 0.130196 0.134713 -3.57299 -1.99327 2.64867 -0.224006 -1.11153 0.00918503 1.56698 -1.24306 1.36579 2.24198 0.162664 -1.61299 0.00411893 1.4138 -0.0452614 1.33327 0.78006 -1.62473 -1.46727 1.76003 0.210749 -0.0981153 -1.67686 0.625183 -0.905097 -1.64788 
3.01341 -0.491152 -0.314191 -0.280457 0.018794 -0.162738 -0.152817 -0.169119 -0.177747 -0.100149 0.00280962 0.0601459 0.0996364 -2.86923 -1.87895 2.73649 0.412076 -1.62362 -0.83603 2.04012 -0.524028 1.64905 2.23821 0.281454 -2.13361 -0.89237 2.46066 0.688064 0.454872 0.557647 -2.43825 -0.882081 0.889675 0.384665 -1.80741 -1.8761 0.80985 0.312706 -1.02344 
3.1201 -0.465126 -0.0981798 -0.241746 -0.0688198 -0.188328 -0.0884845 -0.116514 -0.160343 -0.049804 0.000887766 0.0165705 0.0751047 -2.14798 -1.39109 2.60927 0.664813 -1.28808 -0.959882 2.17783 -0.371532 2.02964 1.93628 0.181922 -2.32192 -1.72167 1.87351 0.986941 -0.962583 0.349833 -0.814547 -0.0388764 -0.384076 0.410754 -1.45686 -0.486063 0.481825 0.692654 -0.597258 
2.96418 -0.606522 -0.194164 -0.374648 -0.228056 -0.0767177 -0.0805165 -0.123786 -0.0947354 -0.130812 0.0286787 -0.0298082 0.0965035 -1.10477 -0.824453 2.22074 0.547619 -1.67585 -0.87837 2.02195 -0.032423 1.55404 1.43143 0.702729 -2.00362 -1.76644 1.7722 1.6781 -1.1982 0.676871 1.29952 0.0975588 -1.28327 0.93321 -0.420554 0.851712 -0.0770965 0.522833 -0.578569 
3.04038 -0.543172 -0.0937631 -0.196148 -0.179857 -0.203525 0.0248945 -0.201459 -0.296605 -0.146775 0.0261234 -0.011417 -0.00673334 -0.837365 -0.500182 1.63219 0.104312 -1.73737 -0.730633 0.650367 -0.110547 0.236126 1.03511 0.996712 -1.48751 -1.02897 0.047349 0.899864 -1.98701 -1.02685 1.76294 1.03372 -2.38512 0.551016 0.451873 0.585012 0.0215683 0.493728 0.928568 
3.05565 -0.522672 -0.113383 -0.200681 -0.276132 -0.301988 0.013297 -0.103132 -0.158624 -0.0193385 0.069116 -0.0537641 -0.0353428 -1.04496 -0.10051 0.61148 -0.244143 -1.19536 -0.0841706 -0.152232 -0.611468 -0.621162 0.269214 0.701468 -0.443674 -0.426063 -1.19734 0.262884 -1.52294 -1.58899 1.64217 1.38992 -2.48598 -1.02297 -1.09853 -1.08862 -0.0223135 1.23849 2.04891 
3.02713 -0.515027 -0.0628702 -0.246924 -0.108237 -0.142133 -0.021622 -0.133342 -0.014016 0.0764746 0.0204412 -0.107414 -0.0649264 -1.37353 0.0647621 -0.627158 -0.421081 -0.0984703 -0.0701532 -1.02317 -0.999317 -0.619107 0.268862 0.483272 -0.177328 0.0628933 -1.35276 -0.226147 -1.53181 -1.22182 0.379374 0.455653 -1.81756 -1.62535 -2.29141 -2.16831 -0.134719 1.6079 2.35135 
3.0709 -0.503669 -0.103598 -0.244038 -0.239512 -0.165832 -0.0342318 -0.0438543 -0.107252 -0.0135582 0.086746 -0.110891 -0.0624018 -1.41221 0.305756 -1.24106 -0.535293 0.614859 0.248289 -1.09567 -0.74858 -0.504111 0.436842 0.486275 0.0758322 0.219449 -1.45461 -0.52451 -1.74092 -0.531589 0.617845 0.271362 -0.253965 -1.46623 -1.07555 -1.28432 -0.438039 1.13013 1.14565 
2.89133 -0.566984 -0.184201 -0.358943 -0.228499 -0.182512 -0.18496 -0.217855 -0.302173 -0.0804839 0.119974 -0.0454227 0.101977 -2.2371 0.245486 -1.65866 -0.993243 0.439269 0.556789 -1.1923 -0.675 -0.32805 -0.123786 0.147846 0.0988557 0.69425 -0.0230074 0.347375 -0.585835 1.10549 0.587563 -0.392858 1.74733 0.492896 0.951884 0.261619 -0.795765 -0.185357 -1.03019 
2.8737 -0.498348 -0.149811 -0.306206 -0.172464 -0.158934 -0.130031 -0.302976 -0.291054 -0.124274 0.0612491 0.0602631 0.0669672 -2.03217 0.506106 -1.8885 -0.688484 0.655204 0.645815 -0.846434 -1.25877 -1.21033 -0.746609 -0.123102 0.487751 0.832394 0.754017 0.589118 -0.160344 0.969246 -0.061322 -0.298597 1.79874 1.68082 1.73804 1.11364 -0.460697 -1.18782 -1.35946 
2.91529 -0.52291 -0.245461 -0.306111 -0.119965 -0.18875 -0.19033 -0.238572 -0.17794 -0.0220823 0.0459453 -0.0640304 0.0653898 -2.18094 0.596756 -2.06623 -0.466216 0.41944 0.731935 0.0781049 -0.84609 -0.947331 -0.394057 -0.3727 0.727386 0.807607 0.393138 0.733262 0.679076 0.467666 -0.337275 0.758469 1.78197 1.14306 0.744532 0.604775 -0.43881 -0.304123 -0.688811 
2.82987 -0.544452 -0.342109 -0.345232 -0.141028 -0.0871593 -0.0805167 -0.162046 -0.171507 -0.0234133 0.114431 -0.0439015 0.00439267 -2.00086 0.839252 -1.51754 -0.245642 0.99317 1.12048 0.38498 -1.18924 -0.31017 0.191836 -0.541941 0.885772 0.319724 0.45268 0.634686 1.22282 0.154508 -0.339219 0.636849 0.398208 -0.492377 -0.586928 0.0360674 -0.264772 0.804631 0.311771 
2.75566 -0.462854 -0.234034 -0.29091 -0.182265 -0.203865 -0.0945172 -0.208628 -0.241042 -0.0977082 0.0227205 -0.0585803 0.0395274 -1.32197 1.04532 -0.954411 0.0648234 0.883374 1.28685 0.716279 -0.849406 0.11228 0.441938 -0.418728 0.831848 -0.256027 0.328106 -0.113421 0.827658 -0.390016 0.432915 1.0615 -0.575205 -1.54506 -0.593168 0.281498 0.39349 1.46785 0.416599 
2.86574 -0.425902 -0.322563 -0.302424 -0.133185 -0.132012 -0.119155 -0.297085 -0.289867 -0.0850264 0.0412953 0.00270544 0.0701649 -1.21719 0.85294 -0.616935 -0.12089 0.670214 1.24242 0.368802 -1.05453 -0.281636 0.381752 -0.10214 0.906865 -0.10785 0.171898 -0.456477 1.07882 -0.132292 0.4768 0.278836 -0.790192 -1.06381 0.123325 0.231339 0.588223 0.848464 -0.34353 
2.71456 -0.464702 -0.342214 -0.343949 -0.114098 0.00821911 0.00399668 -0.194787 -0.174339 0.0149585 -0.00331474 0.0218552 0.0844187 -1.05634 0.858564 -0.0107554 -0.0794723 0.589816 1.17181 0.220104 -1.53421 -0.656643 0.0600286 -0.0187112 1.37738 -0.0683098 0.863478 -0.490692 0.723294 0.140975 0.0420614 -1.05385 -1.28673 -0.519377 -0.0634071 -0.278662 0.829743 -0.282132 -0.628366 
2.74715 -0.421804 -0.280956 -0.322386 -0.0810846 -0.0384411 -0.109096 -0.368898 -0.265488 -0.0378983 0.05951 0.0875098 0.0355647 -0.561024 0.664833 0.24832 -0.0214018 0.680533 0.831627 -0.251025 -1.62595 -0.491647 0.162889 -0.0100622 1.19918 -0.00525426 0.613886 -0.487295 0.146498 0.140732 -0.564544 -1.13678 -0.289799 0.843858 0.0847313 -0.439855 0.305611 -0.932191 -0.269653 
