2.51569 -0.533365 -0.16693 -0.253447 -0.164447 -0.258281 -0.168441 -0.0791378 -0.0296301 -0.0378873 -0.0430244 -0.00883329 0.011798 1.33813 -0.248449 -0.150381 0.319216 -0.737115 1.30783 0.792612 -0.194154 -0.242163 -0.256698 -0.118218 -0.537842 -0.384053 1.51204 0.0308205 0.0440583 0.128319 -0.714614 1.28891 1.08445 0.210804 -0.00914284 -0.0633843 -0.424685 -0.73089 -0.437456 
2.48315 -0.588808 -0.207057 -0.226521 -0.187879 -0.253166 -0.215125 -0.141555 -0.0694933 -0.0694523 0.00761456 0.0205325 0.0196298 3.48044 -0.0636716 -0.00691283 0.70651 -2.36389 1.51721 0.8818 -0.0157504 0.38017 -0.091562 0.255976 -0.303897 -0.594451 4.27079 0.609205 0.532529 0.710681 -2.63392 1.01192 1.46055 1.18501 1.10608 0.0911796 -0.329041 -0.43001 -0.689937 
2.49613 -0.556857 -0.188296 -0.2675 -0.0966425 -0.152325 -0.169037 -0.185628 -0.0898832 -0.0358844 -0.0251434 -0.0403454 0.0040908 2.81569 0.142608 0.0831812 0.633388 -2.0217 0.986663 0.567113 0.150872 0.483519 -0.307855 0.281671 0.130511 -0.307388 3.40222 0.687434 0.565776 1.02758 -2.75335 -0.684206 0.32388 1.44719 1.4627 -0.313326 0.248185 0.835519 -0.143873 
2.50732 -0.554798 -0.194489 -0.323769 -0.191301 -0.145672 -0.11062 -0.0927557 -0.0561783 -0.000395963 -0.0784146 -0.0865646 -0.0101529 1.68988 0.183142 0.169488 0.513698 -1.27654 0.624899 0.246826 -0.057145 0.139384 -0.337791 0.122137 0.00760923 -0.0459736 -0.608236 0.413144 0.360149 0.589465 0.0588589 -1.89109 -1.38775 0.0573361 0.369922 -0.47627 0.634169 1.3618 0.713422 
2.87442 -0.553798 -0.163141 -0.120606 -0.35663 -0.0700354 -0.00168575 -0.0486137 -0.0301676 -0.12329 -0.0676366 -0.0765808 -0.0658564 0.811339 0.180764 0.411198 0.410693 -0.410199 0.391597 0.288109 -0.192468 -0.120311 -0.0327408 0.164494 0.155804 -0.0515985 -6.18806 -0.124256 0.0385147 -1.14305 3.96644 -2.20715 -2.22042 -1.33858 -1.21963 0.413891 0.408324 0.949542 1.21032 
3.12583 -0.517371 -0.152379 -0.137775 -0.614807 -0.102956 -0.10182 -0.0725371 0.0941528 -0.0159718 0.0526535 0.0127467 -0.0656717 -0.0426455 0.253526 0.297503 -0.114887 0.211295 -0.155491 0.125259 -0.00583111 -0.181317 0.077623 -0.019188 0.247698 0.190749 -7.89515 -0.657404 -0.396727 -1.901 5.88498 -1.15339 -1.07243 -1.47914 -2.36182 0.402621 -0.591342 -0.312133 0.94386 
2.5766 -0.507996 -0.162084 -0.223962 -0.235155 -0.249105 -0.186133 -0.0738323 -0.00464753 -0.10585 -0.0105518 0.0682575 0.0393261 -1.04732 0.211572 0.0347215 -0.593831 0.322564 -0.733552 -0.166736 0.105371 -0.30685 0.114243 0.202941 0.484847 0.320183 -2.42075 -0.427668 -0.512956 -1.66465 2.04707 0.587385 0.792364 -0.330181 -1.16454 0.902476 -0.604435 -1.146 -0.256904 
2.47656 -0.54309 -0.16182 -0.228232 -0.15209 -0.204615 -0.191956 -0.166166 -0.110273 -0.0762517 -0.0487409 -0.0517974 0.0397961 -2.12219 0.0502616 -0.0952054 -0.589945 1.37367 -0.821442 -0.491532 -0.350615 -0.607594 0.139803 0.13369 0.165147 0.223184 2.30495 -0.0425053 -0.532527 -0.431925 -1.77695 0.800201 1.3538 1.1323 0.698767 0.336272 -0.254007 -0.737688 -0.964612 
2.5286 -0.556249 -0.121692 -0.217757 -0.118706 -0.159084 -0.107443 -0.169749 -0.109324 -0.00209612 0.000302883 0.00523593 -0.0199643 -1.49758 -1.40904 0.0212 -0.435762 1.33709 0.0702534 -0.721263 -0.540833 -0.167942 0.0635324 -0.420046 0.255883 0.161696 5.68495 -1.12614 -0.125374 1.53837 -3.93837 1.31621 0.320796 1.03 2.04224 -0.926135 -0.289903 -0.00257694 -0.838747 
2.53797 -0.543186 -0.199233 -0.314479 -0.168482 -0.212731 -0.143226 -0.111912 -0.0795748 -0.0418199 -0.0453753 -0.00532225 0.0340882 6.04184 -1.609 -0.717434 -0.347101 0.29076 1.80454 0.647165 -0.481387 0.118767 -0.965425 -1.29561 0.325504 0.214837 11.2352 -1.63384 -0.155974 1.97701 -3.52147 2.52754 0.218015 -0.179041 2.07114 -1.604 -0.661718 0.963487 -0.189418 
2.54654 -0.505017 -0.194422 -0.351735 -0.267757 -0.21548 -0.110854 -0.0609427 -0.0583638 -0.0217827 -0.00780896 -0.0048377 0.00164273 16.9944 -1.65622 -0.640306 -0.446199 -1.67741 2.92203 1.35861 -0.251363 0.511442 -1.13158 -0.907231 0.567044 -0.031602 18.1864 -1.50937 -0.21731 0.81587 -1.04476 3.01616 0.736938 -0.94201 0.527789 -2.01892 -0.999898 1.22533 0.677915 
2.52862 -0.553847 -0.181501 -0.211107 -0.166813 -0.209567 -0.150596 -0.127496 -0.0738968 -0.0545903 -0.0435621 -0.0742952 -0.0400385 21.7802 -1.82925 -0.362803 -0.834004 -2.58471 1.99879 0.955026 0.39845 1.04126 -1.02252 -0.262182 0.846627 0.163883 20.1452 -0.273807 -0.010568 -1.58634 -0.900335 1.23525 1.02542 -0.142519 -0.408905 -0.465069 0.318288 0.798082 0.92109 
2.94761 -0.880165 -0.110477 -0.0890991 -0.337953 0.0127029 -0.195241 -0.162611 0.0730677 -0.129085 -0.102699 0.0776002 -0.0243888 23.3825 -2.05308 -0.950685 -0.908002 -2.51527 -0.0612748 -0.159939 -0.0801042 0.749152 -0.675144 0.599222 1.56162 0.23419 9.98796 1.79886 -0.48961 -2.9013 0.392709 -4.08283 -0.328192 0.560334 -1.42496 1.7701 2.54407 0.450288 0.333296 
4.32752 -0.647925 -0.342419 -0.300765 -0.420395 0.168398 0.0469751 -0.172836 0.0346301 -0.245811 -0.2027 0.100883 0.0703392 23.2559 -1.37078 -1.33582 -0.892485 -1.44065 -1.77447 -0.808169 0.00528073 0.99043 -0.17396 0.638228 1.86266 0.347757 -9.38559 1.56842 -0.308325 -1.33116 1.85263 -8.22731 -3.32083 1.01572 -0.514637 3.02947 2.89402 0.188873 -0.298347 
5.22981 -0.678801 -0.196751 -0.371283 -0.344072 0.114959 0.0200633 -0.131343 -0.0780795 -0.19489 -0.0708421 0.0765693 0.0292621 20.1377 -0.521724 -1.80334 -1.04175 -0.217925 -2.0761 -1.30306 0.320882 1.49572 0.300296 0.384475 1.22988 0.618133 -22.6444 1.64424 -1.28636 0.963104 2.73464 -6.13111 -3.56755 0.619982 1.37751 2.29411 0.602557 -0.418828 -0.311738 
4.90065 -0.762332 -0.145619 -0.394105 -0.485738 -0.158059 -0.122833 -0.0394783 0.0366479 -0.0584655 0.0414575 0.0326472 0.0322294 14.4653 1.33013 -2.67288 -1.71615 0.618426 -2.11622 -1.62873 0.570771 1.1709 1.05221 0.462049 0.638074 0.238307 -20.6076 2.43864 -2.08308 1.92861 3.65012 0.744137 -1.46532 -0.316636 1.28304 0.291122 -2.22793 -1.25364 -0.449578 
4.81086 -0.794748 -0.358179 -0.35285 -0.408028 -0.475117 -0.277573 -0.197565 -0.0264766 -0.0240392 0.156285 0.282667 -0.00142673 5.52283 2.82199 -3.41935 -1.44682 1.87614 -2.25871 -1.99395 0.382407 0.624982 1.65419 0.463059 -0.782051 0.00647919 -12.3118 2.70446 -1.39512 1.11594 2.06712 7.23324 1.3922 -0.192496 0.578822 -0.896596 -3.35575 -3.09205 -0.173106 
4.89714 -0.61468 -0.406743 -0.374719 -0.262449 -0.512937 -0.287936 -0.0599507 0.126632 -0.0652288 -0.0593627 0.191501 0.0737828 -2.49507 4.18921 -2.0192 -0.459018 1.40342 -1.96929 -2.60032 -0.313122 -0.326598 1.0663 0.0666604 -1.40089 -0.818457 -3.89132 3.51115 0.501201 -0.127326 -0.979912 7.1651 2.50828 -1.34417 -2.75303 -1.51418 -1.33877 -2.92271 -0.95447 
4.72968 -0.60393 -0.401675 -0.334253 -0.199137 -0.181453 -0.249997 -0.0472434 0.214437 -0.0380891 -0.0903715 0.0178117 0.0688564 -3.88986 6.78609 -1.95964 -0.98061 -0.225484 -0.499293 -0.454526 -1.5501 -1.27125 0.861443 -0.920462 -1.31486 -0.592869 1.71961 4.00857 2.73791 -1.19749 -4.14857 1.62105 2.71559 -2.35008 -4.76766 -0.824741 0.654182 -0.534903 -0.974678 
4.62831 -0.416126 -0.558803 -0.42391 -0.179302 -0.104819 -0.274847 -0.111216 0.0538993 0.00721218 -0.0657462 0.0332315 -0.0444452 0.201422 8.04408 -1.8331 -1.05694 -2.24732 1.54415 2.28557 -3.11792 -2.17631 0.640967 -1.45694 -1.3628 -0.132368 5.85687 2.85934 3.15113 -0.842827 -6.6976 -2.40816 3.73093 -3.13349 -3.12215 -0.00662679 0.974875 1.56409 0.530257 
4.35367 -0.422867 -0.635284 -0.381806 -0.178027 -0.110136 -0.276056 -0.150156 0.0461072 0.017987 -0.0546804 -0.0775086 0.0331339 3.90355 7.73862 -1.56703 -1.44612 -3.96695 3.00804 3.75352 -4.21943 -2.31506 0.814262 -1.3512 -1.39269 0.22557 11.2232 0.731001 0.870674 -0.690196 -5.58875 -2.12364 4.09353 -3.51899 -0.490148 0.700479 0.344285 3.25967 1.41495 
4.51732 -0.0133814 -0.300852 -0.397375 -0.399514 -0.25514 -0.311903 -0.238718 -0.209013 -0.168219 -0.0828906 -0.0678606 -0.116412 7.1608 6.17234 -1.94309 -1.77667 -4.38593 2.74836 3.85435 -5.44146 -2.63863 1.01465 -0.42055 -0.00821514 0.391103 11.203 -4.00212 -2.92526 -0.402427 -0.754934 1.19032 2.61452 -1.95325 3.16919 1.55275 -0.223175 2.49144 2.35869 
4.84064 0.22043 -0.393669 -0.587208 -0.600899 -0.221573 0.0442032 -0.380326 -0.229755 0.0636623 -0.100618 0.0428905 0.00480288 10.7162 4.17152 -1.97233 -1.83999 -3.46907 1.74076 2.07573 -4.17652 -2.00387 0.82392 -0.530209 0.536079 1.41851 6.14798 -7.78161 -3.33695 0.66302 4.72621 2.76351 -3.39451 1.57872 3.87228 0.119783 0.0357363 0.377775 1.57391 
5.21258 0.141389 -0.571818 -0.459355 -0.839661 -0.108907 0.225726 -0.566777 -0.145066 0.0734759 -0.12726 0.025289 0.0984932 13.1402 1.3575 -1.7095 -1.24855 -1.76654 1.58908 -0.368363 -1.25522 -0.926241 -0.0440379 -0.386846 0.479872 2.57428 0.118074 -7.48415 -1.10189 0.537682 8.22743 0.80056 -8.88762 6.59885 1.93399 -1.65753 0.581736 -0.877474 0.815133 
5.52243 0.0599889 -0.694621 -0.531058 -0.710923 0.0315105 0.137725 -0.673887 -0.113643 0.0684797 -0.121182 0.0718861 0.0864515 13.9158 -0.986431 -1.8563 -0.70611 -0.0669612 1.29937 -2.37439 1.7547 -0.760326 -0.926776 0.507268 0.603996 2.47445 -4.20043 -4.8799 2.07014 1.46008 6.3116 -2.30598 -9.18218 9.83586 -0.433637 -3.17144 1.35556 -1.75518 0.388798 
5.6789 -0.00911643 -0.726703 -0.602209 -0.539194 0.0443329 0.0545086 -0.665011 -0.118518 0.0639569 -0.0991513 0.122763 0.0939757 12.096 -3.68163 -2.19269 0.455523 1.46475 0.746712 -3.72754 4.38957 -0.729269 -1.47517 1.75417 0.0555558 2.08209 -4.87256 -1.20595 3.66405 2.31213 1.10679 -3.97466 -4.52971 8.56315 -2.5698 -3.28331 2.28837 -1.46603 -1.0254 
5.86258 -0.146427 -0.671424 -0.570406 -0.420001 0.0344919 -0.319378 -0.332147 -0.0933302 0.0396622 -0.153527 -0.0133017 0.239283 9.18463 -4.43053 -0.785768 1.92222 1.67181 -0.634428 -4.68802 5.87537 -1.65404 -2.41271 2.48542 -0.596541 0.644693 -4.79461 1.18091 2.25403 2.55346 -3.71723 -3.47081 3.50942 2.1807 -2.92654 -1.07271 2.74632 -0.140335 -2.74408 
6.03043 -0.246102 -0.67091 -0.506217 -0.342111 -0.029027 -0.541032 -0.00199085 -0.147358 -0.137346 -0.0750515 0.00248381 0.318908 5.88703 -3.672 0.735501 2.55619 0.741102 -2.11098 -3.48415 5.83757 -2.43714 -2.05714 2.89318 -1.07148 -0.630127 -4.99639 2.12239 1.08523 2.48042 -6.00773 -1.88021 8.30625 -5.05827 -1.6936 1.6473 1.48155 -0.125364 -3.96475 
6.07023 -0.273879 -0.644218 -0.449389 -0.403385 -0.12122 -0.473213 0.111444 -0.265065 -0.222482 0.0856845 0.0244597 0.209146 1.67781 -2.53355 2.21607 3.68669 -1.50233 -3.27249 -0.835668 3.91724 -2.25739 -1.74919 2.10647 -1.05966 -1.81186 -6.32954 2.51766 1.17071 1.35779 -4.7415 -0.44449 7.95017 -8.98477 0.675929 3.0938 -1.63499 0.0358979 -3.37535 
6.12518 -0.317708 -0.617368 -0.35359 -0.502969 -0.184413 -0.35807 0.122019 -0.36878 -0.209788 0.197907 -0.00744903 0.102437 -2.72773 -0.619983 3.64223 2.90941 -2.75389 -3.25031 1.31283 0.859859 -1.53509 -0.98729 0.318872 -0.872126 -2.14525 -8.48967 3.18769 2.37765 -1.21678 -1.66365 0.532038 4.16156 -8.58758 2.96518 2.74936 -5.04467 0.269917 -0.742028 
6.09057 -0.316699 -0.595099 -0.250809 -0.638507 -0.228846 -0.235602 0.013501 -0.392559 -0.13126 0.167405 -0.0279084 0.0454381 -7.20618 1.52398 4.62688 1.689 -2.95157 -3.13539 3.49234 -2.75546 -0.806853 -0.106885 -1.30251 -0.385266 -2.39982 -9.42453 3.66662 3.24665 -3.57431 1.73095 0.911751 -0.314784 -5.04071 3.60008 1.03015 -6.15565 0.438441 1.90837 
5.98319 -0.307937 -0.524054 -0.185058 -0.730964 -0.288084 -0.120568 -0.127338 -0.3771 -0.0885957 0.171264 -0.112068 -0.024975 -11.5726 2.75225 5.6621 0.613729 -1.53539 -2.44995 2.55112 -4.98033 0.248492 1.24494 -2.96418 -0.629735 -2.24308 -8.73238 3.29092 2.74627 -4.43324 4.63924 1.23892 -4.06289 -1.18747 2.43386 -0.0103071 -4.47587 0.764892 2.82412 
5.57599 -0.246246 -0.344137 -0.120203 -0.793211 -0.366782 -0.0275128 -0.301659 -0.279085 -0.150831 -0.0260819 -0.00711914 -0.126261 -15.0135 2.98012 5.05066 -0.317222 0.289131 -1.56434 0.857185 -5.05127 1.36523 1.5033 -4.38584 -0.202633 -0.444277 -5.55082 1.2018 -0.354796 -3.22632 5.45237 1.62134 -5.31607 2.044 0.510229 0.180658 -0.759796 0.357904 3.10519 
5.23045 -0.0476256 -0.147319 -0.422732 -0.694551 -0.310853 -0.105818 -0.385753 -0.21623 -0.0871761 -0.258605 -0.0295377 0.0446884 -18.6336 2.10836 4.09024 -1.25174 1.59798 -0.445923 -0.24996 -3.98551 1.35133 1.1843 -5.54773 0.0898375 1.5839 -3.10376 -2.78721 -3.91551 0.288853 3.45172 1.80303 -3.64012 3.87531 -1.25408 0.0423434 1.71397 0.160687 2.5952 
4.94364 0.0694502 -0.0807645 -0.417496 -0.641651 -0.389286 -0.0549286 -0.464299 -0.234299 -0.0908099 -0.278946 -0.0436577 0.044548 -19.1462 -0.626949 2.4333 -1.51936 3.43749 1.18164 -1.1673 -1.89085 1.15882 1.41139 -3.15867 0.335467 1.59763 -0.268974 -6.95645 -5.9064 2.09734 1.32881 2.87695 -1.02044 4.67829 -1.54083 0.351427 3.99616 0.267121 1.2241 
4.55823 0.0318084 0.0242617 -0.374785 -0.412791 -0.34276 -0.395113 -0.482591 -0.212953 0.018721 -0.265996 -0.0980148 -0.0466142 -11.6398 -2.92698 1.56917 -1.5043 4.37356 1.84692 -1.43638 -0.263763 1.53543 1.99481 -0.676163 0.455817 1.32207 9.38656 -7.94047 -4.50565 1.81348 -0.786759 2.36146 2.80025 3.76814 -0.374773 0.410329 5.4863 0.402781 -0.592988 
4.25372 -0.0491387 -0.214125 -0.370036 -0.406267 -0.307634 -0.325159 -0.394412 -0.159974 -0.0386182 -0.332205 0.0289678 0.192894 -4.61318 -5.61506 1.57298 -0.440379 3.84555 2.30473 -0.756154 1.11454 2.00405 2.15268 0.988102 0.369256 0.755707 18.1273 -6.08737 0.96164 1.19365 -1.60228 1.00698 3.64005 1.68355 1.49541 0.723918 4.9419 0.100278 -3.39778 
3.71499 -0.240086 -0.220538 -0.407919 -0.474629 -0.203839 -0.209266 -0.350138 -0.298655 -0.0518598 -0.532472 -0.025539 0.355937 0.795441 -7.39864 1.37224 0.970993 1.5349 1.27173 -0.0539161 0.626434 1.98782 1.10159 2.03061 1.14055 -0.0177011 21.6554 -1.61901 4.41784 0.625302 -2.75689 -1.87703 1.89876 -1.3269 2.65428 -0.179383 3.00091 0.578795 -3.73402 
3.83435 -0.642737 -0.322313 -0.350574 -0.235297 -0.0182168 -0.239757 -0.221525 -0.222061 0.111455 0.0604474 -0.00986299 0.0224099 5.85344 -6.30589 1.73202 1.26826 -1.1505 0.313618 -0.06218 0.0498256 1.21041 0.633318 2.03899 1.21009 -0.0841452 13.9253 4.58093 4.78878 0.947673 -5.76917 -4.75371 -0.316952 -3.79643 0.42072 -2.12731 -2.48311 0.639274 -0.691441 
5.30967 -0.616437 -0.0781793 -0.407627 -0.224818 -0.161698 -0.201198 -0.288658 -0.0133801 0.182687 0.0875742 -0.0162121 0.00132922 9.84308 -3.93203 1.49807 1.77429 -3.57524 -0.706586 0.58859 -0.803385 -0.171172 0.241569 1.49098 0.5734 -0.189101 -2.80838 7.68655 0.384166 1.48333 -6.51324 -3.97676 -2.37364 -3.64657 -3.72593 -2.6181 -4.90163 -0.199026 1.7641 
5.12873 -0.799336 0.179227 -0.266805 -0.37184 -0.12273 -0.099064 -0.250346 0.0850956 0.101454 -0.141768 0.0401844 0.00561645 11.4967 -1.24128 1.43463 2.63392 -4.97305 -1.27422 -0.415354 -1.71021 -1.16482 0.374156 0.724127 -0.440819 -0.907916 -9.18987 8.54265 -4.91694 1.16043 -4.64416 -1.66661 -2.53853 -1.96312 -5.9344 -1.10081 -3.76019 -1.71572 2.69889 
5.01961 -0.773173 0.0790137 -0.281447 -0.649915 -0.355723 -0.204503 -0.529797 -0.0430858 -0.075478 -0.128785 0.161524 0.0881111 10.502 1.52022 0.307709 3.45967 -5.92144 -1.61214 -1.16088 -2.0892 -1.93131 0.346345 -0.493929 -0.904552 -0.517111 -8.7242 5.57101 -5.76219 1.35273 -0.355324 2.15676 -1.17768 1.26071 -4.44357 1.69386 -1.79466 -3.2795 1.04642 
5.22478 -0.434099 0.0789098 -0.222125 -0.831099 -0.404146 -0.328495 -0.503841 -0.252952 0.0094961 -0.122337 0.0562706 0.104759 5.67766 3.16264 -0.205064 3.39899 -6.12443 -1.61479 -1.00187 -2.25312 -3.42555 0.100091 -2.57682 -1.48814 1.01174 -5.06893 -0.221236 -3.35961 0.712475 3.86515 3.60228 0.681865 2.36866 -0.474745 2.46872 0.686962 -2.22718 -0.634875 
5.31479 -0.356784 -0.0961584 -0.126325 -0.866198 -0.344952 -0.283018 -0.504331 -0.390586 0.057337 -0.201941 -0.0811852 0.110324 -2.09719 2.73149 -0.654967 3.10483 -4.34265 -0.401805 -1.16507 -0.932963 -4.38306 0.112371 -1.57646 -2.57642 1.07383 -4.05367 -3.66579 2.04203 -0.913635 5.34767 2.40334 1.45539 2.47003 2.36788 1.01902 1.44681 -0.716988 -0.408505 
5.30535 -0.33707 -0.188662 -0.0185219 -0.951679 -0.278884 -0.328488 -0.504877 -0.359358 0.0885441 -0.25359 -0.117003 0.0872556 -8.17561 3.516 0.184662 2.17058 -1.34229 -0.416548 -2.41106 0.458934 -3.60651 -0.0811739 0.378887 -3.28268 0.514256 -11.9095 -3.65932 5.81858 -2.34783 5.76874 0.0224193 0.132646 2.41072 2.80038 -1.60538 2.625 0.28985 -0.206786 
5.21068 -0.310416 -0.20978 0.0561397 -0.982198 -0.249392 -0.334671 -0.488714 -0.405396 0.137574 -0.280527 -0.142857 0.0987426 -15.4584 2.80578 1.3498 1.07719 2.10859 -0.444542 -2.34691 1.42264 -1.40528 -0.409048 1.07273 -2.42027 -0.461573 -17.8542 -0.97646 5.27788 -3.5679 5.60419 -2.59989 -1.85681 1.18657 2.92423 -3.28872 3.47118 1.56498 -0.816796 
5.16591 -0.416823 -0.0471407 -0.0115722 -0.85438 -0.28076 -0.255779 -0.513863 -0.475335 0.143564 -0.233482 -0.147643 0.155913 -22.3217 0.522581 1.17079 -0.471726 4.67507 -0.666132 -1.51075 1.72897 0.52224 -1.17192 1.87768 -0.272347 -0.436149 -18.4505 0.989192 0.815095 -3.15604 4.56481 -2.56794 -1.90566 0.829646 3.20445 -2.54514 2.50289 3.03418 -1.29466 
4.64182 -0.476085 0.139144 -0.0425386 -0.752289 -0.228107 -0.309846 -0.344544 -0.481066 0.0529093 -0.12907 -0.323938 0.156126 -26.0777 -0.671013 0.828824 -1.65652 6.39561 -0.445268 -0.431765 2.30078 1.98187 -1.68456 2.33055 1.09235 -0.545381 -10.1456 -0.262711 -4.72494 -1.97139 3.01691 -0.598007 1.30794 -0.238482 3.24094 -0.581322 -0.00926059 4.52031 -0.949953 
3.42364 -0.163382 0.271725 -0.0542327 -0.589993 -0.408162 -0.646266 -0.273446 -0.373153 -0.102223 0.0283868 -0.299014 0.060488 -19.7972 -1.69091 -1.02964 -3.31904 6.64115 0.873113 1.05021 3.16287 2.68874 -1.18486 2.18185 1.87928 -0.592994 11.9745 -3.84856 -7.96473 -1.50727 -0.217558 3.59435 5.67274 0.147842 1.97681 2.27218 -2.38899 3.62278 0.310729 
2.87722 -0.195177 0.118821 -0.181699 -0.384877 -0.5218 -0.557665 -0.42458 -0.23002 -0.105492 -0.0151059 -0.048044 -0.0341444 -8.63566 -2.67585 -2.32386 -4.08353 6.02549 2.16817 2.15794 3.50107 3.20183 -0.487373 1.79836 2.07529 -0.729007 33.0208 -4.79398 -5.61134 -0.825184 -3.29716 6.10759 6.09773 1.59493 -0.288898 3.53325 -2.56955 -0.175139 1.26048 
2.55561 -0.470086 -0.107052 -0.256001 -0.261643 -0.378725 -0.347513 -0.283171 -0.217001 -0.0448128 0.0281037 0.0996037 0.10311 1.9189 -3.98472 -3.05742 -4.1893 3.83727 2.63589 2.61491 3.48629 3.22355 0.385571 0.771198 2.21653 -0.321396 40.4669 -3.21031 0.214633 -0.470761 -5.48274 3.9944 2.46011 1.17357 -1.64442 2.78499 -1.96466 -3.15367 1.00073 
2.45997 -0.545755 -0.194177 -0.232761 -0.14958 -0.213333 -0.167571 -0.187586 -0.115119 -0.0808059 -0.0287516 0.0198835 0.0523869 12.3818 -5.71096 -3.46119 -3.90626 1.57823 2.90918 3.75221 2.78074 1.91904 1.41179 -0.194748 2.17758 0.601315 28.9378 -1.4542 4.43892 0.255324 -6.10862 -0.406145 -1.87838 -0.255715 -2.94855 1.28356 -0.656836 -3.30049 1.20883 
4.16537 -0.626889 -0.422739 -0.474602 -0.304076 0.0347557 -0.0834376 -0.0353427 -0.0968097 0.0899035 -0.0562437 0.0381649 0.0477425 20.3625 -6.45155 -2.79478 -2.51886 -0.835484 3.716 4.28809 1.99257 0.680387 1.65472 -0.744054 1.32513 1.1952 0.962145 0.799424 5.8456 2.8506 -4.23121 -4.22961 -4.02483 -2.88822 -2.8696 -1.21452 0.186382 -1.3733 0.99037 
5.1101 -0.710318 -0.247692 -0.471919 -0.271997 0.0412665 -0.0702684 -0.0483842 -0.110843 0.108481 -0.0139548 -0.0349561 0.038832 21.0035 -4.87349 -1.52208 -0.843606 -2.86982 2.86625 2.43416 1.37596 -0.314346 1.22017 -0.285416 -0.104016 1.2369 -19.4491 2.37513 2.32057 4.12412 -2.39006 -4.39145 -3.23636 -3.88417 -1.97882 -2.10388 0.432219 0.537044 0.502799 
5.02787 -0.917931 -0.0958864 -0.513914 -0.457065 -0.122393 -0.160672 -0.0427116 -0.114012 0.0960426 -0.0812926 0.0041801 0.148274 16.7929 -2.42289 -0.258377 1.1777 -4.21986 0.445289 0.465782 0.00414354 -0.835741 0.244934 -0.357961 -0.474815 1.01045 -23.951 4.72006 -1.19513 5.03271 -0.434745 -2.5021 -1.81003 -2.75421 -0.776059 -2.2597 0.798602 0.549094 -0.363581 
5.01521 -1.04114 -0.188267 -0.474584 -0.503259 -0.100043 -0.0457078 -0.0724649 -0.285298 0.116491 -0.0749865 0.00187755 0.217969 11.3668 1.37977 0.124098 2.53809 -4.91177 -2.48881 -0.61231 -1.47083 -1.45011 -0.191332 -0.0542302 -0.607623 0.427295 -14.9494 8.14513 -1.96724 3.80091 0.160053 -2.70204 -1.45527 -1.52142 0.861937 -1.56634 0.499561 -0.579206 -2.01353 
5.0121 -0.876734 -0.188859 -0.275539 -0.581762 0.0127038 -0.0759572 -0.19442 -0.214162 0.0272195 -0.0617174 0.056248 0.151009 4.41544 4.48081 -0.0424736 3.84043 -4.86788 -4.37835 -0.701114 -1.81122 -1.61502 -0.687208 -0.155569 -1.1937 -0.485201 -0.00630379 8.12985 -1.59393 0.574293 -0.0924699 -3.67484 -0.429642 0.472488 0.553808 0.304185 -0.130709 -1.68264 -2.40894 
4.79249 -0.788111 -0.285012 -0.247208 -0.647155 -0.116168 -0.194415 -0.202872 -0.221346 0.0453435 0.0102856 -0.024032 0.131232 3.52956 6.2481 -1.078 3.81514 -5.05275 -4.55432 -0.591089 -0.889139 -1.46639 -0.251361 -0.131104 -1.43672 -1.21384 9.04891 4.96481 0.230687 -1.43643 -0.0846891 -2.77483 0.926131 1.89796 0.0362403 1.39477 -0.640081 -1.65604 -2.02278 
4.6048 -0.686414 -0.235316 -0.0496053 -0.746767 -0.293924 -0.220815 -0.185111 -0.243976 -0.0488518 -0.0726697 -0.00441327 0.200173 5.82741 7.15207 -1.33322 3.29882 -4.46425 -4.14835 -0.309227 0.0209914 -1.03119 0.506719 0.281782 -1.72977 -1.75 10.2425 -0.369511 0.567311 -3.27294 0.0963044 0.257322 1.4911 2.816 -0.0397304 2.46126 -0.0987484 -0.794125 -0.943578 
5.13485 -0.12757 -0.261816 -0.0889349 -0.82675 -0.544082 -0.176721 -0.327795 -0.286982 0.0242024 -0.0470036 -0.118568 -0.0019958 7.00701 6.68536 -0.951735 2.2708 -4.00997 -4.12307 -0.377723 0.914253 -0.407934 1.19592 0.336661 -1.5725 -1.84275 3.82895 -6.21356 0.341934 -2.73312 1.06254 3.80033 1.13854 3.08278 0.380208 2.06837 0.550106 0.922428 1.04945 
5.51788 -0.122762 -0.328863 -0.0907297 -0.924156 -0.531024 -0.111628 -0.174788 -0.319465 0.0715447 -0.0959788 -0.186777 -0.0472022 7.44269 5.00732 -0.933909 1.12878 -3.22893 -3.76164 0.149343 1.76475 -0.560239 1.88168 0.393609 -1.22252 -1.5394 -4.05695 -6.69918 0.358554 -1.34238 1.994 4.0258 -0.0627337 1.18844 1.08456 0.856633 1.08756 2.182 1.7373 
5.66698 -0.249034 -0.294071 -0.0848284 -0.981869 -0.492165 -0.153102 -0.0462737 -0.315054 0.129177 -0.0469696 -0.17553 -0.0203303 7.34393 3.31177 -0.814995 0.640474 -2.30663 -2.4057 0.438726 2.2495 -0.450066 1.90549 0.630901 -0.58537 -1.2734 -8.2113 -3.97043 -0.205166 -0.23728 2.39828 1.88213 -0.595359 -0.460862 0.702229 -0.485445 0.835523 1.92293 1.37981 
5.65741 -0.266114 -0.285635 -0.113498 -0.998074 -0.486547 -0.144021 -0.0356925 -0.280431 0.196331 -0.000406754 -0.15006 0.0219095 5.45509 1.50895 -1.21998 0.276006 -1.29329 -1.30272 0.244133 2.51952 -0.306859 1.83873 1.04124 -0.0708714 -1.05425 -6.85612 -0.648192 -0.571304 0.885449 2.02413 -0.173007 -0.551253 -0.990699 -0.141949 -1.62991 0.0493932 1.08646 0.285792 
5.61746 -0.238217 -0.325703 -0.0993233 -0.981813 -0.509099 -0.137044 -0.0438275 -0.271854 0.216621 -0.00234942 -0.115177 -0.00826889 1.74179 -0.308036 -1.2735 0.608153 -0.342402 -0.636398 -0.198594 2.59562 -0.0543618 1.1042 0.900474 0.690131 -0.264993 -2.69719 1.35737 -0.702739 0.757325 1.31961 -0.927631 -0.416642 -0.735922 -0.524509 -1.67478 -0.330076 0.00640992 -0.508779 
5.59471 -0.21711 -0.358595 -0.0733376 -0.973568 -0.549675 -0.125952 -0.0176074 -0.291095 0.220345 0.0100211 -0.0939582 -0.0354993 -0.440092 0.227371 -1.20414 0.512056 0.642807 -0.862164 -0.696069 1.71586 0.330057 0.482807 0.591799 1.09994 -0.0319778 -0.527683 0.71208 -0.322696 0.162098 0.88578 -0.226663 -0.605412 -0.092206 0.0633549 -1.28042 -0.923866 -0.196238 0.0258424 
5.60985 -0.220986 -0.375165 -0.0584038 -0.957702 -0.554389 -0.167622 0.0571161 -0.315846 0.192413 0.0597727 -0.11409 -0.0245045 -1.41573 1.00963 -1.48207 0.213913 1.49354 -0.925774 -1.07847 1.17512 0.752042 -0.151265 -0.186698 1.22945 -0.00663044 -0.479832 0.291237 0.190631 -0.761188 1.00721 0.399968 -0.910991 -0.47445 1.17913 -0.627965 -1.46865 0.326564 0.639891 
5.58629 -0.194646 -0.432526 -0.00857446 -0.947185 -0.598315 -0.163459 0.0768822 -0.324028 0.18841 0.0434026 -0.0869866 -0.0553745 -1.98727 1.36665 -1.58593 -0.312117 2.31734 -0.630733 -1.73054 0.811957 1.40069 -0.500155 -1.13971 1.33739 0.245272 -1.21042 0.460595 0.396792 -1.80981 1.53399 0.951289 -1.2282 -1.15842 2.10601 -0.11479 -1.88366 0.627375 1.11852 
5.56323 -0.176941 -0.443657 -0.0217656 -0.913289 -0.605819 -0.184754 0.0761414 -0.294088 0.17498 0.0176008 -0.0656227 -0.0456755 -2.83836 1.7175 -1.44077 -1.30512 3.00907 -0.0452647 -2.25606 0.0787364 2.18128 -0.38626 -1.73992 1.13819 0.610724 -2.01713 0.836652 0.174473 -2.25227 1.77841 1.22302 -1.2425 -1.67348 2.12634 0.328541 -1.74861 0.294453 0.851034 
5.52313 -0.16003 -0.431897 -0.0727046 -0.846361 -0.594118 -0.244543 0.0808417 -0.219878 0.167906 -0.033892 -0.0260315 0.0065132 -3.85426 2.16884 -1.18695 -2.65496 3.59736 0.742948 -2.36746 -1.20772 2.84908 0.165045 -1.93725 0.722623 0.713461 -2.34463 1.06195 0.0542523 -2.40594 1.3508 1.39066 -0.505131 -2.22586 1.23727 0.967528 -0.593719 -0.747 0.0910663 
5.44297 -0.112443 -0.477433 -0.116915 -0.763125 -0.582411 -0.314096 0.0764986 -0.153107 0.141483 -0.0868507 0.012292 0.0132314 -4.66847 2.6121 -0.94557 -4.0534 3.7803 1.77217 -2.32755 -2.35163 3.12822 0.797262 -1.32232 0.0620814 0.585837 -1.79542 0.906121 0.356373 -2.4718 0.262217 1.78319 0.435651 -2.38652 -0.0270214 1.55493 1.48444 -1.97732 -0.565851 
5.3389 -0.0583335 -0.514546 -0.18781 -0.65746 -0.554168 -0.380289 0.0230713 -0.0603664 0.158223 -0.18946 0.0426067 0.0513889 -4.74031 2.73061 -0.679828 -5.31976 3.58332 2.77568 -2.23041 -2.89168 3.07054 1.18315 -0.052354 -0.630734 0.536638 -0.30287 0.377876 0.620942 -2.18914 -1.11614 1.90625 1.22486 -1.67106 -1.14155 1.45791 3.6 -2.34721 -1.00047 
5.19895 0.0091512 -0.517955 -0.294461 -0.58912 -0.504084 -0.416799 -0.0653336 -0.00698714 0.197238 -0.195083 -0.0114831 0.044906 -4.02907 2.61001 -0.717755 -5.84777 2.709 3.3751 -1.36504 -3.34127 2.73574 1.56171 1.08766 -0.87732 0.409484 2.02424 -0.513616 0.48497 -1.25223 -2.28686 1.53599 1.75311 -0.345573 -1.4515 0.703565 4.05508 -1.18542 -0.570898 
5.09308 0.0682159 -0.498786 -0.44663 -0.533068 -0.429592 -0.390182 -0.200884 0.0224535 0.281455 -0.140606 -0.0745329 0.0226997 -2.21351 2.04249 -1.14635 -5.64341 1.7324 3.81243 -0.322425 -3.53831 1.94452 1.88267 2.00995 -0.973836 0.478449 4.44724 -1.49817 -0.464034 0.597656 -2.66942 0.655344 1.80046 1.02937 -1.35358 -0.248966 2.4933 0.641054 0.412241 
5.04085 0.116422 -0.504051 -0.578088 -0.532524 -0.298743 -0.429509 -0.237286 0.0229205 0.313236 0.012434 -0.152139 0.00688955 -0.0483742 1.15923 -1.4207 -5.07249 0.903423 4.30554 0.337226 -2.99663 0.787512 1.75027 2.59047 -1.16735 0.876403 5.62979 -2.16335 -1.40465 2.38487 -1.94608 -0.218592 1.60447 1.69702 -1.46871 -0.903406 -0.295308 1.70008 1.28731 
5.06904 0.123462 -0.513612 -0.689924 -0.537077 -0.236547 -0.439 -0.234648 0.0481545 0.309791 0.114604 -0.149588 0.0233492 1.77824 0.368559 -1.70734 -3.94713 0.0566013 4.11122 0.712499 -1.42553 -0.293198 1.03536 2.52637 -1.3164 1.22919 4.63914 -2.03826 -1.56704 3.39476 -0.853993 -0.744905 0.813671 2.37998 -1.81178 -1.27542 -2.53889 1.00225 1.55464 
5.15906 0.116871 -0.55244 -0.725503 -0.614402 -0.203201 -0.319992 -0.309678 0.0801023 0.342309 0.116288 -0.0807848 0.0544118 3.42189 -0.251784 -2.30604 -2.30724 -0.302936 3.00585 0.981064 0.321625 -0.706913 0.340922 1.38877 -1.37222 1.59848 2.1997 -1.18661 -1.06991 3.35885 0.367277 -1.55336 -0.422018 3.36848 -1.65824 -1.51148 -3.24492 -0.909514 0.952208 
5.35715 0.0608905 -0.666171 -0.705152 -0.599144 -0.135563 -0.288195 -0.342256 0.0296075 0.38317 0.112329 -0.0684214 0.118764 4.39037 -0.622812 -2.82991 -0.645552 -0.356693 1.41453 1.0238 2.05046 -0.862332 -0.358128 0.0776449 -1.56518 1.62446 -0.553129 0.0576674 -0.170587 2.57077 0.740325 -2.8972 -0.854874 3.83885 -0.48206 -1.48317 -2.7673 -2.10419 -0.307901 
5.44315 0.0202759 -0.69794 -0.720686 -0.567363 -0.0186817 -0.335059 -0.268052 -0.0736799 0.330723 0.114936 -0.14286 0.176886 4.50067 -0.711664 -2.83963 0.344913 0.276104 -0.383907 0.769159 3.45724 -0.506211 -1.28637 -0.926947 -1.64352 1.36794 -1.85677 0.906449 0.357753 1.51267 0.925935 -4.23328 -0.764428 3.25129 1.4136 -1.35727 -1.44938 -1.51896 -1.41421 
5.43872 0.0290132 -0.710603 -0.688808 -0.60612 -0.0613151 -0.341842 -0.0924889 -0.101519 0.258826 0.0571869 -0.208856 0.199788 3.82467 -0.429572 -2.73764 1.25793 1.10645 -2.23882 0.47203 4.40843 -0.141173 -2.04313 -1.34674 -1.6618 0.703314 -1.75335 1.01617 0.512116 0.617751 1.46786 -4.41149 -0.331156 1.30828 2.40308 -1.11046 0.0844101 0.310424 -1.92888 
5.52201 0.0393232 -0.800518 -0.61453 -0.577128 -0.194105 -0.292714 -0.0239387 -0.0377992 0.272353 -0.0469172 -0.278728 0.202858 2.7052 -0.00326288 -2.35098 2.07206 1.98919 -4.36424 0.172898 5.20379 0.0551818 -2.60287 -1.59635 -1.01686 0.0269624 -1.60695 0.757009 0.807087 0.392483 1.66495 -3.59398 -0.0014933 -0.277813 1.54482 -0.98664 0.990348 2.52829 -1.66921 
5.57393 0.0417102 -0.849044 -0.582448 -0.566026 -0.288183 -0.28164 0.0702356 -0.0343076 0.250965 -0.0476346 -0.325734 0.163001 0.870415 0.597225 -1.50985 2.71824 2.43279 -6.07493 0.102175 5.28625 -0.0272512 -2.90156 -1.53206 0.247733 -0.702348 -2.09887 0.561989 1.162 0.920299 1.58885 -2.32121 -0.0607687 -1.12857 -0.468793 -0.590243 0.879502 3.792 -0.901984 
5.58547 0.046563 -0.827237 -0.632039 -0.458679 -0.379103 -0.355466 0.193051 0.0499467 0.101828 -0.00223532 -0.296828 0.149656 -1.78563 0.861995 -0.465774 3.51377 2.97149 -6.83023 -0.0229315 4.45243 -0.275946 -3.0452 -1.16966 1.74042 -1.26663 -4.2336 0.429825 1.83811 1.8911 0.736924 -0.68141 -0.0821609 -1.6199 -2.50155 0.117681 0.260017 3.52811 -0.35892 
5.57729 0.0736285 -0.874843 -0.533432 -0.391376 -0.544161 -0.30825 0.223138 0.0584653 0.0600649 -0.0127418 -0.240383 0.0991327 -7.1668 0.440887 1.4385 4.18788 3.35415 -5.57596 0.172327 3.0373 -0.927292 -3.27508 -0.455034 2.6315 -1.95465 -9.03011 -0.263268 3.38243 2.00453 -0.173326 2.0443 -0.0266872 -1.97484 -2.84052 0.201734 0.216053 1.88294 -0.417492 
5.56529 0.090184 -0.884423 -0.407191 -0.337296 -0.750886 -0.266573 0.295992 -0.00636166 0.0503322 -0.104205 -0.0998261 0.0986871 -14.7127 -0.761019 4.50352 5.31142 3.08121 -3.93184 0.289676 -0.0279767 -1.95915 -2.93417 0.326572 3.05854 -1.85375 -15.0143 -1.91069 5.46735 1.87355 -0.807816 4.77541 0.195087 -4.57177 -1.83461 0.499836 1.14756 -0.560703 -0.378467 
5.398 0.133648 -0.814971 -0.334026 -0.300482 -0.817469 -0.315123 0.344212 -0.129622 0.0100847 -0.082536 -0.0184752 0.0654537 -21.5379 -2.4894 6.37643 5.18764 2.35519 -1.72108 0.450111 -2.84603 -2.59396 -2.27228 0.733034 3.03712 -1.14291 -17.6806 -4.04183 5.78131 0.410516 -1.47846 6.19604 0.581855 -6.69348 -0.312388 0.913296 1.75778 -2.07259 0.510469 
5.00481 0.123888 -0.687705 -0.224253 -0.217297 -0.816739 -0.367249 0.319339 -0.160501 -0.0852849 -0.0527673 0.038671 0.0290317 -25.9883 -4.5359 6.63125 4.17129 1.41332 1.43674 1.18362 -4.16495 -2.56937 -1.46528 0.743004 2.23291 -0.633757 -12.9171 -5.3106 2.72495 -2.2264 -1.9844 6.28038 1.21739 -5.69483 1.09056 1.52199 1.17901 -2.46509 1.65123 
4.12793 0.0189367 -0.438329 -0.114968 -0.200573 -0.630742 -0.248341 0.246654 -0.179581 -0.158401 -0.00924104 0.00808927 -0.0969883 -19.5721 -5.61612 6.45218 1.42722 -0.716375 4.69866 1.47632 -4.95915 -1.52405 -0.0822732 0.862964 0.824653 -0.0627561 7.43322 -3.80718 -2.56579 -5.54874 -3.32378 4.84523 1.10943 -2.02806 2.21745 2.8408 -0.274307 -2.16764 2.45888 
3.26349 -0.187519 -0.0674077 0.108972 -0.22433 -0.633001 -0.23766 -0.25666 -0.266387 -0.0481136 0.048645 0.0123135 0.00314517 -9.47411 -6.72055 5.72166 -0.681579 -2.10749 6.20458 2.13557 -4.78939 -0.386227 1.13827 1.10571 -0.409464 -0.0421808 30.8207 -0.86138 -6.65957 -7.49536 -3.68167 2.7547 1.14945 4.30597 2.9275 2.86676 -1.35005 -1.69208 1.04958 
2.79575 -0.386159 -0.092246 -0.0962631 -0.278391 -0.468275 -0.262253 -0.321584 -0.287989 -0.061512 0.0828539 0.0428304 0.102632 -0.626703 -7.6337 4.06333 -1.52595 -2.77934 5.57151 2.44809 -3.64879 0.0599408 0.774144 0.619364 -0.750528 0.519676 39.6994 1.48392 -6.09884 -4.26179 -2.43344 -1.22561 0.668378 6.86244 1.97023 0.979352 -1.45246 -0.983529 -0.555024 
2.64297 -0.575041 -0.259042 -0.229938 -0.271547 -0.182456 -0.125211 -0.138929 -0.190052 -0.0819658 0.0170703 -0.0137224 0.0769745 7.48697 -7.35478 1.53522 -1.96977 -2.31249 3.90037 1.97694 -1.35469 1.17859 0.566393 0.318437 0.0163441 0.662216 27.9652 2.4254 -3.17987 1.08542 0.635394 -5.81649 -0.917272 5.64637 0.867247 -1.54182 -0.514107 1.12338 -1.1802 
4.61245 -0.493728 -0.24727 -0.511754 -0.629068 -0.0163499 -0.104025 -0.213559 -0.0791253 0.165226 0.00399494 -0.12286 0.0876109 13.5836 -5.89882 -1.56762 -2.42928 -0.766325 2.15656 0.494652 0.334096 1.76092 0.117769 -0.0205109 0.893624 0.810118 -2.84659 1.80172 -1.80977 5.20694 5.38169 -7.29576 -2.57052 2.80063 -0.28217 -4.00317 0.201126 3.16867 -0.792069 
5.29989 -0.668682 -0.180635 -0.446124 -0.57115 -0.158339 -0.00854596 -0.111834 -0.0989138 0.192663 0.0493827 -0.106392 -0.00235233 14.8236 -3.76446 -3.86525 -1.93931 1.10374 1.27522 -0.42938 1.64683 2.29955 -0.00253156 -0.617935 0.570376 -0.0598267 -23.2322 2.68068 -2.33465 4.78212 6.82806 -4.20807 -3.93116 -1.27714 -0.0944603 -2.66904 -0.103939 2.4896 0.176914 
4.93288 -0.827135 -0.227063 -0.265989 -0.503875 -0.338224 -0.0723988 -0.0439321 -0.230139 -0.158191 -0.0030318 -0.0253263 0.108154 10.9857 -1.3991 -4.06653 -0.503527 2.03441 0.482684 -1.25265 0.560011 2.1283 0.402683 -0.47519 0.782343 -0.929385 -23.7506 4.43054 -2.79009 0.762893 4.38451 1.42932 -2.98836 -3.45053 0.722777 1.61213 -0.105744 0.161126 -0.699131 
4.80046 -0.81278 -0.366981 -0.222009 -0.306863 -0.411347 -0.159084 0.0991879 0.0361137 -0.120917 0.0415309 0.168594 0.047233 3.51919 1.04265 -3.18839 0.622482 2.57984 -0.440593 -2.14598 -1.46821 0.788927 -0.0362321 -0.581869 0.637568 -0.929783 -13.2587 5.45038 -0.38269 -1.52415 -0.587128 4.40968 -0.556481 -4.93749 -1.17956 3.25196 -0.707957 -3.00681 -1.05118 
4.6383 -0.742926 -0.557748 -0.335143 -0.142612 -0.328896 -0.307703 -0.0823074 -0.0179356 -0.094674 0.0258315 0.17153 0.0895459 -4.27055 4.4607 -2.55976 0.639235 1.64799 -0.251223 -1.00687 -2.65174 -0.25792 -0.680821 -1.52598 0.773147 -0.759178 1.53985 6.69664 3.53486 -1.9814 -6.25954 3.03241 2.94441 -3.97618 -2.55075 2.29219 -1.28413 -3.0824 -0.756784 
4.42862 -0.658837 -0.635675 -0.262101 -0.0638686 -0.223816 -0.301888 -0.185874 0.0306318 0.0764547 -0.0735455 -0.0571594 0.00773782 -2.67719 7.24901 -2.36149 -0.589145 -1.27294 1.53615 0.827545 -3.98451 -0.370713 -0.0265769 -1.72917 0.252986 -0.276319 9.3531 5.54588 4.70937 -1.50304 -8.42393 0.365511 5.56 -1.5017 -3.01073 -1.09514 -0.858048 -0.373235 0.757092 
4.31487 -0.512463 -0.624578 -0.342357 -0.234848 -0.0970577 -0.303434 -0.264754 0.0142209 0.128688 0.0230629 0.0550519 -0.0911509 2.35607 8.2666 -1.68044 -1.82875 -3.56768 2.94562 2.91259 -4.58415 -0.51809 1.03086 -1.36873 -0.304053 -0.234529 12.0323 2.39083 2.56867 -0.935192 -6.44618 -0.791984 5.95338 0.796778 -1.39946 -2.74746 -0.459812 1.10621 2.27824 
4.25523 -0.326303 -0.462968 -0.276088 -0.266209 -0.201666 -0.306652 -0.420972 -0.180653 -0.0213957 -0.0884497 -0.061595 -0.0217929 6.21655 7.61402 -1.10398 -2.1896 -4.81704 3.26603 3.60049 -4.1323 -0.968844 0.816197 -1.25616 -0.865196 0.320008 11.3575 -2.18562 -1.34317 -1.22075 -1.84454 0.459552 3.16972 2.83374 2.07382 -0.547895 1.19535 1.70967 1.72819 
4.73027 0.168841 -0.40953 -0.431265 -0.641039 -0.214126 0.0190552 -0.462963 -0.20311 -0.0372179 -0.258404 0.053078 0.021923 9.61915 5.97323 -1.08217 -1.88268 -4.33988 2.74936 2.66364 -1.85043 -0.0875161 0.426309 -1.1044 -0.427249 0.955773 5.07943 -7.35513 -3.61224 -0.1025 4.63098 1.16196 -3.31616 3.80909 3.24378 1.15354 2.10722 0.0903877 0.942863 
5.13602 0.0957343 -0.569456 -0.44061 -0.783781 -0.0301743 0.202467 -0.487996 -0.111519 -0.0103117 -0.125699 0.0422655 0.0729281 11.8411 3.74996 -1.58866 -1.6984 -2.5147 1.55052 0.983421 0.52812 0.338255 -0.473836 -0.546921 0.193006 1.8939 -1.47508 -7.71163 -2.52803 1.2646 8.14488 -0.847022 -7.94657 4.88086 2.43667 1.09876 1.09229 -0.902732 0.189501 
5.26759 0.0191113 -0.612601 -0.507668 -0.738308 0.0493779 0.222397 -0.500479 -0.103528 0.0123062 -0.0739481 0.053742 0.0714443 12.4115 1.04367 -2.03115 -0.77034 -0.329417 0.453298 -0.639852 3.06654 0.457285 -0.940994 0.139989 -0.0716072 2.12894 -4.19428 -5.22305 -0.213062 2.35128 6.85173 -3.21222 -8.06832 5.34732 0.103384 -0.819249 0.620614 -0.523925 0.0332107 
5.42508 -0.0284141 -0.688707 -0.528532 -0.602847 0.0539015 0.0106638 -0.419646 -0.0164946 0.0877566 -0.10123 -0.00858251 0.0799475 11.3414 -1.55917 -2.18224 0.121169 0.926577 -0.181399 -1.95301 5.0446 0.280248 -0.966204 1.54808 0.0390797 1.37511 -4.02997 -2.08189 2.16565 2.86043 2.35397 -4.29737 -3.09669 4.01797 -2.76653 -2.73369 0.871285 -0.0229836 -0.327817 
5.59918 -0.0937334 -0.767883 -0.482203 -0.442225 0.0340639 -0.266402 -0.234967 0.0371211 0.0588469 -0.171687 0.00297541 0.169354 8.42002 -3.51087 -1.32134 1.47511 1.96932 -1.35814 -2.86081 5.64569 -0.897077 -1.28741 2.3685 -0.59287 0.706423 -2.70134 0.276105 3.17507 2.07271 -3.01116 -3.02849 3.55887 1.00193 -3.98732 -2.20136 1.82275 0.241824 -1.51962 
5.7064 -0.146906 -0.761723 -0.436493 -0.344375 -0.128188 -0.293301 -0.067468 -0.0089546 -0.0565805 -0.103937 0.00347721 0.222583 5.61015 -2.82744 0.0423307 2.38202 1.06366 -2.79678 -1.76115 4.98798 -2.08607 -1.3947 1.90988 -0.744204 -0.194234 -3.11924 0.846244 2.59285 1.40813 -5.47884 -0.466038 6.72483 -2.87555 -3.12406 0.0653175 1.54889 -0.28337 -2.53344 
5.82264 -0.223769 -0.699309 -0.367189 -0.403218 -0.183956 -0.282732 0.105667 -0.144104 -0.152721 0.0202001 0.0261092 0.18233 1.734 -1.84583 1.57842 3.47063 -0.609513 -3.58086 0.0346478 3.3873 -2.70261 -1.16122 1.20599 -0.624549 -1.16179 -6.36565 1.91684 2.13381 0.842069 -4.5632 0.53947 5.94357 -5.93338 -0.868169 2.29657 -1.0716 -0.540765 -2.61132 
5.90323 -0.272105 -0.656238 -0.302278 -0.506654 -0.216808 -0.19848 0.137065 -0.241291 -0.16482 0.103172 0.000487338 0.102374 -3.52982 -0.308073 3.80091 3.13309 -2.17728 -2.93167 1.11886 0.83662 -2.51392 -0.294658 -0.0862823 -0.461976 -1.68556 -10.3923 3.23576 2.5545 -0.236645 -1.93414 1.23963 1.58882 -6.59839 1.99016 3.42049 -4.22817 -0.268073 -1.27629 
5.91202 -0.281933 -0.613171 -0.259487 -0.588718 -0.251496 -0.0668817 0.0885472 -0.311648 -0.124592 0.11567 -0.0530044 0.0853422 -8.76324 1.55591 5.29248 2.22008 -2.46862 -2.32628 1.34833 -1.55992 -1.79008 0.833794 -1.28105 -0.660578 -2.07061 -12.6728 4.06661 3.04826 -1.60267 1.20717 1.39685 -3.09988 -4.79672 3.58774 2.70008 -5.2871 0.344373 0.304225 
5.7603 -0.230989 -0.591824 -0.173123 -0.687907 -0.313853 0.0877939 -0.0462837 -0.319242 -0.0771324 0.0593841 -0.0740441 -0.00051126 -13.6543 2.56066 6.52409 1.69982 -1.7973 -1.24453 -0.0931779 -3.32551 -0.790965 1.42144 -1.93 -0.917383 -2.27744 -11.4105 3.12081 3.33039 -2.54979 3.46871 1.62136 -5.9926 -1.79252 3.1362 0.718276 -2.80533 0.279879 1.27152 
5.24405 -0.165015 -0.394387 -0.0514798 -0.713075 -0.405087 0.0497465 -0.146567 -0.319651 -0.0355539 -0.0883664 -0.0245618 -0.0866012 -19.3482 2.84774 6.89597 1.39604 0.350671 -0.783589 -1.17123 -3.93444 0.529337 1.26545 -2.68526 -0.853612 -1.40406 -7.6056 0.536547 1.39655 -2.16337 4.68346 1.71292 -4.96272 1.11502 1.77086 -1.43903 0.883363 -0.155503 1.87327 
4.75968 0.00461116 -0.125088 -0.226913 -0.72589 -0.239935 -0.191243 -0.283103 -0.180365 0.0881362 -0.29082 -0.0448844 -0.0136829 -24.0065 2.01806 6.96846 0.906456 2.48734 -0.320865 -2.17765 -3.48886 0.696937 -0.12172 -2.43748 -0.434296 -0.481335 -4.3798 -3.16277 -1.46855 0.0234278 4.73847 0.47052 -0.892322 2.87117 -0.661615 -3.77192 3.88638 -0.0449261 1.52068 
4.44344 0.14195 -0.0908057 -0.274511 -0.573001 -0.328869 -0.24367 -0.291267 -0.17458 0.0782524 -0.286558 -0.0819295 -0.0109119 -21.1568 -0.464418 4.45391 -1.29529 3.52668 0.538307 -2.74176 -1.38248 0.964776 0.0131896 -1.35641 0.143198 0.492751 2.67414 -6.6748 -4.89846 -0.505915 2.48022 0.550243 2.39821 3.98047 -1.52485 -2.75593 4.07001 0.766464 1.58222 
4.06599 0.0513818 0.0926513 -0.170731 -0.525655 -0.280675 -0.378668 -0.332282 -0.212301 -0.0231879 -0.108363 -0.129264 -0.100832 -11.5992 -3.37794 2.23201 -3.18631 3.33657 1.09691 -2.34456 0.470514 1.38723 0.416214 0.0407794 0.554766 1.09357 15.779 -7.52168 -7.20817 -3.05549 -0.960681 0.497055 4.06845 4.08474 -0.504194 0.602216 2.05339 1.6624 1.38751 
3.34797 -0.0252897 0.0851498 -0.0958814 -0.299663 -0.311746 -0.282245 -0.276821 -0.136765 -0.0853232 -0.203798 -0.0828076 0.0351399 -1.62257 -6.1806 0.966756 -3.4518 2.19865 1.23952 -0.661579 1.59737 1.61934 0.666477 0.950481 0.963954 1.10959 28.1083 -6.21113 -5.08889 -4.13504 -4.80103 0.708684 3.05763 2.70643 0.862754 3.63605 0.397978 1.6701 -0.0801952 
2.87195 -0.177999 0.144004 -0.143807 -0.217756 -0.287481 -0.274785 -0.281951 -0.287957 -0.280126 -0.133176 -0.0437822 0.0509302 5.09303 -8.77961 -0.196519 -1.80902 0.757669 1.3229 1.15826 1.04629 1.49361 0.131683 1.05518 2.16099 0.653095 28.2425 -3.27703 -1.218 -1.14503 -6.06294 0.923588 1.81147 -0.635053 2.39959 3.92814 -1.4166 1.52377 -1.14802 
3.91054 -0.519336 -0.345767 -0.597142 -0.316427 -0.173184 -0.267535 -0.00290161 -0.177377 0.0836659 -0.0669111 0.0103166 0.130866 9.57652 -8.25947 0.269097 -0.0636414 -1.52598 1.13582 0.94471 -0.428807 1.50295 -0.321336 -0.0525402 2.03424 0.30966 10.198 2.09376 4.65676 6.15072 -4.51456 -0.70425 0.0732316 -5.14158 1.01147 -1.11729 -2.48208 0.238209 -2.17412 
5.07835 -0.67662 -0.248821 -0.646665 -0.473651 -0.194061 -0.20897 -0.0405923 -0.0347966 0.162531 -0.0460241 0.038157 0.0659616 12.735 -4.72738 0.565989 0.451618 -3.01572 0.185659 0.681445 -1.28347 1.16075 -0.397658 -0.308911 0.949393 -0.22862 -11.0747 7.71517 5.75501 8.67722 -1.65559 -1.80813 -1.91467 -6.0025 -1.52425 -4.72086 -1.73006 -1.87542 -1.83677 
5.16436 -0.811254 0.0547447 -0.44503 -0.557854 -0.205753 -0.11639 -0.0858729 -0.00368087 0.136797 -0.137963 0.086652 0.0222335 13.6073 -1.15065 1.40433 0.923515 -4.16716 -0.310848 0.443241 -2.47339 0.844957 -0.32806 0.377604 -0.636946 -1.17055 -18.8071 11.3485 2.26684 4.50306 0.816406 -2.3872 -2.30243 -3.63198 -2.65653 -4.25124 0.360783 -4.0406 -0.701181 
4.84542 -0.987877 -0.00491511 -0.187996 -0.569644 -0.0794936 -0.0856638 -0.389901 -0.0137367 -0.0579583 -0.203862 0.261936 0.0174037 10.2382 2.15656 2.01206 2.15276 -3.93754 -1.25453 0.758167 -3.38642 0.836288 -0.523568 0.616024 -1.99538 -1.41538 -12.0849 10.5474 -0.966827 -2.12935 1.68486 -2.53046 -0.941745 0.867442 -2.21634 -0.430437 2.87685 -5.2608 -0.0414045 
4.7932 -0.625835 0.163052 0.0228167 -0.728436 -0.272152 -0.326626 -0.511069 -0.0775987 -0.197728 -0.282774 0.0280153 -0.019478 2.72775 4.84804 3.00319 3.23485 -2.82177 -2.08302 1.13925 -4.33488 -0.0808583 -1.40206 0.774572 -3.02481 -1.40087 -1.7042 3.73058 -3.74886 -6.18469 2.27032 -0.766526 2.32244 3.36143 -0.188334 3.78214 3.34144 -2.77244 0.692789 
4.86561 -0.202135 0.150054 -0.162783 -0.721704 -0.359807 -0.307368 -0.402745 -0.147024 -0.162665 -0.0732529 -0.146976 -0.0731021 -2.19086 6.00285 1.75138 2.1017 -2.03944 -1.84102 1.23662 -3.18411 -0.885569 -0.831865 0.885199 -2.99621 -0.884655 1.68003 -3.33873 -2.42247 -3.81872 1.64063 0.891586 3.34763 2.53957 0.881939 3.84975 0.504398 1.22463 1.04572 
4.87144 -0.163786 0.116308 -0.275417 -0.73349 -0.314371 -0.148279 -0.463161 -0.0863796 -0.0596144 -0.00694848 -0.229443 -0.0771609 -2.55809 5.87919 0.514554 0.435902 -1.14064 -1.68016 0.964247 -1.46692 -0.704416 0.00696553 1.29089 -2.53921 -0.626624 -0.959967 -6.1749 -0.53689 -0.104006 1.25418 1.59483 1.20849 2.01153 0.542967 1.4563 -1.99511 4.22637 0.941167 
4.90997 -0.189119 0.0739488 -0.205813 -0.722671 -0.39575 -0.0729279 -0.495986 -0.0725393 -0.0573283 0.025675 -0.255581 -0.066936 -3.23609 4.32396 0.279678 -0.491943 0.566436 -1.11333 0.937235 -0.220492 -0.56763 1.19805 1.25184 -2.07944 -0.483868 -4.46118 -5.24993 0.27839 1.63528 1.82538 2.22582 -1.82128 1.06821 -0.130702 -0.548687 -2.647 4.38066 0.409592 
4.86018 -0.19312 0.0934302 -0.210178 -0.709272 -0.418285 -0.0133847 -0.553221 -0.094613 0.0224274 -0.0252019 -0.265306 -0.0473554 -8.14851 1.18219 -0.160123 -0.236663 2.39602 0.170749 0.938651 0.246928 -0.555969 0.864256 0.305992 -0.0448761 -0.00683032 -8.30444 -2.52723 0.692942 1.81569 2.79209 1.60799 -3.8136 1.05241 -0.581363 -2.04662 -1.84745 2.41018 -0.0085787 
4.70694 -0.154398 0.132264 -0.213913 -0.792171 -0.326234 -0.0280247 -0.445043 -0.156393 0.00549859 -0.09302 -0.123803 -0.04642 -13.3931 -1.89545 -0.8433 -0.0142957 3.66784 1.01947 -0.187949 0.654477 -0.567188 0.294773 -0.676269 1.32182 0.594957 -11.091 -2.2085 -0.846534 -0.0953531 4.14564 1.06579 -2.95883 0.726197 -0.35737 -1.65705 -0.0908966 0.341279 0.309472 
4.58412 -0.186176 0.134336 -0.189362 -0.685458 -0.358687 -0.133788 -0.366861 -0.0829064 -0.0454663 -0.0518887 -0.0850339 -0.0741576 -11.8688 -3.0303 -2.25523 -1.40454 3.44131 1.02745 -1.70046 1.72822 0.157529 0.128564 -0.128171 2.20826 0.8694 -5.66668 -2.91492 -3.00831 -2.67865 1.88637 0.553036 -1.18136 0.569123 0.72553 -0.263624 1.06394 -0.0684711 1.00697 
4.27536 -0.253165 0.101156 -0.142593 -0.431089 -0.283734 -0.169378 -0.509516 -0.14492 0.0227648 -0.0496184 -0.175757 -0.083346 -8.28445 -3.78035 -2.87578 -1.74535 3.40288 1.66291 -1.64109 2.4805 1.04145 0.227175 0.12332 2.9515 0.839139 6.82199 -2.59599 -3.56003 -3.31031 -1.84364 -0.170341 0.66691 1.73439 2.26968 0.662515 1.55719 1.11061 0.991509 
3.39318 -0.289499 0.136102 -0.0924946 -0.354033 -0.281741 -0.213927 -0.430144 -0.198942 -0.143517 -0.171858 -0.0667666 -0.0201333 -4.30418 -3.6667 -3.03736 -1.01655 2.53945 1.36198 -1.48476 1.92908 0.944773 -0.2744 0.0432426 2.6942 0.476728 19.7921 -0.484756 -2.00855 -1.41564 -4.58067 -0.554504 1.78234 0.676643 2.14406 1.40889 1.15976 0.882106 -0.277398 
3.01235 -0.551425 -0.0994467 -0.340363 -0.241081 -0.20032 -0.226793 -0.303714 -0.171135 -0.0491178 -0.0743194 -0.0235073 0.0477718 1.61179 -1.64166 -3.61528 -0.521785 1.05814 -0.0556133 -1.84148 2.74998 1.03027 -0.41636 0.359153 1.97167 -0.0254891 22.9936 4.45992 1.01367 2.87827 -5.51937 -1.85889 0.94542 0.310154 0.474127 -0.0551497 -0.256566 -0.131955 -1.90638 
4.16884 -0.57675 -0.331012 -0.60231 -0.502245 -0.282978 -0.322387 -0.220729 0.0762457 0.0450245 0.0984825 0.0622862 0.0497786 6.87993 0.820555 -4.2476 -0.128922 -1.04778 -0.576893 -2.06878 4.00666 0.554476 -0.296571 0.733638 1.61085 0.0983257 10.8565 7.63081 2.42991 5.6341 -3.05752 -2.24519 -0.636055 0.67359 -2.38832 -1.42531 -1.10735 -1.98524 -1.88573 
4.50239 -0.622139 -0.211252 -0.309044 -0.385622 -0.163696 -0.132029 -0.180072 0.0960598 0.0343385 -0.0156161 0.181886 0.00939625 11.044 3.18331 -4.86489 0.517411 -2.18676 -1.53711 -2.6223 5.22075 0.404135 -0.668033 1.54638 0.991602 0.376476 -1.76067 7.96341 0.170086 3.27924 -0.916706 -2.50741 -2.9321 1.77986 -3.30102 -1.58855 0.392006 -3.30351 -0.0710335 
4.46094 -0.489138 -0.125448 -0.137049 -0.518429 -0.258401 -0.197919 -0.394195 -0.120782 -0.0950773 -0.141455 0.0672552 -0.064783 13.4761 5.07504 -5.32727 1.58876 -1.91505 -2.61689 -2.69079 5.17239 -0.236925 -0.442004 2.03217 -0.046845 0.561289 -8.44221 4.38843 -2.66889 -0.138421 1.7305 -1.75426 -2.48615 3.24107 -1.57942 -0.455562 2.09851 -2.0694 2.20997 
4.89485 -0.0812929 -0.303737 -0.172914 -0.638587 -0.475061 -0.431857 0.0458772 -0.0597056 -0.114306 -0.0206438 0.043812 -0.123672 11.2012 6.43858 -4.93975 2.87212 -1.11603 -3.52265 -2.78674 4.85296 -1.2327 -0.828494 1.64249 -0.598573 1.0016 -8.98401 -1.60568 -3.05333 -1.87274 3.66335 -0.319756 0.149327 0.222946 -0.303035 0.975478 1.89543 -0.597908 3.16039 
4.9331 0.00755633 -0.465169 -0.184404 -0.673447 -0.38024 -0.485818 0.169373 -0.114077 -0.0618903 0.0799122 0.0346422 0.0125873 5.68573 6.11573 -4.91475 2.86819 0.338875 -3.79463 -2.6404 4.5421 -2.25219 -0.835296 1.4017 -0.839626 1.68698 -4.33543 -4.4674 -0.824772 -1.43553 3.42108 -0.478576 2.1336 -2.55516 0.531043 1.1559 -0.00268899 0.874566 1.73761 
4.86715 0.0629027 -0.613361 -0.144348 -0.53542 -0.462911 -0.54962 0.214605 -0.113993 -0.137844 0.181294 -0.0388156 0.100595 4.32425 4.87351 -5.33404 1.43673 0.50636 -4.05108 -2.5791 4.19913 -2.21319 -0.324771 1.86629 -0.701517 2.30421 -1.61038 -4.87806 2.29674 -0.0995247 1.56952 0.201596 3.07695 -3.61941 -0.191848 0.984661 -2.14522 1.7751 -0.126775 
4.89087 0.0911497 -0.720079 -0.0853015 -0.4632 -0.612547 -0.487832 0.222677 -0.166927 -0.0968549 0.155015 -0.0186563 0.132434 3.9722 2.64197 -4.61829 1.03287 1.03561 -3.35137 -1.16358 3.53633 -1.83131 0.242749 1.74935 0.0814677 2.42419 0.456808 -3.4082 3.68959 -0.104829 -1.22888 0.882932 1.91831 -2.82557 -0.63863 0.243212 -2.06936 1.30822 -1.38697 
4.97071 0.0906005 -0.7566 -0.0806004 -0.43572 -0.653737 -0.518624 0.23874 -0.193582 -0.0720372 0.140108 0.00606028 0.171239 3.14647 0.185546 -2.74359 1.44458 0.586414 -2.49939 0.471599 1.34818 -2.3136 0.446852 0.795948 0.3039 2.02391 1.97908 -1.89274 3.36146 -0.125835 -2.97806 1.45942 1.26563 -0.767551 -0.361889 0.0809957 -0.789994 0.545964 -1.69566 
5.03099 0.0914356 -0.775967 -0.0896114 -0.433359 -0.690069 -0.518144 0.250067 -0.232927 -0.0772444 0.133395 0.0478615 0.195466 3.99381 -0.864573 -0.907302 1.59509 -0.809039 -2.01842 1.24497 0.515244 -2.35333 0.687021 0.212639 0.18139 0.97033 1.44527 -1.608 2.83052 0.332068 -3.4229 2.26719 1.31025 -0.561252 -0.239862 0.331812 0.0941918 -0.65885 -1.35485 
5.12854 0.0539622 -0.766714 -0.0563732 -0.47683 -0.7053 -0.49275 0.276755 -0.292977 -0.0726219 0.145669 0.0532522 0.212844 4.73853 -1.60852 0.710728 1.45244 -2.60207 -0.659264 1.79286 -0.0972128 -2.29358 1.17865 -0.0614731 -0.117861 0.255235 0.514965 -1.16072 2.26812 0.460256 -2.85418 2.18306 1.11396 -1.02033 0.266351 0.56103 0.277159 -1.5952 -1.14023 
5.20389 0.0210483 -0.74158 -0.0295694 -0.525813 -0.720943 -0.43473 0.270348 -0.324334 -0.0744274 0.154703 0.0627133 0.179776 4.83601 -2.09898 1.93516 1.19242 -3.66234 0.558471 1.95426 -0.592214 -1.89023 1.14906 0.152021 -0.809054 -0.257141 -0.0836334 -0.666392 1.79291 -0.00731847 -1.91732 1.91661 0.592066 -1.32426 0.721758 0.78442 0.0581449 -1.79038 -0.789391 
5.31265 -0.0406266 -0.691678 0.0291949 -0.639465 -0.703807 -0.37313 0.269269 -0.374422 -0.0307034 0.145468 0.0360702 0.185032 4.51284 -2.33593 2.82129 0.848661 -4.11434 1.29369 2.20115 -1.22098 -1.30604 1.17847 0.167346 -1.37318 -0.594957 -0.813372 -0.0707747 1.34317 -1.06875 -0.342875 1.52263 -0.289688 -1.38054 1.38593 0.27406 -0.0393645 -1.27016 -0.423612 
5.40146 -0.0867297 -0.619978 0.0502897 -0.756089 -0.637083 -0.339963 0.223847 -0.403535 0.0184418 0.158707 -0.0286574 0.15777 3.93495 -2.36398 3.40873 0.427542 -4.10929 1.84583 2.10055 -1.66431 -0.699868 1.27154 0.112722 -1.83568 -0.794573 -1.50663 0.382701 0.723648 -1.6512 1.1718 0.633181 -0.737402 -0.868894 1.59929 -0.406919 -0.155288 -0.328305 -0.0389578 
5.45465 -0.122608 -0.551813 0.0471612 -0.841286 -0.576572 -0.305906 0.16909 -0.39666 0.0489735 0.15515 -0.0794979 0.142428 3.00327 -2.12074 3.62857 -0.0797819 -3.7225 2.19017 1.69175 -1.95648 -0.146483 1.224 0.00397751 -1.90567 -0.893875 -1.88599 0.610393 0.0894687 -1.41139 1.87978 -0.114827 -0.937644 -0.123206 1.19715 -0.700276 -0.184885 0.487038 0.130745 
5.50566 -0.160961 -0.486634 0.0256398 -0.872587 -0.55767 -0.2778 0.141843 -0.38151 0.0413304 0.169133 -0.114196 0.115559 1.88686 -1.74352 3.60769 -0.592894 -2.99806 2.32601 1.16495 -2.03519 0.321876 1.06672 -0.152326 -1.69268 -0.815906 -2.18676 0.794642 -0.441925 -0.738494 1.74671 -0.36261 -0.933065 0.339354 0.584991 -0.489539 -0.326958 0.993 0.170964 
5.53047 -0.188856 -0.406127 -0.0266055 -0.895087 -0.514943 -0.265708 0.0801207 -0.337013 0.0496341 0.149399 -0.126474 0.12314 0.622915 -1.21858 3.32333 -1.01558 -2.00447 2.10631 0.882393 -2.25772 0.851002 0.752661 -0.339399 -1.14575 -0.777404 -2.20822 0.886796 -0.859736 0.0566344 1.25666 -0.439732 -0.616335 0.360674 0.0858175 -0.187365 -0.370372 1.1191 0.117259 
5.5269 -0.205947 -0.356663 -0.037148 -0.923146 -0.484825 -0.258559 0.0707613 -0.340719 0.0711511 0.149142 -0.158917 0.10686 -0.55419 -0.747296 2.93294 -1.09773 -1.20826 1.67961 0.88571 -2.27526 1.09859 0.57092 -0.575757 -0.616445 -0.547109 -2.06433 0.922582 -0.91903 0.332408 0.927421 -0.485824 -0.0260132 -0.176695 0.123904 -0.0644559 -0.408422 1.01839 0.191319 
5.50214 -0.213304 -0.32437 -0.0365721 -0.952519 -0.449132 -0.271191 0.0524007 -0.341519 0.0783026 0.146262 -0.154287 0.0855609 -1.58218 -0.309261 2.49578 -0.955418 -0.643754 1.21766 0.954204 -2.22247 1.04344 0.60638 -0.74161 -0.326765 -0.258568 -1.73993 0.822437 -0.782158 0.329381 0.836251 -0.785775 0.652799 -0.519803 0.207031 0.0385896 -0.404665 0.565951 0.495813 
5.45181 -0.209153 -0.283219 -0.0663072 -0.943557 -0.421982 -0.270699 0.0229874 -0.314861 0.0839789 0.122246 -0.140815 0.0806797 -2.47437 0.0968869 2.1462 -0.728263 -0.3085 0.861395 1.11138 -2.30017 1.00602 0.615608 -0.841865 -0.117497 0.0226717 -1.23516 0.597674 -0.541719 0.352716 0.640105 -1.01029 0.930223 -0.455447 0.0651163 0.0282371 -0.158571 0.0447681 0.696904 
5.40156 -0.196861 -0.259629 -0.0796879 -0.931724 -0.420487 -0.226647 -0.0684011 -0.265945 0.0861893 0.0974058 -0.117674 0.0791064 -3.40094 0.53428 1.86222 -0.61245 0.159803 0.462348 1.33023 -2.45075 1.13266 0.454987 -0.904421 0.117009 0.105945 -1.08283 0.49102 -0.232136 0.196455 0.536079 -0.834663 0.585761 -0.0895312 -0.0440696 -0.0691048 0.0193063 -0.189729 0.594371 
5.33674 -0.187656 -0.228028 -0.0805417 -0.940483 -0.418539 -0.180159 -0.100492 -0.259122 0.104769 0.0823039 -0.133874 0.0953183 -4.28025 0.8423 1.88715 -0.618402 0.49473 0.372907 1.3521 -2.82633 1.36978 0.451886 -1.18491 0.427489 0.225456 -1.24698 0.463089 0.0690396 0.031067 0.502958 -0.271488 -0.136039 -0.090011 0.10699 -0.159021 -0.0848341 0.155902 0.104103 
5.26902 -0.175098 -0.213431 -0.0782262 -0.927881 -0.439443 -0.157081 -0.118571 -0.26959 0.131505 0.0675896 -0.155356 0.121529 -5.07555 0.980907 2.0963 -0.594725 0.901718 0.26222 1.14096 -2.87464 1.34703 0.498451 -1.23473 0.58025 0.342267 -1.53696 0.349606 0.495622 -0.141817 0.585579 0.353726 -0.855193 -0.244545 0.31021 -0.189977 -0.231075 0.715737 -0.323127 
5.20338 -0.160314 -0.17511 -0.0852347 -0.921647 -0.43925 -0.131761 -0.168354 -0.240265 0.115048 0.0656569 -0.143583 0.12982 -5.95924 1.1116 2.34762 -0.644759 1.49543 0.291074 0.756947 -2.92141 1.43559 0.468775 -1.12838 0.69463 0.251444 -1.82772 0.197048 0.766484 -0.294216 1.00873 0.6126 -1.24032 -0.298346 0.36938 0.0285514 -0.24352 0.808395 -0.463846 
5.0682 -0.113988 -0.146003 -0.119267 -0.869349 -0.439242 -0.10794 -0.236876 -0.179088 0.0986589 0.0352296 -0.109922 0.110763 -6.68816 1.08261 2.47834 -0.602464 2.2538 0.393827 0.574344 -2.83257 1.1779 0.494789 -0.889498 0.777703 -0.194683 -1.47034 -0.17764 0.625894 -0.027665 1.37055 0.432621 -0.850907 -0.0849313 -0.207108 0.26237 0.261437 0.34491 -0.593514 
4.93964 -0.0997192 -0.0842532 -0.120629 -0.873758 -0.385643 -0.129832 -0.31065 -0.156484 0.141992 -0.0280631 -0.0745134 0.109147 -7.24149 0.817164 2.6982 -0.128071 2.72653 0.586606 0.690046 -2.90618 0.94361 0.759681 -1.02798 0.589426 -0.517031 -0.854019 -0.567293 0.2412 0.634464 1.45671 0.000827014 0.26721 0.306694 -0.836411 0.417483 0.571098 -0.621793 -0.64265 
4.8174 -0.098424 -0.0195608 -0.123549 -0.815336 -0.396277 -0.163054 -0.314829 -0.171686 0.150601 -0.0144377 -0.0603988 0.125323 -7.92734 0.377506 2.8975 0.736698 2.95333 1.35397 0.809747 -2.43354 0.490263 0.113334 -1.34866 0.670487 -1.04975 -0.50613 -0.922644 -0.125431 1.68264 0.766678 0.51537 1.22452 0.709529 -1.21289 -0.300318 -0.0417924 -0.897988 -0.921018 
4.64888 -0.0643272 0.0348913 -0.164297 -0.704987 -0.38387 -0.166607 -0.38789 -0.100601 0.142464 -0.0126928 -0.0511529 0.104655 -8.23206 -0.26197 2.57235 1.67194 3.31586 2.03628 0.898218 -1.98485 -0.0476575 -0.166907 -1.51102 0.217064 -1.54538 -0.134146 -1.37602 -0.559482 2.59824 -0.174236 1.39145 1.30089 1.1153 -1.41151 -1.04496 -0.777858 -0.895721 -1.04118 
4.53716 -0.0721895 0.0431168 -0.135977 -0.613141 -0.383017 -0.0907218 -0.427293 -0.160258 0.165331 0.0107224 -0.0500353 0.0267039 -8.17173 -0.76607 1.66166 2.05322 3.37248 2.58308 0.995718 -1.38993 -0.514879 -0.384874 -1.15563 -0.235832 -1.71068 -0.0908604 -1.24959 -1.32873 1.93547 -0.708388 1.98668 0.272417 1.3083 -0.7669 -1.40411 -0.780953 -0.626501 -0.552255 
4.41521 -0.11243 0.1175 -0.0286445 -0.616738 -0.352639 -0.0262161 -0.466239 -0.1769 0.242626 -0.0804483 -0.124104 0.0461216 -7.11031 -1.33221 0.665139 1.30808 3.32324 2.07366 1.21278 -0.212233 -0.128846 -0.803175 -1.48077 -0.435806 -1.63231 1.11416 -0.930428 -2.29298 -0.809788 -0.512589 0.753087 -0.765062 1.84178 0.449609 -1.24057 -0.237238 -0.0323658 0.0847447 
4.21652 -0.146381 0.16714 0.0827776 -0.588527 -0.194465 -0.0332189 -0.389024 -0.217933 0.0307013 -0.151584 -0.0381277 -0.0349811 -6.09772 -1.87375 -0.475703 -0.19191 2.01811 1.34011 1.1333 0.608207 0.824013 -0.543017 -1.68593 -0.0200754 -1.18028 2.72101 -0.59991 -2.87824 -4.37389 -1.10688 -2.17285 -1.00785 1.77077 2.19565 0.733114 0.492202 0.372255 1.33599 
4.1164 -0.201715 0.116574 0.138332 -0.482358 -0.13358 -0.0331382 -0.444545 -0.215695 0.0702901 -0.152086 -0.120959 -0.0910483 -6.47446 -2.50659 -2.04945 -1.08509 0.964728 1.52608 1.0108 1.45555 0.247887 -0.607677 -0.841008 0.00383117 -0.172427 1.81252 -0.494344 -2.88588 -5.57462 -2.15073 -2.98886 -0.468371 1.7084 1.84564 1.27127 1.2822 0.94248 2.42373 
4.00156 -0.193005 0.00478767 0.0627393 -0.455246 -0.0912323 -0.0315454 -0.427251 -0.221202 0.091126 -0.0751483 -0.126944 -0.0719748 -6.90179 -2.7481 -2.83946 -1.68764 0.210995 1.77836 0.30552 1.78723 0.332612 -0.632364 -0.059853 -0.198407 0.454585 -0.436385 -0.724735 -1.71756 -2.97071 -2.57389 -1.43068 -0.200368 0.871142 0.106074 0.993492 1.62984 0.464222 2.16404 
4.12034 -0.274595 -0.00807717 -0.139328 -0.430484 -0.268293 -0.0063793 -0.260631 -0.079594 0.0555486 -0.242448 -0.10163 -0.0376842 -7.33883 -3.01446 -4.05552 -2.51607 -0.0477223 1.68748 0.163289 1.93264 0.13153 -0.718173 0.753922 0.123505 0.790041 -3.62348 -0.608673 -1.03148 1.20837 -1.7354 1.88006 -0.174524 -0.66655 -2.2338 0.0193693 2.24196 -0.226584 1.05917 
4.03187 -0.326431 -0.0868642 -0.331356 -0.629229 -0.34859 -0.027758 -0.263666 0.0587317 0.16022 -0.202759 0.0101082 0.0206409 -7.06941 -3.01584 -4.45914 -2.75456 -0.488033 0.965932 0.937839 2.27358 0.342063 0.410054 0.826492 -0.819851 0.855156 -3.39789 -0.13975 -0.194492 3.85553 0.5759 2.9771 0.570889 -0.578833 -2.69012 -0.772926 1.06156 -1.62411 -0.947697 
3.6104 -0.407555 -0.276608 -0.228683 -0.578187 -0.0961514 0.0285328 -0.239971 -0.250708 0.0728109 -0.000942421 -0.0843356 0.117247 -6.92293 -2.55418 -4.33395 -2.3627 -0.68312 0.980907 0.851155 2.89533 0.139294 0.0903988 1.28002 -0.89113 0.513277 0.681568 0.865525 0.701017 2.69649 1.53585 0.472433 0.641033 0.199649 0.0381448 0.049503 -0.577291 -1.67232 -2.38026 
3.50666 -0.429627 -0.213003 -0.131377 -0.581923 -0.0200524 -0.0648237 -0.258843 -0.194107 0.0735279 -0.0156921 -0.158413 0.0458541 -6.88345 -2.41498 -4.19417 -1.49212 -0.368859 1.17311 1.0241 2.12764 -0.426604 0.22499 1.67686 -0.871358 0.031166 3.33961 1.30342 0.388881 0.0854215 1.39183 -1.86722 1.01866 0.593424 1.15398 0.695193 -0.708186 -0.381515 -1.85443 
3.35832 -0.517335 -0.391768 -0.215014 -0.542211 -0.0159515 0.00652737 -0.223897 -0.214364 0.0124292 -0.0375559 -0.0555879 0.0557037 -6.84205 -1.89621 -4.03667 -0.71336 0.366037 1.41563 1.21942 1.57122 -0.965213 -0.386244 1.67161 -0.930186 -0.232304 3.99146 1.33365 0.882608 -1.21527 0.787914 -2.64247 0.371041 0.131789 1.23031 0.221334 -0.625053 0.592688 -0.55587 
3.39266 -0.512075 -0.390361 -0.221456 -0.565381 -0.119828 0.179403 -0.0754847 -0.104184 0.181094 -0.120964 -0.280708 -0.0289033 -5.18594 -1.25541 -3.33424 -0.435854 1.34464 0.545954 1.354 0.548736 -0.979509 -0.738476 1.26174 -0.323189 -0.441208 2.01136 0.93198 0.691905 -0.999479 0.493435 -1.38005 -0.75993 -2.47395 -0.457085 -1.11244 0.506957 2.69909 1.0938 
3.35465 -0.453787 -0.447172 -0.251347 -0.5265 -0.0752114 0.0242525 -0.00411073 -0.13804 0.0686465 0.0530687 -0.209309 -0.0480299 -3.68059 -0.664567 -2.38236 -0.979065 1.34617 -0.614167 1.44472 0.492229 -0.446352 -1.12198 0.401212 0.309101 -0.274647 -0.0429363 0.34509 1.06376 0.259725 0.593943 -0.133793 -0.0625391 -2.95484 -1.74254 -1.85494 -0.334625 2.05474 1.79684 
3.23759 -0.54209 -0.533896 -0.284645 -0.516367 -0.0771974 0.103428 -0.185839 -0.211647 0.142209 0.0906836 -0.125803 -0.0162662 -3.29864 -0.300121 -1.88035 -1.24113 2.14467 0.0414025 1.18557 -0.0499204 -0.940506 -1.20399 0.791995 0.459334 -0.205491 0.0360346 0.599824 1.97242 0.731064 1.01482 0.978753 -0.510231 -1.366 -0.866576 -1.49923 -0.882923 0.43286 0.643034 
3.16192 -0.543176 -0.55235 -0.31885 -0.453601 -0.103456 0.141171 -0.0899666 -0.196929 -0.0523132 -0.0453162 -0.139183 0.0332479 -2.78891 -0.205632 -0.563568 -1.21976 2.70681 -0.385916 0.060869 -1.52873 -1.18567 -1.18434 0.942404 0.572758 0.141763 0.523224 0.259907 2.06864 0.18573 1.22158 0.702594 -1.07238 -0.862045 -0.21855 0.492975 -0.107294 -0.692741 -0.327555 
3.2072 -0.498224 -0.53932 -0.286977 -0.423215 -0.163236 0.137707 -0.330433 -0.236791 0.0210495 0.0701129 -0.00742855 0.0303318 -1.91871 -0.994506 0.662593 -1.73225 2.92621 -0.865747 -0.0726272 -2.2733 -0.717734 -1.44561 0.351914 0.884614 -0.0980124 1.62323 -0.836215 2.48466 -0.923502 0.880618 -0.41322 -0.990703 0.419826 1.3524 1.49092 -0.485311 -2.05905 -1.34556 
3.05181 -0.501825 -0.511287 -0.289034 -0.417233 -0.109211 0.189486 -0.102597 -0.312135 -0.126233 -0.014025 -0.117228 0.0682957 -1.05286 -1.33029 1.15187 -1.22161 1.64615 -0.716438 -0.0553602 -1.89509 -0.213875 -0.990067 -0.108377 0.65483 -0.213913 2.69714 -1.5123 1.52282 -0.847262 -0.99407 -1.10298 -1.27668 -0.314406 1.99538 1.64807 0.141297 -0.426196 -1.22018 
3.05279 -0.500868 -0.492679 -0.336509 -0.228798 0.0890077 0.0859677 -0.21336 -0.274879 -0.0132115 0.0937165 -0.151521 -0.0648996 -0.845358 -0.299754 1.09974 -1.34617 1.23953 -0.33553 -0.862392 -0.93458 -0.0655848 -0.567863 0.42198 0.298665 -0.47959 1.67908 -0.539938 -0.239209 -0.223698 -3.08627 -1.36095 -0.201091 0.55734 1.18213 0.787576 -0.101769 0.710703 0.0117452 
3.07501 -0.564095 -0.422508 -0.414239 -0.195866 -0.230548 0.000634291 -0.417282 -0.289426 -0.0101961 0.0757245 -0.0849226 0.0483294 -0.94293 0.28205 0.711912 -1.3907 0.745654 -0.197894 -1.23718 -0.708637 -0.269044 0.289786 0.870966 0.219593 -0.525369 -0.336183 1.86596 -2.01685 0.75658 -3.09373 1.06043 0.23518 2.36272 -0.244802 -0.0230829 0.293715 0.677452 0.409812 
3.24264 -0.708919 -0.274085 -0.513872 -0.234679 -0.301426 0.175611 -0.317014 -0.10966 -0.0249869 -0.0593163 -0.145474 -0.110121 -1.4638 0.652059 0.682374 -1.04934 0.158467 -0.40357 -1.33107 0.5029 0.0452487 0.133723 0.549491 0.0195985 -0.228901 -2.80442 3.69061 -2.51762 1.63374 -1.36387 1.86904 -0.599389 2.13547 -1.86552 -0.00998548 1.25607 0.501986 1.34865 
3.16971 -0.650117 -0.430645 -0.324751 -0.503701 -0.0856641 0.0394783 -0.245112 -0.212228 -0.065967 0.072053 -0.0219558 -0.0148498 -1.58618 0.966374 0.341221 -0.623195 -0.498852 -0.646304 -1.12404 0.255849 0.176588 0.508157 0.840208 0.358385 -0.17399 -3.06281 2.44275 -0.689032 0.709443 1.2598 0.480287 0.107659 1.3596 -1.14833 0.0429063 0.298036 -0.850482 0.693072 
2.99689 -0.415907 -0.505053 -0.472013 -0.318519 -0.0749943 -0.0076398 -0.231164 -0.285811 0.00449205 0.150429 -0.0781105 -0.0248724 -2.18232 1.4389 0.23088 -0.128158 -0.848683 -0.586065 -0.775142 0.778835 -0.524052 -0.434621 0.604878 0.443892 0.141398 -0.894778 -0.533749 1.27803 0.728778 1.4178 -0.677556 0.475961 -0.605741 0.00488517 -0.516259 -0.50842 -0.565927 -0.116832 
2.97751 -0.408243 -0.495041 -0.465548 -0.301005 -0.133276 -0.00652018 -0.244407 -0.318683 0.00536221 0.107408 -0.0804208 -0.0038131 -3.15027 1.58598 -0.297622 -0.0210326 -0.158905 0.90582 -0.589021 1.18376 -0.869815 -0.737291 0.610388 0.572046 0.0594726 0.379099 -2.32577 1.4928 0.0136449 0.911291 -0.737045 0.850658 -1.37039 0.512208 -1.21233 -0.964138 0.311106 -0.370392 
2.90126 -0.426371 -0.372689 -0.371546 -0.34895 -0.200299 -0.0109626 -0.132491 -0.234402 -0.0391254 0.088973 -0.0825812 0.0229694 -3.44088 1.58575 -0.266262 -0.0906267 0.357846 0.000349622 -1.3577 0.241992 -0.999614 -0.397837 0.762214 0.851296 0.606642 1.19933 -2.12026 0.24076 -0.830506 0.337223 0.0623743 0.311957 -1.54191 0.310171 -0.682037 -0.666039 0.929723 -0.44817 
2.87911 -0.467283 -0.421965 -0.403365 -0.378303 -0.159051 0.0305621 -0.207186 -0.23968 0.00509275 0.131307 -0.0984282 -0.0363445 -2.7118 0.669239 0.636745 -0.49256 0.918661 -0.879223 -0.974187 -0.214418 -0.212912 -0.226426 -0.341218 0.193869 0.266143 0.759279 -0.590048 -0.581549 -0.562863 -0.0134011 0.216447 -1.0279 -0.792786 0.0638728 0.207911 -0.515403 0.696806 0.46652 
2.87288 -0.415495 -0.369965 -0.412668 -0.297679 -0.149792 -0.0254773 -0.26866 -0.354217 -0.144096 0.120266 -0.0472489 -0.0353492 -1.94289 -0.177204 0.889898 -0.311149 0.306771 -0.850258 -0.645246 0.113861 0.22617 -0.595091 -1.06195 0.475743 0.356925 0.518229 0.283817 -0.418813 -0.688987 -0.0407758 -0.678362 -0.635477 0.500912 0.891036 1.41423 -0.96342 -0.442646 0.60706 
2.73397 -0.476469 -0.462434 -0.48121 -0.243433 -0.0497992 0.00948389 -0.201239 -0.322588 -0.129812 0.079372 0.0237741 0.00590553 -1.56938 -0.047844 0.640911 -0.416597 0.50099 -0.372907 -0.432984 0.404036 0.416452 -0.417182 -0.770046 0.280076 0.0109383 1.24263 0.46245 0.563643 0.349245 -0.47437 -0.966925 0.305382 1.24118 1.11331 1.02505 -0.775398 -1.35386 -0.0979703 
2.79583 -0.428164 -0.402621 -0.464403 -0.331513 -0.284395 -0.141669 -0.279978 -0.262341 -0.00220079 0.134855 0.022124 0.0393441 -1.25193 0.00421304 0.559917 -0.429662 0.592007 -0.179603 -0.547907 0.306641 0.308857 -0.1819 -0.500797 0.393079 0.057889 0.726624 0.00375909 0.74103 0.868435 -0.140021 0.727543 1.44402 1.64485 0.561699 -0.323218 0.00634596 -0.891654 -0.68094 
2.77142 -0.442221 -0.365267 -0.435487 -0.305893 -0.202784 -0.10792 -0.249648 -0.251152 -0.023724 0.00462362 -0.109595 0.0132439 -1.19911 -0.103483 0.994573 0.208582 0.42292 -0.671713 -0.842058 0.420056 0.516602 -0.107609 -0.638148 0.190948 0.208852 0.223469 -0.34662 0.340106 0.952855 0.00713757 0.824096 0.784865 0.193697 -0.341325 -0.690227 1.31095 0.357012 -0.661039 
2.75474 -0.431532 -0.354826 -0.506456 -0.280595 -0.220692 -0.0222788 -0.126511 -0.24522 -0.107202 -0.0479283 -0.0201973 0.0328163 -0.968412 -0.414577 1.22092 1.04937 0.113388 -0.524312 -1.01778 -0.164768 0.661777 0.416596 -0.451715 0.129362 -0.0324882 -0.197443 -0.617326 0.325884 1.61259 0.0293854 0.571539 -1.05417 -1.99991 -0.90023 -0.168052 1.47097 0.807039 -0.267367 
2.76816 -0.425697 -0.368396 -0.43952 -0.25477 -0.15569 -0.00799004 -0.123823 -0.223689 -0.0689411 0.0772664 -0.0689495 -0.0519312 -0.668205 -0.179262 1.55098 1.10674 0.347195 -0.102428 -1.14315 -0.616197 0.442287 0.217588 -0.284729 -0.0201922 -0.145142 -0.444732 -0.492747 0.241925 0.78987 0.000377685 0.0796046 -1.8371 -2.54051 -0.560657 0.521106 0.156666 0.744973 0.544857 
2.72119 -0.457051 -0.304748 -0.416382 -0.286525 -0.174024 -0.0912735 -0.177326 -0.241538 -0.0740442 0.107088 0.013396 0.0132144 -1.08884 -0.383424 1.38648 0.966482 0.665259 0.471626 -0.68027 -0.30739 0.616354 -0.142259 -0.241051 0.315891 0.00582551 -0.0242701 0.14475 0.107062 -0.189983 0.161505 -0.26739 -0.917916 -1.21827 0.400766 0.689008 -0.731889 -0.120544 0.521123 
2.68627 -0.486531 -0.281202 -0.358765 -0.288 -0.271785 -0.151716 -0.247748 -0.248768 -0.0785337 0.0284017 -0.0392326 0.00999607 -1.42533 -0.415377 1.2653 1.03361 0.572998 -0.129947 -1.18663 -0.416956 0.822481 -0.188688 -0.31959 0.692787 0.378577 -0.269287 0.45265 -0.25218 -1.11571 0.468203 0.300516 0.670185 1.22868 1.03868 -0.203031 -1.20087 -0.275411 0.532556 
2.70468 -0.50128 -0.248813 -0.265161 -0.271183 -0.181339 -0.209203 -0.357753 -0.261405 -0.0311802 0.0412877 0.0265494 -0.0171805 -1.63795 -0.431363 1.36513 1.25341 0.539837 -0.24786 -1.35322 -0.68255 0.761224 -0.125294 -0.490918 0.451402 0.560739 -0.677731 0.409798 -0.415422 -1.26559 0.284549 -0.3884 1.53192 2.65166 0.926606 -1.03242 -0.762437 -0.150939 0.572279 
2.68624 -0.437912 -0.244597 -0.414835 -0.209347 -0.129864 -0.186506 -0.285203 -0.21483 -0.0345651 0.0277218 -0.0281725 0.0185378 -1.81458 -0.46169 1.38066 1.0003 0.748303 -0.447652 -1.12697 -0.275064 0.620394 -0.190063 -0.957963 0.344286 0.679673 -0.703204 -0.252477 -0.191426 0.369975 -0.0728791 -0.798128 0.85041 1.53966 -0.117774 -0.707728 0.0532424 -0.0662846 0.0138107 
2.633 -0.477169 -0.221308 -0.379108 -0.234007 -0.211831 -0.123403 -0.183556 -0.121131 -0.0652476 0.0248764 0.00922735 0.0463467 -1.5646 -0.60667 1.2775 0.9894 0.984434 -0.173196 -0.363529 0.700989 0.994411 0.0640803 -0.842905 -0.168987 0.0917664 -0.0482645 -0.642674 0.21054 1.00883 0.00308238 -0.242944 0.0322444 0.109718 -0.928854 0.287209 0.437191 -0.397902 -0.68158 
2.55148 -0.494672 -0.224963 -0.322744 -0.224132 -0.253001 -0.209994 -0.185306 -0.138061 -0.130266 -0.088655 0.0178565 0.0701046 -1.21271 -0.568904 1.28218 1.07883 0.937588 0.0565863 -0.15262 1.19483 0.891287 0.0381021 -0.170866 0.11542 -0.0204653 1.12877 -0.514646 0.367121 0.93355 0.127345 0.555025 0.0703999 -0.435471 -0.776791 1.17043 1.26227 -0.477549 -1.22935 
2.55187 -0.489737 -0.171989 -0.285305 -0.214537 -0.226251 -0.184319 -0.238557 -0.187823 -0.107922 -0.00494094 0.026868 0.0627725 -1.09279 -0.593534 1.09018 0.764708 0.44667 -0.474704 -0.251584 1.13849 0.764691 -0.0892637 -0.22917 0.0845825 0.116697 1.47221 -0.0792318 -0.0834839 -0.144808 -0.264987 0.704413 -0.134356 -0.271275 0.0325922 0.927495 0.841083 -0.00935275 -0.722768 
2.52683 -0.518563 -0.157796 -0.277276 -0.162913 -0.230202 -0.212259 -0.221435 -0.199299 -0.0566651 -0.0155712 -0.0171961 0.0348824 -0.767553 -0.636684 0.762765 1.03632 0.123481 -0.222672 -0.0223335 0.792947 0.601446 -0.0313968 -0.192914 0.327858 0.00534964 1.03862 0.575289 -0.748319 -1.17844 -0.873734 0.380802 0.352061 0.0883459 0.633672 -0.221003 0.103713 0.59145 0.392765 
2.55972 -0.576277 -0.121248 -0.243099 -0.158858 -0.19527 -0.143319 -0.106385 -0.0860209 -0.0121293 -0.0184499 -0.0570447 -0.035377 -0.155829 -0.418547 0.425785 0.820084 -0.179672 0.180827 0.0426344 0.168892 0.779872 0.15396 -0.454259 0.239045 -0.315705 0.280396 0.799839 -1.22887 -1.03582 -1.32561 -0.269052 0.289423 -0.728523 0.520204 -1.01727 -0.966085 0.933673 0.939063 
2.5918 -0.529042 -0.112062 -0.197833 -0.165931 -0.193417 -0.211179 -0.155701 -0.148578 -0.0615778 0.0595892 0.0424194 0.00624834 0.020256 -0.307046 0.353189 0.612761 -0.0607706 0.220248 0.627564 0.367829 0.775697 0.0244987 -0.469715 -0.0910913 -0.385529 -0.394122 0.380911 -0.918002 -0.447585 -0.541466 -0.253179 0.732559 -0.675141 0.184811 -0.878786 -1.6973 -0.258839 0.330326 
2.54511 -0.52579 -0.142491 -0.316106 -0.244956 -0.266332 -0.243071 -0.19981 -0.122168 -0.0781961 -0.0365131 0.0366502 0.0708782 -0.220268 -0.262802 -0.0431736 0.406754 -0.203092 -0.0223441 0.503572 0.411228 0.717376 -0.248198 -0.80581 -0.161788 -0.0841669 -0.421739 -0.0887669 -0.160688 0.59658 0.598331 0.116644 0.795933 -0.194167 -0.463675 -0.172121 -0.570246 -1.03397 -0.442854 
2.53814 -0.521798 -0.182154 -0.276012 -0.213285 -0.182195 -0.111997 -0.122622 -0.0838839 -0.0909954 -0.0452094 0.0419215 0.057942 -0.387028 -0.0624021 -0.190616 0.142067 -0.173915 -0.0786012 0.467353 0.366393 0.437083 -0.256645 -0.554084 -0.144322 0.0924359 -0.480787 -0.344214 0.426241 0.378307 1.07948 -0.222377 -0.295435 0.306173 -0.931529 0.546188 0.585204 -1.20235 -0.496688 
2.59118 -0.540815 -0.173151 -0.213596 -0.271096 -0.208885 -0.157137 -0.224154 -0.0123041 -0.0698455 -0.124277 0.031145 -0.0203519 -0.602942 -0.0413449 -0.403261 -0.243902 -0.000141159 0.128156 0.521545 0.127261 -0.245118 -0.355434 -0.621188 -0.240719 0.37403 -0.494617 -0.220442 0.294361 -0.568172 0.969584 0.151528 -0.42972 0.899695 -1.33109 0.497377 1.4514 -0.421713 0.359913 
2.52505 -0.544129 -0.118304 -0.205716 -0.150194 -0.217202 -0.0986827 -0.130202 -0.124447 -0.119017 -0.0972471 -0.0611065 -0.00202783 -0.573694 -0.239367 -0.374601 -0.437669 0.183004 0.251987 0.827677 0.789085 0.213063 -0.019168 -0.445791 -0.470798 0.206778 0.093792 0.104208 -0.298637 -1.23757 -0.166974 0.352459 -0.569801 0.483606 -0.278391 0.433348 1.24542 0.905369 0.81402 
2.49582 -0.555804 -0.168927 -0.232494 -0.206891 -0.237585 -0.161494 -0.15356 -0.11765 -0.0869954 -0.0660235 -0.0246165 0.0489776 -0.408027 -0.209449 -0.301119 -0.196939 0.401259 0.336021 0.399465 0.737992 -0.0664683 0.0239522 0.159484 -0.449637 0.161637 0.475676 0.197947 -0.390203 -1.002 -0.496016 0.389771 -0.0859672 0.143106 0.561573 0.00955988 0.266505 0.800248 0.466172 
2.49986 -0.538217 -0.158905 -0.271399 -0.1717 -0.220585 -0.159521 -0.101119 -0.105838 -0.0380446 -0.018053 -0.0244585 0.0216711 -0.344729 -0.0391979 -0.0797681 -0.510124 0.244824 0.17063 -0.230628 0.245545 -0.164435 0.265009 0.550048 -0.241553 0.190967 0.642699 0.217649 -0.0754793 0.157475 -0.51752 0.248701 -0.0493545 -0.638082 0.883739 -0.156468 -0.151811 0.454904 -0.218498 
2.50587 -0.559141 -0.189676 -0.30828 -0.189372 -0.148476 -0.0957927 -0.136736 -0.171474 -0.107233 -0.0877507 -0.0106756 0.0725062 -0.373453 -0.00355119 -0.218364 -0.564293 0.298829 0.332498 -0.289859 0.0154096 -0.156359 0.383114 0.660124 -0.0647861 0.267965 0.367681 0.18555 0.403353 1.02988 -0.14077 -0.436889 -0.838022 -1.35796 0.68025 0.313276 -0.0311698 -0.139996 -0.888732 
2.52079 -0.551913 -0.183004 -0.310702 -0.198712 -0.192441 -0.0898669 -0.0341348 -0.0210191 -0.0667804 -0.0415718 0.00734458 0.0575249 -0.0934563 -0.0256305 -0.307585 -0.319017 0.0165207 0.357814 -0.505315 -0.636428 0.22807 0.547721 0.373824 0.128926 -0.01184 -0.195147 0.0144278 0.438321 1.02552 0.388345 -0.316052 -0.846012 -1.66796 -0.642059 0.319076 -0.103281 -0.481293 -0.696257 
2.50507 -0.54788 -0.198721 -0.275561 -0.191057 -0.204 -0.175264 -0.132656 -0.111001 -0.091919 -0.0374317 -0.038078 0.0592464 -0.0475483 -0.0459353 -0.109213 0.0154361 0.233651 0.31176 -0.404162 -0.834083 0.141819 0.428373 0.142564 -0.0785687 -0.243652 -0.258242 -0.19491 0.121139 0.446715 0.276356 -0.0718305 -0.193436 -0.841148 -0.43546 0.410167 -0.300031 -0.0986895 -0.299286 
2.51616 -0.521572 -0.145382 -0.28563 -0.192229 -0.177859 -0.176892 -0.182098 -0.0892281 -0.0292471 0.00476302 -0.00426027 0.0103265 -0.117388 -0.109586 -0.0957452 0.273658 0.183129 0.125683 -0.534277 -1.07016 0.0674416 0.381866 0.0143442 -0.135813 -0.245741 -0.164991 -0.329897 -0.261189 0.0122533 0.213389 0.030416 0.451486 0.323169 -0.305666 -0.146486 -0.583538 -0.0828084 0.210363 
2.49463 -0.559159 -0.186512 -0.263374 -0.166027 -0.179097 -0.181474 -0.208577 -0.102337 -0.0317489 -0.0441695 -0.0289063 0.0232758 -0.165842 -0.0819483 -0.0145811 0.368232 0.267698 -0.0338822 -0.634544 -0.989007 0.0368119 0.524867 0.104123 -0.187978 -0.358661 0.0739384 -0.110016 -0.175355 -0.292095 -0.144339 0.0392502 0.697032 0.955137 -0.0123746 -0.512237 -0.352926 0.110171 0.421686 
