2.51382 -0.522559 -0.164965 -0.249143 -0.157279 -0.21049 -0.191289 -0.194084 -0.0983199 -0.00652383 0.0347006 0.0382121 0.00304089 -0.298802 -0.421715 -0.448811 -0.602275 -0.690197 -0.170336 0.836906 1.37102 0.799604 -0.0943216 -0.242837 -0.463813 -0.115417 -0.0323896 -0.187453 -0.393637 -0.483336 -0.175404 0.176894 0.941247 1.22703 0.555858 -0.0561182 -0.329046 -0.423468 -0.2124 
2.46031 -0.575481 -0.182262 -0.282299 -0.268612 -0.285413 -0.203727 -0.156221 -0.0423137 -0.00213101 0.0528465 0.0308078 0.0208015 -0.0308084 -0.31177 -0.39245 -0.384044 -0.35779 0.26222 0.913785 0.967682 0.356614 -0.17194 -0.342198 -0.518337 -0.196664 0.788245 0.417344 -0.219842 0.0149487 0.88243 0.937204 0.728113 -0.162613 -0.415885 0.164095 -0.14317 0.00965089 -0.470421 
2.46645 -0.555524 -0.172239 -0.26676 -0.184637 -0.196931 -0.129408 -0.0553775 -0.0521355 -0.0768597 -0.0278709 -0.0409414 0.0136853 -0.00604248 -0.500133 -0.396617 -0.0790453 0.00510931 0.604627 0.67899 0.650294 0.203025 -0.351801 -0.691916 -0.581566 -0.0165171 0.901125 0.316189 -0.0243034 0.608503 1.04927 0.867457 -0.442587 -1.87566 -0.979486 0.337201 0.111973 0.570345 -0.170811 
2.46535 -0.585869 -0.203548 -0.313605 -0.226505 -0.224314 -0.0872599 -0.0100479 -0.0158498 -0.0166922 -0.0233501 -0.0376182 0.00550525 0.243782 -0.378088 -0.211328 0.151678 -0.0587146 0.633408 0.261163 0.167577 0.00343201 -0.397176 -0.856416 -0.564644 0.163277 0.663059 0.257514 0.500687 1.19811 0.787671 0.606056 -1.57601 -2.57817 -1.23406 -0.195921 -0.156252 0.480334 0.421977 
2.51253 -0.550793 -0.240271 -0.334267 -0.236397 -0.230756 -0.0879145 -0.068176 0.00263464 0.0115918 0.0442786 0.0205593 -0.037424 0.411107 -0.238801 -0.00443774 0.329325 0.208718 0.833771 0.20944 -0.106523 -0.237625 -0.749005 -0.949642 -0.303858 0.160581 -0.0437021 -0.097838 0.861254 1.05492 0.188229 0.115034 -1.49414 -1.36999 -0.772975 -0.893759 -0.676003 0.105244 0.836799 
2.54316 -0.53943 -0.18549 -0.244675 -0.145936 -0.126215 -0.107858 -0.17329 -0.137664 -0.0404274 -0.0133642 -0.0204292 -0.0196696 0.720057 0.138367 0.281221 0.547577 0.50826 0.579445 -0.176353 -0.694873 -0.660132 -0.924066 -1.10778 -0.183329 0.293639 -0.36795 0.0198712 0.615778 0.0305413 -0.703713 -1.11332 -0.718568 0.364681 0.327337 -0.876829 -0.518441 0.0350193 0.647233 
2.48969 -0.618225 -0.205752 -0.221866 -0.135477 -0.127683 -0.164918 -0.146604 -0.0751493 -0.074464 -0.0879695 -0.0372657 0.040001 0.739671 0.313507 0.411487 0.511659 0.374665 0.18815 -0.606471 -1.1272 -1.10782 -1.01691 -0.740683 -0.0748876 0.362899 0.0787573 0.786525 0.364764 -0.688004 -0.417133 -1.16246 0.412242 0.961271 -0.101673 -0.549795 0.241966 -0.0326819 -0.151177 
2.53992 -0.56454 -0.168585 -0.233616 -0.236707 -0.185387 -0.204084 -0.176066 -0.0808575 -0.0578274 -0.0723329 -0.0360974 0.049153 0.692001 0.482274 0.617483 0.825604 0.557424 0.212235 -0.750181 -1.38634 -1.60132 -1.42548 -1.17434 -0.377449 0.534968 0.141756 0.690634 -0.137732 -0.557991 0.322789 -0.604009 0.734334 0.329056 -0.738413 -0.0790289 0.370643 -0.16696 -0.454702 
2.52582 -0.570724 -0.16409 -0.243003 -0.17375 -0.136216 -0.115757 -0.119407 -0.086858 -0.147267 -0.0812725 0.00629119 0.0150584 3.02701 0.641548 -0.692182 0.810401 0.608869 -0.473283 -0.375327 -0.957021 -1.59744 -1.23821 -1.37689 -0.386396 0.504708 2.70262 0.612226 -1.64957 0.121788 0.592284 -0.490646 0.329707 -0.626184 -1.04948 0.661578 0.155028 -0.280659 -0.334498 
2.56423 -0.523295 -0.144179 -0.231317 -0.16984 -0.231319 -0.180391 -0.179301 -0.129355 -0.138261 -0.126494 -0.0367531 0.0520014 11.0895 0.399998 -2.74896 -0.0967051 -0.271808 -1.76674 0.295009 0.0573967 -1.25387 -0.405042 -1.06501 0.186173 0.517609 11.0298 -0.40727 -3.79633 -0.0212324 -0.136024 -0.752115 0.74524 0.248408 -0.474413 1.2298 -0.19233 0.30745 0.0637974 
2.57137 -0.507834 -0.15621 -0.248958 -0.1421 -0.177116 -0.1732 -0.183927 -0.213416 -0.156132 -0.0581661 -0.0492611 0.026091 18.1332 0.89837 -3.1585 0.0740806 -0.770284 -2.51648 0.618 0.0363014 -2.01136 -0.0884502 -1.05245 0.49485 0.642109 18.6842 -0.591522 -3.97473 -0.18068 -1.61026 -2.15553 0.795728 1.18629 0.368918 1.44334 -0.612347 1.0537 0.695903 
2.57465 -0.517462 -0.143293 -0.17258 -0.136352 -0.156799 -0.186865 -0.273615 -0.255368 -0.180152 -0.185211 -0.0823424 0.0620111 23.8745 2.05107 -2.41013 0.59024 -2.13516 -4.05763 0.89052 -0.0905961 -1.55214 1.11362 -0.983202 0.233769 0.0735927 20.3806 1.19132 -0.827026 -0.179782 -3.47309 -3.68879 0.861355 1.35708 0.979703 2.06062 0.323208 0.960504 -0.0974567 
3.19875 -0.472388 -0.475836 -0.172767 -0.104773 -0.289938 -0.124274 -0.212718 -0.227188 -0.132224 -0.17242 -0.0234432 0.0337353 28.3322 3.07981 -1.80035 0.742445 -4.27087 -5.08784 1.217 -0.316179 -0.744155 2.11222 -0.246755 -0.178665 -0.341796 11.0772 2.83434 4.26924 0.425926 -4.61922 -2.99642 0.66343 0.03397 1.31139 1.78184 1.20658 -0.42049 -1.03493 
4.75499 -0.588069 -0.684782 -0.334705 -0.295006 -0.450277 -0.0588379 -0.0444516 -0.218208 -0.0349894 -0.165616 0.0527579 0.105245 30.363 3.40391 -1.22915 0.537124 -5.85385 -4.95687 1.57242 0.183759 -0.013789 2.42115 0.511974 -0.411193 -0.74958 -5.31899 3.56362 6.55149 1.13165 -3.89887 -0.611076 -0.0254928 -1.45347 1.4831 0.962871 1.94289 -2.02933 -1.84972 
5.02262 -0.426612 -0.452578 -0.177332 -0.327184 -0.499905 -0.113476 -0.166006 -0.373309 -0.110754 -0.220866 0.0460699 0.146619 29.6615 3.46717 -0.429245 -0.0587841 -6.7139 -4.61038 1.01363 1.10181 0.539742 2.47689 1.24868 -0.778472 -0.872872 -13.3517 1.0213 3.4489 -0.542591 -2.02936 2.38833 -0.504492 0.0870999 1.75406 0.0876554 2.52717 -2.16959 -1.59472 
5.38372 -0.136331 -0.204543 -0.102664 -0.602171 -0.789344 -0.0561726 -0.223993 -0.206185 0.135579 -0.165314 -0.0586992 -0.0596518 25.6824 3.30674 0.419706 -0.874543 -6.9104 -3.55261 0.551239 1.69993 0.947484 2.29978 2.18064 -0.98427 -1.163 -14.4669 -2.71522 -1.29108 -2.26714 1.31231 5.01991 -1.37666 1.95815 0.551976 -1.79054 1.56624 -0.696776 0.341446 
5.72354 -0.113955 -0.285347 -0.149164 -0.785013 -0.754893 0.0334605 -0.231184 -0.144619 0.116428 -0.0373953 -0.103356 -0.057723 18.4174 2.69384 1.42602 -1.34704 -6.3067 -1.85905 -0.320273 1.97581 1.01723 1.52026 2.65017 -1.51123 -1.10593 -10.6349 -4.07728 -3.43716 -2.82822 3.73713 4.43966 -2.15393 3.10167 -0.46587 -2.1623 0.387509 0.689069 1.26682 
5.93036 -0.169736 -0.329802 -0.205698 -0.862606 -0.66844 -0.0103276 -0.134407 -0.172462 0.0993745 -0.0119158 -0.12818 -0.0399226 10.8195 1.92919 0.809506 -1.4525 -4.84042 -0.147988 -1.05107 2.22386 1.03142 0.795097 2.63271 -1.62429 -1.16103 -6.50225 -3.18233 -2.62948 -1.66948 3.98208 2.49852 -1.8911 1.94873 -0.873985 -1.68362 -0.710962 1.18984 1.26513 
6.05039 -0.193987 -0.338944 -0.308627 -0.858974 -0.628737 -0.131728 0.0412391 -0.184951 0.0864781 0.0564447 -0.14168 -0.0287235 7.95695 0.332854 -1.03605 -2.0236 -3.36248 0.954195 -1.13216 2.57749 1.23436 0.245879 1.97364 -0.898456 -1.00058 -5.73828 -1.00945 -0.81525 0.934815 3.11368 0.609005 -0.501725 -1.12046 -0.631901 -1.02696 -1.97579 1.11883 0.262219 
6.09361 -0.18691 -0.360334 -0.360866 -0.900045 -0.618025 -0.104453 0.0221727 -0.13022 0.10679 0.0655827 -0.111907 -0.0582257 4.63013 -0.836638 -2.01351 -1.64187 -1.20812 1.82677 -1.15418 1.70797 0.680113 -1.18463 0.606278 0.144771 -0.582031 -4.29098 0.254295 -0.112642 2.44107 1.99155 -0.750249 0.960446 -3.0787 0.117604 -0.602503 -2.6425 1.0247 -0.785288 
6.1486 -0.207758 -0.38817 -0.3985 -0.896664 -0.5947 -0.172466 0.105246 -0.14148 0.0519423 0.139718 -0.166507 -0.037406 1.17884 -0.84398 -1.50143 -0.60344 0.460714 1.3224 -0.883949 -0.126305 0.743406 -1.86111 -0.910861 0.928614 -0.915537 -4.12836 0.231056 0.0290006 2.76404 1.85034 -0.833386 2.07337 -4.63521 0.472105 -1.24075 -3.20616 1.62406 -0.961086 
6.17872 -0.224614 -0.439416 -0.362988 -0.910574 -0.533376 -0.211925 0.116886 -0.162124 0.0636452 0.083216 -0.157696 -0.0549578 -2.96118 -0.867818 -0.505767 0.472387 2.44364 0.73287 -0.3294 -2.3334 0.632239 -2.69091 -1.87945 1.4703 -1.10726 -6.15139 -0.168279 1.39394 2.07688 3.08479 -1.02066 1.76157 -4.77289 0.181616 -2.04774 -2.60043 1.62704 -0.582841 
6.16227 -0.225991 -0.476391 -0.324529 -0.871318 -0.546032 -0.153208 0.0153457 -0.109894 0.0350556 -0.0217852 -0.0767892 -0.112629 -7.88929 -1.17812 0.861729 1.68916 4.76604 0.102713 -0.227121 -3.3675 -0.284084 -3.63306 -2.28487 1.85879 -0.961793 -9.34394 -0.636485 3.19454 1.26959 4.66092 -1.15836 0.0582387 -2.55165 -1.20695 -2.30817 -0.541364 0.807694 0.35927 
6.06347 -0.230582 -0.497523 -0.280495 -0.806066 -0.565338 -0.0937325 -0.123546 -0.0782373 -0.0730492 -0.0938364 -0.021467 -0.154292 -12.9642 -1.36855 2.97477 2.29037 6.63566 -0.920638 -1.12202 -2.7221 -1.01637 -4.13625 -2.21669 1.54743 -0.516748 -11.5133 -0.790993 4.84177 0.573643 4.89141 -1.58827 -2.06764 1.27528 -2.29389 -1.29205 1.45431 -0.650509 1.30857 
5.8412 -0.253888 -0.446419 -0.235445 -0.703435 -0.564133 -0.0873654 -0.281638 -0.0589887 -0.183035 -0.168963 0.0277646 -0.159694 -17.4546 -1.5198 5.47883 1.5665 7.15405 -0.515937 -1.87301 -3.49601 -1.32122 -3.25758 -2.05183 0.921509 -0.0936521 -10.3898 -0.613843 5.49625 -0.935105 2.61438 -0.58899 -3.51453 3.47115 -2.35166 1.14899 2.5227 -2.28879 1.74528 
5.3586 -0.315371 -0.284988 -0.201166 -0.421676 -0.572185 -0.136124 -0.380265 -0.142762 -0.277077 -0.192638 0.0446622 -0.15167 -19.4061 -2.35797 6.70685 0.553973 7.0146 -0.0016917 -2.42638 -3.56283 -1.64656 -2.34813 -1.24327 0.330565 0.99589 -4.15295 -0.714871 3.47187 -2.4199 -1.80923 1.15509 -2.73076 2.62343 -0.784637 3.62254 2.00357 -2.52353 1.88723 
4.81183 -0.367615 -0.13637 -0.108263 -0.148983 -0.644731 -0.236853 -0.245257 -0.308783 -0.382225 -0.122503 0.0743982 -0.113111 -19.5639 -4.07365 6.04972 -0.979313 6.14494 1.09105 -1.9845 -2.18596 -1.60936 -1.38026 -0.652225 -0.223254 2.12143 3.82625 -2.04913 -1.02118 -4.02976 -5.37116 3.20263 0.650703 0.143063 1.68399 4.38347 0.413599 -1.54275 1.7427 
4.34545 -0.356803 0.109801 -0.109134 -0.0883117 -0.786731 -0.391029 -0.0726528 -0.281243 -0.376763 -0.117203 -0.0330451 -0.0705117 -17.4292 -5.73457 4.27595 -2.77473 4.83822 1.88167 -1.35916 0.0514221 -0.730394 0.23618 0.614139 -0.460008 2.40388 9.984 -3.94393 -6.35587 -4.38834 -5.54259 4.01203 4.00126 -0.224433 2.95442 3.26159 0.329743 0.440663 0.952553 
4.01132 -0.396556 0.346481 -0.325231 -0.182112 -0.482606 -0.453968 -0.43212 -0.266871 -0.172498 -0.147867 -0.121744 -0.0495682 -12.4009 -6.28488 1.87398 -4.18744 2.67622 2.1008 -0.177805 0.595827 0.309698 1.75859 1.60464 0.0647265 2.42957 12.8762 -3.7681 -9.2164 -2.66532 -3.37677 1.07412 5.19085 2.09318 3.0173 1.02052 1.26515 2.38807 -0.0934583 
4.05676 -0.59464 0.238967 -0.341444 -0.171318 -0.450522 -0.406928 -0.472763 -0.292078 -0.166067 -0.132973 -0.0472078 0.093183 -5.86722 -5.97001 -0.16896 -5.00815 0.482785 2.58907 1.49898 1.24255 1.63778 2.81465 2.11255 0.306241 1.42746 11.6976 -0.472522 -6.49168 -0.844532 -1.27189 -1.24825 3.90416 3.38421 2.28628 0.15271 2.09871 2.15691 -2.32239 
3.94456 -0.889669 -0.0114767 -0.501761 -0.155146 -0.346508 -0.167409 -0.270892 -0.213291 -0.220592 -0.184896 -0.0191159 0.15677 -0.228836 -5.54863 -1.79482 -4.79302 0.0708503 2.93003 2.56879 0.903813 1.78305 3.19799 2.59469 1.00516 0.427484 9.41206 3.76925 -0.888285 1.88259 0.410044 -2.46939 0.496411 1.57562 0.00652212 0.193902 2.37614 1.27442 -3.50745 
3.9797 -1.04052 -0.137432 -0.65006 -0.124625 -0.359501 -0.183809 -0.0257847 -0.0809291 -0.0937731 0.0481563 -0.00633792 0.0710176 3.38629 -5.1285 -3.03032 -3.66933 0.95996 2.71128 3.24605 1.39424 1.6085 2.52718 2.65109 0.980786 -0.286059 5.40543 5.27775 3.31011 3.71613 1.55554 -1.48863 -1.38017 -1.20954 -1.7539 -0.520896 0.0105798 -0.723202 -2.61188 
4.28095 -0.960759 -0.183329 -0.690808 -0.233334 -0.431609 -0.1268 -0.285696 -0.0729763 -0.0143556 0.0867395 0.132494 0.104818 4.9418 -3.91522 -3.06065 -2.34143 1.58809 1.30086 3.00547 2.76167 1.39057 1.84178 1.8753 0.970025 -0.55271 0.0379086 3.20438 3.95157 3.53886 2.3916 0.321907 -2.02315 -1.27956 -2.22586 -1.10106 -2.42747 -2.08637 -0.641144 
4.48952 -0.897879 -0.0789022 -0.701699 -0.226301 -0.332399 -0.0191696 -0.103039 -0.0237242 0.0212118 0.105146 0.0386399 -0.080602 5.06082 -2.24088 -1.7732 -2.01701 1.30686 1.34097 1.94007 1.76203 0.885088 1.84206 0.888155 0.684168 -0.518099 -3.33664 0.304878 1.40465 1.82046 1.42292 0.327751 -1.99309 -1.15734 -1.69333 -1.51308 -3.78024 -1.19926 2.4611 
4.53102 -0.955395 -0.0845441 -0.602152 -0.0138406 -0.301226 -0.0929137 -0.18147 -0.205893 0.0216464 0.196822 0.134588 -0.0703238 5.12023 -0.758924 -0.368568 -1.09738 0.807692 0.925084 0.194489 1.04287 -0.0401741 1.41745 0.119212 0.0571693 0.0365837 -3.81483 -0.547499 -0.302437 -0.769242 -1.64242 -0.134199 -1.59464 0.290965 0.0277306 -1.12761 -3.54666 -0.83872 3.26041 
4.50177 -1.05041 -0.122612 -0.591386 0.0725131 -0.282733 -0.0543404 -0.0932403 -0.0941066 -0.0357751 0.100085 -0.0609239 -0.0265792 4.65964 -0.210542 0.184874 -0.349713 0.351691 0.847799 -0.618307 1.18537 -0.51848 0.930084 -1.02353 -0.49236 0.476084 -1.06758 0.636603 -0.2875 -1.41475 -3.62374 -0.838771 -2.1215 0.587334 0.200976 0.178093 -0.954087 0.369019 1.74266 
4.49233 -1.03633 -0.125596 -0.660026 -0.0131976 -0.312651 -0.0454503 -0.0517415 -0.0857076 0.0403618 -0.0589419 0.0429531 0.0535279 5.11428 1.13375 0.626805 -0.025189 -0.869559 0.07593 -2.48026 1.784 -0.967398 0.671711 -1.44461 -0.770052 1.43192 3.17607 3.0505 0.744911 0.0589919 -3.92975 -1.58168 -2.87751 0.0540701 -0.517171 0.265503 1.1639 0.188691 0.272562 
4.58759 -1.04126 -0.15085 -0.778499 -0.104507 -0.211654 -0.0865858 -0.188946 -0.126676 0.0607343 -0.0588841 0.104052 0.133674 8.22066 3.9748 -0.974865 0.477899 -3.76373 -0.831534 -3.69915 1.45671 0.203167 0.158178 -1.59683 0.239443 1.1205 7.11062 5.85656 -0.0152496 2.29375 -3.83357 -2.05001 -2.80671 1.05666 0.504207 -0.401388 1.62782 0.278469 -2.04382 
4.65996 -1.00293 -0.111494 -0.722746 -0.153083 -0.298018 -0.223587 -0.00723144 -0.165063 0.00477917 -0.000706501 -0.0179545 0.131063 11.9562 6.55171 -2.54389 0.987975 -6.98011 -0.413028 -4.29508 2.37576 1.5045 -0.0525198 -1.03798 0.640578 0.0212491 9.32409 6.83188 -2.81052 3.02016 -4.33696 -0.565449 -1.83049 0.485368 1.92386 -0.858381 1.21697 1.57479 -2.75721 
4.821 -0.969605 -0.0988529 -0.660667 -0.157948 -0.305261 -0.243954 0.0722296 -0.120054 0.0999568 0.00381484 -0.0263888 0.0322538 14.8177 7.97326 -4.11622 1.90661 -8.38172 0.248423 -4.79727 2.70509 1.49907 -0.187149 0.255781 1.49017 -0.826275 8.00816 4.94803 -5.32874 2.15735 -4.44332 1.58202 -0.246217 0.670167 2.74974 -1.39205 0.846818 1.79145 -2.17732 
5.22499 -0.602048 0.00886915 -0.620804 -0.388112 -0.452354 -0.50488 -0.0343419 -0.254851 0.0788199 -0.0599094 0.0237799 0.2374 15.8793 8.20368 -5.46219 2.67356 -7.81451 0.486527 -4.06794 2.71098 1.84417 -0.89453 1.1921 1.25404 -1.04244 2.21803 -0.402258 -5.72981 0.593534 -1.06744 3.19834 2.52921 0.827645 2.13675 -1.00572 1.28847 1.23736 -1.30835 
5.82269 -0.217942 -0.408084 -0.517914 -0.736328 -0.419331 -0.495642 0.0569299 0.0965987 -0.0410939 -0.0679367 0.179566 -0.0800715 15.2158 7.70002 -6.36948 2.86488 -6.5114 0.339478 -2.67653 2.67611 2.03069 -1.30483 1.28231 1.10407 -0.497504 -5.41276 -5.68299 -1.71736 -1.07222 4.54342 2.14594 3.77404 -0.346018 -1.23983 -0.307199 1.44419 -0.934304 2.24169 
6.10469 -0.176871 -0.586646 -0.45933 -0.95142 -0.208782 -0.56665 0.225848 0.110118 -0.0165291 0.048151 0.156562 -0.0914734 13.167 6.47333 -6.95638 2.28422 -4.69777 0.527884 -1.09479 1.83052 1.76527 -1.46436 1.12736 1.14768 0.50472 -9.81895 -6.64338 2.06812 -1.74966 8.32842 -1.27421 4.04215 -1.54179 -2.78699 -0.197449 0.165821 -2.15731 3.97988 
6.23812 -0.213568 -0.707355 -0.421033 -0.944582 -0.156107 -0.587908 0.25868 0.044602 -0.00749024 0.103037 0.178222 -0.0441084 9.66855 4.68193 -6.74496 1.62392 -2.43515 0.361592 -0.0822907 1.80493 0.946796 -1.66491 1.11671 0.492212 1.50399 -9.6942 -4.20603 3.87187 -1.82775 7.7061 -3.11266 2.79509 -1.81146 -2.58956 0.115829 -1.22786 -2.08742 3.61655 
6.25146 -0.207123 -0.758881 -0.427131 -0.793005 -0.24878 -0.45199 0.17757 0.0551231 -0.0861856 0.111151 0.162088 0.0656049 5.39835 2.22707 -5.70708 0.977854 0.578375 -0.0885573 1.13357 1.90451 0.247943 -1.27321 1.12633 -0.374576 1.97438 -6.34267 -0.915837 3.45341 -1.24045 3.85597 -2.82937 0.14782 -0.68416 -1.73627 0.516757 -1.6125 -1.18464 1.64615 
6.26942 -0.197419 -0.804551 -0.444175 -0.718272 -0.299183 -0.396997 0.183207 0.0422854 -0.119688 0.101173 0.109537 0.178791 1.70636 0.789131 -3.39022 0.328524 3.01416 -1.41733 1.22088 1.28541 -1.19414 -0.714191 0.758401 -1.0665 3.24726 -2.96163 0.584105 1.74793 -0.397554 0.533309 -1.34765 -1.19492 0.685096 -0.163336 0.887449 -0.864254 -0.0912027 -1.25103 
6.24831 -0.162289 -0.862623 -0.435117 -0.652773 -0.338198 -0.385881 0.210771 0.0125126 -0.122475 0.0798413 0.0982032 0.224247 -0.126402 0.858299 -2.16218 -0.0135585 3.9321 -2.72172 1.25918 0.790818 -1.09911 -0.487736 0.342197 -1.13112 2.7946 -1.22659 0.207184 1.39362 -0.0347403 -0.855439 -0.264635 -1.5336 0.850049 0.225297 1.21211 0.299365 0.173575 -2.07136 
6.21059 -0.131639 -0.890182 -0.438871 -0.616871 -0.350554 -0.431763 0.288559 -0.0429723 -0.108589 0.0778738 0.0744798 0.249416 -1.13874 1.13927 -1.3707 -0.100844 3.52343 -3.07073 0.906251 0.785975 -0.822179 0.0208154 0.383983 -1.18324 1.79962 -0.577394 -0.182919 1.22437 0.106161 -0.8869 -0.355435 -0.637797 -0.340712 0.633291 1.0152 0.826229 0.360175 -2.10142 
6.20402 -0.121335 -0.894041 -0.441945 -0.539013 -0.425599 -0.407508 0.29447 -0.0388046 -0.107839 0.0969357 0.0553011 0.270295 -1.72166 1.23386 -0.903681 0.0847859 2.61717 -2.88092 0.248783 0.825523 -0.703656 0.794393 0.664809 -1.01682 0.609853 -0.763771 -0.0791276 0.949322 0.187715 -1.01126 -0.268646 0.102595 -1.19408 0.762257 0.794757 0.793925 0.274907 -1.80136 
6.18934 -0.114484 -0.907743 -0.437907 -0.491006 -0.491473 -0.404379 0.303576 -0.0358043 -0.0915373 0.105484 0.0567284 0.273994 -2.37342 1.25501 -0.471471 0.327882 1.93221 -2.68818 -0.0542518 0.458427 -0.462029 1.31163 0.910916 -0.865668 -0.279942 -1.15922 0.160837 0.575307 0.363308 -1.41108 0.346547 0.0497388 -1.19627 0.494361 0.797356 0.464134 0.0466283 -1.35813 
6.14811 -0.0959481 -0.887911 -0.443984 -0.460923 -0.536435 -0.403051 0.305093 -0.0360766 -0.0673759 0.144797 0.0270591 0.248598 -3.17366 1.17683 0.000101089 0.533101 1.2146 -2.25715 -0.353169 -0.0418241 -0.192075 1.68392 1.11156 -0.961759 -0.841461 -1.64964 0.233058 0.264428 0.608044 -1.60009 1.0971 -0.52951 -0.805637 0.159784 0.779748 -0.0125617 -0.0583048 -0.852768 
6.08207 -0.0638371 -0.893807 -0.435032 -0.454859 -0.590053 -0.388952 0.278423 -0.0406688 -0.0341282 0.167369 0.0208123 0.209437 -4.46053 1.0651 0.418047 0.933342 0.66567 -1.46322 -0.783786 -0.593982 0.035545 1.79037 1.01092 -1.10313 -1.06591 -2.27003 -0.0628612 0.454278 0.763043 -1.28845 1.90214 -1.2959 -0.340324 0.00769606 0.394797 -0.399771 -0.350657 -0.113874 
6.01697 -0.0363045 -0.900825 -0.408599 -0.463664 -0.616509 -0.394089 0.261624 -0.0360727 0.0164299 0.188326 0.0144351 0.176764 -6.23512 0.839267 0.843133 1.57537 0.356665 -0.270002 -1.20141 -1.1463 -0.101693 1.72008 0.603219 -1.19171 -1.06566 -3.10402 -0.579073 0.875246 1.0094 -0.371344 2.35431 -1.32857 -0.544689 -0.0888429 -0.339441 -0.808992 -0.463883 0.532218 
5.9278 -0.0184025 -0.893487 -0.383503 -0.47758 -0.615036 -0.426924 0.262087 -0.0386167 0.0566934 0.190826 -0.0101598 0.169832 -7.73958 0.42085 1.24814 2.23784 0.410398 0.912196 -1.31748 -1.74814 -0.503726 1.31521 0.184433 -1.08589 -0.797091 -3.45143 -1.05386 1.07596 1.28453 0.616532 2.4461 -0.629809 -1.06614 -0.508839 -1.10615 -1.03504 -0.0784453 0.859364 
5.78732 -0.00818593 -0.860211 -0.36076 -0.500301 -0.584023 -0.488369 0.24288 -0.0389228 0.098055 0.21185 -0.0493449 0.136475 -8.42564 -0.209839 1.74377 2.6575 0.415399 1.90747 -1.42219 -2.04399 -0.759006 0.701297 -0.444452 -0.767799 -0.371563 -2.27465 -1.36904 1.0693 1.17271 1.05677 1.96761 0.42098 -1.19998 -0.849577 -1.66272 -1.20481 0.624265 0.991322 
5.57153 -0.0131785 -0.814942 -0.302473 -0.485514 -0.51574 -0.558031 0.210367 -0.0325923 0.089517 0.190866 -0.0862173 0.153343 -8.12242 -0.759371 2.17449 2.82584 0.134007 2.59953 -1.45181 -1.94251 -1.02977 0.23753 -0.939689 -0.420061 -0.200497 0.688889 -1.26106 0.681055 0.473355 0.281296 0.899859 1.1151 -0.490938 -0.945222 -1.37932 -1.02962 1.29755 0.48913 
5.32755 -0.0427375 -0.766788 -0.204172 -0.428596 -0.444858 -0.540469 0.112991 -0.0657269 0.0809694 0.144314 -0.0894713 0.160332 -6.82087 -1.10655 2.34836 2.68839 -0.354319 2.72864 -1.28127 -1.60016 -1.16446 -0.245312 -1.11717 0.102332 -0.516616 4.30772 -0.683326 0.121793 -0.692588 -1.31639 -0.357192 0.784205 1.08325 -0.399513 -0.687507 -0.348581 1.46304 -0.515465 
5.18254 -0.0815387 -0.736135 -0.136544 -0.388165 -0.377384 -0.522575 0.04933 -0.142824 0.0437775 0.134326 -0.0578857 0.179041 -4.52708 -1.32933 2.43038 2.12743 -0.930471 2.14671 -0.731076 -1.12832 -1.05485 -0.654607 -0.918187 0.679246 -1.17905 6.65489 0.0355528 -0.231391 -1.76808 -2.50188 -1.66877 0.36019 2.24084 0.578524 0.00887173 0.515099 1.05705 -1.7311 
5.15012 -0.133221 -0.656876 -0.125945 -0.422644 -0.329719 -0.552414 0.0531606 -0.135891 0.00904349 0.0804628 -0.0348996 0.190843 -1.58112 -1.40729 2.45759 1.39588 -1.78145 1.05961 -0.217751 -0.42592 -0.496063 -0.816113 -0.730748 1.05098 -1.86737 6.83541 0.564775 -0.423947 -2.09157 -2.54765 -2.66219 0.354114 2.22469 1.40313 0.377796 1.28117 0.396896 -2.44631 
5.18917 -0.140786 -0.635177 -0.103188 -0.514756 -0.308881 -0.572311 0.0879943 -0.164443 0.0415234 0.0584781 -0.0133074 0.138185 1.63035 -1.31076 2.4205 0.374726 -2.73866 -0.271555 0.313547 0.312854 0.283729 -0.708034 -0.329386 1.17429 -2.5936 5.4161 0.537134 -0.15023 -1.95846 -1.52761 -3.01223 0.787731 1.28631 2.06229 0.157202 1.3249 -0.229286 -1.9052 
5.28157 -0.141547 -0.628838 -0.105628 -0.587528 -0.325706 -0.582208 0.127272 -0.156775 0.02242 0.0881226 0.0280731 0.0377368 4.25521 -1.03116 2.29537 -0.597361 -3.65039 -1.5346 0.762977 1.06844 1.0993 -0.651324 0.134482 1.21661 -3.11681 3.30962 0.305627 0.151357 -1.43618 -0.546466 -2.58492 1.36415 0.236308 1.93513 0.0233226 0.741638 -0.507854 -0.582294 
5.41088 -0.16429 -0.576783 -0.162192 -0.631645 -0.404311 -0.529187 0.142857 -0.130473 -0.00825375 0.136231 0.0514903 -0.0509249 5.59786 -0.713604 2.17992 -1.21549 -3.99938 -2.537 1.51665 1.17951 1.80133 -0.678768 0.331922 1.36432 -3.46714 1.14934 0.264912 0.0505582 -0.713359 0.0180438 -1.43218 1.51613 -0.422052 1.19724 -0.138541 -0.0470677 -0.135023 0.599926 
5.53386 -0.182458 -0.518646 -0.174612 -0.724953 -0.479395 -0.531136 0.170227 -0.0385991 -0.00280699 0.117196 0.0402032 -0.105655 5.56543 -0.43075 2.11709 -1.6952 -3.62977 -3.01647 2.32965 0.742727 2.02733 -0.825672 0.490337 1.36917 -3.32668 -0.987898 0.376938 -0.111551 -0.414304 0.66752 -0.10577 1.52799 -0.906472 0.0401881 -0.372656 -0.422389 0.400111 1.152 
5.67735 -0.192619 -0.482609 -0.223216 -0.78495 -0.545267 -0.47589 0.180363 0.0170396 -0.00198774 0.12599 0.0396678 -0.142308 4.36893 -0.13991 2.14918 -1.97693 -2.87347 -2.90867 2.75782 0.120685 2.0595 -1.05139 0.303519 1.19237 -2.74319 -3.19636 0.661872 -0.29125 -0.0918149 1.35558 1.03302 0.948475 -1.26122 -0.950688 -0.4338 -0.548137 0.468368 1.12667 
5.77295 -0.186723 -0.466803 -0.249423 -0.863228 -0.6039 -0.406159 0.209578 0.0320608 -0.0291681 0.146381 0.0877653 -0.182333 2.51333 0.191138 2.01149 -1.94158 -2.02684 -2.39661 2.92981 -0.675209 1.67118 -1.03777 -0.0968321 0.822052 -2.12422 -4.66134 0.766999 -0.295479 0.0569466 2.12263 1.66914 0.039572 -1.6648 -1.29398 -0.290757 -0.583902 -0.299716 0.906957 
5.80772 -0.183669 -0.437542 -0.270546 -0.888119 -0.649382 -0.314082 0.169971 0.0612594 -0.0691935 0.126843 0.161676 -0.231769 0.1761 0.653165 1.66338 -1.71074 -0.980341 -1.60598 2.60772 -1.18509 0.757259 -0.831091 -0.460649 0.543928 -1.67258 -5.07618 0.79462 -0.348509 0.233455 2.40679 1.74254 -1.05295 -1.34867 -1.58504 0.299258 -0.526085 -1.30502 0.738377 
5.76526 -0.179076 -0.38039 -0.337073 -0.873889 -0.654123 -0.265022 0.126831 0.0703696 -0.0901094 0.125204 0.149265 -0.230481 -1.87091 0.601451 1.68818 -1.64748 0.174297 -0.396952 1.84852 -1.531 -0.449011 -0.594092 -0.552018 0.155666 -1.40244 -4.0573 0.298688 -0.281843 0.570607 2.03443 1.81755 -2.08454 -0.526593 -1.85047 0.924841 -0.467233 -1.59631 0.375478 
5.66044 -0.136862 -0.366799 -0.350957 -0.855547 -0.636073 -0.259542 0.0951021 0.0665412 -0.0998666 0.103944 0.126908 -0.236858 -4.32222 0.32352 2.46917 -1.64072 1.68006 0.414929 1.01634 -1.97942 -1.67269 -0.23774 -0.730152 -0.865372 -1.12325 -2.89275 -0.662697 0.752683 0.281945 2.03923 1.51566 -2.15064 0.0116167 -2.32012 1.16495 -0.15012 -1.66688 0.156343 
5.57444 -0.118263 -0.36385 -0.356386 -0.826051 -0.637644 -0.225499 0.0185822 0.047721 -0.107861 0.0839124 0.0919901 -0.26909 -5.99981 -0.714323 3.52801 -1.27512 3.22031 2.05497 -0.0123969 -3.14916 -2.70603 0.344145 -1.21938 -1.885 -0.149029 -2.02781 -2.07672 2.30673 0.220832 2.29903 2.11629 -1.9411 -0.582299 -2.40117 1.11198 -0.263497 -1.49706 0.923528 
5.43485 -0.078936 -0.356543 -0.367764 -0.762943 -0.629161 -0.249943 0.0236358 -0.0402261 -0.0730611 0.0623488 0.0896371 -0.287181 -7.07085 -2.44755 4.08995 -0.387686 4.14194 3.36566 -0.547061 -3.1211 -3.72735 -0.431582 -1.85306 -2.13623 1.48468 -1.35189 -3.80131 2.92291 0.883006 2.21278 2.6751 -0.868719 -1.22993 -1.77123 -0.559857 -0.950774 -0.863899 2.67263 
5.38409 -0.16329 -0.260314 -0.404488 -0.724615 -0.502168 -0.34243 0.0192359 -0.117053 -0.0510101 0.0638816 0.0482225 -0.302961 -7.2159 -4.45631 3.58183 -0.284693 4.60737 5.24433 -0.789431 -2.63708 -3.40885 -0.187059 -1.80813 -1.69128 2.77795 -0.634493 -4.57512 0.871368 1.082 1.43729 3.27869 0.390606 -0.67011 0.122848 -1.31095 -1.00015 0.489023 4.05613 
5.12259 -0.196884 -0.0648184 -0.46366 -0.543442 -0.532064 -0.311552 -0.0715057 -0.232893 -0.0386695 0.0478967 -0.0966799 -0.295292 -6.05805 -5.87388 3.10987 -0.367243 3.97047 6.11464 -0.813639 -1.42562 -1.93338 0.322165 -1.19882 -1.16315 3.32955 1.97486 -3.86321 -2.54764 0.831412 -1.22639 3.08316 0.779976 1.88225 3.20017 -0.711308 0.143539 2.28612 3.21336 
5.03383 -0.377767 0.0730549 -0.385459 -0.414446 -0.255851 -0.374851 -0.324941 -0.30343 0.00772401 -0.0581928 -0.129879 -0.123128 -4.53544 -6.41658 2.43312 -0.572125 3.00951 6.14327 -0.477179 -0.763927 -0.824872 0.585659 -0.79261 -0.539364 3.83045 4.17058 -1.01811 -4.60907 -0.656006 -3.60187 0.192396 1.18002 4.17571 4.86408 0.668898 1.8732 2.75718 0.29955 
4.9051 -0.605272 0.0679874 -0.262801 -0.378628 -0.192546 -0.313238 -0.188336 -0.399317 -0.295275 -0.165843 -0.0402882 0.0965693 -3.0651 -5.94836 1.71713 0.278046 2.43866 5.57262 0.366827 -0.732874 0.217939 0.418969 -0.287701 -0.301945 3.36473 4.9732 2.79867 -3.53223 -0.961875 -3.64551 -2.48104 1.01644 2.73609 4.22094 2.5575 2.84086 1.22485 -3.1852 
4.87617 -0.782607 -0.102404 -0.435853 -0.340414 0.109143 -0.332029 -0.124315 -0.208707 -0.056708 -0.0498231 0.00935694 0.142981 -1.60779 -4.81404 0.613596 0.811712 1.02672 4.23075 1.51049 -0.0383573 1.69591 0.398056 -0.645276 0.0779691 2.54459 3.78118 5.03088 -0.418673 0.761197 -2.64541 -5.0452 1.52147 0.152516 1.46053 0.934542 0.801672 -0.691933 -4.39666 
5.02208 -0.790286 -0.0810227 -0.440407 -0.496859 0.052611 -0.343302 0.0378991 0.00165571 0.0387334 0.0491551 0.00758272 0.0496415 -0.0491676 -3.59006 -0.700531 0.715366 -0.397827 2.81435 1.70143 0.7766 3.00094 0.784766 -0.115369 0.690784 1.44535 0.770184 4.48107 0.96679 1.59237 -0.432135 -4.68821 1.584 -2.12272 -0.889836 -0.673551 -1.21072 -1.33479 -2.98772 
5.05849 -0.777141 -0.0743654 -0.479468 -0.506542 -0.00368992 -0.279554 -0.0821139 -0.102476 0.0217082 0.00594224 0.0240248 0.11497 0.425259 -2.14288 -1.40723 0.393686 -1.35891 0.736228 2.37076 0.22259 2.90431 1.10692 0.912685 1.03802 0.250011 -1.01553 1.89432 0.314234 1.39504 0.00999257 -2.51369 0.92757 -2.4091 -1.16499 -1.09099 -1.0642 -0.170354 -0.913954 
5.00245 -0.707726 -0.0147551 -0.241046 -0.358632 0.00654842 -0.200224 -0.188429 -0.13763 -0.045451 0.0311564 -0.0546412 0.00156069 0.120924 -1.38182 -1.37776 0.245544 -1.6735 -0.366023 2.05193 -1.40951 2.12225 0.872586 0.631133 0.428011 -0.212658 -1.82782 -1.0308 -1.31446 -0.967376 -0.875807 -0.878653 -0.401045 -1.3903 -1.16811 -1.20366 -0.246502 1.04005 1.3816 
5.03068 -0.737728 -0.0334997 -0.277114 -0.530937 -0.0358095 -0.088437 -0.080633 0.0347575 -0.0369041 -0.170699 -0.052734 0.00323057 -0.694368 -1.10334 -1.16582 0.34583 -1.71269 -1.71636 1.63164 -1.45995 0.986524 -0.0232967 0.0851611 0.443969 -0.0220831 -1.87987 -1.95793 -1.78591 -2.36086 -0.438268 0.187506 -2.02987 -0.723925 -1.48099 -0.0453182 1.5296 1.08571 1.70864 
5.01841 -0.774567 -0.125674 -0.366051 -0.523997 -0.0648485 -0.170632 -0.0710902 0.1063 0.046477 -0.00900656 0.0216667 0.0257827 -1.45602 -1.23402 -1.3119 -0.0976503 -1.09533 -1.30758 1.26833 -1.51841 0.158033 0.191598 0.0827276 0.33297 0.289107 -1.06207 -0.987765 -0.262047 -1.59976 0.0422032 0.185538 -1.87636 0.431335 -1.82136 0.143439 0.694718 -0.235271 0.809543 
4.98282 -0.829595 -0.184525 -0.33881 -0.584441 -0.0835759 -0.04668 -0.322486 -0.0434758 0.0392836 0.117289 0.12976 0.0743606 -1.96018 -1.59554 -1.12783 -0.784365 -1.7027 -1.08575 0.627623 -0.208387 0.443632 0.736359 0.553233 -0.0529851 0.188726 -0.550108 0.34932 1.36105 -0.808459 0.586927 0.285986 -1.48757 2.63765 -0.78249 0.703525 -0.504068 -1.77493 -0.395558 
4.86413 -0.9332 -0.202752 -0.361964 -0.594315 -0.0727531 -0.148382 -0.33796 -0.0793089 -0.138341 -0.0601521 -0.01144 0.134735 -2.1591 -1.74729 -0.811826 -1.38913 -1.67029 -0.818624 -0.402774 0.0875633 -0.0577617 0.493267 0.612796 0.292651 0.893957 0.152222 1.39684 2.17784 0.467726 0.779582 0.57927 -0.54485 2.85754 0.340985 1.0865 -0.131797 -1.10706 -1.01097 
4.85488 -0.908319 -0.219754 -0.447305 -0.615205 -0.168132 -0.194145 -0.116557 0.00816516 0.0385041 0.00781492 0.0626717 0.0878898 -2.82882 -1.38654 -0.17632 -1.14826 -0.761437 -0.635056 -0.946761 -0.560576 -0.434045 0.912286 0.563736 -0.321991 0.735737 -0.137093 1.00745 1.7819 0.744078 0.410157 0.806833 -0.0928657 0.28511 0.804927 0.423724 -0.667291 -0.626841 -0.287331 
4.8919 -0.864705 -0.168203 -0.413059 -0.557976 -0.0993606 -0.126635 -0.180642 -0.0514189 0.101434 0.0420897 -0.00538396 0.0578588 -2.74133 -0.575328 0.650727 -0.43078 -0.155096 -0.325329 -0.701535 0.430364 -0.513935 -0.00480317 -0.468714 -1.20463 0.535341 -0.620125 0.662447 0.725814 0.901716 0.828242 0.432891 -0.308258 -1.10484 0.351712 -1.1933 -0.699232 -0.044769 0.512 
4.77782 -0.93334 -0.12884 -0.462476 -0.722996 -0.127557 -0.130548 -0.0553714 0.00347262 0.104134 0.0595799 -0.0755906 0.05036 -1.21819 1.75505 1.8596 0.207302 -0.169208 -1.19373 -1.762 1.08136 -0.714591 -0.368252 -0.512686 -1.65966 -0.162221 1.12517 2.54827 0.723262 1.58672 1.17052 -0.801586 -0.747646 -1.96278 -1.2616 -2.26611 -0.773542 -0.14344 0.125367 
4.74755 -0.933092 -0.116134 -0.398679 -0.607479 -0.0909018 -0.254466 -0.182191 -0.0626573 -0.0551969 0.0134665 0.0659614 0.170283 1.40025 4.31282 1.70451 1.3564 -0.972277 -2.34942 -1.5622 0.813065 -0.687154 -0.0628551 0.249954 -0.998987 -1.05861 4.3402 5.08059 0.393467 1.86148 -0.631651 -2.65712 -0.668307 0.19807 -1.06317 -1.21668 -0.0732549 -0.781593 -1.71804 
4.62217 -0.93072 -0.121214 -0.465101 -0.598491 -0.146391 -0.225754 -0.310338 0.0225175 0.175054 -0.0433258 -0.0652915 0.110009 3.42896 5.83865 1.08049 2.24228 -1.80467 -3.03817 -1.63521 0.554835 -0.88293 -0.466441 0.587254 -0.857695 -1.44034 7.2806 6.21787 -0.503526 2.13027 -2.56081 -3.34993 -0.474845 2.23313 -0.649213 -0.00860959 1.84399 0.623178 -2.53081 
4.68112 -0.836354 -0.0765127 -0.356877 -0.518703 -0.100139 -0.174567 -0.0657912 -0.0788314 -0.114531 -0.0554744 -0.137336 0.12449 5.10131 6.70507 0.296814 2.67558 -2.60958 -3.79106 -1.77495 1.12181 -0.579574 -0.105793 0.816232 -0.166127 -1.71299 6.48004 3.80908 -1.85612 1.33423 -3.63601 -2.43969 0.0466694 1.20475 0.683798 2.43289 2.30684 1.75536 -1.96718 
4.96797 -0.435169 0.123409 -0.285496 -0.679433 -0.374454 -0.419779 -0.158996 -0.226848 -0.0997541 0.0183355 -0.144587 0.00232315 6.31771 7.1573 -0.377173 2.93241 -2.64076 -3.97867 -1.23951 1.17071 -0.667938 0.443229 1.30068 0.17945 -1.93087 1.59142 -1.66216 -3.18589 -0.127243 -1.96539 0.467763 1.58342 0.800948 1.83787 2.58256 1.32599 1.94828 0.192338 
5.27368 -0.224688 -0.0817482 -0.171656 -0.839976 -0.50027 -0.321938 -0.0965482 -0.0658921 0.0398914 0.0689545 -0.0423411 -0.11397 5.97503 6.66712 -0.96344 3.00038 -3.22224 -3.51161 -0.555787 1.48881 -0.47587 0.867543 1.76977 0.0304361 -1.95151 -4.04969 -5.24439 -1.79189 -1.1149 1.14488 3.03936 1.49102 -0.827412 0.65355 0.770415 -0.149768 0.722561 2.23488 
5.34733 -0.201939 -0.150501 -0.166728 -0.898848 -0.501235 -0.33183 -0.0182062 -0.0825085 0.0848287 0.172337 -0.0387114 -0.107856 4.07513 5.30508 -1.56516 3.74226 -3.00198 -2.28327 -0.226126 1.20775 -0.718847 0.314702 1.77677 0.699355 -1.50316 -7.65209 -5.51542 -0.198985 -0.443813 2.74202 3.85051 1.45799 -1.74909 -0.422205 -0.942566 -1.41994 -0.739964 2.11487 
5.39059 -0.215077 -0.156103 -0.124386 -0.941998 -0.505168 -0.33717 -0.00872062 -0.0678678 0.110623 0.11842 -0.000599836 -0.0826784 -0.804777 3.38665 -2.56532 4.62479 -1.2651 -1.82428 0.936899 -0.175088 -0.347455 0.400707 1.43617 0.922585 -1.37391 -9.76524 -3.29947 0.300534 1.8463 3.94187 2.54379 1.47313 -1.80454 -1.34375 -2.99608 -1.23872 -1.07165 0.759824 
5.36425 -0.199833 -0.177205 -0.130586 -0.901801 -0.534069 -0.288517 -0.0311736 -0.110326 0.0970836 0.167096 -0.017846 -0.0740902 -7.93732 1.71145 -2.49866 4.6788 1.97307 -1.02702 2.85276 0.0683899 -0.992594 -1.11816 0.150709 0.445234 -0.882762 -11.7516 -0.3502 0.613156 2.85386 4.69229 -0.147727 1.74841 -1.2707 -1.57406 -3.10528 -1.57587 -0.629474 -0.828075 
5.23517 -0.183423 -0.206728 -0.0454079 -0.919055 -0.443835 -0.287027 -0.083095 -0.123559 0.0614436 0.172644 -0.0568511 -0.0483917 -14.6948 1.77789 0.177399 2.42377 4.2121 0.460362 2.78832 -0.275107 -1.8094 -2.61712 -1.41104 -0.174613 -0.186154 -13.0113 1.5578 1.97844 -0.507398 5.10062 -0.713338 2.07164 0.265473 -0.818128 -2.41605 -2.41098 -0.108381 -0.865995 
4.99804 -0.214219 -0.245945 0.14759 -0.912033 -0.378403 -0.259764 -0.0812903 -0.181416 0.0056463 0.14303 -0.0246229 -0.105737 -18.5093 2.33543 1.82632 0.509019 5.54565 1.60891 2.59427 -0.76346 -1.63231 -3.19641 -2.35634 -0.35205 0.0782395 -10.4373 2.32188 4.30164 -5.94674 4.0275 0.819606 0.488347 0.832441 -0.0163849 -1.19587 -2.54338 -0.337309 0.640954 
4.47239 -0.176563 -0.371661 0.402345 -0.620251 -0.573255 -0.0886379 -0.171327 -0.163982 -0.107244 0.159513 0.005375 -0.179172 -19.8852 2.61439 2.78204 -0.848575 6.33203 1.99502 1.82099 -0.750576 -1.27274 -2.90701 -2.54896 -0.77306 0.1386 -2.27401 1.56893 5.24864 -8.78787 0.470363 3.1147 -2.50489 0.758575 0.954494 0.998924 -1.83817 -0.741484 1.84178 
3.7981 -0.0451727 -0.223443 0.276799 -0.350104 -0.653219 0.0698668 -0.0356786 -0.338053 -0.217056 -0.0108088 -0.0620473 -0.179097 -18.5506 2.50845 3.08453 -1.43853 6.4626 1.46259 0.734029 -0.187139 -0.528568 -2.39854 -2.96696 -0.821545 0.430308 8.05505 -0.490903 2.08974 -5.06967 -2.70404 2.4712 -4.58981 -0.0847137 2.38329 2.68942 0.454794 -0.55478 1.72783 
3.31255 0.0865498 0.142273 -0.231269 -0.356826 -0.276064 -0.0575846 -0.0583882 -0.260755 -0.256182 -0.160975 -0.0697857 -0.0509193 -15.4539 2.208 3.20404 -2.03359 6.01707 0.677298 -0.205045 0.28679 0.13861 -1.82827 -2.91051 -0.641356 0.628616 14.1524 -2.4177 -2.86162 2.83907 -3.3954 -1.79854 -3.65039 0.0645987 2.16958 2.75779 2.10987 -0.00683081 0.182255 
3.2523 0.0766542 0.146651 -0.274942 -0.301865 -0.178906 -0.12174 -0.14751 -0.22195 -0.239928 -0.114965 -0.0682904 -0.0269169 -10.8923 1.79147 2.93336 -2.37826 4.74716 0.432163 -1.19021 0.245984 0.809531 -0.813517 -2.59471 -0.773314 1.1043 12.9773 -2.59387 -4.75507 6.76102 -2.70149 -4.52605 -1.2689 0.602873 1.18543 1.70054 1.76458 0.523341 -0.812168 
3.26455 0.0539087 0.116389 -0.167634 -0.230539 -0.287968 -0.204134 -0.132869 -0.194577 -0.148884 -0.102005 -0.140208 -0.0638044 -5.51779 1.06967 2.20552 -1.96943 2.97743 0.488456 -2.42377 0.17768 1.46103 0.0532946 -2.02378 -0.62195 1.20905 7.56658 -1.34993 -3.64598 5.12782 -1.43039 -3.74807 0.8074 0.266935 0.34841 0.114781 0.829682 0.942139 -0.735702 
3.3674 0.0380676 0.026807 -0.0288789 -0.173478 -0.459368 -0.243954 -0.0357531 -0.144744 -0.184785 -0.159537 -0.12009 -0.0264267 1.53136 -0.471335 -0.225494 -0.101907 1.35233 0.266249 -2.40256 -0.225884 1.08915 0.604707 -0.236484 -0.279964 0.549275 4.74774 -0.688991 -1.46132 0.409245 -1.496 0.398982 1.57634 -0.436174 -1.3556 -0.239436 0.971156 0.524292 -0.642292 
3.33504 0.033669 0.0531687 0.00147066 -0.17562 -0.475009 -0.244495 -0.0368219 -0.130139 -0.226264 -0.17126 -0.071237 -0.0464491 9.07797 -1.59514 -2.68977 2.2597 -1.01527 -1.66755 -0.819058 0.00596517 -0.242208 1.62725 1.33113 -0.43747 0.313995 8.58135 -1.05093 -1.23346 -1.90306 -3.63728 2.48367 1.74834 -0.886673 -2.3864 1.04366 2.31377 -0.260525 0.0063078 
3.35533 0.0425149 0.0501185 -0.00938859 -0.1786 -0.437997 -0.246876 -0.102016 -0.117615 -0.151428 -0.197944 -0.113865 -0.00231919 14.6434 -1.94671 -3.05064 2.2903 -3.92768 -1.70986 0.0799141 0.103423 -1.2274 2.45131 2.18785 -0.307225 0.549563 13.996 -1.72021 -2.02541 -0.647993 -5.96098 1.22894 1.96422 -0.395812 -3.04396 2.23121 3.63841 -0.423398 0.159 
3.385 0.0611772 0.0490605 -0.0532563 -0.12722 -0.442971 -0.333014 -0.115877 -0.0486622 -0.171886 -0.189794 -0.0975734 -0.0118499 18.0314 -2.15976 -3.00185 1.8377 -6.45568 -0.751433 0.667042 -0.307265 -1.52495 3.20293 2.45217 -0.116405 0.847441 13.9138 -1.49341 -1.58153 1.15603 -7.1487 -0.496765 1.86704 0.194627 -2.19264 3.05864 2.49042 -0.393198 0.589276 
4.05747 -0.121848 -0.145836 -0.0572405 -0.259587 -0.285172 -0.251543 -0.0957921 -0.293114 -0.154006 0.010488 -0.105653 -0.0877181 19.233 -2.22781 -2.73986 1.43427 -7.95817 -0.127388 0.975364 -0.592036 -1.62636 3.87317 2.64491 -0.164879 0.893898 4.28012 0.298177 0.727249 1.39719 -4.77988 -1.48544 0.563359 0.274277 0.865928 2.03265 -0.736798 0.254043 1.06897 
4.92096 -0.168105 -0.282969 0.108318 -0.692731 -0.541094 -0.0998267 -0.0876156 -0.347674 0.0893507 0.131214 -0.174005 0.0411762 18.7387 -2.10158 -2.69614 1.47215 -8.24205 -0.471764 1.15201 -0.311603 -1.48643 3.9683 2.49807 -0.257613 1.05394 -8.92618 1.54626 2.63833 -0.26386 0.946786 0.144912 -0.98815 0.0413974 2.66496 -0.691276 -3.04561 0.758848 0.219639 
5.31333 -0.170432 -0.229141 0.118533 -0.906186 -0.511635 -0.154068 -0.105811 -0.360161 0.16524 0.176705 -0.120384 0.0537343 16.1062 -1.64383 -2.5087 1.65852 -7.68085 -1.09282 1.20735 0.108659 -1.28766 3.50913 2.12662 -0.0114815 1.06798 -15.8445 1.91364 2.03535 -1.16106 5.47581 0.325921 -1.1046 0.205459 2.48664 -2.45646 -3.16375 0.37547 -0.269324 
5.34447 -0.187679 -0.225054 0.139772 -1.01612 -0.44179 -0.175956 -0.133301 -0.261609 0.232166 0.0555115 -0.119759 0.0654721 11.5489 -0.780405 -2.39235 1.94077 -6.0732 -1.85036 1.01902 0.659971 -1.03881 2.82617 1.48655 0.204389 1.02642 -14.1387 1.71875 0.135061 -0.883263 7.03987 -0.85277 -0.703022 1.05494 0.421259 -3.24493 -0.948624 0.255047 -0.716935 
5.30558 -0.189081 -0.226853 0.121608 -1.02747 -0.45478 -0.156218 -0.116571 -0.256705 0.216041 0.0640354 -0.102552 0.0718235 4.7421 0.656702 -2.14418 1.53637 -2.7282 -2.55577 -0.0142715 1.35777 -0.015996 1.3597 0.523261 0.628904 0.878433 -7.84686 1.39996 -1.86707 -0.0174837 5.98054 -1.77404 -0.48943 1.79508 -1.20039 -2.68788 0.823602 0.272565 -0.756909 
5.26333 -0.181454 -0.255253 0.130802 -0.993376 -0.524337 -0.127385 -0.0925898 -0.274194 0.208373 0.0925649 -0.12935 0.0874057 -1.49742 1.59292 -2.21279 0.145698 1.34753 -1.61476 -1.35559 1.66148 0.55639 -0.551539 0.190076 0.85353 0.473937 -3.80392 1.69731 -1.99458 -0.313197 4.53666 -1.33772 -1.45962 1.5364 -0.421248 -1.90202 0.951434 0.443151 -0.231428 
5.2432 -0.147958 -0.322791 0.169908 -0.984406 -0.590198 -0.12789 -0.0705057 -0.310101 0.219934 0.114094 -0.108015 0.10439 -5.23518 2.19838 -2.44399 -0.757445 4.14668 -1.26244 -1.68259 1.22598 0.610493 -1.16494 0.268127 0.327733 0.693222 -3.96614 1.57634 -0.362685 -1.98417 4.32814 1.29825 -2.32604 -0.160898 0.969916 -1.37095 0.0772948 0.021596 0.178537 
5.21367 -0.103004 -0.430742 0.249564 -0.921262 -0.699384 -0.156681 0.0353284 -0.358229 0.18199 0.151631 -0.0714898 0.0730368 -6.6924 2.50871 -2.18705 -1.48387 5.69333 -0.777759 -2.06678 0.887169 0.402175 -1.61947 0.689664 -0.00278347 0.812103 -4.53534 0.731351 1.56177 -3.18087 3.39374 3.51561 -1.78248 -2.18894 1.72376 -0.513829 -0.75486 -0.971039 0.720701 
5.07881 -0.0192903 -0.516678 0.197473 -0.736817 -0.745478 -0.237702 0.123612 -0.311081 0.0950418 0.148033 -0.0290997 0.0771833 -6.88198 2.40374 -1.8163 -1.64879 6.12044 -0.347311 -2.42425 0.794967 0.711464 -1.88073 0.427825 -0.122468 0.824359 -2.32753 -0.649199 2.55418 -2.07438 0.860723 3.16312 -0.151257 -2.59387 0.894781 0.274496 -0.67602 -1.41749 0.676033 
4.80349 0.0641506 -0.493685 0.0185662 -0.541072 -0.606751 -0.392717 0.0598562 -0.183728 0.0282292 0.139663 -0.0518538 0.13015 -6.08644 1.8954 -1.2123 -1.52233 5.59428 -0.129445 -2.10535 0.774503 0.772093 -2.08182 0.281455 0.0337602 0.5598 2.49142 -1.93357 1.90162 0.992218 -2.44618 0.221504 1.94937 -0.7323 -0.770139 0.566352 -0.210265 -0.618509 -0.23284 
4.53607 0.0857831 -0.449882 -0.0475468 -0.389162 -0.514413 -0.364079 -0.0962549 -0.217752 0.0940536 0.123858 -0.14057 0.179444 -4.34649 0.909939 -0.500505 -0.605061 4.0323 -0.286766 -0.980693 0.681748 0.350901 -1.77704 0.106977 0.0392496 0.209583 7.07096 -2.53241 0.516564 3.85329 -5.25098 -2.69823 2.97729 1.82118 -1.71806 0.286368 0.148187 0.95166 -1.31651 
4.51952 0.0783816 -0.436858 -0.0551025 -0.359573 -0.511477 -0.376636 -0.0514978 -0.235268 0.0400827 0.151027 -0.150418 0.173212 -1.89425 -0.2456 0.13903 0.76964 1.4751 -0.244763 0.365914 0.325964 -0.506269 -0.828586 -0.0171071 -0.0706238 -0.129874 8.118 -2.42133 -0.356344 4.99698 -6.23722 -3.22502 3.24729 2.17355 -2.20271 0.89509 0.124567 1.46176 -1.72574 
4.59905 0.0583183 -0.465443 0.0153179 -0.365383 -0.612303 -0.398237 0.0580947 -0.197833 -0.026545 0.125255 -0.106 0.161753 0.842682 -1.29343 0.643685 2.15553 -1.18416 -0.385337 1.32236 0.435309 -1.54713 0.168971 0.0818943 -0.259262 -0.463622 5.71795 -1.71625 0.00937939 3.43265 -5.32322 -0.949249 2.28111 0.570386 -2.12241 1.93177 0.103375 0.474929 -1.09849 
4.70759 0.0207274 -0.464979 0.079752 -0.426831 -0.691839 -0.30939 0.102965 -0.250184 -0.0560231 0.160903 -0.0550901 0.108681 3.52901 -1.98067 0.742229 3.10852 -3.06922 -1.01214 2.02971 0.873941 -2.23326 0.742327 0.246858 -0.0786862 -0.770759 2.19374 -0.755318 0.759506 0.586748 -2.98693 1.61094 0.34499 -1.21005 -1.11768 2.35865 0.00276449 -0.881756 0.117593 
4.84701 -0.0556338 -0.462064 0.255497 -0.578245 -0.757954 -0.182284 0.109801 -0.347148 0.0120131 0.142432 -0.0474118 0.0770024 4.97564 -2.0895 0.634788 3.07099 -3.65154 -1.18168 1.64229 1.38296 -2.05081 0.75681 0.367774 0.135943 -0.788587 -0.528179 0.336646 0.85325 -2.23437 0.356555 2.31852 -1.62398 -1.33088 0.344343 1.20367 0.203734 -1.28613 0.973634 
4.94617 -0.108569 -0.447407 0.352147 -0.734482 -0.684201 -0.139891 0.0670358 -0.429497 0.109391 0.140585 -0.0824362 0.0558613 4.74674 -1.63516 0.495582 2.01426 -2.85165 -0.740627 0.539157 1.28361 -1.47899 0.875325 0.321548 0.0578908 -0.266478 -1.6497 1.36276 0.0540656 -3.87841 3.46627 0.96834 -3.28664 0.244232 2.09189 -1.04162 0.282798 -0.36483 1.37516 
4.97999 -0.127986 -0.377344 0.300934 -0.776443 -0.616864 -0.204442 0.0854108 -0.445108 0.14146 0.156059 -0.141389 0.0843479 3.50928 -0.660151 0.423043 -0.0384707 -1.31611 0.247438 -1.19232 0.768032 -0.481848 0.970508 0.189651 -0.311804 0.512572 -2.23763 2.19631 -1.07433 -4.12085 5.00674 -0.231189 -3.91692 0.944763 3.15089 -2.05202 -0.138461 0.595667 1.40932 
5.0775 -0.148728 -0.358101 0.270667 -0.777247 -0.660172 -0.17738 0.069899 -0.437082 0.133963 0.178154 -0.119549 0.0886452 1.48468 0.686954 0.207208 -2.56199 0.746885 1.60887 -3.06112 -0.36602 0.78088 1.34651 0.0226071 -0.880742 0.990554 -3.44843 2.81119 -1.37933 -4.20242 4.81083 0.748702 -3.78888 -0.37748 2.92096 -0.841242 -0.489498 0.199361 1.00683 
5.11139 -0.140784 -0.398695 0.264967 -0.706348 -0.697941 -0.242221 0.153761 -0.410627 0.0874903 0.185134 -0.105205 0.0976299 -1.13189 2.07241 0.294166 -5.31128 2.73583 3.14858 -3.90837 -1.60836 1.48194 1.0444 0.57467 -0.980801 0.994971 -4.83036 2.8323 -0.416185 -4.3338 3.09948 3.0215 -1.96503 -3.09709 1.43962 0.991052 -0.0731628 -0.645885 0.151937 
5.10376 -0.0782657 -0.437643 0.154408 -0.592003 -0.683511 -0.419325 0.220285 -0.32748 0.046033 0.174472 -0.0808175 0.162866 -3.58459 2.95724 0.630777 -7.0325 3.58533 4.31948 -3.08266 -2.37596 1.17386 0.286497 0.885477 -0.602624 1.19116 -5.58871 1.92384 1.16237 -3.66211 0.51261 4.63842 1.71359 -4.51712 -1.12576 1.29236 0.819656 -0.830669 -0.627305 
5.01422 0.0201404 -0.434195 -0.0346571 -0.495788 -0.592703 -0.574526 0.139417 -0.226688 0.0956585 0.131748 -0.12648 0.230747 -5.35345 3.50897 0.91933 -7.96923 3.29279 5.08782 -1.10719 -3.12077 0.514238 -0.315357 0.713319 -0.147986 1.15321 -4.45449 0.450881 2.10816 -1.90382 -1.86463 3.49828 5.64922 -2.99228 -3.20304 -0.527661 1.16711 0.278031 -0.880798 
4.8417 0.123683 -0.433623 -0.235268 -0.390716 -0.393635 -0.631328 -0.104464 -0.204938 0.263042 0.150356 -0.22583 0.184187 -6.24661 3.79498 1.29322 -8.6391 2.41549 5.41756 0.521696 -3.15816 0.11722 -0.968065 0.208403 0.136339 1.21519 -1.1378 -0.845871 1.73556 0.355272 -3.48339 -0.134008 7.10614 0.887398 -3.10168 -3.14562 0.0127545 1.89232 -0.119702 
4.6187 0.196601 -0.350549 -0.434902 -0.33875 -0.194978 -0.545271 -0.228265 -0.281694 0.202759 0.291847 -0.202204 0.137746 -5.89239 3.61575 1.62206 -8.71795 1.15098 4.84386 2.06543 -3.08105 -0.0986283 -1.74187 -0.0414512 0.790012 0.983544 2.78338 -1.33928 0.173302 1.94574 -3.5353 -3.81877 4.53115 3.79224 -0.734521 -3.67193 -1.83655 2.37794 0.539345 
4.46317 0.210865 -0.263173 -0.526226 -0.412325 -0.0803221 -0.344882 -0.20093 -0.420651 0.0684596 0.287359 -0.129022 0.232554 -5.01271 2.92856 2.19047 -7.68895 -0.641516 3.54404 3.33895 -2.73151 -0.410338 -1.91494 0.059044 1.14946 0.724721 4.94251 -1.16668 -0.754364 2.31567 -2.59871 -5.40261 -0.135211 3.47705 2.00184 -1.45647 -1.91997 1.35582 0.228791 
4.41422 0.260383 -0.243785 -0.646349 -0.461058 -0.103746 -0.151087 -0.21946 -0.423975 -0.000138605 0.205157 -0.0865283 0.239331 -3.31709 1.85336 2.49686 -5.82965 -2.52956 1.77834 3.83279 -1.54996 -0.759181 -1.80184 0.146432 1.33949 0.866528 4.67248 -1.33598 -0.40677 2.81476 -2.12111 -4.28426 -3.4669 1.54231 2.31995 1.74622 -0.30833 -0.379375 -0.02814 
4.45789 0.310462 -0.259126 -0.765241 -0.486442 -0.152454 -0.159841 -0.137198 -0.33743 -0.0803205 0.118769 -0.0564382 0.274574 -0.754734 0.717279 2.44242 -4.18135 -3.79628 0.177047 3.14547 -0.136981 -0.626797 -1.63009 0.020723 1.33987 1.18103 3.34336 -1.88053 0.42723 3.20516 -1.89006 -1.71906 -3.6482 -0.391205 0.438847 3.78212 1.61529 -1.64709 -0.303883 
4.51732 0.32969 -0.264885 -0.846197 -0.509735 -0.208077 -0.203808 -0.144835 -0.27525 -0.156668 0.145593 0.0298356 0.243351 1.747 0.0146577 1.84613 -2.9756 -4.1672 -0.749239 1.86263 0.232623 -0.0584867 -0.365604 -0.113642 0.74013 1.07823 2.48547 -2.00153 0.543824 2.83882 -1.29438 0.539199 -1.90104 -0.570286 -1.32224 3.60808 1.96936 -2.03712 -0.0525269 
4.46628 0.312377 -0.130948 -0.841325 -0.663482 -0.229369 -0.196915 -0.235239 -0.291826 -0.021051 0.216315 -0.0243033 0.264004 3.65447 -0.455584 1.29943 -2.43981 -3.96807 -0.494168 0.35654 0.245013 0.362939 0.819661 0.39618 0.0392221 0.494958 2.94782 -1.3575 -0.83071 1.28643 0.31474 1.84687 -0.54652 0.485089 -1.32143 1.47885 0.72067 -1.24064 -0.159798 
4.51853 0.250517 -0.08083 -0.772126 -0.819583 -0.246735 -0.159129 -0.207639 -0.375344 0.0751759 0.234161 -0.0769189 0.324209 5.01108 -0.940884 0.750182 -2.04967 -3.54648 0.294702 -0.35447 0.255049 0.124587 1.56495 1.10775 -0.411815 0.203698 3.11935 -0.119956 -2.19364 -0.847869 2.19053 2.07538 -0.184758 0.710194 0.161174 -0.321715 -0.20957 -0.253757 -0.911182 
4.70082 0.194484 -0.0861448 -0.820176 -0.841413 -0.20995 -0.195371 -0.15568 -0.392993 0.0350943 0.249214 -0.066276 0.322866 6.0857 -1.38332 0.0126158 -1.75791 -3.00496 1.14109 0.000273675 0.045071 -0.28566 2.12123 1.24379 -0.69484 -0.0696941 2.22945 0.544997 -2.58721 -1.4791 2.60892 1.60274 0.0549723 0.322124 1.02906 -0.646315 -0.549524 0.266323 -1.09108 
4.82296 0.217006 -0.135309 -0.876429 -0.83521 -0.194344 -0.178458 -0.185446 -0.352775 0.0839071 0.253157 -0.0770694 0.299774 7.21254 -1.58396 -1.15261 -1.64665 -2.12747 1.82827 0.899281 -0.275643 -0.51727 2.46223 0.740972 -0.671605 -0.0817441 1.24302 0.145011 -2.11703 -0.618309 1.89232 0.921663 0.986958 -0.701047 0.45405 -0.0778957 -0.507005 0.606169 -0.612438 
4.94847 0.207284 -0.152177 -0.95467 -0.868781 -0.0975028 -0.228624 -0.140244 -0.330511 0.0946722 0.26304 -0.0947029 0.266601 8.02775 -1.45941 -2.71394 -1.87221 -0.545317 2.22489 1.38455 -0.436858 -0.31069 1.81651 0.243259 -0.0633292 -0.40864 0.262072 -0.323342 -1.69043 0.756806 1.36016 0.0430468 2.08624 -1.63438 -0.46374 0.544534 -0.622542 0.703019 0.134648 
5.0876 0.18836 -0.21244 -1.00687 -0.853703 -0.0830044 -0.201179 -0.152997 -0.333963 0.125532 0.311884 -0.0968379 0.253309 7.63577 -1.18218 -3.53658 -1.71042 0.730788 1.99443 1.50482 -0.387131 0.045466 1.4801 -0.0171052 -0.138629 -0.658839 -0.652006 -0.324926 -1.37432 1.64368 1.39951 -0.675244 1.72537 -0.86858 -0.662769 0.0842613 -0.93342 0.339348 0.450428 
5.2344 0.131554 -0.271071 -1.00147 -0.87315 -0.0400163 -0.141058 -0.172855 -0.35111 0.178292 0.276886 -0.0999056 0.254493 6.6528 -0.992103 -4.11933 -0.716822 1.49684 1.13811 1.36533 -0.0362682 0.426812 1.5357 -0.4315 -0.741877 -0.852196 -1.72804 0.340736 -1.07354 1.73784 1.96353 -1.60055 -0.209283 0.777259 0.349069 -0.819908 -0.801518 -0.602263 -0.0809218 
5.39791 0.0971959 -0.365631 -0.986759 -0.860451 -0.00300033 0.0084576 -0.291714 -0.396416 0.269311 0.243089 -0.0642976 0.279565 5.79464 -0.765837 -4.94308 0.432477 2.54245 0.0955326 0.944153 0.453821 0.749535 1.37236 -0.667581 -1.33886 -1.26187 -2.76428 1.11735 -0.938493 1.80248 2.2458 -2.48414 -2.43363 2.43216 1.62289 -1.13848 -0.392183 -1.92345 -1.07089 
5.48073 0.101143 -0.484086 -1.02515 -0.748668 0.031252 0.00205625 -0.280922 -0.379339 0.20547 0.241915 -0.0278446 0.24113 4.68488 -0.329653 -5.60488 1.48618 3.46472 -1.09063 0.232457 1.11868 1.123 1.10389 -1.01819 -1.58497 -1.75553 -2.77494 1.26298 -0.765556 1.97278 1.59476 -2.74232 -3.25774 2.83761 1.84536 -0.570828 -0.220553 -2.17442 -1.59785 
5.48358 0.103814 -0.521633 -0.979137 -0.692732 -0.0390721 -0.0463429 -0.149204 -0.347248 0.203813 0.236931 -0.145485 0.233933 3.59147 -0.116071 -5.50826 2.33634 3.75312 -1.76523 -1.47406 2.90643 1.48311 0.390354 -1.52166 -1.76541 -1.54186 -1.77123 0.738962 -0.502918 1.68404 0.615215 -1.84023 -3.06293 2.46479 1.03464 -0.420321 -0.407921 -0.639945 -0.839347 
5.52485 0.107214 -0.621981 -0.892139 -0.63243 -0.126254 -0.120873 -0.0869107 -0.250408 0.237745 0.18127 -0.241998 0.165369 3.01476 -0.23323 -4.97142 2.94607 3.70267 -2.19504 -3.49986 4.49561 2.03803 -0.68965 -1.58465 -1.71562 -1.13015 -0.443077 -0.389761 0.709401 0.997782 -0.724273 -0.123523 -2.7283 2.25246 -0.0730955 -1.20357 -0.511985 1.27796 1.01239 
5.57977 0.150475 -0.810875 -0.823153 -0.488466 -0.188681 -0.13643 -0.0868708 -0.211769 0.273758 0.193809 -0.295005 0.0732582 2.83916 -0.844106 -3.94397 3.80518 2.93357 -2.60291 -5.10162 5.80096 2.31024 -2.03243 -1.42992 -0.933454 -0.723447 0.669947 -1.7766 2.60914 0.660351 -2.29329 0.940724 -2.51401 2.19897 -0.582909 -2.62301 -0.294306 2.87163 2.62162 
5.58392 0.1638 -0.890115 -0.777479 -0.438819 -0.238766 -0.215464 0.0112318 -0.204049 0.246122 0.146398 -0.250977 0.0187264 2.88586 -1.6801 -2.62421 4.73175 1.9874 -3.17049 -5.55172 6.06081 1.83081 -2.68535 -1.05138 0.30379 -0.0886788 1.08698 -2.54083 3.69376 0.921282 -2.66975 0.509544 -1.66622 1.31486 -0.713599 -3.14481 0.732812 3.16352 2.71908 
5.62137 0.107 -0.868127 -0.705828 -0.456223 -0.243033 -0.410714 0.284621 -0.198038 0.161955 0.0691385 -0.255995 0.166762 1.28063 -2.24869 -1.12881 5.89027 1.4789 -3.77498 -5.48163 5.70436 0.881115 -3.25424 -0.543366 1.90139 0.420604 -1.12815 -1.95609 3.62392 2.05201 -1.76349 -1.36597 0.475914 -0.983799 -1.20291 -1.75054 1.77901 2.72509 0.916507 
5.74485 0.0228988 -0.86173 -0.63848 -0.456645 -0.23634 -0.570364 0.357135 -0.1119 0.048584 0.0697257 -0.236092 0.207928 -0.768431 -2.66789 0.990542 6.7126 0.644951 -4.1608 -4.67201 4.70175 0.139663 -2.94509 -0.135844 2.65601 0.114382 -4.6116 -0.457085 3.11982 2.69869 -0.587309 -2.67202 2.82695 -3.16081 -1.80056 1.15637 1.68253 1.50876 -1.54463 
5.82595 -0.0708875 -0.82811 -0.490785 -0.512733 -0.322926 -0.6318 0.438534 -0.10563 -0.102298 0.107366 -0.0839759 0.193851 -1.33143 -2.86178 2.82674 6.47794 -0.953939 -4.40268 -3.15959 3.43845 -0.317593 -2.00075 0.393715 2.93499 -0.434001 -5.49169 1.09995 2.40357 1.06828 -0.459724 -2.00308 4.37963 -4.30374 -1.72255 3.98706 1.04252 -0.393106 -3.00529 
5.82502 -0.13483 -0.776093 -0.364634 -0.482771 -0.479848 -0.653464 0.478581 -0.175535 -0.113753 0.163184 -0.0107343 0.204367 -1.34781 -2.53904 3.69064 5.61803 -2.10171 -4.52863 -0.963179 1.4858 -0.614935 -0.439999 1.00857 2.52745 -1.14164 -2.62657 1.792 1.63799 -1.95544 -1.93183 0.158727 4.69043 -3.9923 -0.618402 4.8704 0.110078 -1.81857 -2.87104 
5.41529 -0.130917 -0.686729 -0.103133 -0.418662 -0.651106 -0.680897 0.503588 -0.25923 -0.108711 0.177043 0.0471784 0.202239 -1.5033 -1.80463 3.95872 4.275 -2.76261 -4.58879 1.67642 -1.03664 -0.575203 1.11969 1.23017 2.08848 -2.0493 3.1849 1.49369 0.392967 -5.17316 -3.15972 2.15502 4.40471 -3.34376 0.941076 3.782 -0.361302 -2.34949 -1.27692 
5.28441 -0.154926 -0.53447 -0.0141882 -0.487442 -0.67912 -0.606255 0.37353 -0.217255 0.0343259 0.141933 0.00224146 -0.00236345 -1.67452 -0.983589 3.88999 2.83389 -3.25573 -4.3022 3.70316 -2.7291 -0.377189 2.2136 1.11027 1.28152 -2.38981 5.65087 1.08694 -1.26985 -5.6449 -2.31736 2.26637 3.39902 -2.58662 1.65339 0.998232 -0.161826 -1.58329 0.838959 
5.55455 -0.167533 -0.483032 -0.145946 -0.702733 -0.694172 -0.477368 0.361173 -0.234758 0.108335 0.218269 0.0409022 -0.036273 -1.37319 -0.317864 3.39016 1.45876 -3.54892 -3.34567 4.92097 -4.25272 0.515298 2.43323 0.9602 0.313231 -2.48334 2.66071 0.737794 -2.0108 -2.79345 0.113662 1.33883 1.81044 -2.22385 1.89921 -1.64271 -0.256196 -0.757524 1.47984 
5.62998 -0.16114 -0.45525 -0.201943 -0.787484 -0.729134 -0.376048 0.300806 -0.239166 0.18507 0.233168 0.00625765 -0.0113601 -0.944075 0.137119 2.5298 0.642411 -3.69925 -2.11556 5.53099 -5.32213 1.62628 1.46254 0.976661 -0.172462 -2.46 -1.61231 0.55991 -2.00771 0.599348 1.99866 0.762813 0.108095 -1.71501 1.79119 -3.34099 -0.0272253 -0.201164 0.829832 
5.60255 -0.15278 -0.416252 -0.224511 -0.80258 -0.785195 -0.226364 0.132651 -0.171396 0.197178 0.203959 0.0186793 -0.0143533 -1.41203 0.330166 1.34943 0.817158 -3.30423 -0.83251 5.41981 -5.58133 2.08138 0.152993 0.825635 -0.145811 -2.10069 -5.26266 0.428504 -1.77853 3.38693 2.36533 1.34191 -1.57102 -0.32553 0.932445 -3.64309 0.0459707 0.151935 -0.134731 
5.55647 -0.13927 -0.409471 -0.200354 -0.829818 -0.829779 -0.13824 0.0287636 -0.131176 0.173704 0.229551 0.000370518 -0.0658798 -5.74537 0.433535 0.311424 2.40258 -1.4288 0.267259 4.88109 -5.22126 1.71521 -1.72846 0.0459963 0.419209 -1.08469 -7.92689 0.0665383 -1.36043 4.24426 2.46889 2.62143 -2.01437 0.927539 -0.361758 -3.01173 -0.867922 0.740917 -0.135417 
5.50403 -0.134538 -0.41058 -0.141676 -0.872709 -0.817348 -0.0727945 -0.0836329 -0.0485146 0.099786 0.261374 -0.000751216 -0.113755 -11.9949 0.581198 0.319449 3.93861 1.80004 0.671826 3.5917 -3.89141 0.859631 -3.12339 -1.84242 0.435589 -0.94067 -10.5736 -0.0551725 -0.497303 3.16437 4.02436 2.36673 -2.19367 3.11947 -2.46364 -2.03763 -2.82889 1.00181 0.793835 
5.37441 -0.109351 -0.429948 -0.0623998 -0.870898 -0.785972 -0.023551 -0.182023 0.0141172 0.00361062 0.30387 -0.0114113 -0.147359 -16.5655 1.34822 1.0042 2.05715 4.35069 2.50859 1.69555 -2.54348 -0.234997 -3.85206 -2.42867 0.100489 -0.971642 -11.659 0.634312 1.25219 -1.38232 5.94062 2.343 -2.83044 4.09466 -3.70897 -0.676853 -3.7325 0.119423 1.22887 
5.03842 -0.104522 -0.475433 0.134783 -0.861555 -0.692345 -0.0247102 -0.184666 -0.0325344 -0.0403104 0.241352 0.0432637 -0.161816 -19.5016 1.76086 2.44422 0.402297 5.83433 4.0421 -0.461204 -1.78134 -0.701523 -3.10956 -3.05184 -0.648772 -0.508412 -8.00428 1.34362 3.5926 -6.43045 5.69198 2.03976 -3.61005 2.68309 -2.40761 1.23603 -2.63415 -1.615 1.03621 
4.38758 -0.124256 -0.476382 0.28543 -0.666286 -0.577218 0.059883 -0.226921 -0.0974814 -0.171229 0.0864158 0.118965 -0.0865298 -20.1244 1.94568 3.47746 -1.05108 6.90944 4.77951 -2.30472 -1.44023 -0.606435 -1.72429 -3.81468 -1.45393 0.273695 0.719912 1.4975 4.21523 -8.31414 2.29135 1.4589 -4.46007 0.32318 0.431532 3.6129 -0.0642657 -3.17669 0.527336 
3.81522 -0.0815058 -0.352611 0.25904 -0.303864 -0.697529 -0.0358922 -0.00452881 -0.231867 -0.244022 -0.169547 0.0559225 -0.120962 -18.8966 2.03603 4.30708 -2.56388 7.12048 5.04768 -3.33652 -1.37098 -0.455316 -0.384918 -4.04855 -1.958 0.411666 8.94669 0.524062 2.52193 -5.30817 -2.64481 1.25038 -3.04541 -2.78205 3.22127 4.55502 2.33358 -2.56552 0.277924 
3.52996 0.107448 -0.202261 -0.362326 -0.158402 -0.325267 -0.206098 -0.0790789 -0.273404 -0.239556 -0.017297 -0.0668533 -0.151974 -15.5723 1.93523 4.67296 -3.60626 6.38144 4.76816 -3.75343 -1.65881 -0.00090427 0.936639 -3.60107 -2.27761 0.360698 12.3827 -1.25621 -0.511055 1.94211 -5.21436 -1.36148 -0.0735837 -3.02852 3.62193 3.54687 1.98299 -0.400666 0.015483 
3.33817 0.0796071 0.0220191 -0.289774 -0.183133 -0.265151 -0.330081 -0.260131 -0.12053 -0.0546532 -0.104041 -0.154027 -0.0884896 -10.553 1.78404 4.3464 -4.09209 4.8515 4.09571 -3.50076 -2.21842 0.716101 1.95743 -2.37229 -2.53665 0.238728 11.0886 -1.64363 -3.42131 4.93604 -4.74126 -2.55656 2.67935 -1.02321 1.27521 0.860955 1.70796 1.66973 -0.563799 
3.3778 0.0723864 -0.00910606 -0.233153 -0.115311 -0.278106 -0.427385 -0.295427 -0.0351796 0.0309715 -0.186749 -0.2236 -0.0243111 -4.34161 1.4807 2.85826 -3.38959 2.54337 3.07804 -2.99583 -1.97242 1.26703 2.36142 -0.903197 -2.10285 0.275845 7.60783 -1.15272 -4.20825 4.23425 -3.07449 -2.74304 3.83252 1.36124 -1.06663 -1.58394 1.6875 2.65027 -0.571945 
3.34187 0.0881746 0.0333005 -0.280363 -0.12546 -0.212911 -0.384869 -0.340553 -0.0373926 0.00728894 -0.184175 -0.186009 -0.123427 5.96328 0.653785 -1.17298 -2.69194 -0.671885 2.28687 -1.70092 -0.738965 1.967 2.58015 -0.215603 -0.9067 1.44255 11 -0.55369 -5.92497 0.763452 -2.51969 -2.40257 2.56725 4.24089 -1.47645 -1.72524 1.21445 2.124 1.14752 
3.37791 0.0913343 0.0294455 -0.25611 -0.13328 -0.211158 -0.374609 -0.381658 -0.0414504 0.0536285 -0.157047 -0.185089 -0.125204 15.7309 -0.609866 -4.78453 -1.61941 -2.46205 0.978302 -0.170569 1.95183 1.42859 1.59425 -0.569418 0.464863 2.28641 17.9992 -0.724213 -7.17311 -2.90345 -3.20489 -0.556075 1.21769 5.73889 -0.806035 -1.476 0.640099 1.65222 2.73961 
3.43214 0.103721 -0.00944953 -0.244675 -0.148409 -0.19706 -0.344221 -0.40112 -0.0523258 0.0871159 -0.119448 -0.202705 -0.103812 22.6261 -1.29769 -7.37862 -2.64194 -3.23907 1.1605 0.932448 4.02632 0.0162304 -0.08856 -0.1736 1.72994 2.81882 20.9973 -1.88168 -6.57355 -3.09534 -3.18213 0.431435 0.58655 5.41878 -0.500021 -1.49543 -0.769548 1.75382 3.18977 
3.66458 0.112914 -0.137861 -0.239643 -0.174014 -0.253174 -0.359876 -0.251187 -0.0521414 0.00869571 -0.0870494 -0.145664 -0.035082 26.3417 -1.99626 -8.25966 -2.99442 -3.84773 1.35138 1.6063 5.08268 -0.914875 -1.11938 -0.0118321 2.50398 3.10358 14.326 -2.35714 -3.20692 -1.80758 -1.48087 1.32991 0.806121 2.73231 -1.32975 -1.81682 -1.18748 1.51308 1.4522 
5.15805 0.0610468 -0.68806 -0.522767 -0.472997 -0.230662 -0.351914 0.0318631 0.061402 0.138278 -0.170856 -0.096933 0.184891 27.4768 -2.59382 -8.33813 -2.79523 -3.85423 1.18271 1.6631 5.66334 -1.43097 -1.76534 -0.0120017 2.60556 3.28346 -3.99257 -1.64086 3.34408 1.39976 1.60957 1.08155 0.950998 -1.38188 -2.47461 -2.54282 -0.0862607 0.783642 -1.74914 
5.93181 -0.055249 -0.790768 -0.598111 -0.521429 -0.122987 -0.276283 0.182905 -0.0404911 0.00548923 -0.175572 -0.0282517 0.215076 25.5714 -2.87369 -7.32552 -2.33677 -3.74262 0.936537 2.0093 5.45104 -1.75992 -2.43702 0.0498052 2.688 2.44761 -17.6585 -0.0326367 6.59467 3.53599 2.7674 -0.637703 0.496773 -3.89175 -1.62062 -1.3163 0.910575 -0.480765 -3.42021 
6.09942 -0.140919 -0.833882 -0.559456 -0.50436 -0.0719876 -0.230457 0.168875 -0.159213 -0.111943 -0.179983 0.0775527 0.259987 20.816 -2.85036 -5.23198 -1.52225 -3.32307 0.209896 2.53733 4.27223 -1.74299 -2.75674 0.401393 2.39286 1.21589 -20.3321 1.37415 6.61056 3.37381 1.9868 -2.39246 0.365909 -3.85723 0.380645 0.229543 1.53196 -1.70464 -3.73489 
6.18664 -0.170897 -0.843874 -0.531916 -0.517848 -0.0816394 -0.188861 0.202646 -0.201444 -0.14817 -0.170737 0.0998616 0.221708 13.1089 -2.36896 -2.33931 -0.213997 -2.57058 -0.805173 2.84421 2.41197 -1.58662 -2.53321 1.1409 1.69549 -0.367685 -14.9019 1.92183 4.4792 2.04939 0.500872 -3.34564 0.286045 -2.62252 1.965 1.22524 1.65207 -1.89764 -2.70662 
6.20407 -0.199246 -0.8208 -0.525309 -0.535762 -0.109458 -0.186185 0.243533 -0.224608 -0.182367 -0.12451 0.0821859 0.192817 3.50164 -1.50798 0.90563 1.57931 -1.60492 -2.19553 2.33074 0.757815 -1.20693 -1.89752 2.14505 0.963763 -2.04163 -7.1033 1.7372 2.18002 0.810536 -0.669586 -3.04415 -0.148815 -1.42882 2.50022 2.26331 1.3301 -1.44367 -1.51889 
6.19545 -0.207467 -0.803959 -0.474519 -0.598663 -0.168162 -0.106684 0.236444 -0.222413 -0.212526 -0.0966738 0.106858 0.117057 -1.58994 -0.435009 2.17424 2.24901 -2.00971 -3.49646 1.17759 0.193054 -0.0255527 -0.0943612 2.57807 0.0784251 -2.62542 -4.31657 1.35495 1.75292 0.669403 -0.560942 -1.8937 -1.66533 -0.589652 1.74331 2.70611 0.989495 -1.05379 -0.649261 
6.15128 -0.209524 -0.738224 -0.464358 -0.630203 -0.279284 -0.00450211 0.190444 -0.177126 -0.237414 -0.0362627 0.0845308 0.0804359 -4.77577 0.404636 2.98904 2.76702 -2.27329 -4.26146 0.159462 0.176464 0.908751 1.08909 2.51629 -0.590746 -2.69019 -4.52815 1.17538 1.22911 1.14525 -0.279551 -0.566384 -3.27987 0.15664 0.840452 2.80707 -0.0478251 -0.604871 0.269941 
6.03889 -0.185707 -0.68174 -0.407282 -0.652287 -0.386046 -0.00524891 0.187435 -0.162591 -0.216225 0.0439124 0.0733972 0.0171398 -10.5974 1.15099 3.83507 3.78755 -1.08442 -4.16196 -0.741741 -0.472835 1.37812 1.38159 1.78729 -1.17739 -2.02013 -7.89955 1.16523 1.02093 1.67832 1.12094 0.826031 -3.30576 0.120985 0.383229 1.59151 -1.66726 -0.786613 1.37564 
5.92502 -0.174661 -0.601232 -0.332959 -0.692958 -0.456972 -0.106026 0.198685 -0.134557 -0.0909905 0.110418 0.0625329 -0.0611273 -17.2719 1.92509 5.05373 4.43936 1.18103 -3.57493 -1.523 -0.970293 1.17773 0.947055 0.831292 -1.27457 -1.17688 -12.9441 1.2729 1.46208 1.6751 3.9363 1.86766 -1.65316 -0.622708 -0.366065 -1.30193 -2.89313 -0.63902 2.3999 
5.7522 -0.128721 -0.523407 -0.283287 -0.791577 -0.513704 -0.212436 0.229689 -0.0966684 0.0139741 0.12176 0.0152654 -0.0700657 -22.0815 2.38745 5.96786 4.32391 3.10043 -2.90527 -2.13619 -1.17443 0.830838 0.387597 0.0959145 -0.928066 -0.646464 -14.4335 1.03692 1.93065 0.740681 6.10222 2.08453 0.568632 -1.43934 -1.03916 -3.58946 -2.76254 0.393474 2.02894 
5.40997 -0.0891251 -0.467312 -0.167158 -0.775381 -0.585076 -0.238349 0.227385 -0.0705883 -0.0060412 0.0771079 0.0115049 -0.0417788 -24.6433 2.4806 6.44666 3.92433 4.14994 -2.09335 -2.2806 -1.27907 0.466809 -0.350292 -0.599824 -0.325479 -0.212929 -8.98291 0.342856 1.9151 -1.26659 5.09046 1.67464 1.64844 -1.30913 -1.25678 -3.59838 -1.25492 1.44084 0.80302 
4.41105 -0.0138297 -0.324746 0.0178921 -0.497093 -0.548223 -0.256917 0.0978659 -0.0459429 -0.084873 -0.0210131 -0.0901798 0.0215753 -24.8992 2.21318 6.68234 3.02215 4.65086 -1.19559 -1.88659 -1.50235 0.176187 -1.00921 -1.08329 0.109976 0.110888 3.3616 -0.800017 0.631183 -3.28108 0.496573 0.868856 1.40045 0.0263326 -1.00541 -1.4105 0.63368 2.26401 -0.731593 
3.66673 0.0623519 -0.0918166 0.035623 -0.209269 -0.533333 -0.28554 0.0758597 -0.132277 -0.21458 -0.0495796 -0.0376329 0.0531181 -22.8453 1.79267 6.29399 1.79253 4.63111 -0.00852633 -1.16627 -2.21201 0.0800126 -1.36061 -1.2696 0.305785 0.344259 13.67 -1.76523 -1.57123 -3.68029 -4.22514 0.968529 0.729713 0.26601 0.180287 1.53491 1.36224 1.27088 -1.21591 
3.48118 0.0781669 -0.00877832 -0.0225632 -0.196246 -0.590829 -0.271038 0.0663849 -0.122657 -0.219666 -0.0219173 0.0610097 -0.0311251 -14.1211 0.4968 4.27719 0.625515 2.80649 1.27996 0.0661416 -2.64675 -0.498751 -0.453954 -0.392211 0.0852147 -0.0630842 20.3266 -2.49864 -4.12143 -2.5333 -6.61395 2.08753 0.872893 -0.250361 0.286835 3.44285 1.50923 -0.973839 -0.587812 
3.37316 0.0654925 0.0643475 -0.0314002 -0.250213 -0.602224 -0.274433 0.0558334 -0.104196 -0.2359 -0.0211546 0.088896 -0.0166306 -1.15839 -0.760204 1.73111 -0.0236962 -0.739019 1.41124 0.363438 -2.29738 -1.04673 0.845778 0.585964 0.145864 -0.0979845 24.4535 -2.6789 -6.17012 -0.455434 -6.9596 1.94711 1.08601 -0.537262 -0.487083 3.71186 1.46777 -2.0345 0.228936 
3.29929 0.0461616 0.138473 -0.0589708 -0.260825 -0.550378 -0.309491 0.0385204 -0.112899 -0.190891 -0.0247204 0.0705311 -0.0317051 11.9283 -1.97309 -0.800443 -0.911183 -4.2938 1.06706 0.672453 -1.59679 -1.44888 1.96018 1.50311 0.0229972 0.0605376 24.5957 -2.31851 -6.42307 0.77379 -5.88782 0.367391 1.13439 0.0229853 -1.3923 2.38363 1.48313 -1.76291 0.996592 
3.30424 0.0420383 0.131033 -0.11083 -0.27104 -0.412373 -0.303229 -0.117296 -0.0663987 -0.128868 -0.0477646 0.0210369 -0.00323206 20.1885 -2.88581 -2.70564 -1.14973 -6.53671 1.02534 0.848559 -1.23239 -1.55479 2.74095 1.72626 -0.610414 0.393036 19.2712 -1.58291 -4.17641 0.606282 -3.99994 -1.90677 0.454282 1.77492 -1.82668 0.37414 1.14501 -0.269204 1.06932 
4.43049 -0.133674 -0.173519 -0.113967 -0.57611 -0.304942 -0.12373 -0.138809 -0.19804 0.0509445 0.112109 -0.0825676 -0.0706694 23.5088 -3.22642 -3.42674 -1.18343 -6.88949 0.868369 1.10613 -0.975939 -1.69053 2.68678 1.59823 -1.01614 0.806418 4.09919 0.0102948 0.210684 -0.387411 -0.199036 -2.96297 -0.619949 2.13978 -0.303705 -1.65766 -0.423886 1.00427 0.898268 
5.33251 -0.171135 -0.296194 0.00814096 -0.853843 -0.48532 -0.228922 -0.0659096 -0.253576 0.0534905 0.123551 0.0105465 0.0312286 23.7495 -3.14946 -3.5303 -1.31713 -6.49142 0.361798 1.40002 -0.807272 -1.53494 2.40945 1.36146 -0.930602 0.890129 -11.2638 1.02035 3.37302 -1.45537 3.59639 -1.26348 -0.151571 0.844251 1.2535 -2.10668 -1.53167 0.64168 0.0682466 
5.68637 -0.220202 -0.305875 -0.123733 -0.891975 -0.507875 -0.197722 -0.0491256 -0.288947 0.0420548 0.164557 -0.0318117 0.0695493 20.982 -2.75698 -2.87497 -1.34208 -5.6425 -0.249555 1.5058 -0.72557 -1.06637 1.88312 0.858867 -0.535667 1.13185 -18.046 1.57808 4.01782 -0.820772 4.82059 0.372576 0.218675 -0.811599 2.15115 -1.30084 -2.0497 0.429346 -0.431281 
5.79749 -0.272051 -0.287135 -0.181953 -0.941015 -0.459024 -0.197583 -0.0404002 -0.300282 0.0692123 0.13557 -0.043171 0.0616827 15.0546 -2.04985 -1.40045 -1.13991 -4.22317 -0.83253 1.34106 -0.910379 -0.537409 1.54124 0.0936777 -0.0779691 1.37415 -15.7583 1.66467 2.73155 0.395357 3.78815 0.826456 0.565375 -2.1502 1.99807 -0.0634515 -1.63149 0.288958 -0.0927119 
5.83952 -0.288806 -0.27287 -0.202866 -0.939242 -0.484152 -0.126605 -0.0744484 -0.263405 0.0611323 0.12263 -0.0401818 0.0525019 5.42636 -0.846375 0.56367 -0.622671 -2.04746 -1.00689 1.12299 -2.01979 0.233273 1.47237 -1.09421 0.247966 1.54473 -9.84083 1.40375 1.14996 1.84264 1.63656 0.262695 0.296984 -2.36609 0.71882 1.23569 -1.03032 0.313995 0.37433 
5.84477 -0.29197 -0.267549 -0.214757 -0.950302 -0.487386 -0.0959173 -0.122127 -0.235383 0.080627 0.103919 -0.041305 0.0752343 -3.22062 -0.0833375 1.4815 0.489982 -0.422308 -0.250356 1.89953 -3.45497 0.941959 1.72663 -1.79003 0.0105656 0.816597 -8.74598 1.4738 0.821124 3.13507 0.816142 -0.428926 -0.0573092 -2.22999 0.154308 1.18438 -1.05336 0.406079 0.211117 
5.81863 -0.289781 -0.233923 -0.224573 -0.958644 -0.473477 -0.0949209 -0.177807 -0.208395 0.113743 0.0679682 -0.0243928 0.123209 -10.446 0.336889 2.04047 2.878 0.577942 0.326689 2.05612 -4.14753 1.01257 1.96893 -2.63826 -0.106625 0.155396 -11.8727 0.999359 0.937813 3.96727 1.4461 0.35241 0.408726 -1.62082 -0.250622 0.59644 -1.21514 -0.363836 -1.13811 
5.73235 -0.275775 -0.196351 -0.18162 -0.979886 -0.499003 -0.0738518 -0.281203 -0.208467 0.191006 0.0290577 -0.0140682 0.177157 -17.0692 0.959473 3.00759 3.88219 1.7366 0.866801 2.59456 -3.8739 0.586296 0.915073 -3.57755 -0.382247 -0.106857 -14.7905 0.596054 1.48707 3.41396 2.36014 1.66972 1.06488 0.247115 -0.576889 -1.45894 -1.75287 -0.959297 -2.11353 
5.40925 -0.227018 -0.148356 -0.0686931 -0.957787 -0.556512 -0.0361028 -0.397515 -0.230055 0.277202 -0.0343659 -0.00629112 0.175849 -21.902 1.61118 3.58295 3.55123 3.1916 1.53798 2.32005 -2.76169 0.137881 -0.309339 -4.09645 -0.701444 -0.12159 -12.5743 0.504469 1.57741 0.405089 3.20369 2.4154 0.791539 2.78995 -0.771561 -3.68787 -1.54709 -1.1712 -1.4506 
4.77299 -0.184751 -0.0990863 0.0946167 -0.885775 -0.494111 0.054959 -0.522119 -0.121916 0.234737 -0.107843 -0.0244512 0.0802395 -24.4684 1.99708 3.81905 2.59165 4.92401 1.97306 1.2829 -1.20478 -0.180197 -1.78128 -3.70785 -0.996447 -0.525728 -4.41483 0.608024 0.969215 -3.72626 3.45603 1.69827 -1.29415 4.86748 -1.25678 -4.40069 -0.0491317 -0.811293 0.171128 
4.08647 -0.236397 -0.0168507 0.312968 -0.772251 -0.360803 0.0761332 -0.523416 -0.192983 0.274513 -0.215236 -0.0962623 0.00732654 -24.8838 1.91177 3.84966 1.50862 6.36182 2.18943 -0.254304 0.0984112 -0.272575 -2.99712 -2.65766 -1.07549 -1.26785 5.29473 0.614514 -0.200973 -6.29725 2.84717 -0.102295 -3.81267 4.48784 -0.503171 -3.5526 2.4494 0.177781 0.834449 
3.48321 -0.140789 0.167126 0.208061 -0.664585 -0.310714 0.208862 -0.417225 -0.257844 0.0200251 -0.373954 -0.109625 0.0531874 -22.7454 1.38221 3.47281 0.414974 7.19039 2.11996 -2.25346 0.723827 -0.269014 -3.76464 -1.25332 -0.742671 -1.48432 11.8504 -0.657347 -1.82078 -4.38179 1.41681 -1.61017 -5.94035 1.37902 0.478864 -0.317704 4.73221 1.0707 0.133078 
3.24112 -0.0488446 0.16401 0.0299985 -0.472353 -0.289722 0.107093 -0.310515 -0.241433 -0.0620689 -0.36725 -0.125773 0.12081 -18.7346 0.105195 2.36255 -0.860178 7.17216 2.28281 -3.37765 1.16905 -0.415332 -4.07869 0.0247112 -0.192233 -0.995799 11.7201 -2.6731 -2.60072 -0.435555 -0.80035 -1.5414 -4.426 -1.89352 0.696734 1.91039 4.462 1.66812 -0.584936 
3.11608 -0.0385506 0.174149 -0.0480276 -0.288052 -0.27501 -0.0961174 -0.224304 -0.240233 -0.146672 -0.249905 -0.144111 0.0497167 -14.0527 -1.54158 0.264557 -2.43247 6.39684 1.91488 -3.48758 1.84311 -0.421406 -3.53223 1.19925 0.314207 -0.478265 7.3207 -4.28573 -3.63751 1.62129 -2.8453 -0.378538 0.125096 -2.71851 0.631116 2.72639 2.05881 1.5426 -0.0944348 
2.96641 -0.0898332 0.227882 -0.0253198 -0.185077 -0.273357 -0.251871 -0.265602 -0.213043 -0.158964 -0.154255 -0.114698 -0.0638915 -9.17362 -3.01342 -1.66975 -4.13915 4.43148 1.51647 -3.09268 2.62268 0.133551 -1.78802 2.25952 1.01266 -0.249764 3.8527 -4.42244 -4.21896 -0.0208716 -4.42315 0.707549 4.29623 0.0983875 0.047614 3.14302 -0.44344 0.911993 1.14509 
2.91794 -0.1531 0.207841 0.0316576 -0.135657 -0.308699 -0.407593 -0.401314 -0.217208 -0.148179 -0.0853197 -0.0512231 -0.0272284 -6.47167 -4.33257 -3.29557 -3.74019 2.66868 1.25755 -2.20652 2.62934 0.9089 0.102552 2.79525 1.04297 -0.619603 1.65012 -2.57394 -3.51047 -2.49777 -4.50856 0.727421 6.20993 3.35311 0.541474 2.56789 -1.61787 -0.145447 1.05298 
2.7687 -0.3233 0.0879654 -0.0033521 -0.115056 -0.177516 -0.293354 -0.372992 -0.256792 -0.19687 -0.106583 -0.0164307 0.0439767 4.49397 -5.28382 -4.25793 -3.49085 -0.377345 0.533307 0.388272 2.30602 0.984024 0.632288 2.01608 1.71809 -0.119146 11.5026 -0.0706502 -1.84993 -2.73308 -4.53453 -1.08279 4.72579 3.30443 1.1109 1.91839 -1.35598 -0.199157 0.476185 
2.59944 -0.488566 -0.147884 -0.174229 -0.115744 -0.157955 -0.141853 -0.193342 -0.206827 -0.186458 -0.0870851 -0.0377423 0.019569 13.3682 -5.93727 -3.86046 -3.88362 -2.03899 0.35233 2.62618 1.78443 1.40851 1.04256 0.640762 1.94633 0.522765 22.2421 1.22986 1.69577 -0.470056 -3.40079 -1.99136 2.16364 -0.30713 1.09868 0.42334 -1.39924 0.330137 0.0726532 
2.74163 -0.563054 -0.168432 -0.438349 -0.29276 -0.143934 -0.155908 0.0398344 -0.195936 0.0501471 -0.036989 0.0250984 0.0277523 18.2603 -5.90371 -3.19166 -3.44662 -2.80195 0.523401 2.67382 1.20659 1.00823 1.26213 -0.198615 1.30629 1.09607 22.9251 1.03597 3.75636 2.97363 -0.990973 -1.39665 -0.517092 -4.71157 0.0432578 -1.49169 -1.72578 0.0159574 0.372551 
2.54765 -0.554901 -0.211438 -0.318117 -0.235769 -0.188156 -0.11228 -0.011284 -0.0705082 -0.00912961 -0.0161651 -0.0397864 -0.0438132 20.5614 -4.63993 -2.76326 -2.52063 -3.40201 0.667493 2.81969 0.854757 0.624625 1.42876 -0.229093 0.488097 0.882774 12.1029 0.917832 3.30059 3.77406 0.387575 0.502081 -2.13095 -5.1556 -1.72517 -1.18397 -1.12983 -0.719717 0.926403 
4.98295 -0.662059 -0.324194 -0.38216 -0.557039 -0.323933 0.101866 -0.0984855 -0.13387 -0.102139 -0.0967267 0.152238 0.10365 21.0544 -1.64522 -1.24326 0.00261536 -4.06482 -0.421558 1.0949 -1.0958 0.889895 1.0728 -0.596882 -0.174013 0.212965 -13.5822 3.27265 2.11258 4.58952 1.6052 1.54037 -3.76143 -3.19604 -1.48742 -0.270014 -0.123007 -2.57476 -0.491261 
5.13764 -0.832859 -0.103171 -0.467666 -0.424347 -0.217663 0.113106 -0.201756 -0.0360479 -0.0599297 -0.184837 0.126169 0.0671003 21.1433 1.80795 -0.0176796 1.56349 -4.52187 -1.56232 -0.26637 -1.99285 0.709187 0.937325 -0.134774 -0.484129 -0.345987 -21.3663 7.31572 -0.273364 3.6767 -0.365438 -0.820827 -3.57647 0.285155 -0.636312 0.586501 1.61619 -2.44771 -1.85707 
4.77254 -0.869977 -0.114807 -0.287105 -0.41805 -0.130026 -0.178944 -0.296392 -0.192395 -0.00131687 -0.151929 -0.0049931 0.125387 18.3765 4.11267 -0.0893946 2.09768 -4.32786 -2.26594 -0.745778 -1.96173 0.212704 0.496173 0.644238 -0.91116 -0.403175 -13.1266 8.7455 -0.874061 0.5565 -1.96168 -3.42084 -1.11768 2.80605 0.815172 0.672749 2.45107 -0.564846 -2.14287 
4.72598 -0.706176 -0.31431 -0.253014 -0.538541 -0.10259 0.0196 -0.206289 -0.210255 0.0371549 -0.0447729 -0.051518 0.089667 14.1852 5.23852 -0.390135 1.51643 -4.59498 -2.40807 -1.35434 -0.264854 -0.540514 0.950925 1.26699 -1.17058 -0.409108 -0.453209 5.06305 -0.506346 -1.8937 -1.50485 -3.7948 0.127308 3.46086 0.64828 -0.11481 1.83571 0.857774 -0.824724 
4.77445 -0.348447 -0.15191 0.0181556 -0.704372 -0.324007 -0.185547 -0.421502 -0.042132 -0.0579462 -0.1879 -0.0760454 -0.0319014 6.36839 6.04166 -1.05158 1.42489 -4.24468 -2.60289 -1.54291 1.65233 -0.415369 1.17683 1.72669 -1.7256 -0.983855 8.15161 -1.84341 -1.48092 -4.25223 -0.235412 -0.999621 2.22334 4.52617 -1.02614 -0.00875807 1.06087 1.42561 1.21747 
5.32409 -0.0699182 -0.165606 -0.18205 -0.820864 -0.50474 -0.181954 -0.198575 -0.060378 0.0805955 0.0205089 -0.037743 -0.0943619 7.30279 6.31628 -2.48928 0.853001 -4.90608 -3.37341 -0.377796 3.13447 -0.159623 0.829681 1.84932 -1.16373 -1.05849 1.18361 -6.37211 -1.73062 -2.52094 1.57688 2.15721 2.38067 2.92077 -0.874429 -0.465299 -1.04831 0.469848 1.47751 
5.4606 -0.087102 -0.258512 -0.269801 -0.833688 -0.501712 -0.123014 -0.14749 -0.152675 0.0605288 0.107135 -0.0456603 0.0270041 8.25785 5.3628 -2.94235 -0.499921 -4.21831 -3.56369 1.1033 3.77168 0.874133 0.360098 1.45655 -0.284422 -1.31759 -5.01236 -5.46894 -1.9442 -0.0730519 1.85299 2.50842 1.77303 0.844789 0.618981 -0.671594 -2.01593 0.101177 0.0198421 
5.642 -0.188343 -0.317741 -0.242402 -0.907188 -0.464806 -0.133024 -0.0110573 -0.216934 0.0504953 0.0540044 -0.0842882 0.0314472 6.60069 3.51136 -3.11349 -1.13001 -2.54734 -2.85522 1.07869 3.49604 1.08974 0.168843 1.19041 0.163723 -1.09472 -7.54098 -1.66538 -1.34927 0.714513 2.26954 1.16382 1.51446 -1.65044 2.44415 -0.764558 -1.31909 0.661577 -1.22219 
5.70322 -0.185533 -0.391486 -0.221278 -0.977678 -0.502917 -0.0768421 0.0951945 -0.159377 0.0674662 0.00996121 -0.104429 -0.0203753 3.7806 1.54854 -3.83807 -1.56255 -0.748816 -1.37807 1.55482 3.40593 0.780101 0.0454868 1.07607 0.648626 -0.838175 -6.58887 0.907022 0.298582 0.624063 3.04457 0.213368 -0.447486 -3.36333 2.16019 -0.781078 -0.340029 1.36088 -1.19321 
5.63578 -0.0913737 -0.489614 -0.237103 -1.01449 -0.555812 0.00275895 0.122054 -0.0697417 0.0596144 0.0329268 -0.0813966 -0.0738157 0.0558109 0.853743 -3.51804 -0.754432 0.755312 -0.453146 0.942604 2.01621 0.990415 -0.598084 -0.00883575 1.10534 -0.870077 -3.76524 0.780368 1.26247 -0.339554 3.56994 0.72199 -1.85965 -2.59665 -0.184287 -0.282832 0.44064 1.56351 0.0431193 
5.61079 -0.0422296 -0.561095 -0.289214 -0.95743 -0.601561 0.0429275 0.0950442 0.018515 0.0166818 0.0466286 -0.0278614 -0.118613 -1.9481 1.27904 -2.80926 -0.629922 1.8161 -0.100554 -0.128274 1.52745 0.985636 -0.604147 -0.270049 1.57886 -0.96846 -2.43262 -0.44751 1.74364 -0.13396 2.81846 1.74833 -2.81745 -1.04133 -2.35924 -0.0885815 -0.0825605 0.93456 1.42737 
5.5324 -0.0226628 -0.590548 -0.289595 -0.85277 -0.582393 0.0140169 0.0593273 0.0230534 0.0321508 0.095019 -0.0102063 -0.117408 -4.31112 1.71435 -1.99018 -0.827908 2.87261 0.192998 -0.968674 0.660483 0.867647 -0.635121 -0.048178 1.77316 -0.326467 -2.05265 -0.777762 1.83915 0.148269 1.05715 1.64028 -2.62464 0.392598 -2.35576 -0.000111854 -0.843258 0.0320366 1.76085 
5.48983 -0.0434327 -0.59846 -0.283441 -0.778949 -0.53761 -0.0607369 0.0820105 -0.0320733 0.00940278 0.0607575 0.0558362 -0.125036 -8.33861 1.6292 -0.704207 -0.560927 3.6753 0.741124 -1.65845 -0.224774 0.183783 -0.925788 -0.513292 1.65485 0.499942 -5.16408 -0.0358151 1.89844 0.437245 -0.192783 0.673899 -1.09631 0.122124 -0.857946 -0.0694744 -1.06013 -0.916546 1.60474 
5.39403 -0.00790032 -0.611349 -0.319848 -0.705362 -0.507649 -0.0964732 0.0981979 -0.067692 -0.00871259 0.0234092 0.106286 -0.0988638 -14.5635 0.808196 2.08311 0.511234 5.1977 1.12936 -3.10508 -1.76525 -1.05072 -1.44953 -1.45759 0.854519 1.32955 -11.2269 -0.0911642 3.54571 1.46142 0.648292 -0.209544 -0.598852 -2.15791 -0.141774 -0.720479 -1.23083 -1.7909 1.22212 
5.2921 0.00909894 -0.6119 -0.324992 -0.670828 -0.470726 -0.193363 0.174706 -0.105048 -0.0102044 0.0216484 0.108195 -0.0541491 -21.413 -0.957154 4.0667 0.953882 5.41035 1.45253 -3.37367 -2.88916 -1.8157 -1.57644 -1.58654 0.156482 1.76915 -16.5204 -2.03472 4.93024 1.79968 1.72164 -0.40612 -0.102234 -4.35138 -0.373363 -1.10467 -0.925442 -1.89737 0.577731 
5.02367 0.0528357 -0.579768 -0.331664 -0.61836 -0.480769 -0.21227 0.109616 -0.0291472 -0.0140488 0.0344211 0.0847687 -0.0107093 -26.147 -3.01189 4.46027 0.843408 5.31141 2.02486 -2.26978 -2.87952 -1.26409 -1.20509 -1.40017 -0.407535 1.7058 -15.4198 -4.81402 3.70228 1.09406 1.71631 0.65289 0.852681 -3.1775 -0.61582 -0.269182 0.0170421 -1.37011 -0.242626 
4.27158 0.0842548 -0.46932 -0.265136 -0.536106 -0.458022 -0.184414 -0.00121955 -0.0594095 -0.0850745 -0.08909 0.087507 0.0204123 -27.6292 -4.22169 4.81051 0.88134 5.17364 2.47782 -0.923754 -2.70888 -0.798837 -0.820579 -0.831237 -0.989304 1.33047 -4.5694 -5.62161 0.345419 -0.538504 0.125019 1.63916 2.30248 0.524976 0.161096 1.17253 1.65668 -0.541045 -1.14414 
3.3031 -0.0350703 -0.0396981 -0.0959304 -0.175297 -0.448659 -0.456704 -0.29538 -0.229635 -0.19845 -0.189605 -0.0148702 0.0832303 -25.4445 -5.28197 4.36664 0.82791 4.14861 3.14292 0.0658075 -2.18251 -0.383029 -0.431145 -0.483027 -1.1842 1.19159 10.9399 -3.20899 -4.48127 -2.19192 -3.35838 2.17202 4.2548 4.75662 1.88814 2.37672 2.46096 0.520968 -1.33436 
2.63121 -0.35124 -0.030021 -0.20219 -0.25612 -0.385242 -0.356661 -0.322454 -0.241862 -0.155904 -0.0643688 0.00430096 0.0784337 -18.1742 -6.63673 2.93327 0.115194 2.07441 3.30091 0.160841 -1.27697 -0.220943 0.00664457 0.107571 -1.03719 1.28877 23.9471 0.372686 -5.96177 -1.97307 -5.20681 1.20676 2.25386 5.60183 2.01644 1.89032 1.56321 0.733745 -0.325792 
2.44021 -0.549984 -0.22328 -0.266604 -0.215752 -0.223125 -0.153607 -0.116435 -0.0660664 -0.0315555 -0.0269872 -0.00768883 0.0467524 -7.80122 -7.4083 1.37277 -0.948978 -0.150187 3.53602 -0.0986902 0.834771 0.137957 0.104021 1.01442 -0.800332 0.747888 27.8253 2.26016 -3.9098 -1.46435 -5.83364 -0.614836 -1.51819 3.40987 0.724656 -0.0985313 0.691388 0.659028 0.393743 
2.55848 -0.490147 -0.112842 -0.223374 -0.170867 -0.182317 -0.106068 -0.0844054 -0.114473 -0.0596596 -0.0102394 -0.0291523 0.00859293 3.05905 -7.50766 -0.0194904 -1.78633 -1.50595 3.15545 -0.796236 2.53352 0.553358 0.66364 1.50715 -0.867644 0.821238 21.8464 1.06679 -1.38905 -1.05295 -3.9045 -1.82037 -4.38368 1.15711 -0.369231 -1.00733 -0.214864 0.143885 0.890232 
2.78495 -0.543673 -0.182051 -0.237351 -0.31448 -0.0852415 -0.131762 -0.0597616 -0.092308 -0.0529467 -0.0489079 -0.0197239 0.108742 11.3566 -6.61205 -0.919502 -2.81885 -2.11388 2.42992 -0.200476 4.13531 0.922401 1.48553 1.28964 -0.109357 0.138338 10.6129 -0.263339 1.67671 -0.99402 0.634773 -2.48545 -3.65935 0.0931836 -0.973791 -0.318526 -0.490114 0.0639155 -0.461559 
3.49987 -0.786772 -0.309214 -0.345141 -0.552641 -0.13638 -0.328481 -0.0206473 -0.126273 -0.0338009 0.0309581 -0.0161987 0.193484 15.1455 -5.3596 -0.0465575 -3.17152 -1.33378 0.933097 -0.978459 3.69209 0.137062 1.69199 0.54575 0.218045 0.065002 -1.99345 0.249839 2.85987 -1.14516 4.17294 -2.30838 0.446523 -0.228714 -0.83312 1.30836 -0.949579 0.621032 -1.65247 
3.92941 -0.856941 -0.264774 -0.432898 -0.595227 -0.0704357 -0.354012 0.155558 -0.0450209 -0.123312 0.11411 -0.026745 0.0511631 14.5918 -4.67368 0.760716 -4.15693 -1.28887 -0.670277 -1.34226 2.18758 -0.72631 2.02949 0.188254 0.606303 0.260994 -9.60569 1.56082 2.09529 -1.33778 4.5363 -2.43864 3.19531 -1.73333 -1.03742 2.73006 -1.55474 1.14411 -0.886764 
4.04609 -0.960069 -0.176097 -0.394829 -0.424705 -0.111729 -0.480044 0.128885 -0.110764 -0.031222 0.0177282 -0.107239 0.17675 11.5957 -4.27748 0.191406 -4.53086 -0.798054 -1.21672 -0.847912 1.42634 -0.100263 2.36559 0.135348 0.898049 -0.076345 -10.7331 2.82894 0.051959 -1.21963 1.34646 -1.73994 3.57329 -2.84069 -0.268507 1.57287 -0.679055 1.4016 -0.496837 
4.10114 -1.00383 -0.0901769 -0.542573 -0.292148 -0.134143 -0.25848 0.248007 -0.10493 0.118834 -0.00961479 0.0477354 -0.00435021 7.0426 -3.05953 0.831874 -3.77511 0.250869 -0.917196 0.143435 -0.227499 -0.412704 1.99895 -0.411236 1.49576 -0.266182 -8.25316 2.62391 -1.83498 0.568378 -2.03716 0.278951 1.13874 -4.06238 0.338408 -0.974453 -0.178285 0.705154 1.22783 
4.14197 -1.03748 -0.0891794 -0.653477 -0.335163 -0.2577 -0.28007 0.166762 -0.192124 0.157675 0.00430109 0.0580429 0.0633276 1.90005 -1.47583 1.05722 -2.37647 1.10445 -0.519129 1.26617 -1.17203 -0.763192 1.21852 -0.854453 1.23319 -0.23118 -4.83084 1.92079 -1.82975 3.01156 -2.21429 2.2774 -0.381393 -2.74334 0.587314 -3.16455 0.13837 -0.342781 1.01216 
4.10588 -1.0345 -0.130064 -0.818225 -0.457899 -0.315869 -0.257421 0.050817 -0.186971 0.226282 -0.00716809 0.0675212 0.131679 -0.701896 -0.555318 0.848819 -0.973785 1.23161 -0.426454 1.78344 -1.50306 -0.957665 0.595793 -0.852862 0.833274 -0.219024 -2.71369 1.48751 0.0693146 5.08533 0.50947 2.87091 -0.378208 0.148764 0.0868521 -3.897 0.0850437 -1.37849 -0.385486 
4.10273 -1.02932 -0.257647 -0.738847 -0.447325 -0.23694 -0.27189 0.0724279 -0.020638 0.166041 0.0365525 0.0741853 0.0512601 -2.11602 0.108093 0.146766 -0.257379 0.375369 0.211195 1.84082 -1.74704 -0.739564 0.118789 -0.603608 0.4464 -0.321872 -1.8427 0.803505 1.38203 3.86849 1.9894 1.29295 0.101636 1.47782 -1.20722 -1.51192 -0.386562 -1.86436 -0.454598 
3.98125 -1.01851 -0.101842 -0.628525 -0.421799 -0.0799113 -0.236636 -0.143541 -0.183395 0.0748882 -0.091917 0.197974 0.136962 -3.02686 0.448894 -0.372555 0.486275 0.198298 0.869836 0.55697 -1.29 -0.401691 -0.710269 -0.475451 -0.576318 0.03292 -0.692319 0.265337 0.150735 0.27735 1.35415 -0.646854 -0.0729519 3.12383 -0.0768775 0.955456 0.400752 -1.90661 -1.08999 
3.9065 -0.992257 -0.116362 -0.551617 -0.353852 -0.151019 -0.204312 -0.011805 -0.237844 -0.00331494 -0.0381587 0.0279021 0.100077 -2.87205 0.939511 -0.169032 1.56087 0.663776 1.13846 -0.10364 -0.608396 -0.430497 -0.819792 -0.0346409 -0.770886 -0.282124 0.608904 0.135488 -0.889437 -1.8181 -0.508432 -1.15544 -1.69867 1.47812 0.625678 2.08383 0.8788 -0.535796 -0.0774459 
3.92839 -0.966327 -0.0494207 -0.494436 -0.247597 -0.179888 -0.127917 0.104668 -0.192767 0.0245876 -0.0241022 0.00106285 -0.013728 -1.87995 1.44972 -0.0271232 1.83156 0.600867 1.1031 -0.27822 -0.0491045 -0.558519 -0.993913 0.162749 -0.584057 -0.299046 1.77048 0.580974 -1.4497 -2.00689 -2.08794 -0.451199 -2.32814 -0.367059 0.825953 1.04548 0.938837 0.899917 0.970064 
3.79555 -0.987779 -0.163436 -0.593632 -0.363955 -0.136952 -0.160837 -0.0624982 -0.207812 0.187503 -0.0798912 0.0218223 0.0836193 -0.904901 1.75651 -0.214098 1.72546 0.341763 0.479481 -0.656981 0.453372 -1.03874 -0.980254 0.549777 -0.670933 -0.0818672 3.15323 1.13067 -0.566592 0.506764 -1.21038 0.0356619 -1.53572 -0.148007 0.187205 -1.47183 1.08566 1.3655 0.556433 
3.74205 -0.972231 -0.203266 -0.67459 -0.349498 -0.0967161 -0.290309 0.0915858 -0.136388 0.0620813 -0.0381885 -0.0243787 0.0491604 0.406315 1.74517 -1.01035 1.29241 0.169213 -0.0801765 -1.32786 0.541697 -0.261002 -0.0409621 0.615828 -0.493904 -0.0908912 3.25762 0.856845 0.368735 1.97629 -0.0774005 -0.158701 0.101004 -0.963113 -0.869679 -1.04077 -0.0777251 1.3443 0.51962 
3.86364 -0.883122 -0.136747 -0.477115 -0.335755 -0.162449 -0.364021 -0.010503 -0.241756 0.0777215 0.0601743 0.00965533 0.0761786 0.627012 1.76886 -0.970411 1.30612 0.528284 0.380661 -1.85655 -0.213001 -0.327719 0.37835 0.215248 0.0967049 0.351248 1.14019 -0.147061 0.0507947 0.99054 1.44051 -0.162192 0.783189 -0.033525 -0.335909 0.340723 -1.10058 -0.000708591 -0.00653949 
3.96255 -0.80598 -0.16504 -0.523096 -0.424984 -0.0910758 -0.24191 -0.00415113 -0.191774 0.00274196 -0.000628236 0.0826004 0.0862442 0.213761 1.8312 -1.55035 1.19798 -0.0522579 0.0449656 -1.46135 0.172318 -0.429409 0.529462 0.52129 0.472041 0.151247 -1.71736 -0.963091 -0.541932 -0.334532 1.47958 -0.547505 0.552716 0.5322 0.184891 2.31996 -0.798768 -0.394184 -0.626089 
3.95854 -0.802682 -0.21512 -0.378765 -0.343068 -0.123774 -0.311728 0.0838479 -0.286177 -0.0748042 0.0598851 0.00846563 0.0650588 -0.34665 2.5573 -1.19525 1.91948 -0.251379 -0.61732 -0.661599 1.76289 0.128675 -0.165121 0.803937 0.465018 -0.492759 -3.81249 -0.166457 -0.706715 -1.44724 -0.638221 -0.684479 0.817483 1.39318 1.28598 2.00583 -0.104792 0.0165671 -0.743941 
4.00969 -0.830739 -0.229225 -0.44986 -0.30594 -0.158421 -0.380245 -0.0384458 -0.204406 0.156633 -0.0582462 0.0513478 0.092377 -2.49429 2.8758 -1.17562 2.28594 -0.481504 -0.8882 0.268567 1.80419 0.0612402 -0.797234 0.0772284 0.561143 -0.4402 -5.02339 1.3367 -0.190968 -0.210574 -2.02173 -0.772363 1.47835 2.81416 1.00891 -1.98064 0.791296 0.127657 -0.912562 
3.86565 -0.785844 -0.207826 -0.403827 -0.169596 -0.0799529 -0.415857 -0.00695877 -0.258015 0.138227 -0.0380169 -0.00570184 0.10832 -5.81106 2.76461 -1.69808 1.68638 -0.543661 -0.796567 0.734538 1.638 0.851578 -1.32986 -0.706078 0.0532912 -0.291595 -5.12694 1.78181 0.0287815 0.909673 -2.409 -0.8514 1.87911 1.10502 0.881422 -3.88711 -0.0726083 0.140596 -0.123961 
3.7717 -0.750835 -0.371142 -0.474247 -0.426382 -0.190212 -0.270095 0.147521 -0.217353 0.184766 0.0849157 0.10215 -0.0132703 -8.52364 2.96339 -1.72303 1.57124 -0.276074 -1.77244 1.21976 1.87303 1.53367 -1.65591 -0.335003 -0.464017 -0.781206 -5.09703 1.04286 0.405705 0.882487 0.201438 -0.452771 1.3393 -1.03106 0.971136 -3.79577 -1.35362 -0.968139 0.557707 
3.67385 -0.556952 -0.284755 -0.318974 -0.481978 -0.245572 -0.280894 0.343074 -0.103632 -0.014516 0.0922651 0.0586716 -0.0103514 -10.772 2.81478 -1.20404 1.25559 -0.418033 -2.09592 1.74619 0.945454 2.29044 -1.67355 -0.259558 -0.0753238 -0.743987 -4.56382 -1.23525 0.224397 -0.353221 2.35582 -0.529463 0.303589 -3.45074 0.693732 -0.124499 -1.02895 -0.963697 0.496008 
3.37946 -0.52969 -0.284938 -0.239871 -0.402876 -0.217811 -0.245387 0.224316 -0.218922 -0.212319 -0.061246 0.0729116 0.0429498 -12.0096 2.42212 -0.324117 1.33171 0.109354 -1.35048 2.09364 -0.251844 1.79573 -2.21836 -0.199053 -0.447876 -0.563893 -1.87828 -2.37888 1.08596 -1.65619 2.62342 0.167715 -0.347317 -3.92426 0.706267 3.49117 0.266038 -0.517051 0.0756558 
3.05003 -0.542029 -0.401045 -0.291738 -0.388686 -0.197693 -0.220733 0.0515414 -0.0965366 -0.130624 -0.122862 -0.00755893 0.0998676 -11.6525 1.68505 0.392574 1.09103 0.859876 -0.95986 1.84302 -1.86437 1.55983 -1.61485 -0.55553 -0.393996 -0.318192 1.59949 -2.17781 2.30687 -1.19101 1.92445 1.23301 -0.684844 -2.55994 -0.942016 3.37398 1.24014 0.449467 -0.258775 
2.87608 -0.468371 -0.409266 -0.321763 -0.333226 -0.407647 -0.106386 0.269446 0.0180747 -0.14671 0.0216111 -0.0482608 -0.0807824 -10.526 0.776285 1.17534 0.90811 2.0555 -0.170886 0.924415 -3.16356 1.02086 -0.605795 -0.76737 -1.03487 0.25588 4.46516 -1.65606 2.16759 -0.337239 0.214367 2.52466 -1.30893 -1.96546 -2.17786 2.15027 0.469258 0.598157 0.694684 
2.62161 -0.547958 -0.306041 -0.275578 -0.323444 -0.395065 -0.184314 0.0408436 0.0392241 -0.0319879 0.0140659 0.0725794 -0.00089725 -8.5 -0.084274 1.34238 0.2663 2.29162 0.244425 0.902516 -3.64023 0.452936 0.601539 -0.538794 -0.814694 0.14254 6.13375 -0.271571 1.09297 0.365015 -0.182431 2.13706 -0.989025 0.255554 -2.13494 -0.189277 -0.482003 -0.411889 0.756627 
2.54408 -0.548586 -0.188459 -0.296169 -0.233117 -0.16296 -0.127387 -0.125338 -0.0978897 -0.0755314 -0.0616373 -0.0275688 0.039518 -5.81001 -0.22937 1.60978 0.0600571 2.06357 0.466134 0.511549 -2.83557 0.296969 0.889359 0.151863 -0.353622 0.0741021 5.28004 0.168382 -0.827377 0.259841 -0.530633 0.0289118 -0.669435 1.88805 -0.783627 -0.968975 -0.359022 0.0659887 0.372635 
2.52521 -0.536095 -0.20497 -0.265851 -0.196255 -0.218151 -0.145175 -0.128573 -0.0883329 -0.077928 -0.0485994 0.0164278 0.0153869 -3.5516 -0.329334 1.62334 0.0467914 1.63337 0.786564 0.114731 -2.3556 -0.579807 0.581734 0.400711 0.324061 0.230419 3.30818 0.216001 -1.73716 -0.534654 -0.957503 -0.993316 -0.110475 2.29534 0.404951 -0.560993 0.524321 0.615236 -0.0853698 
2.52649 -0.561477 -0.209136 -0.262952 -0.227989 -0.231581 -0.208886 -0.112133 -0.0680685 -0.0121769 -0.0353147 -0.0946777 0.0583031 -1.9252 -0.314411 1.30532 0.269484 1.28058 1.50017 -0.358351 -2.48577 -1.04414 0.337106 -0.168302 0.306976 0.56355 1.52627 0.345339 -1.21327 -0.465013 -0.73699 -0.921552 0.204012 1.66813 0.389322 -0.56259 0.863297 1.45866 -0.72632 
2.534 -0.537094 -0.159251 -0.25443 -0.161481 -0.22508 -0.11517 -0.125894 -0.078649 -0.0583804 -0.0782011 -0.0364762 0.0259339 -0.630848 0.059568 0.697319 0.274939 0.971789 1.1073 -0.279854 -1.27418 -0.894184 -0.0566494 -0.078878 0.0751734 0.0731169 0.271923 0.0533197 -0.443017 0.0582127 -0.777763 0.23602 -0.558151 -0.0576565 -0.147916 0.00597737 0.306087 0.871368 -0.288191 
2.51289 -0.547147 -0.189169 -0.284675 -0.141803 -0.212998 -0.155207 -0.118355 -0.0831342 -0.0999432 -0.012647 0.0434404 0.0433118 -0.245148 0.100037 0.348331 0.414185 0.534068 0.510695 -0.496806 -0.735463 -0.482643 0.0384183 0.0533613 0.39566 -0.118854 0.218918 0.194455 0.290442 0.638728 -0.45528 0.864807 -0.413045 -0.581149 -0.450506 0.141252 -0.737613 -0.698832 -0.26246 
2.48274 -0.56749 -0.228508 -0.326735 -0.206175 -0.214875 -0.169632 -0.16644 -0.1141 -0.0229077 0.0425618 0.0759855 0.0462898 -0.137804 0.122201 0.43337 0.399524 0.37992 0.820543 -0.41286 -0.786116 -0.579682 -0.0542956 -0.119918 0.284335 -0.129826 0.423599 0.272134 0.46528 0.913269 -0.00641869 0.271751 -0.217148 0.0456226 0.0804609 -0.0995708 -1.08354 -1.26484 -0.214546 
2.51234 -0.532794 -0.152159 -0.224627 -0.155383 -0.140996 -0.200576 -0.200695 -0.137765 -0.0619242 -0.0589309 0.00365015 0.0201811 -0.0930843 0.191029 0.399553 0.46491 0.332346 0.832473 -0.344665 -0.777587 -0.589062 -0.172599 -0.230715 0.361775 -0.242117 0.262211 -0.0074988 0.0121071 0.0758736 -0.0980673 -0.475162 0.22998 0.59877 0.475224 0.0190797 -0.342303 -0.803368 0.0941955 
