2.48906 -0.598009 -0.162275 -0.27565 -0.213431 -0.219052 -0.131609 -0.00375968 -0.0951277 -0.0456867 -0.0719917 -0.054664 0.034564 0.00719738 -0.048894 -0.0123364 0.422262 0.647287 0.787487 0.272568 -1.01432 0.180321 0.104243 0.261836 0.503334 -0.037722 -0.0453024 0.0258402 0.047863 0.344481 0.412186 0.480741 0.164771 -0.343837 0.409216 0.203094 0.0595857 0.216695 -0.306898 
2.49429 -0.618999 -0.177139 -0.265887 -0.179127 -0.157306 -0.114344 -0.14827 -0.148214 -0.0665454 -0.0373248 0.0117436 0.102215 0.147893 0.0355068 -0.108503 0.53645 0.763625 0.813608 0.22872 -0.788897 0.600563 0.0139342 0.273895 0.675991 -0.243684 0.0918102 0.226457 -0.0588925 0.234915 0.085811 -0.286137 -0.0463394 1.07243 1.07182 0.0446873 -0.270609 -0.0124126 -0.840734 
2.49601 -0.589064 -0.145119 -0.22631 -0.130773 -0.127982 -0.103497 -0.078596 -0.0700391 -0.0155303 -0.0298911 -0.0472004 0.00329498 0.102543 0.0371498 -0.171323 0.354622 0.542342 0.548457 0.0478828 -0.743728 0.435215 0.0609384 0.465164 0.863046 -0.246711 0.139049 0.126417 -0.328499 -0.26891 -0.49267 -0.994322 -0.349782 1.10612 0.455228 -0.313938 -0.119655 0.350333 -0.329678 
2.46966 -0.61928 -0.159242 -0.255275 -0.19435 -0.126 -0.124969 -0.130663 -0.106575 -0.0209731 -0.0588069 -0.00180166 0.0723764 0.242436 0.0695331 -0.129984 0.2836 0.230495 0.00563617 -0.429179 -0.45063 0.185251 0.0833665 0.413609 0.586221 -0.172149 0.335982 0.152698 -0.203254 -0.412701 -0.655935 -1.3951 -0.783006 0.975748 -0.325964 -0.274461 0.182987 -0.0684081 -0.0181145 
2.50062 -0.593505 -0.172496 -0.212477 -0.115826 -0.15294 -0.0868192 -0.0886163 -0.0407349 -0.0480247 -0.0461384 0.011189 -0.00450418 0.325726 0.0656918 -0.350532 -0.0789131 -0.0533163 -0.364652 -0.595794 0.057673 0.037021 0.110107 0.253084 0.505421 -0.0155832 0.190436 -0.0982683 -0.16345 -0.84719 -1.05239 -1.08333 -1.0031 0.342623 -1.33665 0.0749559 0.12462 -0.367542 0.873692 
2.52532 -0.584112 -0.187541 -0.21144 -0.125934 -0.134527 -0.118369 -0.0551806 0.0136697 -0.0603456 -0.0400256 0.0366469 -0.00814478 0.753868 0.162357 -0.599554 -0.388274 -0.734203 -0.877467 -0.74172 -0.169735 -0.208044 0.143564 -0.00789545 0.202715 0.0390153 0.39184 -0.150832 -0.255957 -0.830564 -1.10738 -0.638593 -0.511608 -0.879774 -1.67371 0.340053 -0.233255 -0.697743 1.05686 
2.48787 -0.601327 -0.185521 -0.269392 -0.188465 -0.186214 -0.149307 -0.113099 -0.105528 -0.0296821 0.0127685 0.063074 0.0319115 1.45493 0.000562608 -0.86993 -0.235986 -1.33162 -0.441765 -0.749316 -0.309689 0.395415 -0.29442 0.0500584 0.00447102 0.0718301 1.18505 -0.0654964 -0.443204 0.0642173 -0.893788 0.662668 0.269098 -0.623973 0.599036 -0.0662869 -0.63079 -1.00903 0.0280603 
2.53389 -0.594471 -0.165292 -0.240126 -0.204865 -0.247421 -0.227787 -0.0784521 -0.129282 -0.0318249 -0.0267473 -0.0234612 0.0506459 2.17785 -0.231817 -0.893618 -0.359086 -1.69335 -0.289247 -0.070665 0.135955 1.02266 0.0870657 -0.518301 0.0716703 0.141688 1.65459 -0.364559 -0.580747 0.304707 -0.88541 1.47179 1.56461 -0.210614 2.36432 -0.139842 -0.949958 0.080923 -0.39699 
2.53094 -0.602643 -0.231518 -0.304117 -0.195714 -0.211381 -0.17422 -0.0433236 -0.112388 -0.0272813 -0.0426789 0.0333454 0.0751673 3.63805 -0.678329 -0.698623 -0.904417 -1.58477 -0.273603 0.0473955 -0.255681 0.708466 -0.465713 -1.25006 0.192779 0.743596 2.79538 -0.669281 0.142258 0.256865 0.0264942 0.993055 1.54231 0.23726 2.35479 -0.757002 -1.21352 0.591871 -0.355068 
2.62763 -0.578675 -0.255947 -0.297946 -0.290554 -0.245095 -0.179701 -0.237143 -0.140911 -0.021001 -0.0604643 -0.000128462 0.0598263 5.27908 -1.06337 -0.790117 -1.77371 -0.89313 -0.838163 0.516188 -0.147112 0.527396 -0.406973 -1.23163 -0.43458 0.585845 3.29891 -1.10809 0.541605 -1.26631 1.45432 -0.467132 0.957367 1.22117 0.479383 -0.584814 -0.747091 0.337168 0.2568 
2.72396 -0.612219 -0.266124 -0.200311 -0.331847 -0.0916583 -0.178722 -0.0929872 0.126132 -0.106616 -0.0211827 -0.0433888 -0.0238684 6.90668 -1.05743 -1.32025 -1.91055 -0.16559 -1.59335 0.403593 -0.107739 0.984312 -0.903236 -1.11983 -0.15505 0.681357 3.25133 -0.688277 0.0352367 -2.41909 2.3909 -3.02194 -0.359763 0.116733 -2.48862 -0.294605 0.105265 0.120402 1.11204 
2.7847 -0.665588 -0.266723 -0.302237 -0.371549 -0.182697 -0.0368139 -0.0198591 0.102946 0.0244646 -0.183018 0.0828691 0.0775221 12.3201 0.437396 -1.43355 -1.24357 -0.372789 -1.66189 0.22217 0.309757 0.619214 -0.765216 -0.49682 0.10623 0.676115 6.9498 1.77202 -0.676545 -0.51587 1.63241 -2.71414 -1.89531 -0.165286 -2.73237 -0.36054 1.83601 -0.743615 0.45524 
3.07412 -0.700483 -0.2248 -0.390569 -0.234694 -0.233072 -0.133451 -0.149411 -0.0434984 -0.192299 -0.226004 0.0721154 0.14274 19.849 2.45581 -1.55226 -0.533477 -1.33445 -2.39648 -0.491872 1.08739 0.648688 -0.513619 0.00572995 0.00672071 0.465332 12.6148 4.8049 -1.42096 2.16417 -1.65516 -1.19748 -1.75674 0.909542 -0.407002 0.985413 2.51565 -0.297509 -0.613883 
3.23174 -0.737634 -0.296244 -0.55888 -0.19717 -0.371216 -0.0955753 -0.0816054 -0.0767479 -0.0484368 -0.0960929 -0.112761 0.0665163 25.7345 4.05121 -1.8649 -0.374032 -2.10412 -2.40929 -0.593758 2.03849 0.627398 -0.290361 0.0520611 0.38752 0.132894 16.7323 6.24834 -0.922261 3.99055 -4.4241 1.20281 -1.067 1.46664 1.70267 0.808033 0.979372 0.993379 -1.23062 
3.38029 -0.687665 -0.418034 -0.463665 -0.195895 -0.496459 -0.203674 -0.138946 0.00573981 -0.17189 -0.0928802 0.0511518 0.152138 28.6177 5.59914 -2.7153 0.0370212 -2.82212 -2.04241 -0.881819 2.24517 0.28735 -0.474281 0.144734 0.635874 -0.284714 13.0452 4.65073 -0.48312 2.66066 -4.44458 3.15462 0.451484 2.55311 2.34383 0.508979 -0.642644 0.886903 -1.86834 
4.58731 -0.31981 -0.373975 -0.253325 -0.368907 -0.350671 -0.203535 0.00704144 -0.0527487 -0.0795339 -0.0442818 0.0171817 0.11695 28.6861 6.43437 -3.24592 0.752589 -3.16353 -0.924147 -0.791056 2.69486 0.67906 -0.846577 0.250158 0.65536 -1.10335 -1.77323 -0.0276168 -0.776589 -0.730277 -1.16244 2.36281 1.56148 1.27067 1.04569 -0.6497 -2.15615 1.06269 -1.24691 
5.58351 -0.127105 -0.447726 -0.275115 -0.582134 -0.481788 -0.252146 0.0838016 0.0887817 -0.0609245 -0.0392658 0.0236801 0.0634061 25.8251 6.32457 -2.9702 0.213369 -2.92016 0.148214 0.124753 3.04932 0.564974 -0.490883 -0.182785 1.08834 -1.84748 -16.1108 -3.74368 -0.0831494 -3.0409 3.42546 2.06881 1.85552 -0.616998 -1.66545 -1.61717 -1.79627 0.341778 -0.810191 
5.93875 -0.1058 -0.484037 -0.341534 -0.639889 -0.404986 -0.172156 0.123822 0.109488 -0.0809635 -0.136536 0.0845344 0.00553072 21.174 5.5463 -2.28191 -0.606208 -1.99813 1.30322 0.762695 2.36364 -0.392182 -0.592051 -1.06068 1.27385 -1.87103 -21.2922 -4.59315 0.843441 -3.58518 5.32895 0.923816 1.53855 -1.87691 -3.2102 -0.411488 -0.472499 -0.676563 -0.207806 
5.91926 -0.0234191 -0.651068 -0.295699 -0.619468 -0.316322 -0.211333 0.221776 0.120923 -0.204029 -0.126183 0.106063 -0.0139948 14.3367 4.08786 -1.9261 -1.85854 -0.738017 1.97529 1.09131 1.59869 -0.681837 -0.692962 -1.2281 0.582682 -1.91963 -16.3868 -3.34534 1.9966 -2.50437 4.24752 0.227098 0.578941 -2.93503 -2.52869 0.527382 0.162737 -0.81795 0.615065 
5.91806 -0.0208513 -0.657183 -0.341053 -0.555931 -0.33808 -0.125758 0.217065 0.0355169 -0.18986 -0.188526 0.129469 -0.0280881 5.66459 2.09734 -1.79248 -2.94168 1.18682 1.55102 1.30607 -0.113808 -0.538693 -0.856338 -1.65646 0.599998 -1.16875 -7.2582 -1.1278 1.83667 -0.755392 1.72846 0.0243644 -0.396236 -2.86664 -0.12615 1.15715 0.399895 -1.03367 1.26667 
5.90832 -0.0425536 -0.552612 -0.562528 -0.416131 -0.297361 -0.0836406 0.179361 -0.0846042 -0.192525 -0.16266 0.118234 -0.137256 0.789211 1.10179 -0.976802 -3.36035 2.75657 1.69504 1.20058 -1.35459 -0.781089 -0.00711844 -2.17458 0.532504 -0.465382 -1.44343 -0.18776 0.471508 0.675146 -0.161628 -0.816223 -1.12793 -2.3729 2.62321 1.36141 -0.649943 -0.30865 2.01775 
5.8799 -0.0102941 -0.573347 -0.587275 -0.428681 -0.242397 -0.0440183 0.131068 -0.159203 -0.0900336 -0.215077 0.0786506 -0.0923273 -0.250778 0.891564 -0.508951 -3.6614 3.31798 1.02594 0.569413 -2.15057 -0.366428 1.12162 -2.45942 0.256753 0.142828 0.791851 -0.173821 -0.189301 0.612769 0.0203754 -1.14495 -1.28406 -1.32403 3.1945 1.31725 -1.50911 0.499009 1.644 
5.8378 0.0386499 -0.654299 -0.534251 -0.43956 -0.192783 -0.146337 0.0966154 0.0203075 -0.244231 -0.197114 0.0922101 -0.0620762 -0.114271 0.861295 -0.012738 -3.98173 2.98725 0.8679 -0.144542 -2.69321 0.448306 1.9427 -2.55959 -0.0176854 0.422115 1.19116 -0.104237 -0.0292623 -0.358128 0.297015 -0.951539 -1.15265 -0.102098 1.4466 1.95207 -1.34525 0.32912 0.618416 
5.8449 0.0372382 -0.647123 -0.604814 -0.335569 -0.265704 -0.0523662 -0.0240404 0.0496613 -0.15448 -0.29162 0.115683 -0.00138247 -0.472801 1.26543 0.151181 -4.00475 2.43423 1.05598 -1.3667 -2.48415 1.36584 1.9333 -2.0539 -0.174419 0.300433 0.339943 0.305872 0.689341 -1.15055 -0.377396 0.105637 -1.74596 1.12803 -0.10049 1.11235 0.344747 -0.32386 -0.948375 
5.90147 0.00739011 -0.588956 -0.736911 -0.242998 -0.248181 -0.0947759 -0.0598693 0.0373673 -0.0124228 -0.424493 0.153076 -0.00765405 -0.666723 1.47828 0.0801654 -3.11995 1.49523 1.14067 -2.19843 -2.20728 2.114 1.78393 -1.54568 -0.355476 0.273248 -1.1081 0.831493 0.789821 -0.255678 -1.71527 1.1084 -1.91127 1.42593 -0.363447 -0.813171 2.5844 -1.09393 -1.6806 
5.94361 0.0446383 -0.637467 -0.801163 -0.19707 -0.261939 -0.138242 -0.0613469 0.0472474 0.0509727 -0.467496 0.126862 0.00433438 -0.58993 1.21627 0.38234 -2.33314 1.0082 0.946514 -2.67699 -1.69634 2.13635 1.39167 -0.824856 -0.645331 -0.025464 -1.70498 0.513912 0.553483 2.02535 -2.62692 1.14567 -1.42889 1.12077 0.0791631 -2.11114 3.20846 -1.17851 -1.10246 
5.88371 0.105932 -0.632424 -0.854474 -0.251645 -0.175217 -0.23045 -0.084326 0.110999 0.0270821 -0.406801 0.0769177 -0.0203201 -0.443319 0.771049 0.681615 -1.1917 0.452835 0.23128 -2.35538 -0.917681 1.15829 1.57262 -0.474145 -0.784115 -0.123922 -0.598499 -0.698869 0.0910149 3.99167 -1.85723 -0.727483 0.134768 0.910123 -0.0784363 -1.93537 1.77435 -0.351595 0.104834 
5.77054 0.16449 -0.543805 -0.965672 -0.235685 -0.142073 -0.323104 -0.0708779 0.122783 0.000304686 -0.335841 0.0775293 -0.102618 -0.256626 0.261281 0.730621 0.476823 -0.0721373 -1.055 -1.80112 0.111597 0.596832 0.791293 -0.0877667 -0.235732 -0.176025 1.438 -2.06699 -0.288196 4.62333 -0.335538 -3.43555 2.50179 0.941341 -1.18881 -0.395873 -0.733527 1.01778 1.29816 
5.77602 0.160437 -0.568079 -0.849518 -0.315653 -0.0971619 -0.360407 -0.121202 0.187664 -0.00131533 -0.309694 0.0350573 -0.083533 -0.269697 -0.298941 0.862237 2.08632 -0.596906 -2.48219 -0.402278 0.529614 -0.146241 0.0377166 0.443785 0.501696 -0.236173 2.08026 -2.33619 0.0598927 3.08414 0.829829 -4.86588 3.79108 1.35579 -2.45416 0.433386 -1.80083 2.4195 0.954147 
5.82037 0.114171 -0.583219 -0.724289 -0.31734 -0.157541 -0.383425 -0.100121 0.194397 -0.0115717 -0.319169 -0.00170113 -0.0288164 -0.371778 -0.922653 1.22226 3.00756 -0.643836 -3.62051 0.73384 0.951347 -1.27369 -0.236711 0.748157 1.37776 -0.468642 0.844574 -1.30789 0.47293 0.795548 0.821759 -3.92647 3.58352 1.21469 -2.86756 0.201684 -0.706303 2.84373 -0.371864 
5.85136 0.0672259 -0.565678 -0.645139 -0.294041 -0.321561 -0.307856 -0.0426955 0.107295 0.0488565 -0.385302 0.0555616 -0.00780371 -0.333418 -1.38577 1.35824 3.38225 -0.270402 -4.52677 1.54647 1.38915 -2.47156 -0.241915 0.941871 2.02276 -0.665001 -1.13877 0.0431119 0.845977 -1.15662 0.215921 -0.823503 1.50184 0.535492 -2.18381 -0.678739 1.5202 1.73396 -1.62203 
5.90687 0.00928908 -0.525137 -0.594113 -0.239184 -0.546133 -0.187755 0.0195843 0.0536826 0.0357558 -0.441396 0.204632 -0.0128979 -0.248659 -1.59736 1.28678 3.38655 -0.137663 -4.61585 1.83542 1.46372 -3.01603 -0.324783 1.12935 2.3862 -0.769929 -2.18897 0.926061 0.602392 -1.90703 -0.284994 2.39918 -1.13465 -0.278254 -0.964137 -0.886367 2.69632 -0.21475 -1.75455 
5.86532 -0.00890028 -0.481164 -0.535631 -0.319027 -0.578543 -0.104427 -0.00166885 -0.020071 0.000500867 -0.34804 0.250658 -0.0784817 -0.73521 -1.29679 1.48457 2.41168 0.155045 -3.97224 1.48435 1.31498 -3.06291 -0.294946 1.19275 2.49109 -0.945833 -1.45868 1.01706 -0.179283 -1.5827 -0.0229466 3.64521 -2.77082 -0.79986 0.776959 -0.269785 1.38742 -1.52614 -0.340706 
5.77746 0.00100281 -0.455281 -0.52528 -0.311146 -0.606443 -0.130112 0.0496391 -0.118231 -0.0185377 -0.252848 0.27232 -0.132997 -1.26376 -0.883457 1.60337 1.47639 0.00318366 -2.1546 0.528474 0.50509 -2.24311 -0.0671485 1.08694 1.90947 -0.642486 -0.0675755 0.600011 -0.505501 -1.1269 0.169296 3.63166 -2.84893 -1.47912 2.44354 0.677742 -1.06148 -1.97008 1.50068 
5.72889 -0.00700637 -0.417234 -0.528693 -0.280501 -0.620793 -0.165485 0.0828805 -0.187084 -0.0320049 -0.183848 0.27713 -0.170291 -1.84867 -0.67024 2.00181 1.07462 -0.646337 0.632754 -0.464987 -1.3985 -1.36049 0.493484 0.855777 0.42543 0.0782172 0.448935 0.129906 0.0406893 -0.575705 -0.44819 3.72925 -1.64962 -2.94975 2.92373 1.77524 -2.86671 -2.13087 2.6874 
5.76169 -0.0336507 -0.420342 -0.486535 -0.293315 -0.614616 -0.187953 0.056853 -0.162008 -0.0423021 -0.190364 0.30674 -0.160272 -2.15545 -0.425766 2.20197 1.16702 -1.31929 3.06634 -1.20219 -3.68549 -0.847414 1.81746 0.347974 -1.12121 1.13215 -0.0514851 -0.0232489 0.915038 0.10141 -1.32639 3.97861 -0.307666 -4.59084 1.82005 2.67028 -2.66279 -2.43488 2.79766 
5.72981 -0.0137051 -0.410781 -0.500344 -0.28369 -0.582722 -0.22152 0.0195097 -0.120592 0.00200015 -0.255973 0.298793 -0.110131 -2.0167 -0.198341 2.24344 1.02041 -1.61098 4.69312 -1.84824 -5.0429 -0.313375 2.53608 -0.130341 -1.81053 1.55949 -0.580591 0.101517 1.1763 0.62264 -1.9939 4.00512 0.190499 -4.75323 0.00211983 2.31066 -0.539753 -2.21394 1.22561 
5.70228 -0.0249983 -0.36693 -0.519312 -0.306874 -0.455516 -0.300695 -0.0602736 -0.0458667 0.0539389 -0.310994 0.23557 -0.0160529 -2.09857 0.255135 2.10528 0.650276 -1.9286 6.02065 -2.26588 -5.86131 0.344519 2.23649 0.215852 -2.19366 1.25871 -0.797918 0.763002 0.320495 0.226759 -1.22859 2.54644 -0.14282 -2.42335 -1.08458 0.306498 1.96073 -0.911727 -1.29178 
5.61432 -0.0635527 -0.227806 -0.459916 -0.426984 -0.227202 -0.266391 -0.34482 -0.0969615 0.163782 -0.330814 0.106043 0.0367602 -2.28422 0.680884 2.03288 -0.144048 -1.92248 6.62852 -2.4393 -5.8078 0.757454 1.35904 1.14304 -2.37665 0.560464 -0.237091 1.34292 -1.07022 -1.3636 0.591834 -0.00749372 -0.936084 1.82736 -0.288108 -2.75666 3.55716 0.873754 -3.22406 
5.59361 -0.0414879 -0.210451 -0.369215 -0.489377 -0.128034 -0.26753 -0.573625 -0.153308 0.322921 -0.320217 0.0457495 0.110196 -2.39752 1.03788 1.88614 -1.04731 -1.7248 6.33091 -2.34749 -4.88243 0.720583 0.355333 2.27882 -2.33024 -0.26074 0.265188 1.20781 -1.55898 -2.92181 1.78358 -2.04152 -0.906444 5.07884 1.04598 -4.90569 3.45046 1.76442 -3.56043 
5.57117 -0.0005076 -0.211993 -0.42377 -0.511468 -0.000638796 -0.384786 -0.551813 -0.146203 0.256473 -0.226458 0.0712883 -0.0105832 -1.94282 1.15629 1.23902 -1.48512 -1.46978 5.07449 -1.81189 -3.32457 0.403278 -0.484514 3.00034 -1.7555 -0.972213 0.744606 0.44122 -1.37918 -2.65395 1.81867 -3.59941 0.590392 5.31677 1.11062 -3.64761 1.45624 1.45812 -1.51798 
5.48402 0.0762928 -0.233581 -0.51017 -0.486218 0.101434 -0.481101 -0.533347 -0.0730191 0.101168 -0.083291 0.0569689 -0.110058 -0.273014 1.10284 0.00831258 -2.1179 -0.951927 2.87562 -0.818084 -1.03381 0.33386 -0.877366 3.00337 -0.935642 -1.56842 2.54728 -0.821269 -1.30694 -1.08418 0.796817 -4.45431 2.55044 3.9512 0.0594137 -0.0789873 -1.33374 0.918835 0.792394 
5.47258 0.0782805 -0.1876 -0.622791 -0.456929 0.126387 -0.482108 -0.512421 -0.0247959 0.00567073 0.00915419 0.031505 -0.149172 1.68474 0.900267 -1.22537 -3.13068 -0.058102 0.91699 -0.173326 1.5029 1.20002 -1.15778 2.05332 -0.406866 -1.66857 4.19584 -1.40127 -1.76148 0.372968 0.0138274 -3.98604 3.33575 2.28964 -0.452969 2.91864 -3.60824 0.384501 1.85138 
5.47516 0.0904239 -0.186821 -0.670137 -0.483792 0.101165 -0.459582 -0.476522 -0.0278225 -0.00300927 0.0405544 0.0226362 -0.137338 3.31303 0.377266 -2.26528 -3.5509 0.728854 -0.619023 1.04931 3.01629 1.68949 -0.992558 0.139814 -0.158434 -1.01208 4.90172 -1.31756 -2.49474 0.653125 0.573001 -2.87844 2.77961 1.47284 0.175817 3.4099 -4.8138 0.233291 1.8569 
5.51272 0.0884386 -0.250427 -0.64183 -0.504264 0.0342275 -0.394075 -0.425717 -0.0894607 0.0580766 0.00123422 0.0540823 -0.114191 4.51757 -0.123655 -3.08626 -3.17781 1.36958 -2.00288 2.53291 3.29084 1.55919 0.0077338 -2.05457 0.0359282 0.162896 3.45075 -0.784454 -2.2226 -0.0235211 1.60549 -1.24825 1.50876 0.929772 1.09245 1.51016 -4.49329 0.215374 1.18987 
5.7941 0.0510661 -0.365799 -0.712135 -0.503323 -0.0790382 -0.289097 -0.316454 -0.061122 0.139542 -0.0484771 0.0621326 -0.136531 5.4117 -0.62785 -3.60095 -2.42232 1.58592 -2.43371 3.01469 3.36231 1.43367 0.359662 -3.40634 0.177693 0.92378 -0.0288811 -0.193523 -0.930041 0.344585 1.83081 0.452138 0.0424771 -0.266666 0.965382 -1.05364 -2.66263 0.138643 0.996252 
5.91658 0.0440928 -0.41011 -0.836375 -0.435259 -0.0520673 -0.294283 -0.239229 0.0942338 0.137113 -0.166095 0.00922514 -0.136712 5.18229 -0.558105 -4.05694 -1.63624 1.9451 -2.40087 2.92766 3.02169 1.32363 0.280668 -4.07898 0.358928 1.22242 -2.65415 0.191023 0.296435 1.5169 0.945983 0.896388 -0.626345 -1.4048 -0.54512 -2.09691 -0.116761 0.396926 0.733896 
5.99774 0.0294522 -0.546367 -0.841744 -0.343934 -0.130943 -0.191089 -0.184114 0.0989543 0.132014 -0.345963 0.0444622 -0.0437365 4.39552 -0.44008 -3.98266 -0.93435 2.04375 -1.69462 2.32772 2.40063 1.46884 -0.571102 -3.65428 0.271473 1.22538 -3.67415 0.522336 1.27337 2.28245 -0.657667 1.5028 -1.62087 -1.9681 -1.17628 -2.14687 2.61278 0.114886 -0.0963223 
6.01354 0.0306423 -0.592969 -0.852251 -0.281737 -0.192799 -0.105602 -0.167639 0.0634252 0.133914 -0.433214 0.0909161 -0.0260319 3.10953 -0.275008 -3.2734 -0.574713 2.05498 -0.949367 1.45273 1.68857 1.4023 -1.46179 -2.72825 0.192213 1.04471 -2.94438 0.545668 1.51804 1.94018 -1.46097 1.654 -2.17301 -1.70541 -0.89588 -1.47354 3.73053 -0.269992 -0.77856 
6.06897 -0.00336868 -0.610098 -0.809214 -0.308313 -0.129977 -0.169001 -0.144182 0.10992 0.00763078 -0.36801 0.0571351 -0.0126383 1.49554 -0.105932 -2.39296 0.00612193 1.85584 -0.470442 0.824791 0.877139 0.699528 -1.65035 -1.83537 0.300932 0.923602 -1.56857 0.412565 1.41979 0.472008 -1.00242 0.871304 -1.45091 -1.07769 -0.564671 0.169536 2.61862 -0.236672 -1.05467 
6.02147 0.0434003 -0.667964 -0.789929 -0.253374 -0.173984 -0.136868 -0.168376 0.0863435 0.0318212 -0.412572 0.0813634 -0.0043693 0.808702 -0.128906 -1.60085 0.396082 1.26096 -0.187197 0.24883 0.508619 0.0529923 -1.61315 -0.676562 0.347291 0.559357 -0.396708 -0.136663 1.53303 -0.727754 -0.497991 0.520624 -0.950185 -0.221889 -0.197214 0.846487 1.13026 -0.220931 -0.808596 
6.0308 0.0447626 -0.701468 -0.740141 -0.296909 -0.105679 -0.177775 -0.173403 0.129716 -0.0593378 -0.336116 0.0521195 -0.00297488 0.229437 -0.000925193 -0.817745 0.333547 0.76212 0.17687 -0.329904 0.343681 -0.120617 -1.39147 0.246244 0.113609 0.118241 -0.0553303 -0.321459 1.22658 -1.04453 0.0414678 -0.375577 0.0184971 0.324709 -0.6879 1.43699 -0.346481 0.143136 -0.281013 
6.04233 0.0329659 -0.672165 -0.795859 -0.245178 -0.122417 -0.198613 -0.156272 0.119191 -0.0744698 -0.336349 0.070408 -0.0271269 0.0638275 0.000131181 -0.496582 0.407358 0.394911 0.190334 -0.448386 0.380249 -0.218881 -1.11054 0.506173 -0.0279884 0.0824948 -0.129116 -0.187736 0.648154 -0.210996 -0.367326 -0.459639 0.425268 0.432649 -0.671048 0.999579 -0.442486 0.0316826 0.130746 
6.05516 0.0220836 -0.671198 -0.807373 -0.212527 -0.161222 -0.153492 -0.164558 0.0739321 0.00684145 -0.389714 0.0900379 -0.0136161 -0.137056 0.00927202 -0.118494 0.266657 0.302509 -0.241306 -0.14615 0.70147 -0.673408 -0.656575 0.347944 0.151871 0.0517227 -0.349066 0.0649684 0.209397 0.599568 -0.800158 -0.26063 0.212112 0.599724 -0.361072 -0.164567 0.221383 -0.148874 0.251725 
6.07083 0.00419819 -0.65426 -0.808597 -0.239706 -0.117423 -0.211574 -0.125119 0.093417 -0.0513613 -0.358828 0.0733741 -0.0213313 -0.00856209 -0.191323 0.274249 0.340123 -0.0133073 -0.421184 -0.239334 1.22533 -0.70529 -0.889401 0.50232 0.202975 0.0549874 -0.455114 0.264425 -0.0358355 0.898264 -0.634771 -0.598671 0.336454 0.623663 -0.239891 -0.541859 0.346586 0.0924905 0.220877 
6.01382 0.0389365 -0.673235 -0.790536 -0.234869 -0.140527 -0.186404 -0.122922 0.0560885 -0.0499303 -0.348395 0.0723085 -0.0115234 -0.257505 -0.081479 0.370115 0.731493 -0.334639 -0.820238 -0.26216 1.60329 -0.584 -1.01426 0.468396 0.27663 0.178157 -0.0852871 0.0388685 0.16744 0.864354 -0.68191 -0.505323 -0.205397 0.847159 0.404207 -1.02776 0.513652 0.189136 0.0756816 
6.04009 0.024217 -0.684181 -0.738278 -0.266022 -0.151698 -0.173363 -0.112362 0.059488 -0.0755052 -0.334855 0.067054 0.00489693 -0.75272 0.203824 0.329385 1.42832 -0.819329 -1.31216 -0.26164 1.86413 -0.360104 -0.957741 0.466333 0.324526 0.372405 -0.411276 0.181463 0.375222 0.57856 -0.40569 -0.898327 -0.445745 0.830268 0.652974 -0.366372 0.0270599 0.363301 0.0220142 
6.02211 0.0234418 -0.646151 -0.752906 -0.255587 -0.190842 -0.170612 -0.0438539 0.00496707 -0.0864991 -0.327553 0.0949989 -0.00383193 -1.69378 0.656516 0.453731 1.99255 -0.962349 -2.10739 -0.508189 1.99976 -0.0586463 -0.77277 0.646234 0.286687 0.384364 -1.32306 0.653678 0.184677 0.93572 -0.338977 -1.36877 -0.486216 0.201358 0.909151 0.742859 -0.280371 0.0892831 0.168532 
6.0373 0.0117215 -0.634372 -0.728324 -0.271684 -0.20594 -0.20647 0.00842994 0.0378945 -0.155447 -0.304491 0.106057 -0.00651474 -2.71293 0.986099 0.760193 2.63827 -1.24074 -2.70975 -0.891899 1.92477 0.119173 -0.284053 0.979063 0.186668 0.489043 -2.4956 1.0682 0.277691 1.29699 -0.443753 -1.44738 -0.683789 -0.420202 0.620455 1.58169 0.138804 -0.358401 0.250004 
5.9944 0.0346423 -0.642327 -0.652732 -0.332579 -0.224717 -0.238414 0.0403525 0.0876524 -0.199464 -0.279984 0.0936397 0.0146561 -4.96612 1.02639 1.38503 2.93078 -0.928832 -2.97981 -1.37093 1.80871 0.712927 -0.375869 1.5729 -0.00676008 0.395737 -4.24288 0.832316 0.799805 1.01391 0.302665 -1.13137 -0.653327 -0.853095 0.320127 1.36635 0.96159 -0.594989 0.0426092 
5.91441 0.0746148 -0.628187 -0.604303 -0.338802 -0.345999 -0.206831 0.0695356 0.0594161 -0.0979909 -0.334442 0.126824 0.035439 -10.3166 1.13942 2.03017 3.41978 0.0964729 -2.18721 -1.21072 0.379471 -0.740478 -0.111582 1.87896 -0.352806 0.176341 -8.08232 -0.0295238 1.45571 0.735372 1.52117 1.04095 -0.379875 -2.00031 -1.26182 -0.0195844 1.70061 -0.896227 -0.401422 
5.75944 0.138671 -0.605227 -0.533848 -0.328521 -0.460983 -0.249815 0.0775563 0.0743876 -0.0566264 -0.288241 0.101206 0.0296605 -15.0202 1.08119 3.02913 3.67042 0.925849 -1.32476 -1.38487 -0.954897 -2.12873 -0.232658 2.0724 -0.57988 0.289107 -11.117 -0.889402 2.22888 0.031937 2.5617 3.12587 0.067494 -2.85348 -3.37258 -1.30438 1.20493 -0.573132 -0.428738 
5.65315 0.147923 -0.544171 -0.433575 -0.424013 -0.448899 -0.353306 0.0937141 0.0888505 -0.0778683 -0.171276 0.0688229 0.0501486 -18.2284 0.605542 4.16385 3.65616 1.58357 -0.407539 -1.81522 -1.86952 -2.91192 -0.73894 1.91368 -0.364383 0.139068 -10.4556 -1.37695 2.41205 -0.484173 2.78246 3.66196 0.179819 -2.97725 -3.85995 -1.94749 -0.442806 0.246699 -0.361813 
5.22455 0.129416 -0.453993 -0.426901 -0.295337 -0.492493 -0.354488 0.0987173 0.172208 -0.171426 -0.0900219 0.0609966 0.0262375 -18.554 -0.885643 5.34341 3.55912 1.22119 0.89913 -1.90107 -2.6623 -2.70782 -1.4323 1.93571 -0.201508 -0.305796 -2.78471 -2.16117 2.14775 -0.340475 0.0934239 3.05269 -0.210811 -2.00396 -1.87137 -1.47728 -1.59354 0.887258 -0.277482 
4.30992 0.135483 -0.375133 -0.304933 -0.136941 -0.291718 -0.261868 -0.176366 -0.273224 -0.114205 -0.107807 0.0210797 -0.00565252 -15.7001 -3.21532 6.18814 3.42341 0.43102 1.76454 -1.73106 -2.60397 -2.05681 -1.82122 1.74903 0.0126707 -0.389369 10.2253 -3.85324 1.53457 -0.50185 -3.18981 0.403979 -0.56044 1.07182 3.28718 -0.621294 -1.5803 1.30341 -0.126796 
4.01284 0.135204 -0.19847 -0.308441 -0.122501 -0.298085 -0.380626 -0.179208 -0.343513 -0.194645 -0.0927379 0.0445836 0.0583301 -11.0117 -5.39013 6.50086 3.10966 -0.489713 2.3109 -1.48998 -2.08204 -1.16484 -1.44003 1.22619 0.322244 -0.0612819 18.0973 -5.19723 0.147167 -0.198677 -4.67349 -0.859806 0.109088 2.80443 5.96877 0.960932 -0.673597 0.739163 0.00833987 
3.90233 0.0595651 -0.0906377 -0.248925 -0.142576 -0.272062 -0.499929 -0.176619 -0.224847 -0.30699 -0.129379 0.114678 0.0168982 -5.56226 -7.13294 6.26788 3.05389 -1.65021 2.70211 -1.19214 -1.64081 0.00957747 -0.653735 1.0216 0.110449 -0.225026 17.9004 -4.9188 -1.06559 -0.00837898 -4.02267 -0.652012 1.04785 2.83372 4.82805 2.50524 0.61971 -0.604019 0.314814 
4.07406 -0.170638 0.0447263 -0.17435 -0.349228 -0.176131 -0.451313 -0.244704 -0.0766374 -0.322696 -0.0634731 0.0926194 -0.0482718 0.639469 -8.43741 5.40397 3.26412 -2.91881 2.53135 -0.263094 -1.24499 0.832532 0.25388 1.12118 -0.395961 0.13703 10.0928 -2.38563 -2.28997 0.0776712 -0.788711 -0.346161 1.9835 1.35256 1.02472 2.84395 0.91321 -1.58848 0.783968 
4.43175 -0.454501 0.140737 -0.140013 -0.399444 -0.255524 -0.408627 -0.135113 -0.0557373 -0.233379 -0.0860311 0.117607 0.00514797 5.46741 -9.2427 4.34125 3.3222 -3.58396 1.93213 1.07885 -0.440272 1.95275 0.343784 1.0086 -0.720003 0.430253 0.250294 0.845304 -2.81838 0.554434 1.32215 0.683857 2.85615 -1.14642 -2.65867 1.36389 0.438646 -1.93688 0.631021 
4.5997 -0.588037 0.185825 -0.116881 -0.441022 -0.191383 -0.472891 -0.0995606 0.00394596 -0.176171 -0.0535076 0.105967 0.0797074 6.88537 -9.16876 2.45816 3.38391 -2.99454 2.01732 2.20452 -0.866699 1.36195 1.11899 0.836846 -1.56458 0.452075 -4.08671 2.59062 -3.00836 0.407573 2.25622 0.153732 2.7514 -2.00366 -3.34225 -0.458548 -0.499902 -1.52767 0.22142 
4.65501 -0.725769 0.224202 -0.0186022 -0.539369 -0.0477897 -0.471488 -0.172033 0.041979 -0.146143 0.0385339 0.00243414 -0.0249601 6.17872 -8.27281 0.574895 3.20056 -2.08574 1.29758 3.43114 -0.723671 0.231622 1.65868 0.0651012 -1.91151 1.00664 -4.48913 2.83075 -3.33699 -0.164798 2.4035 -1.29904 2.27101 -0.959577 -2.29168 -1.11732 -2.12984 -0.161272 0.48022 
4.69982 -0.84386 0.197507 0.0513736 -0.499741 -0.100088 -0.239739 -0.265979 -0.0720683 -0.111642 0.0500658 -0.0554338 0.0672245 3.96331 -6.28652 -1.11683 2.58181 -0.653359 0.944467 3.8826 -0.634177 -0.812048 1.28108 0.0834166 -1.34009 0.9363 -2.89184 2.66004 -3.0723 -1.18519 1.67063 -1.48562 0.523649 0.750909 -0.499476 -0.828954 -1.70711 1.30083 -0.120665 
4.65379 -0.943878 0.220502 0.126227 -0.528655 -0.0655062 -0.106647 -0.259935 -0.14218 -0.207566 -0.0492067 -0.0311232 0.0841743 2.41739 -3.73364 -2.14088 1.97185 -0.332837 0.553897 4.14884 -0.746159 -1.28502 0.866639 0.227041 -0.675656 0.512368 -0.663548 3.37085 -2.30879 -2.0694 0.972149 -1.73338 -0.943306 1.90255 0.455201 0.263393 0.000708763 2.27504 -0.443427 
4.8019 -0.999975 0.0854573 0.112957 -0.471339 -0.0386286 -0.21453 -0.313529 -0.0917406 -0.116801 -0.0315663 -0.134392 0.0706707 2.3779 -0.86609 -2.53058 1.35514 -0.494486 -0.940757 3.71824 -0.586275 -1.41905 0.811529 0.403729 0.00117012 0.291283 0.209898 5.19995 -0.292075 -1.87217 -0.623858 -1.76122 -1.45278 1.56252 0.4753 0.267267 1.75683 2.55848 -0.714369 
4.76508 -1.07799 -0.0202655 0.160551 -0.493142 -0.168626 -0.0290093 -0.201903 -0.0933898 -0.0757785 -0.181339 -0.0782255 0.142959 2.72966 2.25829 -2.6408 0.840532 -0.51724 -2.63712 1.93788 -0.174666 -1.14553 0.758922 0.536739 0.713394 0.543416 1.33126 6.82694 1.46918 -0.965809 -1.52262 -1.90092 -3.07544 -0.170178 0.287987 0.00703034 2.81691 1.23626 -0.861304 
4.71409 -1.01416 -0.0626209 0.0945536 -0.429814 -0.0771363 0.0142329 -0.224196 -0.157527 -0.134956 0.0398267 0.0330399 0.0596797 2.60853 5.3493 -2.55723 0.375656 -0.70374 -3.81973 -0.643684 0.640481 -0.379202 0.0649523 1.14218 1.13235 -0.227228 1.43389 6.82996 1.76631 0.194206 -1.40129 -3.2784 -4.35799 -0.405658 0.549026 -0.670339 1.08667 -0.344165 -0.188427 
4.86974 -0.853183 -0.057903 0.0894018 -0.521273 -0.157681 0.035697 -0.201353 -0.183286 -0.0815234 0.0310731 0.0634584 0.0634397 2.79244 7.60697 -2.52781 0.237376 -0.852424 -4.78875 -1.94372 0.927148 -0.189716 -0.434775 1.78066 1.10424 -0.579222 0.0204029 4.56062 0.699969 0.74953 -0.20351 -2.75457 -4.5792 0.179403 0.850304 -1.87535 -0.226645 -1.15715 -0.287514 
4.99816 -0.590323 -0.0449848 0.11073 -0.622057 -0.329849 -0.070116 -0.259539 -0.151336 -0.0430432 0.0911731 0.0280305 0.0753047 2.83039 8.81691 -2.33831 0.531227 -1.07205 -4.97551 -2.75311 1.47297 -0.549291 -1.24677 1.93439 1.16578 -0.933527 -0.892315 0.732825 -1.04334 0.648428 1.11339 -0.549403 -2.77085 1.43641 0.353747 -2.12699 -0.877948 -0.997238 -0.725186 
5.02764 -0.393152 -0.0779061 0.170027 -0.591014 -0.479035 -0.242599 -0.272154 -0.147954 -0.0663444 0.0839002 0.0290358 0.117949 3.54885 8.96639 -2.50318 0.542928 -0.823709 -4.63877 -3.84195 1.5138 -0.297515 -1.72742 1.89763 0.809098 -1.51319 -0.62359 -2.66285 -1.73847 0.110634 1.16377 1.81104 0.636846 1.93654 -0.281407 -1.54027 -0.875785 -0.0825494 -1.21891 
4.94727 -0.180607 -0.143365 0.131338 -0.546515 -0.601999 -0.38708 -0.123827 -0.110266 -0.236762 0.121307 0.0659028 0.00264933 4.04587 7.93092 -3.01026 0.630794 -0.773218 -4.14878 -4.0798 1.92881 0.381032 -1.86674 0.847262 0.486749 -1.41562 1.19108 -4.38819 -1.35878 -0.32742 0.482767 3.67051 2.33954 0.631341 -0.249208 0.149733 -0.504421 0.368555 -0.713911 
5.04058 -0.105037 -0.215423 0.163003 -0.588383 -0.621782 -0.335282 -0.126463 -0.14998 -0.253984 0.135847 0.0423385 -0.00101631 4.0394 6.30413 -3.57503 0.0653993 -0.207685 -2.61307 -3.8632 2.11563 0.995985 -1.99691 0.413214 0.59625 -1.3635 2.18971 -3.91101 -0.530203 -1.01101 -0.0663027 3.45402 1.66368 -0.297464 1.04706 1.3305 -0.994227 0.470552 0.260125 
5.14681 -0.0572447 -0.307379 0.205376 -0.592135 -0.599869 -0.402873 -0.0343515 -0.219084 -0.247731 0.160194 0.0588041 -0.0398417 4.01893 4.56592 -3.87403 -0.907444 0.173834 -0.633696 -3.34095 2.20123 1.71495 -1.59965 -0.465353 0.751133 -0.932951 1.26068 -2.36497 0.244064 -1.92086 -0.0585109 2.65624 0.279648 -1.22492 2.5953 1.58342 -1.55556 0.146689 1.49391 
5.25506 -0.0305782 -0.359136 0.171213 -0.56266 -0.63618 -0.411936 -0.0372099 -0.148521 -0.288392 0.142873 0.105818 -0.110305 3.82597 2.79142 -3.06005 -2.38054 0.352485 1.1354 -2.691 1.61221 2.43906 -0.513734 -1.27731 0.492341 -0.454198 -1.00167 -1.48189 1.25351 -2.77072 0.504197 2.40443 -0.704413 -1.26236 2.54852 1.67923 -1.95202 -0.448105 2.17577 
5.35901 0.0130526 -0.423685 0.145326 -0.607698 -0.584761 -0.480442 -0.014117 -0.0539622 -0.297237 0.120295 0.104245 -0.0766018 3.11198 0.983938 -1.99337 -3.52454 0.755919 2.30086 -1.57408 -0.191127 2.37286 1.15655 -1.79811 -0.805635 0.261434 -3.23106 -1.7977 2.3177 -3.17197 1.25352 1.88805 0.482605 -1.97937 0.705827 2.04341 -1.46521 -1.80588 1.4347 
5.44536 0.0581894 -0.486017 0.0607017 -0.586736 -0.541724 -0.533742 0.0036482 0.0201679 -0.276341 0.0733269 0.118744 -0.0387554 1.23578 0.26186 -0.660223 -4.54639 1.22183 3.49219 -1.58223 -1.63108 2.66845 2.06845 -2.17364 -1.60985 0.862083 -4.40291 -2.2858 3.19384 -2.19472 1.21057 1.84231 1.75868 -3.25496 -1.28811 2.47053 -0.501865 -2.86104 0.719513 
5.43011 0.0972056 -0.531319 -0.0431836 -0.557647 -0.446276 -0.621152 0.00674789 0.122793 -0.24662 -0.0184859 0.113492 0.0265429 -0.496372 -0.034407 0.443233 -5.15813 1.52042 4.20034 -1.47255 -2.58597 2.52562 2.46671 -2.21192 -2.2025 1.20113 -4.0535 -1.72337 2.98402 -0.530415 0.813076 1.25895 1.75153 -3.15015 -2.43079 1.72409 0.797685 -2.48011 -0.254199 
5.36656 -0.00284405 -0.387578 -0.228053 -0.491477 -0.355784 -0.621172 -0.0371473 0.160661 -0.16383 -0.0893483 0.0668664 0.0145387 -1.70331 -0.178176 1.20275 -5.05433 1.50948 3.98982 -0.872457 -3.15131 1.95477 2.74502 -2.11572 -2.13583 1.15318 -2.25293 0.181923 1.21525 1.39185 -0.174864 -0.265663 0.994037 -1.77412 -1.7107 -0.0431647 1.31276 -0.264346 -0.671425 
5.29155 -0.110685 -0.368901 -0.304598 -0.44144 -0.326692 -0.426591 -0.26936 0.0368557 -0.0188081 -0.0525976 -0.184477 0.00526173 -1.50974 -0.109017 1.32283 -4.28522 1.57604 2.86755 -0.26556 -2.95177 1.38123 2.57255 -1.90464 -1.40912 1.04408 0.94161 1.98989 -0.736634 2.60974 -0.984134 -2.09311 -0.5859 1.54147 0.0248279 -1.86361 0.743201 3.14317 -0.353401 
5.16744 -0.0343972 -0.293207 -0.344354 -0.44405 -0.128436 -0.573255 -0.363224 0.126398 0.016503 -0.0971641 -0.160499 0.0924688 -0.529261 0.178427 0.864776 -2.90354 1.46886 1.08588 -0.0858901 -1.88013 1.08119 1.71084 -1.39437 -0.0962426 0.721782 4.1052 1.96094 -2.4672 3.0085 -0.776819 -4.73534 -0.297878 4.13129 0.590891 -2.69296 0.328306 4.76379 -0.48217 
5.14186 0.0141448 -0.298019 -0.400331 -0.407931 -0.106112 -0.655088 -0.298513 0.125601 -0.0270662 -0.0856419 -0.134753 0.0541039 0.614809 0.651014 0.124075 -1.27281 1.26885 -1.16757 0.200061 -0.364605 0.500438 0.770028 -0.741854 1.45357 0.287452 4.84619 0.950025 -2.70706 3.03651 -0.317898 -5.74209 0.458521 4.62949 0.24655 -2.23599 0.190906 4.41312 -0.340462 
5.16569 0.0223245 -0.289707 -0.415245 -0.435509 -0.234252 -0.527949 -0.359277 0.17387 -0.00814019 -0.137831 -0.0347765 0.0196699 1.1403 1.41998 -0.743014 0.185585 1.15848 -3.35029 0.165672 1.57542 -0.285881 -0.239414 -0.040592 2.78288 -0.0933236 2.57164 -0.0490821 -1.61141 2.41067 0.464013 -4.72565 0.529158 4.08506 -1.49033 -1.41608 1.06042 2.11724 -0.598057 
5.38523 0.0621157 -0.380452 -0.36137 -0.413822 -0.325396 -0.546187 -0.245717 0.183231 -0.0101104 -0.161965 0.0480701 0.107337 1.41831 1.49375 -0.904132 1.39788 0.664798 -4.66099 0.209022 3.07493 -0.787298 -1.34625 0.780536 3.54424 -0.767718 -1.55847 -0.670725 0.154262 1.76209 0.109325 -2.27267 0.896739 1.65081 -2.82097 -0.837837 2.21403 -0.76397 -1.43187 
5.48456 0.085322 -0.44963 -0.309013 -0.36375 -0.476825 -0.600925 -0.108683 0.216348 -0.101793 -0.135154 0.18214 0.0663182 1.47362 0.752885 -1.06284 2.80948 -0.271833 -5.02195 1.20888 3.13726 -1.6725 -2.01041 1.78546 2.78671 -1.29653 -3.95397 -0.903346 1.54421 1.57233 -1.46245 1.38804 0.837768 -0.9394 -2.59423 -0.643238 2.4739 -2.77992 -1.30922 
5.44891 0.093254 -0.448861 -0.254557 -0.352173 -0.621583 -0.53785 -0.04356 0.121082 -0.0988286 -0.104744 0.242725 0.0267334 1.13012 -0.0978107 -0.493388 3.75196 -1.33747 -3.92587 1.72802 2.52702 -2.26328 -2.20582 2.23512 1.8838 -1.20039 -2.91116 -1.51387 1.84038 1.43463 -2.89684 4.08335 0.918491 -2.64529 -1.17824 -0.752383 1.70989 -3.43285 -0.628251 
5.31421 0.127345 -0.414542 -0.246598 -0.307484 -0.743174 -0.5097 0.0468871 -0.0333618 -0.108759 -0.0223104 0.225161 -0.025129 0.350763 -0.997608 0.328275 4.03989 -1.8797 -2.49046 1.67114 2.22493 -2.44228 -2.35403 2.57654 0.795068 -1.05417 -0.11253 -2.19742 1.50999 1.14963 -3.16658 4.83427 0.906999 -3.03975 1.03522 -0.393402 -0.0389758 -2.41469 0.733689 
5.30281 0.086142 -0.388531 -0.12789 -0.423484 -0.712506 -0.462377 0.00166527 -0.0485095 -0.202131 0.0952782 0.169369 -0.0964464 -1.85812 -2.2609 1.97844 3.14477 -1.73436 -0.860393 2.19549 1.28546 -2.49594 -1.32991 2.29088 -0.165986 -0.686155 0.345184 -2.40386 1.68602 -0.859662 -0.555687 3.64248 0.303392 -1.36766 1.69006 1.33266 -1.84869 -0.797815 2.16284 
5.32496 0.0395313 -0.411514 0.0426576 -0.579769 -0.60062 -0.426776 -0.0576641 -0.0419912 -0.282312 0.141444 0.129453 -0.0762001 -3.33889 -4.64082 2.84943 2.45421 -0.467411 1.76462 3.01725 0.655154 -2.46787 -0.115823 1.15373 -1.32079 0.350703 -1.80996 -3.48353 2.02341 -3.05153 3.67626 2.36135 0.450963 0.466447 1.0024 3.06272 -3.00319 -0.0245768 2.36991 
5.38874 -0.0457319 -0.334743 0.0618889 -0.64334 -0.55266 -0.363674 -0.05555 -0.100027 -0.27514 0.106848 0.141619 -0.0493364 -4.13463 -7.377 2.88639 0.847846 0.578543 3.51568 3.8313 0.0429494 -2.45306 0.463166 -0.316806 -1.42923 1.44858 -4.25785 -4.93342 1.16299 -4.32908 5.79775 1.8327 1.41186 0.69703 -0.540073 3.3451 -3.22926 -0.0151601 2.10709 
5.36708 -0.121519 -0.27606 0.0697815 -0.607459 -0.601789 -0.352992 0.0175158 -0.0526897 -0.28179 0.11639 0.138511 -0.0243133 -4.45179 -9.60318 2.21327 -0.600363 0.860761 4.24507 4.15443 0.0268602 -1.22035 1.84042 -1.46341 -1.34218 1.99159 -3.93296 -5.52518 -0.97555 -3.98504 3.89191 1.76643 1.80559 0.0715042 -0.633143 2.67964 -2.50174 -0.264087 1.07502 
5.03621 -0.256533 -0.0738355 -0.0898112 -0.450976 -0.51687 -0.291085 0.0131331 -0.126265 -0.0760464 0.0753609 0.113775 0.0545748 -4.84937 -10.509 1.56727 -2.07812 1.09305 3.56196 3.7224 -0.0891219 -0.928126 2.97868 -2.31421 -1.08234 2.7842 -0.00344849 -3.61659 -3.45756 -1.81493 -1.1244 0.0854612 0.545656 -0.9564 0.759991 0.578641 -1.03312 0.00352971 0.195674 
4.91145 -0.655144 -0.101231 -0.0246549 -0.201548 -0.224859 -0.134717 0.0415756 -0.192567 -0.0430673 -0.054042 -0.00108189 0.120928 -5.0453 -10.1729 0.669815 -4.03388 1.38174 3.24741 3.07228 0.691893 -0.457979 2.87785 -2.2554 -0.431817 2.35912 2.95003 1.53294 -3.78095 -1.37462 -4.9743 -2.39381 -1.99095 -0.414158 2.22495 -1.01294 0.978533 1.28858 -0.842309 
4.8401 -0.952528 -0.153459 -0.234873 -0.26632 -0.228924 0.0346454 -0.053368 -0.331226 -0.0954786 -0.143925 0.0806313 0.190854 -4.80269 -9.00283 -0.605209 -4.72985 1.03707 2.66523 2.22364 0.725067 0.572351 2.58309 -1.80127 -0.331482 1.67006 3.58029 6.02803 -2.36262 -0.639841 -4.10901 -3.19554 -3.94322 0.957244 3.17704 -1.38419 2.26446 1.28843 -1.80355 
4.84319 -1.09441 -0.257898 -0.24487 -0.447368 -0.241421 -0.00803618 0.0280864 -0.0445645 0.101962 -0.103146 0.0283968 0.132751 -3.67812 -7.14716 -1.09226 -4.54084 0.60471 2.65802 1.15675 0.395729 0.142594 1.64209 -1.59889 0.120259 1.32917 2.04681 7.42322 0.106023 -0.231992 -0.0129576 -1.68774 -3.64092 1.01721 0.461008 -2.43749 1.81765 1.2061 -1.48294 
4.84003 -1.10384 -0.246275 -0.259785 -0.539511 -0.347516 -0.0995609 -0.092034 -0.128042 0.104822 -0.131838 0.0399683 0.286486 -2.21535 -4.38562 -1.36745 -4.00372 -0.616956 1.42735 -0.576499 0.434541 1.02807 0.36671 -0.310699 0.503672 0.440568 0.108465 5.68985 1.7254 0.441929 2.59593 0.370914 -2.22701 0.677522 -0.741658 -2.09474 1.42859 0.416041 -1.61014 
4.78614 -1.04966 -0.299587 -0.530967 -0.438416 -0.194798 -0.110702 0.154012 -0.0882969 -0.0348401 -0.0788012 0.16108 0.149112 -2.09047 -1.39753 -0.841232 -3.10848 -0.57446 0.111223 -1.85318 0.00328773 1.62604 -0.172353 0.631584 0.719423 0.141352 -0.517054 2.61912 1.95786 2.99715 2.47784 0.203958 -0.854471 -1.59429 -1.03328 -1.15219 0.665543 -0.743337 -0.204061 
4.73893 -1.06686 -0.343014 -0.529972 -0.405132 -0.272133 -0.116915 0.0793004 0.0336541 0.0587273 -0.0812014 0.0713556 0.119199 -2.43301 0.391686 -0.3309 -1.84865 0.559822 0.0789481 -2.0598 -0.390843 1.2492 -0.627212 0.979049 0.817871 -0.0462244 -0.795866 0.950023 1.31266 3.18943 0.722372 -0.684944 0.276848 -2.36011 -0.93683 -0.725478 0.486293 -0.0798819 0.607512 
4.73318 -1.06547 -0.22486 -0.475923 -0.303932 -0.10622 -0.172888 0.0202707 -0.239911 -0.0265367 -0.156554 0.129476 0.221511 -2.37405 1.11703 0.0679468 -0.910823 1.49942 -0.00376579 -1.25968 -0.961506 -0.185615 -1.09607 0.445204 0.9803 0.218578 -0.415939 0.35163 -0.266576 2.66747 -0.612492 -1.86202 1.33302 -1.60546 0.49848 0.622175 0.0740376 0.00524229 0.538379 
4.68092 -0.999212 -0.217777 -0.533216 -0.461259 -0.239065 -0.305134 0.0399314 -0.00524491 -0.0396693 0.0371221 0.113242 0.121017 -1.74797 1.16045 -0.285403 0.438205 1.37514 -0.526243 -0.495558 -1.13072 -0.271348 -0.968899 -0.0495673 0.726105 0.202633 0.831451 -0.0389858 -1.25621 1.86095 -0.173445 -1.41381 2.4641 -0.642639 -1.24115 0.595647 -1.81311 0.352533 1.03346 
4.5885 -0.993226 -0.255634 -0.394943 -0.304272 -0.275894 -0.256412 -0.0665027 0.0267063 -0.0522393 -0.0178864 0.0959296 0.206085 -1.18069 1.32423 -0.582989 1.9751 1.44412 -0.830695 0.10524 -1.49943 -0.117165 -1.11587 -1.39324 0.214218 0.773607 2.05395 0.0931448 -1.57971 0.523399 0.0995611 0.0559056 2.23972 1.44994 -1.05862 -0.165905 -2.89111 0.0469777 0.109496 
4.51566 -0.978857 -0.270812 -0.461526 -0.306434 -0.259702 -0.175689 -0.112684 -0.0958742 -0.0664606 -0.028149 0.205714 0.188932 1.7075 4.34036 -0.695435 1.84919 0.849982 -1.09368 -0.422469 -0.9611 0.609613 -1.12616 -1.39339 -0.137215 0.195581 4.79035 2.96647 -0.839983 0.469682 -0.235218 0.224908 -0.188637 1.71711 1.01672 -0.207613 -2.23651 -1.56879 -0.620439 
4.60627 -0.954021 -0.275794 -0.38847 -0.30036 -0.275942 -0.145949 -0.0767027 -0.162871 -0.0102941 -0.12965 0.171266 0.23162 5.98846 6.73416 -1.58655 1.3274 0.251552 -1.87667 -0.857785 -0.55277 1.98518 -0.401982 -1.52595 -0.511455 -0.441831 7.94386 6.1547 -0.210255 -0.647618 -0.853318 0.0698649 -2.69604 1.15373 2.85984 -0.181374 -0.142189 -1.59459 -1.43911 
4.68574 -0.947522 -0.363878 -0.311574 -0.348533 -0.382015 -0.146747 -0.0839927 -0.141839 -0.0867923 -0.167286 0.155062 0.244253 9.77013 8.2912 -1.93471 0.394351 -0.0322258 -1.5848 -1.29439 0.0225143 1.85988 -0.00476257 -1.82388 -0.492486 -0.87244 9.54827 7.17739 -0.00187981 -2.4787 -1.60594 -0.489442 -3.64884 0.67138 3.69603 1.09869 2.07649 -0.83196 -2.15643 
4.63563 -0.868926 -0.390961 -0.26264 -0.160327 -0.23004 -0.107849 -0.011736 -0.00183137 -0.206092 -0.359682 0.107841 0.226689 12.0797 9.36204 -2.07918 -1.0561 -0.889005 -1.73796 -2.12568 0.911988 2.47614 0.441523 -1.15124 -0.64706 -1.63494 7.77735 4.0945 -0.315811 -3.48626 -1.97362 -1.22433 -2.43997 0.171349 1.36273 2.22969 2.97823 0.491494 -1.52918 
5.23211 -0.164827 -0.314207 -0.340076 -0.357681 -0.381201 -0.378121 -0.0724576 0.123189 -0.0750717 -0.147058 0.0135335 0.0962083 12.4493 9.60137 -2.22858 -1.74798 -1.00181 -1.52671 -2.67811 1.17284 2.95867 0.90501 -0.611939 -1.10659 -1.87967 -0.120783 -3.05496 -0.837562 -3.01358 -0.618781 0.0954301 0.634971 0.634705 -1.52974 1.53432 1.27149 1.30126 -0.190157 
5.75081 -0.0777058 -0.458246 -0.392569 -0.380175 -0.461136 -0.414112 -0.0681864 0.18582 -0.0184712 -0.194226 0.0831004 0.105527 11.2767 8.85934 -2.08828 -2.74156 -1.09617 -0.705723 -2.74988 0.90753 2.67105 1.29593 0.084223 -1.07098 -2.04555 -7.87296 -6.49699 -0.0253849 -1.22915 0.569507 1.79031 2.08276 0.499051 -2.83553 0.497054 0.0116248 0.216186 0.721518 
5.88615 -0.0413395 -0.499006 -0.528592 -0.421772 -0.44706 -0.418766 0.0104677 0.190598 -0.0129311 -0.169632 0.111689 0.0259196 9.17333 7.31756 -1.67532 -3.40731 -0.97219 0.305359 -2.45193 0.370028 1.79847 2.0546 0.448924 -1.02541 -1.87955 -10.659 -6.2478 0.742724 0.659215 1.37691 2.8379 1.95818 -0.857839 -2.3989 -0.192469 -0.698349 -0.808216 1.2698 
5.87168 0.0103159 -0.525476 -0.599495 -0.397825 -0.477473 -0.413601 0.0619884 0.190286 0.0191526 -0.172354 0.0841482 0.0196666 6.11103 4.92358 -1.41842 -3.41634 -1.0552 0.79446 -1.65565 -0.481416 0.579621 2.50352 0.859778 -0.846132 -1.52058 -8.32448 -3.60578 1.42012 1.44672 1.24437 3.07597 1.12924 -2.24089 -1.31708 -0.0898665 -0.444815 -0.935569 0.906603 
5.79993 0.0473378 -0.556311 -0.599261 -0.392206 -0.399935 -0.431903 0.0433896 0.165795 0.0538711 -0.189297 0.0222754 0.0174364 1.48952 2.01764 -0.99614 -2.93184 -0.207949 2.05291 -0.15054 -1.15422 -0.612729 2.43284 0.469109 -0.738986 -1.10646 -3.43949 -0.659583 1.6322 1.00848 0.141285 1.37061 0.556017 -2.85722 -0.821143 0.723195 0.782207 -0.134838 0.16287 
5.80828 0.0441782 -0.540083 -0.642539 -0.406878 -0.298752 -0.456515 -0.00295039 0.161255 0.0800328 -0.180106 -0.00958136 0.0114271 -1.3737 1.66074 0.0512761 -2.38702 -0.115704 2.75165 0.261862 -2.11499 -1.19079 2.3461 1.05173 -0.96986 -1.12215 -1.02227 -0.111374 1.08524 0.646281 -0.147605 -0.0680677 1.05345 -2.12407 -0.824355 0.600747 1.0831 0.846847 -0.220117 
5.78545 0.0689535 -0.533007 -0.697153 -0.384993 -0.24069 -0.471467 -0.0885423 0.163044 0.138388 -0.174085 -0.0178573 -0.00333771 -2.44775 1.4591 0.61307 -1.58683 -0.0534654 2.61102 0.870317 -3.18047 -1.41978 2.29764 1.20208 -0.799146 -0.946283 -0.887829 0.0123048 0.890357 0.612512 -0.335193 -0.996305 1.54924 -0.883589 -0.832482 -0.148296 1.03326 1.01822 -0.418343 
5.7412 0.103523 -0.526222 -0.706266 -0.397683 -0.229781 -0.427267 -0.160875 0.131666 0.19374 -0.12661 -0.0114545 -0.0296248 -2.57603 1.08337 0.78509 -0.891085 -0.462696 2.68229 1.17027 -3.66934 -1.11773 1.77334 1.54542 -0.621683 -0.868252 -0.837069 -0.304055 0.409224 1.08499 -0.410648 -0.913802 1.0959 0.0423557 0.072318 -1.20731 0.451854 0.415143 0.0558955 
5.6779 0.140049 -0.491608 -0.742721 -0.412664 -0.189355 -0.368811 -0.225755 0.0316566 0.283101 -0.0763274 -0.0120914 -0.062354 -2.49658 0.835231 0.585435 -0.249964 -0.878015 2.32009 1.25342 -3.41022 -0.535722 0.905904 1.91141 -0.427232 -0.830873 -0.235132 -0.758243 -0.508027 1.7281 -0.683947 -0.352712 -0.031032 0.741041 1.59691 -2.34561 -0.0488874 -0.225946 0.512878 
5.63244 0.14943 -0.456429 -0.750869 -0.417806 -0.130158 -0.369389 -0.275352 0.0373247 0.237606 -0.0279472 -0.00869477 -0.078966 -2.90405 0.930378 -0.0816281 0.549464 -1.13935 1.69117 1.25849 -2.83895 0.0292932 -0.035176 2.02551 -0.25083 -0.767609 0.253178 -0.617321 -1.55967 1.80903 -0.852755 -0.293094 -0.842636 1.27772 2.3138 -2.41674 -0.215726 -0.362766 0.597187 
5.53143 0.157908 -0.433341 -0.724107 -0.412222 -0.177322 -0.273204 -0.357591 0.0248389 0.254598 -0.047275 -0.000813533 -0.0865185 -3.96988 1.21646 -0.785744 1.24969 -1.17182 1.02733 1.20121 -2.19747 0.334774 -0.873997 1.92787 -0.0507879 -0.572422 -0.512972 0.317694 -2.21615 1.34323 -0.469867 -0.61214 -1.26008 1.60906 1.75777 -1.84081 -0.0419509 0.0403494 0.38947 
5.54386 0.127832 -0.473608 -0.663074 -0.486104 -0.0709909 -0.309285 -0.384107 0.111381 0.196979 0.00696447 -0.0558404 -0.0594796 -5.78912 1.23405 -0.7514 1.47248 -0.904949 0.591553 0.835213 -1.26396 -0.0441622 -1.55176 1.65462 0.235618 -0.257652 -3.16374 1.14361 -1.14209 0.314494 0.577027 -1.54523 -0.604661 1.73084 -0.710724 -0.657372 -0.203086 0.92401 0.113432 
5.5283 0.137451 -0.527089 -0.621723 -0.533644 -0.0473237 -0.34257 -0.360153 0.161958 0.123566 0.0601807 -0.0590502 -0.0831762 -9.61899 1.05275 -0.0875584 1.68064 -0.128001 0.191 0.25341 -0.269533 -0.642518 -2.44887 1.62978 0.291918 -0.252291 -7.46855 0.857033 1.35414 -0.572534 1.90984 -1.54576 -0.155598 1.58308 -3.09557 -0.0533189 -0.310364 1.0375 -0.0317059 
5.41042 0.20878 -0.605801 -0.587995 -0.536128 -0.103386 -0.321456 -0.364405 0.18124 0.0878614 0.0765203 -0.0220207 -0.0996277 -13.8672 0.561774 1.23289 2.24176 1.23373 -0.353429 0.815648 0.178488 -2.21493 -2.88247 0.963279 0.49178 0.0687544 -10.5262 -0.801659 4.16257 -0.262953 3.11414 -0.832046 0.591362 1.04991 -4.40652 -0.447832 -0.839616 0.534648 0.280861 
5.13801 0.300824 -0.647722 -0.555882 -0.496551 -0.164462 -0.278668 -0.390874 0.125892 0.0892216 0.0785537 0.0126362 -0.0884016 -15.1268 -0.344611 2.07581 2.35219 2.5162 -0.713413 1.5523 0.110502 -3.57165 -3.17335 0.732538 0.541622 0.628426 -7.57874 -2.83631 4.66858 0.474957 3.32301 -0.144866 1.61895 -0.0577354 -3.81171 -0.902541 -1.04176 -0.303903 0.874335 
4.81063 0.266893 -0.498863 -0.585309 -0.471489 -0.146448 -0.292695 -0.307859 -0.0562889 0.0588392 0.0917861 0.0501264 -0.0650069 -16.7367 -0.648345 3.28624 2.03124 3.3596 -0.811933 1.87728 0.0677592 -4.2813 -3.24335 0.0255446 0.975611 0.799762 -1.26795 -2.84381 2.54527 0.868438 2.12664 0.547449 1.69445 -1.17767 -0.932387 -0.985529 -1.15655 -0.526003 1.07145 
4.11958 0.223443 -0.341433 -0.549613 -0.349731 -0.127719 -0.357204 -0.257042 -0.126754 -0.0850751 0.161014 0.00159244 -0.124917 -15.3573 -1.09647 3.50598 1.59395 3.50262 -0.688931 1.71371 0.422085 -4.17351 -2.85681 -0.555685 0.879189 0.876686 7.71424 -1.21398 -0.999308 -0.078646 -0.277046 0.478197 0.834526 -0.935544 1.83517 0.374612 -1.30471 0.00820196 0.78448 
3.68873 0.130348 -0.174352 -0.376643 -0.172822 -0.188704 -0.126747 -0.336585 -0.309861 -0.1506 0.00965141 0.0415408 -0.0289082 -11.3183 -1.24111 2.80047 0.825108 2.90179 -0.229986 0.64835 0.913917 -2.76694 -2.37222 -0.428151 0.464666 0.606625 13.3951 1.2916 -4.14227 -2.2065 -2.8911 0.643063 -2.35173 0.763976 4.63935 1.78949 0.00999309 0.00375607 -0.673804 
3.9954 0.0123437 -0.258394 -0.387609 -0.126249 -0.216428 -0.0219053 -0.431299 -0.348403 -0.16648 0.0796111 0.013198 0.0598749 -3.8746 -0.691052 0.789653 0.0865525 2.19587 -0.731154 -0.285573 1.12329 -0.410922 -1.55325 -0.312303 0.212352 0.0204415 14.3867 3.20826 -5.18603 -2.99682 -3.54774 -0.128061 -4.40331 2.24183 5.74539 2.62605 0.66504 -0.15647 -2.11233 
3.62482 0.118137 -0.145866 -0.438091 -0.170109 -0.113673 -0.158185 -0.361176 -0.26746 -0.233518 0.0115971 0.104856 0.00694172 4.22306 0.390897 -1.96698 -0.36751 1.12219 -1.64991 -1.06847 1.111 2.11871 -0.473616 0.0334835 -0.0510417 -0.419071 15.6307 2.80672 -5.4729 -2.14248 -2.52599 -1.81401 -3.60985 1.87111 4.94793 2.6925 1.60494 -0.924973 -2.07054 
3.87997 0.109693 -0.271338 -0.471965 -0.19232 -0.175294 -0.206466 -0.22966 -0.244353 -0.16939 -0.0100431 0.0674547 -0.0270947 11.3027 1.14199 -4.15787 -0.748007 0.026921 -2.55799 -1.88661 1.69954 3.83451 0.654471 0.16678 -0.446479 -0.477404 12.0028 1.61372 -3.93487 -0.0829169 -0.755348 -2.80881 -1.36125 0.323043 3.29924 1.55883 1.40138 -1.23752 -0.8544 
4.14832 0.169004 -0.385231 -0.558765 -0.245413 -0.146969 -0.364601 -0.186614 -0.0718142 -0.144706 0.0963756 0.0227656 -0.0761239 14.9397 1.53321 -5.47172 -0.794684 -0.936061 -3.17146 -2.91977 2.5542 5.24456 1.09871 0.496655 -0.944661 -0.69789 6.31798 -0.351714 -1.61695 2.11438 0.325161 -2.9185 1.50288 -0.547146 0.596195 0.412998 -0.23278 -0.904289 1.07598 
4.80188 0.261406 -0.577702 -0.577613 -0.196525 -0.34183 -0.363642 -0.20853 0.083005 -0.0835448 0.082078 0.0374848 -0.132827 15.0886 1.3576 -5.32403 0.158123 -1.35355 -3.69673 -2.78878 2.93642 5.51322 0.996727 0.156282 -1.05983 -0.425977 -2.03841 -2.01094 1.18639 2.81101 -0.223079 -0.785119 1.9869 -0.0705464 -1.27169 -0.912183 -0.997149 -0.488735 2.20505 
5.15373 0.29248 -0.704729 -0.544036 -0.253034 -0.429493 -0.389918 -0.19189 0.171032 -0.0629323 0.138411 0.0062701 -0.118492 14.5858 0.524272 -4.68068 1.19483 -1.43175 -4.18323 -1.86907 2.86156 4.77042 0.595836 0.111674 -0.893162 0.379008 -9.31891 -2.24389 3.73591 2.37826 -0.679963 1.12864 1.35099 0.863367 -2.24124 -1.80853 -1.63316 0.714522 1.92795 
5.3124 0.250093 -0.763622 -0.4859 -0.228878 -0.5156 -0.409006 -0.0957033 0.206587 -0.0508789 0.0837118 -0.075195 -0.0599632 10.6635 0.0213851 -2.91697 2.23225 -1.74667 -3.67966 -1.44422 2.88637 3.63444 -0.33593 -0.08406 -0.134557 0.934268 -10.7519 -1.56751 4.35044 1.45417 -1.12737 2.04624 0.569145 0.935466 -2.61747 -1.9574 -0.724134 1.85226 0.893515 
5.44097 0.21024 -0.807337 -0.422212 -0.287352 -0.557647 -0.411205 -0.0396568 0.28395 -0.0693782 0.0443026 -0.0715442 -0.0243521 6.19093 -0.714793 -0.996605 3.3245 -2.3096 -3.02914 -0.781056 3.16028 1.53963 -0.845321 -0.297808 0.478511 1.18885 -9.14271 -0.424492 3.99648 0.723239 -1.13169 2.09024 -0.020591 0.401533 -3.09182 -1.37879 0.619825 2.14316 -0.304024 
5.43786 0.181597 -0.76728 -0.356703 -0.356519 -0.566846 -0.421736 -0.00399302 0.330162 -0.120102 0.0367663 -0.0440111 0.00387733 1.55321 -1.31562 0.994829 3.68836 -2.83471 -1.85658 -0.573883 3.10871 -0.372775 -1.23623 0.0360617 0.914944 1.01982 -5.40955 0.20412 2.74571 0.326881 -0.660694 1.27476 0.196622 -0.421904 -3.61323 -0.222132 1.29781 1.48976 -1.2161 
5.3289 0.177487 -0.686545 -0.317036 -0.375839 -0.617036 -0.429356 0.0832803 0.28548 -0.167356 0.0300366 0.0404901 0.0343627 -1.28295 -1.35318 2.38091 3.77605 -3.3799 -1.02565 -0.328167 2.45712 -1.6442 -1.53895 0.605445 1.36345 0.436153 -2.53934 0.168474 1.49543 0.188841 -0.839808 1.10529 0.461249 -1.46774 -3.12868 0.504051 1.72814 0.0122279 -1.55496 
5.2706 0.169141 -0.654153 -0.236111 -0.442591 -0.598111 -0.484584 0.149186 0.244477 -0.216495 0.064879 0.0807236 0.0317201 -3.35773 -1.16629 3.51481 3.57223 -4.01654 -0.458176 -0.258636 1.25538 -2.30888 -1.49116 1.21995 1.61222 -0.0100289 -1.38596 -0.0355203 1.03958 -0.315699 -0.79451 0.712923 0.684822 -2.45561 -1.50873 0.790576 1.15316 -0.971966 -1.11687 
5.22556 0.134125 -0.585222 -0.129565 -0.544952 -0.60546 -0.446256 0.174655 0.103872 -0.186806 0.100746 0.0850584 0.00529115 -5.3766 -1.09591 3.87813 3.51244 -3.84677 -0.28956 -0.527475 0.242249 -2.63314 -1.36638 1.35778 1.31803 0.0216705 -1.97107 0.0202402 0.450489 -0.705096 -0.283459 0.353461 -0.0557939 -2.83129 0.953199 0.233401 0.170814 -1.03344 0.00162833 
5.18523 0.0999312 -0.503558 -0.117566 -0.557285 -0.617896 -0.422532 0.140559 0.0208531 -0.192396 0.132325 0.101162 -0.0312312 -8.7814 -1.39401 4.15793 2.63145 -2.4912 0.544733 0.0468419 -1.07476 -2.7545 -0.837128 0.993346 0.557074 0.00552736 -5.33124 -0.160517 0.240581 -1.23141 1.45235 0.746151 -0.156574 -2.52494 2.05121 0.11881 -1.06059 -1.07072 1.00446 
5.07789 0.107979 -0.443889 -0.0527459 -0.701387 -0.57746 -0.428577 0.0997427 0.0107411 -0.258721 0.218062 0.105379 -0.0527849 -12.7274 -2.2897 4.63425 1.97972 -0.823617 1.97245 0.202977 -2.20054 -2.34194 -0.42019 0.45143 -0.587104 -0.461205 -9.02012 -1.18746 0.470815 -1.68596 4.26327 1.81604 0.0531736 -1.60011 1.53581 0.599479 -2.15239 -1.43391 0.727171 
4.89743 0.0868895 -0.314696 -0.0363778 -0.779827 -0.592653 -0.456013 0.0184735 0.034331 -0.240653 0.192922 0.111438 -0.0163237 -16.5905 -4.64407 4.36628 1.05152 1.1291 3.55133 0.46608 -2.27859 -2.37119 0.0965508 -0.524424 -1.21275 -0.116904 -10.2418 -3.71567 -0.162444 -1.78742 5.81657 3.65181 0.633938 0.0672731 -0.212229 1.0661 -2.28705 -1.7232 -0.010711 
4.649 0.0593503 -0.33622 0.0538735 -0.740115 -0.625524 -0.533269 -0.00201883 0.0408128 -0.280902 0.155758 0.103822 0.0555279 -18.1264 -7.26728 3.85064 -0.123153 2.64762 5.07158 0.286083 -1.30789 -1.82653 0.309039 -1.10336 -1.60872 0.390517 -6.18664 -6.32784 -0.509475 -2.12932 4.6033 4.555 0.962218 2.07856 -1.24597 1.35376 -1.4309 -1.39766 -0.453118 
3.97594 -0.0306397 -0.195603 -0.096093 -0.498387 -0.434026 -0.350797 -0.124624 -0.0466069 -0.214166 0.0974618 0.0273213 0.0279262 -16.5436 -9.50653 2.90919 -1.25468 3.24065 5.49428 0.437747 0.707856 -1.03142 0.428604 -1.57688 -1.76326 0.922528 4.18676 -6.80622 -1.95603 -1.7817 0.66494 2.26459 -0.0998697 4.70431 -0.00277797 0.4045 -0.189449 -0.0944284 0.386054 
3.47828 -0.204454 -0.0436119 -0.0391357 -0.38668 -0.243268 -0.427076 -0.142639 -0.0535312 -0.215037 0.0758021 -0.0781849 -0.106938 -12.2108 -10.8061 1.92288 -1.97285 3.28721 4.87896 0.0348064 1.92352 -0.835702 0.653252 -1.42989 -1.5047 1.31601 14.5362 -3.85122 -3.12696 -1.52474 -3.21607 -1.82791 -0.851829 4.99152 1.45272 -0.424938 1.12729 1.45777 1.83111 
3.14529 -0.660499 -0.149684 -0.0784443 -0.298787 -0.0618419 -0.392144 -0.0244596 -0.204056 -0.154753 -0.0145113 -0.0627225 0.0300093 -6.18238 -10.7953 0.615999 -2.78764 2.43471 4.52856 -0.192348 2.34818 -0.250361 0.916866 -1.16716 -0.882557 1.40957 19.6377 2.05447 -2.63594 -1.13197 -4.88715 -4.84783 -1.45053 2.02551 2.96096 -0.566869 1.61765 2.13157 1.44748 
3.25408 -0.926773 -0.117879 -0.181571 -0.304634 0.0386419 -0.424581 0.128413 -0.131708 -0.166241 0.0300271 -0.081398 0.0730043 -0.10726 -9.86845 -0.0712963 -3.08757 1.39756 3.67991 -0.508077 2.07638 0.362536 0.683822 -1.09962 0.00136194 1.76017 15.685 6.35471 -1.82686 -0.0802718 -3.37986 -4.83035 -1.19002 -2.33596 2.15913 -0.417041 0.697353 2.18059 0.646924 
3.58594 -1.06099 -0.176426 -0.290331 -0.373566 -0.0673714 -0.374575 0.352642 0.0126145 -0.214021 0.00283519 -0.066989 0.122509 5.06732 -7.46347 -0.417802 -2.5054 0.312091 1.60968 -0.565734 2.2179 0.753462 0.217277 -0.971571 0.638377 1.93286 5.47368 7.64283 0.357111 0.902323 -0.259268 -2.28302 0.100753 -5.02932 -0.0725892 0.00569113 -0.363635 1.18463 -0.68784 
3.91394 -1.0821 -0.187521 -0.242183 -0.451922 -0.176809 -0.524961 0.239741 -0.0562747 -0.187566 0.0940133 -0.0218558 0.162835 7.05321 -4.37338 -0.769036 -2.55079 -0.404309 0.0753111 0.799525 0.492547 0.431771 0.838281 -0.774463 1.06195 1.70035 -4.10821 5.99964 1.33595 1.25659 1.53094 -0.0856585 2.38178 -4.34212 -1.53526 0.524562 -1.16185 -0.0541983 -1.60971 
4.15418 -1.06009 -0.263242 -0.378517 -0.470217 -0.0508543 -0.499065 0.117803 0.0344896 -0.0937107 0.00619778 0.0330154 0.163311 6.71732 -1.48158 -0.752985 -1.78854 -0.318357 -0.671396 2.17334 -0.938821 -0.180276 0.766815 -0.697916 0.444304 0.854524 -8.77279 2.91663 0.898055 1.64856 1.7946 0.0792781 4.20067 -1.5902 -3.0536 0.428344 -0.584134 -1.43774 -1.36804 
4.16051 -1.09673 -0.224674 -0.351705 -0.360536 -0.024772 -0.504537 0.04979 0.0178287 -0.199207 -0.0641411 0.0727938 0.236021 4.46984 0.29152 -0.726423 -0.964672 0.100746 -1.17523 2.78913 -1.56163 -0.988304 1.20542 -0.80206 0.326766 0.142466 -6.99282 1.22865 -0.0808313 1.14876 0.376264 -0.698542 3.65534 0.976491 -2.24242 0.95705 0.661469 -1.86829 -1.56204 
4.06169 -0.988674 -0.0900672 -0.322827 -0.317435 -0.14711 -0.355579 0.186565 -0.0498923 -0.19691 -0.0668246 0.0109271 0.164813 1.85268 0.884949 -0.515057 -0.662618 0.266587 -0.750049 2.8378 -2.10841 -1.67961 1.12055 -1.17416 0.142342 0.154684 -2.42529 -0.263268 -1.35715 0.391697 -0.947088 -0.599312 0.518818 1.22499 -0.6212 0.398453 0.579359 -0.824212 -0.288123 
3.959 -0.966917 -0.205482 -0.386434 -0.421657 -0.132911 -0.183518 -0.0797502 -0.141448 0.012556 -0.0323351 0.0299687 0.125339 0.53969 1.0275 -0.924746 -0.699509 0.525377 -0.812322 2.79236 -1.89897 -1.18161 0.459882 -1.28632 0.650267 0.253316 1.65615 -0.572961 -1.10128 0.0666769 -0.657151 -0.326013 -3.34004 0.958472 1.32902 -1.39857 0.051777 1.10446 0.978318 
3.99641 -1.03329 -0.306119 -0.328303 -0.341521 -0.0991661 -0.0442108 0.0274835 -0.229092 -0.102793 -0.0678502 -0.097792 0.164941 0.168108 1.08275 -0.979844 0.343887 0.0396731 -1.43807 1.92509 -1.74036 -0.703246 1.04705 -0.831094 0.834234 0.233895 2.66178 -0.016279 -0.183984 0.004062 -0.65516 0.0366681 -4.8024 -0.673381 3.03764 -0.653882 -0.424801 2.69562 1.18686 
4.06428 -0.950116 -0.236528 -0.336057 -0.356809 -0.229205 -0.181665 0.12443 -0.133822 -0.0225688 -0.036044 0.00300568 0.0951694 2.54105 3.25727 -0.366388 1.13558 -0.84242 -0.869044 0.778216 -1.98918 0.220446 1.28851 -0.459681 0.247895 -0.292961 3.14771 2.21978 1.1867 1.43936 -0.566397 0.877447 -3.18778 -1.79257 2.5626 -0.293028 -0.154396 1.061 0.433912 
4.06562 -0.984595 -0.251795 -0.402005 -0.427321 -0.164396 -0.230278 -0.0104341 -0.177518 -0.10603 -0.164089 0.0260604 0.238785 5.56629 5.87202 -0.515587 1.12314 -1.25126 -0.655754 -1.64623 -2.07036 1.36035 1.47705 -0.599227 0.199904 -0.0617585 4.4602 6.05593 1.70197 2.0201 -0.751186 0.418321 -1.75731 -0.682645 1.82962 1.55681 0.790115 -1.32677 -1.36499 
4.17972 -0.943999 -0.367353 -0.405899 -0.348591 -0.204503 -0.26774 -0.136374 -0.0720474 -0.175204 -0.113644 0.208001 0.239952 7.21714 8.34677 -0.175278 1.20926 -1.55749 -0.804623 -2.94789 -1.64008 2.30661 1.03982 -0.612393 -0.0371021 -0.316979 4.56168 7.80244 1.12663 1.03283 -1.4979 0.364467 -0.871081 0.388118 0.548481 1.99448 0.688054 -3.27155 -1.86207 
4.15352 -0.910189 -0.312569 -0.224905 -0.430526 -0.242858 -0.258505 -0.130209 -0.0120086 0.113392 -0.114889 0.139342 0.189392 6.4093 10.1038 -0.481174 0.89441 -1.61051 -0.475722 -3.1383 -2.0231 2.95419 0.874426 -0.369491 -0.0565661 -0.861763 1.91303 6.08661 -0.761877 -1.25208 -0.334334 0.270466 -0.513644 1.52338 0.0511003 -1.03544 0.240624 -2.34393 -1.17209 
4.59925 -0.364907 -0.0820404 -0.113093 -0.501405 -0.118119 -0.294161 -0.172134 -0.00306651 -0.015115 -0.078299 -0.0815233 0.0685782 2.9857 9.59293 -0.126534 0.352392 -0.496811 -0.178276 -1.57223 -1.56061 2.10587 0.478716 -0.108159 -0.559557 -1.22761 -6.57923 -1.1207 -1.82553 -3.16453 1.6807 -0.508606 1.08705 1.68535 -0.589196 -1.90808 -0.0553702 0.817508 -0.0887752 
4.86567 -0.0352539 -0.275614 -0.281287 -0.52799 -0.256472 -0.55549 -0.11769 0.0624237 0.123172 -0.139239 -0.0252939 0.143522 -0.383625 7.04425 0.524208 0.183667 0.721002 0.0718158 -0.321734 -0.564304 0.710791 0.138962 0.655606 -0.921339 -1.5219 -13.263 -9.2374 -0.0867532 -2.12437 3.52349 0.71475 4.1931 0.76828 -2.59549 -2.94299 0.473356 1.78949 0.531529 
4.82189 0.0600429 -0.334231 -0.275138 -0.598078 -0.252015 -0.473726 -0.202665 0.109813 0.0444552 -0.123064 -0.0197364 0.0878019 -4.49725 3.05142 0.383899 -0.812493 1.17394 0.490048 0.871326 0.873998 -0.0206077 -0.914855 0.629395 -1.29363 -1.3062 -13.7098 -13.4188 1.26311 -0.870156 3.86178 1.08809 4.6878 1.56335 -3.11977 -2.00433 0.991345 1.30113 0.677877 
4.52562 0.115598 -0.412555 -0.283951 -0.474659 -0.176547 -0.440529 -0.170402 0.189513 -0.0890782 -0.116219 0.0031813 0.0455008 -7.72534 -1.43119 -0.39403 -1.86374 1.72726 0.793533 1.73704 1.36162 -0.173651 -1.85004 0.72532 -0.53216 -0.793534 -7.49208 -12.4197 1.54165 0.190033 1.13819 0.951425 3.01173 1.86577 -2.16084 0.125207 0.782442 -0.250813 0.756587 
3.96658 -0.0977827 -0.173392 -0.387785 -0.296399 -0.237501 -0.239795 -0.11573 0.0078344 -0.0278789 -0.0881888 0.0353036 0.0207728 -10.1025 -5.8602 -0.729532 -1.44807 1.89222 0.747308 2.78926 1.32844 -0.969164 -1.30792 0.700922 0.0903485 0.0903819 2.51121 -5.92475 -0.610158 1.06852 -2.06627 0.791733 -0.190934 0.825199 0.131045 0.685637 -0.00260331 -1.01556 1.13587 
3.88786 -0.477325 -0.153174 -0.299639 -0.23998 -0.121375 -0.195766 -0.139263 -0.188712 -0.0954416 -0.0074229 -0.0221175 0.0898343 -9.90773 -7.59725 -0.256878 -0.710509 1.60982 1.15018 3.00061 1.20196 -1.49484 -0.948277 1.24435 0.255799 0.0796143 7.39804 1.35354 -2.38332 0.63111 -3.36359 -0.616534 -2.57963 -0.399199 1.91716 2.08769 -0.56212 0.332072 0.94654 
3.656 -0.677066 -0.311014 -0.41496 -0.313852 -0.133393 -0.152885 0.0738929 0.0181057 -0.187848 -0.0377047 -0.0598427 0.0364801 -7.58121 -7.56208 -0.621435 -0.917358 1.24649 1.12117 1.97861 1.226 -1.36736 -0.0144774 1.10782 -0.0121941 0.164963 8.17035 5.53265 -1.51078 0.838508 -2.1021 -0.63683 -2.78359 -2.28983 0.877304 2.33064 -0.249473 0.86825 0.242823 
3.63235 -0.773376 -0.340776 -0.427103 -0.358801 -0.104196 -0.168547 0.0147301 0.0797624 -0.0921783 -0.0386318 -0.0253062 0.0586837 -4.30108 -6.10333 -0.720153 -0.471736 0.367452 0.514355 0.6675 0.761082 -1.34512 0.463847 1.1697 -0.0728243 0.1439 5.31806 6.20743 0.0669038 0.529151 0.133325 -0.827797 -2.40249 -1.77067 -0.542343 1.04575 0.283676 0.592042 -0.684222 
3.74098 -0.75958 -0.292006 -0.291914 -0.356025 -0.118603 -0.108665 -0.0854038 -0.117951 -0.0628386 -0.0484027 -0.0325491 0.16938 -1.43811 -3.80198 -1.42103 0.235062 -0.492891 -0.0316382 -0.340868 0.24431 -0.328378 0.582636 1.15568 0.500144 -0.00908043 1.55503 3.65977 1.09927 -0.0579374 0.966927 -1.13016 -1.39835 -0.396803 -0.259523 -0.0578059 0.628595 0.456772 -1.41895 
3.72369 -0.730542 -0.372986 -0.367963 -0.360641 -0.13119 -0.236852 -0.0451179 -0.0881551 0.00811609 0.0644379 0.0862958 0.0917238 0.0110235 -1.42982 -0.896733 -0.106402 -0.806033 -0.755095 -0.432606 0.0631937 0.582941 0.909887 0.841915 0.912933 -0.338402 0.607 1.17138 1.30362 0.212067 0.162453 -1.01663 0.220857 0.423905 0.902193 -1.21124 -0.106756 -0.140406 -0.744547 
3.7047 -0.790962 -0.413058 -0.457538 -0.312452 -0.0694834 -0.204202 -0.043789 -0.0280022 -0.0153958 0.00630836 -0.0503972 0.0278595 1.64698 -0.0195322 -0.343525 -0.133497 -0.625509 -0.753184 0.227695 -0.689573 0.240395 1.07931 0.79111 0.885236 -0.504099 0.926037 0.743242 0.716955 -0.0417104 -1.07124 -0.93535 1.7413 0.572994 1.95618 -0.806184 -0.60053 0.384682 -0.0689963 
3.70759 -0.743115 -0.307689 -0.346169 -0.299882 -0.172762 -0.290861 -0.041336 -0.136154 -0.06551 0.0720778 -0.0117792 0.0419912 2.7882 0.985997 -0.41827 0.0491031 -0.164472 -0.989882 -0.117344 -0.922383 0.231476 0.484756 0.478552 0.690325 -0.510998 2.6513 1.17926 -0.280578 -0.282457 -0.780135 0.0912421 1.78815 -0.808509 1.42162 0.159386 -1.1866 0.158158 0.622645 
3.69506 -0.802695 -0.353688 -0.287618 -0.374935 -0.232077 -0.210957 -0.0542948 -0.0486457 -0.0159686 0.0933313 0.119963 0.0504353 4.22819 1.89483 -0.490802 0.741343 0.779069 -0.620859 -0.223082 -1.14816 1.09382 0.0644345 -0.0974952 0.0760904 -0.707626 4.27906 2.42574 -0.577526 0.632718 1.41612 1.15595 0.233237 -1.68897 -0.235195 -0.00659368 -1.36086 -1.21988 0.633572 
3.83276 -0.747843 -0.331632 -0.420807 -0.436029 -0.214133 -0.175323 -0.00969471 0.0925573 -0.0220746 0.0357463 0.0689603 0.0384937 8.41998 4.89664 -1.14933 0.174119 1.29188 -0.917905 -0.656955 -1.45751 1.13969 0.0109593 -0.578853 -0.245918 -0.619789 6.3517 4.6758 -1.61061 0.533577 3.0755 0.816925 -2.29108 -1.50413 -1.06085 -0.115986 -0.649848 -1.30643 -0.152872 
3.94442 -0.676398 -0.389237 -0.460652 -0.418043 -0.172106 -0.0262317 -0.0966817 0.0459552 0.0243736 0.0315123 0.0390293 -0.00249677 11.7608 7.80763 -2.48965 -0.766638 1.95705 -1.69804 -1.71492 -1.49394 1.40288 -0.17054 0.105234 -0.120384 -0.735375 7.60139 6.35114 -2.30291 -0.732978 3.17101 -0.805995 -3.96082 -0.142754 -0.269796 -0.807693 0.485568 -1.06782 -0.63958 
4.1247 -0.577679 -0.40794 -0.304331 -0.30009 -0.229419 -0.288784 -0.222492 -0.0704938 -0.0211599 0.0136602 0.0596691 0.0808127 13.2645 9.76014 -3.75469 -2.18103 2.90657 -2.19885 -2.48886 -1.14277 1.65016 -0.0907645 0.387333 -0.609106 -1.02391 5.62088 6.20494 -2.61776 -3.19194 1.51916 -2.49419 -2.70845 1.7321 0.892022 -0.479606 1.84629 -0.102916 -1.11502 
4.34613 -0.45662 -0.394416 -0.134085 -0.119838 -0.138491 -0.243356 -0.220877 0.0481023 -0.0555165 -0.0382122 -0.0584546 0.0167091 13.4779 10.7015 -4.06315 -2.781 3.59299 -2.80616 -3.49115 -0.698715 1.23477 -0.0194507 0.694666 -0.997007 -1.15203 0.420393 2.76366 -2.16654 -4.49829 -0.677193 -3.2127 -1.12379 2.32427 0.926304 0.415762 2.13429 0.884599 -0.595363 
5.07673 0.128571 -0.615288 -0.544683 -0.171251 -0.295574 -0.418945 -0.175505 0.0832081 0.00868584 -0.00222129 0.0153685 -0.0610385 12.3411 10.1401 -4.09674 -2.70655 3.53652 -3.1546 -3.99121 -0.398639 1.30993 -0.030321 1.14501 -0.810812 -1.08326 -6.87796 -3.70341 0.47658 -1.31977 -1.30378 -1.17798 0.908063 1.49945 0.440574 0.508701 0.992645 0.246925 0.368307 
5.21954 0.291603 -0.765331 -0.606198 -0.0811961 -0.444854 -0.492305 -0.180157 0.150586 -0.0941325 0.159634 -0.00932249 -0.0724288 10.5542 8.60198 -3.62403 -2.72915 2.60337 -3.07162 -4.03277 0.205809 2.02243 -0.2518 1.37176 -0.811659 -0.896018 -9.14444 -7.46422 2.70248 2.12665 -1.89092 1.56446 1.77516 0.0949774 -0.287672 0.610907 -0.742413 -0.156163 0.999607 
5.15794 0.383045 -0.794506 -0.672194 -0.000483817 -0.530573 -0.525972 -0.118678 0.131101 -0.0249859 0.155599 -0.0159248 -0.0768726 7.96102 6.26555 -3.02197 -2.51356 1.28229 -2.69575 -2.76304 0.468061 2.41555 -0.287345 1.474 -0.788343 -0.833256 -6.54892 -7.71872 3.25466 4.37993 -2.25728 2.98905 1.45282 -1.07615 0.0238697 -0.499839 -1.28374 -0.362022 1.14999 
5.19508 0.36395 -0.782435 -0.661467 -0.00397848 -0.543374 -0.555182 -0.117246 0.140399 0.0331438 0.117018 -0.0303742 -0.0806187 5.1343 3.12719 -1.7884 -1.36604 0.0595018 -2.43675 -2.00603 0.334275 1.73715 -0.419717 1.12916 -0.297988 -0.272531 -2.52579 -5.26097 2.52762 3.8521 -2.22033 2.51774 1.77511 -0.907833 0.268585 -1.24262 -1.03098 -0.0482056 0.612193 
5.24507 0.339507 -0.774908 -0.644875 -0.0219118 -0.497165 -0.595582 -0.156019 0.22279 -0.0246655 0.137439 -0.0561761 -0.0726024 1.87189 -0.169166 -0.224328 1.21074 -0.522598 -1.46391 -0.641979 0.134839 1.33111 -0.805226 0.374893 -0.241164 0.13295 0.0317001 -2.08135 1.19619 2.00767 -1.89396 0.412256 1.77069 -0.130389 -0.631838 -0.960458 -0.661427 0.899478 0.174211 
5.29792 0.312305 -0.781205 -0.591963 -0.0764562 -0.478011 -0.621657 -0.161107 0.27348 -0.0718594 0.164547 -0.0832185 -0.0588174 0.871613 -1.35941 0.676973 2.48678 -1.58611 -0.583123 0.299651 -0.161881 1.07485 -1.00571 -0.570828 0.352113 0.211386 -1.08178 -0.832247 0.719226 1.52328 -0.91841 -0.618038 2.00997 0.175255 -1.27344 -0.600592 -0.77773 1.48503 -0.0202288 
5.32305 0.28846 -0.789254 -0.5254 -0.106028 -0.523291 -0.591782 -0.175775 0.297116 -0.0958824 0.170915 -0.0778084 -0.063027 -0.341562 -2.42261 1.48764 3.31469 -2.00625 0.180287 0.963661 -0.0460641 0.425269 -1.17377 -1.20295 0.656155 0.599318 -3.12743 -0.680669 1.13568 1.04138 -0.130406 0.21165 1.58135 0.583868 -1.81416 0.371925 -1.56825 1.31316 0.296409 
5.38399 0.205795 -0.708003 -0.504005 -0.150893 -0.568664 -0.533158 -0.137295 0.23759 -0.0932363 0.11631 -0.0160581 -0.0578055 -2.47424 -4.22083 2.99904 4.17882 -2.33274 0.997702 1.78064 0.411842 -0.226413 -0.724485 -1.95634 1.02615 1.16262 -4.87803 -2.13428 2.1527 1.28888 0.00207489 2.03559 0.92314 0.575201 -1.29748 1.11871 -1.87415 0.48303 0.949547 
5.3131 0.210839 -0.717299 -0.409415 -0.178736 -0.588675 -0.499276 -0.134427 0.234455 -0.131594 0.104455 0.00428192 -0.0511416 -4.64545 -6.93551 4.11916 5.042 -2.43582 2.5447 3.40915 0.811463 -1.73862 -0.635843 -2.20294 1.00973 1.12073 -5.15465 -5.12545 3.08659 1.39784 -0.0890018 4.00827 1.4514 0.664989 -1.55978 0.962223 -1.14993 -0.524218 0.965101 
5.20713 0.172744 -0.687622 -0.290186 -0.249549 -0.527882 -0.449376 -0.193851 0.274606 -0.184609 0.0472705 0.0618006 -0.052681 -6.12787 -9.46143 4.73506 4.20818 -3.30937 3.49374 3.42626 1.5214 -2.39054 -1.10767 -2.24186 0.990227 1.51282 -3.52667 -7.13521 2.58626 -0.145323 -1.00293 3.74402 1.16198 1.37823 -1.77831 -0.074843 0.25481 -1.11683 0.80511 
5.00798 0.0117572 -0.54081 -0.261702 -0.220848 -0.428702 -0.434689 -0.0894882 0.139902 -0.0963043 -0.0642773 0.0319637 0.0410202 -6.65431 -11.1464 5.11668 3.01872 -3.27013 4.89049 3.03245 1.92477 -2.29673 -0.913366 -1.39709 0.845131 1.41484 -0.179754 -5.81992 0.527087 -2.30033 -1.34575 2.26457 0.235995 1.0619 -0.519038 -1.19059 2.31202 -0.675691 -0.369598 
4.80222 -0.35626 -0.273028 -0.0840263 -0.333239 -0.304014 -0.339957 -0.058148 0.161063 -0.0289455 -0.145526 0.067027 0.11878 -6.79319 -11.643 4.98554 2.04892 -2.72686 5.45317 2.30481 2.33082 -1.98487 -0.937854 -0.886803 0.37326 1.44764 2.77929 -0.82069 -2.0537 -4.38938 -0.009601 -0.0502628 -1.82109 0.845753 0.709932 -1.46416 2.93181 -0.322999 -1.03244 
4.65724 -0.746333 -0.255568 0.0493695 -0.356207 -0.0489771 -0.0540606 -0.059377 -0.0581991 -0.192757 -0.0458846 0.00922175 0.0210763 -6.42937 -11.3013 5.00118 0.779217 -1.78377 4.65655 0.826855 2.2947 -2.09591 -0.455428 -0.523707 0.137823 1.41558 3.31194 4.88576 -2.46977 -4.41142 2.07659 -2.98997 -4.68447 0.0332148 2.17408 0.46262 1.53314 0.106536 -0.463682 
4.63248 -0.946161 -0.259314 -0.217912 -0.614465 -0.132629 -0.281131 0.0811348 0.00423257 -0.317088 -0.0602179 0.0506025 0.144978 -5.76371 -10.0856 3.98197 -0.805329 -1.37565 3.00795 -0.81515 2.26098 -2.07883 0.149026 0.430739 -0.208373 1.58009 1.65586 7.11032 -1.7632 -1.87233 3.70907 -4.03315 -4.32556 -1.15258 1.25574 2.57794 0.25492 -0.211976 0.015823 
4.65227 -1.02332 -0.181115 -0.266222 -0.466225 0.0464893 -0.272651 0.0701425 0.0726632 -0.16467 0.0774071 0.0797023 0.0596205 -4.38319 -7.81115 2.57264 -1.63768 -1.4196 0.596816 -1.70361 2.08503 -1.64027 0.394194 1.26448 -0.136733 1.28233 -0.0122108 5.67255 -1.18015 0.0798327 1.78065 -5.37918 -2.69607 -0.847087 -0.579701 2.57572 -0.700179 -0.531644 0.931359 
4.55633 -1.03035 -0.149222 -0.213075 -0.400695 0.0256974 -0.306204 0.146962 0.047427 -0.21254 -0.0359592 0.0319761 0.127189 -2.76666 -4.358 0.815436 -1.41654 0.635387 -1.18992 -2.05469 1.61911 -2.54694 0.0451246 1.17546 -0.341657 1.26593 0.625168 3.31091 -1.61947 1.76574 0.535287 -4.32684 0.470578 -0.941635 -2.1376 0.721655 -0.0511121 -0.322529 0.548339 
4.41415 -1.04715 -0.0540799 -0.236712 -0.318325 -0.120164 -0.495666 0.0690009 -0.046311 -0.118284 -0.0562192 0.0413428 0.152001 -3.39972 -0.585504 0.159659 0.0421421 2.203 -2.71666 -0.985045 1.25903 -2.65161 0.832849 0.33529 -0.903766 0.992206 0.859795 3.213 -2.69693 3.17461 0.74718 -1.71979 4.63319 -0.256127 -2.40491 -1.59676 0.0529631 -0.797533 -0.755567 
4.33576 -1.14818 -0.137692 -0.366838 -0.459122 -0.19602 -0.56966 0.117592 -0.0813399 -0.0460923 0.0633051 0.00257844 0.245265 -9.71745 1.98451 0.191512 1.23637 3.05508 -2.04792 0.663219 0.27191 -2.45253 1.00008 0.431645 -1.30814 -0.0260165 -5.46571 4.945 -1.41084 3.0834 2.02712 1.3801 5.33519 -0.587074 -0.242799 -2.11401 -0.618574 -0.714949 -2.12046 
4.40261 -1.17564 -0.127418 -0.317182 -0.553718 -0.364482 -0.461243 0.219319 -0.105106 -0.048269 0.0943205 0.034713 0.205724 -12.8323 3.77861 -0.611227 -0.00579913 3.21084 -1.80152 2.27516 -1.13785 -2.34776 0.302592 0.373499 -1.28314 -0.354301 -11.4784 5.61558 -0.133709 0.212179 3.24784 4.29925 4.37587 -2.58613 1.79101 -0.843265 -0.501833 -0.574578 -2.50852 
4.50941 -1.01682 -0.257851 -0.0961618 -0.140905 -0.291506 -0.348224 0.119663 -0.367961 -0.273125 0.0148306 -0.00390381 0.223539 -11.7338 4.96963 -0.971436 -1.57105 3.65722 -0.938595 3.71503 -2.81367 -2.20884 0.117331 1.01629 -0.891946 -0.958314 -9.74449 3.39981 1.07381 -4.6127 0.616701 3.5656 1.6302 -3.70484 3.0918 0.878415 0.362962 0.357299 -1.50919 
4.07958 -0.734104 -0.246481 0.0325128 -0.102272 -0.34807 -0.0898425 0.159238 -0.320879 -0.11733 -0.0516212 -0.145996 0.107636 -9.7521 6.38979 -1.68476 -1.09351 2.43502 0.0715716 4.28184 -3.80503 -1.58553 0.108216 1.05891 -0.657602 -1.12704 2.11864 0.0902417 0.238316 -5.77847 -2.52805 1.57082 -1.89787 -4.13653 1.80034 1.12168 1.4412 1.7333 0.48911 
2.65898 -0.641596 -0.089762 -0.171209 -0.194706 -0.129008 -0.240029 0.0583603 -0.0913495 -0.0897831 0.0814347 -0.0875622 0.0408565 -3.26034 6.25271 -2.54405 -0.66047 0.191294 0.938125 4.28683 -3.7853 -0.806558 0.487219 0.36342 -0.767095 -1.24085 22.0683 -2.60374 -2.5549 -1.61994 -5.87261 -0.976307 -1.92287 -1.06531 -0.362424 0.945331 0.458131 1.07273 1.81309 
2.99108 -0.559604 -0.252276 -0.501353 -0.00558794 -0.150038 -0.0117625 -0.193504 -0.201256 -0.124809 0.0925562 -0.0561402 0.0634087 3.29912 5.05096 -3.20965 -1.34492 -2.7986 1.00036 3.54848 -3.55311 0.0338323 1.72845 0.398907 -0.938708 -0.791973 27.4786 -3.75884 -3.00627 4.04639 -8.39461 -1.90932 -1.87415 3.08092 -0.335808 1.317 -0.852484 -0.27815 1.55946 
3.60934 -0.51728 -0.237633 -0.592597 0.0339876 -0.224155 0.00195927 -0.314941 -0.329625 -0.139204 0.133953 -0.0276506 0.0807815 8.13558 3.26343 -2.61394 -1.38009 -5.49394 0.520913 2.49705 -2.33535 1.38955 2.68308 0.281718 -0.367338 -0.381708 17.4375 -3.46677 -1.6205 6.03276 -6.64599 -0.91069 -1.05271 5.27068 1.2335 1.47263 -1.97914 -1.08254 0.740755 
3.68932 -0.324696 -0.379907 -0.229924 -0.340018 -0.229016 -0.10571 -0.33612 -0.277557 -0.0289622 0.139753 -0.0340448 0.110433 12.629 1.56118 -2.2198 0.515001 -4.93214 0.116118 1.45599 -0.519037 1.12608 1.61435 0.43044 0.611794 -0.467385 0.889208 -3.05589 2.09337 3.33835 -0.305429 -0.26823 -0.18193 5.47251 2.22706 0.379436 -1.12987 -0.0687807 -0.918748 
4.7778 -0.516597 -0.592998 -0.215715 -0.683191 -0.146271 0.0407849 -0.106665 -0.202715 -0.00385824 0.0244801 -0.148218 0.0889557 16.682 2.50774 -1.76425 1.8934 -3.9211 -0.834055 1.24026 1.60425 0.205048 0.854486 -0.771828 0.92767 -1.09304 -14.2068 0.661925 5.03159 -0.0493776 6.62889 -0.175151 -1.27066 2.83023 0.787462 -1.96008 0.0188179 2.27589 -1.95995 
4.98363 -0.523844 -0.57479 -0.327181 -0.784954 -0.259058 0.0815566 -0.158208 -0.182675 0.150066 0.0779935 -0.162682 0.0972884 14.9868 3.12073 -0.900087 2.38434 -3.1817 -1.29845 0.17692 3.18452 0.512248 0.413753 -1.69991 1.5994 -1.61098 -11.6603 3.67871 3.69582 -1.72279 9.26084 -0.777711 -1.33724 0.88371 -1.71481 -3.84774 -0.700889 3.24807 -2.01117 
4.63129 -0.47988 -0.381579 -0.217017 -0.674528 -0.199661 0.0305693 -0.107924 -0.0494686 0.130176 0.00472711 -0.0584197 0.100067 12.7182 3.73507 -1.4063 1.87142 -1.56972 -1.52526 -0.220291 3.65168 0.978685 -0.655806 -2.13622 2.07134 -1.82507 -1.3179 4.5345 -0.662826 -2.08318 5.37594 -1.56733 -1.45127 -0.432925 -2.57509 -3.43902 -1.13815 1.97389 -1.01915 
4.46921 -0.483148 -0.33247 0.0143125 -0.406463 -0.231012 0.0148411 0.0844748 -0.111788 -0.0499855 0.148169 0.0685084 -0.0726013 11.6489 3.67467 -1.27826 0.274124 0.829491 -1.96437 -0.415207 3.28202 0.637996 -1.5006 -2.37732 2.59556 -1.68737 6.67482 2.40666 -4.20793 -2.17532 -0.974505 -1.26721 -0.97832 -1.62218 -0.787831 -0.748369 -1.93934 -0.227733 1.23591 
4.88633 -0.0409152 -0.349985 -0.248084 -0.408833 -0.281528 -0.0110377 0.102953 -0.270987 -0.111726 -0.0731791 0.0984128 -0.136752 8.8952 4.19555 -1.4118 -0.135555 1.92822 -2.17845 -1.06453 2.47154 0.279167 -1.75833 -2.41822 2.91624 -1.25309 6.66165 -2.93989 -4.45143 -1.00724 -3.53913 -0.190144 0.0845527 -1.47086 1.45191 1.30623 -0.552269 -1.62089 2.49477 
5.42672 -0.066649 -0.469608 -0.285446 -0.43784 -0.417276 -0.0155063 0.0792218 -0.238368 -0.0649759 -0.176342 0.175436 -0.0874455 9.3411 3.78519 -2.62008 -0.323996 1.27278 -1.63758 -0.972317 2.16011 0.321737 -1.77963 -2.74093 2.21187 -0.60308 -1.68136 -4.29395 -1.61805 -0.121271 -2.7491 1.24643 0.522853 -1.28308 1.84943 2.0444 0.963924 -2.09302 2.30842 
5.56019 -0.0250627 -0.70402 -0.152291 -0.516877 -0.403658 -0.0781759 0.120992 -0.0979309 -0.172198 -0.131746 0.151961 -0.071751 10.0531 2.86475 -3.58994 -1.29305 0.200988 -1.36036 -0.764052 1.52501 0.418787 -0.997729 -2.6223 1.18811 0.26186 -7.53087 -3.402 1.73684 -0.16013 -0.344408 2.04512 0.700987 -0.631667 0.733013 1.83639 1.01489 -1.51492 1.36543 
5.72946 -0.113019 -0.676696 -0.222063 -0.497361 -0.427492 -0.0613576 0.142209 -0.113419 -0.10986 -0.190764 0.181444 -0.0393081 8.04779 1.74641 -3.45484 -1.74709 -0.422846 -0.813944 -0.516331 0.608414 1.09581 0.0194819 -2.71669 0.438108 1.12943 -8.34395 -0.863743 2.2734 -0.186152 1.17373 1.69858 0.565198 -0.361669 -0.319598 0.714456 0.851366 -1.01441 0.122895 
5.73841 -0.107362 -0.674014 -0.285866 -0.487812 -0.415993 -0.0562035 0.172761 -0.128988 -0.0935623 -0.229143 0.190825 -0.0322501 4.12201 0.150174 -2.67659 -0.958413 0.0453214 0.11269 -0.516217 0.423526 1.54709 0.162688 -1.65764 0.078601 1.33072 -5.19509 0.938447 1.63413 -0.571305 1.25272 1.0259 0.0384985 -0.727235 -0.520405 -0.00454094 0.180402 -0.555907 -0.232395 
5.68998 -0.0459622 -0.749863 -0.262304 -0.534335 -0.377431 -0.0415592 0.137929 -0.0850487 -0.0819816 -0.247728 0.133497 0.0128596 1.07481 0.345876 -1.6865 -1.08644 0.599205 0.949393 -0.374802 -0.0239774 1.1818 0.0191414 -1.25546 -0.131008 1.15871 -2.16985 0.310327 0.884569 0.0182007 1.16406 0.412206 -0.288326 -0.924089 -0.159245 -0.512929 0.393163 0.254995 -0.34956 
5.72726 -0.0467669 -0.752233 -0.329771 -0.474008 -0.360151 -0.0840978 0.182586 -0.0670627 -0.0931202 -0.272337 0.142157 0.0371512 -0.137648 0.376435 -0.790171 -1.2538 1.09476 1.17386 -0.381037 -0.462194 0.741563 0.028006 -1.15154 0.0123686 1.0496 -1.05333 -0.164956 0.368595 0.905456 0.490093 0.421654 -0.344067 -0.968414 0.0139748 -0.881435 0.848131 0.486431 -0.385804 
5.67427 -0.0319242 -0.761868 -0.339372 -0.422312 -0.39237 -0.0519132 0.134557 -0.0596751 -0.0702255 -0.321593 0.156481 0.0193013 -1.35424 0.572287 -0.416332 -1.00015 1.45528 1.36766 -0.58366 -0.801383 0.583825 -0.234474 -0.804059 0.00400116 0.941279 -0.516983 -0.591035 0.881835 0.574427 0.234266 0.45504 -0.295764 -0.600173 -0.478649 -0.487908 0.825784 0.464422 -0.102046 
5.6575 -0.0353272 -0.757538 -0.348441 -0.42134 -0.306304 -0.114775 0.137606 -0.040761 -0.113626 -0.294115 0.149168 0.0483738 -2.87244 0.640579 0.106263 -0.828786 1.97422 1.21424 -0.499117 -0.926381 0.371657 -0.0794311 -0.809694 0.0239971 0.94398 -1.93306 -0.0929426 1.10081 0.191472 0.473289 -0.161208 0.210199 -0.147724 -0.781461 0.331579 0.149149 0.0956257 0.0383616 
5.65282 -0.0281775 -0.788954 -0.34031 -0.400667 -0.284465 -0.0795057 0.0621368 -0.0281503 -0.124048 -0.292217 0.169427 0.0654844 -5.3322 0.46987 0.926895 -0.65068 2.53602 0.793668 -0.488327 -0.649972 0.144989 0.016864 -0.632903 0.20145 0.560508 -4.63711 0.312506 1.40949 0.0105274 0.902044 -0.837629 0.252514 0.692646 -0.634852 0.861199 -0.2791 -0.328432 -0.141611 
5.62763 -0.0341115 -0.772606 -0.326499 -0.37695 -0.268574 -0.12795 0.0839187 -0.026949 -0.147463 -0.292589 0.179148 0.0701317 -8.63911 0.679221 1.94723 0.562212 2.89462 0.269736 -0.75969 -0.958518 0.257851 0.331054 -0.328927 -0.0567918 0.654796 -7.28973 0.555529 1.91714 0.817582 1.4038 -1.50074 -0.0196706 0.586926 -0.0425748 1.08782 -0.209078 -0.514922 -0.182165 
5.51 -0.0366368 -0.685963 -0.397954 -0.296688 -0.256086 -0.12682 0.0576367 -0.0790172 -0.101893 -0.316506 0.171484 0.0901072 -11.5257 0.555616 4.16713 1.16867 2.57214 0.600927 -1.03906 -1.55374 0.416358 0.572479 0.766004 -0.417888 0.340092 -7.98305 0.291982 3.1334 2.12856 0.361474 -0.837871 -0.507936 -0.6176 0.834713 0.637182 1.21639 -0.642468 -0.586726 
5.21046 0.0385247 -0.678415 -0.392726 -0.226432 -0.276206 -0.0882129 0.0688243 -0.0685359 -0.0578591 -0.377201 0.146602 0.117773 -14.8683 -0.365713 5.43724 1.54411 2.17944 0.964372 -0.166753 -1.75027 0.282411 1.11191 1.76665 -0.713324 -0.32588 -6.21079 -1.32766 3.79564 2.24867 -1.30254 1.03918 -0.158294 -1.5503 0.821007 0.183141 3.07844 -0.64409 -1.07844 
4.83413 0.00958881 -0.607688 -0.353952 -0.159921 -0.319546 -0.119808 0.11264 -0.0414784 -0.0799181 -0.33023 0.165529 0.0516776 -17.6594 -1.51093 6.12643 1.45146 1.58634 0.894446 -0.519813 -1.80707 0.241125 1.01579 2.80282 -1.35421 -0.749779 -3.19798 -2.7881 2.63838 0.667941 -2.52998 1.93647 0.367437 -1.78508 0.0990383 -0.0974014 3.48852 -0.951503 -1.07966 
4.45681 0.0570923 -0.446371 -0.14173 -0.0705953 -0.369478 -0.224552 -0.00508942 0.0103567 -0.0365091 -0.300475 0.121942 0.135713 -18.5547 -2.48069 5.98321 0.715486 0.62664 0.299361 -0.765998 -2.79328 -0.353823 0.383183 3.46362 -1.3497 -0.5914 0.247308 -3.59238 -0.400297 -2.55447 -2.95693 0.921486 0.542524 -0.983972 -1.41768 -1.01044 2.25186 -0.504708 -0.716281 
4.20701 0.000622997 -0.067642 -0.178861 -0.200339 -0.175309 -0.219128 -0.168333 0.023137 -0.0294089 -0.0851621 0.082514 0.0338131 -17.686 -3.63614 5.61457 0.45921 -0.298376 0.79985 -0.65555 -2.98788 -1.12329 -0.417957 4.12838 -1.08436 -0.337316 2.96478 -2.81213 -3.82766 -3.53463 -1.51652 -1.0123 0.199911 0.270122 -2.59058 -1.7406 -0.288941 0.379082 0.887108 
3.77916 -0.205514 -0.1219 -0.186885 -0.214094 -0.080761 -0.00519888 -0.0963548 -0.0366613 0.0324014 -0.000369814 0.0661139 -0.0325259 -14.6794 -4.35578 4.57417 -0.57135 -1.08198 1.00817 -0.769546 -2.66225 -1.8222 -0.762922 4.14539 -0.918933 0.0897498 6.38809 -0.367737 -4.37099 -2.85107 -0.406455 -1.883 -1.0685 0.818527 -2.25954 -1.91722 -2.01257 1.06307 2.15427 
3.46425 -0.300629 -0.112549 -0.254452 -0.213357 -0.218784 -0.221283 -0.122961 -0.031385 -0.0465783 0.0544704 -0.0336984 -0.0213051 -12.2399 -3.95202 2.80353 -0.842924 -1.51071 0.680432 -0.573519 -2.05546 -1.5297 -0.732579 3.26475 -0.695548 0.0939817 7.39393 1.81807 -3.38416 -0.189619 0.246778 -0.831938 -0.272442 1.53312 -0.357001 -0.541253 -2.53258 1.5456 1.47006 
3.39571 -0.332029 -0.120134 -0.401947 -0.278853 -0.355493 -0.265279 -0.326121 -0.18322 -0.150911 0.0454018 0.0566075 0.0854564 -10.7558 -4.07757 0.948567 -2.27843 -0.827294 0.496429 0.265576 -1.51156 -1.49783 -0.841926 2.7952 -0.336222 0.177407 4.52207 2.31068 -1.82458 1.31006 1.33697 0.791054 1.05029 1.87143 2.09235 1.29311 -1.52269 0.556104 -0.0599653 
3.30391 -0.446997 -0.0297174 -0.314697 -0.269374 -0.119219 -0.162009 -0.252506 -0.267119 -0.170491 0.13126 0.0814599 0.108567 -8.54991 -3.48072 -0.527344 -3.03674 0.359979 0.0284201 0.674782 -1.05949 -0.955537 -0.820336 2.0588 -0.131295 0.49873 1.41077 1.6467 -0.983225 -0.406973 1.8603 0.610257 1.94396 0.790925 3.2272 1.77088 -0.282511 -0.314736 -1.47174 
3.40453 -0.438108 -0.120241 -0.415999 -0.307456 -0.170532 -0.228046 -0.173705 -0.244436 -0.119166 0.105181 0.0416406 0.136451 -7.83533 -2.46254 -0.479511 -1.93382 0.632012 -0.121034 0.124027 -0.842915 -0.228591 -0.214266 1.01092 0.00277981 0.480298 -2.52818 0.255322 -0.450662 -0.267301 2.03863 0.0183994 1.66359 -0.0627452 2.24646 1.36656 -0.197806 -0.483981 -1.43945 
3.11077 -0.351578 -0.170807 -0.237298 -0.309246 -0.25801 -0.224106 -0.175235 -0.0510406 -0.0847006 0.0620614 0.0547714 0.00774655 -8.04099 -2.09639 -0.67261 -0.619797 1.04015 0.555746 1.09685 0.215311 0.631189 0.450911 -0.0617136 -0.00601022 0.0776347 -2.48723 -0.589255 0.315104 0.27449 1.18568 -0.236106 0.00255403 0.0730255 0.268535 0.323859 -1.13994 -0.510422 -0.0493033 
2.81744 -0.54526 -0.153393 -0.537892 -0.135054 -0.163351 -0.0578193 -0.306741 -0.145646 -0.0987598 0.215935 0.0421404 0.0826577 -8.30489 -1.70161 -0.777371 0.256368 1.0849 0.23328 0.654348 0.809376 0.931864 0.81518 -0.78893 -0.547495 -0.357331 -0.245735 0.479016 0.456101 3.11186 -1.04971 -0.81181 -1.82654 1.0511 -0.908026 -0.133964 -2.86092 -0.148178 0.416208 
2.96535 -0.562752 -0.146702 -0.679856 -0.114529 -0.132889 -0.0188639 -0.287383 -0.108877 -0.124997 0.248569 0.0271772 0.0448334 -5.69323 -0.54052 -1.33965 -0.200728 0.844117 -0.671532 0.987425 0.0527345 0.507458 0.763995 -1.03296 -0.65154 -0.336927 3.17543 1.76604 -0.187333 3.53738 -1.95259 -0.688074 -1.25143 1.06442 -1.57105 -0.0940476 -2.38071 -0.140487 0.491758 
2.53192 -0.541797 -0.16426 -0.302664 -0.192143 -0.236814 -0.214212 -0.212776 -0.108497 -0.00987444 0.0388184 0.0350578 0.0645492 -0.447738 0.537736 -1.34009 -0.0160908 1.02587 -0.71866 1.61229 -0.412332 0.0483418 0.464483 -0.83985 -0.613662 -0.0700659 11.2642 3.12418 -1.09406 -0.363111 -1.0334 -0.778617 0.994443 -0.541692 -1.15091 -0.545952 0.271511 -0.241554 0.24895 
2.4179 -0.582735 -0.180826 -0.270811 -0.138874 -0.163817 -0.0995008 -0.103446 -0.0334489 -0.0674768 -0.0423635 0.00797774 0.0590991 8.39231 1.99201 -1.95262 0.197826 0.162191 -0.649311 0.834609 0.283333 -0.0423454 0.116836 -1.52255 -1.01868 0.150829 18.5152 3.99231 -1.62566 -2.27375 -0.463122 -0.651468 1.27368 -1.52468 -0.151605 -0.589821 1.72295 -0.327311 -0.131741 
2.45666 -0.550989 -0.185162 -0.316797 -0.211838 -0.261864 -0.206801 -0.188 -0.179017 -0.0689488 -0.0350587 -0.0149647 0.0599038 15.6491 4.14851 -1.80831 0.773947 -1.99313 -0.842406 0.148249 0.634235 0.256794 -0.455764 -1.3022 -0.537944 -0.356492 20.5433 3.52017 -0.734369 -2.70894 -1.08018 0.604641 0.838217 -0.659009 1.03275 -1.06712 2.18776 0.201261 -0.318779 
3.00932 -0.382753 -0.308213 -0.48133 -0.200971 -0.247334 0.0457084 -0.287987 -0.207402 -0.0479885 0.0746923 -0.0138036 0.0605967 19.4306 6.06709 -1.5369 -0.547715 -3.54082 -0.612972 0.699411 0.20294 -0.347586 -0.54736 -0.319517 -0.0895345 -0.601557 12.4965 3.0074 1.0457 -1.02115 -3.4427 0.962785 -1.38369 0.965732 1.03171 -0.929458 0.976868 0.88096 -0.881402 
3.68593 -0.272432 -0.327794 -0.449806 -0.0877161 -0.301215 0.0673155 -0.297578 -0.117251 -0.0598653 0.0839755 -0.0269912 0.0871079 22.1007 7.19478 -1.06188 -2.8624 -4.57281 0.0451363 1.44735 -0.343467 -0.689884 -0.634085 0.926936 0.303616 -0.799951 -2.0841 1.99952 2.20139 -0.595409 -5.08672 1.23394 -1.54486 1.05759 -0.574849 8.88258e-05 0.353305 1.48834 -0.952772 
4.55431 -0.145899 -0.44218 -0.349636 -0.256057 -0.253454 -0.143444 -0.117165 -0.0160303 -0.108398 -0.114199 -0.115054 0.0353958 21.413 7.12065 -0.402672 -3.17099 -5.58701 0.2232 1.49798 -0.163135 -1.07562 0.318008 0.971915 0.288714 -0.554882 -13.6688 -0.216492 2.69598 -1.91569 -3.17697 0.978915 1.16765 -0.201399 -2.1904 1.47468 0.950057 1.19263 -0.0137207 
4.81314 -0.00545064 -0.270248 -0.46587 -0.563879 -0.230448 -0.104388 -0.187309 -0.103217 -0.205027 0.110619 0.0507978 -0.0110408 17.4875 6.36307 0.398712 -3.3187 -5.61761 1.03106 1.59245 0.676065 -0.929235 0.678718 0.320849 0.312184 -0.444501 -16.0639 -2.48116 1.26687 -1.73399 0.83924 0.54403 1.88562 -0.307549 -2.00535 2.60481 -0.623153 -0.537601 1.01441 
4.73657 0.263702 -0.285103 -0.621716 -0.693372 -0.23625 0.0270635 -0.221494 -0.223884 -0.0972832 0.120998 0.0575112 -0.0438127 11.6032 4.76814 1.16723 -2.99051 -5.39968 1.19923 0.934353 1.32224 -1.51493 0.944405 -0.451369 0.159846 -0.320951 -10.505 -4.64979 0.157038 0.0465499 3.91597 0.410698 1.09452 0.66866 -0.374724 1.66239 -1.83158 -1.51769 1.40403 
4.7536 0.290086 -0.275489 -0.713474 -0.72968 -0.185383 0.0487842 -0.253157 -0.223884 -0.0628996 0.122415 0.0662431 -0.0164822 5.99354 3.27358 1.34545 -3.04678 -4.41743 1.30685 1.15268 1.19023 -1.84415 1.15838 -0.880509 0.0640458 -0.205613 -4.39565 -4.56292 -0.382419 2.01579 4.68425 -0.0867618 -0.879376 1.45926 0.967733 -0.117701 -2.55979 -1.48037 0.723875 
4.90301 0.176648 -0.239691 -0.691842 -0.782003 -0.188611 0.135554 -0.156175 -0.263972 0.0684261 0.0526962 -0.0358543 0.0544099 1.86869 1.70333 1.32853 -2.70435 -2.13381 0.991592 1.42635 0.660832 -1.55849 1.16052 -1.10018 -0.11188 0.0882896 -1.24348 -2.52985 -0.721182 2.37815 3.59336 -0.3653 -2.34927 0.601596 1.61236 -2.0094 -1.74379 -0.284747 -0.470198 
4.82888 0.236568 -0.202298 -0.788734 -0.750156 -0.110358 0.0905671 -0.113971 -0.263618 0.0121581 -0.0163683 -0.0101392 0.0250157 1.13144 0.113848 0.52355 -1.41127 -0.0493798 1.01067 0.595399 0.709863 -0.944712 0.746286 -1.7845 -0.727729 0.0550842 -0.418493 -1.08396 -0.666153 2.03698 2.05007 -0.712089 -1.6461 -1.23397 1.05819 -2.16964 0.562747 0.633281 -0.898923 
4.89345 0.192375 -0.210461 -0.741757 -0.749637 -0.134356 0.0840659 -0.0591642 -0.322221 0.0101513 -0.0492887 -0.0299424 0.0187815 1.39613 -0.988421 0.119243 -0.511165 1.00565 1.51713 -0.332219 0.013954 -0.420995 -0.086426 -1.45179 -0.246971 -0.252057 -0.492216 0.033396 -1.06951 0.960557 1.30496 0.179788 -0.798035 -2.62299 0.661281 -1.22956 1.678 1.00438 -0.883555 
4.88048 0.193013 -0.210549 -0.738447 -0.706592 -0.135781 0.0602519 -0.0965203 -0.258422 -0.00920216 -0.104265 -0.0210037 0.00558164 1.07294 -0.815284 -0.675431 0.045254 1.74561 1.74839 -0.94702 -0.929278 -0.0322867 -0.600447 -0.957661 0.357242 -0.826151 0.0771561 0.0590372 -1.43798 0.409048 0.778832 1.24169 -0.473126 -2.68033 0.254359 -0.314139 2.06875 1.12648 -0.658877 
4.87371 0.18013 -0.210441 -0.742455 -0.649223 -0.146259 0.0507155 -0.136009 -0.230147 -0.0376172 -0.108242 -0.0263506 0.00332986 0.768635 -0.541211 -1.62644 0.635223 2.41842 1.59776 -1.58192 -1.79773 0.269929 -0.777745 -0.306821 0.735634 -1.43855 0.420023 0.0934281 -1.7657 0.549036 0.494628 1.21046 -0.527252 -1.53489 0.00809008 0.649903 1.36366 0.770498 -0.686797 
4.93209 0.130296 -0.235134 -0.703167 -0.628971 -0.0836374 0.033861 -0.176528 -0.302867 -0.0754846 -0.0247398 -0.0260927 -0.0347515 1.04568 -0.796168 -2.35032 1.30024 3.10261 1.12952 -1.99278 -2.25321 0.573957 -0.00707371 -0.199472 0.536108 -1.65119 -0.103577 0.418521 -1.67617 0.66648 1.01745 -0.170306 -1.0681 -0.215784 0.573879 1.30541 -0.272425 0.14782 -0.709836 
4.95349 0.145588 -0.29812 -0.744502 -0.594771 0.0519042 0.00519907 -0.289923 -0.288108 -0.0510893 -0.0291411 0.0629846 -0.0627264 0.772209 -0.728179 -2.72973 1.51919 3.72616 0.727655 -2.47373 -2.43217 1.18461 0.434741 -0.56306 0.639415 -1.83516 -0.300457 -0.00285685 -0.945511 1.28886 1.4057 -2.34427 -1.2044 1.08218 1.03059 1.4979 -1.55184 -0.846485 -0.421671 
4.93731 0.165758 -0.384112 -0.705274 -0.519397 0.0609442 -0.0535142 -0.334676 -0.217248 -0.0676115 -0.0366984 0.0885032 -0.101421 0.176668 -0.783834 -2.6457 2.03529 4.09809 -0.395135 -2.8575 -1.53106 1.27575 0.5566 -0.969649 0.606407 -1.63043 -0.98016 -0.36225 0.502508 1.15928 1.29211 -3.45096 -0.914588 1.92668 1.00633 0.904771 -2.0642 -0.989548 0.317786 
4.97093 0.133526 -0.459965 -0.603079 -0.447306 -0.0238146 -0.105834 -0.304698 -0.237213 -0.0189921 -0.0387167 0.0288811 -0.159563 -0.608454 -0.712263 -2.37508 2.23602 4.69413 -1.86952 -3.3134 -0.0611509 1.53188 0.602956 -1.6956 0.306148 -0.97663 -1.80269 -0.286467 1.67039 0.282051 0.949517 -3.26963 -0.502025 2.61314 0.665557 -0.378495 -1.70282 -0.458906 1.48729 
4.98383 0.103926 -0.49405 -0.583756 -0.308463 -0.0587869 -0.196941 -0.335565 -0.189982 0.0648199 -0.127724 0.0026829 -0.184009 -1.73192 -0.639695 -1.69754 2.50685 5.0204 -3.28425 -3.60894 1.30874 1.73327 0.42759 -2.25555 0.129865 -0.150557 -2.3823 0.0241459 2.07549 -0.0786707 0.0628673 -2.32689 -0.0507831 3.10041 -0.255749 -1.58925 -0.406997 0.179911 2.23172 
4.95908 0.0915817 -0.518263 -0.547139 -0.245048 -0.107556 -0.241352 -0.364042 -0.0952713 0.0520391 -0.204233 0.0558816 -0.199702 -2.6943 -0.765046 -0.902639 2.95187 5.17779 -4.34419 -3.98467 2.48061 1.82025 -0.124883 -2.51575 0.0956582 0.72211 -2.38711 0.32334 1.69627 -0.0862651 -0.242682 -1.06794 -0.22786 2.70583 -0.653517 -1.7231 0.411413 0.468537 2.36363 
4.83039 0.079666 -0.471188 -0.471173 -0.182321 -0.257088 -0.291912 -0.225049 -0.109807 -0.015471 -0.220798 0.0630619 -0.150915 -4.16302 -0.938667 0.0929124 3.06991 4.45556 -4.08388 -3.68067 2.4078 1.91825 -0.7804 -2.34393 0.47834 1.47879 -2.09534 0.135549 1.03123 0.320393 -0.914241 0.769227 -0.0457539 0.344548 -0.0962755 -1.2255 0.832842 0.611801 1.47892 
4.78345 0.0824977 -0.489616 -0.486508 -0.0382744 -0.373888 -0.374172 -0.0776249 -0.0952074 -0.0165603 -0.274796 0.00832709 -0.0645705 -6.15395 -0.83851 2.00746 2.66938 2.64732 -2.704 -2.60483 1.0468 1.48985 -1.02427 -1.35167 0.567341 1.72956 -2.59911 -0.237714 1.98607 0.465992 -2.92902 2.97507 1.27691 -3.26943 -0.167238 -0.221516 1.63139 0.472184 -0.136587 
4.68306 0.0712216 -0.457783 -0.400986 -0.0103466 -0.405403 -0.430766 -0.0485433 -0.103431 -0.0383118 -0.270958 0.0533373 -0.036226 -7.41413 -0.553131 3.19708 2.09564 0.851228 -1.12279 -2.03174 0.0520183 1.10426 -1.35993 0.092832 0.042968 1.67273 -2.79012 -0.0767549 2.86216 -0.799098 -4.28747 4.51463 2.15075 -5.24288 -0.180806 0.436719 2.36354 -0.543168 -1.21436 
4.60269 0.0568078 -0.459416 -0.321183 0.0818361 -0.45977 -0.550117 -0.0255358 -0.0094547 -0.0854279 -0.341075 0.108456 0.0131351 -8.20335 -0.892778 4.01331 1.96221 -0.79639 0.223738 -0.433951 -0.989917 0.17374 -0.758371 0.672187 -0.286865 1.41654 -2.34502 -0.123845 2.99225 -1.55184 -4.93204 4.30385 3.58067 -4.48319 -1.41088 1.11223 2.50963 -1.38184 -1.59401 
4.36702 0.00725292 -0.38659 -0.25576 -0.00311568 -0.393169 -0.490353 -0.157214 0.0482035 -0.144169 -0.306653 0.134969 0.0310773 -8.74547 -1.18696 4.10715 1.8595 -1.86419 1.21948 1.00476 -2.2697 -0.313419 0.328754 1.25957 -0.268195 0.923608 -0.727803 -0.217323 1.18279 -1.29554 -2.81442 1.77212 3.32735 -1.14416 -2.32377 1.99535 1.53926 -1.39487 -1.05815 
4.11007 0.0159012 -0.0714691 -0.312256 -0.220921 -0.235841 -0.347887 -0.390141 -0.0878929 -0.0438743 -0.161477 0.047646 -0.0235774 -9.75407 -1.63716 3.61963 1.78847 -2.07552 1.52464 2.26852 -2.73238 -0.471653 0.888073 2.06518 0.160891 0.70467 0.506813 -0.831162 -2.64262 -0.0122791 1.24055 -1.43922 1.98176 2.32931 -1.15217 1.8274 -0.0513177 0.277355 0.167162 
4.04393 0.0650325 -0.0797235 -0.385046 -0.233381 -0.153761 -0.48177 -0.349926 -0.0198929 -0.121663 -0.0770858 -0.041384 -0.00834275 -10.6316 -1.93696 2.81192 0.891859 -1.69625 1.29021 3.14307 -1.75572 -0.744245 0.722333 2.30804 0.271259 0.958293 -0.446403 -1.35817 -4.12974 0.678979 3.49654 -3.12451 1.29666 3.57946 -0.142521 0.786687 -0.854491 2.11245 1.01914 
3.91378 -0.0713471 -0.0354056 -0.244614 -0.316335 -0.201199 -0.205693 -0.334437 -0.160838 -0.0177885 -0.191706 0.0224324 0.0101825 -10.8157 -2.40652 1.97824 0.823226 -1.14185 1.07112 3.13158 -0.969346 -0.701302 0.857021 2.10277 0.235806 0.998013 -1.30601 -0.918585 -3.6491 -0.00129187 3.93831 -2.27248 -1.24415 2.89003 1.73168 -1.07923 -0.579034 1.8589 1.1456 
3.73899 -0.0883697 -0.0710763 -0.197922 -0.252617 -0.263538 -0.192137 -0.358023 -0.161098 0.0989258 -0.110058 0.0479972 0.0191592 -9.91346 -2.84558 0.655273 0.752793 -0.0318117 0.685339 2.41299 0.192424 -0.0434582 1.01493 1.80042 0.257605 0.709585 -0.686477 -0.690715 -1.50238 -0.790309 1.75045 0.173583 -2.13776 1.25896 2.23052 -1.9797 -0.338577 0.243267 0.103703 
3.47821 -0.157467 -0.163461 -0.197651 -0.1188 -0.288265 -0.160371 -0.325981 -0.0771541 0.0630834 -0.0112528 0.139655 0.0813894 -8.71557 -3.075 -0.65851 0.933271 0.987912 0.384464 1.89155 1.61387 0.462166 0.611148 0.541324 0.0465333 0.726723 2.04364 -0.0148681 0.639343 -0.884599 -0.751041 1.98862 -2.06338 0.258333 1.0254 -1.01604 -1.15316 -2.11845 -1.2156 
3.23161 -0.182689 -0.143542 -0.3165 -0.135329 -0.284955 -0.121964 -0.17566 -0.11583 -0.0971809 -0.0320559 0.147542 0.149676 -7.90853 -3.12292 -0.411851 0.868685 0.489021 0.477299 1.68001 1.82201 0.266751 0.385752 -0.0822192 -0.203135 0.270357 4.59339 0.334192 0.924013 0.116642 -1.86431 1.87626 -1.37465 -0.071088 -0.0548541 0.410695 -1.76743 -2.68316 -1.92747 
3.14249 -0.277331 -0.10331 -0.173905 -0.150718 -0.219496 -0.209678 -0.284094 -0.0318231 -0.0150398 -0.0882006 0.0896276 0.114331 -6.30989 -2.3011 -0.305641 0.0254731 0.0517294 0.563577 0.0817927 1.44044 0.135466 -0.0916584 0.232149 -1.06219 -0.466179 4.75542 1.00455 0.618968 -0.113909 -2.02134 -0.00467326 -0.0240337 0.037473 -1.99349 0.773507 -1.22046 -1.63733 -1.68251 
3.1294 -0.338826 -0.134968 -0.217339 -0.16213 -0.14673 -0.181995 -0.277891 0.0223343 0.0554792 0.0208674 0.044115 0.0082316 -4.7309 -1.98683 -0.0427659 -0.22899 -0.69295 0.879447 -0.135182 1.49526 0.184145 -0.205867 -0.749377 -1.6269 -0.688913 2.86804 1.55222 0.158084 -0.471216 -1.16451 -1.40936 -0.257787 -0.11748 -1.7971 0.148793 -0.765048 -0.272416 -0.325636 
3.12957 -0.323382 -0.142595 -0.210429 -0.139511 -0.130496 -0.115381 -0.111461 -0.0798461 0.0237085 -0.170864 -0.0633288 0.0609693 -3.34429 -1.31553 0.14496 -0.365299 -1.11531 0.978044 -0.00643396 0.945543 -0.500681 -0.122942 -0.761998 -1.38532 -0.630946 0.538966 1.37086 -0.24438 -0.9765 -0.159706 -1.32794 -0.401802 -1.11783 -0.529911 -0.673759 0.933582 1.58827 0.776908 
3.04369 -0.371478 -0.0853863 -0.189742 -0.281007 -0.16306 -0.122245 -0.112193 -0.116998 -0.0150933 -0.159498 -0.0133991 0.0183847 -2.65035 -1.00285 -0.247982 -0.385346 -0.8855 0.122278 -0.159491 0.656366 -0.553747 0.116664 -0.435851 -1.01471 -0.306953 -0.591611 0.86187 -0.674382 -0.976899 1.0628 -0.831564 -0.280127 -0.98178 0.592888 -0.737574 1.1489 1.7412 1.7142 
3.05767 -0.312299 -0.11366 -0.262782 -0.265054 -0.249105 -0.245151 -0.240403 -0.193241 0.0263337 -0.030014 -0.0697183 -0.0602105 -2.55804 -0.585766 -0.519976 -0.908762 -0.631509 -0.711653 -0.0796118 0.91841 -0.768006 -0.36396 -0.137937 -0.446036 0.335238 -0.731894 -0.15624 -0.680879 0.0520917 1.33551 -0.296916 0.280054 -0.21039 1.30741 -0.320516 0.536849 1.46287 1.88485 
2.96887 -0.363046 -0.138375 -0.260569 -0.246127 -0.156244 -0.185782 -0.123282 -0.0154068 0.0242905 -0.198945 -0.0829871 0.0321167 -2.52662 -0.436593 -0.549539 -0.747184 -0.364165 -1.2097 -0.358996 0.588221 -0.56872 -0.513054 -0.065768 -0.000422977 0.845759 0.169802 -0.330779 -0.467295 0.332845 0.913836 -0.86943 0.160504 0.163059 0.244328 0.0385495 0.809057 0.606654 0.770242 
2.90303 -0.325435 -0.138316 -0.293385 -0.227642 -0.1214 -0.111318 -0.192148 -0.1621 -0.0617991 -0.0605878 0.0602741 0.0965546 -2.265 -0.484242 -0.655892 -0.688154 -0.0789722 -1.26986 -0.50837 0.13055 -0.0211309 -0.306584 0.550575 0.326225 0.835492 1.07918 -0.325126 -0.0129822 0.670049 0.185667 -1.05209 -0.345703 0.65161 0.155305 0.491588 -0.384979 -0.742278 -0.313697 
2.84686 -0.387985 -0.184812 -0.288523 -0.225627 -0.293548 -0.201271 -0.125596 -0.10934 -0.0180072 -0.0870346 -0.0189711 0.104622 -1.71996 -0.405512 -0.750534 -0.523391 0.382813 -1.10203 -0.305398 0.35273 0.147231 -0.185482 0.316164 0.17874 0.992524 1.52786 0.143512 0.542768 0.54549 -0.391665 0.148435 -0.203737 -0.13709 -0.0612671 0.406485 -0.279468 -0.561697 -1.04451 
