3.22666 -0.374097 -0.732387 -0.534887 -0.263638 -0.149737 -0.0222803 0.025539 -0.015898 -0.064544 -0.0377982 0.0488989 0.0846199 -5.36723 -1.14068 3.68605 1.23709 0.876654 -0.138204 -1.07732 -0.486016 1.04054 0.881112 -0.0757217 -0.669361 -0.470337 -5.39812 -1.10206 4.26505 1.51177 0.24996 -0.340921 -0.882895 -0.661493 0.138695 0.602788 0.11808 -1.06034 -0.299743 
3.18814 -0.385728 -0.803077 -0.595138 -0.163671 -0.100261 -0.047547 0.0499266 0.128403 -0.0153642 -0.0631365 0.115497 0.0431552 -4.73182 0.108199 5.69386 1.94538 0.532663 -0.210215 -1.15867 -1.33213 -0.160312 0.412658 0.128792 -0.701449 -0.463994 -2.46186 0.716435 5.80162 2.48506 -0.940812 -0.335243 -0.0058089 -1.46574 -2.55801 -0.880018 0.38542 -1.57409 -0.197196 
2.83691 -0.476167 -0.574648 -0.475068 -0.140882 -0.217986 -0.199158 0.00565248 0.190217 0.0824357 -0.0561824 0.0660223 0.0990899 -4.33445 0.782764 6.80059 2.4886 0.297228 -0.469114 -1.57939 -2.22889 -1.1044 0.161536 0.0597445 -0.844425 -0.338093 3.15151 2.80479 3.70873 1.88812 -1.34296 0.150627 0.780798 -1.91788 -4.00976 -2.10444 0.15831 -0.887019 -0.18451 
2.61338 -0.495701 -0.349101 -0.501652 -0.267741 -0.173324 -0.13107 -0.0478871 0.00988146 0.0500114 0.010928 0.00803619 0.0623604 -4.68692 0.25406 6.37329 2.66565 0.203284 -1.00629 -1.97901 -2.64587 -1.68768 -0.216798 -0.263051 -1.01274 -0.165279 5.75903 2.35256 -1.0437 0.647479 -0.475611 -0.495283 -0.0865429 -1.53961 -2.62024 -1.85112 -0.629226 0.31666 0.399402 
2.54932 -0.514122 -0.159536 -0.265387 -0.127767 -0.144841 -0.115262 -0.037049 0.0857687 -0.0159674 -0.0777467 -0.113006 -0.0131386 -4.39652 -0.321716 5.12722 2.32333 0.212014 -0.768584 -1.43313 -2.66053 -1.84686 -0.290241 -0.206948 -0.990889 -0.0247957 3.84515 -0.304689 -5.78797 -1.99982 -0.0364974 -0.558151 -0.331711 -0.440875 -0.35891 -0.224769 -0.46541 1.43214 0.956773 
2.95579 -0.15571 0.0303604 -0.28224 -0.261013 -0.177106 -0.143598 -0.218869 -0.196645 -0.0918347 0.00459407 0.0111153 0.0494525 -3.51686 -0.807446 3.49883 1.88944 0.172752 -0.18096 -0.631848 -2.38341 -1.98442 -0.423119 -0.608362 -1.10092 0.196247 -1.67247 -4.43716 -7.87254 -2.84874 1.27752 0.481048 0.439853 1.70604 3.07934 1.44351 -0.946602 0.689986 0.604791 
2.82856 -0.244691 -0.00421907 -0.260345 -0.233218 -0.23067 -0.258768 -0.292631 -0.17764 -0.0443241 -0.0531982 -0.0260524 0.0705502 -1.50668 -0.236119 2.09688 1.9385 1.07307 0.857706 0.268678 -1.59998 -1.82588 -1.02315 -1.06805 -0.804375 -0.167237 -2.75721 -3.60179 -4.42523 -1.28006 1.77229 1.98896 2.02591 2.85423 3.02496 1.01477 -0.670164 -0.128493 -0.208787 
2.54158 -0.513157 -0.205688 -0.28325 -0.19024 -0.320473 -0.312615 -0.252229 -0.127875 -0.0710722 -0.120485 -0.0511261 0.0787609 1.13598 1.33169 1.87928 2.34931 1.51762 0.332639 -0.554903 -1.4686 -1.09094 -0.576609 -0.72111 -0.248413 -0.324094 2.34931 2.19063 1.78671 1.24418 1.17507 2.21139 1.83831 1.77524 0.943841 0.1016 0.418288 -0.223518 -1.20823 
2.53102 -0.55969 -0.278704 -0.350186 -0.146221 -0.169436 -0.148826 -0.221089 -0.049843 0.00351838 -0.0464322 -0.0285887 0.0692136 5.59468 2.15664 0.937775 1.6054 0.710286 0.563978 -0.747902 -1.08045 -0.92912 -0.229602 -0.143319 -0.0647773 -0.247186 10.1721 6.6432 4.78159 2.78112 -0.259142 0.339909 -0.692912 0.0664877 -1.01311 -0.879021 0.912357 -0.0511753 -1.1816 
2.50443 -0.583577 -0.260862 -0.326901 -0.128866 -0.0868819 -0.116609 -0.209804 -0.052927 0.00567503 -0.16297 -0.0809312 0.0855018 13.5104 2.58264 -0.744626 1.13551 -0.965549 0.307134 -1.01491 -0.536789 1.25383 1.01844 0.280854 -0.569176 -0.391356 19.4746 7.346 2.02065 0.780219 -3.74332 -2.08067 -2.84263 -1.42307 -0.434367 0.450536 2.22325 0.511715 -0.21573 
2.65466 -0.357144 0.00198915 -0.0788546 0.0147625 -0.0202524 -0.0837978 -0.172544 -0.168532 -0.155034 -0.177158 -0.0949939 -0.00857867 23.6221 4.16692 -1.84955 0.501895 -3.29667 -0.14332 -1.57154 -0.647011 2.52319 1.80237 0.808495 -0.595696 -0.049105 23.2541 2.23999 -4.81348 -2.93629 -6.65941 -3.20063 -3.4962 -1.41812 3.14282 3.02512 1.78692 0.0110328 1.33339 
3.11844 0.012171 0.213809 -0.0094328 -0.0830548 -0.244027 -0.334374 -0.335835 -0.175936 -0.0505563 -0.0127001 -0.0209185 -0.0397736 31.0022 5.23435 -2.84381 -0.305784 -5.05416 -0.693977 -2.16 -0.760986 3.45689 2.4141 0.891231 -0.554224 0.358364 18.5077 -3.4811 -9.26003 -4.95579 -6.20127 -1.65421 -1.08112 0.362303 5.26508 3.23394 -0.137033 -0.628594 2.06547 
3.92225 -0.0270416 -0.0519891 -0.148476 -0.222997 -0.117263 -0.295642 -0.290087 -0.185334 -0.0681584 -0.0280045 -0.0632524 0.0298639 33.8542 4.62012 -4.49024 -1.48273 -5.80188 -1.8015 -2.75009 -0.42441 4.18059 2.44271 0.366675 -0.548471 0.604223 5.26176 -4.82937 -6.73697 -3.9394 -2.3369 -0.60504 0.879084 1.41812 4.42785 1.81043 -1.5761 -0.39748 1.25542 
5.1938 0.0134128 -0.39989 -0.287007 -0.603904 -0.260897 -0.375047 -0.325307 0.176287 0.21003 0.0347013 -0.101781 0.0608436 32.923 3.06162 -6.20946 -2.78332 -5.77013 -2.2333 -2.25193 -0.0598236 4.78497 2.68655 -0.0454891 -0.548625 0.805256 -12.241 -4.08027 -0.788366 -1.1982 3.4376 0.607598 2.2733 1.90515 -0.154337 -1.67195 -2.88813 -0.0409215 -0.037222 
5.8958 -0.013151 -0.552981 -0.312276 -0.720202 -0.297983 -0.476979 -0.333568 0.323534 0.245339 -0.0142456 -0.134656 0.122706 27.7054 0.82955 -7.56232 -3.87804 -5.15099 -2.03412 -1.4872 0.289448 4.99971 3.23866 -0.938451 -0.795971 1.07374 -22.5654 -2.00891 3.61412 0.918637 6.38682 0.916347 2.67718 1.33476 -3.63472 -2.7554 -2.26663 0.254733 -1.24317 
6.10697 0.00450505 -0.627924 -0.39067 -0.726334 -0.286297 -0.42432 -0.270979 0.345908 0.227191 -0.0579415 -0.107642 0.130951 18.2009 -0.796619 -6.93206 -3.58864 -3.18371 -1.2765 -0.261754 0.636081 4.15989 3.26817 -1.69049 -1.01335 0.784403 -23.4781 -0.78041 4.58117 1.70239 5.46274 0.570251 1.51211 -0.347937 -4.24799 -0.779678 -0.638799 0.0532585 -1.2925 
6.15325 -0.0180281 -0.695059 -0.486937 -0.650895 -0.327168 -0.398806 -0.20343 0.36209 0.182726 -0.126842 -0.105626 0.0953856 6.30994 -0.635754 -3.72353 -2.59653 -1.29624 -1.01189 0.978941 -0.610251 0.904901 2.62971 -1.06893 0.0488796 0.457397 -19.1293 -0.278013 3.99295 1.73025 2.38533 1.19718 1.59259 -2.30098 -4.83238 0.899922 1.35664 0.55158 -0.374827 
6.12359 -0.0721485 -0.744326 -0.485099 -0.626214 -0.348706 -0.353028 -0.223153 0.35721 0.206744 -0.192899 -0.1489 0.10027 -4.18614 -0.553265 -1.34969 -1.99906 -0.419995 -0.0363793 2.15807 -1.81198 -2.33774 2.13158 0.290658 0.736703 0.22206 -13.0983 0.745282 3.3723 1.12398 -1.19955 1.1702 1.40688 -3.7377 -4.57514 1.79763 3.76623 1.54715 0.202645 
5.98336 -0.088797 -0.791447 -0.496469 -0.62106 -0.338972 -0.377707 -0.241604 0.36542 0.331922 -0.204043 -0.175348 0.104537 -13.6399 -0.225632 0.212943 -2.0439 -0.559265 -0.157761 3.04468 -2.88243 -4.50341 2.01531 2.06689 2.08281 0.200277 -11.5849 1.24913 3.1687 0.144304 -2.55141 0.64961 1.73145 -3.58125 -4.85733 -0.0853472 4.79458 2.97775 0.582433 
5.59357 -0.0966673 -0.756876 -0.502887 -0.586607 -0.345669 -0.368816 -0.296788 0.350871 0.483721 -0.161344 -0.173883 0.0874392 -18.8232 0.103799 3.33818 -1.38577 -0.514657 0.0635696 3.5546 -2.52482 -5.16308 0.596522 1.89299 2.47155 -0.290158 -9.22783 1.27199 4.07897 -0.350162 -1.79244 0.133457 1.81233 -0.48781 -2.98277 -3.35845 2.36464 2.7509 -0.129427 
5.15197 -0.0464337 -0.566798 -0.519993 -0.634631 -0.27056 -0.123039 -0.521978 -0.113815 0.345822 -0.0195662 0.0337045 0.141021 -19.8832 1.13827 5.15539 -1.22286 -1.07213 0.39812 4.06645 -1.86682 -5.58578 -0.920809 1.37021 2.52838 -0.455397 -3.2857 1.16005 3.68454 -0.319793 -0.0217479 -0.544542 0.388724 3.6957 1.49863 -4.75961 -2.20889 0.152676 -1.12954 
5.00431 -0.0316631 -0.638376 -0.572493 -0.850404 -0.257922 -0.134013 -0.614548 -0.0834516 0.501998 0.182358 0.00667492 0.12209 -18.8338 2.10876 6.25744 -0.776132 -1.70508 0.171151 4.27455 -0.670371 -5.24493 -2.55373 0.579063 2.14749 -0.773154 3.83925 1.34457 3.24336 0.887522 1.38837 -0.682234 -0.188876 5.76735 3.51531 -5.19022 -6.00129 -2.19736 -1.38211 
3.94596 -0.0221004 -0.5529 -0.66591 -0.785 -0.387767 -0.0674769 -0.618817 -0.240761 0.39227 0.260726 0.236888 0.159811 -15.7314 2.64188 6.58171 0.0930754 -2.32508 -0.241461 3.72549 0.521637 -3.8639 -4.11134 -0.325061 1.42985 -0.934254 13.1142 1.46939 0.7769 2.31335 0.17023 -0.181403 -1.35843 4.6379 4.6191 -2.82612 -5.7621 -4.16174 -0.996944 
3.82413 0.00267567 -0.00913536 -0.553305 -0.638932 -0.28745 0.0426586 -0.324854 -0.152585 0.0680614 -0.109117 0.12331 -0.00993826 -10.5222 2.58635 6.19089 1.21146 -2.81771 -0.0631106 1.85378 1.76113 -1.97203 -4.7433 -1.0979 0.0568367 -0.779908 14.8791 0.64425 -3.44111 2.65608 -2.03827 -0.129604 -3.23409 0.625457 3.35927 1.02923 -0.79965 -3.38005 0.764838 
4.07306 0.160823 -0.106504 -0.639376 -0.761469 -0.271118 0.107226 -0.325813 -0.240339 0.0217927 -0.165437 0.071054 0.0278928 -5.00802 2.27626 5.1508 2.14679 -2.83384 -0.0695449 -0.207713 2.60842 0.294853 -4.08102 -1.76164 -1.32733 -0.618187 10.8871 -1.11111 -4.00914 2.68124 -2.33047 0.280712 -4.40111 -2.02737 2.02471 2.97675 3.05093 -1.49296 1.60606 
4.03407 0.212072 -0.0710181 -0.510264 -0.883421 -0.356616 0.132282 -0.289347 -0.216238 -0.00287389 -0.173274 0.00377757 0.00845565 -0.236073 2.09022 4.17182 2.74329 -2.68819 0.131923 -1.05737 2.14496 0.592593 -3.5534 -1.75493 -1.69262 -0.114193 6.18689 -2.03993 -3.56993 0.933519 -0.96482 0.771437 -4.22227 -2.80616 1.13672 3.7161 4.09136 0.148971 1.69962 
4.05463 0.227905 -0.0478686 -0.412773 -0.969167 -0.383465 0.0185404 -0.287282 -0.0946785 -0.0604681 -0.130556 0.00103439 0.0197822 5.49071 1.38718 2.53371 2.74978 -3.47396 0.489797 -1.68006 0.915561 0.859429 -2.02766 -0.550172 -1.88345 0.215926 2.26084 -2.04686 -1.64609 -1.13475 0.961807 0.725624 -1.20191 -2.25168 -0.831456 2.5414 2.45764 1.54731 0.938264 
4.23937 0.176568 0.0063723 -0.318186 -1.02951 -0.256583 -0.188379 -0.268378 -0.0902004 -0.0523315 -0.0682204 -0.0922642 0.0731882 7.16912 0.476771 0.549921 1.86522 -3.78045 0.486132 -1.76035 -0.726709 0.394071 -0.61361 1.29937 -0.833626 0.811742 2.22596 -1.21368 -0.345135 -2.62426 1.53535 0.320637 2.61538 -1.44124 -1.55664 0.820183 0.165052 2.01654 -0.30941 
4.36684 0.189105 0.000295805 -0.311354 -1.05556 -0.27381 -0.199607 -0.304145 -0.092168 -0.0145823 -0.0603631 -0.0761132 0.0885665 8.21585 -0.44253 0.170827 0.965818 -2.39211 0.815758 -1.12055 -0.922025 0.241965 -0.448079 1.46426 0.210025 0.479643 2.91006 -0.570759 -1.20767 -3.31022 1.39486 0.0628255 4.14865 -0.848922 -1.71998 -0.194621 -0.41524 2.14844 -0.812545 
4.42662 0.228771 -0.0327295 -0.326798 -1.07232 -0.297756 -0.161568 -0.352182 -0.114355 -0.000452246 -0.044725 -0.056436 0.107439 10.6193 -1.12037 -0.891644 -0.584326 -1.22451 1.36067 0.395712 -1.26679 -0.534661 0.12579 1.42166 0.756903 0.314676 3.51469 -0.897888 -1.71749 -2.58781 1.592 0.260056 3.78604 0.0065763 -0.990163 -0.284886 -0.45605 1.40402 -1.03372 
4.66856 0.149858 0.0254768 -0.360376 -1.14488 -0.281251 -0.100741 -0.385507 -0.160171 -0.0327082 -0.00391094 -0.00156994 0.0792388 12.6247 -1.3935 -2.12513 -1.90625 -0.52013 1.89316 1.60348 -1.32387 -0.648616 0.949097 1.79226 0.851101 -0.123974 3.74892 -0.712911 -2.69253 -1.7594 1.91946 1.04125 1.65645 0.578166 0.406616 0.793274 0.242454 0.0128343 -0.731925 
4.89547 0.131442 -0.00182611 -0.413337 -1.18044 -0.215161 -0.0399921 -0.426127 -0.165763 -0.0571478 0.012757 0.0187651 0.0877998 14.0713 -1.31896 -3.70252 -2.9544 0.498476 1.81224 2.18658 -1.26644 0.199746 1.91597 1.81473 0.883407 -0.589959 3.53885 -0.338418 -3.20965 -1.05022 2.05343 1.14639 -0.646853 0.736271 1.66028 2.54495 0.80025 -1.29963 -0.464131 
5.1272 0.136635 -0.142588 -0.494662 -1.03817 -0.214084 0.00923249 -0.38367 -0.178919 -0.0763715 -0.00809242 0.104665 0.0500044 15.4152 -1.64513 -4.8448 -3.38935 1.67963 2.20442 1.57314 -0.896402 1.17797 2.66214 1.61476 0.107962 -0.835439 2.25019 0.0175726 -2.62093 -0.465973 1.55563 0.645418 -2.16301 0.325955 2.72493 3.28751 0.62391 -2.22114 -0.215269 
5.48099 0.0328058 -0.225085 -0.535098 -1.04 -0.162336 0.139281 -0.434537 -0.231941 0.0474408 0.03569 0.04113 0.0594841 15.718 -1.83175 -5.68586 -3.22226 2.85833 2.2722 0.49042 -0.232012 2.30047 2.85287 0.887173 -0.872285 -0.902839 -0.362108 0.436595 -1.46518 0.267611 1.72844 -0.263537 -3.2868 0.661782 3.15155 1.4912 -0.850657 -2.11403 -0.101481 
5.7822 0.0379178 -0.341842 -0.613363 -1.073 -0.0313736 0.038851 -0.435382 -0.0942996 0.147045 0.199069 0.00457483 0.0232578 14.6319 -1.52393 -6.51212 -2.54992 3.76988 2.21756 -1.06993 0.828188 3.26094 2.53747 0.0690923 -1.90941 -0.624899 -2.80913 0.190852 -0.102221 1.4311 1.84327 -1.03419 -3.00898 1.57453 1.87868 -1.52232 -2.85604 -1.6814 0.337481 
6.05383 0.0615087 -0.524461 -0.692557 -0.934649 -0.0698512 0.0015047 -0.445841 0.0248148 0.292411 0.151725 -0.00727015 0.00596641 13.2836 -1.79267 -5.902 -1.70866 3.82104 1.671 -1.9587 1.78869 3.68012 1.749 -0.71581 -2.53071 -0.12285 -4.50504 -0.319123 1.57021 2.37108 0.642899 -1.02537 -1.85617 2.45644 0.0837545 -4.12737 -3.15213 -1.05372 1.06369 
6.29704 -0.0161002 -0.60263 -0.727438 -0.809959 -0.0317786 -0.0432404 -0.430961 0.0815561 0.315281 0.0887669 -0.0946606 -0.00911898 11.172 -1.93247 -4.81719 -0.35385 3.30295 0.920668 -2.61085 2.60305 3.82618 0.597633 -1.61048 -2.74118 0.793332 -5.04345 -0.40435 2.49633 2.90088 -1.01004 -1.38263 -0.397836 2.65259 -1.21273 -4.41972 -2.14505 0.191892 1.84801 
6.39182 -0.0450511 -0.671984 -0.687782 -0.723119 -0.0351434 -0.110242 -0.353309 0.163023 0.221139 -0.0137144 -0.166649 -0.0043987 8.50574 -1.79947 -3.54111 0.678339 3.19711 -0.372645 -2.89756 3.65271 3.62356 -0.936194 -2.40594 -1.96989 1.23968 -4.18588 -0.457571 3.16661 2.39515 -2.33755 -1.84607 0.961395 1.72245 -1.72948 -2.51572 -0.248812 1.47911 1.89218 
6.47613 -0.0295611 -0.795069 -0.63627 -0.685847 0.0238512 -0.254855 -0.206602 0.214047 0.135875 -0.0442227 -0.2281 0.0351041 6.06834 -1.83246 -2.03287 1.56379 2.58123 -1.81301 -2.19518 4.41216 2.65896 -1.97494 -2.7551 -1.0947 1.42538 -3.4393 -0.0282047 3.25882 1.1987 -2.33482 -2.69599 1.791 0.500632 -1.36353 -0.329616 1.09202 2.64533 0.706453 
6.62055 -0.139646 -0.69932 -0.629436 -0.713618 -0.0393586 -0.186317 -0.153476 0.218097 0.0920096 -0.08682 -0.235641 0.108298 3.87156 -1.52897 -0.804702 2.3214 1.27103 -2.67596 -1.9165 4.97796 2.01742 -2.7109 -1.98084 -0.176336 1.39508 -3.25397 0.996562 1.80769 0.350958 -1.36362 -2.78231 1.23453 -0.0150852 -0.812328 0.849445 1.61527 2.77279 -0.911913 
6.63406 -0.156764 -0.727716 -0.502112 -0.703677 -0.112439 -0.224493 -0.081226 0.251373 0.0630134 -0.155824 -0.21687 0.208395 1.33998 -0.658225 -0.218818 2.90025 0.748665 -3.93016 -1.77093 4.58113 1.69964 -2.77064 -1.24732 0.974689 1.26928 -3.545 1.66189 0.640457 -0.139847 -0.421261 -2.05781 0.284853 -0.654214 -0.421409 0.636768 1.82482 1.95373 -1.97301 
6.6404 -0.167107 -0.685418 -0.503305 -0.659253 -0.223852 -0.240786 0.010751 0.28493 0.0214682 -0.147106 -0.137714 0.168329 -1.71486 0.0585888 0.265471 3.99951 0.964868 -4.87334 -1.43826 2.59454 0.918651 -2.11306 -0.754355 1.97576 1.32759 -5.07769 2.05932 -0.456725 1.25638 0.499095 -1.03004 -0.557293 -2.57639 -0.577595 0.344903 1.10658 0.885614 -1.02615 
6.63367 -0.154755 -0.659964 -0.491604 -0.689751 -0.327741 -0.218581 0.100387 0.276678 0.0149338 -0.12501 -0.0929158 0.1209 -2.96885 0.274453 0.698381 4.30472 0.753922 -5.32064 -1.50473 1.52854 0.375813 -1.34337 -0.0037902 2.45904 1.13875 -4.55031 1.28873 -0.595644 2.07154 0.814647 0.0642867 -1.15781 -3.68813 -0.921659 0.625171 0.654176 0.095795 0.55241 
6.60548 -0.123915 -0.692757 -0.41486 -0.734523 -0.388442 -0.288434 0.186764 0.312542 -0.0420037 -0.0885552 -0.0699379 0.127536 -3.39257 0.569918 0.360012 4.13642 0.542418 -4.59423 -2.31472 1.51297 -0.387595 -1.15885 0.812916 2.58204 0.681802 -1.69797 -0.272777 0.139183 1.17764 0.331024 1.12024 -0.865903 -2.79303 -1.7181 1.02198 0.534829 -0.180493 1.1149 
6.38806 -0.0520466 -0.712783 -0.310933 -0.625879 -0.527425 -0.356847 0.114715 0.346304 -0.101915 -0.111469 -0.015596 0.151344 -3.08591 0.324671 0.460629 3.45188 0.431526 -3.46505 -2.67617 1.41995 -1.09448 -1.32875 1.37098 2.19748 0.340942 2.56948 -1.57801 0.475239 -1.04038 -0.851655 2.65445 -0.747199 0.422423 -1.9597 0.670557 0.944576 -0.643458 0.337467 
6.03679 -0.0219078 -0.68755 -0.0418231 -0.519907 -0.611654 -0.343732 -0.161186 0.239944 -0.0497567 -0.158705 0.0540732 0.252573 -2.55854 -0.0637822 0.603358 2.78118 0.255523 -2.15197 -2.89116 1.26469 -1.73979 -1.30369 1.57919 1.43229 0.459301 5.74629 -1.94076 0.633178 -4.00581 -1.60223 3.47322 -0.570637 3.70477 -1.22078 -0.463576 1.32882 -1.31971 -1.21831 
6.30347 -0.112409 -0.634933 -0.118501 -0.662731 -0.628448 -0.434887 0.039342 0.237246 0.00468963 -0.0280722 0.0517923 0.250309 -1.92054 -0.452815 0.91342 1.74927 0.393433 -1.10065 -2.7446 1.03606 -2.04233 -1.31777 1.67416 0.772732 0.433369 3.46225 -0.898299 0.441564 -3.95781 -0.494476 2.89744 0.39364 2.48886 -0.427949 -1.23283 0.389174 -1.69855 -1.49481 
6.38356 -0.12871 -0.664634 -0.158946 -0.694364 -0.557087 -0.521163 0.216725 0.136879 -0.0891349 0.0230093 0.0931493 0.197581 -1.21707 -0.7735 1.26214 0.485437 0.459247 -0.176182 -2.38714 1.03724 -2.14454 -1.18042 1.58345 0.105046 0.292229 -0.159571 0.194695 0.454397 -2.32262 0.794505 1.23407 1.12313 -0.674314 0.786248 -0.620134 -0.65553 -1.78401 -0.468257 
6.36249 -0.151069 -0.641964 -0.177222 -0.636626 -0.522618 -0.561276 0.236791 0.126656 -0.179161 0.0284041 0.055996 0.175728 -0.925339 -0.877609 1.43861 -0.655964 0.497592 0.718935 -2.01823 1.12486 -1.71315 -1.1402 1.34854 -0.583837 -0.0747226 -3.17469 0.957715 0.35042 -0.449633 1.57551 -0.217962 1.3944 -3.14232 1.39209 0.575746 -1.39125 -1.09051 0.429429 
6.33626 -0.168329 -0.581603 -0.219861 -0.646082 -0.506108 -0.570682 0.228484 0.0775948 -0.161967 0.0560005 0.0102834 0.18227 -2.99742 -0.339655 1.52644 -1.39183 1.35314 1.32927 -1.55822 0.524216 -0.972559 -1.23327 0.785653 -1.06842 -0.659725 -5.45787 1.2564 0.136529 0.88455 1.96359 -0.328762 1.20259 -3.76974 1.51399 1.16989 -1.64331 -0.255744 0.368562 
6.28154 -0.158437 -0.556114 -0.23811 -0.608736 -0.530699 -0.546474 0.172598 0.0778967 -0.176068 0.0697486 -0.00546401 0.189748 -8.762 0.853965 1.76801 -0.936954 2.92777 1.01298 -0.113259 -2.09377 -0.455886 -0.540054 -0.147177 -0.835362 -1.35824 -7.92852 1.52989 0.192052 0.746733 1.88864 -0.0323265 1.27186 -2.86239 1.32464 1.48653 -1.26879 0.563381 -1.08715 
6.21661 -0.154622 -0.54594 -0.244419 -0.576007 -0.509262 -0.597927 0.158465 0.0865356 -0.179425 0.0499237 -0.0304314 0.225587 -13.4446 0.309927 2.51301 -0.744147 3.81705 1.06308 0.876784 -3.20271 -0.0934579 0.303521 -0.46405 -0.563047 -1.49901 -10.7487 0.555512 0.749418 0.462725 2.05719 0.448453 1.87397 -1.85474 0.403572 1.19177 -0.691434 1.25096 -2.06497 
6.04465 -0.138995 -0.519507 -0.247944 -0.498474 -0.486104 -0.602586 0.0866257 0.127568 -0.181128 0.0120382 -0.0488322 0.187011 -13.7973 -1.08848 1.98633 -1.35475 3.35988 1.72498 2.19687 -2.76775 -0.712768 1.20333 -0.451447 0.188624 -1.32499 -7.06846 -2.03994 0.440873 -0.662308 0.55786 0.977316 2.74316 0.117667 -1.10127 1.29602 0.211647 1.57817 -1.14124 
5.58526 -0.0720842 -0.473319 -0.234739 -0.370965 -0.407985 -0.57283 -0.0204162 0.116425 -0.17434 -0.0161674 -0.0604079 0.117607 -12.305 -2.60844 1.67027 -1.29983 3.25735 2.07094 2.54454 -1.55405 -1.03593 0.961473 -0.0878181 0.503713 -1.27706 3.06146 -4.86462 -0.379767 -1.28553 -1.57407 0.96963 2.07752 3.09935 -1.99747 0.593704 1.27774 1.1649 0.765225 
4.90053 0.0491492 -0.40656 -0.254395 -0.259932 -0.504498 -0.396985 -0.213658 0.135925 -0.0610723 -0.0257818 0.0207126 -0.0457427 -10.0118 -4.64278 1.44491 -1.5858 2.46899 2.46385 2.87102 -0.418883 -1.75084 0.868313 0.531753 0.473357 -0.898688 13.5281 -6.50401 -1.44376 -1.19908 -3.17885 1.24795 0.128675 5.15245 -2.19026 -0.881541 1.87197 -0.145332 2.72807 
4.5536 -0.254375 -0.276227 -0.277206 -0.187747 -0.365118 -0.410083 -0.100174 0.0747308 -0.09437 -0.00185223 0.025038 0.0219477 -7.62902 -6.55948 1.94676 -2.44312 1.41562 1.86153 2.11154 0.326942 -2.48973 0.520518 1.42313 0.636791 -0.0929155 15.4007 -4.38674 -1.1493 -1.04353 -3.37439 -0.444451 -2.18467 3.60607 -1.36287 -1.61326 1.88652 -0.912376 2.79542 
5.09851 -0.483083 -0.467346 -0.467178 -0.366071 -0.235535 -0.213525 0.0291943 -0.0858739 0.0122034 0.0232196 0.0864921 0.109463 -5.18051 -8.22587 2.53763 -2.75813 0.748732 1.88393 1.50271 1.21074 -3.19096 -0.0434742 1.24703 0.735573 0.826632 5.8176 -1.36805 1.51855 -0.0424813 -1.08925 -1.68522 -3.73072 0.314623 -0.0993367 -2.09102 0.479701 -1.00479 1.5177 
5.26482 -0.574113 -0.393703 -0.355012 -0.267509 -0.27722 -0.329581 0.151915 -0.0547462 -0.135344 0.104286 0.0221236 0.0832272 -1.73079 -8.99042 2.98042 -2.79891 0.0866277 2.44101 0.535044 1.85459 -3.17901 -0.497347 1.07811 -0.184648 1.15463 -3.3589 1.00499 2.88269 -0.12872 0.299176 -0.67812 -2.67842 -2.29301 0.346661 -0.783506 -1.3161 -0.82276 -0.00097492 
5.22342 -0.786897 -0.384416 -0.431381 -0.334868 -0.224769 -0.265196 0.121445 -0.136708 -0.108708 0.152746 -0.0155648 0.134534 0.0810204 -8.48373 3.22508 -2.83887 -0.439376 2.55784 -0.0913427 1.84899 -2.70706 -0.683812 0.860864 -0.766073 1.37366 -6.63608 2.8734 2.63383 0.180256 1.05456 0.382446 -0.712863 -2.46669 1.19912 0.432741 -2.22456 -0.512511 -1.30903 
5.036 -0.924493 -0.185179 -0.60429 -0.370001 -0.372504 -0.490573 0.0672078 -0.196654 -0.141427 0.227699 0.0461052 0.220104 -1.10049 -6.52295 3.83815 -2.18907 -0.229653 1.77877 -0.767221 0.661786 -1.74961 -0.881711 0.168413 -0.474446 0.704456 -3.44063 3.23412 0.608682 1.26346 0.812755 1.70283 1.14123 -1.00461 1.83297 0.761425 -2.19455 -0.308422 -1.72558 
4.82221 -1.0582 -0.0829081 -0.552368 -0.254606 -0.203571 -0.374622 0.0930189 -0.266678 -0.18262 0.0250965 0.0740434 0.211338 -3.62805 -4.72192 4.29583 -1.87598 0.185927 1.49971 -1.21437 0.287818 -0.359089 -1.30171 -0.491771 -0.210318 0.323151 1.57768 3.74053 -1.66043 0.819127 -0.560531 0.236032 1.04098 0.256919 2.57809 0.418663 -0.468499 0.487664 -1.13948 
4.93887 -1.07817 -0.0372098 -0.556394 -0.269976 -0.0224257 -0.402679 0.106471 -0.227974 -0.15376 0.0680448 -0.131588 0.108107 -3.79379 -3.18994 3.2786 -2.07968 -0.0415393 2.11524 -0.763773 -0.26245 0.221186 -0.928961 -1.03189 0.576998 0.37297 2.06382 3.33315 -2.45298 0.586565 -0.526043 -1.34649 0.000402778 0.375068 2.36476 -0.720265 0.264675 2.14157 0.219473 
4.82718 -1.07879 -0.0239042 -0.649808 -0.338213 -0.114217 -0.304577 0.0828703 -0.187933 -0.0885508 0.10522 -0.0531078 0.147896 -2.78834 -1.39386 2.27519 -1.59326 -0.488362 1.39734 -0.862509 0.0408577 1.17451 -0.760238 -0.967243 0.943131 0.0790698 1.87477 2.29419 -2.53542 0.024271 -0.878033 -1.56191 -0.961996 0.204704 1.26761 -0.740439 0.527943 2.02527 0.874419 
4.74525 -1.11848 0.0971051 -0.556564 -0.284885 -0.144111 -0.469694 0.0548441 -0.167021 -0.211546 0.0287838 0.0655798 0.137597 -1.16908 -0.0681289 0.971818 -0.869264 -1.1843 0.84408 -0.14308 0.367865 1.25325 -0.380022 -0.380055 0.621483 -0.199467 1.74314 1.70631 -2.18754 -0.306841 -1.38589 -1.54467 -0.263841 0.226732 -0.294068 0.515711 1.16522 0.280449 0.662533 
4.80358 -1.07092 0.0212577 -0.68777 -0.32989 -0.103236 -0.414317 0.183424 -0.0579974 -0.263068 0.02058 0.064515 0.170792 0.0929165 0.575541 -0.289029 -0.525911 -1.64536 -0.250425 -0.606336 0.394685 1.16403 0.171867 0.829875 0.103845 -0.130581 1.65963 0.710224 -1.60917 1.23679 -0.944317 -1.03667 0.484915 -0.0743357 -1.69565 1.84655 1.46892 -1.96982 -0.428834 
4.77539 -1.05644 -0.0342006 -0.682143 -0.303283 0.0239043 -0.436634 0.0485377 -0.0929852 -0.240272 0.0248646 0.128364 0.20639 0.182114 1.1068 -1.48969 -0.0202568 -1.17857 -0.799485 -0.338488 0.60624 0.976679 0.33322 0.561847 0.413238 0.00262657 1.71188 0.403915 -1.45647 1.78266 -0.146848 -1.12103 0.884138 0.599479 -1.32895 1.96162 1.30132 -2.9808 -1.16672 
4.77952 -1.01996 -0.014513 -0.703563 -0.465627 -0.192486 -0.484676 0.113366 -0.0404101 -0.169963 0.0751347 0.113996 0.177487 0.419754 2.76677 -1.94422 1.7096 -0.412997 -0.571045 0.213549 0.146373 0.302968 0.884402 -0.373607 -0.785197 -0.321241 0.171068 1.49093 -1.21669 2.7984 2.00241 0.0119706 1.44849 -0.240586 -1.01436 1.08887 -0.908211 -2.00961 -0.757796 
4.86339 -0.983032 -0.00631545 -0.635844 -0.493238 -0.195707 -0.39939 0.147742 -0.153019 -0.159039 0.137907 0.0121299 0.14076 3.45446 6.47359 -3.81563 2.28463 -0.368065 -0.355588 0.538712 -0.544509 0.560665 0.919433 -0.653621 -1.92747 -0.497114 1.70496 5.24527 -2.04829 2.57435 2.68218 1.0505 0.353646 -1.39171 0.697703 -0.71902 -2.99892 -0.62607 -0.139598 
4.91835 -1.03059 -0.150205 -0.565986 -0.430192 -0.139085 -0.446888 0.147066 -0.124156 -0.0878054 0.196191 -0.107031 0.122209 7.10564 8.88553 -4.66688 2.83163 -0.420117 -0.125735 -0.157987 -1.34765 0.844018 0.326384 -1.25023 -2.34084 -0.785828 6.00728 8.34662 -2.39097 0.812829 0.890448 1.4671 -0.47844 -2.06934 1.72422 -2.19509 -3.35595 0.239661 0.27918 
4.86297 -0.918082 -0.254253 -0.580737 -0.357524 -0.155535 -0.39813 0.18095 -0.0430347 -0.120543 0.0720778 0.0265194 0.124773 10.506 10.0595 -5.37596 2.37386 -0.289237 0.595444 -0.487788 -1.5356 1.4099 -0.752746 -2.04351 -2.43986 -1.07525 9.98859 6.68246 -1.97159 -1.0825 -1.24569 1.7466 -1.84604 -2.27428 1.55049 -2.69252 -1.55823 0.00516828 0.0112797 
4.76445 -0.575915 -0.167681 -0.276747 -0.289343 -0.175583 -0.297889 0.0182618 -0.157093 -0.043642 -0.136719 -0.10528 0.117903 12.642 10.0748 -5.79241 1.55173 0.0390741 2.17659 -0.722055 -2.06793 1.89706 -1.72704 -2.67717 -2.03108 -1.20773 9.82289 0.0738131 -1.15299 -3.87879 -2.46789 1.67697 -2.30165 -0.28495 1.60957 -2.60243 0.910742 0.549961 -0.58282 
5.55972 0.0621392 -0.571148 -0.378772 -0.38905 -0.102379 -0.451036 -0.0320429 0.0434279 -0.226662 -0.0705182 -0.182763 0.107613 13.2398 9.40468 -5.58043 0.364977 -0.44973 2.53486 -0.813504 -2.18948 2.49348 -1.87437 -2.8937 -1.41885 -1.41076 1.3394 -7.72739 1.76518 -3.68405 -1.26979 1.46234 -0.220977 1.11411 -0.0415191 -0.423316 1.39198 1.04878 -0.937062 
5.99938 0.0732667 -0.604184 -0.434576 -0.492665 -0.0584524 -0.536721 -0.053803 0.0815426 -0.264465 -0.0980556 -0.181309 0.0822071 12.2903 8.19554 -4.68046 -0.707469 -0.931852 2.14015 0.0517517 -2.41026 2.36167 -1.40335 -2.6259 -0.991463 -1.76825 -7.61192 -9.09602 2.80861 -2.22127 0.52361 0.12024 2.24909 1.15254 -0.721129 2.00834 1.0634 1.19254 -0.878555 
6.17731 0.00226483 -0.649152 -0.491264 -0.44262 0.0346998 -0.530974 -0.0878923 0.0780366 -0.334812 -0.168681 -0.163114 0.026687 9.05969 5.58697 -3.30078 -1.25339 -1.06071 1.10462 1.42207 -2.73055 1.31996 -0.0162076 -1.57113 -1.06505 -2.19829 -13.1094 -5.5848 3.44336 -0.0776251 1.09338 -2.58103 4.4065 0.0385074 -1.69162 4.06787 0.701048 0.909111 -0.542352 
6.23988 -0.0372181 -0.674276 -0.540263 -0.454704 0.125251 -0.508358 -0.0732071 0.136098 -0.355036 -0.181445 -0.172881 -0.0145998 2.71757 2.01501 -0.958527 -0.214499 -0.152093 -0.781668 2.50343 -3.28863 -0.998767 1.26289 -0.59336 -0.263538 -1.65727 -14.5967 -1.6013 4.21201 3.39403 1.69288 -5.19176 4.39645 -2.23318 -4.26148 4.55571 0.838983 0.163739 0.553131 
6.21628 0.00064298 -0.701794 -0.569171 -0.493908 0.115354 -0.430533 -0.0819861 0.154966 -0.26487 -0.191577 -0.179371 -0.0513564 -5.06496 -0.657184 2.18486 2.61111 1.2524 -2.9124 3.27455 -4.60835 -3.67139 3.27533 0.0504883 0.166837 -1.27667 -11.8619 -0.021155 4.30017 5.75791 2.15468 -5.80663 1.52985 -3.68838 -5.68473 3.09313 1.87403 0.146676 1.47329 
6.08382 0.0748747 -0.711865 -0.591646 -0.464794 0.00809902 -0.284429 -0.198601 0.162512 -0.147663 -0.21564 -0.171591 -0.101272 -9.6687 -0.558796 3.6235 4.72198 1.95015 -4.69916 3.21062 -5.53878 -4.97199 4.34753 0.967456 0.0386864 -0.937047 -8.09005 -1.05274 4.46329 6.67447 1.974 -4.20574 -1.96949 -3.18957 -5.38381 1.24323 2.21464 0.175278 1.75463 
5.74996 0.0489371 -0.588464 -0.536289 -0.448174 -0.171935 -0.0700508 -0.309218 -0.0221561 -0.00483251 -0.180138 -0.193812 -0.156731 -11.8224 -0.271631 4.78523 5.98421 1.9733 -6.16012 2.61578 -5.88448 -5.53308 4.84246 1.65214 -0.167903 -0.598258 -2.1863 -0.886643 2.48026 4.30899 1.02801 -1.18053 -4.38594 -1.04911 -1.65318 -0.730414 1.61413 -0.00111036 1.12618 
5.2492 -0.0626595 -0.327325 -0.114222 -0.284137 -0.372272 -0.109028 -0.525092 -0.417314 0.0298227 -0.138328 -0.163672 0.0130952 -12.6766 -0.176872 5.53278 6.38853 2.14369 -6.70704 1.81453 -5.98205 -5.68165 4.65486 1.89746 -0.291509 -0.459263 3.64389 0.503547 -0.537675 -1.30872 -1.03231 1.59501 -3.59431 1.88952 3.5195 -1.53027 0.443425 -0.553862 -0.684963 
5.10881 -0.0515716 -0.253523 0.0690975 -0.227047 -0.462508 -0.239614 -0.688654 -0.456784 0.154622 -0.0134151 -0.139255 -0.0463439 -9.76751 -0.528582 4.66176 4.51019 1.96272 -4.61971 -0.273248 -4.33378 -3.75727 2.897 1.61694 -0.120567 -0.0616068 7.81817 0.99706 -3.12873 -6.67818 -2.11652 4.25572 -1.96215 4.62324 6.55154 -2.86015 -1.42876 -0.512061 -0.829912 
4.99551 -0.0254077 -0.196839 0.104407 -0.263524 -0.539752 -0.242371 -0.705176 -0.439353 0.197905 0.00294012 -0.190526 -0.0847852 -2.65538 -0.857428 2.40101 1.73225 0.346342 -2.06633 -2.40578 -1.57676 -0.0364735 1.38274 1.3942 0.21262 0.585456 12.6497 0.313368 -5.23625 -9.13241 -2.71138 5.94974 -1.54271 5.96357 8.05034 -3.44379 -2.05763 0.455296 0.288672 
4.91737 -0.0140098 -0.131192 0.0827956 -0.271275 -0.622554 -0.215828 -0.70008 -0.422814 0.20698 -0.00234419 -0.213894 -0.101336 5.00601 -0.688887 -0.350154 -1.35215 -1.69353 0.0311873 -3.52719 1.61126 4.05256 -0.00785662 0.873529 0.425424 0.954293 16.0035 -0.745016 -6.12191 -7.84744 -3.49955 5.79277 -1.80869 6.47718 7.697 -3.2064 -1.50747 1.1957 1.65907 
4.74937 0.00482173 -0.0602813 0.0685215 -0.241674 -0.65151 -0.194393 -0.757003 -0.441388 0.242145 2.5276e-05 -0.224038 -0.127771 10.8835 -0.473034 -2.8323 -4.13411 -3.55374 1.35339 -3.122 4.80095 6.95221 -1.04966 0.186159 0.697232 0.91193 15.3758 -1.12814 -5.44833 -3.69354 -3.8057 3.21847 -1.46784 6.05772 5.51093 -2.30705 -0.63355 1.47072 2.28821 
5.25496 -0.0568024 -0.286301 -0.300948 -0.264171 -0.277686 -0.460147 -0.506177 -0.125587 0.0190962 -0.0733038 -0.153423 -0.0501113 13.2627 -0.614376 -4.04535 -4.47361 -4.36882 1.382 -2.11225 6.40681 7.33644 -1.58441 -0.721866 1.18959 1.80922 6.65156 -0.175633 -2.33907 2.05517 -2.87388 -2.03588 1.64953 2.98008 0.722857 0.389562 -0.0241362 0.86143 1.18752 
6.08899 -0.103309 -0.502341 -0.429884 -0.526385 -0.24954 -0.556566 -0.32626 0.234512 0.0608241 -0.0191593 -0.0998851 0.0493082 11.4851 -0.59511 -4.83071 -2.90984 -4.59729 1.13291 -1.30698 6.20299 6.4014 -1.34923 -1.43763 1.51235 2.57306 -8.42238 0.82402 1.17509 6.24722 0.102668 -4.68866 4.2975 -1.20335 -5.1016 1.68987 -0.993461 -0.0731085 0.203607 
6.36007 -0.0977398 -0.562491 -0.443586 -0.67677 -0.320659 -0.517923 -0.133808 0.337025 0.026655 -0.0204588 -0.119834 0.0673125 5.70101 -0.73534 -4.26581 -0.333912 -3.24229 1.06606 0.0939226 4.46576 4.25418 -1.6572 -2.08126 1.21249 3.44431 -20.4171 0.807713 3.53614 7.83599 3.94615 -3.48181 4.83728 -5.86328 -8.34964 1.45105 -1.87623 -0.742999 0.464787 
6.40049 -0.0966431 -0.612145 -0.400155 -0.705625 -0.371635 -0.46262 0.0210775 0.314144 -0.0211054 -0.0577157 -0.0643677 0.0759824 1.80679 -0.974469 -2.71171 2.27808 -1.915 -0.199872 0.417026 3.0676 1.90437 -1.64445 -1.75889 0.96031 3.49852 -20.512 -0.0446656 4.39812 6.3497 5.69033 -0.816057 2.08995 -7.43422 -7.44376 0.245514 -1.07755 -1.19901 0.672684 
6.31449 -0.0828414 -0.627216 -0.283091 -0.71375 -0.494537 -0.3609 -0.0224638 0.26331 0.0582701 -0.134536 -0.0145434 0.156791 -2.33633 -1.13698 -0.245818 4.96044 -0.617399 -2.00961 0.916569 1.5294 -1.17999 -1.30155 -0.813591 0.657802 2.78083 -8.95175 -1.24825 3.88822 2.67076 4.49803 1.38165 -1.94509 -4.15818 -3.83882 -1.6777 1.3034 -0.979941 -0.104822 
5.71709 -0.0615946 -0.687519 -0.0786406 -0.745864 -0.481731 -0.311756 -0.144772 0.152986 0.101864 -0.241663 -0.0501828 0.233651 -4.70289 -1.45266 1.63587 5.75534 0.480883 -2.14441 0.405814 0.9938 -3.52655 -1.82195 0.129476 0.656125 1.55166 6.88481 -1.75712 3.30695 -0.773876 1.09085 0.455713 -4.01728 1.04168 -0.622756 -1.93943 4.10686 0.00639165 -2.11129 
5.00919 -0.13668 -0.529307 0.0933286 -0.434105 -0.344424 -0.177435 -0.371506 -0.019407 -0.101213 -0.301136 -0.119482 0.378555 -3.72189 -1.85741 2.7252 5.48436 0.390884 -1.63047 -0.362739 0.751577 -4.49648 -1.86939 1.17267 0.635884 0.373641 15.8478 -1.0217 1.70499 -3.02891 -3.25888 -0.957471 -3.7973 5.07271 0.743279 -0.421067 4.67209 0.868731 -4.25572 
5.58274 -0.203469 -0.447184 0.126588 -0.473989 -0.491859 -0.463831 -0.209688 0.0142617 -0.10716 -0.129051 -0.0605903 0.310818 -1.54382 -2.11743 3.5197 4.5972 -0.217571 -1.12395 -0.793415 0.841862 -4.84873 -1.92006 2.04477 0.284371 -0.937527 10.6531 0.0452651 0.224126 -3.21513 -4.28018 -0.207075 -0.198497 3.87571 -0.0444782 0.751326 2.14597 0.562861 -4.1125 
5.89686 -0.255218 -0.386872 0.172973 -0.569091 -0.558941 -0.508515 -0.0509465 -0.0368915 -0.147112 -0.00795743 -0.0221664 0.253924 0.898119 -2.16714 4.01305 3.18554 -0.820375 -0.534871 -1.03361 1.33456 -4.72254 -2.17985 2.60902 0.0472972 -2.21975 0.697062 0.878583 -0.475553 -2.38233 -2.57365 1.10609 2.43789 -0.210514 -0.643544 1.38084 -1.01843 -0.487995 -2.34191 
5.99588 -0.281493 -0.332046 0.189055 -0.672653 -0.584347 -0.507429 0.0626873 -0.146068 -0.18144 0.0811512 0.0152411 0.124407 3.30902 -1.92638 4.11404 1.69586 -1.188 -0.705806 -0.554673 1.46602 -4.04696 -2.12237 2.77965 0.00728075 -3.01414 -6.76609 1.09837 -0.519819 -1.35837 0.560215 1.77914 3.24051 -3.72439 -0.0834978 0.701498 -2.83225 -1.45087 0.129045 
5.97546 -0.301798 -0.27152 0.206257 -0.744076 -0.534008 -0.463175 0.0533495 -0.257155 -0.165495 0.0771156 -0.0141566 0.0565463 3.02838 -1.26406 3.25169 0.94397 -1.54113 -0.905602 0.132281 1.20172 -3.35465 -1.68012 2.28073 -0.162561 -3.08122 -7.45601 0.923768 -0.461368 -0.689031 3.18595 0.838465 2.18191 -4.12552 1.28575 -0.651904 -2.3459 -1.27561 1.93086 
5.9075 -0.3222 -0.212336 0.228375 -0.740132 -0.518083 -0.403661 -0.00918651 -0.353792 -0.18017 0.0600366 -0.0506058 0.00256429 -1.99237 -0.392522 2.30543 0.683819 -0.352307 -0.556055 1.50774 0.279785 -2.75175 -1.80999 0.770449 -0.558267 -2.30323 -4.17939 1.12885 -1.3816 -0.433651 3.1392 -0.994737 0.123288 -1.25222 2.85534 -0.867578 -1.13604 -0.240426 2.2665 
5.8098 -0.327106 -0.13802 0.210952 -0.718491 -0.483077 -0.396605 -0.0710338 -0.378285 -0.224457 0.0497685 -0.0740223 -0.0172234 -8.41928 0.649401 1.27395 0.519835 1.56799 -0.300974 1.63621 -0.365254 -1.49173 -1.75959 -0.461549 -0.588162 -1.54507 -6.28165 1.69979 -2.5289 0.0510493 2.77737 -1.40316 -0.559045 1.34315 3.08036 -0.442119 -0.869724 0.656707 1.7665 
5.76186 -0.329359 -0.0987353 0.197893 -0.652756 -0.547314 -0.327467 -0.129946 -0.350503 -0.295194 0.0742578 -0.089452 -0.0195799 -14.5601 1.9081 0.815085 0.356021 3.69374 -0.560179 0.598479 -1.22153 0.254881 -1.44364 -1.52296 -0.46218 -0.205179 -11.5509 2.51576 -2.36177 0.168722 2.7366 -0.600328 -1.79852 1.61925 2.72678 0.7328 -1.58133 1.03421 1.31556 
5.69757 -0.312158 -0.132074 0.247023 -0.593743 -0.583731 -0.328535 -0.10287 -0.361868 -0.341864 0.0929796 -0.0960862 0.0220818 -18.6119 2.87029 0.540587 -0.0469925 5.04936 -0.746553 -0.546038 -1.31815 1.4565 -1.20805 -2.06676 -0.121929 0.531101 -13.8622 2.61037 -0.73985 -0.43735 2.65473 0.541314 -2.55634 -0.0838292 2.06611 1.60323 -2.11816 0.798576 0.925935 
5.39254 -0.228635 -0.211954 0.236413 -0.559922 -0.64353 -0.328506 0.0266138 -0.297444 -0.341977 -0.00185769 -0.0774043 -0.000672056 -16.9445 2.09127 -0.29893 -1.00107 4.73894 1.03439 -0.988906 -0.674465 1.22296 -1.1161 -1.93755 0.30275 0.848748 -4.9717 0.112111 0.577663 -1.54814 1.04318 2.87587 -2.13692 -1.54929 -0.0445806 1.16556 -0.805382 0.41747 0.686558 
4.4199 -0.125542 -0.256575 0.254651 -0.358651 -0.557628 -0.320024 -0.00690503 -0.244758 -0.349667 -0.0725752 -0.0490466 -0.0157651 -11.128 1.3367 -0.920655 -1.91348 3.94792 1.52351 -1.61301 -0.12691 0.751127 -0.297802 -1.06683 0.844902 1.0049 14.2367 -2.97482 0.63579 -2.66477 -2.2755 3.10636 -1.16984 -0.755579 -2.07453 0.719582 1.80304 0.37696 0.33345 
3.80806 0.0128207 -0.141161 0.228729 -0.159579 -0.61879 -0.519767 -0.207445 -0.123924 -0.293967 -0.167177 -0.0552212 0.119137 -3.41462 0.572065 -1.14833 -2.13655 2.16204 1.40902 -2.2388 0.558926 1.12914 0.316927 -0.287209 1.19197 0.913905 29.7477 -4.8439 -0.823454 -2.04964 -5.63925 1.54546 0.652885 1.99174 -2.36529 0.206843 3.95311 0.628547 -0.686065 
3.68434 0.0385445 -0.102172 0.162764 -0.120279 -0.583787 -0.550636 -0.198699 -0.145458 -0.307859 -0.188964 -0.056677 0.0964356 4.71061 -0.128857 -1.13484 -2.38788 0.192645 1.15079 -2.38926 0.926126 1.27522 0.926706 0.455639 1.45043 0.813025 30.6743 -3.5504 -1.70252 -0.172445 -6.49628 -1.39455 0.947996 3.31789 -0.534792 0.672284 3.77181 0.816737 -0.744836 
4.56178 -0.291364 -0.261616 -0.00307559 -0.309417 -0.154742 -0.441343 -0.0672961 -0.36524 -0.395307 -0.0831964 -0.0168025 0.0696102 11.6438 -0.527135 -1.12379 -2.30084 -1.26447 0.370684 -2.06771 1.40079 1.24782 1.15048 1.08148 1.68028 0.721449 13.9798 0.928371 -0.749611 1.93295 -3.72189 -5.20163 0.328896 2.45544 2.50843 1.30254 1.00625 0.634667 -0.495574 
5.3306 -0.257142 -0.278672 -0.0726396 -0.325834 -0.402787 -0.555586 -0.0433199 -0.331035 -0.252827 0.0834538 0.0574657 0.0999787 14.3184 -0.266723 -0.246004 -2.84864 -2.45551 -0.265339 -0.795803 1.91726 1.09856 1.38212 1.59931 1.57109 0.067741 -8.69126 3.65363 1.41317 1.75977 -0.0511547 -3.55857 1.29336 0.195967 2.6873 0.638432 -1.75969 -0.179314 -0.596527 
5.78271 -0.237262 -0.289638 0.0462171 -0.498023 -0.568622 -0.602806 0.0600259 -0.0822704 -0.266527 0.0793665 0.0649843 0.0872823 12.1476 -0.829797 0.52319 -2.52893 -2.13834 -0.296568 0.556235 2.82061 1.086 1.66369 1.73519 1.50138 -0.475702 -22.0916 2.90398 3.47517 -0.0940305 3.67596 -0.075638 2.19982 -1.42809 0.263906 0.381215 -2.38823 -0.742061 -0.474131 
5.93882 -0.196056 -0.316359 0.0142968 -0.570955 -0.545647 -0.621949 0.0867725 -0.100977 -0.18986 0.0469616 0.0968696 0.113882 6.57408 -2.09843 1.75326 -2.33708 -0.301456 0.466656 1.80865 2.98609 1.27578 2.0253 0.880994 0.837635 -0.326172 -21.6592 -1.66278 4.01553 -1.43337 5.43107 3.88999 3.54789 -0.779789 -1.82593 -0.190113 -1.60133 -1.42966 -0.607966 
5.76541 -0.10857 -0.3297 -0.00842446 -0.496201 -0.630178 -0.576231 0.133974 -0.0677578 -0.201691 -0.012516 0.14459 0.0974965 -1.27133 -3.58143 2.76203 -2.92223 2.03489 2.10701 2.84045 2.14287 0.243165 1.43207 -0.115526 0.0348777 0.0146171 -11.0137 -7.14977 2.44437 -2.28416 4.84463 7.23722 3.44585 -0.213632 -3.79766 -0.877287 -0.334132 -1.82196 0.216826 
5.09901 0.00259568 -0.0625728 -0.217735 -0.447574 -0.531022 -0.400604 0.0417793 -0.105224 -0.164539 0.0526518 0.0966475 0.0042594 -6.2279 -6.24474 2.50366 -4.10478 3.10446 4.47656 3.23743 1.22568 -0.806035 0.633494 -0.285176 -0.720842 -0.0459998 1.18437 -9.13362 -1.16337 -1.65857 2.81215 5.42345 0.549661 -0.31775 -2.91863 -1.25255 0.318137 -1.50424 1.17652 
5.03008 -0.274335 0.00340093 -0.13719 -0.294021 -0.459073 -0.409197 0.184191 -0.0888553 -0.0980849 0.0591922 0.114585 0.0519248 -7.66567 -7.91259 2.09893 -4.85309 4.02937 5.53789 3.13292 0.598862 -2.08711 0.332521 0.232258 -1.11518 0.0128398 6.33803 -5.58994 -3.56164 -1.30822 -0.490457 2.08418 -1.63842 -1.46241 -1.50144 -1.76383 0.712678 -1.01684 0.845054 
5.09675 -0.660876 0.0393459 -0.234712 -0.146776 -0.159369 -0.206717 0.298173 -0.150334 -0.0848022 -0.0371354 0.0146993 0.0734627 -6.76669 -8.38994 1.62346 -4.77144 3.14021 4.65255 2.03038 0.657829 -1.2305 -0.119073 0.536927 -1.1475 0.0867388 5.33155 1.3163 -3.68773 -0.242603 -3.5266 -3.39049 -4.11773 -1.84984 1.05091 -1.1323 1.25224 0.438045 0.106437 
5.0056 -0.915047 -0.0195877 -0.462368 -0.0678346 0.131014 -0.145023 0.161467 -0.43562 -0.253858 -0.0129713 -0.000752846 0.138236 -4.41067 -8.15385 1.18423 -3.77321 1.86701 3.94794 1.40774 0.0722765 -1.03703 -0.605004 0.783834 -1.0951 0.127465 2.27449 6.56954 -1.17938 2.30593 -4.50761 -6.98553 -3.5944 -0.774478 3.64249 0.0373175 0.90339 1.22901 -0.905202 
4.96132 -1.03614 -0.116423 -0.560701 -0.134994 -0.0442915 -0.338941 0.0687656 -0.237579 -0.182385 0.105535 -0.0248555 0.0818662 -1.86073 -6.52136 0.397934 -2.72203 -0.00723365 2.00695 -0.00779405 0.164507 0.437152 -0.329355 0.669114 -0.921908 0.0588337 -0.145952 7.73701 1.84064 3.50777 -3.95067 -5.61116 -1.2039 0.632673 3.59592 0.828758 -0.17875 1.06766 -0.981461 
4.97988 -1.01624 -0.0953929 -0.504592 -0.107035 -0.033676 -0.295909 0.145401 -0.306387 -0.182853 0.116176 -0.0293592 0.0768337 -1.79307 -3.95305 0.734996 -1.98755 -1.76624 0.95378 -0.741856 -0.494041 1.05446 -0.515225 0.964807 -0.508034 -0.0776559 -0.101259 4.4617 2.5708 3.31059 -2.58281 -1.9642 0.0278018 0.8263 2.39428 0.835151 -0.722656 0.674211 -0.223491 
4.91126 -0.933242 -0.0535528 -0.553659 -0.290614 -0.220773 -0.421471 0.234847 -0.0767608 -0.18589 0.0762741 0.0300431 0.0906828 -1.8615 -2.00773 1.24719 -0.460335 -2.65723 -0.546686 -2.03603 -0.866357 1.4853 -0.383174 1.31847 0.331381 0.0484336 0.456604 0.362558 1.70421 2.02487 -0.27528 2.06021 0.539204 -0.406532 -0.846279 0.239793 -0.322845 0.215 0.544104 
4.86252 -0.980386 0.0479323 -0.434586 -0.243607 -0.117347 -0.232235 0.0839889 -0.217786 -0.270149 0.101567 0.00262794 0.0499899 -1.30289 -1.29602 1.48778 0.730497 -2.55061 -1.14684 -1.32224 -0.0637852 2.45466 0.263538 0.669888 0.395302 -0.291321 0.746914 -1.7033 -0.427461 0.165748 1.00919 2.32262 -0.332445 -0.450443 -1.43119 0.0748903 -0.0566817 0.327761 0.742673 
4.85868 -0.936725 0.0689129 -0.505165 -0.405474 -0.213704 -0.390176 0.193737 0.0316664 -0.0850376 0.099158 -0.0503823 0.0271595 -0.623373 -1.05669 0.931258 1.1614 -2.05651 -0.428412 -0.526254 0.544227 1.83611 -0.277929 -0.332623 -0.0202288 0.103806 1.2878 -1.74392 -2.3223 0.0429608 2.14532 0.810508 0.210198 0.0647763 -1.35965 -0.74742 -0.584019 -0.0195378 0.480266 
4.84443 -1.04877 0.115497 -0.446888 -0.414766 -0.0115753 -0.392829 0.136226 -0.110863 -0.217693 0.14822 0.0209721 0.109157 -0.911369 -0.699403 -0.669065 1.24563 -1.74583 -1.19267 -0.170959 0.224946 1.26539 0.527634 -0.263834 -0.429638 0.379937 0.793413 0.675893 -3.7576 0.0914726 1.85475 -2.21357 1.4348 1.16435 -0.466427 0.454342 -1.25752 -1.03675 -0.0114178 
4.83292 -1.12119 0.121331 -0.406675 -0.381502 -0.083474 -0.520171 0.0533821 -0.179349 -0.234569 0.17843 0.0860174 0.141445 0.430702 2.8457 -2.29119 1.27207 -0.642376 -1.43489 0.400492 -0.297501 0.628688 1.04864 -0.842248 -0.6727 0.393985 0.984108 5.99464 -4.08405 -0.072371 0.818633 -3.32467 2.18169 0.857627 0.539238 1.44308 -1.72302 -1.52862 -0.259627 
4.85705 -1.15813 0.0379795 -0.436239 -0.338026 -0.139126 -0.299025 0.171923 0.00950537 -0.156628 0.0780861 0.00985867 0.020441 4.69406 6.57263 -4.66573 0.958894 -1.01793 -2.16579 -0.0068675 0.0499876 1.39263 1.43501 -1.66723 -0.365547 0.48666 4.69118 10.1803 -3.8212 0.119001 -0.496798 -2.12662 0.678415 -0.826455 0.0370274 1.56843 -1.14754 -0.498752 0.181924 
4.9413 -1.08282 -0.0879708 -0.392032 -0.387645 -0.1674 -0.378668 0.262604 0.00909374 -0.26031 -0.0117953 -0.0918993 0.109939 9.07933 8.81363 -6.41402 0.64809 -1.28238 -1.99435 0.651944 -0.165028 1.45038 1.25537 -2.11924 -0.310994 0.370533 9.51894 9.79569 -2.99338 -0.810639 -1.7345 0.0528672 -0.65953 -1.4208 0.982694 1.4981 -0.467775 1.05341 -0.094288 
4.73869 -0.943918 -0.244974 -0.338203 -0.429502 -0.393542 -0.304856 0.171941 -0.115323 -0.0145069 0.108192 -0.0830272 0.143579 12.332 10.2588 -7.54274 -0.193078 -1.89375 -1.80795 0.890635 0.0813563 2.31959 1.53688 -2.48939 -0.609115 0.117866 12.2815 3.90071 -1.50517 -1.62863 -1.83201 3.42134 -1.08587 -0.679811 1.45701 -1.17428 -0.524007 1.51363 -0.21897 
5.06734 -0.148776 -0.308851 -0.367159 -0.339886 -0.363615 -0.296086 0.0511494 -0.0152416 -0.0430925 -0.0662464 -0.0503537 0.0997766 14.2569 10.1834 -7.8288 -0.915329 -2.13881 -0.447138 1.51861 -0.377406 2.06869 1.26499 -2.60857 -0.42332 0.364057 7.3948 -5.89616 -0.0805542 -1.97999 -1.32201 3.98465 -0.012768 0.343412 0.610675 -1.88225 0.256152 0.743003 0.0103391 
5.90531 0.00979508 -0.602618 -0.356371 -0.538377 -0.334398 -0.383881 0.133263 0.120672 -0.0380133 -0.123617 0.0076986 0.107858 14.4977 8.95294 -7.44299 -1.51534 -1.8966 0.865387 1.57368 -1.3012 1.05281 0.866101 -2.44241 0.278428 0.818767 -3.27269 -10.0692 1.95619 -1.86545 1.00851 3.21675 2.19387 0.0482359 -1.23363 -1.53213 0.360159 -0.296785 0.296151 
6.24523 -0.0669986 -0.710178 -0.455298 -0.6313 -0.266501 -0.344486 0.155814 0.169762 -0.0372247 -0.111962 -0.0267687 0.110817 13.4259 6.45769 -6.52813 -2.17417 -1.10999 1.83427 2.55978 -1.74431 0.615809 0.70055 -2.53279 0.852487 0.675538 -10.4291 -8.12347 2.81621 -0.677968 2.79753 1.26382 2.58159 -1.04153 -3.06866 -0.62477 0.0776049 -0.0542237 0.85153 
6.31256 -0.0921799 -0.771039 -0.504842 -0.612619 -0.179603 -0.280152 0.151935 0.157702 -0.0950923 -0.14187 -0.0560234 0.120427 11.1751 3.32018 -5.45838 -2.29489 -0.495452 2.61871 2.92661 -1.57536 0.198677 -0.226847 -2.73495 0.886602 0.812481 -11.3818 -3.52626 2.57603 0.489693 2.94809 -0.847875 1.92594 -1.65567 -3.03029 0.663286 0.00724135 0.706149 0.630986 
6.3619 -0.121149 -0.828591 -0.547879 -0.561213 -0.130136 -0.152008 0.0370863 0.087342 -0.070141 -0.20071 -0.0256478 0.165961 6.68145 -0.217843 -4.32844 -1.8602 -0.045889 2.28565 3.12438 -1.40258 -0.717099 -0.323359 -1.90046 0.749476 1.0411 -6.96312 0.394944 1.92633 1.33358 1.59646 -1.51399 -0.207748 -0.43154 -0.98661 0.129806 0.0624986 0.696317 -0.0491442 
6.33463 -0.0874668 -0.903939 -0.592835 -0.517588 -0.0819749 -0.0758536 -0.000401915 0.0312582 -0.0439039 -0.254372 0.0103789 0.191932 2.07336 -0.56829 -2.84184 -1.27468 0.955583 1.58926 3.17407 -1.55561 -1.32293 -0.500181 -1.61102 0.757206 0.938935 -2.18189 0.472646 1.18831 1.85414 -0.412567 -1.76981 -1.92966 1.19375 0.793511 -0.574943 0.87713 0.14639 -0.503906 
6.35173 -0.0990584 -0.923804 -0.617121 -0.469854 -0.0979458 -0.00844805 -0.0418527 -0.00743906 -0.0353306 -0.301275 0.0547455 0.206324 0.531456 -0.305456 -1.98232 -0.367893 0.91802 0.790959 2.48461 -1.09292 -1.2741 -0.749725 -1.23881 1.0187 0.732108 -0.414124 -0.14183 1.22957 1.69592 -1.42488 -1.32053 -2.39994 2.04762 1.44794 -1.11916 1.59005 -0.507462 -0.743915 
6.32533 -0.0889924 -0.96809 -0.583075 -0.483805 -0.0984182 0.00893575 -0.0556322 -0.00619336 -0.0658657 -0.31171 0.0581784 0.210965 -0.096941 -0.0424876 -1.4265 0.306852 0.464136 -0.133235 1.62374 -0.247798 -0.827092 -0.925561 -0.666883 1.19449 0.257931 -0.152517 -0.165476 1.2696 1.15639 -1.23519 -1.06245 -1.83256 2.0511 1.11912 -1.00585 1.47447 -0.336544 -0.864537 
6.36392 -0.114295 -0.976818 -0.55927 -0.496768 -0.0778725 -0.0286976 -0.0209071 0.0208444 -0.116787 -0.27751 0.0417976 0.217092 -0.434532 -0.0498648 -0.520212 0.839751 -0.0976192 -0.981168 0.681749 0.831898 -0.256822 -1.23209 0.0836687 1.08912 -0.432253 -0.492332 0.0602102 1.34985 0.526062 -0.750154 -1.24523 -0.791047 1.41794 0.421872 -0.223641 0.966745 0.228401 -1.03146 
6.33079 -0.103922 -0.990769 -0.540635 -0.487627 -0.127194 -0.0076372 0.000420342 0.00727011 -0.126703 -0.292149 0.0683761 0.207526 -0.554777 -0.207073 0.306716 1.55271 -0.738258 -1.70531 -0.167888 1.56529 0.290224 -1.16732 0.677717 0.727502 -0.91845 -0.66963 0.163949 1.39289 0.428333 -0.595136 -1.25776 -0.608629 1.01086 0.30858 0.516512 0.680341 0.120157 -1.0795 
6.36573 -0.137602 -0.950808 -0.517171 -0.536207 -0.130089 -0.0105727 0.0390255 0.00667199 -0.172135 -0.256221 0.0889341 0.198196 -0.730936 -0.283115 1.0657 2.16001 -1.54856 -2.18373 -0.768576 2.04134 0.613754 -0.691113 1.13197 0.269812 -1.19381 -0.634077 0.030949 1.36936 0.822364 -0.808995 -1.28335 -0.757981 0.499479 0.45181 1.29623 0.434008 -0.562436 -0.783455 
6.28432 -0.0784253 -0.979333 -0.491723 -0.523591 -0.195356 -0.00933994 0.0828836 0.0163544 -0.188224 -0.25401 0.130902 0.150245 -0.954788 -0.258564 1.83609 2.51037 -2.16003 -2.64207 -1.27678 2.13574 0.671668 -0.00316714 1.65512 0.0707265 -1.50513 -0.169258 -0.32107 1.41137 1.22429 -1.50156 -0.722855 -1.19264 -0.0229949 0.497354 1.65322 0.723545 -1.26689 -0.243519 
6.28263 -0.117392 -0.882926 -0.47436 -0.546983 -0.267126 -0.0262504 0.128144 0.0238931 -0.186311 -0.207481 0.136596 0.0940872 -1.48263 -0.0339933 2.42463 2.76581 -2.50081 -3.23236 -1.79341 2.03049 0.706536 0.583255 2.04874 0.039405 -1.77764 -0.227745 -0.0301241 0.939923 1.05515 -1.44536 -0.325215 -1.39043 -0.436944 0.288216 1.43984 0.899916 -1.03626 0.152064 
6.26781 -0.124942 -0.858799 -0.367929 -0.614552 -0.319894 -0.0998673 0.179183 0.0725843 -0.147482 -0.18946 0.0827207 0.0815813 -2.05986 0.0699539 3.02645 3.09961 -2.51144 -3.29886 -2.84857 1.67111 0.359354 1.05183 2.51856 -0.043788 -1.39888 -0.926039 0.411593 0.746833 0.272304 -0.320106 -0.0932141 -1.40503 -0.937577 -0.68579 0.790801 0.957973 0.116015 0.556511 
6.2644 -0.147701 -0.789152 -0.293162 -0.724835 -0.366103 -0.119788 0.19723 0.0831208 -0.0967539 -0.154518 0.040761 0.0807324 -3.69667 0.180795 3.65803 3.68166 -1.60435 -3.20115 -3.38538 0.814582 -0.138863 1.40421 2.33798 -0.27378 -0.460103 -2.55574 0.647054 0.766712 0.0539614 1.84946 0.269844 -1.3123 -1.46878 -1.44329 -0.065754 0.321201 0.837211 1.37623 
6.21354 -0.123121 -0.732773 -0.25212 -0.786605 -0.412153 -0.191908 0.203038 0.078054 -0.0677484 -0.0537022 0.0575497 0.0259499 -8.46489 -0.0257333 4.31958 4.41301 -0.276559 -2.53395 -3.5496 -0.256972 -0.673354 1.22328 1.45512 -0.67528 0.959683 -7.32448 0.277784 0.920981 0.732882 3.95929 0.900157 -0.514964 -2.0359 -1.67712 -0.740564 -1.60624 0.346824 2.75802 
6.13599 -0.0917147 -0.675118 -0.227156 -0.780683 -0.523102 -0.261609 0.231576 0.0921085 -0.0630648 -0.0111482 0.0959005 -0.0152392 -15.3667 0.579945 5.13513 4.51829 2.79877 -1.68857 -4.59766 -1.19209 -1.48881 -0.519082 0.73361 -1.01776 1.33706 -13.5578 0.0289018 1.66927 1.17951 6.03103 1.96894 -0.594047 -2.30517 -1.65291 -2.40797 -2.79846 -0.99001 2.69123 
6.02808 -0.0909234 -0.587648 -0.148345 -0.75616 -0.524007 -0.416834 0.196435 -0.0126255 -0.0281755 0.0402907 0.112839 0.0833692 -21.0931 1.05186 5.93082 3.94756 5.66195 -1.14076 -4.79601 -1.95373 -2.082 -2.04016 0.0906966 -0.938364 1.2335 -16.5888 0.445615 1.78496 0.369395 6.66923 2.01104 -0.326472 -1.71356 -0.726076 -3.86172 -2.85729 -1.60049 0.564552 
5.72063 -0.0963235 -0.465476 -0.00684375 -0.603006 -0.532836 -0.410607 0.0998277 -0.041784 -0.022676 -0.0245579 0.0606765 0.201898 -25.5748 1.16282 6.55393 3.27614 7.47565 -0.428011 -4.16699 -2.66316 -2.08261 -2.79967 -0.804812 -0.528422 0.770103 -12.8544 0.773152 1.46633 -1.71545 4.55726 1.48168 0.227169 -0.704696 0.174173 -3.56451 -1.44018 -0.360383 -2.4255 
4.74156 -0.131666 -0.376611 0.134599 -0.465948 -0.488256 -0.414534 0.0226654 -0.0623684 -0.0732051 -0.17814 -0.00982253 0.332406 -22.9371 -1.27733 5.73719 1.69544 7.00751 1.72553 -2.40587 -2.50575 -2.05746 -2.3627 -1.20131 -0.708651 0.309387 3.37064 -1.60902 -0.529094 -4.25061 -0.436646 1.98285 2.17816 0.721508 0.773958 -0.4544 0.80683 1.14851 -4.16391 
3.90389 -0.00110084 -0.158904 0.109214 -0.0272706 -0.451669 -0.738025 -0.00213741 -0.161972 -0.418722 -0.121047 -0.0722162 0.165296 -16.7622 -4.25806 5.14573 -0.600446 6.17412 2.77941 -1.61371 -1.52547 -1.37547 -1.41394 -0.424815 -0.459767 -0.35898 21.4302 -6.25918 -2.87018 -5.53351 -6.13445 2.19667 4.39544 2.25526 1.70188 4.52756 2.15135 2.05968 -2.54283 
3.60474 0.0334968 -0.079271 0.0687427 0.073014 -0.500425 -0.686629 -0.0365995 -0.160413 -0.423414 -0.126318 -0.0246452 0.119021 -10.4009 -7.48026 4.95892 -3.50822 3.83125 3.18776 -0.698053 0.870634 -1.05156 -0.483398 0.145562 -0.92962 -0.640006 28.4652 -9.83713 -2.96253 -5.78523 -8.62274 2.27567 3.4824 4.3703 1.16021 6.18485 2.52445 0.480063 0.504344 
3.26498 -0.00958072 0.0483373 0.0463062 0.0501045 -0.451556 -0.552862 -0.128533 -0.119206 -0.340835 -0.191702 0.0850255 0.0509278 -2.75171 -9.69323 3.55973 -6.22843 0.683743 3.6404 0.210932 2.5426 -1.41031 0.501811 1.67677 -0.239649 -0.539779 22.7389 -8.7286 -2.45879 -5.04183 -7.33609 0.982414 1.21319 5.24642 -0.267853 3.98526 2.64752 -0.994456 2.96181 
4.29837 -0.59007 -0.171898 -0.170915 -0.216339 -0.0665116 -0.358183 -0.0113094 -0.173884 -0.153465 -0.111188 -0.0094916 0.0449958 5.47678 -10.3861 1.67596 -7.72977 -1.98922 3.32707 1.41351 2.53197 -1.1683 1.37606 2.75978 0.803726 -0.220511 5.05457 -1.09831 -1.15491 -2.40065 -3.27496 -2.07954 -0.917871 2.32624 -0.963417 -0.510253 1.63777 -0.131275 3.11476 
4.75474 -0.866531 -0.0317389 -0.370451 -0.103315 -0.208969 -0.569874 0.135012 -0.0675934 -0.0759499 0.0668735 0.0642379 0.0526271 10.6656 -10.1225 -0.0433567 -7.26459 -4.34996 3.09533 2.37741 2.83525 -0.0895755 1.74412 2.94276 0.868492 0.333824 -6.01611 6.38805 -1.88838 1.35121 -0.630303 -2.25234 -0.423146 -1.5827 -0.50468 -3.98885 0.219612 0.703993 0.887377 
4.53359 -1.15201 0.172613 -0.584212 -0.317263 -0.180868 -0.546364 0.436292 -0.211092 -0.0884115 -0.00770452 -0.161713 0.207618 10.015 -8.62784 -0.0596601 -5.5653 -4.04887 3.09675 2.0341 2.38006 0.293875 0.966352 2.94601 0.294411 0.350383 -7.72287 9.79684 -2.35669 5.50618 1.83681 -1.35642 0.853168 -5.19394 1.79211 -3.63535 -0.693234 1.74801 -1.7268 
4.58985 -1.16577 -0.0278882 -0.725097 -0.433224 -0.0831046 -0.425189 0.350361 -0.32664 -0.124692 0.169065 0.0426665 0.235385 5.83822 -5.98443 0.0609864 -2.93412 -2.76791 1.71325 1.31442 1.3364 1.11505 -0.0210486 2.63119 0.250616 -0.202011 -7.33784 7.48797 -0.0719366 7.99344 3.33417 -0.740176 0.454076 -4.72223 3.69297 -1.52852 -2.02429 0.155827 -3.18951 
4.75942 -1.0477 -0.161806 -0.741444 -0.425294 -0.153337 -0.361663 0.0889533 -0.218507 -0.183436 0.170271 0.178678 0.179988 -3.88576 -1.38963 0.436398 0.310809 -1.49444 0.168592 0.8291 -0.486339 1.6874 -1.32331 1.65409 0.919811 -1.03966 -9.21966 3.32903 1.82555 7.38097 3.0598 -0.285276 -0.80627 -1.63225 2.62463 0.30495 -1.93255 -1.27713 -2.65116 
4.98304 -1.00225 -0.155857 -0.610268 -0.474135 -0.0937907 -0.404187 0.261165 -0.0277763 -0.287011 0.185947 0.0516496 0.0701424 -12.4624 1.87417 -0.457947 2.47164 -0.174465 0.33957 2.11181 -2.42813 1.51983 -0.950322 0.0848282 0.260651 -1.48984 -16.9687 2.18118 2.12615 3.93718 3.21899 -1.55051 -0.831912 -0.978188 -0.260988 1.72216 -2.11327 -1.14294 -0.568513 
4.63064 -1.07533 0.0529511 -0.456225 -0.359068 0.0173852 -0.324042 0.162174 -0.0684438 -0.195023 0.16067 -0.0147021 0.0790203 -17.3943 4.15411 -0.995952 4.004 1.69323 -0.463594 2.28228 -3.71231 1.90137 0.279023 -0.781795 0.202325 -1.87459 -18.4394 3.07927 -0.621214 -0.0746607 1.70533 -2.07222 0.431669 -0.534721 -2.35944 2.08084 -2.26896 -0.829152 1.18725 
4.30473 -1.09996 0.0406111 -0.314026 -0.322409 -0.150638 -0.37888 0.0992137 0.0624207 -0.185642 0.158171 0.072784 -0.0269435 -21.0071 4.82574 -0.575476 4.27605 2.5169 -0.815126 2.39957 -3.06866 1.66919 0.88777 -2.10777 -0.865602 -1.48113 -10.6405 3.67556 -2.90215 -2.8346 0.934923 -0.642772 2.09962 -0.639881 -2.9702 1.85406 -1.82036 -0.448976 2.15577 
3.51762 -0.841625 -0.0252375 -0.228233 -0.394498 -0.164567 -0.410565 0.0533126 0.00441444 -0.308139 0.145454 0.138301 -0.0496307 -12.9794 3.99524 -1.47954 3.00617 2.25233 -0.441793 0.686313 -2.66715 0.442289 1.48326 -1.34967 -0.890581 -0.191904 12.9385 0.399784 -3.19218 -3.87382 0.165271 0.623233 0.179219 -0.0405603 -1.50097 1.51901 -0.0872377 -0.423853 2.40141 
2.57587 -0.656776 -0.0857765 -0.296366 -0.160969 -0.145216 -0.176331 -0.0775181 -0.0813121 -0.115363 -0.0189415 -0.0623232 0.0295112 -4.45182 3.03216 -2.011 1.00925 1.69998 -0.990346 -0.324664 -2.35102 -0.629651 1.98617 -0.653972 -0.518974 0.728742 34.3374 -4.05805 -1.2527 -3.30877 -2.1103 1.0915 -3.73919 2.26978 -0.132605 -0.173207 2.67887 0.349135 1.59807 
2.48597 -0.573839 -0.15036 -0.235426 -0.151477 -0.230356 -0.144313 -0.112568 -0.0537567 0.0113571 -0.0427961 -0.0174845 0.0324576 6.49111 4.35889 -2.39902 0.0940544 0.406338 -1.66716 -1.48224 -1.15393 -0.504713 1.43413 -0.753156 -0.35016 1.24553 38.9911 -4.10761 1.14866 -2.0214 -3.15804 0.307375 -5.52413 2.88235 0.265945 -1.52126 3.00712 0.785238 0.947352 
2.525 -0.545895 -0.195835 -0.249546 -0.157086 -0.157921 -0.0806063 -0.0691072 -0.0243524 -0.106389 -0.0918281 -0.00787664 0.0282289 17.4353 5.68327 -3.13675 0.376506 -1.31364 -1.54383 -2.75134 -0.286029 0.248896 1.18786 -0.673139 -0.445341 1.59354 27.5484 0.535931 1.02646 0.63514 -3.97887 -1.72817 -5.10158 2.41073 1.43573 -1.51584 1.44704 0.924296 -0.0987699 
4.86266 -0.752705 -0.368454 -0.375257 -0.244154 -0.0931721 -0.573273 -0.148575 -0.0819127 -0.068847 0.187197 0.035845 0.172615 26.1282 6.03962 -3.87674 0.9304 -2.97649 -1.65003 -4.11176 0.185935 1.28087 1.08232 -0.568518 -0.391443 1.39606 -0.170315 6.57951 -0.24545 3.26255 -3.63066 -2.08383 -0.679299 1.24653 2.2709 -1.11594 -2.1162 0.0834687 -1.2091 
4.84385 -0.830163 -0.193048 -0.449124 -0.278742 -0.23837 -0.51413 0.032103 -0.117158 -0.00460154 0.174621 -0.0367275 0.134023 28.6213 6.62079 -4.2199 1.55674 -4.17254 -1.61443 -4.81292 0.0591745 1.6415 0.325769 -0.357638 -0.218005 0.797053 -14.6606 7.63409 -2.77775 3.73887 -1.72937 -0.313548 2.0168 -1.60555 2.08121 -0.0623547 -3.21573 -0.752344 -1.29916 
5.18928 -0.260136 -0.172436 -0.26958 -0.366376 -0.366126 -0.535742 0.0228656 -0.0310144 -0.0941605 -0.042606 0.0175077 0.158876 21.6269 7.14535 -3.84177 1.67905 -3.41389 -1.11388 -3.27076 -0.732163 1.18297 0.374286 -0.626809 -1.34028 0.155939 -21.25 1.51407 -2.58455 1.32016 1.10913 1.91139 3.78706 -3.04165 0.0423402 0.920167 -1.04355 -1.70143 -1.52989 
5.68166 0.0161542 -0.525018 -0.0775519 -0.589854 -0.373145 -0.696694 0.00473288 0.176178 -0.0844899 -0.0233479 0.0259133 0.127767 7.85172 7.50179 -2.11877 2.11676 -0.97015 -0.990891 -1.0447 -2.66425 -0.421919 0.816963 -0.873613 -2.128 -0.924188 -25.3829 -4.40334 2.29753 -1.82108 5.77602 2.85531 5.26294 -4.06456 -4.00874 0.800596 0.918764 -2.31837 -1.59331 
5.78896 0.0777989 -0.654651 -0.0927722 -0.679095 -0.31813 -0.744138 -0.0549116 0.143344 -0.0334019 -0.0600777 -0.0360209 0.136034 -7.95601 7.23066 -0.011714 2.15947 1.42937 -0.28188 1.40831 -4.18756 -1.85683 0.60511 -1.15472 -2.39669 -2.12329 -23.4815 -6.69384 6.8301 -2.96061 8.14162 2.02787 4.37312 -3.90321 -6.03256 0.328753 2.49898 -1.47564 -1.70734 
5.59396 0.105526 -0.646947 -0.12659 -0.561452 -0.307142 -0.631031 -0.185747 0.0682484 -0.00497254 -0.0721791 -0.115233 0.104758 -13.4467 5.18281 1.02728 1.35471 3.33758 1.01709 1.99244 -5.43811 -3.33894 0.337052 -0.457699 -2.10775 -2.15482 -19.4224 -5.01855 7.9954 -2.15113 6.47661 0.754589 2.59868 -1.80126 -5.07034 -0.635322 1.73914 0.372172 -1.26456 
4.91837 0.0971024 -0.546377 -0.142017 -0.406426 -0.250737 -0.41811 -0.248118 -0.0134277 0.0311159 -0.0411055 -0.251765 0.0339004 -18.1707 1.81261 2.80542 -0.264633 4.9225 1.83086 2.64484 -5.20855 -4.28188 -0.0136325 -0.0490803 -1.65683 -1.94561 -5.13271 -1.92653 4.38328 -0.968132 1.88127 0.141244 -0.87473 0.57942 -1.37792 -1.83091 -0.118774 2.80999 0.43848 
3.92117 0.13987 -0.244584 -0.100754 -0.0583849 -0.265083 -0.347603 -0.532142 -0.317489 0.00787555 -0.0112365 -0.271536 -0.0784388 -18.3399 -0.715895 4.15803 -0.136431 5.43507 1.60122 3.41418 -4.15338 -4.57034 -1.01061 -0.397734 -0.637962 -1.43954 11.7554 -2.06623 -1.88311 0.326626 -3.70535 0.00170723 -2.42748 3.9979 3.24869 -2.15544 -1.34084 3.60467 2.23543 
3.72304 0.126473 -0.115278 -0.148189 -0.0391544 -0.217803 -0.421322 -0.58917 -0.377683 -0.00944484 0.0493689 -0.2173 -0.13062 -12.0694 -1.79717 3.16281 -0.471953 3.69216 0.897822 3.32231 -2.35045 -3.07192 -1.32214 -0.148789 0.672469 -1.20166 21.1581 -2.64556 -5.73893 0.410601 -6.29541 -0.817691 -1.16231 5.49495 5.27914 -1.3129 -1.6134 2.79063 2.5653 
3.67975 0.1089 -0.146382 -0.177577 -0.0236641 -0.166218 -0.357888 -0.55166 -0.405865 -0.0461874 -0.0195836 -0.184899 -0.0589229 -2.39961 -1.21696 1.18459 -2.39058 2.24833 -0.420344 2.16035 -0.454627 -1.59786 -0.602663 -0.0302814 2.50991 -1.43167 23.2774 -1.15839 -6.2763 -1.56421 -5.09573 -2.55824 -0.156883 4.64903 4.75393 0.923117 -0.137417 2.10118 0.363296 
3.59919 0.0905343 -0.125334 -0.23947 -0.00612923 -0.124284 -0.360902 -0.508249 -0.308005 -0.141486 -0.127658 -0.108875 -0.00838314 8.78767 -0.755159 -0.880098 -4.27984 0.780989 -1.99081 1.08279 1.14827 0.0190617 0.506275 -0.232034 3.82065 -1.51237 20.214 1.35309 -4.46717 -4.18697 -2.12629 -3.97484 -0.0321917 2.54987 2.29878 3.65238 1.46429 1.36164 -2.0938 
3.99494 -0.181401 -0.240556 0.0254006 -0.0965227 -0.196921 -0.266346 -0.42539 -0.299774 -0.225333 -0.121012 -0.0527199 -0.000834882 17.5566 -0.468249 -2.87735 -5.95435 -0.351251 -3.00114 0.677495 2.51433 1.76563 1.84542 -0.355313 4.03472 -1.68375 12.291 4.08595 -1.26137 -6.67872 1.39041 -3.59376 -1.32391 -0.0783474 0.217741 4.96882 1.46125 0.704478 -3.04319 
4.69081 -0.145272 -0.403813 -0.256821 -0.313581 -0.264283 -0.213106 -0.327848 -0.179237 -0.0988488 -0.0152871 -0.00789253 -0.0689243 20.9495 -0.0379203 -3.8243 -6.41596 -0.0634744 -3.99283 0.533298 2.62944 2.45148 2.73052 -0.393426 3.51867 -2.05236 2.85027 3.20847 0.841812 -3.76815 3.17196 -1.737 -2.01072 -1.35625 -0.409663 3.17424 -0.0164332 -0.588043 -1.64255 
5.15881 0.152686 -0.457222 -0.678389 -0.0581901 -0.459529 -0.30043 -0.313213 -0.233136 0.0914497 3.13796e-05 0.192827 -0.245402 21.5933 0.317737 -4.057 -6.13557 0.435535 -4.69114 0.00836012 2.33007 2.84424 3.277 -0.261248 2.61467 -2.19329 -5.431 -0.371601 1.05008 2.34503 1.72756 0.708157 -0.987763 -1.33328 0.485236 -0.330478 -1.40127 -2.82191 1.26659 
5.62438 0.107149 -0.439112 -0.775181 -0.0558973 -0.57169 -0.309786 -0.287475 -0.197673 0.184492 -0.0498797 0.217376 -0.264338 19.909 0.602386 -4.18299 -4.84882 0.6049 -5.01251 -0.125951 2.18522 2.97521 3.19408 -0.366766 1.4015 -1.53751 -10.2568 -2.30442 0.0903749 6.82316 -0.0930111 1.68314 0.121959 -0.522026 1.2698 -3.16415 -1.5163 -3.65866 3.08754 
5.87188 0.0743596 -0.496006 -0.864354 -0.0395145 -0.568297 -0.327559 -0.294154 -0.129646 0.244299 -0.0635287 0.19703 -0.290714 15.5111 0.92286 -4.02735 -2.81074 0.372971 -4.61571 -0.157149 2.09671 3.37542 2.23547 -0.90899 0.0836787 -0.141986 -9.80772 -2.42825 -0.955371 8.64007 -2.15668 1.01287 1.20513 0.661731 1.20252 -4.10563 -0.79297 -3.23469 3.82647 
6.01277 0.0510692 -0.59808 -0.793294 -0.0278343 -0.625096 -0.327781 -0.26337 -0.0438033 0.213136 -0.085179 0.151409 -0.280748 10.7159 -0.203894 -3.75475 1.13583 -0.831972 -3.76158 0.478577 2.20862 3.71523 0.128422 -1.22163 -1.03399 1.53223 -6.95362 -0.838076 -0.791652 6.3066 -3.69826 0.623211 1.67926 1.25073 0.82121 -3.39278 0.224927 -1.72418 3.3022 
6.09603 0.0269475 -0.669523 -0.721635 0.00857337 -0.700854 -0.325862 -0.228511 0.0265881 0.201444 -0.136849 0.0923627 -0.209179 7.49048 -1.57493 -3.60883 4.163 -3.19387 -2.5741 1.24238 2.7667 4.42282 -1.89949 -1.039 -1.77622 3.06017 -4.00108 0.124203 0.366434 3.29923 -3.94831 0.917003 1.42777 1.22667 0.2571 -2.63552 0.868475 0.245902 1.96397 
6.16138 0.00628059 -0.742527 -0.57667 -0.0812684 -0.791863 -0.283633 -0.146607 0.0974374 0.142746 -0.156637 0.0519866 -0.119262 4.96364 -1.67409 -3.11828 5.41958 -4.73672 -1.56498 1.63911 3.28242 4.13396 -3.22398 -0.159919 -1.63066 3.37379 -1.73296 -0.417614 1.79258 0.81515 -3.76155 2.15429 0.869248 0.800278 -0.300037 -1.97177 1.53324 1.24441 0.325336 
6.20408 0.0125387 -0.847466 -0.411245 -0.217912 -0.82115 -0.235523 -0.0855213 0.168248 0.0901808 -0.164983 -0.00998541 -0.0125871 3.65014 -2.00025 -1.95195 6.08715 -6.07831 -0.668202 1.64498 3.6601 3.20385 -3.91163 0.843511 -1.11915 3.26093 -0.82416 -1.00943 2.90567 -1.08104 -2.29491 2.91824 -0.233161 0.305978 -1.39559 -1.08846 2.19948 1.74911 -1.4459 
6.2613 -0.0288485 -0.85473 -0.308156 -0.401119 -0.790237 -0.155643 -0.0333068 0.26192 -0.0342047 -0.125226 -0.00541903 0.0466006 2.58134 -2.28279 -0.429124 5.92401 -6.97435 0.385634 1.29615 3.56408 1.76639 -3.76566 2.12816 -0.436553 2.60635 -1.11735 -1.00402 3.20393 -1.4489 -0.341737 2.37669 -1.42657 -0.222423 -3.02085 0.444734 2.53026 1.45988 -2.42952 
6.35049 -0.0969412 -0.835873 -0.268618 -0.495184 -0.771025 -0.162497 0.0543275 0.343618 -0.124744 -0.134617 0.0442322 0.107 1.48535 -2.26683 0.965287 5.58017 -7.31685 0.99539 0.620723 3.14501 0.214408 -3.00927 3.36351 0.118686 1.46447 -2.12898 -0.244965 2.83478 -0.841523 0.875312 0.970743 -1.95712 -1.01169 -4.17859 2.22042 2.56684 0.649775 -2.6519 
6.35506 -0.139338 -0.79097 -0.187253 -0.655063 -0.698245 -0.132457 0.12099 0.292592 -0.193233 -0.00948661 0.0283106 0.0680017 0.348825 -2.23596 2.46908 4.85581 -6.39862 1.10642 -0.00944278 2.16972 -1.35298 -1.89067 3.91758 0.16027 0.260139 -2.69931 0.585688 2.14969 -0.350546 1.9662 -0.877961 -1.75149 -1.89324 -3.73925 3.27716 1.30568 -0.171322 -2.01118 
6.37549 -0.212172 -0.728099 -0.0907352 -0.75683 -0.645807 -0.176487 0.162857 0.219384 -0.221499 0.081611 0.0479832 0.0634021 -1.41522 -2.06198 3.84834 4.0345 -4.52051 0.953654 -0.0679379 0.713214 -3.14895 -0.777669 3.78901 -0.0619158 -0.636612 -3.35415 1.25322 1.55332 -0.640937 3.22925 -1.80577 -0.293297 -2.93601 -2.64102 3.09689 -0.621886 -1.0564 -1.17939 
6.31507 -0.24011 -0.640106 -0.0158326 -0.841153 -0.629313 -0.209618 0.165362 0.111777 -0.189351 0.201849 0.073839 0.0428751 -5.49598 -1.33411 4.90523 3.47267 -2.22893 0.845048 0.494239 -0.673977 -4.61795 0.0994621 3.21557 -0.6132 -1.08562 -5.59494 1.44404 1.44452 -1.31778 4.53405 -1.2746 1.76001 -3.28881 -1.35768 1.46333 -2.47941 -1.52583 -0.333146 
6.24296 -0.21499 -0.580641 0.0622979 -0.917779 -0.684589 -0.261507 0.161001 0.0361989 -0.106204 0.282934 0.0682281 -0.00801027 -12.8428 -0.898943 6.17512 2.18233 0.59556 1.44507 1.37819 -1.58418 -5.60114 1.26913 1.93469 -1.24963 -1.54908 -11.4136 0.887419 1.94139 -2.55794 5.94235 0.906208 3.18065 -2.37985 -0.745378 0.239673 -3.75025 -1.45127 0.147684 
6.18629 -0.247625 -0.459632 0.0914929 -0.870595 -0.729444 -0.236021 0.084465 -0.0356402 -0.080871 0.269226 -0.00717287 -0.0448979 -22.3685 -1.0514 6.78981 0.60013 3.54297 1.58181 0.559484 -2.72491 -5.25948 1.27697 -0.13322 -1.19205 -1.14746 -19.5142 -0.0490285 1.74327 -3.30871 5.89071 2.56935 1.43982 -1.09765 0.0775986 -0.688732 -3.82792 -0.347284 0.554012 
5.97029 -0.254655 -0.347037 0.0893309 -0.738112 -0.688782 -0.123429 -0.0599763 -0.196908 -0.0794775 0.224821 -0.047529 -0.0393295 -30.2115 -1.54964 6.06097 -1.06344 5.50087 2.59922 0.293993 -3.55071 -4.10309 0.710005 -1.66685 -0.883476 -0.449332 -22.163 -1.45698 -0.116187 -3.51243 4.09495 3.07815 -1.85033 0.055358 2.07286 -1.1845 -3.03659 1.18738 1.16351 
5.28997 -0.189241 -0.197582 0.113919 -0.628151 -0.615362 0.0116527 -0.0973466 -0.277261 -0.128294 0.219401 -0.0772175 -0.0407538 -31.7923 -2.84248 3.53743 -1.48008 5.76996 3.93194 0.824734 -3.25687 -2.44118 0.637216 -2.94625 -0.6766 0.453324 -11.1136 -3.15361 -4.31391 -2.06125 0.365987 2.46739 -3.34353 0.75908 3.98661 -0.625576 -1.85624 1.95203 1.84727 
4.1734 -0.261129 0.0272171 -0.0657781 -0.368476 -0.425399 0.0540386 -0.0463235 -0.384278 0.0457027 0.0889419 -0.121021 -0.125393 -25.2472 -4.05351 0.468043 -1.95844 4.12223 4.47283 0.506343 -2.73344 -1.06429 0.989658 -3.17158 0.0945697 1.51552 13.9256 -3.38095 -8.77313 0.586576 -5.07768 0.414063 -2.40483 0.929989 4.73449 -0.0130571 0.257477 2.03065 2.58875 
2.99521 -0.38099 0.0603326 -0.127572 -0.212005 -0.474026 -0.310635 -0.216753 -0.316737 -0.111601 -0.0425375 -0.0384823 -0.0276222 -16.1913 -4.19553 -1.40956 -2.09396 1.01185 3.99597 -0.37532 -2.01946 0.263256 1.83724 -2.65365 0.927684 2.41171 36.9363 -1.56779 -8.43591 2.05602 -9.11137 -1.2325 0.954181 1.66902 3.1376 2.18128 2.17005 1.0262 2.07828 
2.57136 -0.485449 -0.107626 -0.214359 -0.188737 -0.270582 -0.246917 -0.289118 -0.214359 -0.166407 -0.0423585 0.0234908 0.0615977 -7.04313 -4.20595 -1.88938 -2.38375 -1.722 3.89083 -0.492396 -1.54523 1.02831 2.21366 -2.36604 1.48617 2.81583 39.9991 1.15474 -2.52904 1.56857 -8.99073 -2.41261 2.21017 1.48021 0.0870264 2.91719 2.31648 0.24111 0.782564 
3.16546 -0.679586 -0.464055 -0.0300495 -0.367149 -0.150388 -0.0214366 -0.16407 -0.123209 -0.000823817 -0.100892 -0.0277304 0.116878 2.58989 -3.27234 -1.50784 -1.82347 -3.59267 3.22524 -0.580038 -1.38571 1.38304 2.52584 -1.68564 1.41993 2.46745 21.1055 4.17021 5.70678 -0.323381 -4.32927 -2.31981 0.853177 0.265278 -1.96385 1.32126 1.75394 -0.235096 -1.16261 
4.46995 -0.741063 -0.644497 -0.123938 -0.64353 -0.245107 -0.153543 -0.191534 -0.145603 0.120467 -0.0332964 0.0620949 0.195792 13.0469 -0.25703 -0.868671 -0.51347 -4.60835 0.207686 0.340308 -1.11915 1.30004 1.79964 -0.379961 1.30988 1.24818 -2.75859 6.27385 9.53902 -0.312891 2.31436 -2.78424 0.449024 -0.319977 -2.1167 -1.36649 0.636731 -0.87953 -3.47524 
4.72648 -0.63045 -0.42198 -0.162915 -0.864005 -0.3344 -0.215482 -0.227671 -0.12781 0.217774 -0.00762648 0.0816588 0.256124 20.4351 1.98528 0.28275 0.532006 -4.77417 -2.1298 1.31746 -0.224713 0.695258 1.72158 0.855368 0.699721 -0.318212 -10.3255 5.70381 5.64799 1.48363 5.82784 -4.23896 -0.0400296 -0.159617 -0.8971 -3.75569 0.78636 -1.0362 -4.30768 
4.44129 -0.66062 -0.18413 -0.294281 -0.815409 -0.0978514 -0.0446861 -0.289107 -0.219639 0.14931 -0.120712 0.110611 0.245251 21.33 3.11156 1.85045 1.02784 -3.97739 -4.57078 0.296558 0.226444 0.270882 0.863866 1.5403 0.390495 -1.28514 -2.53378 3.24789 -1.00707 3.14864 4.39058 -5.96868 -0.598882 1.21956 0.700341 -3.21244 2.04495 -0.982824 -3.20521 
4.39625 -0.519075 -0.0406582 -0.175504 -0.75142 -0.130893 -0.130234 -0.280624 -0.166633 0.189054 -0.0644902 0.0343192 0.122704 15.77 4.1936 2.54087 0.600942 -2.28499 -5.41537 -0.486086 0.687873 0.297996 -0.321541 2.07564 0.282838 -2.08011 4.1943 -0.540374 -5.55468 2.02943 0.970178 -4.42588 -0.781336 2.3979 1.09758 -1.45563 1.92359 -0.32423 -0.655486 
5.05914 -0.146521 -0.0864744 -0.0850189 -0.678453 -0.671189 -0.0487899 -0.262314 -0.168056 0.0576135 0.0262763 0.0809419 -0.0527309 9.83977 3.94245 1.46539 1.19581 -0.763683 -5.45874 -0.134754 1.81565 0.777663 -0.705137 1.89728 0.120092 -2.50866 -0.293016 -4.03845 -5.22857 -0.654748 -1.32048 0.876955 -1.60233 2.44911 0.962182 0.871766 0.541424 0.355705 1.87067 
5.62991 -0.239231 -0.211634 0.0237375 -0.803155 -0.752581 -0.102682 -0.210364 -0.137429 0.0486277 0.123481 0.0502057 -0.0367067 7.73917 2.98756 -0.892377 1.14917 -0.507386 -5.94006 -0.388968 2.83815 1.38265 -0.81547 2.02511 0.353844 -2.30683 -10.9754 -3.62003 -2.30034 -2.60101 -0.962294 3.77751 -0.69569 1.86029 0.809326 1.67921 -1.23409 0.874449 2.28249 
5.84349 -0.36294 -0.208672 -0.0140507 -0.866765 -0.799468 -0.185532 -0.149158 -0.115042 0.0510771 0.158865 0.0650738 0.0131186 7.7429 1.64706 -2.66324 0.86716 -0.686123 -5.24124 -1.24924 3.68841 1.92022 -0.769735 2.12217 0.492729 -1.23207 -13.5826 -2.1655 -0.592643 -2.41158 0.667318 4.82465 0.35081 1.00051 0.532219 0.822811 -1.98597 0.764714 1.65315 
5.47162 -0.238913 -0.285294 -0.107872 -0.835634 -0.736036 -0.17434 -0.0392354 -0.0797173 0.0783307 0.171596 0.0638888 -0.0452331 2.52218 0.067964 -3.60096 -0.285317 -1.9 -4.08933 -1.44955 5.09658 2.34715 -0.989825 1.8081 1.02799 -0.0216026 -8.66113 -1.12593 -0.126063 -0.817013 0.074843 1.90672 -0.147456 1.12929 0.807178 -0.621642 -0.934829 0.538005 1.22681 
5.36151 -0.267905 -0.325649 -0.056193 -0.817118 -0.802335 -0.154553 0.033511 -0.0468566 0.132989 0.119826 0.124242 -0.0494359 -3.94521 -1.1395 -2.35842 -2.1346 -0.491211 -1.14601 -1.13908 5.20697 2.17344 -0.0777071 0.463868 1.02854 0.309562 -3.47144 -0.31815 0.788297 -1.31698 0.735816 0.550815 0.0762443 0.830528 0.200071 -1.14129 -0.448475 0.116407 0.457432 
5.23732 -0.264073 -0.386068 -0.105746 -0.900385 -0.956413 -0.174085 0.0909209 0.0315539 0.0831434 0.167058 0.149079 -0.0320627 -8.27415 -0.384685 -0.99065 -2.71904 1.7096 -0.222991 -0.46522 4.73916 1.54022 -0.315434 -0.71596 1.23382 -0.0767106 -2.68397 -0.217479 2.37608 -1.45553 2.65847 1.82258 0.530622 -0.0768551 -1.08263 -0.335797 -1.25024 -0.211137 -0.329533 
5.63459 -0.379493 -0.452881 -0.11132 -0.797764 -0.727585 -0.253311 0.163643 0.0367497 -0.00880399 0.177365 0.122653 0.0537921 -11.3721 0.606069 -0.249861 -3.21649 2.68775 0.246783 -0.621054 2.59994 1.19919 0.103796 -1.58425 0.98455 -0.197937 -7.0556 1.57615 3.57185 -1.92572 3.78086 1.49468 0.808156 -3.07902 -1.7672 1.39404 -2.38716 -0.298675 -1.26018 
4.91199 -0.338693 -0.549632 -0.15183 -1.10073 -1.0083 -0.311275 0.477744 0.165011 -0.0463246 0.262188 0.195804 0.0507282 -14.6349 1.00198 0.746304 -3.7818 2.03102 0.191869 -1.08226 0.756881 1.36615 0.434471 -1.59991 0.637725 0.286659 -8.04132 2.80291 3.21756 -1.477 3.21464 1.7911 0.340775 -6.3271 -1.41618 2.20206 -2.24649 -0.797692 -0.821816 
4.7743 -0.342233 -0.275282 -0.438891 -0.596385 -0.746753 -0.143289 0.334408 0.0447603 0.138138 0.0300975 0.178791 -0.0645458 -19.6142 0.872704 2.00126 -3.66917 2.72107 1.57601 -1.2076 -1.40595 1.00151 0.726648 -1.23635 -0.164573 0.340798 -9.21378 1.57986 1.00518 1.06649 -1.25601 0.350597 -1.29657 -6.3454 0.240331 1.09611 0.548985 -1.18796 0.823524 
4.57481 -0.273145 -0.245362 -0.301631 -0.450829 -0.730423 -0.157513 0.320729 -0.0154917 0.00224903 -0.0186138 0.207813 -0.0714237 -21.1279 -1.42508 2.7257 -1.60759 3.852 4.45629 -1.09105 -2.16166 -0.507139 0.330779 -1.04975 -1.27666 0.0836941 -5.95135 -3.02216 -0.32382 3.14409 -2.90917 2.28823 -1.53388 -3.1572 0.13413 -0.475566 2.8287 -2.16531 1.39042 
4.04802 -0.129929 -0.285379 -0.469983 -0.543711 -0.756803 -0.324751 -0.0162994 0.0574135 0.16388 -0.0734576 0.164312 -0.0298656 -20.8476 -2.83697 2.78618 -0.101223 3.87541 5.66152 -1.21407 -3.11487 -1.8482 -0.0624378 -0.191056 -1.7083 0.0875999 2.33459 -7.19361 -0.735749 5.39537 -0.999029 4.9554 -0.365964 1.82871 -2.09832 -2.74742 3.71453 -1.99016 0.83556 
3.34436 -0.0966781 -0.243673 -0.563145 -0.808055 -0.830421 -0.353049 0.0297473 0.205138 0.167492 0.0462351 0.149866 0.0610189 -17.1944 -2.90002 1.94444 0.952968 4.09743 5.79674 -1.02936 -4.55789 -2.56626 0.0674964 0.505244 -1.83795 0.788954 9.91548 -5.8126 -1.40357 4.79119 1.90467 3.63525 1.05582 2.92639 -3.83098 -2.24794 2.1345 -0.597387 -0.130943 
2.75527 -0.316444 -0.091948 -0.413655 -0.4956 -0.557685 -0.324951 -0.142872 0.108126 0.152904 0.096968 0.0586766 0.0383192 -15.8894 -3.11805 0.841056 2.08404 2.67901 4.84553 -0.666811 -3.59261 -1.76479 -0.586717 1.1969 -1.62117 1.03515 13.3015 -0.139292 -1.74248 1.09842 2.17198 -0.501176 2.17114 1.91831 -2.10311 -0.450942 -0.559916 1.26642 -0.485416 
3.08024 -0.841714 -0.125798 -0.0674625 -0.323514 -0.0561909 -0.326865 0.092067 -0.17199 -0.0687863 0.0987833 -0.0955162 -0.0133499 -13.4948 -3.28729 0.726979 1.85714 3.11721 4.9014 0.637211 -2.57964 -1.49415 -0.526659 0.83191 -1.49704 0.649622 6.47639 6.43874 -1.49387 -2.85214 -0.0449359 -5.86418 2.42373 -0.353553 2.25635 1.54314 -2.09583 2.58009 -0.217656 
3.11364 -0.76848 -0.166301 -0.147141 -0.372912 -0.0958189 -0.40542 -0.0144318 -0.259391 -0.0562607 0.202508 -0.0113882 0.0392075 -9.70175 -3.08667 0.832109 2.1437 4.12394 4.91308 1.73311 -0.422542 -1.97101 -0.76666 -0.0913754 -1.18339 0.519093 -0.806384 6.49674 -0.120289 -3.80817 -1.01993 -5.22303 2.21864 0.399792 4.24467 2.1426 -3.20348 1.42961 -0.168712 
2.92935 -0.413099 -0.253396 -0.263567 -0.319666 -0.434208 -0.287291 -0.254124 -0.182868 0.15461 0.157887 0.057025 0.124069 -4.48347 -1.28676 0.746057 1.50125 3.97704 3.34624 1.02122 -0.445451 -3.02411 0.0445545 -1.01883 -1.01305 0.688653 -0.669338 2.14944 1.59893 -1.85754 -1.3899 -1.2206 -0.103426 2.5896 1.42151 0.704181 -2.17113 -0.44007 -0.0199589 
2.56926 -0.511245 -0.148 -0.23177 -0.231539 -0.281581 -0.17887 -0.149119 -0.0182201 0.0463278 0.0458265 0.0357848 0.0316782 0.469752 1.96693 0.347974 0.629165 2.2268 -0.13985 0.509002 -1.13334 -2.47183 0.680168 -1.77784 -0.990708 0.849973 7.27462 0.422443 1.22947 0.674373 -1.03302 -0.483329 -2.58318 0.96725 -2.90253 0.31935 -0.667322 -1.76614 0.493466 
2.42809 -0.53776 -0.143202 -0.232425 -0.180521 -0.175062 -0.120382 -0.114741 -0.0464209 0.0174801 0.0176899 -0.00611339 0.013077 0.984344 4.25258 1.45057 0.305665 0.643153 -2.64643 -0.208053 -2.25432 -1.54098 1.43593 -2.49599 -1.42468 0.740094 12.5504 0.95946 0.787908 2.20484 -2.4184 -2.41917 -3.96875 -1.41385 -3.77048 0.182386 0.100465 -2.01873 0.464792 
2.44051 -0.580538 -0.0927793 -0.224014 -0.11637 -0.0636009 -0.148908 0.0761027 -0.180776 0.0821622 -0.0640976 -0.0412394 0.10483 3.11041 4.23082 1.9584 1.07798 0.522491 -2.09587 -1.08199 -2.28487 -1.04496 0.597857 -2.76912 -2.13349 0.0571218 9.58879 3.26816 0.245013 1.49457 -2.85714 -4.31157 -3.15272 -4.48836 -0.149044 -0.28461 0.631776 -0.941668 -0.641063 
2.92173 -0.436584 -0.0524088 -0.226426 -0.205058 -0.258549 -0.389654 -0.10877 -0.45729 0.162906 -0.00795541 -0.0849542 0.171968 5.81296 3.85038 1.97398 1.87066 -0.256728 -1.84736 -1.81593 -2.36642 -1.23305 0.188817 -2.4124 -2.43127 -0.297517 0.795369 2.53113 -0.155468 0.845333 -1.44453 -2.29044 0.163438 -3.22109 4.13897 -0.766623 0.0294194 0.10943 -1.68054 
3.45347 -0.191365 -0.124306 -0.106491 -0.190798 -0.521775 -0.320591 -0.355692 -0.369276 0.114248 -0.0990863 -0.166212 0.106761 6.73965 4.34857 1.43886 1.78039 -0.78339 -2.67596 -2.07075 -3.27076 -0.91613 0.42694 -2.08905 -2.28187 -0.0524296 -7.09494 -1.10028 -0.114228 -0.323808 0.127911 2.24016 1.67919 0.560737 4.56234 -1.09529 0.132268 0.953641 -1.34807 
3.10745 -0.182339 0.09105 -0.0420433 -0.385407 -0.540656 -0.398809 -0.344551 -0.296972 0.149207 -0.188618 -0.245322 0.0787709 5.22808 3.98503 1.41679 1.24583 -1.02797 -2.48615 -1.57924 -3.14797 -0.219347 -0.258341 -1.32268 -1.65785 -0.515794 -7.05558 -2.99442 -1.21316 -1.62316 1.58022 3.9093 2.45204 2.72512 1.67532 -1.07627 1.23524 1.66086 -0.278272 
3.19216 -0.0690788 0.0304187 -0.107928 -0.20722 -0.398982 -0.454101 -0.416037 -0.156808 0.0269394 -0.151027 -0.197291 0.0101972 2.53094 2.98891 1.05525 0.728831 -0.8304 -1.34065 -0.687584 -2.60388 0.66492 -0.918618 -0.618349 -0.953011 -0.95275 -5.09037 -3.77755 -0.927173 -1.79426 0.839353 2.99766 1.96384 3.56528 -1.66559 -0.319164 1.67294 1.52621 0.835329 
3.3225 -0.0571332 -0.00295871 -0.0133545 -0.281038 -0.510657 -0.352715 -0.422686 -0.21479 0.142471 -0.185671 -0.225139 0.0324705 -0.247204 1.54132 0.685146 0.350151 -0.0887249 0.447684 0.406828 -0.868559 1.14382 -1.0514 -0.0449798 -0.211063 -0.938265 -1.98104 -2.56706 -0.474196 -1.57523 0.551477 1.78701 0.563147 2.3792 -2.49051 -0.432677 2.10566 1.33212 0.714714 
3.16111 -0.103863 0.00906996 -0.0551135 -0.261487 -0.460657 -0.367424 -0.430836 -0.173039 0.0903559 -0.235285 -0.252295 0.0746412 0.118499 0.463896 0.299408 0.173252 0.410001 1.07588 0.0357116 -0.114026 -0.150301 -0.467472 0.334634 0.374779 -0.238635 2.32105 -0.705616 -0.42485 0.113423 0.492565 0.0590448 -0.239387 0.707952 -1.85991 0.394538 1.13341 0.869423 0.350908 
3.0596 -0.119305 0.0712018 -0.153819 -0.286579 -0.403451 -0.336398 -0.349485 -0.281427 -0.0212055 -0.0827468 -0.184422 0.000659669 1.87659 0.0622843 -0.226363 0.450704 1.10787 0.957835 0.697694 0.0324552 -0.88655 -4.84996e-05 0.53705 0.753177 0.207735 4.02872 0.215642 -0.236373 1.75759 0.674313 -0.751764 -0.627244 -0.547312 -0.461135 1.80017 -0.692713 0.157177 0.729375 
3.06226 -0.146322 0.03514 -0.129123 -0.253577 -0.328146 -0.348854 -0.337225 -0.265107 0.00422149 -0.0952283 -0.166896 0.0227585 1.75377 -0.38455 0.208889 0.537475 0.943731 1.24905 1.3375 0.794619 -1.20859 0.546971 0.290583 0.794508 0.479474 4.14717 0.66403 -0.114321 1.58694 1.04529 -0.590728 0.391692 -0.625014 0.327081 1.81424 -1.42375 -0.0955905 0.663751 
3.18503 -0.107858 0.0145546 -0.0792298 -0.216002 -0.345034 -0.319625 -0.333593 -0.253177 0.0519277 -0.0539647 -0.153906 0.0233481 2.08164 -0.344577 0.122655 0.914851 1.22419 1.24236 1.80474 1.01218 -0.370226 0.558092 -0.0303772 1.12104 0.667707 1.10153 0.0104432 0.205101 0.995024 0.197071 -0.370524 1.88949 0.298812 1.05358 1.10541 -1.74619 -0.105475 0.685147 
3.55558 -0.077087 -0.012983 0.0104256 -0.190787 -0.461743 -0.427754 -0.450122 -0.368888 0.122617 -0.170048 -0.166456 0.0903414 3.26581 -0.458107 -0.557923 1.56399 1.08084 0.947016 2.46907 0.618444 -0.105939 1.02076 -0.170348 1.90835 1.1403 -2.87325 -0.851716 -0.114689 -0.223598 -0.490552 0.788068 2.77728 1.08799 1.89589 -0.481788 -0.406774 0.95402 0.460073 
3.39748 -0.124784 0.0517364 0.0333078 -0.15526 -0.370067 -0.265333 -0.378822 -0.317339 0.144242 -0.140957 -0.13712 0.0881284 2.2481 -0.943229 -0.776673 1.35607 1.47348 0.861475 2.49818 0.359081 0.543454 0.39815 -0.452556 1.67545 1.41169 -3.54842 -1.18322 -0.842797 -1.08118 -0.52691 0.492397 1.1569 0.456375 1.33717 -2.03902 0.809629 1.19826 0.19537 
3.34577 -0.130727 0.0668078 -0.0599724 -0.118614 -0.206224 -0.159291 -0.24461 -0.291184 0.12794 -0.151732 -0.115227 0.0748 0.812086 -1.88442 -0.898132 0.0912048 0.905284 0.494735 2.33489 0.78033 1.35679 -0.383484 -0.0427265 1.2719 0.943437 -2.73853 -1.74339 -1.33372 -1.55432 -0.600015 -0.845048 -1.28667 -0.632263 1.13025 -2.24506 1.32776 0.143532 -0.203291 
3.41215 -0.137698 0.00616501 0.0905524 -0.163503 -0.374186 -0.0734362 -0.266418 -0.174838 0.141483 -0.208121 -0.0714397 0.138648 -0.727887 -2.8909 -0.856634 -1.53419 0.217386 1.08201 2.13585 1.63489 1.32309 -1.66955 0.18298 0.928595 0.512042 -1.8797 -1.99661 -0.467813 -3.30888 -0.640268 -0.24852 -2.74605 0.0412753 -0.19676 -2.39473 1.36122 -1.44051 -1.15732 
3.51829 -0.208161 -0.106763 0.089896 -0.166251 -0.300554 -0.0557307 -0.373525 -0.250388 0.138591 -0.133842 0.110026 0.21401 -1.42572 -3.31862 -0.684323 -2.34125 -0.230223 1.39886 1.93735 1.4382 1.4183 -2.14076 0.896843 0.820353 0.0992807 -0.653624 -1.36181 1.02901 -3.27224 -0.950334 0.0721984 -2.37887 0.698635 -0.697463 -1.38864 0.50052 -2.55168 -1.6721 
3.2185 -0.280403 -0.0322925 -0.0463575 -0.0279956 -0.258079 -0.121905 -0.317455 -0.2152 -0.068554 -0.0944265 -0.0272903 0.156378 -0.547701 -3.43023 -0.783153 -2.47 -0.309424 1.41421 1.26404 1.49771 0.844137 -2.19179 0.84468 -0.513717 -0.0787689 1.38348 -0.217925 1.27664 -1.13665 -1.18042 1.10393 -0.0432524 1.14706 -1.08013 0.69707 -0.171484 -2.13277 -1.04196 
3.25516 -0.419253 -0.0959752 -0.185022 -0.178468 -0.349242 -0.147408 -0.220645 -0.0492687 -0.00858582 -0.0768756 -0.0985437 0.0843813 -0.328434 -3.53311 -0.693356 -2.37818 -0.683544 0.844008 0.702568 1.65456 0.92239 -1.59461 1.24872 -0.971088 -0.747621 2.2776 1.20223 0.839542 1.62689 -0.229834 1.00237 1.13427 0.565681 -1.1352 1.93162 -0.284702 -0.83345 -0.288296 
3.27473 -0.476792 -0.0519527 -0.313827 -0.222618 -0.191317 -0.0935262 -0.0954319 -0.223387 -0.163324 -0.105837 -0.0839195 0.0869015 -0.602309 -3.44244 -0.447981 -2.62311 -0.855832 1.02138 0.117111 1.69435 0.553858 -1.0928 1.70085 -0.841995 -0.74698 1.52638 1.45064 -0.403493 3.34897 0.254005 -1.04127 0.417068 -0.849556 0.256643 2.85436 0.394934 0.667452 0.556103 
3.38493 -0.462798 -0.0152911 -0.217782 -0.201774 -0.203607 -0.0660972 -0.302338 -0.195645 -0.0611266 -0.0380291 -0.020647 0.106859 -0.331493 -2.52673 -0.443128 -2.03224 -1.00243 0.746396 0.557404 2.18554 0.398516 -0.0398838 1.92914 -1.15989 -1.08413 -0.462311 1.14822 -1.23989 1.8704 0.2928 -1.40592 -0.396137 -0.0699437 0.306569 1.99183 1.13247 1.20504 0.291542 
3.36567 -0.51097 -0.0561157 -0.194916 -0.137634 -0.0977386 0.0137467 -0.0848118 -0.203963 -0.072707 -0.0804477 -0.278102 0.102673 0.188574 -1.56692 -0.725991 -0.944245 -0.898184 0.142298 0.820722 1.04907 -0.154098 0.83656 2.16215 -0.272856 -1.11294 -1.98331 1.20612 -0.732477 0.122456 0.182086 -1.93076 -0.996424 -1.11741 0.000539064 0.664296 1.44524 1.88987 -0.433841 
3.35114 -0.557634 -0.100641 -0.219709 -0.242485 -0.267722 -0.0509473 -0.0582747 -0.0640663 0.0134809 0.0196403 -0.123508 -0.0141789 -0.868585 -0.399387 -0.394955 0.073007 -0.112999 -0.291632 0.700355 0.100741 -0.357762 0.261074 1.85657 0.649261 -0.629364 -1.85623 1.68488 0.226208 -0.189598 0.480487 -0.889889 -0.2274 -1.73729 -0.935674 -0.998327 0.00529264 1.34278 0.0345201 
3.2809 -0.610033 -0.118681 -0.250552 -0.25964 -0.260045 -0.1359 -0.175167 -0.145138 -0.0226725 0.0852783 -0.000856372 0.144278 -1.88443 0.265829 -0.634243 0.702803 0.581183 -1.00779 0.0652343 -0.472169 -0.0533179 0.246879 1.35277 0.588842 -0.443138 -1.44008 2.09341 0.967697 0.703707 1.45371 0.0191903 0.306769 -1.57825 -1.12161 -1.9608 -1.81913 0.144077 0.0537849 
3.31789 -0.514885 -0.14938 -0.277403 -0.232363 -0.176636 0.0190676 -0.0176966 -0.200762 0.0605218 0.159059 -0.138744 -0.00261007 -3.24335 0.547467 -0.864581 0.0897432 0.483463 -0.802203 -0.628917 -0.257635 0.0385287 -0.00877613 0.479996 0.816457 -0.0604382 -1.7496 1.13199 0.693038 1.11533 1.32285 0.165754 -0.950085 -1.60127 0.290662 -1.45463 -3.00655 -0.00697802 1.33511 
3.22396 -0.51008 -0.119035 -0.244289 -0.183432 -0.301567 -0.0241819 -0.228548 -0.212123 -0.000222155 0.159185 -0.0811703 -0.0550433 -4.05069 1.08808 -0.734713 0.0472486 0.30475 -0.539431 -0.856795 -1.10565 -0.173431 -0.0230084 -0.395772 1.19171 0.416881 -1.82762 0.100685 -0.358904 0.213238 0.0957696 1.18162 -1.2501 0.739033 0.951415 0.049621 -2.99132 -0.872523 1.78428 
3.13081 -0.443324 -0.0617166 -0.175204 -0.190312 -0.312372 -0.029498 -0.215355 -0.159305 -0.138976 0.0485246 0.0514467 0.0778318 -4.46527 1.26631 -0.798974 0.274542 0.631105 0.447916 -0.812593 -1.35642 -0.705775 -0.265821 -1.68831 0.248614 0.993215 -1.17215 -0.815411 -1.23974 -0.895284 -1.07785 1.41637 -1.16861 0.795177 0.440335 1.69015 -1.54798 -1.03376 0.905727 
3.07338 -0.436072 -0.13205 -0.130949 -0.0655509 -0.282549 -0.103206 -0.216988 -0.225718 -0.0912195 0.0127698 -0.0854361 0.073853 -4.55788 1.04541 -0.931906 0.426938 0.75923 0.798183 -0.974066 -1.01176 -0.141048 -0.288276 -2.27238 -0.00656268 0.673599 -0.145205 -0.975496 -0.849125 -1.04627 -1.32515 1.54982 -0.0517518 0.374255 -0.149506 1.14915 -0.231092 -0.40275 0.120592 
2.91771 -0.464248 -0.193859 -0.267139 -0.18011 -0.232844 -0.174266 -0.175729 -0.105332 0.0211797 -0.020862 -0.0284311 0.117189 -4.07548 0.437772 -0.612017 0.399258 0.52638 1.26172 -1.13496 -1.09942 -0.0300145 -0.522518 -2.04728 0.488526 1.16144 1.8477 -0.583559 0.4311 0.184593 -0.0381909 1.08031 1.36008 -0.00284224 -0.84926 -0.435882 1.1161 -0.181082 -1.08623 
2.8286 -0.413859 -0.185112 -0.232881 -0.215786 -0.213568 -0.112168 -0.202808 -0.186446 -8.51902e-05 -0.0851259 -0.0567394 0.123469 -2.90331 0.0624917 -0.256869 0.17294 -0.0338674 1.1963 -0.439138 0.0372759 -0.0178472 -0.186133 -1.20395 -0.508158 0.391458 3.01289 -0.743473 1.62443 0.720446 0.500685 -0.52723 1.35013 0.101241 -0.095233 -1.38795 2.1888 0.0208642 -1.62611 
2.81178 -0.432006 -0.225068 -0.197793 -0.173196 -0.167251 -0.155471 -0.300522 -0.253845 -0.0274944 -0.14807 -0.0735324 0.157608 -1.67142 -0.368997 0.288039 0.25439 -0.207356 0.639532 0.10874 0.232822 0.00504267 -0.21839 -0.55819 -0.740233 -0.491911 3.19907 -0.553676 2.28406 0.742944 0.0686791 -1.75666 1.39198 1.36293 0.796893 -1.26578 2.19227 -0.0859316 -1.55019 
2.77196 -0.453719 -0.228817 -0.186245 -0.100581 -0.13142 -0.168327 -0.238765 -0.16692 -0.0688368 -0.112968 -0.0436518 0.0934187 -0.243217 -0.494967 1.07805 0.345538 -0.725053 -0.355757 0.582165 0.112285 0.0720279 -0.828058 0.403943 0.170154 -0.629061 2.82774 -0.358864 1.72518 0.165801 -0.923645 -2.66766 0.803887 1.05046 0.44731 -0.203749 1.72081 -0.171195 -0.840169 
2.85872 -0.458925 -0.125107 -0.184344 -0.133905 -0.0786221 -0.0913356 -0.245851 -0.204716 -0.0971712 -0.0258761 0.0105639 0.12411 1.27229 -0.705189 1.4315 0.646109 -0.360626 -1.32384 0.496078 0.45312 -0.0437187 -0.987015 1.35312 -0.333037 -0.9194 1.63451 -0.254833 0.251029 -0.447034 -1.17516 -2.73966 -0.45418 0.593808 0.429049 0.660427 0.858454 -0.0970047 -0.0672611 
2.87939 -0.481994 -0.0795245 -0.183888 -0.218417 -0.269769 -0.0597265 -0.15427 -0.174798 -0.0771322 0.0086686 -0.187164 -0.0117755 2.46042 -0.837618 1.1675 0.170077 -0.570571 -2.07475 -0.215209 0.877156 0.492976 -0.491386 2.01928 -0.421554 -0.958109 1.26473 0.0886608 -1.15937 -0.623475 -0.279871 -1.15487 -1.58416 -0.372733 -0.12768 0.865759 0.395422 0.534079 1.00594 
2.9021 -0.493829 -0.0525508 -0.12496 -0.179405 -0.259723 -0.0623482 -0.160138 -0.151424 -0.127776 -0.0784796 -0.0800847 0.0231272 2.61729 -0.982409 0.787049 -0.360087 -1.03335 -2.18743 0.255015 1.3834 0.931249 0.506807 2.27657 -0.361144 -1.16556 0.602122 -0.0942348 -2.05495 -1.13955 0.167922 0.418997 -1.29707 -0.181031 0.141356 1.70259 0.585056 -0.0435973 0.606774 
2.98716 -0.496831 -0.0463025 -0.179058 -0.25585 -0.345387 -0.0838582 -0.238547 -0.191248 -0.130575 0.0795228 0.040031 0.0631306 2.4785 -0.725755 0.435842 -0.914617 -1.18906 -1.6645 0.24029 1.09256 0.524841 0.417534 1.45573 -0.323359 -0.70264 -0.586927 0.0595707 -1.59247 -1.21081 0.514211 2.16743 0.0322565 0.56389 0.478131 1.15661 -0.790985 -0.546787 -0.0267885 
3.04485 -0.540336 -0.0636726 -0.182985 -0.207655 -0.384116 -0.14519 -0.126961 -0.161901 -0.0754924 0.128727 -0.145114 0.0261315 2.04855 -0.218186 0.384927 -0.591065 -0.467923 -0.690598 0.334259 0.751476 0.410178 0.168479 0.372523 -0.209347 -0.415062 -1.37641 0.786584 0.130768 -0.319198 0.463641 3.04933 1.77426 -0.158346 -0.142245 -0.359412 -2.31351 0.303481 0.0807599 
3.15046 -0.511734 -0.123679 -0.219907 -0.243575 -0.417349 -0.223163 -0.135227 -0.133319 -0.048413 0.129002 -0.127621 0.0229389 0.979419 -0.16092 0.191751 -0.772153 -0.28336 0.531238 0.573358 0.654196 0.333043 0.120719 -0.0673922 -0.0845224 -0.00998208 -2.61863 0.792816 1.32374 0.589113 0.499134 2.53061 2.22972 -0.373232 -0.574703 -1.51773 -2.77759 0.0707552 0.197291 
3.06222 -0.589682 -0.146182 -0.264455 -0.278055 -0.328009 -0.0176304 -0.0707014 -0.0635283 0.0864108 0.14458 -0.0798015 -0.0506595 -0.292201 0.0363322 0.468132 -0.386702 0.0325798 1.1575 0.574665 0.727189 0.286216 0.120328 -0.36473 -0.551748 -0.179718 -2.62713 0.869129 1.66267 1.60797 0.936356 1.29629 0.188175 -0.82795 -0.860396 -2.04628 -1.87273 0.108409 0.786256 
3.06774 -0.510593 -0.079192 -0.3223 -0.270092 -0.255617 -0.0611047 -0.114802 -0.15972 -0.12957 0.0111541 -0.0702319 0.0307277 -1.58805 0.442294 0.615209 0.244204 0.804914 2.02836 0.609122 0.30309 0.1735 -0.039256 -0.815547 -0.315616 -0.160966 -2.39302 0.269702 0.549595 1.7495 1.04155 -0.0352784 -1.19108 -0.776404 -0.250192 -0.0122603 0.856691 0.0417604 0.261579 
3.10871 -0.44037 0.0370354 -0.148342 -0.165873 -0.209752 0.00572998 -0.158131 -0.17191 -0.143357 -0.0585089 -0.0877006 0.0354087 -3.28791 0.691672 0.468107 0.618942 1.02382 2.38399 0.652028 -0.322223 -0.0493923 -0.225231 -0.798087 0.571103 -0.00954387 -2.64089 -0.268827 -1.21235 0.606569 0.742908 -0.49276 -1.94083 -0.332358 0.279421 1.31641 2.15513 0.245766 -0.288811 
2.92465 -0.543101 -0.0617045 -0.267401 -0.274685 -0.233349 -0.0107124 -0.0681631 -0.11653 -0.0762447 0.0070636 -0.16378 0.0119171 -3.95933 0.527951 0.104948 0.851585 1.19942 1.87892 -0.182695 -0.430699 -0.202276 -0.27369 -0.951963 0.531407 0.327892 -1.2391 0.00678647 -1.78739 0.126057 0.574071 -0.634746 -1.71397 -0.679302 0.13061 1.18201 1.15037 1.20402 -0.0444141 
2.86468 -0.500313 0.0145578 -0.147102 -0.171396 -0.181991 -0.0895158 -0.0956497 -0.124304 -0.0842198 0.00776204 -0.108218 0.010022 -4.08351 0.495197 -0.594422 0.613812 1.16068 1.0069 -1.13308 -0.314724 -0.0626363 0.0145939 -0.557234 0.53707 0.276519 -0.250684 -0.335013 -2.07428 -1.20281 -0.478554 -1.06296 -0.467696 0.0017532 0.169325 0.738031 -0.102376 0.933326 0.0390085 
2.82656 -0.43792 -0.0279647 -0.150201 -0.094307 -0.111455 -0.0853987 -0.197933 -0.15737 -0.0624853 0.078101 -0.0464911 0.0189651 -3.83079 0.162788 -1.30342 0.125268 0.937115 0.342496 -1.2519 -0.165151 0.219717 0.833417 -0.00663935 0.863483 -0.000188709 1.30043 -0.449667 -1.14153 -1.65572 -1.16712 -1.73396 -0.244447 0.730299 0.0610588 -0.258196 -1.20906 0.129112 0.223927 
2.60034 -0.459336 -0.103173 -0.15293 -0.115832 -0.0961163 -0.0621617 -0.159673 -0.13662 -0.049262 0.036812 -0.0255906 0.00108779 -3.42292 0.158073 -1.4858 -0.400495 0.605772 -0.0701845 -1.55807 -0.731518 -0.0893107 0.591266 -0.0830065 1.18792 0.22084 2.65505 -0.238543 0.297897 -1.04914 -0.936321 -1.63594 -0.00991481 0.120164 -0.147349 -0.371151 -0.700788 -0.332993 0.187646 
2.68864 -0.498857 -0.149693 -0.177014 -0.1519 -0.20056 -0.19948 -0.150228 -0.142145 -0.0634077 -0.0782041 -0.0421687 0.0783295 -2.34928 0.443292 -1.03988 -0.181946 0.649717 -0.299202 -1.38576 -1.33509 -0.428554 0.212924 -0.465221 1.32401 0.426088 1.80551 0.121103 1.23445 -0.27375 -0.429494 -0.454445 0.517974 -0.858237 -0.420172 -0.367874 0.490034 -0.23782 -0.0866465 
2.60437 -0.491497 -0.180243 -0.246972 -0.146646 -0.204868 -0.144502 -0.0895992 -0.0998029 -0.0100499 0.00687021 -0.0269585 -0.0018325 -1.69402 0.223903 -0.924251 -0.51022 0.108012 -0.646002 -1.08452 -1.3527 -0.472352 0.0890993 -0.546767 0.96124 0.479373 1.33878 0.509077 1.78174 1.10727 0.278944 0.537491 0.327848 -1.88352 -0.838854 -0.697349 0.359227 -0.00371975 0.340711 
2.67238 -0.463917 -0.16866 -0.260747 -0.125517 -0.211519 -0.173861 -0.15045 -0.142984 -0.0363541 -0.00416874 0.0186201 0.0276388 -1.02078 0.124766 -0.362652 -0.307579 -0.0676511 -0.759404 -0.982589 -1.28166 -0.4811 -0.0885336 -0.586443 0.681728 0.465186 0.289001 0.270206 1.1015 1.22173 0.227889 0.85404 0.499834 -1.18899 -0.441324 -0.418219 0.239084 -0.255015 0.239051 
2.60681 -0.449413 -0.126366 -0.196818 -0.124282 -0.209956 -0.205413 -0.294247 -0.190454 -0.0623126 -0.0313141 0.0307696 0.0699136 -0.280293 0.286692 0.127258 -0.0707208 0.0950154 -0.492159 -0.74418 -1.52344 -0.589028 -0.179401 -0.235348 0.571862 0.435823 0.0367203 -0.221535 0.114765 0.460325 -0.0940934 0.504283 0.531443 0.74383 0.309338 -0.00374916 0.0145472 -0.526324 -0.144287 
