3.42943 -0.491489 -0.649357 -0.336322 -0.597486 -0.348218 -0.273542 -0.0197385 -0.113403 -0.188854 0.161806 0.0518756 0.083533 -0.52929 0.464188 0.480707 0.942181 1.03129 -0.0912116 0.704806 -0.350715 0.221062 0.0746314 0.0847905 0.92673 -0.547033 -0.956914 0.264421 0.21413 0.740369 0.569619 -0.691921 0.581756 -0.0611145 0.310929 0.408084 -0.220731 0.381202 -0.187353 
3.49239 -0.450473 -0.592496 -0.268512 -0.482148 -0.238212 -0.250112 -0.0844584 -0.135186 -0.270651 0.226208 0.175782 0.00433319 -1.07831 0.612571 0.422174 0.371586 1.00062 -0.405601 0.698002 0.0627862 0.685245 0.292161 -0.0198747 0.955119 -0.523742 -1.89219 0.134208 -0.271446 -0.859643 -0.577114 -1.32694 0.429281 0.545513 0.568734 0.81695 -0.836872 -0.569923 0.774831 
3.46166 -0.468773 -0.621776 -0.263005 -0.535133 -0.367575 -0.243876 0.00129213 -0.054316 -0.124787 0.182388 0.10114 0.00629506 -1.79983 0.6119 0.40016 0.461357 1.71962 -0.519297 0.814701 -0.0363366 0.0534525 0.0568244 -0.346575 1.03701 -0.365146 -1.96387 0.126515 -0.298595 -1.60077 -0.104264 -0.387938 0.243153 0.155786 -0.537744 -0.245777 -0.901858 -0.425223 1.14582 
3.34883 -0.463458 -0.604051 -0.125765 -0.420118 -0.418253 -0.249774 -0.0327069 -0.0733632 -0.200323 0.198876 0.175147 -0.0300237 -2.98271 0.611912 0.904394 -0.0101338 2.08691 0.00187925 1.18049 -0.695262 -0.633257 0.147682 -0.745491 1.32474 0.11339 -1.64892 0.00177729 0.265435 -2.09939 0.359992 1.06338 0.279533 -0.571762 -1.52203 -0.354063 -0.876235 -0.0632397 1.22776 
3.3257 -0.418078 -0.591164 -0.312306 -0.5327 -0.336317 -0.135858 -0.0920262 -0.112266 -0.173178 0.128809 0.135496 0.0903611 -4.07024 0.519417 1.40278 -0.626409 2.13733 0.209329 1.23113 -0.495401 -0.576594 0.0850459 -1.44817 0.650609 0.522631 -1.63202 -0.320126 1.1479 -0.674271 1.45466 1.51399 -0.137468 -0.629019 -1.40147 -0.603514 -0.730493 0.035887 0.378452 
3.26989 -0.413099 -0.617005 -0.385045 -0.500195 -0.418687 -0.221606 0.0514005 0.022263 -0.137852 0.157904 0.153989 0.0235643 -5.06401 0.156877 1.56482 -1.54977 1.7955 0.406962 1.23444 0.101675 -0.347064 0.19488 -1.71598 0.0550686 0.508697 -1.53798 -0.583742 1.64966 -0.00686088 0.969707 1.74936 0.256177 -0.43869 -0.675833 -0.388603 -0.604864 -0.399615 -0.231542 
3.18688 -0.430766 -0.599788 -0.232135 -0.288451 -0.38613 -0.177746 -0.0589708 -0.217814 -0.238319 0.10142 0.192892 0.0423982 -5.25042 0.0155104 2.02341 -1.65412 1.92818 0.717158 0.965171 0.0929477 -0.321151 -0.524268 -1.91222 0.0731036 0.244685 -0.972566 -0.658606 1.15144 -0.455901 -1.03574 0.154378 -0.21657 1.17133 1.83817 0.237752 -0.443312 -1.24348 -0.800407 
3.0109 -0.415414 -0.455833 -0.346403 -0.299121 -0.236891 -0.0915249 -0.20873 -0.257646 -0.169136 0.0682689 0.279607 0.112099 -4.99957 0.0636784 2.69403 -1.1736 2.11015 0.831147 0.49417 -0.102887 -0.322507 -0.37042 -1.6616 -0.156907 0.130185 0.533394 -0.256142 0.331907 0.650594 -1.06326 -1.25142 -1.10123 1.56363 2.1296 -0.278093 0.377406 -1.18318 -1.14878 
2.93011 -0.419522 -0.408914 -0.38512 -0.303747 -0.28749 -0.124807 -0.0412806 -0.107864 -0.20258 -0.0310549 0.0960731 0.101917 -4.33864 -0.413614 3.05093 0.0185702 1.95726 1.02482 -0.162184 -0.601673 -0.166309 -0.344162 -1.4055 -0.548848 0.108922 2.21448 -0.0875312 -0.031877 1.4986 -0.966925 -0.714759 -1.34765 -0.51199 0.513145 -0.0235905 1.08645 -0.218346 -0.197149 
2.82872 -0.469041 -0.432891 -0.47409 -0.328373 -0.274763 -0.099455 0.0526374 -0.0632624 -0.162895 0.0294455 0.126771 0.00071978 -4.01703 -0.962524 3.14786 0.856172 1.8052 1.54281 -0.644256 -1.22014 0.295588 0.232175 -1.1434 -1.35062 0.223863 2.46935 -0.401567 0.0768939 2.95295 0.381808 0.322575 -1.82494 -2.31807 -0.460718 0.535344 1.10649 -0.322037 0.730779 
2.80168 -0.459407 -0.375711 -0.388545 -0.286643 -0.365766 -0.153368 0.000180497 -0.0744027 -0.261403 -0.0662539 0.144005 0.0164967 -3.98712 -1.16035 2.89418 0.925559 1.1824 1.00088 -0.708329 -1.02281 0.655501 1.17664 -0.42998 -1.64055 -0.154913 0.807059 -0.901117 -0.0952222 2.29884 0.690092 1.33604 -0.465752 -2.57355 -1.33439 1.80433 1.23632 -0.593021 0.760157 
2.77673 -0.391381 -0.231909 -0.279216 -0.159212 -0.285002 -0.187409 -0.132625 -0.167112 -0.223172 0.0271203 0.167351 0.0544634 -3.60597 -1.42266 2.36075 1.51342 1.21346 0.5851 -0.533519 -0.720956 0.201548 1.32886 -0.0603541 -1.56086 -0.33457 -1.10697 -1.21052 -0.789163 -0.0991767 -0.430367 0.592295 1.12797 -0.200945 -0.420589 2.08289 0.483418 -0.568566 -0.0398825 
2.84905 -0.510042 -0.235028 -0.276908 -0.292713 -0.181089 -0.212258 -0.199343 -0.132114 -0.185246 -0.030935 0.0509142 0.135213 -3.41876 -1.2482 2.30015 1.71643 1.27859 0.956529 0.108404 -1.09765 -0.552129 1.34254 0.00595061 -0.991755 -0.241592 -1.93425 -0.0403217 -0.947223 -1.41547 -0.325448 -0.951138 2.17441 2.41795 -0.107005 0.669286 -0.0541449 0.262934 -1.16421 
2.6682 -0.596318 -0.223874 -0.17016 -0.119928 -0.14314 -0.301703 -0.196772 -0.0217479 -0.0778891 0.000692753 -0.0330383 0.060092 -3.1489 -1.03654 1.96794 1.33163 1.00345 0.847278 0.633444 -0.681622 -0.175669 1.38035 -0.297709 -1.19417 -0.175619 -0.309837 1.16131 -0.894715 -2.2678 -1.10976 -1.45681 2.54064 2.90824 -0.134389 -1.12953 -0.643674 1.33569 -0.981058 
2.50065 -0.55933 -0.187402 -0.235752 -0.175054 -0.256863 -0.131481 -0.198294 -0.192776 -0.00619244 0.0451281 0.0296719 0.0125919 -2.51877 -0.769793 1.19147 0.352182 0.321955 1.0909 1.17606 0.139418 0.280115 1.88417 0.368127 -1.12234 -0.656603 2.36208 1.6004 -0.783844 -1.44069 -0.92053 -0.28911 0.756767 1.68976 0.981495 -1.7402 -0.526019 0.915758 -0.242535 
2.49992 -0.589925 -0.17146 -0.259949 -0.19498 -0.225566 -0.104053 -0.0966226 -0.149905 -0.0457537 0.00158975 0.0423708 0.0360859 -1.18184 -0.277037 0.0375375 -0.236651 -0.183472 0.227037 0.50257 0.642786 0.812146 1.08502 0.0700589 -0.417156 -0.474105 4.08812 1.54993 -1.2486 -0.524067 -0.684977 0.242109 -1.58074 -0.423663 1.33451 -1.05802 0.370182 0.576398 0.575657 
2.49966 -0.539713 -0.126114 -0.22028 -0.149761 -0.175172 -0.0766278 -0.0884736 -0.158069 -0.118728 -0.0577596 0.0186983 0.01554 0.0366335 0.69724 -0.409464 -0.631874 0.115906 -0.236134 0.127769 0.630646 0.689256 0.615598 0.265428 0.535105 -0.368549 4.19804 0.746345 -1.89785 -0.29218 -0.534078 -0.0717713 -2.92533 -1.46427 1.15626 0.0350911 0.915937 0.639545 1.05725 
2.49351 -0.556352 -0.170235 -0.287304 -0.191702 -0.216663 -0.0605213 -0.0695408 -0.0378679 -0.0582867 -0.057603 -0.00999052 -0.00262345 4.11408 1.72091 -0.219462 -1.01195 -0.662063 -0.4312 0.188694 0.8123 1.03002 0.336623 -0.737936 0.783132 -0.00335158 5.0139 1.05211 -0.781046 0.174377 0.165777 -0.698213 -2.18343 -1.01388 0.156596 0.322027 -0.151901 0.949924 0.801891 
2.60117 -0.51489 -0.19166 -0.3003 -0.234499 -0.126646 -0.0717462 -0.0927501 -0.0562901 0.0446828 0.102508 -0.00631711 -0.039001 9.6862 3.35768 -0.104021 -0.35892 -0.760452 -0.67817 -0.68829 0.603668 1.51378 -0.0619833 -1.22912 0.660708 -0.103085 8.04011 2.50732 0.882446 0.459906 -0.0617954 -1.70535 -0.160556 0.0559828 -0.667766 -0.481936 -2.10791 0.815063 0.171693 
2.75477 -0.481892 -0.297192 -0.266131 -0.219176 -0.252736 -0.301455 -0.142944 -0.02156 -0.106031 -0.000577657 0.0972054 0.0972184 15.7727 5.15223 -1.33621 0.14709 -0.787469 -1.45214 -1.42199 0.28771 1.39377 -0.331878 -1.5815 0.662784 -0.239698 12.4036 3.92216 0.84219 0.95533 -0.312189 -1.1827 1.27164 1.04851 -0.418374 -0.728847 -2.51528 -0.422482 -1.01151 
2.74463 -0.452165 -0.280583 -0.323786 -0.160397 -0.22526 -0.221252 -0.141595 -0.0561926 -0.0325451 0.0224828 0.118092 0.0507048 19.6332 6.1881 -2.40401 0.268131 -1.02986 -1.47203 -2.07446 0.432546 1.57039 -0.736853 -1.50633 0.285241 -0.360396 13.0665 4.07563 -1.19462 1.33216 -0.654819 -0.436203 0.0921522 0.872243 0.344626 -1.45631 -1.31951 -1.51851 -1.21345 
3.36094 -0.306687 -0.129602 -0.334027 -0.263153 -0.27319 -0.0897203 -0.0119915 0.0437024 0.0153169 -0.205791 0.075266 0.0137384 19.8918 5.9749 -2.15641 0.28796 -0.87241 -0.843333 -2.41545 0.209226 1.1812 -0.995839 -1.29904 -0.418507 -0.142316 4.04062 0.896808 -2.99064 0.463038 -0.133395 1.08315 -1.89975 -0.527645 0.305142 -1.05284 1.84586 -1.92505 -0.271275 
4.08864 0.00527281 -0.135827 -0.223464 -0.30185 -0.356626 -0.181757 -0.0659387 -0.014551 -0.0986469 -0.160994 0.0936815 -0.0389617 14.4081 4.93033 -1.24238 0.294686 -0.417181 -0.0688603 -1.70031 -0.832354 -0.0273518 -0.814518 -0.627146 -1.29157 -0.397395 -12.4695 -3.97952 -1.29216 -0.819021 0.816712 2.94091 -1.34625 -2.10041 -1.09414 0.54307 3.66981 -1.9282 0.629472 
4.78177 0.148879 -0.496314 -0.191555 -0.26058 -0.399593 -0.328728 -0.0581596 0.0500902 -0.161279 -0.222259 0.0780987 -0.0135697 6.5309 2.64322 -0.708308 0.202836 -0.357852 1.09157 0.352588 -1.40091 -1.22886 0.678189 0.945947 -1.77956 -0.349222 -27.1371 -7.72874 2.85318 -1.32027 1.13254 3.25015 2.0736 -2.85368 -3.07567 2.52004 3.94304 -0.941855 1.2164 
4.7965 0.174505 -0.552371 -0.246503 -0.310897 -0.285879 -0.392015 -0.0350169 0.131375 -0.184369 -0.127794 -0.0205727 -0.0454989 -2.71321 -0.380886 -0.747696 -0.427028 0.131973 1.85817 0.898665 -1.81992 -2.11464 0.711652 2.08206 -1.12393 -0.0509642 -30.0988 -8.51314 4.50311 -1.39812 1.42498 2.14857 5.26175 -2.02554 -4.1408 3.24786 2.60337 1.1053 0.718221 
4.47045 -0.00941804 -0.375431 -0.31803 -0.296441 -0.201801 -0.42042 -0.121841 0.070449 -0.0913077 -0.0529251 -0.0882696 0.0444816 -12.1892 -3.54917 -0.216891 -0.560432 0.84704 2.12018 1.36366 -1.5573 -2.39983 0.96287 2.7733 -0.762876 0.243331 -19.5246 -5.80158 2.76056 -0.310081 0.858682 -0.221288 5.01724 0.878719 -1.97577 1.4771 -0.051366 2.4248 -0.130408 
3.53527 -0.0638908 -0.216003 -0.261964 -0.206239 -0.120152 -0.262467 -0.358413 -0.227515 -0.0499279 0.0642382 -0.12148 -0.0438682 -18.7298 -5.95719 1.17867 -0.93133 1.19379 2.05555 2.28487 -0.776541 -2.10101 1.08218 2.18173 -0.150127 0.423106 -2.30963 -2.23769 -0.161865 0.249102 0.245326 -2.19467 1.01004 3.69699 1.97489 -1.38286 -2.23227 2.74973 -0.121046 
3.06279 -0.303235 -0.295653 -0.264027 -0.255352 -0.112056 0.035517 -0.283364 -0.250139 0.151297 0.11986 -0.057675 0.0671055 -20.7735 -6.60351 2.49044 -0.658229 1.20046 1.63368 2.86303 -0.303905 -1.65328 0.571196 1.26124 0.510576 0.234866 9.93182 1.36831 -1.16039 0.681753 0.11502 -2.4475 -3.2186 3.66539 4.38041 -3.7413 -3.71155 1.32059 -0.518883 
2.64445 -0.47582 -0.333101 -0.432174 -0.172095 -0.0492513 -0.0272364 -0.230888 -0.263079 0.00153081 0.143809 0.0859884 -0.0141211 -17.8058 -6.04988 1.94263 -0.469532 0.931503 0.396607 2.19843 0.104709 -1.15722 0.091887 0.130132 1.06123 0.436828 13.9718 3.48035 -0.45814 1.07585 -0.882246 -1.99815 -4.07799 1.44402 3.80297 -2.63915 -3.15155 -0.702985 0.0929326 
2.57158 -0.547504 -0.220292 -0.277501 -0.177488 -0.158876 -0.0792049 -0.0841523 -0.130023 -0.00899704 0.039865 -0.0165696 0.0151955 -11.5341 -4.14204 1.33999 -0.162397 0.433789 -0.512154 1.18508 1.02575 0.337336 -0.39265 -1.03573 0.686994 0.0140867 12.0433 4.11875 -0.00250816 0.225376 -1.21252 -0.838518 -2.66296 -1.3053 1.204 -0.377608 -1.47895 -1.48415 0.110735 
2.49179 -0.563122 -0.177756 -0.312502 -0.145394 -0.164027 -0.0940564 -0.102263 -0.127346 -0.0959142 0.00884774 0.0662217 0.0238961 3.23425 -2.29048 -0.738801 -0.943471 0.248011 -1.5899 -0.0248635 1.20119 1.27718 -0.8751 -1.32635 0.94373 0.257425 16.0423 3.92464 -1.96053 -0.748696 -0.944317 -0.771063 -0.417101 -2.32572 -1.01885 1.52169 0.549704 -1.16976 -0.0461164 
2.48908 -0.576752 -0.20296 -0.284325 -0.152605 -0.12175 -0.0658539 -0.134427 -0.0600635 -0.138842 -0.0757196 0.0529298 0.000306941 14.0724 -0.373815 -1.8369 -1.5519 0.211435 -1.65474 -1.01085 0.736444 1.53405 -0.507019 -0.667377 0.718743 -0.232802 22.0655 2.74433 -3.94183 -2.13558 -0.34567 -0.72989 0.65669 -0.957784 -1.1205 2.60431 2.43062 0.134555 -0.14272 
2.47563 -0.601783 -0.23403 -0.360527 -0.235787 -0.213123 -0.163856 -0.177278 -0.14016 -0.0626807 -0.0304715 0.0347074 0.0759345 20.5226 0.558336 -3.13378 -1.38088 -0.0847077 -1.46983 -0.732959 0.356696 1.89263 0.604023 -0.462098 0.0986393 -0.193532 21.6454 1.37145 -4.37256 -1.81048 0.758134 0.273123 0.646153 0.444329 0.423965 1.52429 2.18164 0.762243 -0.872272 
2.70668 -0.482925 -0.112096 -0.304476 -0.223882 -0.22657 -0.130718 -0.107878 -0.0397045 -0.0104754 -0.109294 -0.0840224 -0.0179537 23.4528 1.16683 -4.62525 -2.1923 0.230075 -0.154039 -0.516498 -0.492754 1.20814 0.930665 0.408137 0.0547237 -0.944096 10.7125 -0.137589 -3.50278 -0.699065 0.995128 1.78256 0.163145 0.340197 0.75015 0.444345 1.47688 0.450363 -0.920453 
4.71595 -0.431449 -0.592239 -0.501613 -0.142213 -0.359087 -0.0790344 -0.203968 -0.144995 -0.0828071 0.0205527 0.142479 0.0429767 23.9303 2.64779 -4.66901 -2.11218 0.14046 0.106752 -0.649357 -0.297525 1.34221 1.27289 0.685003 -0.497182 -1.21325 -11.3024 0.412867 0.95795 1.03445 0.259578 2.98526 -0.481904 0.0833177 0.88379 -0.230961 -0.29548 -1.292 -1.13729 
4.96375 -0.452591 -0.600553 -0.574428 -0.179109 -0.247242 -0.135141 -0.0888265 0.0028548 0.0802259 0.129867 0.121248 -0.0303535 22.9481 4.82722 -4.35275 -2.25931 0.45619 -0.110811 -1.259 -0.0251969 1.43153 0.790402 0.712311 -0.39672 -1.17151 -19.507 3.17988 3.18552 1.55663 -0.0680982 1.2996 -0.989328 -0.617004 -0.219301 -1.55956 -1.65082 -1.6638 -0.30153 
4.81448 -0.496714 -0.646826 -0.455105 -0.175827 -0.2267 -0.15982 -0.0939934 0.114156 0.0469742 -0.0366758 0.00339448 -0.0333176 20.011 6.56648 -4.51247 -1.63296 0.58869 -0.664551 -1.51606 0.0846481 1.69293 0.110959 0.344083 -0.249731 -1.17797 -14.2763 5.76311 2.94389 0.734983 -0.400161 -1.88636 -1.37779 -0.320815 -1.06288 -1.57002 -0.95667 -0.392731 0.665357 
4.89534 -0.410266 -0.736453 -0.5383 -0.107285 -0.0511443 -0.145569 -0.229671 -0.0393634 0.0120008 0.0604924 -0.0168703 -0.154349 14.7091 7.11022 -4.53816 -0.739147 0.0141567 -1.3995 -1.70437 0.0137634 1.72674 -0.362119 0.0686792 -0.400627 -0.743197 -3.60407 4.9961 0.791934 1.0983 -0.814171 -4.55414 -0.791544 0.786759 0.191849 -1.18972 -0.870499 0.668428 1.48907 
4.93596 -0.086158 -0.616376 -0.535288 -0.185442 -0.178337 -0.197522 -0.151617 0.0548845 0.0316742 0.0212511 -0.041385 -0.105697 7.74189 7.16945 -3.35803 0.610217 -0.676101 -1.91181 -1.27161 0.358735 2.05673 -0.732976 -0.843965 -1.2434 -0.428453 4.47474 -0.00631961 -2.57408 1.34354 -0.861903 -3.79396 0.794101 0.669977 0.47856 -0.786422 -0.254851 1.10149 1.46531 
5.26189 0.22332 -0.678563 -0.612798 -0.126211 -0.296352 -0.327734 -0.12657 0.0865784 -0.0556906 -0.00702018 0.012014 -0.0690755 8.12049 6.4445 -3.4838 1.01655 -1.04313 -2.65403 -0.246597 0.280695 1.58195 -1.54689 -1.32847 -0.976049 0.426367 1.53173 -5.54133 -1.97453 2.02965 -1.46213 -0.53728 2.74273 0.639423 0.789478 0.0885615 -0.395596 -0.20356 0.91842 
5.46906 0.326927 -0.891255 -0.529719 -0.158209 -0.466324 -0.333259 -0.133062 0.0989745 -0.0412139 -0.00416199 0.0267088 -0.0748821 8.74133 4.86487 -3.23197 1.0883 -1.65719 -2.39434 0.550063 0.710113 1.32569 -1.63816 -1.12858 -0.572 1.07843 -2.26265 -7.68501 0.536199 1.34007 -1.28261 2.91424 3.35131 0.245504 -0.0381474 -0.244658 -0.821347 -0.935277 0.816011 
5.63969 0.285255 -0.990982 -0.428952 -0.232391 -0.483554 -0.260421 -0.124339 0.181961 -0.0604168 -0.0196265 -0.0315399 -0.077903 7.75656 2.39625 -2.73871 1.51723 -2.07665 -1.68899 1.17374 1.06126 1.27841 -1.70478 -1.59674 -0.41137 1.71083 -4.15199 -5.87904 2.76488 -0.45595 -0.493807 4.48446 2.10939 -0.0901805 -1.60683 -0.366524 -0.389822 -0.195183 0.714657 
5.72555 0.237312 -1.03118 -0.402234 -0.275354 -0.478692 -0.170717 -0.0938901 0.210963 -0.0995521 -0.0776968 -0.0726577 -0.0290105 6.05859 -0.26205 -2.26048 1.28363 -1.85079 -0.029096 1.90702 0.540226 0.494096 -1.81122 -1.47868 -0.233031 1.68604 -4.4122 -2.44582 3.62887 -1.50124 0.303388 3.53829 0.00684325 -0.271971 -1.88694 -0.201043 0.0678474 0.837235 0.543087 
5.80513 0.156983 -0.987251 -0.41601 -0.309502 -0.433554 -0.0972568 -0.0760346 0.204051 -0.14217 -0.125072 -0.0754136 0.0270814 3.55637 -1.77855 -0.903111 0.751161 -1.57468 1.20233 2.24694 0.261716 -0.0597281 -1.45408 -1.49695 -0.163321 1.69337 -3.54078 0.27799 2.35922 -1.89107 1.39415 1.60173 -1.53329 -0.749486 -1.59991 0.224354 0.474538 1.36444 -0.104359 
5.82823 0.116848 -0.981213 -0.387236 -0.366962 -0.341499 -0.0887689 -0.0611129 0.161133 -0.180142 -0.127022 -0.0691731 0.064081 1.76562 -1.93113 0.61108 -0.32527 -0.973304 1.99778 1.94584 -0.131039 -0.341683 -1.27627 -1.5498 0.175847 1.56526 -2.69751 1.29684 1.03725 -1.70649 1.80478 -0.445135 -1.44062 -1.17866 -0.455855 0.919996 0.403774 1.02577 -0.808931 
5.82954 0.0921153 -0.958177 -0.400296 -0.369375 -0.279326 -0.089572 -0.0672946 0.11382 -0.197507 -0.150079 -0.0303161 0.086478 0.532511 -1.38115 1.32081 -1.27459 -0.27126 1.94096 1.26926 -0.601064 -0.564978 -0.63034 -1.55102 0.503413 1.15324 -1.67419 1.33972 0.421592 -1.39536 1.49982 -1.38088 -0.793619 -1.13042 0.7911 1.41103 -0.00517096 0.0819383 -1.19038 
5.80393 0.0838407 -0.927739 -0.448235 -0.342111 -0.273293 -0.0624242 -0.109067 0.121376 -0.224865 -0.153334 -0.00898573 0.103419 -0.108295 -0.898714 1.8167 -2.04224 0.299337 1.63891 0.622687 -1.01533 -0.532388 0.395616 -1.52838 0.535648 0.438871 -0.602253 0.907652 0.413185 -1.18241 0.830465 -1.28661 -0.437522 -0.631465 1.01785 1.93538 -0.507349 -0.605215 -1.30421 
5.77923 0.0876839 -0.905872 -0.504198 -0.29056 -0.276955 -0.0750352 -0.115853 0.101373 -0.19278 -0.19182 -0.00352829 0.115079 -0.684555 -0.280005 2.03401 -2.84485 0.799391 1.16528 0.277242 -1.48676 -0.101195 1.31951 -1.56592 0.424435 -0.382853 0.0449715 0.493096 0.624905 -1.11532 0.153117 -0.613808 -0.258341 -0.415769 0.89006 1.95349 -0.47484 -0.73627 -1.40879 
5.76052 0.0852751 -0.861308 -0.53553 -0.309561 -0.263084 -0.0419056 -0.166783 0.141346 -0.184518 -0.218395 0.00655139 0.0906331 -1.14833 0.196651 2.49621 -3.8597 1.20173 0.831068 -0.0111016 -1.56339 0.247749 2.03732 -1.43301 0.227479 -1.04505 -0.132355 0.468806 0.736619 -1.40083 0.100865 0.0737902 -0.594052 0.0340611 0.259033 1.58555 0.0963858 -0.523121 -1.26343 
5.76561 0.0968972 -0.842244 -0.588283 -0.290235 -0.255372 -0.0574117 -0.188038 0.154207 -0.117791 -0.261905 -0.016083 0.0668411 -1.81574 0.838749 2.72225 -4.42905 1.04524 0.870964 -0.209237 -1.6197 0.296894 2.47201 -0.88814 0.0286656 -1.61661 -1.09813 0.862404 0.729439 -1.5075 1.87457e-05 0.487749 -0.578386 0.137798 -0.266285 0.591324 1.08468 -0.00981868 -0.978808 
5.77454 0.0745915 -0.758793 -0.683466 -0.263375 -0.242402 -0.0719945 -0.198746 0.128254 -0.0179257 -0.301045 -0.0278029 0.0304612 -2.34254 1.29087 3.00394 -4.62242 0.68775 1.01375 -0.433874 -1.51172 0.0509643 2.68447 -0.190933 -0.0299775 -1.98726 -1.92276 1.30489 0.393558 -0.849645 -0.374217 0.484196 -0.37512 0.150606 -0.513454 -0.541427 2.01884 0.283127 -0.481186 
5.71707 0.115924 -0.720138 -0.789233 -0.235052 -0.231086 -0.0617368 -0.269699 0.178225 0.0161007 -0.313856 -0.0113332 -0.0304021 -3.13529 1.69847 3.34389 -4.49627 0.234243 1.06143 -0.568356 -1.18296 -0.458661 2.44637 0.702025 0.0409469 -2.04416 -2.03599 1.16647 0.275841 0.472333 -0.971343 0.225409 -0.250031 0.629498 -1.17681 -1.05308 2.29813 0.279078 0.208539 
5.64359 0.150475 -0.636069 -0.921822 -0.20672 -0.190754 -0.112041 -0.237273 0.158118 0.0467657 -0.271065 -0.0139934 -0.0609823 -3.74649 1.81624 3.43651 -3.90134 -0.190883 1.2325 -1.00843 -0.828341 -0.782524 1.75934 1.57452 0.0872294 -1.89064 -1.30538 0.385939 0.0509045 2.08393 -1.50463 -0.028721 -0.154239 0.611745 -1.00845 -1.46869 1.80581 0.164191 0.631559 
5.52343 0.240378 -0.614863 -0.972867 -0.248908 -0.151595 -0.103795 -0.291151 0.125334 0.0706848 -0.202135 -0.00690295 -0.106589 -3.8071 1.46715 3.1584 -2.69965 -0.755226 1.27581 -1.16836 -0.922453 -0.266355 0.619131 2.2987 0.0404763 -1.64278 0.287107 -1.04096 -0.275291 3.02491 -1.23007 -0.223877 -0.454533 0.475143 0.210231 -1.81749 0.815002 -0.190406 0.879327 
5.48074 0.254682 -0.538157 -1.00896 -0.266629 -0.156112 -0.113173 -0.299865 0.101756 0.0995373 -0.154008 -0.00486414 -0.127026 -3.03576 0.922261 2.22454 -0.902929 -1.14682 0.99183 -1.22142 -1.19261 0.47441 -0.296965 2.69102 -0.242415 -1.30996 1.9851 -2.02688 -1.31457 3.52652 -0.636015 -0.341266 -0.474831 -0.344534 1.86424 -1.94125 -0.0385656 -0.588341 0.733634 
5.35907 0.294536 -0.456634 -1.02132 -0.299026 -0.156626 -0.13047 -0.250594 0.0233714 0.0953599 -0.101984 0.0072277 -0.12314 -2.08708 0.376968 1.05313 1.14364 -1.61244 0.59069 -1.20967 -1.40152 1.15499 -0.927225 2.81425 -0.577899 -0.90234 3.17577 -2.01467 -2.77079 3.70799 -0.164679 -0.602748 -0.111047 -1.39813 3.23345 -1.61949 -0.465205 -0.878062 0.419399 
5.32411 0.269947 -0.428025 -0.977436 -0.345598 -0.092035 -0.208116 -0.271028 0.0703139 0.0230745 -0.0461543 -0.00170121 -0.14175 -1.49541 0.075336 -0.153201 2.93843 -1.79344 0.0501563 -1.39742 -1.38548 1.80685 -1.31902 2.29868 -0.528205 -0.622864 2.54502 -0.820888 -3.31441 3.22257 0.144489 -1.15751 0.172982 -0.997741 2.41778 -0.469201 -0.861947 -0.536388 0.315176 
5.37138 0.201811 -0.456951 -0.904893 -0.37041 -0.0950848 -0.212762 -0.358344 0.222591 -0.046581 -0.0135975 -0.037103 -0.151816 -1.06839 0.0120697 -1.37091 4.09919 -1.32613 -0.703683 -1.74241 -0.968835 2.26928 -1.63397 2.03174 -0.666956 -0.341435 0.394871 0.980014 -2.88061 2.16124 0.485139 -1.55839 -0.0554955 0.447169 0.184061 0.511575 -0.793846 0.0948058 0.295734 
5.47571 0.167466 -0.543627 -0.782534 -0.366592 -0.144547 -0.209374 -0.423676 0.282975 -0.0394789 0.00902196 -0.0787581 -0.161447 -1.08693 0.385212 -2.4019 4.43623 -0.603004 -1.27148 -2.11927 -0.672651 2.44243 -1.69841 1.83343 -0.657055 -0.163741 -1.85333 2.00132 -1.30961 0.132917 1.174 -1.44423 -0.804309 1.97628 -1.51759 0.694876 -0.504177 0.663712 0.381642 
5.4364 0.21289 -0.632677 -0.649656 -0.437766 -0.162343 -0.212935 -0.453889 0.332562 -0.0732733 0.0584089 -0.0929253 -0.154344 -1.08949 0.709051 -2.78935 3.97111 0.376582 -1.79871 -2.46103 -0.139881 1.92134 -1.28284 1.68948 -0.495684 -0.0618422 -2.34709 1.68172 0.430698 -2.09156 2.23491 -0.993577 -1.36574 2.56861 -2.46568 0.696487 -0.102366 0.78303 0.324629 
5.33445 0.256714 -0.658195 -0.571938 -0.445608 -0.191321 -0.310869 -0.372746 0.313996 -0.0700269 0.00458409 -0.0334982 -0.156503 -1.78504 1.24237 -2.51161 3.01259 1.13699 -1.9735 -2.6725 0.602025 0.704375 -0.806381 1.81206 -0.205654 0.00438631 -1.28009 0.565472 1.49678 -3.31808 2.38135 -0.00726703 -1.01985 1.499 -2.18362 0.444137 0.721986 0.331738 0.0961305 
5.28949 0.308314 -0.750641 -0.510388 -0.371588 -0.285122 -0.34958 -0.33889 0.325714 -0.11068 0.0928658 -0.0828256 -0.149314 -2.85555 1.66782 -1.68431 1.757 1.38169 -1.11615 -3.16652 1.14091 -0.562889 -0.545689 1.99463 0.246624 -0.0663003 -0.427279 -0.458578 2.2496 -3.34638 1.06919 1.64923 -0.447853 0.0883603 -1.72434 0.464398 0.684593 0.412248 -0.227285 
5.23977 0.344498 -0.759111 -0.549652 -0.296114 -0.311153 -0.427239 -0.327061 0.336274 -0.117312 0.114841 -0.0717337 -0.140323 -3.87873 1.62361 -0.488581 0.54631 1.18895 -0.115852 -3.1107 1.22147 -1.31143 -0.809711 2.24314 0.687788 -0.120025 -0.516615 -0.826619 2.29031 -1.97828 -1.01295 2.80421 0.477582 -0.875397 -1.3681 0.0448425 0.600164 0.573718 -0.419668 
5.22621 0.340322 -0.730171 -0.599278 -0.221651 -0.335253 -0.487604 -0.266 0.24492 -0.0803749 0.147517 -0.0526227 -0.142158 -4.63165 1.24399 0.885852 -0.620153 0.858312 0.695179 -2.35112 1.00129 -2.0436 -1.11849 2.25172 1.18306 0.0160403 -1.7384 -0.592447 2.17925 -0.679136 -2.71063 2.96989 1.55877 -1.29205 -0.723181 -0.926204 0.137644 0.975209 -0.113743 
5.14142 0.364286 -0.713778 -0.604757 -0.224703 -0.291287 -0.527015 -0.266838 0.204723 -0.104907 0.224501 -0.047512 -0.159716 -5.59552 0.892607 2.16675 -1.23255 -0.186197 1.36546 -0.80184 0.366734 -2.66457 -1.2511 1.91057 1.59007 0.389276 -2.62806 -0.449093 2.19455 -0.106867 -2.97551 1.57025 2.80037 -1.0026 -0.630549 -1.11295 -1.01188 1.28985 0.648169 
5.03697 0.385488 -0.676438 -0.629737 -0.276835 -0.147654 -0.599735 -0.29611 0.178809 -0.11856 0.251332 -0.00947386 -0.179827 -6.58348 0.560139 3.36783 -1.43236 -1.53749 1.69556 0.796417 0.164503 -3.30564 -1.3611 1.02362 1.93975 0.829988 -2.48124 -0.394307 1.91545 0.0567809 -2.20567 -0.814161 4.03375 -0.365413 -0.831131 -0.785983 -1.75972 0.747577 1.428 
4.91794 0.382133 -0.610277 -0.622264 -0.337989 -0.122011 -0.55437 -0.307819 0.145267 -0.198078 0.301493 0.0300566 -0.172523 -6.7354 0.182544 3.94487 -1.27179 -2.58053 1.49946 2.21289 0.338556 -3.74428 -1.46794 0.140722 1.92884 1.30422 -0.907377 -0.501055 1.30066 -0.105168 -1.19132 -2.01431 3.58913 0.509537 -1.06145 0.29672 -2.49377 -0.0166893 1.60707 
4.74172 0.38629 -0.495587 -0.693499 -0.369131 -0.114231 -0.468068 -0.288706 0.054547 -0.256019 0.29201 0.112441 -0.118214 -6.70491 0.131622 4.13545 -1.18575 -3.16346 1.01752 3.18701 0.502143 -3.62349 -1.49522 -0.756714 1.63413 1.75268 1.30697 -0.448516 0.0762367 0.173261 -0.375424 -2.04605 1.82022 1.10716 -0.562469 1.04964 -2.20828 -1.12962 0.977837 
4.55462 0.391275 -0.395647 -0.698821 -0.459266 -0.119596 -0.330864 -0.320793 -0.0367416 -0.223868 0.213588 0.155887 -0.0569912 -6.14666 0.10893 4.11905 -1.19592 -3.25885 0.18616 3.97085 0.768316 -3.51417 -1.38953 -1.34717 1.20517 1.90095 2.85854 -0.0877576 -1.06033 0.262078 0.3209 -1.22499 -0.241737 1.13155 0.569216 0.64531 -0.840045 -1.7233 -0.137963 
4.4556 0.385821 -0.324448 -0.705113 -0.531534 -0.15773 -0.225686 -0.280866 -0.110883 -0.259922 0.183216 0.129471 -0.0130859 -5.08103 0.0999172 3.67556 -1.03301 -2.97182 -0.596814 4.24201 0.994774 -3.22216 -1.10928 -1.53733 0.618537 1.79714 3.082 0.296978 -1.61659 0.254865 0.829297 -0.24305 -1.49377 0.390301 1.49556 0.287847 0.424861 -1.3918 -1.03859 
4.50109 0.342315 -0.281464 -0.725251 -0.568478 -0.163632 -0.201448 -0.206146 -0.181146 -0.255791 0.118534 0.141728 0.0221613 -3.6454 0.179964 2.79726 -0.745611 -2.60848 -0.712827 3.70295 1.00182 -2.62576 -0.597765 -1.5672 0.099864 1.44192 2.13227 0.588942 -1.69948 0.445634 0.98433 0.115378 -1.39884 -0.582287 1.84298 0.0270285 1.32344 -0.783072 -1.356 
4.41174 0.387254 -0.250197 -0.748519 -0.597015 -0.172181 -0.177929 -0.190362 -0.181203 -0.26389 0.0938474 0.113049 0.0473508 -2.00587 0.246186 1.73925 -0.466196 -1.94666 -0.836853 2.92558 0.888972 -1.72249 -0.508872 -0.945709 -0.396018 0.885168 1.81802 0.287292 -1.59653 0.466875 1.16165 0.134392 -0.986426 -0.954232 1.47946 0.0964538 1.49962 -0.0765424 -1.13875 
4.35362 0.41022 -0.210888 -0.760253 -0.643436 -0.194666 -0.0877153 -0.206867 -0.199245 -0.31346 0.124498 0.101796 0.0215145 -0.567795 0.319852 0.834232 -0.599529 -1.19522 -0.645525 2.1124 0.852735 -1.10452 -0.414891 -0.295588 -0.525029 0.504993 1.98864 -0.0861167 -1.56321 0.263334 1.22959 0.23243 -0.956625 -0.64553 0.911124 0.576458 0.97497 0.207029 -0.447375 
4.36832 0.40116 -0.208331 -0.750379 -0.649459 -0.202382 -0.0666482 -0.200965 -0.21437 -0.297428 0.122591 0.0945921 0.0213594 0.356443 0.45382 0.0475643 -0.544291 -0.951102 -0.0510014 1.36207 0.312237 -0.354348 -0.231396 0.195029 -0.330349 0.188886 2.05951 -0.170469 -1.3825 -0.149198 0.799248 0.637827 -1.13124 -0.281227 0.700076 0.419532 0.639773 0.289548 -0.016546 
4.3981 0.406141 -0.237347 -0.724439 -0.671408 -0.192957 -0.0632107 -0.202758 -0.210652 -0.270674 0.103644 0.0995609 0.028915 0.997131 0.593281 -0.459021 -0.718961 -1.0306 0.805283 0.848516 -0.440749 0.356063 0.00377861 0.497327 -0.120256 0.00168568 1.71422 -0.0355397 -0.859629 -0.72338 -0.00930369 1.52186 -1.26035 -0.495361 0.813022 0.322259 0.260707 0.43517 0.0944458 
4.43815 0.412041 -0.255202 -0.759451 -0.618987 -0.23834 -0.0453641 -0.19476 -0.189374 -0.314962 0.166863 0.0831044 0.0215873 1.82657 0.461724 -0.710679 -0.885172 -1.19918 1.6186 0.232248 -1.04019 1.07197 0.30899 0.574699 0.151378 -0.109707 0.731222 0.23352 -0.189443 -0.709538 -1.13654 2.3402 -1.19732 -1.28181 1.31813 0.466413 -0.194553 0.520997 -0.0523603 
4.48811 0.416183 -0.271549 -0.807891 -0.627906 -0.198308 -0.0349429 -0.171232 -0.230959 -0.270484 0.152215 0.0851029 0.0463732 2.49228 0.379501 -1.10728 -0.717824 -1.15658 1.89438 -0.478337 -1.14034 1.52972 0.446699 0.801885 0.22881 -0.230148 0.268286 0.130265 0.0846838 0.0351507 -1.22769 1.63558 -0.961139 -1.4363 1.54819 0.168878 0.0851109 0.379193 -0.500805 
4.53012 0.4325 -0.310876 -0.782694 -0.70676 -0.111822 -0.0824562 -0.22782 -0.155173 -0.291911 0.175419 0.104884 0.0270082 2.98452 0.265132 -1.23908 -0.633341 -1.14968 2.07031 -0.889519 -1.38835 1.91159 0.453656 1.15329 0.266444 -0.555633 0.477097 -0.290965 0.0553253 0.609204 -0.122302 0.00976969 -0.640183 -0.605417 0.886936 0.192969 0.447841 0.00434794 -0.690385 
4.57689 0.450998 -0.308662 -0.853274 -0.759203 0.00322931 -0.09263 -0.307608 -0.102045 -0.250934 0.156761 0.129006 0.0253533 3.64834 0.0440343 -1.59575 -0.328382 -0.743977 1.82402 -1.39915 -1.05474 1.7758 0.496608 1.59995 0.224166 -0.969604 1.11707 -0.675148 -0.616499 1.31706 1.34992 -1.84226 -0.606956 1.00726 -0.348003 -0.0887502 1.11964 -0.387672 -0.869436 
4.59753 0.45392 -0.294713 -0.863027 -0.792209 0.0401042 -0.115343 -0.369308 -0.0106327 -0.236343 0.174769 0.128954 0.00985589 4.50039 -0.294819 -2.10234 0.0912269 -0.108451 1.37694 -1.68972 -0.601647 1.35009 0.735069 1.83883 0.194129 -1.20735 1.97884 -0.88424 -1.34104 1.16017 2.5024 -2.54674 -0.452548 2.20136 -1.73093 -0.112487 1.32959 -0.47965 -0.712223 
4.6924 0.437981 -0.373345 -0.784996 -0.759678 -0.0326589 -0.146795 -0.305004 -0.0324727 -0.263232 0.257139 0.11306 -0.0269694 4.91956 -0.436743 -2.67719 0.478287 0.973577 0.519249 -2.03222 0.235105 0.964636 0.692618 2.14551 -0.0583164 -1.34394 1.7394 -0.574033 -1.47053 0.408331 2.53453 -1.68235 -0.463643 2.27606 -1.99634 0.276442 0.542952 -0.358924 -0.142847 
4.79184 0.413919 -0.387068 -0.800164 -0.75124 0.00536658 -0.176928 -0.350001 0.00829367 -0.233793 0.290702 0.117178 -0.064515 5.40864 -0.776399 -2.89584 0.523515 2.287 -0.48985 -2.13079 1.05234 0.4207 1.15292 1.71983 -0.295393 -1.31012 0.866201 -0.217045 -1.06025 -0.0836924 2.15422 -1.0077 -0.405215 1.70217 -1.28625 0.609237 -0.716583 -0.259865 0.379598 
4.92593 0.399487 -0.490528 -0.767364 -0.670964 -0.0405382 -0.250176 -0.247755 -0.0503303 -0.224918 0.358451 0.110051 -0.10795 5.34835 -0.797518 -3.32707 0.774276 3.1426 -1.03334 -2.44708 1.71786 0.250641 1.08387 1.48477 -0.596486 -1.26852 -0.670113 0.189231 -0.0877671 -0.520254 1.25749 -0.172322 -0.197723 0.398587 0.214819 0.641857 -1.77563 -0.328246 0.703771 
5.07515 0.363404 -0.562285 -0.775373 -0.591447 -0.0620544 -0.245592 -0.22734 -0.0864488 -0.191355 0.389158 0.110765 -0.105666 5.09938 -0.80628 -3.33606 0.660602 3.75333 -1.41021 -2.48665 1.96349 0.203152 1.41733 0.644486 -0.821385 -1.03989 -1.8691 0.366423 0.725158 -0.2929 0.431198 -0.156185 -0.20242 -0.388394 1.33973 0.44387 -2.19103 -0.519596 0.544788 
5.08613 0.394576 -0.638267 -0.75248 -0.525358 -0.0752527 -0.326478 -0.147569 -0.0719322 -0.186393 0.398461 0.0785345 -0.104861 4.41771 -0.760306 -3.02518 0.636134 3.58399 -0.918071 -2.95757 1.74451 0.732656 1.59958 -0.185467 -1.07226 -0.85338 -1.76516 0.0909885 1.0006 0.187938 -0.491325 0.189193 -0.378483 -0.863295 1.51736 0.127819 -1.71363 -0.556927 0.151989 
5.20316 0.335599 -0.624552 -0.775645 -0.432953 -0.122374 -0.348797 -0.17006 -0.0302107 -0.084161 0.291578 0.078736 -0.124856 3.40977 -0.724332 -2.51262 0.958022 3.21421 -1.07639 -2.99055 1.58082 1.35175 1.18628 -0.712682 -1.25241 -0.568925 -1.7641 0.0427988 0.975358 0.673769 -1.40442 0.543669 -0.477695 -0.799368 1.29287 -0.723533 -0.541196 -0.453998 0.0817916 
5.19206 0.374691 -0.716786 -0.747697 -0.400102 -0.0950958 -0.422302 -0.136962 0.0187138 -0.143133 0.345072 0.0364142 -0.141509 2.3083 -0.734036 -1.77673 1.34123 2.45969 -0.861198 -3.13633 0.944453 2.37359 0.769481 -1.30979 -1.37128 -0.264159 -1.3174 -0.280745 1.10083 1.06526 -1.71226 0.338358 -0.409439 -0.59656 0.995899 -1.03423 -0.150301 -0.123025 0.308273 
5.25192 0.340206 -0.71547 -0.741831 -0.319103 -0.193071 -0.425367 -0.119483 0.0264182 -0.0565328 0.2595 0.00819239 -0.134813 1.56569 -0.813962 -1.31365 2.01932 1.77893 -1.04262 -3.41425 0.855057 2.99067 0.350533 -1.77794 -1.40741 0.132053 -1.15563 -0.290787 0.910912 1.35023 -1.72686 0.149401 -0.343351 -0.357775 1.04062 -1.42885 -0.015783 0.190043 0.804749 
5.2867 0.322539 -0.754643 -0.679478 -0.362839 -0.07099 -0.587995 -0.11148 0.0885163 -0.0639723 0.265258 -0.0284412 -0.166014 1.30833 -1.03223 -1.04976 2.87951 1.01131 -1.51417 -2.99706 0.934071 2.91301 -0.0585979 -1.89595 -1.19044 0.608957 -0.883883 -0.213684 0.593484 1.51902 -1.08701 -1.19974 0.565593 0.257893 0.438212 -1.06686 -0.440713 0.495587 1.29783 
5.25884 0.307117 -0.720914 -0.64454 -0.346267 -0.170423 -0.557357 -0.113582 0.163 -0.136157 0.260603 -0.0302384 -0.139463 0.870455 -1.06785 -0.969732 3.85102 0.165726 -1.89138 -2.44747 1.29445 2.52445 -0.742983 -1.67889 -0.806172 1.08016 -0.0905304 -0.267213 -0.0105007 1.67185 -0.792654 -1.49893 1.17316 0.788027 -0.752234 -0.33996 -0.572876 0.787845 1.18837 
5.25276 0.29306 -0.734823 -0.575137 -0.349648 -0.159019 -0.650535 -0.127649 0.261599 -0.142063 0.202041 -0.0558933 -0.115576 0.508192 -1.45963 -0.510324 4.6089 -0.495447 -1.78611 -1.77073 1.50981 1.82251 -0.871327 -2.18485 -0.190778 1.42137 -0.0850983 -0.305839 -0.210171 1.61483 -0.873516 -0.829315 1.87002 1.20352 -2.1778 -0.184992 -0.246812 1.11143 0.696715 
5.2901 0.263329 -0.760634 -0.486158 -0.331155 -0.241888 -0.710409 -0.0631252 0.297014 -0.130761 0.127429 -0.0695658 -0.0511866 -0.631178 -2.22724 0.796819 5.01282 -1.01604 -1.60257 -0.409619 1.23051 1.41756 -0.8665 -2.6647 0.321744 2.07892 -1.14098 -1.09804 1.41828 0.876132 -0.99188 0.536552 2.72697 0.205153 -2.34528 0.297542 -0.540541 1.25648 0.395471 
5.31593 0.239807 -0.788265 -0.36032 -0.367315 -0.337861 -0.657421 -0.000384558 0.255312 -0.146721 0.118824 -0.0520872 -0.0196774 -2.10168 -4.6878 2.64541 5.83806 -0.823676 -1.48608 1.58174 0.830324 0.342363 -0.0877112 -3.13363 0.605445 2.41929 -3.02315 -3.53242 3.7947 0.544424 -0.477046 2.16495 3.05078 -1.28813 -1.62325 1.01031 -0.900016 0.795214 0.257211 
5.31727 0.215607 -0.795748 -0.257344 -0.413383 -0.366729 -0.62617 0.0269813 0.244885 -0.210579 0.123381 -0.0106889 -0.000611595 -3.36382 -7.30366 4.33115 5.10837 -1.25306 0.0176749 3.43208 0.774599 -0.620579 0.566569 -2.52428 0.60842 1.76576 -4.19827 -6.14042 5.44459 -0.834761 0.106019 2.84898 3.88332 -1.82697 -0.893284 1.75241 -0.278003 -0.114454 -0.351013 
5.24767 0.155546 -0.757417 -0.158011 -0.454794 -0.260078 -0.641406 0.0624801 0.19359 -0.205405 0.00745839 0.0245354 0.0179457 -4.68729 -9.49028 5.38523 3.81912 -0.677561 1.35006 4.82946 -0.146995 -2.16269 0.677999 -2.15653 0.184893 1.91323 -3.58839 -6.85424 4.2164 -2.52843 1.10176 2.79553 3.43055 -2.0072 -1.22814 1.49767 1.04773 -1.33188 -0.514937 
5.07839 -0.0322905 -0.463407 -0.127028 -0.466173 -0.309035 -0.451586 -0.044425 0.262633 -0.128708 -0.12391 0.0381697 0.153548 -5.43813 -10.746 5.9982 1.91182 -0.445442 2.5374 4.68522 -1.20989 -3.07052 0.46288 -1.61131 0.115042 1.9597 -1.04218 -4.02699 0.198207 -4.20266 1.33775 2.37128 0.420215 -1.19544 -2.34007 -0.183264 2.37145 -1.47553 -0.668659 
4.89237 -0.514168 -0.266346 0.126136 -0.405699 -0.256811 -0.297513 -0.0733581 0.14642 -0.0398617 -0.13146 0.0166803 0.139647 -5.60411 -11.2179 6.31332 -0.344526 -0.128609 2.93219 3.39388 -1.36444 -2.84873 0.203991 -1.57573 -0.265909 1.85015 1.68677 1.58989 -3.01364 -5.88725 0.691108 0.762191 -3.51662 -0.227137 -1.42846 -2.05326 1.81394 -0.835215 -0.0772461 
4.8111 -0.744503 -0.145811 -0.123545 -0.528117 -0.0785324 -0.0975198 0.0142829 0.126862 -0.0575214 0.0331707 -0.00558703 -0.00121257 -4.48824 -10.6735 5.87891 -1.97439 -0.0941424 3.2238 2.70307 -0.920656 -2.49051 0.142937 -1.00217 -0.27121 0.912521 3.63994 5.38097 -3.85087 -3.94992 0.190416 -0.963529 -5.77217 0.645575 0.550646 -2.19519 0.0288258 0.40935 0.0208752 
4.71169 -0.884675 -0.193678 -0.168123 -0.338927 0.0010311 -0.126437 -0.168116 -0.10145 -0.101391 -0.0794333 -0.104252 0.207049 -3.17954 -8.91666 4.70252 -2.80846 -0.227371 2.57367 1.3681 -0.669867 -2.10608 -0.284341 0.0345107 0.0702177 0.149481 3.98818 6.26732 -2.22736 -1.06357 -1.33092 -2.04335 -4.66237 2.00387 3.02928 -0.874343 -0.160811 1.73143 -1.65458 
4.72566 -0.932335 -0.154762 -0.290286 -0.418713 -0.00662315 -0.28764 -0.19949 -0.132239 -0.166954 -0.0468715 -0.00226845 0.238569 -2.09983 -6.23257 2.72585 -3.26472 0.188301 1.93317 -0.402023 0.163863 -1.87771 -0.722236 0.234378 0.248915 -0.321489 2.27411 4.69509 -0.88087 1.78644 -0.58683 -2.28981 -1.18804 2.10933 3.17952 0.749965 -0.090414 1.29229 -2.13291 
4.69342 -1.00554 -0.0519449 -0.41756 -0.437917 -0.0630716 -0.408851 -0.0710194 0.00743632 -0.198246 -0.143244 -0.0495466 0.207614 -1.23078 -3.65315 1.50206 -3.49364 0.422152 1.01732 -1.48911 0.912013 -0.91726 -1.29423 0.225654 1.36243 -0.404988 0.337589 2.41347 -1.16105 3.14751 0.714349 -1.35647 1.24794 1.31208 1.01323 0.896143 0.973656 1.44722 -1.53227 
4.83243 -1.03932 -0.027615 -0.401085 -0.489999 0.0758 -0.24956 -0.00183607 0.0212756 -0.145708 -0.0656603 0.0275223 0.0259068 -0.672407 -2.43413 0.654805 -1.94109 0.808197 -0.534651 -1.64478 1.50311 -0.72745 -0.524987 0.244647 1.81639 -0.331145 -1.21079 1.07088 -1.8382 1.95129 1.69115 -1.6024 1.28962 0.590604 -0.932492 0.525729 0.994075 0.712494 0.609925 
4.75809 -1.02571 -0.0135954 -0.34105 -0.505008 -0.0201335 -0.347701 -0.0846545 -0.0176448 -0.157189 -0.00169869 0.0823592 0.0571182 -0.165464 -2.13238 -0.477105 -0.320355 0.179044 -1.87835 0.323106 1.79676 -0.981274 1.0337 0.917159 1.44763 -0.573405 -0.580976 -0.240788 -2.77116 1.67484 1.4313 -1.96262 2.19808 -0.220925 -2.4119 1.42211 0.268667 -0.650008 2.15702 
4.64805 -1.02916 -0.0660398 -0.391688 -0.338927 -0.06439 -0.367827 -0.0112015 -0.058174 -0.152964 -0.0972684 0.0209081 0.121372 0.104889 -1.90793 -1.66383 1.68819 0.603581 -3.11839 1.97639 1.72929 -2.08483 1.68952 1.17943 0.51004 0.109137 1.26357 -0.66536 -2.47175 2.54255 -0.757517 -2.71618 2.89495 -0.554119 -2.42914 2.08586 0.638216 -1.55679 1.8807 
4.65707 -1.1167 -0.0724869 -0.432002 -0.341191 -0.0231109 -0.365948 0.0826144 -0.0244 -0.26925 -0.0113875 0.236663 0.074593 -1.3791 -1.04346 -2.40195 2.64722 1.38283 -3.55696 2.41732 2.0027 -2.31677 1.32373 1.30851 0.00420087 0.187211 0.271246 0.479285 -1.48976 3.00718 -0.848845 -2.42289 2.61644 -0.0536772 -1.05939 1.6741 -0.0241673 -3.13974 0.554524 
4.7066 -1.12556 -0.126951 -0.379335 -0.34749 -0.17594 -0.304275 0.111278 -0.143551 -0.0801327 0.0331102 0.148258 0.111566 -7.74261 0.779057 -1.89094 2.97379 2.24278 -3.2659 1.96239 1.86177 -2.30718 0.935017 1.01324 -0.883418 0.333759 -7.04841 3.04693 0.685967 2.09789 0.615343 0.561805 0.612114 0.18438 0.783751 -0.973796 -0.308605 -2.22994 -1.22894 
4.74888 -1.21981 -0.313935 -0.176553 -0.433714 -0.326503 -0.0250683 -0.0264764 -0.302504 0.129234 0.0318438 0.0033097 0.201594 -14.0319 2.65587 -1.28975 2.22383 2.60125 -2.06534 1.78862 0.805579 -1.3439 0.943447 0.64579 -1.30311 -0.285298 -16.3306 5.68915 3.14474 -1.40817 2.55803 3.51919 -3.2883 -0.417657 3.05868 -3.23005 -0.814796 -0.237359 -2.21612 
4.79845 -1.18274 -0.309836 -0.0371307 -0.383179 -0.462033 -0.0494603 0.101052 -0.33689 0.00504246 0.0697062 -0.0133446 0.223169 -17.8704 3.97011 -0.251996 2.1322 1.75474 -0.342076 1.37311 -0.00375566 -0.532445 1.01905 0.555984 -1.72266 -0.544049 -18.5733 5.34244 3.72311 -3.89467 1.79671 5.91062 -3.88309 -1.83584 3.52934 -2.00131 -1.22249 0.74125 -1.74178 
4.36409 -1.03768 -0.275369 -0.114057 -0.205831 -0.367865 -0.1318 0.29278 -0.139358 -0.141795 0.0329933 -0.010159 0.0366829 -15.252 4.83605 -1.60631 1.39019 0.321136 0.717329 0.993881 -1.38416 0.49681 1.1638 -0.324308 -1.71487 -0.470108 -4.17709 1.90403 0.337072 -3.53185 -2.57353 4.59705 -1.77967 -3.87435 2.05064 0.806469 -0.956726 1.52791 0.319598 
3.09412 -0.733002 -0.12176 -0.0690236 -0.108431 -0.205208 -0.165292 0.151677 -0.255351 -0.102124 0.0673368 -0.0484789 0.0420237 -8.1753 5.00383 -2.4821 0.295414 -1.20835 2.03792 0.101226 -2.99467 1.66881 0.646018 -0.595025 -0.205398 -0.214807 21.6163 -2.61524 -4.39606 -1.74751 -6.33547 0.943109 0.63704 -4.04773 0.943034 2.64803 -0.769962 1.75249 2.05739 
2.53908 -0.609072 -0.14708 -0.271615 -0.0863267 -0.186956 -0.233225 -0.107945 -0.0999229 -0.0444788 0.00495564 -0.0275661 0.0363586 -2.88503 4.62395 -1.86608 -0.855833 -2.01617 2.9687 -0.75148 -4.14097 2.12949 0.70688 -0.958439 1.12327 -0.0422538 34.674 -4.91784 -5.12451 0.811257 -6.33477 -1.48296 1.90836 -2.51223 -0.705883 2.07649 -0.374983 2.10313 2.40166 
2.67139 -0.659162 -0.0853311 -0.149709 -0.26789 -0.00205087 -0.1669 0.0307656 -0.11953 0.0119726 0.0120696 -0.109848 0.090034 3.16736 4.05178 -0.0757404 -0.17838 -3.2436 2.68887 -0.429532 -4.88531 2.09971 1.04772 -1.4728 1.25798 -0.0171099 27.0792 -3.08728 -0.0775611 1.81711 -2.20877 -3.00281 0.549707 -0.719522 -0.675711 -0.52774 -0.382702 2.02642 0.600503 
3.90148 -0.675295 -0.635727 -0.201171 -0.562989 -0.108175 -0.087473 -0.174963 -0.0398887 0.0662693 -0.0626476 0.0257478 0.101119 11.2059 3.67326 1.57407 1.33788 -5.09361 0.525163 -0.00486369 -4.67661 1.09315 0.446351 -0.774975 1.1388 -0.0862872 4.32372 0.589386 8.41368 2.7907 1.83411 -2.87862 -0.819569 2.15202 -1.04902 -2.88522 0.543996 -0.0672494 -1.80643 
4.81811 -0.65193 -0.650458 -0.19134 -0.640143 -0.105424 -0.148089 -0.390699 -0.0418499 0.100801 -0.0089499 0.132684 0.199869 18.0443 3.60889 2.46292 1.57048 -5.54635 -0.570438 -0.0679619 -3.59622 0.447583 -0.662369 -0.0245582 0.749394 -0.983625 -12.703 3.54505 10.452 2.32862 2.64909 -2.23377 -0.959231 3.54248 -1.86066 -3.5933 1.50758 -2.45333 -3.34023 
4.34987 -0.661583 -0.353917 -0.211126 -0.526589 -0.0324177 -0.160729 -0.428806 -0.0751025 0.101579 -0.0871366 0.171995 0.164286 17.8147 4.62193 3.8405 2.1091 -5.51926 -1.11724 -0.338594 -2.2515 -0.935961 -1.68682 0.874169 0.209006 -1.78771 -11.1837 4.18116 4.9568 0.612106 0.272883 -1.58122 -0.729977 3.37468 -2.00377 -2.84136 2.53097 -3.18447 -2.99229 
4.39836 -0.475853 0.116651 0.0346232 -0.568489 -0.110988 -0.180187 -0.291144 0.0180867 -0.0447079 -0.153353 0.0606243 0.0280772 13.1145 5.66505 4.8562 1.52646 -4.60996 -1.51142 -0.783132 -1.83283 -1.53244 -2.18988 1.24068 -0.321846 -2.32276 -4.5363 1.9973 -3.23531 -1.94723 -1.39583 0.379095 -0.106481 1.67711 -2.38907 -0.374811 2.40028 -1.90033 -0.759963 
4.74531 -0.287781 0.18404 0.122841 -0.820995 -0.358665 -0.162796 -0.278461 -0.102979 -0.168505 0.0560678 0.032299 -0.0658513 6.7568 5.90805 5.94011 1.02901 -3.46962 -0.802874 -1.00811 -0.660892 -1.98091 -2.05273 1.32006 -1.31017 -2.3193 -0.738258 -0.882329 -7.32739 -3.59277 -0.12323 2.3494 0.015381 -0.474544 -0.834622 2.11992 -0.204811 -0.0422996 1.54676 
4.97493 -0.166832 0.0741877 -0.0619232 -0.802816 -0.183506 -0.210147 -0.395075 -0.201167 -0.155183 0.111697 -0.0278272 -0.112038 4.54015 5.3495 3.99855 0.202625 -2.94666 -0.741793 -0.520916 -0.237196 -1.83362 -1.55296 1.10616 -1.88889 -1.981 -1.96427 -3.08497 -5.08709 -2.38262 1.86426 1.82802 0.393389 -0.874576 0.984384 2.8861 -2.00889 0.835808 2.866 
4.94813 -0.0606149 0.0917454 -0.0286752 -0.953857 -0.203538 -0.239752 -0.32458 -0.256124 -0.187052 0.125521 -0.0220911 -0.132583 5.76953 4.43427 0.942499 -0.532145 -2.42879 -0.526147 -0.29511 -0.540005 -1.5485 -0.625009 0.86246 -1.76295 -0.9271 -3.66705 -3.77071 -2.11761 -0.919966 3.77878 0.821854 0.842233 -0.696363 2.12384 2.45326 -2.73201 0.581871 2.58768 
4.98775 -0.0399101 0.0863042 -0.0456644 -0.972289 -0.187782 -0.216927 -0.350628 -0.253836 -0.149993 0.0849901 -0.039251 -0.101891 4.99662 2.5673 -1.4486 -1.37982 -0.65325 -0.490114 0.136826 -0.74341 -1.30448 0.312369 0.349168 -1.17043 0.229245 -1.48069 -2.96273 -0.652017 0.743474 3.79543 -1.22333 1.00534 0.278381 1.97118 0.830235 -1.54521 0.193765 1.43855 
5.02017 -0.0350359 0.0845142 -0.120264 -0.909067 -0.143435 -0.240869 -0.39637 -0.230802 -0.0868834 0.0243217 -0.0536867 -0.0689231 4.35999 0.566257 -1.82307 -1.27761 1.94536 -1.04968 -0.0576124 0.624889 -0.664099 0.431256 -0.315124 -0.945488 0.942345 1.46192 -2.38821 -1.0021 1.19799 3.30219 -2.93573 0.468212 1.90656 0.439313 -0.841089 0.589035 0.250167 0.438005 
5.10503 -0.0592284 0.0586027 -0.130807 -0.854834 -0.207993 -0.180603 -0.433054 -0.209234 -0.0888126 0.0474627 -0.106743 -0.0388084 2.49168 0.145406 -2.19577 -0.855491 3.77414 -2.39889 0.0014987 1.4022 -0.235081 0.423578 -0.645432 -0.836543 1.1917 0.378984 -1.04133 -1.41539 0.455366 3.40913 -2.48791 -0.639232 2.72758 -0.596021 -1.18296 0.907162 0.366256 -0.234199 
5.12162 -0.0235867 -0.0280222 -0.102601 -0.832626 -0.197746 -0.193462 -0.409532 -0.214659 -0.0637036 0.000416377 -0.0973671 -0.0183263 0.690811 0.102679 -2.57644 -1.05695 5.64612 -3.0432 0.0634001 0.839696 -0.345505 1.26156 -0.873394 -1.24836 1.19837 -3.1608 0.333673 -0.632 -0.1982 3.05554 -2.01218 -0.911207 1.58721 -0.933102 -0.0345946 0.373746 -0.165087 -0.470507 
5.28223 -0.092371 -0.0768507 -0.0839117 -0.708268 -0.356987 -0.137473 -0.341756 -0.22657 -0.103444 0.0330943 -0.0873777 -0.0027852 -1.15068 0.358827 -2.58634 -0.989063 6.22671 -3.44018 -0.106336 0.686166 -0.641042 1.66244 -0.753036 -1.49369 0.876924 -6.62494 1.70741 0.214712 -0.836073 1.6835 -0.0340949 -0.755096 -1.22399 -0.647158 1.91107 -0.692679 -0.911435 -0.511945 
5.48877 -0.215747 -0.0916401 -0.121821 -0.495545 -0.488817 -0.263931 -0.0991454 -0.281835 -0.176465 0.108173 -0.104899 0.0148961 -2.67517 0.59179 -2.48404 -0.692594 6.05821 -3.50712 -0.213202 0.524923 -0.848324 1.96938 -0.710358 -1.55972 0.443609 -7.26285 2.20491 0.806134 -0.459486 -0.840776 1.60805 0.263824 -3.79966 -0.0182917 2.9696 -1.31377 -1.03611 -0.661262 
5.01977 0.00923714 -0.227504 -0.191228 -0.354138 -0.471089 -0.243217 -0.214746 -0.258323 -0.0862988 -0.00472603 -0.139874 0.013074 -3.80344 0.727063 -2.05357 -0.850531 5.62517 -2.90433 -0.562056 0.320913 -1.0376 2.39109 -0.744268 -1.37338 0.0179134 -2.02703 0.219485 1.47785 0.419257 -2.87897 1.84101 0.459071 -2.63185 0.0861319 1.68124 -0.229885 -0.260068 -0.784911 
4.81822 0.0268357 -0.195067 -0.194684 -0.249344 -0.541919 -0.203437 -0.388004 -0.309284 0.129017 -0.063874 -0.237948 0.0298705 -4.59776 0.966402 -1.79424 -0.838224 4.7074 -2.16622 -0.549154 -0.284818 -1.00406 2.53057 -0.488125 -1.06581 -0.544489 2.5742 -0.917492 0.765874 0.868434 -3.57725 1.85932 -0.00776868 0.179837 0.246355 -0.894597 0.937678 1.33705 -1.06814 
4.80239 0.0172003 -0.191637 -0.2021 -0.245022 -0.544649 -0.222661 -0.372111 -0.313896 0.130626 -0.0379668 -0.256029 0.00899778 -4.99529 1.39286 -1.76216 -0.646935 3.18493 -0.813957 -0.670158 -0.761841 -0.970078 2.66613 -0.421941 -0.468476 -1.03152 4.21028 -1.04458 -0.148219 0.727112 -2.66369 1.41587 -0.345183 1.78542 0.0816703 -2.05583 1.4266 2.24913 -1.04511 
4.79568 0.00497694 -0.22763 -0.167073 -0.232046 -0.567112 -0.231203 -0.353362 -0.309135 0.140236 -0.0475953 -0.248239 -0.0219387 -2.31366 1.37566 -2.58841 -0.782915 1.37389 0.0404948 -0.322741 -0.253828 0.454685 1.38016 -0.706113 0.778277 -0.819673 4.77947 -0.206117 -1.57927 -0.318637 -1.8169 1.31984 -0.47664 2.49959 1.20548 -2.82679 0.645998 2.63971 -0.1443 
4.80618 -0.0143165 -0.221834 -0.217777 -0.192149 -0.549946 -0.265341 -0.307561 -0.34725 0.162599 -0.0240533 -0.219348 -0.0412558 2.14894 0.590193 -3.27917 -0.534753 -0.349724 0.772135 -0.517314 1.67433 1.97456 -1.07987 -0.576563 2.23691 -0.461795 4.80973 0.796121 -2.82811 -0.549837 -2.11005 1.46645 0.0960011 2.14481 3.26171 -3.54941 -0.955623 2.58782 1.01549 
4.73011 0.0471203 -0.308816 -0.186415 -0.201892 -0.537044 -0.256353 -0.339933 -0.34762 0.156825 0.00743993 -0.164133 -0.106159 4.54623 0.475634 -3.79164 -0.620154 -2.02085 2.04624 -0.51349 2.97702 3.32922 -3.26511 -0.80917 3.46062 -0.448182 5.96396 0.0219381 -1.95104 -0.537032 -2.8834 1.71497 0.41914 2.20463 4.26112 -4.07402 -1.80281 2.01177 1.63662 
4.71484 0.0759349 -0.349202 -0.190829 -0.217594 -0.47858 -0.292692 -0.313878 -0.375324 0.185868 0.00875258 -0.117762 -0.129758 5.73046 0.395735 -4.07893 -0.462426 -2.86843 2.68246 -0.157298 3.37122 4.06479 -4.07382 -1.28806 3.65445 -0.0410678 4.92213 -0.794438 -0.464241 0.13132 -2.93821 1.61683 0.714291 1.80591 3.42917 -3.66322 -1.53185 0.789317 1.29677 
5.18217 0.0758827 -0.583045 -0.318065 -0.291425 -0.474189 -0.270381 -0.128426 -0.0529065 -0.0574476 -0.1176 0.0270082 -0.00232014 5.99079 0.350217 -3.87777 -0.293776 -3.69477 3.38756 0.188866 3.38762 4.16618 -4.27584 -1.55878 3.33869 0.347805 -0.459208 -0.961441 1.9127 1.25349 -1.7598 1.40487 0.733631 -0.230421 -0.542808 -0.268439 -0.233493 -1.30056 -0.0274581 
5.34421 0.0800969 -0.657234 -0.233181 -0.431261 -0.369404 -0.281034 -0.0233205 0.0833676 -0.248187 -0.145691 0.130476 0.0122011 5.61683 0.0983536 -3.23385 -0.179713 -3.61364 3.49432 0.497259 2.98327 3.98856 -4.08415 -1.97199 2.90109 0.603692 -4.61876 -0.667235 3.02696 0.783325 0.786377 0.24396 0.646905 -2.11034 -3.59319 3.1215 0.505949 -2.62906 -0.602477 
5.378 0.040556 -0.58423 -0.257652 -0.578827 -0.226096 -0.261602 -0.0162317 0.103978 -0.310128 -0.158573 0.174308 -0.0722614 4.91961 -0.387223 -2.08078 -0.260276 -3.09359 3.15004 0.884473 2.5347 2.91852 -3.06996 -2.09658 2.10264 0.983531 -5.59511 -0.0983516 2.39717 0.223162 2.88885 -1.39086 0.575744 -2.68194 -4.43946 4.60682 0.554655 -2.62878 -0.0122964 
5.41623 0.0350525 -0.657663 -0.209157 -0.560106 -0.23578 -0.227833 0.0228483 0.103478 -0.291095 -0.184669 0.117977 -0.0162154 3.0813 -0.516395 -0.916441 -0.342639 -2.14218 2.69503 0.904776 1.81682 1.45722 -1.8715 -1.70477 1.27134 0.71791 -3.91853 0.0739685 1.86668 -0.934838 3.29679 -1.86408 0.0206593 -1.88453 -3.36244 3.62142 0.39354 -1.33015 0.169654 
5.35454 0.0577461 -0.655486 -0.200775 -0.637888 -0.138614 -0.212407 0.0112459 0.0538924 -0.246463 -0.19521 0.102159 -0.00620637 0.801369 -0.599844 0.18187 -0.274948 -0.705292 1.92517 0.532578 0.968619 -0.333369 -0.111583 -1.22195 0.47461 0.196675 -0.749428 -0.13407 0.789682 -1.35177 2.92779 -2.19992 -0.603671 -0.295737 -1.0743 1.33948 0.167097 0.0027435 0.124165 
5.34241 0.0315754 -0.615768 -0.257874 -0.525456 -0.158611 -0.20861 -0.0215388 0.0701322 -0.254321 -0.25811 0.15151 -0.0045833 -0.0807266 -0.472266 0.330315 -0.776442 0.668503 0.737447 0.308603 0.756422 -0.880074 0.852645 -1.19876 0.17459 0.303798 0.21537 0.017825 0.0654726 -0.55235 1.41435 -1.60603 -1.06984 0.771074 0.0479887 -0.00474767 0.437907 0.370511 -0.371259 
5.38514 0.00391368 -0.59276 -0.26585 -0.538949 -0.190704 -0.140584 -0.00689034 -0.0105091 -0.175288 -0.268008 0.125122 0.05489 -0.45364 -0.145496 0.0285337 -0.880996 1.48834 -0.316377 0.213372 0.730368 -0.921422 1.37817 -1.2246 0.079152 0.543155 -0.0926933 0.391054 -0.580201 -0.0012642 0.538127 -1.12497 -0.999216 0.744199 0.813696 -0.321231 0.250127 0.242606 -0.667809 
5.3397 0.0207762 -0.573945 -0.317522 -0.505633 -0.144703 -0.212357 0.0414134 -0.0236777 -0.206476 -0.239265 0.134008 -0.00130938 -0.659172 0.073572 -0.0941138 -1.0293 1.61977 -0.764017 0.232657 0.461327 -0.618761 1.49758 -1.14338 0.138033 0.360578 -0.413006 0.716195 -1.2701 0.620238 -0.0224168 -1.12373 0.167226 -0.122215 0.989609 0.33485 -0.190692 -0.302076 0.0896707 
5.40078 -0.0103974 -0.606253 -0.307268 -0.44057 -0.198409 -0.254059 0.071604 0.00961548 -0.19324 -0.279829 0.159222 -0.00950217 -0.807909 0.115737 -0.2988 -1.03126 1.97104 -1.19931 0.212767 0.495618 -0.17613 1.38787 -1.10243 0.0622958 0.452792 -1.14518 0.76329 -0.811662 0.379474 -0.389241 -0.385253 1.01468 -0.949162 0.656304 0.592451 -0.218304 -0.55356 0.549558 
5.33757 0.0208418 -0.615678 -0.319628 -0.419798 -0.238323 -0.235234 0.0951597 0.0137995 -0.182794 -0.308941 0.171682 0.0183541 -2.18692 0.114388 0.243992 -0.940237 1.85112 -0.869309 0.362822 0.195485 -0.300722 1.25849 -0.798105 -0.116566 0.64395 -1.87194 -0.00930682 0.686178 -0.1065 0.0319876 0.45692 1.06753 -1.36249 0.0317785 0.191319 0.119328 -0.44791 0.668378 
5.30115 0.0516116 -0.643657 -0.32689 -0.415587 -0.276862 -0.180945 0.0662096 -0.0135274 -0.0853828 -0.333921 0.129662 0.0384297 -4.08069 -0.742032 1.44442 -0.284659 2.23098 -0.0509652 0.134815 -0.455486 -0.109002 1.08599 -0.0542476 -0.307682 0.975124 -3.16943 -1.54902 2.77154 0.297013 0.508806 1.76425 0.0706823 -1.10952 -0.444798 -0.605541 1.279 -0.270705 0.746348 
5.29 0.0669909 -0.686734 -0.330666 -0.399313 -0.281316 -0.151584 0.0189844 0.0224881 -0.0687856 -0.33811 0.113248 0.0450814 -5.40909 -2.90095 2.91309 0.441312 2.43132 1.22507 1.11337 -0.659045 -0.49345 0.0786521 0.282582 -0.875838 1.46474 -4.06129 -3.94717 4.39986 1.10588 0.969979 3.13346 -0.211652 -0.254488 -0.916454 -2.04691 1.82388 -0.426409 0.572853 
5.2344 0.0362534 -0.641079 -0.372951 -0.322875 -0.279931 -0.176086 0.0547714 0.0377329 -0.0895192 -0.360442 0.134741 0.0730573 -6.47426 -5.28831 4.29768 0.634033 1.93727 2.27599 1.44168 -1.01815 -0.807946 -0.0988007 1.00094 -1.54319 1.32023 -3.06925 -5.96946 4.06226 1.71734 0.125269 3.10915 0.348539 -0.0689262 -0.894902 -1.83966 1.77633 -1.11062 0.0928302 
4.95849 -0.00269212 -0.452785 -0.401131 -0.284138 -0.221099 -0.139944 -0.00635083 -0.0585269 -0.0998347 -0.325366 0.132924 0.1076 -6.72063 -7.46268 4.78686 0.315628 1.73964 2.36076 0.928141 -0.750691 -0.556859 -0.281972 1.55853 -1.4546 0.87337 -0.112415 -6.0373 1.24537 0.748225 -0.98001 1.14905 0.318443 0.626821 0.150327 -0.751533 0.984489 -1.01482 -0.773439 
4.74596 -0.198856 -0.287349 -0.238707 -0.211295 -0.0946397 -0.22109 -0.0574786 -0.0278537 -0.064134 -0.169396 0.075863 0.169027 -6.5174 -9.02767 4.45267 -0.256612 0.929163 1.60762 -0.0579146 0.221281 -0.36544 -0.836936 2.22278 -0.920418 0.642139 2.8176 -3.40676 -2.42665 -1.80931 -2.34133 -2.31708 -0.543124 1.59923 0.813995 0.296163 -0.0156191 0.283867 -1.45224 
4.68477 -0.54751 -0.166943 -0.206347 -0.160768 0.0758913 -0.00760236 0.027079 -0.0955901 -0.324088 -0.236602 -0.00432374 0.1777 -5.66399 -9.42586 3.68144 -0.824893 0.433107 0.964358 -0.93661 0.162033 -0.721566 -0.828616 2.88952 0.163428 0.392332 3.91242 1.14426 -4.68704 -3.2715 -2.35224 -4.66334 -2.94562 1.03439 0.978872 1.61723 0.503836 2.6543 -1.25473 
4.63228 -0.763556 -0.105027 -0.260195 -0.281465 0.0287618 -0.0472019 -0.0636951 -0.0829118 -0.114832 -0.169298 -0.0725913 0.120117 -3.91313 -8.71006 2.72693 -0.749019 -0.232142 0.721667 -1.18965 0.435055 -0.582997 -0.358342 2.86264 -0.0853307 -0.212074 3.62971 4.5857 -4.01033 -2.12695 -0.889474 -3.27753 -2.97823 0.863224 0.220039 0.720309 0.400784 2.89482 -0.529607 
4.58378 -0.867426 -0.171265 -0.386462 -0.232647 -0.102278 -0.164246 0.0289308 0.00205893 -0.109896 -0.141292 0.0332268 0.0851297 -1.94249 -7.06517 1.0728 -0.916398 -0.647191 0.129683 -1.52259 0.667845 -0.421845 0.194516 2.28507 -0.368502 -0.559822 2.47184 5.69137 -1.64246 0.629133 0.0617961 0.186132 -0.930423 -0.511286 -0.994524 0.464734 -0.145642 0.332903 0.0910601 
4.57095 -0.968384 -0.25658 -0.454269 -0.359843 -0.237829 -0.283454 0.164946 -0.0199774 -0.195064 -0.0436032 0.0975512 0.127874 -0.945618 -4.0254 -0.216767 -0.758656 -1.21634 -0.538404 -1.34666 0.494188 -0.713978 0.628804 1.85842 -0.0798549 -0.65123 1.27841 5.37367 0.192399 3.18531 0.76976 2.79181 1.68436 -1.54771 -1.04484 0.715154 -1.10319 -2.20698 0.174038 
4.58736 -0.962454 -0.241088 -0.477863 -0.271513 -0.162063 -0.33653 -0.0392249 -0.131149 -0.179076 0.0545805 0.26896 0.125515 -0.732988 -0.686804 -1.29332 -0.0996718 -1.68088 -0.96476 -1.46845 0.111926 -0.388353 1.27405 1.83072 -0.0762559 -0.720887 0.0455875 4.45199 -0.0755209 3.27856 -0.432565 1.97336 3.20012 -0.545556 0.0208627 0.450466 -1.93119 -3.36448 -0.0706144 
4.64722 -0.956699 -0.132423 -0.349847 -0.298135 -0.0276536 -0.255716 0.0765156 -0.0819 -0.107757 -0.0164652 -0.00884968 0.050322 -1.33857 1.62933 -2.00374 0.326464 -1.4303 -0.884295 -0.966762 -0.629991 -0.690233 0.130881 0.79987 -0.277879 0.390715 -1.8009 3.83103 -1.74287 0.883602 -1.15599 -1.11911 1.58655 -1.25531 0.51262 -0.16045 -1.4516 -0.706201 0.974954 
4.61096 -0.941924 -0.225818 -0.362599 -0.305839 -0.0532929 -0.271095 0.0361065 -0.121407 -0.0709365 -0.0458105 -0.0748441 0.0808268 -2.7059 2.69195 -2.4764 0.668002 -0.978309 -0.482934 0.0554481 -1.43667 -0.290291 0.588511 -0.258109 -1.3797 0.487502 -3.29406 2.38464 -2.45966 -1.25354 -0.228945 -2.49153 0.183115 -0.966004 1.34287 -0.869313 -1.27563 1.0882 1.21264 
4.55655 -0.789067 -0.26623 -0.243507 -0.388527 -0.0891984 -0.212807 0.00623128 -0.154189 -0.083039 0.0267306 0.0179855 0.103675 -4.39536 3.04942 -2.4829 0.450331 -0.276879 -0.842041 0.665494 -1.94778 0.343462 1.11939 -0.554695 -1.57617 0.178421 -4.01173 -0.316738 -1.50461 -2.64651 1.38345 -2.08451 -0.6597 -0.897744 1.38386 -0.450078 -0.855147 1.02402 0.639206 
4.52567 -0.66575 -0.373133 -0.281819 -0.479522 -0.153865 -0.20402 0.0211354 -0.0620067 -0.0707271 0.0195306 -0.0106847 0.0313486 -5.59567 2.91148 -2.69638 -0.149567 0.115424 -1.71201 0.351531 -1.90219 1.02102 0.783236 -0.298666 -0.978793 -0.322013 -3.31731 -2.29513 0.658091 -2.01895 3.05184 -0.36328 -0.708322 -1.07972 0.804921 0.347561 0.268345 0.939008 -0.811047 
4.34253 -0.602272 -0.453553 -0.391259 -0.430961 -0.25513 -0.310744 -0.154822 -0.142751 -0.194536 -0.100016 0.0166063 0.281403 -5.87125 2.59047 -2.4071 -0.566932 1.04015 -1.59955 0.131434 -2.29822 0.638741 0.265187 0.501366 0.549217 -0.692412 -0.420914 -2.65812 2.50921 0.0645535 2.64812 1.54202 0.211801 0.508488 0.292119 0.852634 1.90644 0.564809 -3.05435 
4.13213 -0.659282 -0.54316 -0.391327 -0.297284 -0.198749 -0.206899 -0.10302 0.00506697 -0.0235185 -0.156784 -0.117877 0.125603 -5.0627 2.11872 -2.0193 -0.888599 1.5357 -0.922151 -0.0571858 -2.14034 0.529944 1.01296 0.829338 0.333065 -0.830569 3.07496 -1.10812 2.30342 0.861283 0.749873 1.8672 -0.221808 0.569606 -1.34355 0.379728 2.60555 1.14324 -1.81614 
3.98719 -0.679664 -0.453356 -0.406077 -0.299901 -0.281945 -0.203559 -0.15474 -0.020699 0.0114511 0.0016867 -0.035133 0.0692418 -4.0119 1.43273 -1.94993 -0.917216 1.8739 -0.0851353 -1.12485 -2.47077 0.329877 1.60639 0.91379 0.558569 -0.926421 5.05651 0.625473 0.300721 1.23061 -0.869393 2.17744 -1.11565 0.233708 -1.62155 0.408453 1.13032 0.91632 0.187688 
3.97638 -0.630379 -0.468981 -0.42178 -0.235002 -0.285138 -0.295379 -0.231505 0.0121074 -0.0685073 0.0534735 0.0658351 -0.0359984 -1.5101 3.01622 -1.03799 -0.660419 1.11533 0.200826 -0.96562 -1.79142 -0.196263 1.59106 0.840576 0.942573 -1.23289 5.5404 2.86342 -0.771165 0.367647 -2.48752 1.05194 -0.990514 0.545301 -1.18217 0.733668 -1.17086 -0.134794 1.70139 
4.0384 -0.599058 -0.415756 -0.338532 -0.181097 -0.146063 -0.208549 -0.185807 -0.105864 -0.102329 0.0910137 0.0763023 -0.041509 1.88168 5.7695 -0.482785 -0.800882 -0.292022 0.463178 -0.67789 -0.983656 -0.46962 0.996952 1.39504 1.06846 -2.0743 5.00287 5.42525 -0.698933 -1.11897 -3.1977 -0.767286 -0.719477 0.474876 -0.179666 -0.270314 -2.02415 -0.414424 1.35307 
4.09737 -0.553089 -0.570623 -0.439795 -0.23251 -0.168842 -0.269702 -0.228649 -0.0927349 0.144164 0.0709144 -0.0606406 0.0687864 4.42439 8.06715 -0.29472 -1.53375 -1.38475 0.325327 -1.21979 -0.830704 -0.79506 -0.319724 1.57781 1.50923 -1.56151 4.11507 6.41794 0.937707 -1.59716 -2.52161 -1.27012 0.507028 1.25834 0.688675 -2.51142 -0.678225 0.288373 -1.05283 
4.0658 -0.524213 -0.643038 -0.373079 -0.245813 -0.132185 -0.473736 -0.376509 -0.0688768 0.122533 0.0685607 0.119319 0.0458479 5.75951 9.1547 -0.497186 -1.97833 -1.7967 0.440046 -1.23518 -0.589787 -0.112928 -0.825313 1.18644 1.05172 -1.46328 2.88378 4.66988 1.89685 -1.95889 -1.19587 -1.18453 1.34697 1.38934 1.00699 -3.37972 1.19478 0.0594625 -1.74309 
4.36027 -0.0434863 -0.486186 -0.453211 -0.401638 -0.24479 -0.290533 -0.189872 -0.0962854 0.033839 -0.0329391 0.0914476 -0.0441121 5.97347 9.18932 -0.489766 -1.89903 -2.00607 -0.0871581 -1.1208 -0.273602 0.508734 -1.05125 1.27345 0.575155 -1.44221 -0.290522 -1.10445 0.408883 -0.515049 1.17298 -0.00151855 0.00136605 -0.0186203 1.51187 -2.09872 2.08671 -0.247455 -0.902478 
4.5723 0.281208 -0.496729 -0.557062 -0.453368 -0.208758 -0.288822 -0.225427 -0.133842 -0.0970249 0.118062 0.0811205 -0.124384 5.72293 8.40101 -0.601236 -1.59399 -1.50855 -0.973282 -1.40228 -0.20946 1.42448 -1.32561 1.31498 0.26726 -1.68001 -2.87327 -6.13246 -0.884676 1.70669 2.58255 0.0275428 -0.71998 -0.411917 1.69008 0.749667 0.678398 -1.06522 0.65186 
4.60061 0.324693 -0.518888 -0.637174 -0.428874 -0.19595 -0.384025 -0.230822 -0.0638915 -0.129481 0.199206 0.148681 -0.137337 5.30374 6.66154 -0.321347 -0.517824 -0.626104 -1.18731 -1.31944 0.0681925 2.0832 -1.76545 1.11459 -0.0548845 -1.6674 -3.16677 -7.29359 -1.60348 3.21165 2.43308 -0.745342 -0.993924 -0.511254 1.54485 2.60827 -1.31382 -1.84257 1.57987 
4.62622 0.325174 -0.520845 -0.626496 -0.425256 -0.188489 -0.400525 -0.292584 0.0229446 -0.124217 0.201436 0.12523 -0.150913 4.43333 4.10904 -0.498877 0.651265 -0.0291193 -1.64727 -1.29845 0.461503 2.68745 -1.21991 0.502236 -0.800337 -0.755702 -2.05408 -5.47838 -0.901662 3.74996 1.39284 -1.37386 -0.786282 0.336766 0.904131 1.95351 -2.57364 -1.07733 1.73277 
4.65063 0.333529 -0.575051 -0.53588 -0.403331 -0.24241 -0.420664 -0.256507 0.0445037 -0.123192 0.212499 0.0778166 -0.168879 2.10815 0.750441 -1.13527 2.41995 0.936168 -1.85872 -2.04524 0.143974 2.98865 -0.907374 -0.502267 -0.521736 0.431606 -1.15771 -2.60413 0.360758 2.81208 0.195714 -1.36488 0.144254 1.10702 0.15499 0.192091 -3.08822 0.00470158 1.81183 
4.71389 0.319491 -0.615665 -0.492267 -0.333588 -0.318265 -0.459128 -0.249004 0.0933169 -0.0690098 0.189095 0.0220102 -0.161577 -2.65199 -1.25437 -0.0331638 3.0736 2.33945 -2.04499 -1.54447 0.983386 2.03633 -0.805599 -2.27697 -0.693787 1.23992 -5.12862 -1.3915 1.75538 1.01698 0.700874 -0.124926 0.693176 1.24779 -1.48542 -1.55763 -2.54202 1.00209 1.63667 
4.77857 0.280018 -0.621028 -0.421167 -0.329386 -0.332366 -0.517525 -0.257123 0.196828 -0.0682262 0.115597 -0.00559233 -0.123479 -7.78689 -2.18634 2.5328 4.15261 2.93298 -2.22726 -1.51103 0.761088 0.885801 -0.691052 -3.31535 -0.880644 1.68461 -11.297 -1.34752 4.27707 0.0781944 1.76832 0.562686 0.63984 0.483554 -2.99853 -1.49656 -1.71411 1.12851 1.03626 
4.7771 0.239068 -0.593116 -0.292017 -0.373557 -0.411952 -0.533791 -0.192485 0.242472 -0.121476 0.0438776 0.0392857 -0.0570705 -11.6631 -2.85443 4.54222 4.40393 2.91595 -1.86902 -1.02213 0.544569 -0.500549 -0.607059 -3.55948 -0.7708 1.95894 -13.6805 -1.28534 5.8179 -0.440281 1.87441 1.28967 0.86197 -0.951896 -3.81921 -0.0585203 -0.424142 -0.0217238 0.00553949 
4.62281 0.199487 -0.622937 -0.188569 -0.300114 -0.456422 -0.536716 -0.176329 0.220689 -0.219095 -0.0579779 0.0953316 0.0090412 -10.0098 -4.08446 4.06948 3.79445 1.14374 0.489328 0.0116658 -0.0860553 -1.52165 -0.707325 -3.25961 -0.240035 2.21141 -5.00044 -1.69509 3.2212 -0.815516 -1.31951 3.13091 1.34303 -1.96085 -3.02923 1.42619 1.35541 -0.639305 -0.632713 
3.78523 0.117951 -0.379353 -0.321035 -0.00940934 -0.390431 -0.469574 -0.0703451 0.0139598 -0.246326 -0.155288 0.0115104 0.0175422 -6.60648 -5.22694 4.40893 3.26309 -0.913171 1.47061 0.638811 -0.0553689 -2.13786 -0.33224 -2.27751 -0.339554 2.18102 11.7616 -2.10538 -1.59 -0.541363 -6.13709 3.42542 1.34536 -1.91922 -0.29969 2.08946 2.89638 -0.399566 -0.501392 
3.28274 0.0206517 0.0264995 -0.0518345 -0.0491301 -0.470882 -0.633304 -0.261448 0.0389158 -0.149594 -0.190544 0.000733648 0.0423874 -1.99668 -5.68479 4.58439 2.67248 -2.44792 1.34611 0.858014 0.0204229 -1.54717 0.228786 -1.79588 -0.22469 2.00068 23.4716 -1.7044 -5.46749 -1.6282 -7.53943 2.17561 1.48048 0.343151 2.32536 1.16228 2.56016 0.28336 -0.105481 
3.23963 -0.0328732 0.04587 -0.0323121 -0.131325 -0.417294 -0.486558 -0.262264 -0.0642885 -0.129805 -0.170565 -0.0296384 0.0576838 2.94943 -5.23839 4.6136 1.47774 -3.69498 1.55321 0.684169 0.521713 -1.12385 0.878654 -0.622554 -0.418657 1.48871 21.5888 0.0135012 -3.89389 -2.06855 -4.86074 -0.786235 -0.263574 2.44744 3.55808 0.283348 1.62006 0.680387 -0.115811 
4.24976 -0.263349 -0.431035 -0.109644 -0.500257 0.0180707 -0.355341 -0.296449 -0.0816207 -0.18253 -0.129796 0.060325 0.117942 7.96885 -4.20666 3.93817 0.818774 -4.95533 0.936632 0.631994 1.13605 -0.0523885 1.41955 -0.0773135 -0.1271 1.37614 6.28208 3.10132 1.35973 -1.65215 0.908107 -4.66836 -1.762 3.22576 2.95647 0.122215 0.0520512 0.435844 -0.38698 
4.56263 -0.399039 -0.13778 -0.0741715 -0.61759 -0.207154 -0.420534 -0.177183 -0.033488 -0.0795527 -0.0558736 -0.0542049 0.136897 11.9583 -2.62738 2.1052 0.493089 -5.57237 -0.0362373 0.850475 1.38694 1.17383 1.3491 0.313411 0.374078 1.26785 -7.23311 5.16342 2.12722 -1.28413 4.40566 -3.88764 -1.10126 1.65356 1.07198 -0.227636 -0.842396 0.628662 -0.601226 
4.76318 -0.393475 -0.0186896 -0.0280746 -0.62779 -0.379966 -0.474406 -0.155455 0.187723 -0.0898853 -0.218831 0.0361437 0.166731 11.6888 -1.23908 0.832982 -0.938009 -4.21888 -0.165414 0.785276 2.11023 1.54057 0.700351 0.488019 0.493546 0.481576 -11.8951 4.58528 0.0834155 -0.645891 4.26971 -0.932329 -0.137493 -0.607586 -0.788442 -0.455188 0.0524791 0.277489 -1.1095 
4.77872 -0.296314 0.100694 -0.151933 -0.634672 -0.294868 -0.503492 -0.0155437 0.0400931 -0.0738733 -0.0560155 -0.00302794 0.118275 8.36308 -0.504794 1.02977 -1.49676 -1.74965 -0.750556 -0.372336 2.03337 2.09273 0.0691192 0.391066 0.518546 0.0194624 -8.34365 1.50965 -3.34773 -0.67305 3.40971 1.60179 0.58066 -1.99964 -0.564143 -1.36459 0.0480202 0.146766 -1.08158 
4.79893 -0.242874 0.0700774 -0.112117 -0.659105 -0.391929 -0.449234 -0.00768447 0.105888 -0.035965 -0.16629 0.0628968 0.195553 1.82384 -1.11364 1.80867 -1.01609 1.38224 0.0342017 -0.268322 1.68623 0.910739 -0.522506 0.438896 0.134751 -0.131384 -3.8688 -3.11706 -3.63426 -0.443447 3.15136 4.50816 0.240974 -1.86463 -1.22916 -2.08408 0.829437 -0.529936 -0.870058 
4.73975 -0.176998 -0.016235 -0.113133 -0.661463 -0.420409 -0.356774 -0.0725416 0.137662 -0.0454013 -0.130142 0.0511477 0.177137 -1.00804 -3.02428 -0.355653 -1.38586 2.58965 2.73454 0.990365 1.13121 -0.0885493 -1.20283 0.0644403 -0.170442 -0.290727 -2.73499 -6.63621 -1.0959 0.036138 3.22396 4.65349 0.200109 -0.373865 -1.67983 -1.59193 0.158178 -1.3598 -0.155147 
4.75123 -0.216944 -0.0288511 -0.205045 -0.622551 -0.282971 -0.466636 -0.0609738 0.160445 -0.112512 -0.0805742 0.0494504 0.0390417 -2.19967 -4.99149 -1.40101 -1.8262 3.01182 3.53918 1.44231 0.612597 -1.2181 -1.45376 0.306374 0.0610179 -0.286036 -2.28246 -6.73363 -0.0396495 0.273677 1.95892 2.75128 1.33519 0.213257 -2.12541 -0.537858 -0.83647 -0.460483 1.01822 
4.85679 -0.342546 -0.0812891 -0.29446 -0.447252 -0.269533 -0.534343 -0.0197904 0.212229 -0.195595 -0.0857159 0.0487896 0.0943991 -1.9576 -6.48945 -1.7437 -1.57956 2.73073 3.57846 1.24298 -0.0893833 -1.06417 -1.71389 0.179247 0.343009 -0.431509 -1.16515 -3.50909 0.32498 0.139888 -1.22108 0.308006 1.54378 -0.0345832 -2.01474 0.684245 -0.432437 0.533235 0.54013 
4.50081 -0.702222 0.0130768 -0.119664 -0.278374 0.056293 -0.377629 -0.0259255 -0.0489771 -0.22193 -0.0482872 -0.00343039 0.166098 -1.14621 -7.11339 -1.46909 -1.94237 1.77589 3.19832 1.18374 -0.200411 -1.95596 -1.74833 0.905622 0.456617 -0.48844 2.80354 1.62027 -0.297239 -0.835522 -4.28843 -3.96869 0.131874 -0.791262 0.119822 1.09452 0.128336 1.7533 -0.165816 
4.48029 -0.906914 -0.134794 -0.25745 -0.33509 0.109379 -0.22575 0.0239181 0.0221924 -0.201229 -0.17425 -0.0896819 0.115755 -0.422211 -7.00112 -1.19901 -1.87692 0.734398 1.73231 1.47444 0.240579 -2.90859 -0.620568 0.962014 0.606199 0.354791 4.33295 4.73698 0.250781 -0.453999 -4.46607 -5.49802 -1.19671 -0.814204 -0.0241377 1.45181 1.66269 1.68737 0.0650842 
4.55689 -0.912336 -0.147563 -0.356382 -0.343441 -0.0601864 -0.313546 -0.0359693 -0.0445853 -0.227279 -0.12367 0.150142 0.132523 -0.295317 -6.20521 -1.53732 -0.955586 -0.162198 -0.829951 1.50668 1.0054 -2.80836 -0.251848 1.06784 0.81034 0.699576 2.83733 3.99983 0.174009 0.883957 -2.44901 -4.6491 -1.30203 1.06955 0.068793 1.15465 1.57513 -0.24148 0.342337 
4.66319 -0.930302 -0.123203 -0.312809 -0.437969 0.00123059 -0.382276 -0.0736679 -0.00300481 -0.253593 -0.0291869 0.100926 0.0565967 0.0941391 -4.01294 -2.35454 0.748245 0.576305 -3.23011 1.10588 2.50112 -1.80362 -0.371868 1.22904 0.580456 -0.0583266 -0.310673 2.38249 -1.0256 3.03534 2.28001 -4.11788 -0.408238 3.65137 0.549925 0.230274 0.218635 -1.36873 0.593609 
4.7611 -0.967456 -0.144237 -0.381535 -0.550348 -0.114697 -0.287867 -0.0803719 -0.127576 -0.258112 0.0280801 0.12399 0.111768 -2.69956 -0.681146 -2.79322 1.83558 1.93365 -5.40021 0.0244361 3.46086 -0.456911 -0.664617 1.38862 0.390892 -0.63735 -6.78949 2.33354 -1.58916 4.94931 6.16391 -2.25247 -0.386184 4.41695 1.92147 -0.971818 -0.886258 -1.85852 -0.691505 
4.70958 -1.01799 -0.168331 -0.381641 -0.520391 -0.219799 -0.214296 0.0316015 -0.266952 -0.0610072 0.0194519 0.0823317 0.238585 -10.6161 1.41281 -1.77086 2.25585 2.9851 -4.01591 0.123558 2.47086 -0.257378 -0.129031 1.1084 -0.0258883 -0.608208 -14.2826 3.93443 -0.717663 2.91361 5.75709 1.03489 -0.383006 1.03721 3.31336 -1.47459 -1.65032 -1.1576 -2.06952 
4.61195 -1.1232 -0.272142 -0.23378 -0.446539 -0.415228 -0.33575 0.203451 -0.136661 -0.245233 0.0330614 0.115517 0.147751 -16.887 2.76378 -1.02044 2.12472 3.50738 -2.19613 1.14812 1.42108 0.330364 0.634293 0.271502 -1.22223 -1.04732 -18.0424 5.18981 2.10265 -1.10561 2.0698 4.93079 0.75417 -4.33601 1.75479 0.776248 -1.47633 -0.467139 -1.59375 
4.63128 -0.96073 -0.440074 0.0465719 -0.032674 -0.545205 -0.301428 0.440716 -0.00759372 -0.333487 0.0257432 0.0252246 0.0373516 -20.8121 3.76632 -0.400222 1.26866 3.67344 -0.854382 1.75584 0.119 0.569479 0.982194 -0.371281 -1.03782 -1.14938 -14.6192 3.08049 4.29105 -5.14211 -3.84947 7.2286 1.87559 -7.92948 -0.510342 2.73077 -0.983449 0.0575969 -0.159568 
3.67355 -0.704793 -0.382699 0.0671214 0.0503815 -0.570043 -0.345654 0.380663 -0.0288407 -0.32806 0.0583472 0.0300738 0.0124523 -14.1578 4.76454 -2.27928 0.68869 1.97715 0.162731 1.22534 -1.39742 0.518555 1.18072 -0.0575739 -0.749827 -1.03049 7.38744 -0.261356 0.752674 -5.45692 -7.27791 4.63721 1.80576 -6.35423 -2.24212 2.80279 0.0705445 0.67608 1.49596 
2.542 -0.655219 -0.210746 -0.227745 -0.112782 -0.163855 -0.199233 0.00101177 -0.0493951 -0.121173 -0.0623737 0.0338658 0.0543829 -3.86843 5.3996 -3.13642 -0.261937 -0.582917 0.761321 1.4528 -2.17254 0.348717 1.3113 0.56017 -0.864564 -0.745105 33.0915 -1.8487 -4.3644 -1.59734 -6.63104 -1.49042 -0.0613159 0.00425862 -2.10737 0.653529 1.85547 0.522052 1.98406 
2.48938 -0.573349 -0.14985 -0.220381 -0.13278 -0.17638 -0.113123 -0.0695043 -0.0414091 -0.0649263 -0.0476105 -0.0438858 -0.0276817 5.38979 6.61323 -2.66418 -0.645602 -3.69924 0.445798 0.938069 -2.21009 0.0234078 1.70067 0.859551 -0.600279 -0.395935 41.533 -0.588896 -5.98339 2.25538 -4.96051 -5.41467 -2.65666 4.92932 -0.262967 -2.02305 2.33588 0.724828 1.18743 
2.48233 -0.570289 -0.170202 -0.268683 -0.16082 -0.155371 -0.0794293 -0.0810767 -0.0609939 -0.102143 -0.0306479 0.0129722 -0.000234608 14.6145 6.77452 -2.97173 -1.0924 -6.28936 -0.481448 0.00937171 -1.30574 0.379031 1.511 0.635358 -0.00246385 0.127643 30.2559 2.28132 -3.27929 3.75832 -2.39191 -5.72044 -3.42034 6.48767 1.78997 -2.35174 0.906403 0.280713 0.0341532 
4.47568 -0.4634 -0.83113 -0.232201 -0.462591 -0.337097 -0.219544 -0.0988134 -0.189582 -0.0753116 0.113627 0.0660936 0.116719 23.2554 6.69409 -4.01603 -0.544127 -6.4036 -1.60813 -0.571155 0.769463 1.12493 0.914237 -0.0889658 0.096048 0.288747 -0.153629 3.16229 3.30078 1.84531 0.630633 -2.09052 -2.08278 4.45826 3.13567 -1.42496 -2.13841 0.130555 -0.915035 
5.21519 -0.391021 -0.726342 -0.218806 -0.544218 -0.381399 -0.107382 0.0886034 -0.11024 -0.0420779 0.153755 -0.0721258 0.104409 26.6276 6.70624 -4.39413 0.0408273 -5.33308 -2.62993 -1.16103 2.58732 1.27214 0.513284 -0.702192 0.0822135 0.238681 -19.4035 1.2719 4.59299 -1.14478 2.80953 1.99248 -0.306344 0.402935 1.92618 0.320461 -4.21265 0.45198 -0.692641 
5.13531 -0.0391032 -0.509406 -0.0362515 -0.719195 -0.545226 -0.339773 0.175272 0.0294462 -0.169753 0.116369 0.0256732 -0.0400046 22.6305 6.17718 -3.57593 -0.607913 -4.24014 -1.73789 -0.902449 2.53371 1.12202 0.912705 -1.81607 0.0476784 0.369617 -20.362 -2.62711 2.13492 -3.26285 4.68285 4.1052 2.37133 -2.10478 -0.817224 1.9414 -3.71176 -0.3557 0.332484 
5.35542 0.0740471 -0.659857 -0.150514 -0.72966 -0.535228 -0.322816 0.231854 0.110914 -0.111417 -0.00730737 0.05341 0.0474918 15.3476 5.39473 -1.87029 -1.39652 -2.51791 -0.477877 -0.37975 1.98641 0.975742 1.25197 -2.71807 -0.254127 0.00975158 -13.6216 -4.7577 0.555815 -3.09304 4.30166 4.0465 2.81204 -3.14775 -2.95036 1.78514 -1.35157 -0.664251 0.43798 
5.37116 0.109841 -0.73106 -0.231368 -0.698802 -0.452615 -0.275442 0.235088 0.109043 -0.06942 -0.133285 0.0259227 0.0698079 5.28935 4.01707 -0.037605 -2.04632 -0.544211 1.0965 0.464596 0.888626 0.993997 1.19176 -3.39323 -0.35576 -0.153668 -3.98036 -4.2506 -0.442398 -1.26782 2.37923 2.1477 1.70969 -2.77123 -2.70693 0.583022 1.22081 -0.619042 0.250407 
5.43611 0.0807068 -0.708974 -0.31737 -0.672964 -0.372201 -0.216 0.194411 0.0150907 0.0387655 -0.186022 -0.00805098 0.0562536 2.39338 2.43755 -1.02423 -2.33623 0.225977 2.22075 0.591633 -0.568687 0.228958 1.18264 -3.06462 -0.29514 0.173191 -1.54298 -2.26267 0.358103 0.885448 0.678557 0.610783 0.164888 -1.42586 -0.40954 -1.24408 2.31579 -0.40515 -0.169203 
5.44887 0.0798118 -0.706409 -0.353334 -0.644241 -0.352013 -0.1545 0.154544 -0.0225692 0.0719576 -0.221376 -0.0274973 0.0600414 2.03805 0.566162 -1.31522 -2.55703 1.00037 2.86665 1.1857 -1.1181 -0.523872 1.25367 -2.35024 -0.630292 0.465419 -1.1294 -0.441714 0.38491 2.05028 -0.558535 -0.41933 -1.52637 -0.329227 1.11143 -2.09648 2.05389 0.352696 -0.293823 
5.41992 0.0978857 -0.684584 -0.428902 -0.594785 -0.291405 -0.184924 0.157651 -0.0248823 0.0348935 -0.226613 -0.0124661 0.0413361 1.00987 -0.0789057 -0.407107 -1.69754 0.906447 2.52111 0.841896 -1.29163 -0.847111 0.643305 -1.29801 -0.598018 0.100421 -0.153639 -0.281773 -0.106045 1.77132 -0.842417 -0.761642 -1.19716 0.329574 0.901321 -1.21443 1.22574 0.363948 0.171914 
5.46752 0.113065 -0.761069 -0.385954 -0.612369 -0.267831 -0.164579 0.0912823 0.0448632 0.00649833 -0.235855 -0.0256406 0.0733933 0.939039 -0.370795 -0.160295 -0.951204 0.832416 1.74056 0.409158 -1.11181 -0.669383 0.211875 -0.730483 -0.242076 0.198724 -0.192247 -0.627396 0.537668 0.912324 -0.259231 -1.08206 -0.587724 0.862987 -0.354794 -0.0872622 0.38768 0.408785 0.138058 
5.51271 0.099829 -0.78745 -0.3709 -0.648921 -0.18132 -0.19005 0.0666617 0.036238 0.0128942 -0.216556 -0.0611323 0.0681779 0.633303 -0.431557 -0.104329 -0.295473 0.577855 0.892174 0.546045 -0.763963 -0.82735 0.112095 -0.498808 0.0764199 0.318935 -0.368578 -0.685151 1.0244 0.318766 0.235648 -1.81055 0.604441 0.898093 -1.41401 0.833365 -0.130707 0.596682 0.131042 
5.48273 0.0771943 -0.733609 -0.405042 -0.592417 -0.206586 -0.206122 0.100734 -0.00343157 0.0134387 -0.252821 -0.0191077 0.0627722 0.329948 -0.604984 0.206888 0.256351 0.342795 -0.113577 0.939887 -0.109182 -1.4565 0.421071 -0.443115 0.416365 0.338947 -0.543104 -0.315455 0.735746 0.500143 0.0331203 -2.18042 1.54063 0.851621 -1.65037 1.07159 -0.207095 0.598178 0.144938 
5.48125 0.0609313 -0.706819 -0.409723 -0.602827 -0.205959 -0.174787 0.0894023 -0.0439393 0.0165654 -0.22327 -0.0362452 0.0685738 -0.432432 -0.60087 0.451427 0.842035 0.158159 -1.12969 1.19488 0.469978 -1.6547 0.61413 -0.491248 0.531772 0.419709 -1.23169 0.257947 0.262438 0.898505 -0.251248 -2.08746 1.28883 1.03674 -0.854015 0.606492 -0.251617 0.55888 0.0815629 
5.53194 0.0327967 -0.733433 -0.388551 -0.555679 -0.242392 -0.17697 0.0855441 -0.038879 0.0349581 -0.27476 -0.00547884 0.102173 -1.34827 -0.465069 0.628339 1.14461 0.20114 -1.82137 0.942833 1.00179 -1.31899 0.548863 -0.497194 0.583009 0.384185 -1.94998 0.71308 -0.175656 1.26054 -0.677247 -1.39607 0.197336 0.969272 0.68824 -0.229909 0.0943659 0.0141986 -0.0384882 
5.49767 0.0355237 -0.710536 -0.369643 -0.59589 -0.289408 -0.0573194 0.0869314 -0.157912 0.101968 -0.268115 0.00479649 0.0934253 -2.15891 -0.151036 0.495505 1.4736 -0.0442487 -2.40128 0.832056 1.21258 -0.658169 0.393847 -0.346472 0.631681 0.290931 -2.08445 0.795725 -0.445531 0.961818 -0.571536 -0.363975 -1.55571 0.702599 2.40614 -1.064 0.387587 -0.388733 -0.208498 
5.4487 0.0251957 -0.6692 -0.322686 -0.597583 -0.388465 -0.0128522 0.177472 -0.225005 0.111772 -0.279897 0.0473444 0.0912225 -2.74864 0.154229 0.215912 1.9535 -0.356458 -2.65627 0.337093 1.205 0.30013 0.0585259 0.186468 0.482482 0.239966 -1.57434 0.670518 -0.571541 0.371807 -0.259461 0.340116 -2.37698 -0.149513 3.21848 -1.32064 0.84206 -0.554069 -0.251418 
5.32115 0.056822 -0.679131 -0.270595 -0.602035 -0.420356 -0.0736522 0.204166 -0.13022 0.0595541 -0.285129 0.0293666 0.110418 -3.35127 0.311408 0.512302 2.10823 -0.430772 -2.85631 -0.475114 1.19898 0.889219 -0.297809 0.942858 0.410144 -0.0936955 -0.340422 0.189734 -0.0165069 -0.133445 -0.115358 0.383333 -1.85168 -0.797575 1.94036 -0.778216 1.60838 -0.374457 -0.494875 
5.28704 0.0614038 -0.716499 -0.226229 -0.5964 -0.432094 -0.142171 0.200851 -0.0207615 0.0382019 -0.283975 0.00875095 0.117322 -3.60118 0.271857 0.919617 2.31848 -0.545357 -2.6416 -1.4909 1.04952 1.41395 -0.82636 1.65919 0.538195 -0.390223 0.492683 -0.328189 0.904207 -0.144827 0.0443531 0.108147 -1.15128 -0.82152 0.0076616 -0.325268 1.78829 0.336585 -0.614445 
5.22061 0.0778676 -0.706309 -0.222641 -0.646916 -0.468792 -0.121596 0.214356 -0.025635 0.0520858 -0.247596 0.0298822 0.0818143 -3.71915 0.046414 1.59427 2.10427 -0.276193 -2.23147 -2.46062 0.762824 1.77842 -1.03406 1.57526 0.959117 -0.532436 0.506227 -0.733058 1.91087 -0.12025 0.351718 0.193449 -0.808504 -0.532009 -1.30584 0.00587068 0.838171 0.982495 -0.492721 
5.15763 0.0834211 -0.696332 -0.162902 -0.626568 -0.545939 -0.175058 0.221308 0.0418908 0.0104115 -0.1791 0.0386597 0.101011 -3.8884 -0.141606 2.30466 1.68313 -0.204514 -1.44537 -2.64353 0.0045113 1.41186 -0.783684 1.67133 0.997019 -0.81834 -0.0695 -0.79536 2.24889 -0.473306 0.406409 1.03237 -0.444133 -0.484485 -1.73332 0.404025 -0.636425 1.05225 -0.455555 
5.1031 0.070591 -0.596858 -0.149517 -0.632136 -0.591776 -0.230531 0.217767 0.000588347 0.00385679 -0.0685413 0.0302923 0.0453022 -3.91281 -0.467739 3.05037 1.27414 -0.102685 -0.884464 -2.42428 -0.510968 0.69066 -0.378216 1.47002 1.23514 -0.85921 -0.777578 -0.502698 1.43785 -0.835097 0.349163 1.87004 0.0942717 -0.880437 -0.907385 0.700659 -1.90808 0.570665 0.0776952 
5.09823 0.0400864 -0.568426 -0.0659053 -0.639121 -0.58517 -0.326698 0.225331 0.0361386 -0.0455012 -0.0694237 0.114161 0.0429662 -4.26707 -0.70567 3.72736 0.74394 0.211991 -0.0988751 -2.26603 -1.10504 0.0862098 -0.384962 1.03247 1.28407 -0.64999 -1.16717 -0.173288 0.645848 -1.43579 0.378836 2.09014 0.903596 -1.42721 -0.513969 0.784253 -1.79492 -0.458721 0.471408 
4.9721 0.0235704 -0.433725 -0.112532 -0.611192 -0.585575 -0.350429 0.229828 0.00976766 -0.00379594 -0.166668 0.186523 0.033144 -4.7144 -1.03979 3.71929 0.200035 1.26453 0.600428 -1.5902 -1.55193 0.119537 -0.878023 0.599579 1.03629 -0.236745 -0.948286 -0.136051 -0.583154 -1.29517 1.00977 1.52355 1.70814 -1.41043 0.0354141 -0.348855 -0.463675 -1.19888 0.868963 
4.86216 0.0272107 -0.378487 -0.118893 -0.624178 -0.51861 -0.346654 0.14626 -0.0120364 0.0172723 -0.102949 0.125924 -0.00910138 -5.778 -2.78143 4.29625 -0.313796 1.95454 1.82038 -0.614326 -1.65353 0.0334928 -1.03274 0.568498 0.607237 -0.141086 -1.17397 -1.90889 -0.39993 -0.805378 1.96875 1.02728 1.91195 -0.378413 0.527076 -1.45251 0.620992 -1.13022 0.986054 
4.80071 0.0035143 -0.338316 -0.111865 -0.621596 -0.508386 -0.374032 0.108625 0.0196384 0.0226163 -0.121277 0.153075 0.0292787 -5.56793 -4.41598 3.8541 -1.17 2.09551 3.01515 0.692058 -2.57312 -0.613182 -0.421448 0.4172 -0.543176 0.480645 -0.558027 -3.92464 -0.137925 -0.903387 1.68945 1.44975 2.3249 -0.252499 -0.451421 -0.792668 1.17702 -1.6636 0.671867 
4.71568 -0.0193884 -0.260359 -0.154576 -0.568822 -0.442332 -0.403579 0.0383975 -0.00849527 -0.0374538 -0.134139 0.154684 0.0523215 -5.10268 -6.14703 3.11012 -1.43086 2.42865 2.84586 0.943121 -2.87228 -0.497223 -0.666396 0.231764 -0.594414 0.878496 0.773146 -5.17319 -0.689258 -0.446224 0.543031 0.867999 1.46591 -0.171511 -0.581473 0.280557 0.336945 -0.866037 0.511046 
4.58369 -0.0682163 -0.280222 -0.184456 -0.383099 -0.454725 -0.271015 0.0378951 0.0445576 -0.156594 -0.0966717 0.137604 0.0801738 -4.31578 -7.46957 1.84535 -1.10008 2.55893 2.53113 1.33876 -2.89139 -0.313004 -0.878099 -0.231822 -0.310283 1.54939 2.20105 -4.15095 -1.57749 0.088239 -1.14114 -0.197163 -0.00789872 -0.471877 -0.677095 1.45493 -1.41997 0.44862 0.721983 
4.33681 -0.47308 -0.0376324 -0.170979 -0.357259 -0.284349 -0.253935 0.0665977 0.0371363 -0.138061 0.00513294 0.0980862 0.0358742 -3.72301 -7.83235 1.50988 -0.858654 2.04186 1.77038 1.38943 -2.63345 -0.401187 -0.26904 -0.861392 -0.243644 1.84361 3.1737 0.172845 -2.82773 0.822726 -2.02052 -2.2958 -1.03924 -0.474997 -0.055087 1.51056 -2.55245 1.30306 0.972069 
4.51301 -0.590986 -0.137712 -0.31833 -0.44754 -0.148099 -0.137565 -0.183531 -0.171736 0.0579956 -0.0473593 -0.0761756 0.131912 -3.43513 -7.57609 0.951409 -0.938445 1.75809 1.78833 1.0651 -2.1769 -1.30907 -0.263338 -0.675675 0.124848 1.9304 1.11025 3.32045 -1.7989 1.35516 -1.17629 -2.78617 -1.83665 1.30583 0.396773 -0.161063 -1.57668 2.28656 0.548391 
4.48381 -0.767674 -0.197857 -0.225081 -0.34778 -0.332358 -0.32268 -0.125206 0.0171441 -0.135974 -0.161157 0.180369 0.153303 -3.02986 -6.66 0.483684 -0.599155 1.27685 1.7748 0.519222 -1.85925 -1.56334 0.363418 -0.308647 0.205267 1.57804 -0.756004 4.86817 -0.0100237 0.475013 -0.494855 -0.30285 -0.845767 1.51909 -1.02683 0.0771627 1.08551 0.263365 -0.472625 
4.41549 -0.836986 -0.263845 -0.200579 -0.318678 -0.312121 -0.189365 -0.150392 -0.00608957 -0.100924 -0.252745 0.196894 0.251483 -2.39889 -4.7732 0.0953956 -0.458788 0.42577 1.08872 -0.0565248 -1.57347 -1.15563 0.612389 -0.286715 0.578512 1.45058 -1.25283 4.22297 1.05214 -0.361058 -0.0515143 0.971201 -0.498493 1.37168 -0.720425 -0.0948762 3.00441 -0.824942 -1.43256 
4.35393 -0.795666 -0.123748 -0.1983 -0.435314 -0.354858 -0.211611 -0.180682 -0.0517835 0.03828 -0.218516 0.0727518 0.221722 -2.28321 -2.76812 -1.06328 -0.699898 -0.0560367 0.0797138 0.170518 -0.928631 -0.758137 0.750646 -0.240068 0.611936 1.34554 -0.618334 1.77792 -0.0672972 -0.954296 -0.273298 1.03259 0.322399 0.854017 0.299494 0.176987 2.41601 -0.831634 -1.23939 
4.26059 -0.850267 -0.171055 -0.292097 -0.316786 -0.186209 -0.275371 -0.129196 -0.244842 -0.128376 -0.107305 0.195521 0.269818 -3.41464 -1.8897 -0.661898 -0.678174 -0.244136 -0.0105472 0.0413202 -0.537782 -0.433247 0.92146 0.515837 0.454668 0.731519 0.488525 0.652287 -1.2715 -0.775487 -1.3683 -0.936982 0.975621 -0.535019 1.72072 1.50006 0.150365 -1.07037 -0.638336 
4.21636 -0.875057 -0.146723 -0.239411 -0.292533 -0.123759 -0.278719 -0.185741 -0.179231 -0.0162041 -0.0401554 0.106963 0.181783 -3.42598 -0.87914 -0.523173 -1.59798 -0.46044 0.831597 0.335175 -0.396644 -0.700847 0.89546 1.03898 -0.513901 0.163477 0.19239 0.15994 -1.3857 -0.782477 -1.03793 -1.83417 0.454636 0.00475401 1.86107 0.0321758 -1.45691 0.0300444 -0.0736819 
4.23298 -0.823396 -0.176411 -0.26764 -0.368695 -0.278307 -0.225423 -0.179517 -0.0282878 -0.0452677 -0.0900716 0.16663 0.24733 -2.7741 -0.188192 -0.593582 -1.7369 -0.282023 0.530075 0.575632 0.226085 -0.343008 0.520036 1.09356 -0.577385 -0.343108 0.0725002 0.590793 -0.256442 -0.536957 0.114105 -0.270533 0.540691 0.602485 -0.0908519 -0.503954 -1.1729 -0.40822 -0.379842 
4.14848 -0.933792 -0.323192 -0.353926 -0.458499 -0.302542 -0.145891 -0.143602 -0.102108 0.0740257 -0.11971 0.106012 0.266871 -2.39416 0.213445 -1.05714 -1.20098 0.177666 0.569428 1.23876 0.171461 0.0891903 -0.00304348 0.582481 -0.734482 -0.452419 0.623693 1.7821 1.30957 0.576607 1.47057 1.09253 0.230462 0.742399 -0.789512 -1.71965 -0.177953 -0.568678 -0.861863 
4.03649 -0.925771 -0.247158 -0.347431 -0.436222 -0.247779 -0.22502 -0.288353 -0.147647 0.116654 -0.0754117 0.099838 0.241677 -2.12317 0.66289 -0.755681 -0.509296 0.091231 0.252939 1.66772 1.02444 0.113453 -0.0388324 -0.0316419 -1.33616 -0.727748 1.18034 1.62699 0.934221 1.52047 1.92458 1.41011 0.81512 1.97789 -0.98872 -2.18116 0.107537 -0.488138 -0.710127 
4.02119 -0.858526 -0.240103 -0.442737 -0.350162 -0.175849 -0.257491 -0.126857 -0.0808756 -0.113942 -0.0881231 0.115278 0.184574 -1.62631 1.06108 -0.649458 -0.693254 0.414111 1.06929 1.46398 1.56986 -0.392855 -1.2072 -0.317029 -1.05665 -0.885166 1.3082 0.756274 0.343467 1.91309 0.696165 0.920908 0.815552 1.11146 -0.465444 -0.672273 -0.179303 -0.518458 -0.425945 
4.10054 -0.784454 -0.242805 -0.39518 -0.351837 -0.238378 -0.0694288 -0.0651967 -0.137901 -0.00182024 -0.0732068 0.068732 0.186365 -1.63618 1.21142 -0.367699 -0.802857 0.896155 2.0809 0.619129 1.57748 0.0711301 -1.23002 0.580465 -1.36334 -1.87415 0.274864 -0.343039 -0.307775 0.190204 -0.422572 0.802762 -1.12072 0.164603 1.02438 -0.225391 0.154911 0.0406653 -0.625237 
4.02214 -0.774337 -0.269844 -0.299622 -0.318912 -0.154962 -0.0670917 -0.18805 -0.12903 -0.0490088 -0.0781505 -0.00323651 0.171224 -1.43301 1.38156 -0.185703 -0.767146 0.938027 1.84732 0.0389982 2.18332 1.05971 -1.18993 0.69199 -0.779601 -2.13576 -0.440383 -1.06046 -0.531961 -1.81293 -1.0332 0.196112 -2.37491 0.340602 1.88208 0.943237 0.664279 0.910093 -0.901881 
3.97351 -0.798372 -0.25521 -0.28829 -0.309707 -0.15121 -0.0672585 0.0672993 -0.204631 -0.088212 -0.103048 -0.00923737 0.146856 -1.24163 1.28894 -0.822373 -0.682581 0.911624 1.57749 -0.0681233 2.36544 1.01512 -0.885306 0.682373 -0.287032 -1.9563 -0.598613 -0.483317 -0.482276 -1.89369 -0.431148 -0.325902 -2.44377 -0.897432 1.95913 1.28716 1.05724 1.55308 -0.597896 
4.05155 -0.743612 -0.277751 -0.412452 -0.324136 -0.0278991 -0.109644 -0.0119538 -0.134163 -0.19466 -0.131011 0.0371009 0.097498 -1.61941 1.24662 -1.21343 -0.595306 0.617206 0.81395 -1.61696 1.49105 0.435562 -0.237665 0.87828 0.278139 -1.39597 -0.73864 0.219285 -0.701298 -0.297105 0.252313 -1.84237 -1.92201 -0.468023 -0.023877 1.14959 0.693083 1.54991 0.724504 
3.92789 -0.747921 -0.290956 -0.489809 -0.316498 -0.0175699 -0.224307 -0.0464118 0.0540667 -0.0650576 0.0748456 -0.0383554 -0.0434296 -2.48275 1.51457 -1.7039 -0.907005 0.763723 0.705458 -2.69134 1.609 0.898528 -0.496073 0.218337 0.521133 -0.922743 -0.540985 1.07545 -1.02934 1.48629 0.572767 -2.0625 -0.562702 -0.211116 -2.20815 0.230472 -1.40271 0.951299 2.41429 
3.88826 -0.775767 -0.314844 -0.480794 -0.337331 -0.109136 -0.211143 0.130196 0.0548614 -0.0252163 -0.0305013 0.0733375 0.000175445 -3.61462 2.00398 -2.209 -1.16302 0.249585 0.605485 -2.53498 1.24233 1.31653 -0.413744 0.249039 0.572622 -0.588279 -1.80934 1.51688 -1.18887 1.52917 0.0956912 -0.311771 -0.0432084 -1.14934 -1.63657 -1.0402 -1.54133 -0.632687 2.12114 
3.90476 -0.691552 -0.370643 -0.414012 -0.234303 -0.0456105 -0.188735 0.0568012 -0.0903697 -0.103186 -0.00884586 0.102995 0.0242287 -5.47251 2.6292 -2.28621 -0.658301 0.199282 0.586554 -1.28843 -0.250333 0.833982 -0.652061 0.0416175 0.160599 -0.197918 -3.70888 1.21548 -0.476602 0.398975 -0.909224 0.88274 1.60547 -1.14155 0.0628176 -1.28723 -1.23385 -1.66884 0.777352 
3.84152 -0.628445 -0.416145 -0.436474 -0.273104 -0.173259 -0.460964 0.023713 -0.164254 -0.115019 0.0148782 0.128108 0.0902798 -7.15253 3.0325 -1.92105 -0.383095 -0.112034 0.162996 0.16074 -0.0981387 0.122578 -0.121269 -0.0413251 -0.50635 0.0702848 -4.41045 0.769549 0.672059 -0.70173 -1.27822 1.74414 4.26808 -1.38234 1.28321 -0.255923 -0.0173648 -2.06143 -0.941431 
3.69052 -0.560601 -0.492063 -0.439346 -0.229665 -0.080781 -0.360746 0.147943 0.00876211 -0.111205 -0.160623 0.0353317 0.102032 -8.13141 3.3693 -1.35375 -0.605536 -0.129432 0.132433 1.51938 -0.846152 -0.845579 -0.698423 -0.557818 -0.460292 0.50875 -3.51553 0.0479434 1.9851 -1.11411 -0.866276 0.236349 4.28211 -1.66142 -0.303427 0.776232 1.55144 -0.868865 -1.31068 
3.44152 -0.523345 -0.555336 -0.484024 -0.362612 0.023278 -0.313953 0.0184135 0.0912106 -0.165489 -0.0247317 0.0256512 0.0444667 -9.01365 3.04447 -0.606495 -0.633368 -0.0644697 0.0297228 2.10441 -1.39359 -0.901192 -1.03893 -0.274794 -0.634324 0.467632 -0.64568 -0.768729 2.55332 -0.383843 0.62398 -1.72967 2.4914 -0.203895 -2.19851 0.688781 0.475076 0.855673 0.0191657 
3.19327 -0.436762 -0.492696 -0.435498 -0.290503 0.00468177 -0.105458 -0.0886159 -0.0877353 -0.227581 -0.0659643 -0.0110365 0.0418932 -9.00586 2.40356 0.168409 -0.637322 -0.156234 -0.849678 2.08084 -0.915752 -0.264252 -0.607214 -0.496812 -0.449475 0.410595 2.38355 -1.44665 1.71159 0.294447 1.18405 -2.52774 -1.45158 0.907381 -1.31778 0.261236 -0.244901 1.79578 0.994483 
3.09131 -0.377805 -0.456107 -0.541011 -0.36016 -0.0612536 -0.0641873 0.0282706 -0.0401246 -0.0309433 -0.000675891 -0.0692168 0.00948056 -7.84026 1.96044 1.04767 -0.511365 -0.192723 -1.15398 1.85164 -1.11664 -0.174796 -0.380938 -0.314744 -0.229719 0.447016 3.81769 -1.6469 0.79394 1.05303 0.80746 -2.07482 -4.30808 0.722037 0.384906 -0.685246 -0.981662 1.6426 1.38455 
2.94849 -0.357736 -0.427624 -0.5734 -0.281257 -0.0946544 -0.0330692 -0.107472 -0.151272 -0.160553 -0.0485163 0.0361173 0.0794002 -6.25505 1.32912 1.72383 -0.0226703 0.0998219 -1.97871 0.647731 -1.37421 -0.660569 0.0957451 -0.0545951 -0.14851 0.217155 3.93376 -1.27 0.160209 1.41852 -0.0519914 -0.577847 -3.98379 0.742352 2.25116 0.350275 -0.745141 -0.282041 0.0145478 
2.85146 -0.421292 -0.403594 -0.468288 -0.259495 -0.142291 -0.0640015 -0.0381343 -0.1627 -0.254867 -0.0853345 0.0751689 0.131139 -4.66926 0.722485 2.02016 0.22662 0.492259 -2.13012 0.0558187 -0.778942 -0.262306 0.635341 -0.711243 -0.561457 0.106032 2.78158 -0.488148 0.0729684 0.520282 -0.691055 0.862574 -1.60775 -0.475626 2.00231 1.51777 0.200788 -1.85615 -1.46815 
2.8544 -0.383844 -0.394981 -0.468208 -0.258385 -0.253186 -0.192527 -0.000508178 -0.044747 -0.159065 -0.119957 0.0536546 0.116295 -3.52547 0.0989745 2.16818 0.973275 0.699381 -1.4779 -0.491957 -0.682118 -0.0981905 0.590269 -0.448626 -0.478294 -0.183758 1.00877 -0.318782 0.536415 0.59642 0.116653 1.96571 1.66497 -0.819969 -0.443503 1.1785 0.633901 -1.86292 -1.79659 
2.86477 -0.341685 -0.319179 -0.516062 -0.353615 -0.224831 -0.267291 -0.11112 -0.0249812 -0.146426 -0.0683681 0.0203888 0.138624 -2.97096 -0.355362 2.22266 1.78984 0.869565 -1.05314 -0.108787 -0.615793 -0.0270176 -0.0177669 -0.665994 -0.606144 -0.486147 -0.244414 -0.686495 0.344652 0.893497 0.923757 1.61614 3.17532 0.459911 -1.38165 0.121351 0.310989 -0.618267 -1.2811 
2.78872 -0.380153 -0.30021 -0.422812 -0.252683 -0.240182 -0.190323 -0.125912 -0.0600866 -0.0798427 -0.0933835 -0.0662912 0.0180877 -2.80894 -0.616633 2.24761 1.92413 0.700333 -0.345901 0.484961 -0.194173 0.238426 0.761529 -0.121073 -0.837391 -0.89431 -0.780704 -0.805674 0.126202 0.810562 0.779907 1.158 2.40621 0.885743 -1.29502 -1.29917 0.245928 1.33298 0.329932 
2.71442 -0.396714 -0.271284 -0.475657 -0.276903 -0.204182 -0.094934 -0.105396 -0.0293054 -0.0600882 -0.130272 -0.122459 0.0150335 -2.8026 -0.685046 2.11436 1.66384 0.76535 0.287073 1.19809 -0.334455 -0.0118791 0.927377 0.234376 -0.603908 -0.965328 -0.390366 -0.654154 -0.327992 0.634103 0.211112 0.375997 0.45286 1.06658 -0.233473 -1.08255 0.493709 2.02481 1.01352 
2.67113 -0.40653 -0.174077 -0.304546 -0.168858 -0.164198 -0.0759385 -0.131429 -0.20042 -0.125621 -0.062732 -0.025779 0.0205743 -2.86586 -0.958659 1.82915 1.66408 0.857815 0.741196 1.75146 -0.14698 -0.390485 0.526644 0.407625 -0.13177 -0.720184 0.326653 -0.0899182 -1.00871 -0.975742 -0.824376 -0.1007 -0.964985 0.537503 1.35293 0.319982 0.410817 1.09413 0.910622 
2.64153 -0.443262 -0.180448 -0.302856 -0.21979 -0.244688 -0.0443169 -0.042728 -0.0728806 -0.178779 -0.140687 -0.0455301 0.014668 -2.59589 -0.996009 1.33892 1.5048 0.896229 0.652542 1.62618 0.279032 -0.261912 0.415596 0.372835 0.315241 -0.440056 0.893156 0.423087 -1.02558 -1.52627 -0.828229 0.269487 -1.31834 -0.543226 0.760345 0.997396 0.628491 0.215961 0.522572 
2.53293 -0.470317 -0.155507 -0.308374 -0.199894 -0.153989 -0.0279757 -0.0885403 -0.0801127 -0.0655433 -0.0504064 -0.00727746 0.0219343 -1.95262 -0.736092 0.988226 0.946427 0.400004 0.606467 0.96253 0.240018 0.000855478 0.274223 0.526437 0.656856 0.0460745 1.45289 0.610633 -0.960726 -1.14513 -0.408568 -0.192958 -0.89982 -0.443046 0.134098 0.357488 -0.142572 -0.562273 -0.0152841 
