2.60412 -0.413565 -0.0983781 -0.244076 -0.192723 -0.191805 -0.113339 -0.111948 -0.10503 -0.0166157 0.0304751 0.0443432 0.00616881 -0.834881 -0.944658 -1.1656 -0.759603 -0.703608 -0.108213 -0.156305 0.294361 1.01788 0.331522 -0.0610041 -0.492931 -0.36192 -0.194815 -0.402412 -0.805569 -0.789372 -0.710612 -0.197955 -0.122323 -0.0230503 0.60019 0.507927 0.0651563 -0.406247 -0.330221 
2.48707 -0.514251 -0.167539 -0.23938 -0.181165 -0.16575 -0.131182 -0.0556153 -0.0183949 -0.0385038 0.0147403 0.026265 -0.00304097 0.518723 -0.75409 -1.85311 -1.99127 -1.15076 -0.118106 0.159391 0.618371 1.22521 0.742321 0.0279861 -0.334287 -0.579849 2.69109 0.857275 -0.8757 -2.0458 -1.01457 -0.285816 0.233702 -0.0557763 0.111623 1.07282 0.21761 -0.0115132 -0.486051 
2.42795 -0.535419 -0.179042 -0.267867 -0.264368 -0.219024 -0.090421 -0.0798253 -0.0425548 -0.0359887 0.013 0.0092788 -0.00276433 1.25475 -0.759665 -2.29168 -2.76735 -1.05781 0.0435646 0.169722 0.78028 1.33002 1.08636 -0.0233805 -0.177962 -0.806306 4.20942 1.21319 -1.03336 -2.59585 -0.308245 0.194043 0.24413 0.375772 0.0568277 1.16532 0.0887824 0.491534 -0.588081 
2.48276 -0.4966 -0.164814 -0.274158 -0.213585 -0.178492 -0.145653 -0.115574 -0.027071 0.0309763 0.0604864 0.00557155 -0.0171145 1.27006 -0.691623 -2.36495 -2.60593 -0.603602 0.442656 0.374384 0.595352 0.792774 0.365593 -0.336957 0.147937 -0.425418 2.56705 0.579469 -0.752075 -1.4125 0.585308 0.660218 0.624758 0.461328 -0.619401 -0.416319 -0.537703 0.946208 0.115346 
2.60376 -0.501356 -0.28233 -0.400693 -0.320044 -0.221748 -0.135179 -0.0657827 0.0380745 0.0457291 0.00538684 -0.0277589 -0.0600798 1.74391 -0.510514 -2.39867 -2.61454 -0.305587 0.276196 0.156593 0.41548 0.269995 0.50192 -0.383106 0.308017 -0.107434 -0.55514 -0.210066 0.295597 0.950747 1.78833 0.738931 0.132838 -0.174647 -1.44474 -1.3079 -0.530288 0.962157 1.0665 
2.83878 -0.464264 -0.370309 -0.603441 -0.35658 -0.198727 -0.0466849 0.0018033 0.0393449 0.103253 0.0456509 0.043 -0.0752321 2.02828 -0.115187 -1.85772 -2.17369 -0.164308 0.280805 0.238975 -0.141602 -0.716408 0.690051 -0.0953433 0.33877 0.291835 -3.43271 -0.692599 1.43053 3.25845 1.69526 0.21065 -0.56748 -1.24993 -1.98751 -1.34001 -0.203979 0.041848 1.60771 
2.74306 -0.525975 -0.376055 -0.579385 -0.262515 -0.157566 -0.106362 -0.0102841 0.0498088 0.116531 0.0143557 0.0420846 -0.0977142 1.94586 0.250913 -1.17211 -1.17229 -0.124293 0.179679 0.269438 -0.881764 -1.47 0.528731 -0.201896 -0.0689175 0.650529 -2.39571 0.340665 2.10331 3.35596 -0.0992997 -0.827757 -0.328636 -2.15278 -2.24654 -0.262959 0.410703 -1.03871 1.41372 
2.59761 -0.535673 -0.354151 -0.428839 -0.189652 -0.0896513 -0.0560356 -0.0715775 -0.0719936 -0.116386 -0.0552266 0.0839134 0.0281511 1.5298 0.61165 0.0581639 0.130291 -0.239576 -0.11918 0.426585 -1.47763 -2.15579 -0.410958 -1.05593 -0.580954 1.1578 0.452214 1.45396 2.42484 2.01298 -1.49514 -1.35141 -0.191427 -1.93316 -1.18174 0.887469 0.0901692 -1.92143 0.306783 
2.71062 -0.537933 -0.408206 -0.517536 -0.227932 -0.205501 -0.147323 -0.060221 -0.0601183 0.0729466 -0.00979522 0.0523511 0.0179206 3.98902 2.95093 1.54068 0.665882 -0.689362 -0.58914 -0.227217 -2.3975 -2.80952 -0.850806 -0.894846 -1.06881 0.799405 4.63156 3.72409 2.53856 0.399248 -2.2791 -1.06825 0.0883679 -1.40315 -0.444647 -0.502588 -0.733704 -1.77805 -0.920175 
2.68988 -0.51547 -0.341997 -0.473536 -0.275918 -0.166157 -0.0807752 -0.141592 -0.164797 0.108288 0.0636151 0.0220214 0.0411799 8.84863 5.09718 1.57101 0.00800657 -1.81251 -0.778722 -0.506945 -2.4289 -2.66628 -1.0368 -0.777349 -1.03887 0.345804 10.4427 5.46109 1.01026 -2.08877 -2.10488 -0.461034 -0.354292 0.14216 0.699041 -1.41541 -0.90716 -0.189498 -1.75003 
2.76593 -0.422397 -0.280284 -0.396636 -0.33648 -0.218748 -0.0633106 -0.265188 -0.229829 0.0795111 -0.00701016 -0.0705714 0.0513011 14.9822 6.68932 1.10827 -2.17807 -3.38214 -0.41762 -0.118678 -1.95499 -2.27477 -0.11906 -0.339259 -0.49438 -0.0244639 14.1043 4.86981 -1.18718 -4.55792 -1.84946 0.929907 -0.531689 1.72009 1.46056 -0.436924 0.253629 1.86524 -1.68383 
2.82614 -0.374314 -0.157926 -0.325043 -0.31013 -0.214838 -0.0656231 -0.251246 -0.235539 -0.088721 -0.197143 -0.099635 0.101686 20.1817 7.03927 0.221715 -4.17612 -4.16724 0.699194 -0.213706 -1.46536 -1.26673 0.771983 -0.0410349 0.0618957 -0.440188 14.0157 1.88783 -3.55796 -5.80361 -1.7815 2.49631 -0.0647744 2.07803 1.75248 1.81128 1.93009 3.00796 -0.742097 
3.576 0.112075 -0.107373 -0.523221 -0.468674 -0.307232 -0.193121 -0.330415 -0.295123 -0.0606501 -0.0552565 -0.116184 -0.0706821 23.4155 6.38594 -0.902489 -4.87748 -3.97112 2.07725 -0.136048 -0.958721 -0.467061 0.380725 -0.350486 0.839009 -0.266055 6.8614 -3.96333 -4.39814 -3.75275 -0.285945 3.56798 0.629958 1.91501 2.15601 3.0132 1.26216 2.55133 1.02439 
4.29815 0.221929 -0.309161 -0.725685 -0.567713 -0.215253 -0.124562 -0.224247 -0.244326 -0.0385332 -0.0262152 0.0244887 -0.0541678 25.1677 4.87516 -2.42965 -5.41776 -3.23729 2.69114 -0.730919 0.00378633 0.634039 0.473607 -0.6145 1.46856 -0.138247 -2.633 -7.04159 -2.63902 0.577066 1.87508 2.8179 0.113185 0.62351 1.6421 1.44977 -0.36836 0.581828 1.69307 
4.74645 0.21786 -0.329165 -0.93555 -0.69558 -0.104734 -0.0655263 -0.222019 -0.254446 0.144427 -0.0042973 0.0777398 -0.0129163 24.4578 2.7229 -3.54503 -5.1882 -2.1915 2.97332 -0.910468 0.946796 1.09105 0.571036 -0.399603 1.91635 0.0638583 -8.62353 -6.61554 -0.980866 4.35004 3.77292 0.208381 -0.919105 0.320533 0.971972 -1.6419 -1.86938 -0.989687 1.17255 
5.10952 0.154982 -0.417649 -1.00164 -0.701779 0.0562412 -0.116464 -0.258934 -0.186843 0.13145 -0.012632 0.0905153 0.0194014 21.4829 0.386894 -4.17526 -3.77289 -1.01336 2.28907 -0.830902 1.58523 1.12351 0.310311 -0.449137 1.99613 0.363183 -10.1463 -3.83966 0.595604 5.49417 3.96008 -2.9833 -1.02245 1.1124 -0.239756 -3.26601 -1.93476 -1.19911 0.165755 
5.39151 0.0865244 -0.51484 -0.971212 -0.657369 0.0901108 -0.138726 -0.240229 -0.145844 0.105751 -0.0843199 0.105546 0.0388129 15.7566 -2.07534 -3.8866 -1.19922 0.467045 1.02882 -0.688948 2.35398 1.01222 -0.846922 -1.35973 1.86111 0.978298 -8.35169 -0.49188 1.42145 4.31068 2.33757 -4.8907 -0.487849 1.65172 -1.30431 -2.9304 -0.46092 -0.509761 -0.653889 
5.57833 0.0305349 -0.588182 -0.955664 -0.592023 0.0888196 -0.213422 -0.18262 -0.103793 0.0456549 -0.137023 0.113518 0.0426851 10.2579 -2.28678 -2.5271 1.25936 1.08271 -1.28795 -0.73817 2.51546 0.223424 -1.92659 -1.20399 1.28972 0.571873 -7.29428 0.993332 1.92153 3.09809 0.185147 -5.00271 1.03885 1.59286 -1.88546 -1.63747 0.827525 0.285873 -0.613378 
5.70564 -0.0157971 -0.612995 -0.927737 -0.545071 0.0302947 -0.2093 -0.11638 -0.144887 -0.0042083 -0.140865 0.121279 0.0383766 5.65274 -1.77146 -1.37105 3.63268 0.931738 -3.88156 -0.0568534 2.27453 -0.406651 -2.29896 -0.884637 0.885124 -0.0686338 -7.35592 1.68318 2.68682 2.68463 -1.83899 -4.29112 1.98774 -0.144151 -1.68395 0.399686 1.49986 0.0444112 -0.727328 
5.79829 -0.0531553 -0.636596 -0.840973 -0.503569 -0.0964625 -0.198484 -0.0317249 -0.164757 -0.0858995 -0.169812 0.169834 0.0493291 1.00745 -1.12127 0.303444 5.34783 0.23813 -6.0743 0.622518 1.43674 -0.552468 -1.32651 -0.471068 -0.223563 -0.534022 -7.8665 1.66936 3.1297 2.82464 -2.66219 -2.97773 1.87155 -2.54192 -0.425281 2.30126 1.48209 -1.59961 -0.969076 
5.79324 -0.0525062 -0.648898 -0.75196 -0.502715 -0.214779 -0.21379 0.0417905 -0.177286 -0.141089 -0.188111 0.212565 0.0648024 -6.2251 -0.543931 2.39959 6.26586 -0.349609 -6.68421 0.307811 1.07385 -0.487658 -0.963234 0.729958 -1.7031 -0.92444 -10.7994 1.06784 3.67073 2.43445 -2.0051 -1.12104 0.45541 -3.22335 0.866395 2.81286 1.52444 -3.55825 -1.07903 
5.6546 -0.0173426 -0.567123 -0.639739 -0.568865 -0.363401 -0.139253 0.0621953 -0.257622 -0.169879 -0.0966273 0.202208 0.0156567 -16.413 -1.5575 3.95096 6.60497 0.258537 -5.28346 0.0800856 0.68275 0.545354 0.162176 1.46948 -2.23547 -0.793319 -16.834 -1.22562 3.27219 0.831786 0.744639 2.48538 -1.69796 -1.89695 2.67037 2.44446 1.09729 -3.51111 -0.206667 
5.49497 -0.00532249 -0.480689 -0.437103 -0.661772 -0.561626 -0.0288501 -0.0729659 -0.272062 -0.0480076 -0.102367 0.147663 -0.0419219 -25.2409 -3.02818 4.48398 6.30298 1.7694 -2.58509 0.255106 0.093222 1.33596 0.722765 1.54812 -2.30731 -0.588991 -20.9684 -3.81895 1.57917 -1.62205 4.26992 6.76193 -2.33595 0.575195 2.91166 0.533202 0.598332 -1.12984 0.945294 
5.22375 -0.0233351 -0.368955 -0.267168 -0.661112 -0.686153 -0.079203 -0.187147 -0.145282 0.0571301 -0.12525 -0.0641291 -0.0466452 -30.2404 -4.12271 4.47692 5.28847 2.99083 -0.025132 0.39584 -0.334982 1.73502 0.997928 1.53955 -2.18001 -0.379839 -16.7799 -4.76289 -0.976143 -3.54326 5.64438 8.557 -0.72556 1.99127 1.35714 -1.18653 -0.192695 2.57548 1.49636 
4.24242 -0.0232464 -0.162885 -0.216745 -0.61828 -0.637016 -0.26747 -0.0135576 -0.149838 -0.100769 0.0517948 -0.208279 -0.0767321 -31.7219 -5.02777 3.72526 3.83978 3.90656 2.00942 0.297765 -0.572025 1.88709 0.878657 1.13297 -1.78564 0.00719217 -2.06593 -3.37382 -3.57375 -4.00188 3.83677 6.224 1.7336 0.58225 -0.491641 -1.08973 -1.69742 4.38447 1.38846 
2.93432 -0.37996 -0.113897 -0.203282 -0.353946 -0.350006 -0.255648 0.017351 0.0502158 0.0638344 0.0421343 -0.0649736 0.00535503 -29.7747 -5.42651 2.48926 2.21133 4.57683 3.5579 -0.074861 -0.561664 1.97709 0.400767 0.405215 -1.1125 0.444795 15.3416 0.866251 -4.05674 -3.16798 -0.554767 0.723753 2.14519 -1.11038 -2.41732 -1.39985 -1.94068 2.61109 0.284477 
2.4265 -0.540871 -0.176573 -0.19101 -0.134093 -0.134014 -0.0908228 -0.0398721 -0.0139346 -0.0127299 -0.0255914 -0.00243608 0.010452 -16.158 -4.81249 -1.42907 0.594638 3.86424 4.09729 -1.17303 0.325225 1.64496 -0.471847 0.398628 -0.0615047 0.998624 31.8543 4.11667 -5.35306 -1.84698 -4.73812 -3.9557 -0.744205 -1.0732 -1.79008 -0.650156 -0.965092 0.192508 -0.0699037 
2.43652 -0.531771 -0.177674 -0.212886 -0.15066 -0.151169 -0.0738962 -0.0466534 -0.0379898 -0.0363535 -0.0147341 0.00865817 0.00898549 1.42822 -3.60031 -4.28657 -0.397938 2.37237 3.41834 -0.97781 0.900346 1.10191 -1.09673 -0.0868849 0.532983 1.02354 40.3994 4.76424 -5.95385 -0.71893 -5.6735 -4.8722 -2.92937 0.533105 -0.261495 -0.587415 -0.0485062 -1.60156 -0.0743122 
2.38291 -0.566698 -0.225492 -0.251172 -0.18036 -0.169442 -0.113268 -0.0872508 -0.0481745 -0.0408845 -0.0465222 -0.0134215 0.0324169 16.1927 -1.59199 -5.63645 -1.1139 0.435185 1.20775 -0.609704 0.68986 0.561029 -1.20588 0.0334861 0.533416 0.552364 35.7868 4.0651 -4.26154 -0.399744 -4.34686 -3.80557 -2.62908 2.33185 0.395809 -0.904493 1.45802 -1.36826 -0.490108 
2.39258 -0.569315 -0.228424 -0.25993 -0.161989 -0.161307 -0.14147 -0.131176 -0.0188878 -0.0502981 -0.0731187 -0.0429586 0.0214901 25.8102 0.688 -5.28999 -0.912767 -1.46765 -1.23072 -1.2695 0.823995 -0.241018 -1.73062 0.839232 0.198708 0.240734 18.9923 2.21126 -0.376834 0.105324 -1.86672 -2.37414 -0.383848 2.01063 0.126971 -0.371704 1.90619 0.210198 -0.526282 
4.63305 -0.489282 -0.896105 -0.274259 -0.339836 -0.214435 -0.397945 0.0192091 0.0156031 -0.0902938 0.0215668 0.000571652 0.101151 27.6528 2.10274 -3.51084 -0.0459825 -2.54062 -2.39019 -1.99049 0.842527 -0.653033 -1.38625 1.03464 0.228624 0.439019 -10.1476 1.29943 7.00011 1.24236 0.502341 -1.27224 2.15595 -0.422519 -1.55084 0.0239524 0.911661 0.933882 -0.622835 
5.5696 -0.472752 -0.821187 -0.280154 -0.361266 -0.233998 -0.277277 0.0994719 0.0492273 -0.160803 -0.0614409 -0.0957827 0.0622701 26.4491 3.63123 -2.1713 0.208584 -3.59724 -2.86745 -2.02545 0.500944 -1.7067 -1.31231 0.576855 0.618356 0.393965 -25.9839 1.87668 8.58241 1.6547 0.00984007 -0.851846 1.26224 -2.43082 -2.93146 0.792823 -0.298494 1.60257 0.0371282 
5.22184 -0.368058 -0.669076 -0.384182 -0.39829 -0.379341 -0.23322 0.0889066 -0.0283838 -0.191492 0.128865 -0.0404183 -0.0298028 23.7899 4.1415 -0.859173 0.234651 -4.52307 -2.78293 -2.0616 0.541561 -2.63125 -1.25688 0.215776 1.18757 0.222972 -20.823 1.44853 4.99278 1.35734 -1.45731 0.576174 -0.5741 -2.37038 -2.81204 0.96253 -2.50304 1.20157 0.746576 
5.16129 -0.386432 -0.577607 -0.247189 -0.377538 -0.421028 -0.293366 0.027088 -0.0587549 -0.160173 0.142431 0.0619123 0.0519039 17.804 3.80388 0.41726 0.481588 -5.1027 -2.27653 -1.71827 0.292183 -3.23675 -0.800462 -0.498308 1.27093 0.187072 -6.21549 0.48592 -0.523598 -0.251901 -2.78571 1.67402 -1.27908 -0.611686 -1.53181 0.656404 -3.04804 -0.0097862 0.264202 
5.0824 -0.247651 -0.384352 -0.105217 -0.440305 -0.406045 -0.329916 -0.030287 -0.188543 -0.163497 0.0245811 0.0414839 0.108933 8.06274 3.13379 2.21832 0.8063 -5.12548 -1.2885 -1.00965 -0.179401 -3.14791 -0.153408 -1.44568 0.724171 -0.394561 6.10577 -1.69649 -4.75828 -1.37923 -2.41499 2.19362 -0.696341 1.46183 0.95615 0.562757 -1.75635 -1.12613 -0.806717 
5.49262 0.0150057 -0.483521 -0.249095 -0.732624 -0.519491 -0.383007 -0.0606964 -0.328459 -0.192235 -0.0584471 0.0798802 0.0676213 5.41726 2.67164 1.04566 1.25015 -5.30091 -0.27154 -1.46533 -0.15998 -2.53001 0.416908 -2.00611 0.380161 -0.41127 2.37183 -3.6754 -3.08503 -0.107763 0.622376 2.67319 1.05748 1.87717 3.12956 0.815485 -0.419449 -2.16404 -1.34433 
5.88277 -0.111957 -0.565736 -0.293397 -0.828848 -0.453974 -0.477508 0.0381241 -0.34474 -0.212209 -0.056057 0.131463 0.0522619 4.75955 2.08988 0.368798 1.35003 -4.54714 0.998087 -1.43591 -0.119226 -1.2729 0.520165 -2.6795 -0.452313 -0.423496 -7.43611 -2.29647 -0.0078311 1.03431 3.15444 1.92975 1.71863 0.288393 3.6289 0.840458 0.689996 -2.11454 -1.01042 
5.97964 -0.175319 -0.611901 -0.21045 -0.874723 -0.401363 -0.434327 0.0375665 -0.328934 -0.15026 -0.114904 0.0682997 0.067565 0.187902 1.51784 0.623498 0.64372 -2.39471 1.70531 -1.13655 -0.367741 -0.0196407 0.460301 -1.88407 -1.29798 -1.21134 -13.9371 -0.340338 2.65837 0.981503 5.30799 1.11799 0.738855 -1.46242 2.89487 0.155718 1.3749 -1.20066 -0.412042 
5.92791 -0.157319 -0.57368 -0.169878 -0.932061 -0.349103 -0.388016 0.0681254 -0.26215 -0.118179 -0.157076 -0.0318797 -0.0464225 -5.96588 0.978336 1.38348 0.208363 0.745128 1.35227 -0.819624 -0.702906 1.57739 -0.161351 -1.10542 -1.30917 -0.936809 -15.9398 1.35302 3.77732 -0.463888 6.53313 -0.553149 -0.320785 -2.40571 1.55212 -1.29367 1.52764 0.195045 0.839977 
5.78509 -0.102376 -0.568826 -0.0996692 -0.940436 -0.322412 -0.420133 0.0527208 -0.233813 -0.104339 -0.199686 -0.0328348 -0.0217454 -11.1239 0.662765 3.42969 -0.145555 2.96799 0.423835 1.17777 -2.22018 2.39527 0.0631399 -0.966254 -1.30497 -0.384682 -11.1182 1.35293 3.55703 -2.69379 5.22114 -2.70869 1.12583 -2.88649 0.480352 -1.49558 1.12126 1.16277 1.24174 
5.39936 -0.0562156 -0.456702 -0.134646 -0.8315 -0.261785 -0.455242 -0.0338965 -0.178394 -0.136479 -0.179481 -0.0428592 -0.00274818 -12.9289 1.52722 4.62473 -1.51214 2.74157 -0.163779 3.63052 -4.1215 1.26672 0.429876 -0.835211 -1.01251 -0.13757 -1.48461 0.188974 2.15047 -3.49796 0.944273 -3.08706 4.27687 -2.79833 -1.42719 -0.150965 0.146565 1.4641 1.19331 
4.81302 -0.0805174 -0.32283 -0.16978 -0.55311 -0.227654 -0.487319 -0.126349 -0.139247 -0.132817 -0.0796647 -0.102132 -0.0978162 -11.3975 1.62003 4.67123 -2.99726 2.20493 -0.256673 4.74033 -5.04404 -0.0667133 0.600559 -0.679015 -0.340872 0.157438 9.19844 -0.299007 -0.23312 -3.10835 -4.52532 -1.61484 6.13465 -2.26752 -3.37422 1.56777 -1.16121 1.2237 1.0106 
4.39097 0.0224683 -0.224286 -0.219683 -0.370904 -0.402689 -0.471269 -0.124552 -0.0430579 -0.297744 -0.152953 -0.0368562 0.0486412 -8.17876 1.18895 3.94299 -3.76018 1.55361 -0.171736 5.08677 -5.19247 -1.23944 0.923947 -0.813166 0.287013 0.489825 15.0174 -1.00258 -2.58632 -1.70443 -6.98274 1.58503 4.02853 -0.821165 -4.33907 2.81253 -1.07369 0.513043 -0.44901 
4.54594 0.00720072 -0.0559656 -0.369912 -0.520031 -0.560681 -0.0499403 -0.386271 -0.0716855 -0.116446 -0.239357 -0.0321622 0.0459383 -4.12374 0.646456 2.92247 -3.87491 0.541928 -0.0105415 4.93419 -4.42346 -2.00358 1.37178 -1.1528 0.602838 0.207524 12.1266 -1.15655 -4.27753 0.794101 -4.16749 3.58997 -2.25692 2.33681 -2.9149 1.41637 -0.419445 0.327924 -0.929848 
4.7373 0.0375995 -0.062701 -0.509404 -0.786884 -0.372327 0.200255 -0.533266 -0.354183 -0.033199 -0.203587 -0.026506 0.00557523 0.103121 0.241127 1.5489 -3.16532 -0.831983 0.156882 4.2264 -3.1291 -2.47507 1.8196 -1.58145 0.86441 -0.0198235 4.69281 -1.15726 -3.54401 2.8875 0.771532 2.12036 -6.8009 4.54655 0.713396 -0.299861 -0.137131 0.203321 -0.907506 
4.89489 0.0090403 -0.141863 -0.54874 -0.757724 -0.293752 0.128462 -0.53024 -0.391485 -0.0174863 -0.236571 -0.0227857 0.0212371 3.12789 -0.0299359 0.43855 -2.16245 -2.04084 0.532891 3.08448 -1.79604 -2.55694 2.06939 -1.76063 0.934801 -0.127889 -1.91684 -0.63658 -1.41249 3.56031 2.85281 -0.376629 -6.33303 4.48482 2.71267 -1.09504 0.183485 0.0425207 -0.691062 
4.94867 -0.0124811 -0.171871 -0.535707 -0.711269 -0.275004 0.0351362 -0.478107 -0.382753 -0.0080648 -0.280727 0.00666767 0.00369651 3.59815 -0.532571 -0.0156058 -0.999121 -2.24535 1.15016 1.56257 -0.73092 -2.11511 2.1789 -1.25117 0.741304 -0.831092 -4.26364 0.0144734 0.691129 2.68169 1.57972 -2.05312 -2.51188 2.42827 2.86018 -1.05154 0.364468 -0.0649979 -0.0842508 
4.96466 -0.0221247 -0.182711 -0.505691 -0.688825 -0.289674 -0.0301412 -0.415862 -0.377538 0.0184951 -0.32084 0.0384689 -0.0234581 1.57324 -0.413611 -0.196824 0.366242 -1.58585 0.964597 -0.275856 0.639542 -0.969715 1.26367 -0.699243 0.729077 -0.90598 -3.45901 0.286375 1.802 1.22144 -1.04014 -1.75201 1.56116 -0.287393 1.60297 -0.280585 0.966173 -0.379524 -0.0753866 
4.94532 -0.0227136 -0.1793 -0.471325 -0.708104 -0.306624 -0.0393295 -0.386267 -0.368647 0.035358 -0.330771 0.0436868 -0.034825 -0.411564 -0.203902 0.436188 1.10114 -1.2008 -0.15252 -0.433185 1.00837 0.282903 0.91752 -0.389947 0.655842 -0.835033 -2.41205 0.585918 1.55304 0.08891 -2.14012 -0.451785 2.73571 -1.40138 0.256149 -0.207643 1.42877 -0.383163 -0.070814 
4.91702 -0.0269321 -0.156267 -0.447195 -0.744928 -0.326314 -0.0087738 -0.378067 -0.374223 0.0609497 -0.326432 0.0275522 -0.032021 -1.96887 0.305164 1.019 1.23435 -1.70379 -0.679041 0.528927 0.872657 0.277473 0.753075 0.0896942 0.595903 -0.827489 -1.81289 0.829969 0.68496 -0.344127 -1.15059 -0.0336002 1.71024 -0.94204 -0.122839 -0.4487 1.12249 -0.0951978 0.0746762 
4.89074 -0.0471271 -0.08445 -0.441303 -0.820183 -0.324794 0.0479418 -0.415529 -0.341187 0.0706611 -0.315781 0.053274 -0.0692884 -2.81968 0.72705 1.00116 1.32124 -1.74593 -0.924229 0.991085 0.741009 0.400488 0.438706 0.350351 0.508444 -0.592215 -1.45465 1.05711 -0.481148 -0.168281 0.561335 -0.224727 0.0855372 0.256339 -0.225745 -0.6469 0.360274 0.0862605 0.400861 
4.81394 -0.0121128 -0.0798006 -0.396296 -0.898708 -0.330995 0.0825648 -0.413734 -0.336019 0.0715022 -0.27258 0.0558484 -0.0881496 -0.169489 0.266955 -0.120161 1.0234 -0.728427 -1.06955 -0.939029 2.47373 1.62688 -0.524586 1.53045 0.197604 -0.226688 2.38262 0.0274369 -2.05064 -0.258894 2.63202 -0.516172 -3.07903 2.78034 1.09356 -1.30196 0.589971 -0.0997461 0.763675 
4.736 0.0210138 -0.0505226 -0.410278 -0.912863 -0.348469 0.114637 -0.409291 -0.346669 0.079463 -0.255142 0.0579051 -0.0825099 4.20775 -0.559604 -1.33232 0.707288 -0.025701 -1.32924 -2.08287 4.10088 2.29241 -1.17773 2.4674 0.962335 -0.156173 8.54061 -1.72713 -3.33128 -0.301727 3.1408 -0.675568 -4.8201 4.69341 2.34575 -1.77443 1.53601 0.470313 0.65602 
4.65118 0.0613077 -0.0532931 -0.396426 -0.899515 -0.38321 0.122897 -0.357436 -0.376804 0.0698072 -0.261214 0.0766754 -0.0800187 8.26903 -1.47626 -2.41375 0.365399 0.549475 -1.41807 -2.42227 4.98399 2.58587 -1.65374 2.76708 1.87358 -0.17859 13.027 -3.23981 -3.34804 -0.6474 2.03578 -0.400616 -3.66127 4.24288 2.46712 -1.5697 2.0059 1.47344 0.135344 
4.60929 0.0811386 -0.102149 -0.330594 -0.848908 -0.413815 0.0683107 -0.316245 -0.303721 0.0384369 -0.289137 0.0909407 -0.0640622 11.0015 -2.1347 -3.15696 0.0249922 0.638828 -0.956412 -2.48457 5.2333 2.36704 -1.53411 2.75822 2.01396 0.198148 11.4252 -3.1215 -1.7292 -1.0939 -0.465815 0.594876 0.0634045 1.2569 0.469509 -0.223583 1.2624 1.81752 -0.208566 
5.34591 -0.0944302 -0.330584 -0.388529 -0.664864 -0.4423 -0.428138 0.138179 -0.0168511 -0.12159 -0.0172213 0.0267102 -0.0308981 12.5201 -2.69894 -3.3151 -0.327925 0.469959 -0.530379 -2.12588 4.93912 1.7787 -1.12368 2.68113 1.77225 0.392956 1.53826 -0.780879 1.04289 -0.729095 -2.90766 1.48757 5.12408 -3.72454 -3.08024 1.92247 -1.22422 0.913334 -0.152515 
5.85701 -0.194479 -0.379421 -0.393824 -0.760012 -0.49438 -0.265793 0.188051 -0.0721089 -0.105633 0.0380072 0.260862 -0.0793563 12.6836 -3.02586 -3.05738 -0.445071 -0.00701427 -0.243563 -1.37171 4.19158 0.993521 -0.621803 2.65796 1.27286 0.411886 -7.77667 1.33303 2.64145 -0.320387 -2.6349 1.70371 5.12521 -5.38503 -4.13612 2.64316 -2.26629 -1.94805 0.400892 
6.02527 -0.259356 -0.40018 -0.415259 -0.785598 -0.481652 -0.112107 0.116027 -0.0998854 -0.113462 -0.0191835 0.346566 -0.102355 11.2009 -2.93419 -2.26326 -0.580734 -0.613479 -0.000143468 -0.223968 2.81633 0.103082 0.119989 2.29842 0.746322 0.376228 -11.0686 2.22491 2.76011 0.260976 -1.20357 0.784455 2.38927 -3.91881 -3.13226 2.20791 -1.62609 -3.45705 0.563373 
5.99843 -0.248689 -0.399634 -0.431034 -0.880397 -0.363177 -0.0992229 0.0729009 -0.153794 -0.0337448 -0.0238473 0.249738 -0.0229542 7.94127 -2.31586 -1.12678 -0.549185 -1.34451 0.302444 1.10637 1.06922 -1.00163 1.00319 1.54291 0.115365 0.424563 -8.25244 1.62375 1.84149 0.651891 0.50471 -0.607084 -0.354298 -1.52119 -0.760481 0.838961 -0.609286 -2.60074 0.0866966 
5.99817 -0.255335 -0.40398 -0.437486 -0.884751 -0.383197 -0.087482 0.096596 -0.232362 0.00313942 0.0214315 0.177609 -0.0195855 3.03919 -1.27251 0.197956 -0.207668 -1.78268 0.374404 2.56966 -1.08024 -1.84959 1.80341 0.234083 -0.399815 0.418246 -3.2734 0.592585 0.874573 0.538219 1.067 -0.987851 -1.55556 -0.0763951 1.30732 -0.181527 -0.180686 -0.576792 -0.25878 
6.03225 -0.291825 -0.385711 -0.433848 -0.879762 -0.424851 -0.0657476 0.109044 -0.260825 0.00807196 0.0652106 0.141058 -0.027553 0.406672 -0.736468 0.606827 0.0299042 -1.26578 0.345014 1.59642 -1.17096 -1.39407 1.7064 0.0619286 -1.43533 0.586538 -1.01515 0.314818 0.496684 0.473856 0.416047 -0.510336 -0.411314 -0.454618 1.45399 -0.31437 -0.806425 1.14209 -0.348192 
6.02271 -0.298511 -0.364684 -0.430389 -0.889705 -0.437322 -0.0445214 0.07726 -0.255029 0.0422414 0.0437668 0.153 -0.0331005 -0.412043 -0.452338 0.733269 0.266601 -0.890269 -0.0330955 0.985376 -0.705377 -1.10897 1.38421 0.29901 -1.51733 0.415237 -0.590107 0.308103 0.0990918 0.299144 0.191442 0.083625 0.0156347 -0.259467 0.873629 -0.607216 -0.710374 0.9122 -0.181141 
6.00617 -0.297098 -0.354174 -0.410927 -0.931742 -0.401317 -0.0489876 0.0411101 -0.248019 0.0803574 0.0270948 0.127206 -0.00286386 -0.553219 -0.349197 0.639333 0.370972 -0.393146 -0.457377 0.948776 -0.386476 -0.691537 0.667261 0.194012 -1.01063 0.0272161 -0.572487 0.399534 -0.307432 0.0606979 0.381339 0.11566 -0.0825272 0.658865 0.0948598 -1.01673 0.0083059 0.135948 -0.179734 
5.98666 -0.305232 -0.321258 -0.419351 -0.929842 -0.425244 0.00951095 -0.0113264 -0.242987 0.101465 -0.00425596 0.150952 -0.0171836 -0.692286 -0.122618 0.355188 0.308172 -0.111804 -0.43725 0.893342 -0.0962332 -0.207917 0.156551 -0.253265 -0.561958 -0.176879 -0.203997 0.395229 -0.814131 -0.123418 0.803859 -0.255515 -0.361097 1.62428 -0.169057 -1.40046 0.400417 -0.17073 -0.439736 
5.97762 -0.30919 -0.319459 -0.395107 -0.941364 -0.417832 0.00624093 0.0115571 -0.260521 0.0929458 0.0112388 0.11616 -0.0032668 -0.794033 0.238861 -0.145408 0.0169837 0.340516 -0.516899 0.631658 0.494413 0.334155 -0.306566 -0.784412 -0.0986952 -0.377183 0.165417 0.444464 -1.09055 -0.555623 1.15131 -0.58599 -0.443671 1.70317 0.565504 -1.30414 -0.297525 0.486794 -0.685803 
5.95013 -0.300798 -0.326239 -0.390352 -0.9269 -0.433795 0.00245214 0.0566352 -0.294972 0.0703389 0.0516269 0.0842085 -0.0206848 -1.31982 0.706592 -0.741546 -0.337778 1.00861 -0.643204 -0.206773 1.14331 0.897458 -0.743744 -1.21111 0.130329 -0.37131 -0.235657 0.750006 -1.21352 -0.892247 1.25385 -0.432445 -1.05872 1.08424 1.62793 -0.671039 -1.5166 1.16797 -0.348096 
5.93247 -0.291529 -0.34209 -0.395772 -0.906237 -0.446102 0.0210182 0.0771426 -0.282884 0.0254282 0.0410007 0.0800933 -0.031448 -4.06897 1.48694 -1.28735 -0.435405 1.82506 -0.510224 -1.59952 0.619738 1.7193 -0.482886 -1.65257 -0.178396 0.222828 -3.23534 1.34778 -1.09967 -0.675397 1.30394 0.193211 -2.44047 -0.590806 2.25026 0.620307 -1.93758 0.578906 0.827405 
5.94335 -0.282045 -0.375801 -0.412974 -0.871843 -0.474206 0.0334852 0.114164 -0.2447 0.0120641 -0.0236934 0.12 -0.066991 -7.86844 2.07533 -1.46605 -0.683992 2.40253 -0.141356 -3.08468 -0.450189 1.97758 0.33629 -1.61994 -0.462503 0.788865 -7.81651 1.6194 -0.408653 -0.323406 1.21824 0.884101 -3.54349 -2.7467 1.49283 1.99249 -0.833705 -0.678573 1.88914 
5.93924 -0.248352 -0.418522 -0.457491 -0.821517 -0.501882 0.000423749 0.169962 -0.154604 -0.0106905 -0.101221 0.181376 -0.0812635 -11.6481 2.68793 -1.00861 -0.471277 3.23958 0.668292 -3.78334 -1.60771 2.04222 0.715175 -1.38516 -0.771433 0.767096 -10.9363 1.44627 0.826762 0.613298 1.16808 1.86442 -3.10322 -3.98837 -0.288577 2.27675 1.15488 -2.02647 1.68401 
5.7759 -0.174431 -0.468881 -0.482933 -0.758001 -0.49115 -0.148955 0.187305 -0.0942781 -0.0138289 -0.160496 0.169447 -0.0351792 -15.195 3.07426 -0.180014 0.1364 4.38215 1.13234 -4.1366 -2.52379 2.02545 0.890875 -1.20001 -1.3139 0.732591 -9.94687 0.641677 2.24086 1.48624 1.57992 1.80808 -0.677279 -3.34743 -1.67845 1.17462 2.36108 -2.15324 0.0560759 
5.16789 -0.0585715 -0.503372 -0.435245 -0.678045 -0.427315 -0.334869 -0.0465142 0.00474982 0.112493 -0.193807 0.0271796 0.116915 -18.3359 3.23537 1.24793 1.08231 4.84044 1.43849 -3.86688 -3.05232 1.6771 0.597752 -0.929834 -1.80027 0.877208 -4.34553 -0.433303 3.44134 2.02135 1.43868 0.787784 2.44655 -0.388453 -2.0884 -1.37512 1.87186 -0.78503 -1.71282 
4.71228 -0.0483424 -0.459407 -0.498525 -0.632327 -0.410848 -0.424975 -0.16886 -0.0799612 0.22199 -0.113839 0.0341211 0.109598 -20.3538 3.06923 2.92599 2.01341 4.90531 1.20934 -3.14783 -3.15103 1.32435 -0.117044 -0.616404 -2.06207 0.602179 1.04358 -0.914022 3.69255 2.41963 0.71045 -0.812633 3.96522 2.22137 -0.737791 -3.38971 -0.037705 0.382289 -2.03215 
4.41813 0.0300673 -0.367826 -0.39457 -0.494956 -0.273127 -0.39547 -0.177705 -0.0926463 0.120942 -0.0593469 -0.0250379 0.00866093 -20.7517 2.51021 4.74479 2.56253 3.88928 0.799726 -1.25579 -2.76869 0.540078 -0.764113 -0.411275 -2.07962 0.237147 3.657 -1.33647 3.23859 1.30234 -1.67246 -2.40982 3.96262 3.00242 0.138516 -2.98081 -1.49607 1.22696 -0.767735 
4.0955 0.0622732 -0.288925 -0.319939 -0.295449 -0.330763 -0.406279 -0.187545 -0.0534962 0.0856635 -0.104895 -0.0839306 -0.0054577 -18.5513 1.79012 5.57381 2.09896 3.11015 0.713457 0.896243 -1.97221 -0.609808 -2.00094 0.0206546 -1.41368 -0.597242 4.7416 -1.32914 1.69396 -0.830458 -3.70293 -1.67352 3.26493 2.09663 -0.633411 -1.84312 -0.92334 1.52509 0.0215165 
3.76085 0.0883437 -0.122982 -0.222532 -0.323122 -0.328516 -0.348927 -0.19678 -0.041571 -0.00510443 -0.163158 -0.0799875 0.0605476 -14.0164 0.970042 4.77136 0.971423 2.36264 0.870816 2.75632 -1.02777 -1.75419 -2.77225 0.208136 -0.665995 -1.14453 6.08518 -1.27047 -1.58544 -3.25478 -3.27351 0.265532 2.41989 0.270181 -2.16785 0.0666518 0.702998 1.10887 -0.0307525 
3.51633 0.0922277 0.0101779 -0.177505 -0.29636 -0.420637 -0.347646 -0.178313 0.00557158 -0.0732448 -0.192757 -0.0597508 -0.0106019 -9.59166 0.214602 2.53871 -0.426402 1.3442 1.08649 3.77685 -0.9753 -2.03594 -2.22968 0.0865617 -0.100155 -0.568079 8.48324 -1.3865 -5.39922 -4.81404 -1.80233 2.30761 1.81135 -0.996741 -3.12145 1.79136 1.86628 0.98084 0.213611 
3.30371 0.0780936 0.175566 -0.196931 -0.45711 -0.424255 -0.162149 -0.168192 -0.0779279 -0.0642763 -0.197404 -0.0835352 0.0165378 -5.63297 -0.968565 -0.363794 -2.38994 -0.825149 0.705475 4.52782 -0.917651 -1.735 -0.364926 0.5091 0.506159 0.0211472 9.72963 -1.58552 -8.30082 -4.3674 -0.632898 2.21394 0.716841 -1.04901 -0.979988 3.20275 1.78582 0.769232 0.499528 
3.29849 0.085746 0.119366 -0.340448 -0.357106 -0.296338 -0.104734 -0.204994 -0.240257 -0.202357 -0.0872222 -0.0402639 -0.0620789 -0.863394 -2.45345 -2.83782 -3.3824 -3.4215 1.30715 3.14913 -0.0516914 -0.772727 0.0752375 1.68724 0.845331 0.153328 8.80272 -2.5214 -7.41883 -1.90432 -2.69871 0.212729 -1.8278 0.59007 3.01421 3.53978 1.00938 0.387896 1.28297 
3.42613 0.0518708 -0.0910836 -0.445375 -0.312497 -0.19746 -0.0172892 -0.28342 -0.335703 -0.129972 -0.0707413 -0.0603266 -0.043112 7.16842 -4.97359 -4.82206 -3.40209 -3.13812 1.87082 1.84277 0.720118 -0.204484 0.129052 2.28349 0.949172 0.173819 10.0667 -4.25576 -3.11375 1.34835 -3.40815 -1.06329 -3.99109 2.69452 5.0356 0.991332 0.569587 0.293314 1.01693 
3.57116 -0.0202186 -0.311069 -0.563168 -0.368796 -0.189253 0.0381346 -0.331821 -0.304184 0.0115603 -0.0839275 0.0146025 0.0457208 13.7228 -5.93274 -4.65822 -2.48061 -2.91013 1.93714 0.0845768 1.28428 0.189323 -0.0716651 2.31853 0.62257 0.770255 11.8553 -4.08037 2.81222 4.05712 -1.37952 -1.22309 -5.28856 3.49775 3.5513 -2.43812 0.243659 -0.565787 0.0820515 
3.62497 -0.130348 -0.485412 -0.657476 -0.636359 -0.299493 0.176626 -0.24892 -0.129857 0.18 -0.0203896 0.0129 0.0402629 18.6108 -4.52192 -4.5888 -1.02192 -2.98964 0.711872 -1.9634 2.25892 1.69578 -0.155568 1.39955 0.987164 1.06587 12.1072 0.00836287 5.93646 4.94261 1.92236 -0.869223 -4.84111 2.38922 0.33621 -4.02033 -1.18658 -0.472225 -0.00907679 
3.92355 -0.324291 -0.49927 -0.58439 -0.915831 -0.198134 -0.242266 -0.055802 0.0388581 -0.0603337 0.123759 0.0147577 0.034839 21.1393 -2.85362 -3.97332 0.486523 -3.58191 -0.432 -2.84824 3.37908 2.80286 -0.198079 0.054515 1.41217 1.15466 7.29296 5.7571 4.18361 3.21325 3.90934 -1.46191 -0.999528 0.36625 -1.80744 -1.76467 -3.11736 0.484808 -0.107285 
5.01874 -0.711953 -0.508313 -0.481938 -0.550502 -0.11684 -0.172374 -0.0365635 -0.0757105 -0.158142 0.080998 0.0394899 0.0311092 21.4941 -1.00782 -3.05082 1.2626 -3.36991 -0.786037 -2.91184 4.27171 2.87907 -0.928186 -0.887511 1.5559 0.616189 -3.48475 9.73539 0.149988 0.388811 0.81355 -1.83454 1.74576 -0.247938 -0.969118 1.25518 -3.65728 1.07446 -0.263677 
5.29852 -0.547848 -0.233567 -0.408907 -0.59352 -0.190507 -0.298546 -0.0391872 -0.13978 -0.169266 0.0599943 -0.0421946 0.101731 20.1941 0.813954 -2.53071 1.27901 -2.05234 -0.733963 -2.16011 4.21784 2.33794 -1.36171 -1.70546 1.34186 -0.166725 -9.91488 6.9703 -3.85409 -2.2117 -0.774788 -0.802039 4.05516 -0.170594 0.445078 2.44765 -2.59021 1.27022 -1.19816 
5.57198 -0.119261 -0.451268 -0.377479 -0.771449 -0.363751 -0.359999 0.0797504 0.0549014 -0.0959278 -0.0857194 0.114757 0.125759 17.0816 2.45281 -2.52958 0.675166 -0.203296 -0.593343 -1.01936 3.23605 1.46601 -0.862186 -2.60097 1.31035 -0.60383 -11.76 0.281313 -3.07568 -3.25027 0.327957 1.09203 4.26633 -0.802568 0.0221526 1.66686 -0.193806 -0.418423 -1.94017 
5.76181 -0.090094 -0.636851 -0.390754 -0.817473 -0.324657 -0.304171 0.16799 0.0717667 -0.102461 -0.159668 0.203218 0.0742173 11.722 3.64126 -2.85853 -0.589559 0.989134 -0.92436 0.778973 2.09545 0.916783 0.76377 -3.05776 1.05957 -0.97936 -9.40947 -3.83018 0.0601001 -2.63877 2.77399 1.74227 1.88904 -1.89653 -0.890863 0.597855 1.43348 -1.80094 -1.46933 
5.83941 -0.0973309 -0.69295 -0.442904 -0.8315 -0.262195 -0.206139 0.241161 0.0543818 -0.111306 -0.187208 0.150495 0.0300919 5.46528 3.89287 -2.92108 -1.73486 0.853024 -0.713593 0.802626 1.46768 0.946978 1.65433 -2.75981 0.592997 -1.19904 -5.81619 -4.21345 2.55745 -1.39291 4.49966 0.897799 -0.140463 -2.86461 -1.73831 0.918981 1.40287 -1.84866 -0.2285 
5.90142 -0.106765 -0.733562 -0.527276 -0.729466 -0.275728 -0.13696 0.214104 0.0930143 -0.104879 -0.201785 0.133824 -0.0316837 2.36667 2.17863 -2.75877 -2.49831 1.96674 0.0859846 1.14804 0.60159 0.318034 2.15225 -2.27024 -0.0146347 -1.3462 -4.96232 -1.42297 3.487 -0.252218 2.35242 0.0145178 -2.00248 -2.3631 -1.70883 1.48864 0.849635 -1.43223 1.08593 
5.8858 -0.102041 -0.748949 -0.555575 -0.630469 -0.283418 -0.138904 0.167006 0.0780955 -0.0422571 -0.237455 0.134331 -0.0534156 -1.08859 0.996145 -0.82366 -2.7387 2.72934 0.596485 1.10145 -0.955484 -0.907688 2.59118 -1.40504 -1.26802 -1.00938 -4.51419 1.00122 2.35231 0.271513 -0.573466 -0.249678 -1.76419 -1.50841 -1.07342 1.49496 0.434786 -0.828487 1.52113 
5.83545 -0.0974338 -0.723007 -0.601011 -0.525585 -0.287068 -0.191884 0.148384 0.0364323 0.015346 -0.24558 0.111575 -0.0559836 -4.81257 1.32164 0.79933 -1.90794 2.82616 -0.127542 0.829182 -2.71204 -1.74626 3.17335 -0.685225 -1.47109 -0.207126 -5.37676 1.38371 1.67918 1.18841 -2.19722 -0.303531 -0.0497193 -1.83086 -1.22511 0.856298 0.782499 -0.370698 1.41155 
5.79055 -0.0809879 -0.698485 -0.648397 -0.480688 -0.275215 -0.204064 0.134522 0.0119661 0.0907494 -0.293375 0.0799732 -0.0343037 -8.01432 1.35344 2.68427 -0.492925 2.41247 -1.22885 0.19533 -4.00335 -2.14604 4.07006 -0.408738 -1.31997 0.178126 -6.51536 0.754959 2.41306 2.53109 -2.20406 -1.35888 0.852059 -2.55511 -1.10217 0.645872 1.18393 0.00785787 0.749915 
5.67784 -0.0270475 -0.68077 -0.696999 -0.516108 -0.248901 -0.201439 0.0984735 -0.0163309 0.152622 -0.296305 0.0300971 -0.0287946 -10.294 1.39844 4.20619 0.886659 1.24612 -1.87629 0.011802 -4.36573 -2.17492 4.06181 -0.28246 -1.32805 0.601537 -5.78878 -0.371771 3.22813 3.56545 -1.26431 -2.44736 0.646696 -2.31358 -0.269536 0.206293 0.851062 0.593264 0.192839 
5.40373 0.0719865 -0.624115 -0.711289 -0.541515 -0.262102 -0.148991 -0.0372337 -0.0705941 0.229471 -0.270468 -0.0315833 -0.0110535 -11.8279 1.53108 5.22605 1.71075 0.161322 -2.27271 0.445494 -4.24964 -2.16717 2.98746 0.368131 -0.805626 0.0897206 -2.8104 -1.15383 3.07597 3.15346 -0.760639 -2.15987 -0.0508208 -0.196216 0.555535 -1.16643 0.472118 1.30255 -0.827806 
5.02103 0.0682057 -0.527657 -0.558382 -0.472545 -0.372077 -0.0912072 -0.235288 -0.19986 0.273292 -0.207289 0.0374565 0.0470722 -13.2081 1.5021 6.19703 2.3267 -0.772804 -2.12284 0.76962 -4.18107 -1.68927 1.77714 0.894086 -0.306431 -0.458036 0.553568 -0.781034 1.93186 0.789304 -1.2381 0.0138956 -0.4399 2.26942 1.63877 -2.84306 0.276857 1.08437 -1.76432 
4.77657 0.00519202 -0.249289 -0.440952 -0.46792 -0.517346 -0.184189 -0.308036 -0.174938 0.452399 -0.256077 -0.00389412 -0.0124219 -13.6204 0.316165 6.71945 2.73631 -0.363456 -1.83094 0.369001 -2.94349 -1.41627 -0.12668 1.26993 -0.456247 -0.287651 2.21474 -0.760622 -0.404221 -1.38284 -0.64439 2.46483 -0.196462 3.85517 1.37467 -4.89767 0.660925 0.353717 -0.972235 
4.66376 0.0413576 -0.173029 -0.397171 -0.551161 -0.530129 -0.164152 -0.286271 -0.122155 0.375927 -0.283306 -0.0295708 0.030615 -11.4419 -1.31258 4.48855 2.47232 0.532182 -1.06596 0.342644 -1.00112 -1.00907 -2.47944 0.949043 -0.201241 0.00111066 3.38747 -2.03835 -3.7888 -2.32564 1.25424 3.43543 -0.0669451 4.11988 0.485383 -5.25124 0.453483 -0.308891 0.358221 
4.4788 0.109732 -0.117796 -0.419145 -0.588232 -0.517442 -0.0858246 -0.264693 -0.205423 0.22318 -0.158031 0.0788778 -0.125842 -10.4688 -1.95137 2.4806 0.913142 0.283558 -0.181982 0.939949 0.884385 -0.654249 -3.71963 1.4448 -0.324692 0.265763 2.8133 -2.82912 -5.98659 -2.6325 2.05843 2.5559 0.503798 3.32757 0.00248609 -3.14656 0.0735333 -1.2311 2.31667 
4.18107 0.117547 0.0431553 -0.408773 -0.639 -0.431683 -0.0980021 -0.337398 -0.143845 0.192923 -0.133664 0.0587003 -0.131202 -9.49029 -2.43247 0.0395547 -0.676155 -0.17052 1.20664 1.18282 2.43372 0.0191577 -4.4748 1.26404 -0.759097 0.578297 2.03092 -2.48302 -6.9032 -2.44721 1.24798 1.00628 1.10206 2.43435 -0.152627 -0.496845 -0.324867 -0.982417 2.49864 
4.05981 -0.122553 0.0966152 -0.366864 -0.43637 -0.42868 -0.202738 -0.147971 -0.198478 0.00634026 -0.135087 -0.0940146 0.0320973 -3.80272 -3.94217 -2.26062 -1.21885 0.552832 2.03951 0.921835 2.93527 0.160489 -3.83956 1.90299 -0.10688 0.593061 5.62499 -1.2174 -4.91514 -1.77278 -0.819496 0.131112 0.763373 0.358948 0.767355 3.41881 0.132115 0.656474 0.133637 
4.31973 -0.260093 -0.417461 -0.417494 -0.348615 -0.360629 -0.0966606 -0.0285353 -0.193072 -0.202401 -0.221904 -0.00470445 0.0566118 1.94763 -5.24959 -2.51004 -1.57414 1.63528 1.91813 0.423868 2.98889 0.110117 -2.20677 1.8134 0.389848 0.149355 10.0387 -0.534166 0.833883 -0.422395 -1.02973 -0.427146 -0.784444 -1.24665 0.914523 5.52991 0.808023 1.67437 -1.9991 
3.79156 -0.124806 -0.31361 -0.622813 -0.557387 -0.385127 0.0828238 -0.0384526 -0.222055 -0.0748858 0.0037884 -0.0581429 0.0664269 5.47472 -6.69606 -1.38634 -1.27524 1.737 1.65613 0.0155845 3.17063 0.46823 -0.404387 1.12556 0.510088 0.5295 13.8445 -2.19494 4.8453 1.77601 0.90979 -0.509819 -2.46265 -1.30648 0.595377 4.62219 -0.297943 2.29622 -2.59669 
3.66397 -0.233618 -0.400914 -0.593933 -0.587313 -0.27652 -0.000278483 0.0129067 -0.12601 -0.10657 -0.122615 -0.0808411 0.0800265 7.13512 -6.96433 -0.507587 -0.730592 1.01285 0.978552 0.0391225 2.21965 0.28098 0.523465 1.44666 0.899016 0.290911 9.20772 -2.36827 6.61381 2.53143 1.20309 -1.19782 -1.88029 -1.57522 -0.317751 2.32929 -0.27695 1.18687 -1.01379 
4.88468 -0.562441 -0.430468 -0.494077 -0.390617 -0.281597 -0.161295 0.011063 -0.111301 0.102246 0.0403017 0.0922001 -0.0443031 7.50867 -5.75569 0.28951 -0.0893498 -0.157251 0.768253 0.44153 1.23388 0.681694 1.00818 1.07389 1.01556 -0.252055 -4.28554 0.341715 3.82912 1.85947 -0.779665 -1.17411 0.638298 -0.874353 -0.625882 -1.79916 -1.34153 -1.25607 1.37871 
5.17187 -0.590764 -0.241443 -0.57794 -0.286141 -0.315949 -0.121835 0.0516014 -0.16824 0.0849883 -0.0189481 0.118702 -0.107397 6.44332 -4.40138 2.19229 1.13975 -0.488798 0.132803 -0.174508 0.440364 0.935155 0.869809 0.301373 0.418894 -0.18525 -12.0202 3.76252 -1.0932 1.44248 -3.02484 -0.796324 1.98787 -1.16481 0.206768 -3.52375 -1.51694 -2.21907 2.05141 
4.85588 -0.819726 0.00847289 -0.503362 -0.381828 -0.284779 -0.108871 0.146336 -0.130423 0.131124 -0.0751943 0.0873252 0.021026 5.73461 -3.18675 1.31964 2.40007 -0.203951 0.11761 -0.405977 -0.0257987 0.17188 -0.0883341 -0.583967 0.554074 -0.121054 -11.1095 6.72333 -4.13841 0.838242 -2.78654 -0.306856 1.55711 -1.63441 -0.141557 -2.89376 -0.927841 -1.6732 0.642221 
4.66844 -0.825912 -0.0764288 -0.441008 -0.499624 -0.343193 -0.085005 -0.0556623 -0.164746 0.0422236 0.0724744 0.0481605 0.0595164 2.81164 0.161351 1.58845 3.104 -1.38252 -0.59274 -0.0730718 -1.241 -0.658786 -0.626797 -0.926226 0.0903425 -0.402464 -3.32644 6.82872 -3.29477 1.33276 -0.88624 0.098412 -0.521614 -1.2137 -0.710066 -0.906426 -1.73709 -0.192936 -1.26776 
4.76631 -0.700364 -0.28769 -0.435289 -0.525499 -0.290011 0.0251392 0.0787751 -0.0845578 -0.0759787 -0.0738227 -0.0023927 0.0364614 0.275175 4.06468 0.227451 3.00377 -2.59517 -1.44846 -0.165236 -1.14407 -0.570909 -1.77303 -1.01313 -0.193907 -0.766886 5.11677 5.5871 -0.779952 1.06218 0.440789 -1.13702 -2.36931 -1.0238 -1.4963 0.984254 0.145565 1.48178 -2.60097 
4.70447 -0.568301 -0.160805 -0.347339 -0.540773 -0.364634 -0.067767 -0.00589884 -0.0382579 -0.0657454 -0.157023 -0.00507565 0.0266963 2.19619 6.30535 -2.10193 3.11824 -2.43014 -1.87262 -1.19814 -0.978889 0.2524 -1.92768 -0.671437 0.314111 -0.80498 7.58635 4.10492 -0.591528 -0.32651 0.706158 -1.68991 -2.29518 0.522835 -0.467719 0.717812 1.24319 1.73 -1.76945 
4.62989 -0.542731 -0.276423 -0.271367 -0.522468 -0.278621 -0.0704786 -0.0378383 -0.259144 -0.0277844 -0.0821902 0.0884834 -0.00594953 3.14772 8.02459 -3.12915 2.22572 -1.02988 -1.87002 -2.11931 -1.06039 0.755702 -1.37056 -0.819686 0.482424 -0.768598 4.49414 2.01462 -0.971384 -1.83167 1.12054 -1.49508 -1.95145 1.44551 2.45121 0.392213 1.0545 0.530047 0.672133 
4.81407 -0.249134 -0.085615 -0.117284 -0.670821 -0.401286 -0.147195 -0.215028 -0.256282 -0.0386042 -0.193608 0.0288505 -0.12026 1.76345 7.89085 -1.70921 1.22721 -0.174111 -1.95191 -2.02195 -1.04714 0.262784 1.06414 -0.926818 -0.113828 -0.349979 -2.56095 -1.11998 -1.42832 -3.33807 2.28291 -0.000149637 -0.0647249 1.17214 2.3744 1.98459 0.871808 -1.0356 2.80419 
5.32581 -0.0053943 -0.326935 -0.228042 -0.670293 -0.577427 -0.207089 0.00466477 -0.155258 -0.14187 -0.0211143 0.123842 -0.204684 -0.145206 6.71916 -0.505184 0.406942 0.127999 -1.79089 -1.81751 -1.64905 -0.460315 2.9949 -0.180389 -0.655274 0.463261 -9.81496 -3.92708 1.58102 -2.696 2.18785 2.0766 1.85597 -0.814606 -0.123705 4.57989 -0.82169 -2.72124 3.50282 
5.32976 0.0470269 -0.513593 -0.207714 -0.592486 -0.538419 -0.292708 0.0219687 0.0029009 -0.163821 -0.0922345 0.156778 -0.0388681 -1.45011 5.14933 -0.0416825 -0.54357 0.249444 -1.13289 -1.0233 -1.43459 -0.773567 4.0501 0.13558 -1.31695 1.11348 -10.4052 -4.94141 4.82326 -1.38704 0.485781 2.24538 2.76568 -2.17935 -3.37737 5.47211 -0.407486 -2.8527 1.68197 
4.83967 0.104442 -0.445118 -0.283041 -0.464742 -0.452993 -0.346949 -0.0876471 0.0226236 -0.0308221 -0.173792 0.0548688 0.0599769 -2.94448 3.45856 0.989159 -1.21846 0.444499 -0.632122 -0.746911 -1.20984 -0.805467 4.80472 0.139142 -1.94626 1.53951 -3.44256 -4.36497 4.22193 0.195056 -1.41365 1.50328 2.19481 -1.10961 -4.26609 2.94291 0.765048 -1.12291 -0.635353 
4.56766 0.101197 -0.196638 -0.329037 -0.525906 -0.547341 -0.164803 -0.217191 -0.225987 0.351951 -0.131916 -0.113009 0.036851 -4.6226 1.20655 1.40294 -1.61432 0.911403 0.511238 -0.450421 -1.15452 -1.56182 5.29924 0.453615 -1.86785 1.60499 3.96121 -2.4147 1.18777 0.947435 -1.48186 0.884863 -0.426298 0.741266 -1.21379 -1.84944 0.929238 1.15378 -1.94279 
4.5988 0.0796767 -0.19577 -0.318836 -0.553096 -0.479234 -0.181847 -0.209362 -0.26452 0.392297 -0.117292 -0.100435 0.0913495 -5.21024 -0.236824 2.59462 -1.24356 0.64038 1.27184 -0.230314 -1.88367 -2.4979 5.40684 0.318746 -1.83563 1.13324 6.50403 -1.00558 -1.67204 0.420549 -0.217021 0.269831 -1.72336 1.80346 1.13075 -3.9751 1.00544 2.31442 -2.09923 
4.61 0.0496013 -0.146658 -0.328004 -0.579287 -0.455477 -0.196297 -0.211744 -0.287236 0.408679 -0.0894776 -0.104452 0.0873714 -2.44304 -0.581507 2.04123 -1.63838 0.00926515 1.45048 0.244643 -1.39113 -2.6658 4.09127 0.754043 -0.764829 0.166572 4.91556 -0.138195 -3.08588 -0.345509 0.669936 0.561969 -1.16873 1.12444 2.07166 -3.81458 0.020241 2.49202 -1.02939 
4.60085 0.0417785 -0.128171 -0.342213 -0.555238 -0.442875 -0.264978 -0.175959 -0.325443 0.441906 -0.0674925 -0.11852 0.0562587 2.67071 -0.48376 -0.676271 -2.79674 -0.0287855 2.15355 0.454876 -0.22118 -1.12119 1.61561 0.389986 0.480038 -0.610563 4.36958 0.654325 -3.97801 -2.2053 0.72111 1.18112 0.851512 0.452802 2.35114 -3.01077 -1.05951 1.87642 -0.476172 
4.62224 0.022029 -0.129756 -0.366141 -0.513773 -0.409302 -0.305865 -0.220906 -0.302244 0.456344 -0.0609236 -0.0868995 0.0143172 6.08198 -0.2763 -3.14796 -3.99587 0.86161 3.19 0.0380399 0.60709 0.722677 -0.79308 -0.605428 1.50714 -0.91364 5.7625 0.956291 -4.46085 -3.48938 0.479735 1.58385 2.19743 0.804528 2.19658 -2.49233 -1.91596 1.13361 -0.266055 
4.66271 -0.00162139 -0.137126 -0.390783 -0.51064 -0.38433 -0.287912 -0.241303 -0.361529 0.494171 -0.0286704 -0.0677525 0.0279648 7.725 -0.189558 -4.2334 -4.7564 1.45624 3.49006 0.338471 0.737872 1.44673 -1.68901 -1.32327 1.80272 -1.11177 6.14908 0.684213 -4.06823 -3.12694 0.86466 1.80987 1.38367 1.22888 2.49209 -2.71829 -2.39656 0.64763 -0.165188 
4.82391 0.0302561 -0.284621 -0.512105 -0.561278 -0.305405 -0.184511 -0.217065 -0.322075 0.400653 -0.0605114 0.0490032 0.0468236 8.77264 -0.202593 -5.01994 -4.79317 1.64734 3.74284 0.584628 0.636315 2.10758 -2.37907 -1.92218 2.10555 -0.950381 3.14907 -0.20612 -1.32185 -0.598571 1.16774 0.779737 -0.367923 0.54838 1.59279 -1.53898 -1.69997 -0.238488 -0.0902051 
5.28014 0.0842493 -0.581746 -0.799418 -0.483017 -0.155055 -0.138025 -0.124776 -0.13335 0.273699 -0.181299 0.0326393 -0.0501874 9.02046 -0.358492 -5.05294 -4.46336 1.48355 3.77121 0.743055 0.633259 2.26135 -2.76179 -2.17613 2.1325 -0.612336 -2.32871 -1.07528 2.35292 2.95109 0.317897 -0.88407 -1.50651 -0.641932 -0.597979 0.306453 0.0417387 -0.432408 0.677986 
5.45472 0.0492151 -0.622927 -0.863376 -0.383217 -0.0826469 -0.188319 -0.109862 -0.117253 0.233576 -0.259457 0.07455 -0.058059 8.3464 -0.547201 -4.52817 -3.73354 1.30008 3.47151 0.455562 0.856071 1.95639 -2.73406 -2.14845 1.85305 -0.251392 -5.46009 -1.10385 3.76093 4.28664 -0.999745 -1.81026 -1.28563 -1.10266 -1.82681 1.42286 1.44899 -0.546999 1.11195 
5.50644 0.00928477 -0.631415 -0.841314 -0.360323 -0.0562255 -0.197027 -0.127857 -0.121412 0.199398 -0.263826 0.106437 -0.0324239 6.85188 -0.815119 -3.46238 -2.71838 1.22274 2.93054 -0.134471 0.818838 1.52873 -2.37068 -1.8687 1.45631 -0.00960692 -5.41107 -0.564358 3.20702 3.1767 -1.54854 -1.76981 -0.649281 -0.499766 -2.16051 1.70137 1.77416 -0.666318 1.05026 
5.55337 -0.0117374 -0.666471 -0.801194 -0.385821 -0.0303993 -0.197348 -0.173395 -0.0629034 0.162295 -0.285349 0.147394 -0.0279857 4.69695 -1.20391 -1.87009 -1.50062 1.16775 2.07113 -0.781429 0.572342 0.638256 -1.48184 -1.21871 0.916421 0.324786 -3.3117 0.0101254 1.75882 0.826677 -0.898142 -1.2016 -0.215137 0.442908 -1.68766 1.30858 1.27595 -0.761705 0.605981 
5.57806 -0.0327125 -0.657149 -0.81868 -0.399989 -0.0039911 -0.205093 -0.1368 -0.110874 0.161152 -0.275892 0.145403 -0.00868289 2.33935 -1.36656 -0.507573 -0.305775 0.607875 1.23896 -0.903633 0.289344 -0.255661 -0.757278 -0.442157 0.759999 0.721103 -1.1294 0.276993 0.503542 -0.598073 0.124892 -0.676045 -0.132136 0.562339 -0.543886 0.774346 0.510614 -0.779479 -0.0645088 
5.60103 -0.0517151 -0.66844 -0.823584 -0.390142 0.0111109 -0.23292 -0.10633 -0.133708 0.160348 -0.279569 0.148851 0.0119188 1.53306 -1.12601 -0.332961 -0.322033 0.397095 0.817822 -0.766596 0.304406 -0.372947 -0.384597 -0.0583161 0.41694 0.688229 -0.469223 0.257409 0.247815 -0.592997 0.604206 -0.529797 -0.0468231 -0.0297721 0.0506108 0.494104 0.184149 -0.455116 -0.304783 
5.61922 -0.0702037 -0.666269 -0.842684 -0.37417 0.0223244 -0.249432 -0.0977496 -0.145447 0.155824 -0.277781 0.146845 0.0234711 1.18346 -0.886448 -0.327424 -0.557102 0.542941 0.652968 -0.7656 0.299531 -0.330563 -0.100099 0.0134936 0.198234 0.472706 -0.392883 0.334965 -0.0699017 -0.0824208 0.4002 -0.376914 0.200839 -0.59277 0.52264 0.26157 0.0932273 -0.126368 -0.429918 
5.65278 -0.0939165 -0.65956 -0.880364 -0.337596 0.0194057 -0.271996 -0.09378 -0.147846 0.164775 -0.279755 0.145562 0.031852 0.822412 -0.70477 -0.327365 -0.640987 0.657953 0.509371 -0.612433 0.117653 -0.327085 0.0568651 0.0976917 0.104685 0.330686 -0.533426 0.466068 -0.370089 0.367266 -0.108236 -0.112905 0.466449 -0.852622 0.647899 0.0596218 0.0285388 0.115431 -0.445796 
5.64813 -0.100304 -0.663245 -0.856839 -0.35726 0.0284937 -0.26608 -0.0963214 -0.144603 0.158254 -0.271082 0.148812 0.0247313 0.335836 -0.453466 -0.437426 -0.54478 0.66151 0.473987 -0.41644 -0.342306 0.0031672 0.00485796 0.0957592 0.176784 0.153003 -0.787876 0.492798 -0.35398 0.260653 -0.240713 0.114114 0.464133 -0.720629 0.337058 -0.0397855 0.00798509 0.171441 -0.265962 
5.67172 -0.0996342 -0.68347 -0.886655 -0.316808 0.026788 -0.27977 -0.106983 -0.141982 0.168376 -0.270919 0.14756 0.0331745 -0.434675 -0.124601 -0.317483 -0.463555 0.677956 0.37744 -0.251787 -0.748126 0.245219 0.115929 0.156126 0.217702 -0.150794 -1.37693 0.511304 0.0120709 0.246769 -0.269235 0.119783 0.345399 -0.593388 0.195494 -0.0399233 0.030611 0.181374 -0.29295 
5.66557 -0.102059 -0.699694 -0.883219 -0.310849 0.0458101 -0.286348 -0.126161 -0.124345 0.170154 -0.273634 0.154989 0.0181921 -1.62891 0.29067 0.227391 -0.149225 0.478165 0.155256 0.246963 -1.22666 0.457103 0.336998 0.0701252 0.161377 -0.605893 -2.17694 0.638631 0.920393 0.253561 -0.207752 -0.257154 0.546151 -0.643084 0.169956 0.218716 -0.0224841 -0.0229288 -0.563223 
5.65076 -0.104436 -0.709645 -0.877962 -0.329082 0.0502117 -0.261928 -0.151992 -0.130645 0.165138 -0.26862 0.16653 0.0235866 -3.45867 0.719046 1.03678 0.52227 0.423894 -0.194244 0.757379 -1.49244 0.392976 0.249037 -0.158394 0.151321 -0.952763 -3.32546 0.800926 1.94223 0.756906 0.0454045 -0.793775 0.792021 -0.558956 0.0967647 0.300479 -0.304319 -0.210765 -0.897721 
5.59681 -0.0891816 -0.712912 -0.892251 -0.317264 0.0715915 -0.267046 -0.170624 -0.124396 0.150708 -0.264447 0.171769 0.023126 -6.31495 1.00701 2.09315 1.58957 1.28485 -0.393046 0.47936 -1.63484 -0.14022 -0.0836613 0.176563 -0.154055 -1.09308 -5.12423 0.753786 2.64484 2.02557 0.867522 -0.996342 0.438509 -0.359492 -0.559328 -0.136334 -0.0203135 -0.531185 -0.823569 
5.50582 -0.0629335 -0.678673 -0.896904 -0.279192 0.0487883 -0.282624 -0.20214 -0.101856 0.19001 -0.255468 0.172556 -0.0197534 -9.4922 0.693003 3.62506 3.46409 1.30627 -0.942789 0.482326 -1.30468 -0.220758 -1.122 1.13855 -0.700886 -1.09306 -6.54736 -0.095176 2.97592 3.6307 1.1357 -0.991079 -0.143695 0.389056 -0.941904 -1.63808 1.14226 -0.997993 -0.0601146 
5.35311 -0.025134 -0.563709 -0.852052 -0.315361 0.0116966 -0.183698 -0.274742 -0.0786011 0.225729 -0.282357 0.150723 -0.0860984 -12.5672 -0.743983 4.46165 4.51182 0.410522 -2.11743 0.300579 -0.896383 -0.176082 -1.66188 2.14802 -0.778185 -0.272166 -6.80981 -2.27194 1.99672 3.81338 -0.0585187 -1.38365 -1.14279 1.31585 -0.681837 -2.55625 2.6486 -0.784886 1.53225 
5.10951 0.00789826 -0.474111 -0.746004 -0.280251 -0.034003 -0.147836 -0.27438 -0.119153 0.170472 -0.320919 0.165266 -0.0979859 -14.6389 -2.6802 4.40862 5.61537 0.115041 -2.79113 0.110948 0.132614 -0.309652 -2.56973 2.07162 -1.79579 0.114107 -4.63399 -4.72154 -0.0262595 2.51329 -1.69783 -1.59249 -1.23638 2.14887 0.0602301 -2.46252 2.37776 -1.2495 2.24976 
4.68352 0.0219611 -0.372712 -0.575784 -0.0736826 -0.00676203 -0.291341 -0.292655 -0.226849 0.101761 -0.188367 0.0976453 -0.0871875 -15.4806 -4.69096 3.35471 5.45236 0.116001 -3.02128 0.447101 1.095 0.594266 -2.31848 1.86431 -2.4804 0.493997 -0.252337 -5.89539 -2.83584 -0.747827 -2.66606 -1.32098 0.317471 2.49684 1.90566 -0.367245 -0.128775 -1.27882 1.73919 
4.36676 -0.0915773 -0.17751 -0.327238 -0.193006 -0.112399 -0.233326 -0.22106 -0.137489 -0.0822503 -0.0196044 0.0212396 -0.0729637 -14.8391 -6.57267 1.96546 4.97546 0.165773 -2.61641 0.618415 1.95119 0.926486 -2.28281 2.18931 -2.28525 0.714852 3.96021 -4.65391 -5.05049 -3.73949 -0.710795 0.42995 1.21845 1.80329 2.05471 2.20802 -2.31072 -0.407145 0.157944 
4.04249 -0.370978 -0.204624 -0.364266 -0.431801 -0.301715 -0.254204 -0.21938 -0.107682 -0.0304167 0.0549312 0.108295 0.0972783 -12.0214 -7.4794 0.237881 3.38751 0.230037 -1.60693 0.438627 2.38292 1.24308 -1.59442 2.31042 -1.7393 0.88778 7.59668 -0.905262 -4.70251 -4.57059 2.03504 3.0493 1.50829 0.61018 1.32224 3.06432 -2.43087 0.632721 -1.66024 
3.8937 -0.56059 -0.287038 -0.224009 -0.317932 -0.282382 -0.24156 -0.0683331 -0.165716 -0.174329 -0.131678 -0.145885 0.0233766 -7.41876 -7.40637 -1.42592 1.56486 0.46944 0.262524 0.733585 1.99354 1.49871 -0.650586 1.95138 -1.39343 0.878155 9.58923 2.73625 -2.82431 -4.29908 2.70701 4.74083 0.602629 -1.40793 0.0673301 2.90354 -0.155022 2.61042 -1.31254 
3.77674 -0.690889 -0.421654 -0.382415 -0.2228 -0.259045 -0.129443 -0.03824 0.0911893 0.0355966 -0.135185 -0.15228 0.0163338 -2.50276 -6.37866 -2.94968 0.0975544 0.066657 0.863893 0.325896 1.11648 1.96152 0.509885 0.818687 -0.492918 0.859834 9.72531 4.76938 -0.642691 -1.80275 1.11205 3.80286 -1.70163 -2.8517 -1.55342 0.967834 0.942582 2.75449 -0.123251 
3.74649 -0.824306 -0.429408 -0.319142 -0.198799 -0.20433 -0.131134 -0.0130614 -0.00408807 -0.0326469 0.0260336 -0.0185905 -0.0246624 0.837158 -4.21507 -3.51898 -0.921691 0.571701 1.38726 0.305151 0.737626 1.04529 0.595005 0.323655 0.121723 0.766508 7.33779 5.0831 0.678647 -0.127031 -1.37911 0.587827 -1.74846 -2.40653 -1.39225 -0.686206 0.0503581 1.22488 1.15279 
3.94169 -0.797153 -0.485914 -0.447812 -0.21315 -0.093654 -0.165459 -0.0403912 -0.00609152 0.0355647 0.0364591 0.0205333 0.00500816 4.3901 -0.866999 -2.22007 -0.730433 0.846146 1.52949 -0.140968 0.17349 0.583022 0.0112458 0.150428 0.376882 0.128108 3.65191 4.59855 1.91316 1.31442 -2.2623 -2.81846 -1.27484 -0.992323 -1.11747 -1.88797 -1.2327 -0.203483 0.916373 
4.18777 -0.783015 -0.565484 -0.450279 -0.107644 0.132095 -0.141138 -0.114478 -0.0264616 0.0161686 0.0230159 -0.0401981 0.0484916 8.16258 3.69044 -1.28148 -2.44638 -0.584076 0.892122 -0.375286 -0.93075 -0.383132 0.732646 -0.468015 1.48393 0.116186 2.22057 6.25017 2.68248 -0.0244303 -2.22856 -4.34806 -0.0820126 0.395445 -1.20395 -1.20601 -2.57915 -0.642927 -0.73507 
4.27928 -0.77511 -0.642913 -0.393558 -0.260149 -0.0977029 -0.350987 -0.196784 0.0890579 0.0870074 -0.0458523 0.0325514 0.0948242 11.7355 6.62011 -0.841364 -3.40574 -1.34813 0.355223 -0.68631 -1.08923 -1.13792 0.774308 -1.62764 1.52479 -0.241191 4.09662 7.11635 2.20174 -3.16672 -0.946706 -1.98456 1.49702 0.746577 -1.05715 0.857603 -2.32645 0.0689697 -1.95212 
4.21019 -0.704467 -0.573249 -0.406207 -0.286377 -0.16718 -0.125658 -0.0299901 -0.0690277 -0.116808 0.0166391 0.0124313 0.110778 13.1596 8.22044 -0.908246 -4.287 -1.42053 -0.483693 -0.336384 -0.893989 -0.821793 1.42428 -2.656 1.1751 -0.542226 6.02823 5.25847 0.123041 -4.32206 0.0933154 0.480437 0.638652 -0.182987 -0.303096 2.96502 -1.82448 0.891534 -2.0082 
4.54106 -0.448032 -0.400335 -0.37187 -0.248045 -0.17052 -0.263099 -0.100139 -0.0277832 -0.108655 -0.0626112 -0.00323549 0.00622061 12.9006 8.2841 -0.817169 -4.2101 -1.28417 -1.22076 0.0729449 -0.389403 -0.957547 1.4344 -2.77619 1.30554 -0.768057 3.31436 0.109088 -2.34678 -3.07466 0.808465 1.52508 0.706566 0.0511154 0.353493 2.78223 -0.491236 0.789624 -0.344747 
5.04486 0.114448 -0.512227 -0.813543 -0.389478 -0.143308 -0.191495 -0.207034 -0.163587 0.146241 -0.277837 0.0947981 -0.030166 11.9996 7.57325 -0.760275 -4.24231 -1.17786 -1.38281 0.296169 0.25253 -1.09816 1.4479 -2.50372 1.44317 -0.693232 -3.11305 -6.39121 -2.13531 2.03259 1.69362 0.928105 0.0962434 1.04513 1.05062 -0.340008 1.68551 -0.242293 1.30659 
5.43154 0.0658758 -0.610729 -0.912039 -0.354693 -0.102755 -0.210799 -0.156316 -0.0521788 0.200362 -0.263063 0.142602 -0.0560139 10.675 6.09872 -0.750437 -3.93216 -0.477728 -0.461071 0.557938 0.751983 -1.19548 1.22249 -1.91777 1.15807 -0.52068 -8.54889 -7.66088 -0.207935 4.86047 0.939848 -0.643273 -0.360431 1.53489 0.323003 -2.62568 2.41435 -0.845665 1.9917 
5.42501 0.0530323 -0.650131 -0.866512 -0.309884 -0.162522 -0.178018 -0.127498 -0.077198 0.183705 -0.258709 0.125083 -0.0529727 7.8611 4.20373 -1.06896 -2.80483 -0.505995 -0.455409 -0.344113 0.948658 -0.490757 1.11687 -1.13691 0.817608 -0.123006 -9.38047 -5.06885 1.67575 4.43398 -0.00333643 -0.606678 -0.513222 1.70289 -0.230845 -3.32575 2.44425 -1.236 1.3951 
5.45412 0.021616 -0.658068 -0.827088 -0.309464 -0.181324 -0.173197 -0.10395 -0.113168 0.146072 -0.264071 0.147341 -0.000252981 2.61326 1.99266 -0.498353 -1.31913 -0.744083 -1.02654 -0.193806 1.57306 -0.261874 0.246074 0.0757268 0.22784 0.328252 -7.82039 -0.91557 2.68226 2.28769 -0.910234 -0.575435 -1.11552 0.62102 0.301918 -1.58241 1.58694 -1.32305 -0.0671914 
5.47651 0.00552689 -0.653147 -0.820514 -0.326707 -0.170161 -0.187333 -0.0581728 -0.139147 0.106335 -0.251463 0.141717 0.0439254 -3.9063 0.185728 1.78025 1.58424 -1.37872 -1.73476 0.346652 0.56342 0.0700169 -0.534019 0.631103 -0.0838504 0.579047 -7.88595 1.6593 3.14407 0.911029 -2.07053 -0.929129 0.269893 -1.68801 0.605608 0.699012 0.241256 -0.546959 -0.796727 
5.44671 -0.00239672 -0.607256 -0.825015 -0.338522 -0.20053 -0.213566 -0.00562984 -0.136126 0.0885418 -0.228269 0.142245 0.0237319 -8.17039 0.451316 3.97748 2.49327 -2.43797 -2.11078 1.35021 -0.946566 -0.818564 -0.234307 0.626715 0.197518 0.566363 -8.18477 1.02049 3.85326 1.50693 -2.25448 -1.03837 2.13404 -3.72565 0.171958 1.71526 -0.370419 0.493571 -0.651652 
5.27476 0.0777634 -0.603005 -0.785307 -0.38771 -0.225457 -0.260317 0.0487706 -0.107432 0.048036 -0.15628 0.0830794 0.015907 -9.97688 0.547423 5.35114 2.92993 -3.17635 -1.96114 2.34964 -2.4618 -0.966103 0.107901 0.782615 0.589911 0.31175 -6.14778 -0.294329 3.89017 1.97066 -1.73625 -0.614952 3.76325 -4.93984 -1.07597 1.68494 -0.792817 1.56323 -0.172409 
5.00149 0.123658 -0.457822 -0.777842 -0.439272 -0.314746 -0.256222 0.00859821 -0.0779067 0.10177 -0.154056 0.0585338 -0.0103687 -11.4534 0.5544 6.32484 3.26675 -2.90659 -1.83178 2.99969 -3.35318 -1.38057 0.582409 0.895951 0.505443 0.180069 -1.35718 -1.26071 2.17631 1.43227 -0.0341384 0.677593 3.19075 -3.42739 -2.01562 0.708485 -0.296983 1.4732 0.399416 
4.4678 0.11118 -0.21811 -0.559253 -0.624547 -0.381735 -0.0195237 -0.302579 -0.10593 0.168898 -0.261982 0.159162 0.0399256 -12.7608 -0.285895 7 4.00256 -1.84791 -1.24833 2.63966 -3.3773 -1.85572 0.539672 1.2133 -0.091074 0.07048 3.22219 -1.84265 -0.368554 0.0219853 2.92481 2.00342 -0.545962 1.03558 -1.72911 -0.748447 1.14587 -0.683466 0.172266 
4.3836 0.0660133 -0.0530328 -0.55259 -0.648035 -0.385506 0.0676404 -0.344657 -0.26083 0.189616 -0.182734 0.225485 0.0279656 -10.7137 -2.06947 5.05606 3.61527 -0.290584 0.0586357 1.90057 -2.15463 -1.34143 -0.714351 0.816053 -1.14376 0.434043 5.49365 -2.69715 -3.99008 -1.04733 4.83724 2.8462 -3.97864 4.86102 0.674366 -2.5669 0.825706 -3.26144 0.200656 
4.34934 0.0722495 -0.0209998 -0.482328 -0.675937 -0.365329 0.155522 -0.443771 -0.23914 0.143434 -0.137353 0.226157 0.0143258 -7.10265 -4.27876 2.51877 1.51493 0.941122 0.352568 1.19362 -0.874673 -0.048629 -1.52517 1.00551 -1.43331 0.54876 6.43031 -3.96254 -6.62203 -3.28348 4.51255 1.96073 -5.14328 6.32972 3.22935 -3.10498 0.286782 -3.71196 0.271579 
4.16943 0.0676149 0.0756955 -0.456766 -0.560223 -0.361335 0.118781 -0.395694 -0.32134 0.183098 -0.122008 0.14973 0.0588424 -3.53774 -5.92216 0.687876 -0.38693 2.20335 0.284752 0.361606 0.669828 0.885329 -2.7426 0.710557 -1.64884 0.909637 6.97752 -4.52789 -6.4231 -4.98126 2.07159 -0.187796 -2.88975 4.19891 4.6243 -2.87646 -0.982147 -1.44729 0.402652 
3.86146 -0.101287 0.192439 -0.303863 -0.426105 -0.274013 -0.0655644 -0.275364 -0.352583 0.100676 -0.0301273 5.74766e-05 0.0264195 -0.0667953 -7.18584 -0.942483 -2.01238 3.36134 -0.167645 -1.69607 2.22393 1.9965 -3.33464 1.15108 -1.73992 1.04612 6.85855 -3.16019 -3.76123 -5.07487 -0.651193 -2.63366 0.0321504 0.289232 3.6821 -1.06051 -1.29919 2.11001 0.766226 
4.2739 -0.347721 -0.25586 -0.46205 -0.309049 -0.130261 -0.115752 -0.0637411 -0.132601 -0.163824 -0.166051 -0.143776 0.0961527 0.802139 -7.95484 -1.83466 -2.87858 2.88942 -0.842262 -2.81 2.28797 2.7795 -2.20328 1.57611 -1.29016 1.19215 2.57906 -0.412118 1.60064 -2.47927 -2.42419 -3.80039 0.571343 -2.7129 0.169273 2.72295 0.845919 4.15615 0.302386 
4.4015 -0.532557 -0.36224 -0.795068 -0.371271 -0.335582 -0.0570296 -0.116491 0.0598854 -0.09832 -0.0270155 -0.0250252 0.07224 0.855838 -8.39445 -1.77145 -3.01768 2.76512 -1.12788 -2.62906 2.56537 2.44931 -1.644 0.972461 -0.620376 1.29585 -2.26026 1.75881 4.16991 2.21851 -1.77991 -1.52129 0.0664639 -2.51549 -2.91273 3.82166 0.80235 2.8037 0.09627 
4.3436 -0.623828 -0.129702 -0.787599 -0.310343 -0.428624 0.00927709 -0.14607 -0.0166897 -0.196057 -0.187789 0.0256196 0.155688 1.0506 -7.81363 -1.53551 -2.54946 2.28573 -1.24033 -2.12384 2.02436 2.95198 -0.783845 0.911212 0.164873 0.428327 -4.66696 2.51945 2.78915 4.29982 -0.448715 1.25198 -0.579898 -0.598225 -2.62523 3.80599 1.00503 0.33926 -1.20581 
4.42891 -0.761661 -0.14272 -0.728401 -0.252606 -0.46395 -0.234861 -0.142165 0.0133911 -0.1679 -0.0145777 0.0730502 0.16738 0.714014 -6.07248 -0.696356 -2.23439 2.07711 -1.15061 -1.28545 1.69351 2.06865 0.168153 0.60996 0.875298 -0.139052 -4.08143 2.78712 0.659119 3.38991 0.814233 3.04539 0.895498 1.37158 -1.30204 1.30853 -0.822773 -1.46197 -2.1223 
4.30237 -0.843725 -0.179038 -0.799463 -0.381826 -0.473069 -0.289454 -0.163398 -0.0107951 0.111623 0.151324 0.0861011 0.151334 -0.767923 -4.2818 1.06286 -1.15147 1.07501 -1.49289 -0.849556 1.18981 0.567541 1.37205 0.603482 0.957815 -0.288019 0.192953 2.81812 -1.00987 0.720521 0.728213 1.96471 2.19755 1.69771 0.157282 -1.53288 -2.48447 -1.54488 -1.46433 
4.16245 -0.943643 -0.136771 -0.686069 -0.204881 -0.393939 -0.142176 -0.0226675 -0.0716871 -0.0716141 -0.101578 0.0399399 0.183556 0.730808 -2.30178 1.17844 -0.125144 0.755505 -0.803096 -0.769383 0.860465 -0.6087 0.765016 0.325906 0.316975 -0.123045 4.29219 3.47691 -0.35225 -1.72504 -1.45986 -0.842201 1.5948 -0.765196 -0.272613 -1.39313 -0.697222 -0.245842 -0.0928732 
4.18525 -0.948749 -0.154565 -0.655435 -0.147985 -0.377978 -0.223412 -0.0228783 0.156704 -0.0039743 -0.00241475 0.0215797 -0.00330368 3.17175 -0.198109 0.37844 -0.313318 0.373486 -0.0194489 0.165787 0.561306 -0.950551 0.651187 0.702792 -0.0881462 -1.07025 6.66086 3.95604 0.619009 -1.60596 -2.41842 -1.46551 1.28907 -2.32216 -2.54492 -1.30418 0.212636 0.326413 1.24585 
4.23628 -0.908119 -0.158021 -0.768954 -0.0929493 -0.335587 -0.188925 0.0747861 0.0119121 -0.0674463 -0.0478615 0.0472626 0.0116792 5.23985 2.5936 0.507439 0.173804 0.107295 -0.0693301 0.527123 0.313694 -1.12206 -0.0653737 -0.0536561 -0.517731 -1.31126 6.78189 4.48735 0.359854 0.607451 -2.05159 -0.874232 -0.440435 -2.65754 -1.82554 -0.278488 1.45926 -0.0446219 0.575105 
4.35162 -0.928544 -0.132365 -0.846167 -0.342149 -0.546304 -0.136046 -0.0012171 -0.0201633 0.0359197 -0.070483 0.0517598 0.14502 8.93125 5.63691 0.20672 0.25203 -1.06713 0.565019 -0.849043 0.587569 -0.563325 -0.914984 -0.532418 -0.492468 -1.16904 5.39979 5.60778 -0.524341 2.01273 -0.827673 1.94148 -2.22957 -0.337676 0.221351 -0.195531 0.639473 -0.493584 -0.960569 
4.70377 -0.77998 -0.0641012 -0.798158 -0.296829 -0.53605 -0.179861 -0.153621 -0.13082 -0.102376 0.0215579 0.0636376 0.165989 11.8255 7.51279 -0.940097 -0.12798 -2.98451 1.38195 -1.97582 0.448851 -0.104277 -0.0991048 -0.440561 -0.100545 -0.809163 3.0619 4.61423 -2.0775 1.72609 -1.06806 3.5728 -2.96132 2.5343 2.76473 0.207119 -1.81004 -0.3694 -1.06463 
4.8873 -0.626088 -0.11208 -0.769537 -0.231626 -0.357382 -0.0555424 -0.102606 -0.162385 -0.0455937 0.0582817 0.0259824 -0.0647058 13.1312 8.0263 -2.02831 -0.135399 -3.56639 2.12373 -1.78506 0.676799 0.24678 0.119585 -1.7524 0.272075 -0.495473 1.61185 1.69689 -3.09402 -0.21899 -2.09373 2.67987 -2.73194 2.73096 3.95221 0.876153 -3.03886 0.693035 0.312369 
4.98792 -0.363373 -0.107964 -0.603667 -0.243918 -0.454911 -0.281513 -0.0492744 -0.079648 -0.0609236 -0.00276042 -0.0306875 -0.0267033 12.8363 7.69731 -3.16135 0.168228 -3.30121 2.81009 -1.86842 0.706137 1.55594 0.638116 -2.30501 0.410281 -0.958434 -0.36517 -2.60427 -3.24663 -2.32522 -1.51023 1.51257 0.641001 1.11125 2.22121 1.31607 -2.86614 1.57088 0.986075 
5.44818 -0.0630647 -0.193686 -0.733906 -0.52654 -0.246268 -0.483413 0.100415 0.049572 -0.095599 -0.103596 0.00965962 0.00889236 10.6627 6.97358 -4.13264 0.14473 -2.3955 3.64081 -1.68669 0.891339 2.02209 0.784299 -2.57102 0.579646 -1.34921 -4.71551 -5.67746 -1.92253 -1.55422 1.23837 -1.03 3.54605 -1.80833 -0.113638 1.42775 -0.798483 1.1506 0.536022 
5.6619 -0.0776953 -0.372555 -0.761013 -0.61924 -0.134802 -0.414961 0.0844529 0.0639282 -0.0105548 -0.190574 0.0691632 0.0437411 7.10107 5.49203 -4.47428 -0.322575 -2.41734 3.09667 -0.80214 0.534555 1.95667 1.61107 -2.68986 0.655454 -1.16169 -8.09602 -4.68118 0.45787 -0.0670585 3.45585 -2.09034 3.63282 -3.08599 -1.94694 0.490631 1.70777 -0.0595687 -0.668411 
5.77952 -0.101884 -0.459115 -0.799995 -0.565897 -0.167936 -0.301053 0.0621686 0.131727 0.0386495 -0.310845 0.117804 -0.0349813 3.14211 4.11948 -3.81059 -0.656631 -2.12989 2.01416 0.0972998 -0.632311 0.957507 1.86963 -1.96135 0.533298 -0.575667 -10.2028 -1.83654 2.32861 0.974941 2.79812 -1.9805 2.10675 -2.60974 -3.01284 0.225969 3.35789 -1.3548 -0.824628 
5.75514 -0.0956862 -0.528667 -0.789007 -0.515507 -0.145243 -0.307757 0.033989 0.136617 0.056626 -0.297306 0.101617 -0.0502036 -1.90779 2.51915 -2.40565 -0.325538 -1.28421 1.2553 1.84466 -1.81945 -1.12163 2.3949 -0.662459 0.131001 -0.287303 -10.1028 0.439096 3.86822 1.5173 0.624613 -2.07867 0.509101 -1.64665 -3.57273 0.288724 3.19489 -1.75262 0.623907 
5.61415 -0.0318918 -0.577435 -0.762283 -0.51605 -0.103957 -0.305681 -0.034909 0.101832 0.058029 -0.242573 0.0973127 -0.0626099 -7.19142 1.27787 -0.0495489 1.35784 -0.0295755 -0.318192 2.14139 -3.18977 -3.13361 3.17678 1.00777 -0.287444 0.21074 -7.75469 0.384967 4.69786 1.75868 -0.866811 -1.67923 -0.373149 -0.913016 -3.6906 1.11969 2.41023 -1.0876 1.92573 
5.46746 0.0232425 -0.556947 -0.77505 -0.542213 -0.126367 -0.225261 -0.102825 0.0315143 0.130337 -0.226182 0.0808147 -0.103286 -9.75023 1.07598 2.04331 2.11845 0.133071 -0.877018 1.40289 -3.37673 -4.41976 3.38028 2.14398 -0.542703 0.886212 -4.48277 -1.25982 4.22093 2.1812 -0.47063 -1.19445 -0.932428 -0.468011 -3.05496 1.49279 1.50747 -0.0206948 2.55656 
5.20688 0.102732 -0.497087 -0.78397 -0.571556 -0.168795 -0.189074 -0.140243 -0.0506821 0.18476 -0.168317 0.0237401 -0.0919484 -10.4651 0.792006 3.17828 2.3823 -0.217146 -0.717461 0.948979 -3.24579 -5.21372 3.32122 2.60677 -0.415143 1.78149 0.292742 -2.27816 2.53533 1.54756 0.355299 -0.185528 -1.28504 0.159386 -1.23318 0.717547 0.26301 1.10695 1.93391 
4.83051 0.0741017 -0.360049 -0.649912 -0.582185 -0.219404 -0.134796 -0.205736 -0.261185 0.252241 -0.119098 -0.00920053 0.0575221 -9.6494 0.384381 3.63578 2.12359 -0.421357 -0.586708 1.01702 -2.81208 -5.16983 2.87568 2.24362 0.0217141 2.28244 5.00092 -1.62576 -0.277271 -0.591169 0.495252 1.22339 -1.12234 1.10205 1.3432 -1.0423 -0.877572 1.56872 0.408195 
4.63211 0.0105148 -0.189396 -0.489272 -0.55222 -0.266654 -0.234804 -0.343976 -0.372516 0.410017 0.00569507 0.0488042 0.0929957 -7.78763 -0.116727 3.51512 1.58171 -0.38391 -0.19395 0.856677 -2.02096 -4.5709 2.04638 1.70253 0.37406 2.60648 6.94151 -0.152155 -2.6906 -2.84205 -0.0257508 2.06436 0.214115 2.16534 2.94887 -3.07135 -2.0445 1.05625 -0.580137 
4.64903 -0.0115494 -0.168413 -0.528569 -0.549015 -0.226728 -0.229556 -0.308926 -0.4258 0.426499 0.000348374 0.0590397 0.122783 -5.59866 -0.355309 2.81244 0.996926 -0.351123 0.383429 0.670038 -1.1872 -3.71139 0.961907 1.16503 0.648967 2.6847 5.4817 0.859279 -3.05113 -3.08461 -0.461703 1.54721 1.03569 2.10384 2.9652 -3.4124 -2.03024 0.232139 -0.901117 
4.64309 -0.000902772 -0.17798 -0.567539 -0.566975 -0.18158 -0.180514 -0.311832 -0.439543 0.38508 -0.0332979 0.0927099 0.162647 -2.33471 -0.482499 1.24335 0.3551 -0.246283 0.661752 0.383652 0.0465122 -1.92363 -0.696976 0.689824 1.01444 1.81113 3.50833 0.859104 -2.58194 -1.67321 -0.33287 0.267808 0.418463 2.05386 2.56305 -2.99265 -0.895536 -0.404442 -1.17605 
4.624 0.0176175 -0.190502 -0.601083 -0.584085 -0.159058 -0.133797 -0.307355 -0.440694 0.325862 -0.0501253 0.115119 0.192194 0.987122 0.205902 -0.429888 -1.46978 -0.506285 0.920603 0.632874 1.19946 0.137823 -1.79945 0.0390163 0.7379 0.0454232 2.89771 0.556802 -1.94006 -0.755007 -0.151463 -0.698014 -0.270851 1.7335 2.3168 -1.6232 0.00299685 -0.769475 -2.11376 
4.6271 0.0163751 -0.180952 -0.635882 -0.591206 -0.119703 -0.140699 -0.27516 -0.451154 0.279257 -0.0463532 0.113554 0.223787 3.25384 0.691684 -1.64494 -2.94169 -0.748146 1.29152 0.974838 1.83469 1.74629 -2.37016 -0.746313 0.203301 -1.39391 3.79844 0.424163 -1.64097 -1.13106 -0.0573993 -0.668038 -0.604189 0.957674 2.83185 -0.00573107 0.00964101 -0.781134 -3.52593 
4.60314 0.0302792 -0.178567 -0.641733 -0.610616 -0.11877 -0.108105 -0.255663 -0.489468 0.269365 -0.0511346 0.10256 0.246339 4.58404 0.714798 -2.17503 -3.22906 -0.544131 1.24793 0.641941 1.68372 2.89523 -2.17113 -0.973229 -0.0215144 -2.5258 4.37381 0.278875 -1.42909 -1.95582 0.138769 0.179342 -0.454197 0.0805807 3.02898 0.981108 -0.733097 -0.667436 -3.73799 
4.80249 0.00475212 -0.32106 -0.609896 -0.583542 -0.169225 -0.184172 -0.12597 -0.317335 0.0882129 -0.00819122 0.147135 0.136472 5.65282 0.515451 -2.6395 -3.10847 -0.00712103 1.20424 -0.00753675 1.41498 3.76979 -1.74093 -1.26862 -0.181961 -3.16597 2.41783 -0.0131483 -0.427245 -1.45338 0.561272 0.988987 -0.254124 -1.51238 1.68106 2.00376 -1.46173 -0.422368 -1.76302 
4.97645 0.104666 -0.362953 -0.853223 -0.648406 -0.131773 -0.0852312 -0.105175 -0.233378 0.148754 -0.0699241 0.0745554 -0.0407922 6.36422 0.0989503 -2.79075 -2.64745 0.545786 1.00655 -0.367715 0.949178 4.24153 -1.37967 -1.67882 -0.0991096 -3.2385 -0.185478 -1.0831 0.335266 1.3198 1.45561 0.530993 -0.884792 -2.07859 0.0943049 1.27281 -1.18389 0.430725 1.29467 
5.12552 0.0902818 -0.38617 -0.949864 -0.649797 -0.0312385 -0.103933 -0.143972 -0.12917 0.188343 -0.14048 0.0639202 -0.133249 6.49314 -0.323885 -2.79876 -1.76624 0.92361 0.62881 -0.583943 0.635116 4.28784 -1.30306 -2.03804 0.137893 -2.61218 -2.03704 -1.52841 0.670791 3.57462 1.60843 -0.859415 -1.00622 -1.22988 -1.32517 -0.122468 -0.406128 0.93606 3.5395 
5.21315 0.0581434 -0.434775 -0.929517 -0.592687 -0.0287642 -0.139921 -0.152279 -0.0718848 0.167583 -0.162214 0.0871402 -0.148424 5.92424 -0.73914 -2.4062 -0.752443 1.17514 0.227548 -0.678972 0.48305 3.64687 -1.3546 -2.00972 0.311356 -1.54216 -2.51745 -1.23956 0.835907 3.94955 0.750929 -1.86838 -0.391435 0.145879 -2.07932 -1.16401 0.409144 0.84177 3.83487 
5.2719 0.0420156 -0.505943 -0.888466 -0.523561 -0.019222 -0.201906 -0.177609 0.00128389 0.144166 -0.214625 0.100022 -0.123081 4.31328 -0.983663 -1.68889 0.603348 1.04831 -0.243835 -0.644048 0.539394 2.27387 -1.31132 -1.64779 0.41863 -0.138169 -2.12639 -0.486672 0.911072 2.83354 -0.640897 -2.06556 0.35341 1.59366 -2.24545 -1.52914 1.31927 0.397138 2.42551 
5.3457 -0.0121898 -0.500064 -0.844624 -0.490773 -0.0622818 -0.183972 -0.190416 0.024528 0.108122 -0.255014 0.129004 -0.0924691 2.4434 -1.16115 -1.25414 2.45095 0.670376 -0.883936 -1.02635 1.02134 1.44303 -1.91467 -0.726641 0.59915 1.02064 -2.53112 0.68571 0.990848 1.20263 -1.94066 -1.0601 0.606422 1.86677 -1.99443 -0.660416 1.86199 -0.424105 0.701995 
5.39959 -0.0397456 -0.529123 -0.766916 -0.494106 -0.105621 -0.207244 -0.127721 0.0356263 0.0417401 -0.276663 0.148604 -0.0184684 -0.589567 -0.848345 -0.114099 3.18636 -0.0463225 -1.83461 -0.641684 1.15891 0.352258 -1.37091 -0.109365 0.255079 1.6145 -4.50582 1.12475 1.6733 0.354975 -2.15845 -0.35645 0.46564 0.676129 -1.55421 1.00305 1.77354 -0.937942 -0.384729 
5.41515 -0.0506384 -0.525571 -0.731728 -0.494285 -0.147336 -0.18668 -0.0825574 -0.00403726 -0.00307064 -0.24113 0.143047 0.000301043 -3.90377 -0.611489 1.45892 3.63843 -1.04261 -2.44828 0.441071 0.350902 -1.03279 -0.0155261 -0.13731 -0.0350825 1.95481 -6.90988 0.940875 2.62987 0.413907 -1.80688 -0.468408 0.931165 -1.52035 -1.5434 2.92873 0.506396 -0.911992 -0.268062 
5.38161 -0.0420888 -0.533522 -0.662878 -0.540379 -0.172941 -0.206429 -0.00667624 -0.027374 -0.0375827 -0.200443 0.147616 -0.000269185 -6.15093 -0.402051 2.51838 3.50018 -1.49566 -2.78222 1.11313 -0.210479 -2.00065 1.21818 -0.185391 -0.345983 2.01794 -7.01368 0.328222 3.01324 0.0534381 -0.68209 -0.770199 1.58649 -3.21406 -1.63404 4.03432 -1.13365 -0.682835 0.340151 
5.2623 -0.0115119 -0.514782 -0.585008 -0.61944 -0.165595 -0.240231 -0.000144753 0.00852408 -0.0495363 -0.151644 0.121472 0.0141174 -7.02257 -0.0972187 2.67657 2.84837 -1.24465 -2.74812 1.12462 -0.403941 -2.28618 1.84845 -0.189024 -0.58071 1.84107 -3.30518 -0.295631 1.79786 -0.912579 0.916081 -0.825063 1.55952 -2.60124 -1.45246 2.9861 -1.85472 -0.134879 0.53176 
4.86904 -0.0178987 -0.334524 -0.552673 -0.632026 -0.289144 -0.186183 -0.0807762 -0.0799417 0.127128 -0.18631 0.0746333 0.0638716 -6.31271 0.26224 2.34645 2.00694 -1.12648 -2.20336 0.730617 -0.0721927 -1.79693 1.60151 0.115567 -0.938331 1.30703 3.64907 -0.0585288 -1.40562 -1.88432 1.57553 0.629589 -0.268091 0.535843 0.415252 -0.787573 -0.585019 0.077108 -0.24597 
4.58554 -0.0495463 -0.19015 -0.427573 -0.696088 -0.369905 -0.0135203 -0.262575 -0.245412 0.27514 -0.288517 0.101424 0.142221 -3.73246 0.346415 1.26539 1.4459 -1.12371 -1.32921 -0.0628507 0.836022 -0.696259 0.669849 0.254533 -0.975594 0.721285 9.71246 0.479517 -4.3443 -2.53309 1.26933 2.37683 -2.88688 4.26073 3.12128 -4.52083 1.54421 -0.127319 -1.71366 
4.60777 -0.0511849 -0.20878 -0.470011 -0.64324 -0.387733 -0.0486062 -0.220185 -0.24178 0.29237 -0.303393 0.0765905 0.160762 -0.217234 0.160735 -0.177678 1.01711 -0.741507 -0.511435 -0.683992 1.92764 0.0320106 -0.58548 0.534924 -0.568534 -0.0124407 11.0974 0.498391 -5.06879 -1.335 -0.00944811 3.12693 -3.56035 5.31386 3.92239 -5.71522 2.53354 0.256332 -2.55111 
4.72687 -0.0345086 -0.28864 -0.53484 -0.566273 -0.397392 -0.113437 -0.11352 -0.205133 0.201978 -0.262062 0.0768941 0.146381 3.56082 -0.244446 -1.60581 0.68009 -0.0942774 0.0995698 -1.04419 2.85247 0.538955 -2.04433 0.856553 0.199334 -0.760695 8.09801 -0.293763 -3.38769 0.405606 -0.674453 2.3359 -1.95836 3.11007 2.50048 -3.88409 1.76308 1.06632 -2.20051 
4.89374 0.0277736 -0.363737 -0.548638 -0.651143 -0.310446 -0.215111 0.0498142 -0.0920964 0.0421853 -0.146379 0.00416037 0.0861878 6.86032 -0.57025 -2.82007 0.395572 0.281065 0.775671 -1.22207 3.39279 1.16317 -3.44332 1.27851 0.932849 -1.53398 2.80085 -1.46779 -0.540941 1.1787 0.290739 0.145958 1.06991 -0.843374 -0.504583 -0.373821 -0.230954 2.13254 -0.982332 
5.18097 0.00338833 -0.481069 -0.501683 -0.715919 -0.235964 -0.293672 0.17562 0.0177281 -0.0625024 -0.133565 0.0285396 0.0254253 8.08556 -0.904046 -3.02419 0.0167245 0.640504 0.939415 -1.07845 3.32602 1.28784 -3.84094 1.5441 1.32522 -2.0294 -1.94763 -1.71454 1.87256 0.567757 1.38085 -1.50007 3.2849 -3.82266 -2.75743 2.08061 -1.3792 2.05859 0.247881 
5.34061 -0.0396757 -0.563997 -0.446295 -0.676292 -0.230501 -0.297903 0.240851 -0.0302667 -0.113466 -0.106851 0.116551 -0.0240585 7.3875 -1.38122 -2.26934 0.123999 0.724353 0.698803 -0.0453922 2.09377 0.632678 -3.20524 1.07974 1.78954 -1.91691 -4.05293 -1.07499 2.85335 -0.901863 1.58262 -1.75271 3.19939 -4.19278 -2.48767 2.74555 -1.57249 0.730234 0.969431 
5.42962 -0.102498 -0.559932 -0.438057 -0.597919 -0.270977 -0.235785 0.185156 -0.0629844 -0.148805 -0.11383 0.194418 -0.0330675 5.78344 -1.71471 -1.36572 0.0359669 0.967217 0.419834 0.818929 0.724729 -0.138078 -2.19795 0.40307 1.91034 -1.37367 -4.24569 0.00560239 2.32377 -1.56025 0.675721 -0.798097 1.57544 -2.54249 -1.21235 2.0938 -1.05709 -0.781134 1.22589 
5.47111 -0.135977 -0.536488 -0.466064 -0.581449 -0.288395 -0.155295 0.128821 -0.0874423 -0.146705 -0.128093 0.230209 -0.065508 3.83403 -1.81433 -0.552448 -0.490173 1.59201 0.0161407 1.50875 -0.573362 -0.749233 -1.20334 -0.458534 1.99334 -0.688559 -3.22805 0.787401 1.07928 -1.27289 -0.233275 0.381678 -0.314602 -0.615157 0.235939 0.945855 -0.674079 -1.47922 1.28578 
5.49633 -0.161107 -0.514706 -0.500329 -0.560195 -0.292748 -0.121243 0.11008 -0.125737 -0.141483 -0.117965 0.230656 -0.0781401 1.8007 -1.42008 0.130659 -1.26142 1.89888 0.010129 1.56259 -1.27711 -0.755633 -0.64565 -0.992873 1.51751 -0.0181582 -2.09876 1.00941 -0.0867357 -0.747556 -0.323631 0.969894 -1.38869 0.376989 1.15396 0.140292 -0.870142 -1.09266 1.20044 
5.5267 -0.193194 -0.500473 -0.522088 -0.531057 -0.293787 -0.0984798 0.0936718 -0.125307 -0.135322 -0.155606 0.25416 -0.0596032 0.513618 -0.89816 0.284483 -1.81588 1.77433 0.353924 1.0027 -1.36004 -0.131253 -0.395378 -1.40274 0.770719 0.494308 -1.67227 1.03708 -0.615637 -0.478767 0.0528156 0.901962 -1.5862 0.492143 1.23185 -0.177159 -0.79617 -0.667464 0.862339 
5.50771 -0.191137 -0.517577 -0.541496 -0.516106 -0.262061 -0.118045 0.0955469 -0.128719 -0.166579 -0.156863 0.237507 -0.025549 -0.795685 -0.165265 0.0511153 -2.01558 1.36169 0.966523 0.169274 -1.10751 0.437883 -0.132113 -1.47285 0.00191467 0.758532 -1.74728 1.02318 -0.48608 -0.391593 0.0334518 0.668859 -1.23492 0.0718975 1.16511 0.155156 -0.523743 -0.648927 0.346546 
5.49747 -0.188503 -0.517537 -0.587857 -0.48505 -0.249752 -0.0979923 0.0588867 -0.106361 -0.171494 -0.218128 0.267906 -0.0186807 -2.06333 0.448681 -0.0578648 -2.09743 1.17199 1.43776 -0.530492 -1.14358 0.982345 0.105488 -1.48143 -0.474169 0.874056 -2.18356 1.08182 -0.165878 -0.189311 -0.45017 0.662165 -0.982203 -0.19968 0.86556 0.660901 0.21628 -1.04541 -0.16963 
5.46056 -0.181387 -0.513431 -0.64514 -0.438134 -0.222103 -0.126031 0.0464068 -0.0717757 -0.174353 -0.269932 0.266867 0.011617 -3.24392 1.05521 -0.176174 -2.09849 0.908918 1.90136 -1.07155 -1.37879 1.55641 0.372246 -1.3444 -0.98889 0.912853 -2.42448 1.10797 0.0507367 0.159976 -0.930496 0.753765 -0.752584 -0.473594 0.593729 0.956056 0.917106 -1.30678 -0.425822 
5.42978 -0.171277 -0.53651 -0.673764 -0.41177 -0.205669 -0.158996 0.0435022 -0.0462813 -0.174482 -0.285718 0.234332 0.0294438 -4.68379 1.74741 -0.103828 -1.89575 0.330418 2.37903 -1.45254 -1.5168 1.68583 0.610387 -0.681811 -1.53883 0.73737 -2.63211 1.14361 0.319924 0.512697 -1.26803 0.919448 -0.503829 -0.597526 0.281167 0.808814 1.35927 -1.09763 -0.420731 
5.28688 -0.108371 -0.543508 -0.69733 -0.457289 -0.137723 -0.188419 0.0127998 -0.0161013 -0.135523 -0.272211 0.170262 0.0302426 -5.84419 2.1372 0.504417 -1.75428 -0.285304 2.73192 -1.56603 -1.7363 1.50124 0.951712 0.0264149 -1.8039 0.335011 -2.13434 0.804968 0.82875 0.582465 -1.16328 0.783388 -0.215214 -0.450786 -0.320429 0.291823 1.54227 -0.474007 -0.453971 
5.17261 -0.0767542 -0.512371 -0.74092 -0.444768 -0.0992721 -0.205281 -0.0467437 0.022169 -0.10328 -0.289443 0.159536 0.017904 -6.77419 2.31774 1.2203 -1.24392 -0.849583 2.62588 -1.46222 -1.74879 1.01851 0.962978 0.779403 -1.84324 -0.0379306 -1.38041 0.287453 1.40849 0.775901 -1.02052 0.0966061 0.302653 -0.022646 -1.08671 -0.2454 1.43276 0.280421 -0.597024 
5.07825 -0.030324 -0.532118 -0.761433 -0.445411 -0.0364843 -0.258591 -0.0840875 0.0814297 -0.0872342 -0.279116 0.0964173 0.0520159 -7.14819 2.28192 1.31888 -0.497395 -1.09098 2.81157 -1.31657 -2.00876 0.568012 1.11905 1.32862 -1.69982 -0.568703 -0.423103 -0.394426 1.31163 1.12724 -0.488761 -0.391748 0.664428 0.1256 -1.59303 -0.314429 1.01443 0.901919 -0.992659 
4.88369 0.0489197 -0.510588 -0.741495 -0.516826 0.0354527 -0.286963 -0.0895864 0.0603556 -0.086048 -0.198142 0.0536064 0.0436169 -8.7333 2.19245 1.84548 0.558391 -0.303253 2.87384 -1.11506 -2.90681 -0.0297606 1.28842 1.50085 -1.12978 -0.902354 -0.714872 -0.885146 0.776281 1.78024 1.16057 -0.586289 0.723598 -0.841454 -1.42199 0.0914131 0.0865523 1.30183 -1.013 
4.76244 0.0659321 -0.393375 -0.789903 -0.551712 0.0876059 -0.289972 -0.139365 0.0278384 -0.0540951 -0.159725 0.0511802 -0.00583397 -8.86806 0.376471 2.39537 2.12587 1.09195 0.891542 -0.148379 -2.99964 -0.591353 1.01898 2.17319 -1.26847 -1.07821 -1.15235 -2.25787 0.0469782 3.02948 3.05193 -2.10314 1.18374 -1.28816 -0.811094 0.182024 0.0587092 0.490904 -0.492341 
4.65272 0.075831 -0.318313 -0.740374 -0.562704 0.028567 -0.259065 -0.148215 -0.00414653 -0.0772319 -0.147993 0.0776863 -0.027605 -7.75698 -2.33577 2.04884 1.98457 1.46441 -0.79486 1.33018 -2.33439 -0.0560109 0.969703 2.2559 -0.888418 -0.685771 0.117214 -4.76347 -0.740404 1.83026 3.32438 -3.50768 2.20794 -0.456163 0.778794 0.214599 0.132883 -0.112683 0.621266 
4.59077 0.0851926 -0.422872 -0.673101 -0.532453 0.158767 -0.308925 -0.225201 0.0071098 -0.0125495 -0.120139 0.0454193 -0.0761621 -6.43756 -4.9285 1.6893 1.26859 2.68661 -1.92723 2.68185 -1.06265 -0.0697665 0.607451 1.71403 -0.81267 -0.208338 2.4338 -6.68539 -0.784955 -1.02196 2.44463 -4.37639 3.33693 2.24464 1.48482 -0.624155 -0.192947 -0.55763 1.84822 
4.10745 0.131307 -0.297332 -0.545494 -0.345667 0.195482 -0.312645 -0.440144 -0.0445742 0.0340857 -0.125131 0.0977529 -0.0791241 -5.38818 -7.11884 1.38406 0.681414 3.83814 -3.08409 2.82525 -0.472222 0.0811802 0.597587 1.58191 -0.568381 0.251391 5.23826 -6.55408 -1.1159 -3.82605 0.449153 -3.31106 2.45771 4.41775 1.33585 -0.967097 -0.305013 -0.349555 1.95571 
4.17023 -0.234785 -0.208636 -0.356878 -0.203638 -0.231807 -0.126799 -0.356846 -0.0605966 -0.0233488 0.0558269 -0.0810405 -0.0846441 -5.40959 -8.54925 1.13034 -0.341652 3.82693 -3.82896 2.42976 -0.0331315 0.715948 0.439476 1.8926 -0.284688 0.496053 3.11303 -2.62148 -0.742089 -5.22726 -1.23511 0.419806 -0.814943 3.04508 0.779123 -0.465033 -0.711018 1.14294 0.936386 
4.34543 -0.55336 -0.342025 -0.675396 -0.35039 -0.2493 0.0459985 -0.229036 0.172333 0.0207787 -0.0230774 0.0498919 0.0279088 -5.27624 -9.28964 1.21933 -1.51885 3.00104 -3.67461 1.57747 0.590392 0.963346 0.432127 1.66874 -0.457688 0.978174 -1.34612 1.81973 0.592299 -2.28996 -1.62166 2.3228 -4.19611 0.128171 -0.738909 -0.0272 -0.101361 0.779702 -0.407474 
4.30499 -0.674251 -0.333829 -0.759092 -0.126882 -0.18675 0.0939576 -0.0634399 0.0343294 -0.0586941 -0.0953986 -0.0428705 0.0639974 -4.9932 -9.26794 1.57606 -2.39224 1.8855 -3.59166 1.04184 1.23889 0.599081 0.435638 1.82327 -0.320899 0.958706 -3.84391 3.85585 1.12304 0.480855 -2.83679 2.49762 -4.81091 -2.36796 -0.758642 0.94742 0.864755 0.518711 -1.21927 
4.13852 -0.781062 -0.250937 -0.705794 -0.0642753 -0.293226 -0.0666625 -0.191265 0.00446926 0.0204924 0.0426409 0.0275615 0.0284548 -4.21537 -7.73019 1.81099 -2.28679 0.323113 -2.32558 0.159403 1.61612 -0.282486 -0.0765031 1.42968 -0.181179 0.91016 -2.885 4.16127 1.45733 2.29435 -3.02514 2.04604 -2.05042 -1.73499 -1.45287 0.0745867 0.0754073 -0.308908 -0.680264 
3.87909 -0.877821 -0.19467 -0.82578 -0.170404 -0.344336 -0.117936 -0.249019 0.132527 0.00887967 0.132566 0.0737119 -0.0207037 -5.49371 -5.10189 2.07839 -1.74032 -0.176732 0.151222 -0.680559 1.13601 -1.01083 0.0173821 0.500969 -0.174942 0.510204 0.880825 3.1256 0.738331 3.03997 -1.58827 1.7598 1.22935 0.476468 -2.13967 -0.671799 -1.21604 -1.24103 -0.0173767 
3.81819 -0.958267 -0.176532 -0.824873 -0.243865 -0.279668 -0.186119 -0.180545 0.0943739 0.030361 0.0335827 -0.032402 0.0843948 -5.72093 -3.34437 2.68606 0.209545 0.339733 0.344517 -0.940042 0.719254 -1.49118 0.0827083 0.50135 -0.451138 -0.0726569 2.86613 2.51976 -0.0891182 2.14862 0.625902 1.72054 2.764 1.36206 -1.12555 -0.77154 -1.84653 -0.229151 -0.189007 
3.7567 -1.03617 -0.149213 -0.819575 -0.225574 -0.315539 -0.119624 -0.173534 -0.0019269 0.083111 0.161845 -0.00898302 0.00876841 -4.26353 -2.31871 2.47372 1.00657 -0.209973 0.402577 -0.719353 1.01589 -0.77139 0.0127444 0.55263 -0.358228 -0.455033 3.15231 2.11678 -0.446641 1.64919 2.36865 1.04478 1.49216 1.45876 0.465312 -0.722901 -1.53678 -0.0480062 -0.516339 
3.73384 -0.946858 -0.00668883 -0.678757 -0.290818 -0.268534 -0.109142 -0.151449 -0.144768 -0.0865695 0.0674552 0.0104164 0.0712887 -2.55933 -1.26486 2.17063 1.08795 -0.200049 1.16448 -0.0595845 1.57438 -1.13355 -0.669077 -0.361218 -0.301842 -0.30414 2.57692 1.00994 -0.947421 0.114017 1.8841 -0.218322 -0.387105 0.276569 1.98798 0.250956 0.0170905 0.696456 -0.894112 
3.60972 -0.989875 -0.0514499 -0.729426 -0.198257 -0.118571 -0.0439277 -0.078666 -0.0798268 -0.0118618 -0.0131873 -0.0971224 0.0240014 -1.05223 -0.725923 1.56594 1.45857 0.549268 1.38846 -0.2091 0.922393 -1.73202 -0.587756 -0.90151 0.197881 0.120439 2.29386 0.368744 -1.01019 -0.810339 -0.00485784 -1.01145 -1.72564 -1.31152 1.11155 0.050248 0.590529 1.52234 0.130516 
3.66959 -1.03025 -0.0157816 -0.660329 -0.0848622 -0.23385 -0.0639364 -0.0765816 -0.00661309 0.0413047 0.020875 0.00704256 0.0109566 0.0102739 -0.378132 0.870244 1.15666 0.582823 1.16913 -1.34752 0.34305 -1.14872 -0.606304 -0.647077 1.24344 0.262188 1.80622 0.134057 -1.34946 -1.26938 -1.60269 -0.148505 -2.56976 -1.9732 -0.675373 -0.179317 0.117217 1.42904 1.40934 
3.74658 -1.01386 -0.00583559 -0.626254 -0.138271 -0.246304 -0.144174 0.0120702 0.0157561 -0.0315138 0.123492 -0.0423257 -0.0557133 0.831968 -0.288079 0.156939 0.743545 -0.242363 0.778414 -1.57596 0.692921 -0.256165 -0.369366 -0.524922 1.39458 0.31337 0.939748 -0.0831574 -1.39873 -1.07572 -1.98243 -0.0863453 -1.30277 -1.45172 -0.966564 0.316579 -0.0766785 1.39239 1.43233 
3.70912 -0.970828 0.0452806 -0.688261 -0.224718 -0.147781 -0.141896 -0.0691844 -0.121371 -0.0982103 0.00925399 0.0414416 0.0115878 1.56651 -0.0103461 -0.721331 0.0906477 -1.12797 0.165297 -1.06343 0.835708 0.20405 0.0937843 0.310539 0.921622 0.0181765 0.791205 0.343336 -1.42101 -0.331369 -1.85434 -0.675245 0.664987 0.743447 0.612514 0.626005 0.638946 -0.432546 0.165812 
3.71896 -1.04019 -0.0389591 -0.664865 -0.142588 -0.139426 -0.202406 -0.21346 -0.182049 -0.0162871 -0.0437432 0.0853142 0.111335 3.14088 1.3298 -0.227532 0.279806 -1.7446 -0.579814 -0.45457 0.693692 0.0335452 -0.68521 -0.171263 0.656307 0.348271 1.55048 1.75615 -0.168675 -0.00554466 -1.25944 -1.32354 2.96417 2.54656 2.02957 0.0321506 0.57536 -2.21719 -1.32425 
3.82721 -1.0318 -0.0790492 -0.672781 -0.208445 -0.147913 -0.419475 -0.128654 -0.09331 -0.035933 0.0209351 0.178524 0.122796 3.5373 2.00113 0.0217894 0.3807 -1.44196 -0.922549 0.0546138 -0.10711 0.362198 -0.332573 -0.595154 0.209009 0.14119 1.93898 2.5449 1.45421 0.756219 0.557829 -2.01856 3.84199 0.799128 1.66931 -0.185206 -0.255743 -2.49544 -1.63749 
3.83016 -1.03418 -0.0772185 -0.663468 -0.340815 -0.222491 -0.182135 0.0481482 -0.024761 -0.0101166 0.0836874 0.113764 0.00465599 3.63938 2.33085 -0.0363014 0.551759 -0.315554 -1.36059 0.510775 -0.525164 0.370201 -0.195483 -1.06085 -0.648412 0.033235 1.47547 2.2276 1.77245 0.886035 2.73826 -1.11169 1.13812 -2.0904 -0.0887395 -0.654755 -1.53895 -1.85636 -0.451905 
3.88822 -0.908859 -0.12778 -0.689684 -0.403022 -0.218958 -0.0790159 0.0447864 -0.0422551 -0.0296202 0.114213 -0.034993 -0.00733985 3.62438 2.26874 -0.723887 0.752303 0.442094 -1.30219 0.766732 -0.157045 0.631668 -0.360477 0.00840066 -1.17957 -0.334151 -0.378389 -0.0507525 0.329567 0.546337 3.63363 0.441149 -1.43285 -3.12734 -1.38101 -0.373636 -1.06823 0.171342 0.664404 
4.15964 -0.723065 0.04244 -0.622721 -0.298582 -0.286567 -0.0578855 0.000559341 -0.0314657 -0.156238 -0.109024 -0.013834 0.0668049 2.79954 2.76259 -0.951178 0.876339 0.975383 -0.704122 0.0223389 -0.218007 0.882524 -0.665553 0.315401 -1.6316 -0.426278 -3.07871 -2.07575 -2.5142 -0.0280712 2.44602 2.00734 -3.48163 -1.67099 -1.05049 0.474967 1.52597 0.651009 0.760961 
4.12676 -0.780551 0.0495544 -0.567441 -0.186409 -0.377935 -0.151507 -0.217113 0.0404727 0.0158674 -0.0378634 0.069031 -0.00950097 0.899669 3.10918 -2.29577 1.40354 2.26648 -0.249799 0.190445 -1.25034 -0.401752 -0.512557 -0.39944 -1.47128 0.0904857 -4.36072 -1.18564 -4.24513 -0.109358 0.408448 2.62625 -2.40779 1.12243 -1.11052 -0.13489 1.8411 0.533157 0.871769 
4.1076 -0.763155 -0.046633 -0.595775 -0.11925 -0.322503 -0.166647 -0.158644 -0.101132 -0.0975453 -0.0970616 -0.122168 0.0232111 -1.67204 3.25465 -3.81261 1.07142 2.69553 0.723751 -1.37871 -1.46454 -0.811047 -0.307386 -0.0563794 -0.526076 0.575846 -5.45127 0.619955 -4.0013 -0.0927068 -1.11309 1.88006 -0.490563 1.86418 -0.326947 0.461491 1.35424 1.23393 0.373031 
4.09159 -0.814822 -0.224152 -0.614859 -0.153275 -0.204992 -0.142078 -0.0934307 -0.089357 -0.116756 0.12892 -0.0111943 0.0447544 -4.70593 3.16526 -4.3611 0.647306 1.77281 1.53392 -1.28621 -1.1835 -1.16217 0.57754 0.138684 0.127412 0.514701 -5.73028 2.38826 -1.51907 -0.378301 -1.77952 0.690156 0.964269 0.666515 -0.567154 1.22609 -1.06248 0.930603 0.078339 
4.02221 -0.679864 -0.227553 -0.553629 -0.105056 -0.182897 -0.394489 -0.125508 0.0531207 -0.0897159 0.0825118 -0.0883372 0.0545594 -7.32255 3.13199 -4.64799 0.0468087 0.0225503 2.18573 -0.516518 -0.981946 -1.56759 1.79508 0.394874 -0.0284294 0.535274 -4.61999 1.70135 1.31237 -1.08764 -2.71769 -0.0268555 2.74785 -0.517598 -1.12206 2.12191 -1.90314 0.978199 -0.0743629 
3.81942 -0.557242 -0.469786 -0.448424 0.0116475 -0.238057 -0.153876 -0.202086 -0.211192 -0.0754783 -0.0883875 -0.0225379 0.092841 -8.45779 3.30521 -3.9568 -0.70512 -0.797327 2.26082 0.250556 -0.631718 -1.78598 1.69445 -0.401177 0.20922 0.75114 -2.47108 -0.616345 3.70802 -2.11761 -3.06952 -0.0986641 1.73819 -0.933878 0.0355936 2.20587 -0.8285 0.167508 -0.400433 
3.54126 -0.49726 -0.570442 -0.599251 -0.0829817 -0.1223 -0.304723 -0.10072 -0.110656 -0.052675 0.0840788 0.0302111 0.0660408 -9.3026 2.66508 -2.51069 -0.85954 -1.43181 1.97633 1.44433 -0.496944 -1.61601 2.14289 -1.16894 0.655826 0.360805 0.516973 -2.49777 4.20472 -1.27819 -1.73675 -0.354438 2.19349 -0.213881 -0.231095 0.514142 -1.32159 -0.835323 -0.243781 
3.35054 -0.419376 -0.453493 -0.615506 -0.224096 -0.0635181 -0.157295 -0.190926 -0.186135 0.0808078 -0.0155748 0.00115292 0.0629005 -9.18705 1.95835 -1.38608 -0.766132 -1.37931 1.96732 2.35671 -1.03462 -2.3823 1.99395 -2.20137 -0.0925576 0.298198 2.57635 -3.33066 2.21375 0.177867 0.734383 -0.252527 1.23933 0.43153 -0.116819 -1.51376 -0.715289 -0.794591 -0.122982 
3.26238 -0.40829 -0.41896 -0.614841 -0.324043 -0.0677835 -0.110687 -0.266366 -0.218187 0.211072 -0.0632654 -0.0433862 0.112886 -7.96141 0.916397 -0.391994 -0.496527 -1.99116 1.15952 2.78199 -0.650234 -2.09841 1.29462 -2.10559 -0.428984 0.276503 3.19675 -2.23097 0.56389 1.79506 1.99137 -0.93025 -0.0576414 0.912822 0.266053 -2.9525 -0.699346 -0.985322 -0.195832 
3.13699 -0.46377 -0.460007 -0.717693 -0.202254 -0.0896556 -0.145672 -0.251701 -0.228898 0.0999746 -0.0916492 0.0264393 0.0990847 -6.30618 0.140007 0.683105 -0.406604 -2.47061 0.791832 2.48541 0.207943 -1.0273 0.424905 -1.77832 -0.603943 0.492716 2.97214 -0.497183 -0.461902 2.36202 0.579117 -1.22628 0.0611274 1.224 0.420743 -2.43417 -0.0160871 -0.658444 0.306277 
2.99504 -0.530426 -0.405785 -0.661158 -0.272038 -0.0161132 0.0560844 -0.0965385 -0.271088 0.0861646 -0.169183 -0.0148344 0.0509865 -4.5928 -0.104547 0.511659 0.0834186 -2.20191 -0.123191 2.97734 0.665621 -0.555241 -0.188109 -1.36032 -0.287756 0.332602 2.65511 0.969974 -0.665699 0.740042 -1.12773 -1.5988 -1.13964 1.11568 2.01221 -1.09246 1.98012 0.48706 0.360908 
2.97615 -0.506292 -0.479758 -0.587213 -0.20565 0.0739198 0.0565566 -0.307594 -0.406039 0.0961588 -0.194185 -0.0955501 0.107151 -3.47859 -0.0753424 -0.161497 -0.0150794 -1.47583 -0.508091 2.04896 1.43285 0.42917 -1.19277 -0.387553 0.118923 -0.00816545 1.86264 1.31183 -0.149819 -1.00127 -1.55645 -1.62574 -0.929323 1.64175 2.87629 -0.0772645 2.48207 1.58545 -0.310884 
2.99081 -0.461295 -0.398773 -0.517168 -0.350804 -0.173558 -0.0401252 -0.195833 -0.23444 0.0309998 -0.218887 -0.124623 0.111434 -2.95002 0.0138709 -0.256553 0.318941 -0.958431 -0.724404 1.10434 1.66657 1.32274 -1.63794 0.160296 0.457152 -0.280308 0.675676 0.439501 -0.529765 -1.61447 0.592154 0.00345661 -1.09474 0.667963 2.00253 0.359773 2.16606 1.83735 -0.862063 
2.90975 -0.475222 -0.417923 -0.614204 -0.427362 -0.083292 0.120409 -0.0628887 -0.252002 -0.00845686 -0.189958 -0.0161846 0.175325 -2.50163 0.113808 0.0991504 0.831929 -0.588459 -0.804898 0.379201 1.36729 1.66296 -1.1187 0.687307 0.646573 -0.354891 -0.156631 -0.533921 -0.0911484 -0.191545 2.98876 0.543407 -2.13382 -0.781577 0.744616 0.25061 0.82918 0.80684 -1.2736 
2.89965 -0.44438 -0.474361 -0.660829 -0.46678 -0.126274 0.145496 -0.0516361 -0.147654 0.0582364 -0.02177 0.0423911 0.0635825 -2.15932 0.0424068 0.213937 0.721025 0.29385 -0.944112 -0.611369 0.95947 1.86116 -0.930382 1.08232 1.08506 -0.432186 -0.50709 -1.1739 0.855627 1.64048 3.41405 1.00928 -1.94776 -1.54162 -1.04117 0.185563 -1.05751 -0.50236 -0.338497 
2.86762 -0.422701 -0.475112 -0.672527 -0.353756 -0.110494 0.0538209 -0.0633439 -0.129352 -0.0347503 -0.0820043 0.0153097 0.0446047 -2.13131 -0.311695 0.523105 0.680312 0.852414 -0.686844 -0.718653 1.16025 1.74924 -0.697645 1.0712 1.28694 -0.69748 0.0116997 -1.02454 1.07876 2.03956 1.89353 0.617858 -0.936094 -1.69855 -1.84774 0.722306 -1.17306 -0.832622 0.527306 
2.79119 -0.486415 -0.45294 -0.562398 -0.297225 -0.138873 -0.0448907 -0.0746197 -0.0623879 -0.0572519 -0.105189 0.0307948 0.0603272 -1.94423 -0.561202 0.439901 0.853376 1.69831 0.122901 -0.747315 0.293702 0.821195 -0.31528 0.839083 1.01373 -0.677559 0.827095 -0.207253 0.772306 0.60172 -0.329319 0.0849054 0.599369 -0.509404 -1.60075 0.792463 -0.643187 -0.60664 0.661887 
2.74152 -0.514351 -0.383279 -0.505209 -0.227431 -0.118425 -0.0201774 -0.0844911 -0.129723 -0.0134929 -0.0731882 0.0566772 0.0465921 -1.44918 -0.577666 0.665146 1.29466 1.84022 -0.112398 -1.18265 -0.23714 0.474829 -0.149058 0.362457 0.442923 -0.575662 1.23285 0.416306 -0.316091 -0.99702 -1.60427 0.198857 1.39789 0.199491 -0.829808 0.46084 -0.14222 -0.286429 0.525964 
