2.63057 -0.50437 -0.320107 -0.3789 -0.323382 -0.314391 -0.15821 -0.142024 -0.257346 -0.165187 0.0852481 0.161189 0.0397379 -1.19564 -0.766311 1.65824 1.04245 1.56133 2.10018 0.155092 0.88428 1.5967 0.626646 -1.12571 -2.27486 -0.203062 -0.788756 -0.663467 1.18195 0.641343 0.694445 1.3143 -0.342969 0.905981 0.845539 0.263125 -0.636345 -1.74236 0.0720411 
2.56246 -0.527467 -0.22322 -0.304103 -0.169906 -0.155347 -0.0712091 -0.135924 -0.102489 -0.090472 -0.0242113 0.0293524 -0.0107079 -1.58256 -0.851172 1.46421 0.875145 1.57729 1.87325 0.23125 0.430876 1.59712 0.790549 -1.04285 -1.97453 -0.0919347 -0.5524 -0.207136 -0.526532 -0.609135 -0.810477 -1.08925 -0.227986 -0.316279 -0.865511 -0.229527 0.356573 0.614639 0.504578 
2.52752 -0.583922 -0.127284 -0.237427 -0.133162 -0.0604585 -0.1973 -0.029701 -0.0871298 -0.110936 0.022144 -0.0574129 0.0162567 -1.62025 -0.801992 0.979351 0.491944 1.43709 1.52446 0.702514 0.412263 1.27255 0.746407 -0.730746 -1.36142 -0.118526 -0.198525 0.511517 -2.2776 -1.74218 -1.40814 -2.81666 1.26374 -1.6245 -1.82893 -0.299442 0.879984 2.97329 0.299276 
2.59387 -0.596562 -0.119143 -0.264546 -0.232664 -0.0511208 -0.260356 0.0225015 -0.0640061 -0.100883 -0.035792 -0.184094 0.0391305 -1.52721 -0.675512 0.57024 0.113259 0.918542 0.651201 0.561906 0.47688 1.02271 0.64452 -0.594902 -0.6221 0.158977 -0.00377083 0.811415 -2.48844 -1.69579 -1.04203 -3.06282 1.50297 -1.58645 -1.64918 -0.276046 1.17099 3.9715 0.180181 
2.42773 -0.581253 -0.176902 -0.29349 -0.134567 -0.153525 -0.0450329 -0.102035 -0.126999 -0.102557 -0.0464815 -0.00630417 0.01378 -1.01079 -0.38594 0.029871 -0.325843 0.100035 -0.595337 0.192299 0.420161 0.597812 0.399344 -0.679627 -0.0136844 0.501462 1.33099 0.704713 -1.26307 -0.878858 -1.26867 -1.97249 -0.427894 0.107235 -0.453432 -0.253502 0.416866 1.82916 0.394253 
2.43116 -0.593516 -0.210146 -0.316717 -0.163584 -0.161844 -0.124435 -0.174641 -0.095049 -0.0602364 -0.000371627 0.0204691 0.0423966 -0.37722 0.147569 -0.198113 -0.245208 -0.486098 -1.6053 0.00516959 -0.247482 -0.275809 -0.0765887 -0.556919 0.522618 0.576296 1.72216 0.662335 0.668833 0.682311 -0.670966 -0.650782 -1.31258 0.943814 0.111379 -0.554171 -0.819193 -0.755294 0.238888 
2.46862 -0.582292 -0.255361 -0.355146 -0.162675 -0.154176 -0.017215 -0.0740968 -0.135726 -0.0860099 0.0355364 0.0634819 0.0086317 0.466053 0.985796 0.0134917 0.232044 -0.375061 -2.28033 -0.597508 -1.263 -0.682132 -0.531643 -0.986697 0.587032 0.225343 1.84536 0.957219 2.01685 1.97813 -0.197214 -0.271526 -2.8748 -0.330051 -0.20239 -1.02915 -1.44411 -2.28363 0.0215055 
2.46082 -0.582448 -0.220238 -0.348078 -0.217086 -0.245236 -0.134934 -0.0363075 -0.0866366 -0.0806521 -0.0209572 0.0706089 0.0768786 2.50044 2.40876 1.22048 1.0418 -0.644512 -2.68621 -1.98207 -1.64003 -1.18448 -0.999145 -0.916834 -0.0349949 -0.111182 3.01548 2.26682 2.54455 2.28992 0.0629031 -0.236586 -2.63068 -2.01271 -1.21028 -1.24434 -0.96049 -2.46648 -0.92175 
2.52422 -0.561195 -0.228086 -0.355477 -0.265501 -0.321268 -0.186365 -0.0402127 -0.0877235 -0.0953405 -0.102651 0.0152374 0.10241 8.17531 4.30225 1.41296 1.82643 -2.30631 -3.43968 -3.1254 -0.77615 -1.55521 -1.34087 -0.89754 -1.52982 -0.234516 7.12231 3.92777 1.49939 1.92574 -0.888049 -1.09977 -1.51049 -1.69499 -1.78898 -0.976803 0.449643 -1.49547 -1.33692 
2.52693 -0.514417 -0.126984 -0.219687 -0.192937 -0.263844 -0.147784 -0.167491 -0.157499 -0.135568 -0.0977671 -0.0392787 0.0511645 15.3151 5.1257 0.615511 3.14837 -4.06228 -3.17987 -3.35108 -0.0896261 -2.58502 -1.43106 -0.801913 -2.08757 -0.485446 14.3374 3.67918 -1.32412 1.27029 -3.81631 -1.05696 -0.974233 1.20716 -1.71484 -0.0433109 1.41795 -0.784104 -0.710139 
2.63858 -0.411878 -0.089915 -0.174226 -0.17788 -0.366279 -0.357816 -0.268451 -0.209284 -0.216338 -0.144818 -0.0425718 0.0106317 22.1906 4.81108 -0.164528 3.94417 -5.83361 -2.54991 -2.98665 0.265081 -3.33878 -0.57346 -0.384982 -2.58172 -0.534473 18.6876 0.765585 -3.69582 0.925254 -5.72477 0.568483 1.65656 3.94115 -1.48378 1.61606 1.74736 -0.363781 0.181561 
2.99906 -0.166227 0.072338 -0.141977 -0.320925 -0.470334 -0.467326 -0.27474 -0.279187 -0.225336 -0.108004 -0.123707 -0.0141323 26.9761 3.91203 -0.870098 3.6909 -6.91204 -1.28738 -1.75132 0.735869 -3.83447 0.0854695 0.123542 -2.48202 -0.701365 14.8226 -3.81528 -4.34587 0.155555 -4.52608 2.89941 3.28724 3.70062 -0.636069 2.6026 0.881752 0.37308 0.888263 
3.94413 0.0716281 -0.14156 -0.0904965 -0.591575 -0.671375 -0.395702 -0.0910252 -0.323203 -0.235056 -0.0807629 -0.200129 0.00297617 28.9222 2.57111 -1.13586 2.65207 -7.47925 -0.0534294 -1.06659 1.05179 -3.50202 0.822447 0.25711 -1.99685 -0.344871 2.17471 -6.79047 -1.2589 -1.6427 -0.500697 4.86624 3.07263 0.47995 0.511795 2.49283 -0.285406 1.08087 0.91145 
4.85559 -0.047971 -0.32245 0.123525 -0.827465 -0.44511 -0.469282 -0.00807515 -0.474031 -0.203627 -0.0595603 -0.192105 -0.00627343 28.2244 0.948644 -1.49374 1.18928 -7.57602 0.79406 -0.548104 1.30876 -2.88215 1.41754 0.203341 -1.45843 0.117242 -11.3688 -5.38958 2.35583 -3.91493 3.55038 3.31171 1.8255 -2.57023 1.97203 1.12799 -0.927956 1.37422 0.64028 
5.39221 -0.183839 -0.312928 0.125277 -0.96826 -0.415072 -0.328562 0.0232178 -0.531714 -0.044844 -0.0401416 -0.256123 0.00341837 24.6392 -0.767922 -1.51206 0.249397 -6.65431 1.70276 0.549541 0.930546 -2.31515 1.87817 0.252843 -0.890211 0.328817 -17.6772 -1.83956 3.25634 -4.1729 5.033 0.594195 -0.630982 -3.52651 2.42902 -0.790121 -0.933567 1.60402 0.264562 
5.56314 -0.241557 -0.263487 0.0215433 -0.997339 -0.329822 -0.295895 -0.0239773 -0.525514 -0.0584481 -0.0720706 -0.230575 0.00641359 18.5704 -2.23414 -1.46793 -0.482628 -4.98403 2.04439 0.909608 -0.0477853 -1.67389 1.92299 0.128978 -0.189609 0.468104 -15.1864 1.08099 1.68717 -2.0056 3.72697 -1.91922 -1.23579 -2.27026 1.61534 -1.19408 -0.00511774 1.02108 0.0113817 
5.63666 -0.266645 -0.19947 -0.0895097 -1.01019 -0.267052 -0.356067 -0.0974017 -0.47729 -0.0387428 -0.122094 -0.216627 0.051397 11.2764 -2.60064 -0.555233 -1.17773 -3.13517 1.80501 0.800275 -1.00633 -1.08088 1.75393 0.147362 0.127945 0.584813 -8.4659 1.88808 -1.12093 0.80183 1.6329 -2.92404 -0.215104 -0.080467 0.268136 -0.869942 0.884027 0.301995 -0.129729 
5.6904 -0.284648 -0.207498 -0.121608 -1.03033 -0.274081 -0.388622 -0.122529 -0.50174 -0.0453757 -0.0920965 -0.205911 0.0395176 5.83604 -1.61148 -0.495282 -1.88157 -1.73756 0.396499 1.0515 -0.981046 -0.423541 1.35009 0.167267 0.0425459 0.696813 -3.4476 1.12079 -2.20239 2.03663 0.486448 -1.93374 0.807851 1.31629 -0.416566 -0.102594 0.843483 -0.371807 0.0498295 
5.75671 -0.297509 -0.243838 -0.102152 -1.05763 -0.318763 -0.342623 -0.142808 -0.531242 -0.0162165 -0.0697443 -0.185605 0.0252164 3.2994 -1.0423 -1.16741 -1.76418 -0.958984 -0.186605 0.853707 -0.7181 0.144103 0.826284 0.186928 0.16515 0.962174 -1.376 0.37387 -1.58352 0.842618 0.504898 -0.88864 1.29059 1.66044 0.308093 0.203378 0.190082 -0.777108 0.563945 
5.8037 -0.308869 -0.303777 -0.0776296 -1.10548 -0.346215 -0.313187 -0.160467 -0.541382 0.0106317 -0.047267 -0.184973 0.0513234 2.44857 -0.886826 -1.99751 -1.30622 -0.687635 -0.720262 1.11433 -0.211424 0.605722 0.923903 0.363293 0.241712 1.06295 -0.957966 -0.0334096 -0.659989 -0.693486 0.984955 0.149058 0.68077 1.14579 1.4189 -0.134633 -0.514104 -0.224612 0.641199 
5.83806 -0.315249 -0.342915 -0.084561 -1.11393 -0.356384 -0.282493 -0.120663 -0.54909 0.0251503 -0.0333347 -0.214917 0.0868067 1.90335 -1.03859 -2.55124 -0.992405 -0.575805 -0.929004 1.30738 0.4149 0.999229 0.980169 0.468004 0.362754 1.01644 -0.832935 -0.435263 -0.10164 -1.10454 0.835037 0.500257 -0.344477 0.364619 1.97274 -0.167549 -0.632728 0.613901 0.299015 
5.82991 -0.310912 -0.392543 -0.136741 -1.08668 -0.368878 -0.235674 -0.0658298 -0.545463 0.0412274 -0.0483381 -0.24293 0.0894789 0.831877 -1.21138 -2.07467 -1.49885 0.124259 -1.13387 1.48253 0.576385 1.61319 0.608445 0.624598 0.618101 0.913392 -1.20098 -0.6849 0.626318 -0.736406 0.690129 -0.00549653 -0.709473 -0.288986 1.54618 -0.496374 0.193788 1.25521 -0.404252 
5.88795 -0.36204 -0.412197 -0.210524 -1.07035 -0.369732 -0.215947 -0.103803 -0.434917 0.041022 -0.0667962 -0.211659 0.161007 -1.48393 -0.888478 -1.62308 -1.88579 0.618373 -0.871538 0.974043 1.0367 1.26081 0.31773 0.548474 0.895288 0.392173 -3.28581 0.0274047 1.11369 -0.0512488 0.584146 -0.322925 -0.786724 0.143328 -0.508175 -0.585427 0.725881 1.09478 -1.44832 
5.89672 -0.374151 -0.486028 -0.211081 -1.08188 -0.376073 -0.213908 -0.105919 -0.37954 0.0590607 -0.0537027 -0.148036 0.149565 -3.9354 -0.545332 -0.736062 -2.46751 1.28604 -0.554318 0.308479 1.52713 0.493896 0.0273585 0.516954 0.887944 -0.212305 -5.56034 0.905268 1.91401 -0.329117 0.964933 -0.0259392 -0.960655 0.928797 -2.56026 -0.722415 0.620611 0.0197794 -1.70704 
5.88559 -0.426389 -0.522012 -0.201542 -1.11382 -0.391658 -0.242973 -0.0492968 -0.366275 0.091704 -0.0350951 -0.141829 0.145537 -6.05287 -0.0354829 -0.283004 -2.05014 1.40286 -0.398945 -0.1358 1.52576 3.41833e-05 -0.318249 0.301066 1.32286 -0.950393 -6.32653 1.80487 1.80467 -0.16955 1.04203 0.561236 -0.886437 1.07036 -3.12403 -0.803882 -0.235092 -0.417885 -1.6045 
5.74274 -0.446493 -0.40909 -0.32356 -0.979816 -0.48461 -0.159002 -0.0800559 -0.331632 -0.00238731 0.0496493 -0.1035 0.109954 -9.33825 1.0764 0.111934 -0.695199 1.64572 -0.269565 -0.765416 1.24117 -0.458274 -0.917063 0.356038 1.5894 -1.42415 -5.94681 2.44713 0.509484 1.64105 0.304759 1.13009 -1.25617 0.426821 -1.98845 -0.588928 -1.09126 -0.284564 -0.907864 
5.39099 -0.345031 -0.457705 -0.312076 -0.998533 -0.413415 -0.239952 0.0303972 -0.506241 0.035245 -0.0030916 -0.0831542 0.0348997 -13.1644 2.57919 1.01365 0.489357 1.83379 -0.287601 -0.351921 -0.846658 -0.403838 -0.787365 -0.478347 1.24775 -1.09887 -4.77646 2.43171 0.384842 3.16635 -0.0737324 0.421215 -0.00545122 -3.20276 1.31702 -0.300113 -1.57513 0.0137604 0.840291 
5.19933 -0.338988 -0.365973 -0.432706 -0.913075 -0.378673 -0.299552 0.101507 -0.574121 0.0190371 0.0023702 -0.148981 0.0308071 -13.9461 3.30177 1.31467 1.49518 1.69762 -0.153056 0.117822 -2.61951 0.182419 -0.558432 -1.49299 0.909474 -0.395432 -2.37706 2.01507 -0.10405 4.18629 -0.781126 -0.364999 1.48223 -5.95692 3.50864 0.478925 -1.96134 0.249108 2.07247 
5.08475 -0.293482 -0.430074 -0.296226 -0.954837 -0.399798 -0.270258 0.0617097 -0.503903 -0.0195188 -0.0537896 -0.0300497 -0.0338316 -12.3093 3.25507 1.37388 1.80042 1.66962 -0.152776 0.717411 -3.94844 0.817138 -0.427874 -2.28954 0.722476 0.043096 2.11467 0.239331 0.403605 1.84538 -0.477715 -0.728438 2.2721 -5.69775 3.23585 1.09518 -1.73596 -0.650854 2.51063 
4.57009 -0.131151 -0.427256 -0.107819 -0.875103 -0.40698 -0.344228 -0.00330826 -0.47601 -0.108506 -0.00512076 0.0040171 -0.0333907 -7.15452 1.31052 2.12128 1.51515 1.25453 0.322614 0.550334 -4.28623 2.00451 -0.95981 -2.11151 -0.0194652 0.926516 10.7462 -3.63532 1.45444 -2.26392 -0.299756 -0.14878 1.78687 -2.07375 2.00766 0.320557 -0.518651 -1.5365 1.85846 
4.12809 0.00717789 -0.259611 -0.0910031 -0.863161 -0.440867 -0.157407 -0.493319 -0.334088 0.0201113 -0.201652 -0.0582795 0.132976 -2.17954 -0.117808 2.38469 0.952899 1.31273 -0.0731278 0.950156 -4.35328 3.1513 -1.47134 -1.63827 -0.526571 1.66146 16.2227 -5.93871 0.771088 -4.21497 -0.124012 0.615139 -0.65543 4.18886 -0.0880657 -1.41284 1.69962 -1.62468 0.182692 
4.39121 -0.0444427 -0.351986 -0.0320236 -0.908748 -0.41965 -0.148437 -0.473981 -0.286472 0.0398978 -0.261972 -0.0503641 0.148983 1.74582 -0.459879 1.31768 0.800913 0.742764 0.350728 0.209538 -2.4546 2.311 -1.32084 -0.978633 -0.510312 1.49344 13.2522 -4.34817 -0.220577 -3.5989 -0.035295 1.0211 -2.60626 7.29156 -1.84154 -2.01024 3.18608 -0.960518 -0.936027 
4.61067 -0.142223 -0.305096 -0.161848 -0.826892 -0.45777 -0.101647 -0.452901 -0.306465 -0.00752557 -0.272612 -0.0517493 0.0940508 6.79572 -1.11883 0.286526 -0.542073 0.171042 0.819774 -1.32991 1.21719 1.19264 -1.45024 0.560175 -0.82639 0.448022 6.68217 -0.173244 -2.81846 -0.573696 -1.17533 1.11616 -3.95875 8.26157 -2.65392 -1.12509 3.5967 0.414354 -2.13233 
5.18258 -0.493408 -0.0428344 -0.30909 -0.819996 -0.339935 -0.228917 -0.362639 -0.166615 -0.2306 -0.106952 -0.174171 0.19643 11.2467 -1.62587 -1.04557 -1.50442 -0.680758 1.17599 -2.27483 4.54112 0.221465 -1.56188 1.66823 -0.728025 -0.871843 -1.0175 4.33479 -5.15879 1.63425 -1.86917 0.48733 -3.1987 6.63427 -3.30853 1.01376 2.29205 1.49855 -3.28536 
5.14044 -0.355975 -0.185193 -0.252701 -0.795721 -0.428597 -0.188642 -0.33484 -0.170148 -0.188461 -0.157044 -0.171459 0.216514 12.4263 -1.23583 -2.29456 -1.43596 -1.03663 1.30266 -3.23158 7.06283 -0.389207 -2.10297 2.87681 -0.276682 -2.28536 -2.66473 4.07361 -3.7917 1.28409 -1.97993 0.281425 -1.30994 3.11186 -1.74339 1.47041 0.969504 1.37283 -3.22359 
5.16714 -0.18861 -0.401054 -0.146774 -0.883341 -0.298689 -0.379975 -0.0451711 -0.408289 -0.11651 -0.0961917 -0.0830404 0.111229 9.36957 0.255406 -2.72151 -0.987881 -0.808449 1.06214 -3.14318 6.50427 -0.267329 -2.00701 2.80577 -0.119955 -2.59437 -2.94281 1.59684 -0.777572 0.209184 -0.281997 -0.755554 1.37264 -1.60084 1.3207 0.275926 -0.556141 0.381246 -1.53769 
5.63188 -0.236278 -0.492591 -0.252412 -0.961806 -0.302137 -0.540187 0.290329 -0.368468 -0.204167 0.0934983 -0.0838125 -0.0839214 5.28724 1.54416 -2.88403 0.224926 -0.292652 1.00835 -2.95782 5.11959 -0.568918 -1.07934 1.50151 -0.0682286 -1.53186 -6.83471 0.0478711 2.51729 0.423284 2.29786 -1.0015 3.0446 -6.41252 2.10734 0.0717443 -2.99345 -0.584358 2.29397 
5.73352 -0.229506 -0.519355 -0.282779 -0.991805 -0.284803 -0.488334 0.300315 -0.368029 -0.207331 0.0787919 -0.112574 -0.100417 1.39655 2.25389 -2.41165 1.1497 0.461298 0.605295 -2.47765 3.30627 -1.26732 -0.0848153 0.066974 -0.154432 -0.33038 -8.73682 -0.800497 4.14789 1.42393 3.49531 -0.685356 1.94038 -7.22313 1.02574 0.445822 -3.80302 -1.23037 5.3161 
5.72117 -0.192155 -0.524421 -0.257225 -0.976733 -0.304464 -0.453347 0.240684 -0.278801 -0.250412 0.0762323 -0.0875439 -0.141028 -0.369537 1.32154 -0.525683 1.1653 1.265 0.627275 -1.86591 1.22245 -1.2023 0.0365573 -0.687034 -0.695338 1.15704 -8.11368 -0.46141 3.3507 1.94743 2.92682 -0.263051 0.531252 -4.92673 -1.60898 1.68466 -3.43901 -1.21423 5.73374 
5.50239 -0.105017 -0.55276 -0.220689 -0.871054 -0.328277 -0.452863 0.14413 -0.223765 -0.287398 0.022331 -0.106217 -0.099767 -2.41573 0.786923 0.854827 1.33336 2.17494 -0.0418366 -0.610399 -1.19167 -0.705984 0.269566 -1.65274 -1.23828 2.57096 -2.96907 -0.818048 1.97338 1.18018 0.785693 0.197491 -0.369385 -1.19532 -2.79473 1.8393 -1.21604 -0.731464 3.15635 
5.26065 -0.119162 -0.44447 -0.135654 -0.744139 -0.279964 -0.513702 0.0727866 -0.361571 -0.18108 -0.154582 -0.154346 0.164915 -4.36931 0.847118 1.34301 1.81782 2.59931 -0.171866 0.00424072 -2.46223 -1.2242 0.899722 -2.25344 -1.39844 3.38677 2.60622 -0.900702 0.106808 -0.555615 -1.16377 -0.335536 0.386849 1.12482 -0.989755 0.536887 1.48691 -0.205893 -1.14949 
5.2516 -0.160372 -0.367478 -0.0712903 -0.745769 -0.284711 -0.589802 0.0759703 -0.454558 -0.160334 -0.147 -0.213093 0.272309 -4.11523 0.67071 1.29916 1.72294 2.3972 -0.251915 -0.00804302 -2.24993 -1.44755 1.26002 -1.88859 -1.45258 3.01486 3.88 -0.183434 -1.3923 -1.43024 -1.67723 -0.55 1.5973 1.16255 0.969734 -0.15567 2.0547 0.350771 -3.60855 
5.2281 -0.136448 -0.357505 -0.0918899 -0.721669 -0.28248 -0.519859 0.0277339 -0.475536 -0.13798 -0.152541 -0.214077 0.260383 -2.96576 0.448063 0.905464 1.35959 1.75344 -0.158018 0.0951466 -1.72646 -1.55665 1.57908 -1.39139 -1.58718 2.25857 2.9431 0.278988 -1.90746 -1.1629 -1.44182 -0.394095 1.15464 0.848024 1.89354 -0.378761 1.64241 0.409728 -3.68453 
5.22213 -0.119567 -0.384588 -0.0699629 -0.700875 -0.330062 -0.481997 0.00800362 -0.440527 -0.13959 -0.154247 -0.227953 0.232893 -1.1891 0.192661 0.431401 0.821734 0.881429 -0.0990805 0.253935 -1.01593 -1.20358 1.68303 -0.638271 -1.47177 0.996108 1.3359 0.260266 -1.37913 -0.728324 -0.9216 0.290248 0.0120634 0.612543 1.27052 0.0608685 0.701148 0.133635 -2.04233 
5.23233 -0.120968 -0.387694 -0.0775851 -0.689028 -0.333043 -0.476388 0.0175208 -0.46408 -0.118024 -0.138363 -0.256904 0.219064 1.357 0.229926 -0.858214 0.211685 -0.0754299 -0.386688 0.215554 -0.0790133 0.612351 0.901313 0.487988 -0.608531 -0.908017 1.84219 -0.188945 -1.00599 -0.316345 -0.930578 0.487796 -1.11337 1.03597 1.32823 -0.0638717 0.343545 0.62348 -0.759843 
5.21961 -0.103623 -0.402938 -0.0730776 -0.698991 -0.324826 -0.456957 -0.0154684 -0.454086 -0.0762971 -0.144632 -0.272897 0.193032 3.26799 0.0281454 -1.27803 -0.0435325 -1.76807 -0.0670715 0.62459 0.594567 1.3276 1.01402 1.49271 -0.0735287 -2.082 3.93352 -0.732484 -0.653165 -0.235002 -2.38734 0.423023 -0.880638 1.776 1.46207 -0.398274 1.5168 1.21261 -1.03469 
5.21334 -0.0904833 -0.434532 -0.0574018 -0.706201 -0.308679 -0.472098 -0.0266077 -0.447477 -0.0506807 -0.152692 -0.304334 0.186796 4.78951 -0.53369 -0.914209 -0.141683 -3.40405 0.317062 0.833068 1.02997 1.16051 1.49898 2.15845 -0.0757412 -2.33654 4.9653 -1.10373 0.13759 -0.409126 -3.76233 0.387903 0.613652 1.62873 0.933858 -0.012297 2.2968 1.27497 -1.4376 
5.25554 -0.110605 -0.427086 -0.0766269 -0.7107 -0.298812 -0.497873 0.0129651 -0.46333 -0.011446 -0.143383 -0.32106 0.182817 5.72119 -1.02714 -0.265236 -0.375085 -4.50491 0.639256 1.28753 1.11306 0.678996 1.97159 2.44575 -0.0911049 -2.27365 3.60544 -1.18598 1.25328 -0.310291 -3.89714 0.403204 1.98952 0.493641 -0.509711 0.814154 1.86834 0.363568 -0.905729 
5.60496 -0.125974 -0.571216 -0.0951956 -0.797504 -0.354269 -0.558901 0.133326 -0.212544 -0.12689 -0.037626 -0.169139 0.0517878 6.0677 -1.42543 0.445736 -0.545997 -4.9773 0.577644 2.01008 0.763743 0.425954 2.23094 2.24396 0.070789 -2.05451 -0.559465 -0.961014 2.73126 -0.279049 -1.79527 0.491121 2.6948 -1.44529 -2.76897 1.92252 -0.239391 -1.13829 0.857943 
5.774 -0.173294 -0.493745 -0.081408 -1.12171 -0.269353 -0.397508 0.153969 -0.31265 0.00394717 0.138141 -0.206767 -0.0586401 5.78841 -1.69134 1.16492 -0.78799 -4.81999 0.310364 2.65409 0.342046 0.0024492 2.30955 1.85068 0.200659 -1.70008 -3.81695 -0.274835 2.3509 -0.379913 2.13071 -0.394993 1.54823 -2.4899 -2.3435 1.08673 -2.71754 -1.05698 2.23476 
5.81628 -0.225327 -0.406392 -0.109034 -1.19989 -0.244637 -0.323474 0.110742 -0.404774 0.117333 0.117099 -0.280743 -0.0189106 5.13368 -1.99243 2.15448 -1.34038 -3.78584 -0.336112 3.45603 -0.424843 -0.274977 2.25962 1.30218 0.192627 -1.15956 -4.24893 0.171006 1.33173 -0.681834 4.6277 -1.47682 0.401703 -2.20049 -0.535456 -0.563182 -3.11838 -0.0502724 2.11794 
5.83937 -0.254374 -0.357299 -0.126534 -1.20977 -0.252891 -0.282825 0.0916497 -0.444708 0.155721 0.0954416 -0.299714 0.00255054 3.78704 -1.94758 2.71344 -1.55298 -2.29373 -1.09764 4.01831 -1.3356 -0.318795 1.95344 0.492459 0.246148 -0.65402 -2.64679 0.319531 0.261523 -0.856699 4.88193 -2.20463 -0.157433 -1.25625 1.36034 -1.82147 -1.98777 1.00003 0.99488 
5.85336 -0.281169 -0.307894 -0.146981 -1.20067 -0.281969 -0.20387 0.0241922 -0.423646 0.177843 0.0372961 -0.259463 0.0115151 1.52385 -1.32128 2.46813 -1.04268 -0.936113 -1.34377 3.67031 -1.64775 -0.987269 1.81978 -0.507493 0.145704 -0.140342 -1.02206 0.796626 -1.22213 0.0337327 2.81281 -1.70322 -0.805247 0.289678 1.70657 -2.01947 -0.249487 1.25316 -0.393321 
5.84196 -0.286723 -0.282784 -0.174478 -1.183 -0.317636 -0.160987 -0.00175304 -0.4326 0.185058 0.017454 -0.239158 0.00728111 0.294586 -0.51953 1.33871 -0.634906 0.749643 -1.87243 2.46429 -1.13149 -0.599569 0.847126 -1.05919 0.538516 0.0117782 -0.946934 1.36268 -2.07351 1.31829 0.440883 -0.310984 -1.35231 1.43968 0.223357 -1.05692 0.720489 0.447377 -0.897967 
5.9164 -0.358636 -0.16991 -0.281935 -1.07484 -0.418854 -0.0669422 -0.0516331 -0.400703 0.176535 0.0254399 -0.249205 0.0333979 -0.589546 0.33856 0.19244 0.0240018 1.34541 -1.87609 1.51641 -0.629102 -0.292752 0.0625775 -1.03278 0.797297 -0.193761 -1.97771 2.1489 -3.05269 2.49933 -0.721626 1.11695 -2.4946 1.96041 -0.969032 -0.43002 0.328038 -0.203156 -0.595718 
5.92546 -0.352329 -0.179809 -0.268795 -1.04529 -0.491309 -0.0104251 -0.0827176 -0.337216 0.143663 0.0127265 -0.188598 -0.00746239 -1.4294 1.03279 -0.866586 0.825029 2.01407 -2.0439 0.672466 -0.215721 -0.12949 -0.822019 -0.905059 0.834558 -0.438899 -2.40704 2.05516 -2.83204 2.41567 -0.087782 1.27882 -2.77246 1.59825 -1.11094 -0.716286 -0.0695601 -0.573191 -0.0692475 
5.82161 -0.247276 -0.326506 -0.116889 -1.15806 -0.42045 -0.0903603 0.00344168 -0.445999 0.186333 -0.00511201 -0.177248 -0.049018 -2.51048 1.59012 -1.46766 1.38859 2.84218 -2.13468 -0.0311832 -0.0533214 -0.0655716 -1.81228 -0.648895 0.65056 -0.494808 -2.01645 0.904733 -0.964891 0.83506 1.98674 -0.0486515 -1.42763 -0.106102 0.28559 -1.84622 -0.182142 -0.431407 0.38246 
5.78483 -0.21837 -0.342223 -0.129374 -1.07937 -0.45217 -0.126703 0.0577114 -0.491105 0.170334 0.00932321 -0.207882 -0.0335792 -4.04012 1.92618 -1.19362 1.10445 4.10348 -2.13494 -0.50511 -0.446627 0.280687 -2.7945 -0.763342 0.831271 -0.264296 -2.08214 -0.145653 1.19028 -0.981541 3.46641 -1.0927 0.0491517 -1.77062 1.55472 -2.65588 -0.197476 0.235563 0.531717 
5.70479 -0.168235 -0.386027 -0.09237 -1.01708 -0.451541 -0.155858 0.00953648 -0.455834 0.128121 -0.0541205 -0.20404 -0.00630117 -5.87603 1.83328 -0.0540338 0.134853 5.52734 -2.46238 -0.849013 -0.614822 0.84138 -3.58466 -1.2343 1.41652 -0.251921 -2.4436 -1.1803 3.61334 -3.08092 4.13508 -1.82964 1.0152 -1.98366 2.08885 -2.45493 -0.24316 1.13982 0.293181 
5.64571 -0.142893 -0.446478 -0.0250478 -0.874961 -0.56902 -0.162005 0.00521033 -0.412364 -0.00757945 -0.0505573 -0.166268 -0.0527779 -7.18523 0.494279 2.20489 -1.54366 7.11726 -2.54064 -1.12417 -1.16952 1.53739 -3.93709 -0.999271 1.37744 -0.297763 -3.01655 -2.23287 5.29146 -4.31697 3.10567 -0.753323 0.548596 -1.36997 1.76933 -0.771954 -0.165907 1.24202 -0.100742 
5.5139 -0.120203 -0.403379 -0.0415447 -0.741518 -0.620543 -0.137375 -0.0600527 -0.389179 -0.11321 -0.0332883 -0.169252 -0.040764 -8.44782 -1.79182 4.08528 -2.75895 8.38254 -1.86905 -0.938384 -1.91771 2.17301 -4.2315 -0.967984 1.8419 0.219702 -3.0034 -3.82156 4.77653 -3.44183 1.30586 1.49974 -0.541734 -0.170633 0.62519 1.02918 -0.0771805 0.948291 0.0362399 
5.3029 -0.108482 -0.257875 -0.206661 -0.527533 -0.653476 -0.142275 -0.152583 -0.331039 -0.206084 -0.0854412 -0.095772 0.00880704 -9.50669 -3.85698 4.04773 -3.22159 8.56687 0.041836 0.125605 -1.24562 2.58473 -3.4495 -0.41518 2.49886 0.281068 -1.68243 -5.18103 1.35277 -0.936207 -0.514456 4.07578 0.10977 1.50594 -0.123392 2.45082 0.928163 0.367701 0.208223 
5.10296 -0.165608 -0.0603694 -0.358576 -0.340693 -0.783565 -0.147975 -0.108067 -0.243087 -0.263071 -0.18045 0.0209031 -0.0411119 -9.1596 -5.35916 3.19856 -3.58006 8.31581 0.71751 0.0710867 0.180171 3.25608 -2.01655 -0.527552 2.64406 0.48465 0.69651 -4.43786 -3.73693 1.79239 -1.96175 4.83014 0.670912 2.71191 0.090761 3.24279 1.08294 -0.202397 0.783546 
4.95683 -0.356962 0.133975 -0.447507 -0.223808 -0.71123 -0.245092 -0.168921 -0.201751 -0.255014 -0.0634133 -0.0576022 -0.10041 -6.8681 -5.14642 1.26562 -3.64796 7.56996 2.25129 -0.23358 0.170313 2.34059 -0.835959 -0.502837 2.41106 0.688959 4.43097 -0.402418 -7.82507 2.70479 -2.22212 3.15312 0.994297 2.50792 -0.499739 2.65366 0.1988 -0.0923862 0.876641 
4.71727 -0.601203 0.127688 -0.389522 -0.129145 -0.506293 -0.245039 -0.207762 -0.246467 -0.307308 -0.12067 0.0404203 0.0580398 -7.38345 -3.35263 -1.50598 -2.82783 6.76544 2.77805 -1.5124 0.422671 2.27422 0.18067 -0.441291 2.02308 0.912857 4.44554 5.44115 -8.12492 1.60706 -1.69207 -0.275244 -0.986863 0.812024 -0.401689 1.82003 -0.378332 -0.845697 0.169677 
4.59597 -0.739502 -0.0915543 -0.421421 -0.029378 -0.288787 0.0157774 0.00834888 -0.143778 -0.204285 -0.0013415 0.131616 0.012335 -10.0827 -3.69545 -3.6473 -0.176861 4.19098 3.17925 -1.95306 0.91578 2.14465 1.18888 -0.247841 1.61752 1.19176 -1.41926 6.46888 -4.25588 2.01275 -2.53892 -2.70972 -3.58104 -1.64817 -0.689713 0.540592 -1.09729 -1.21804 0.228009 
4.68702 -0.757948 -0.216075 -0.455905 0.0455702 -0.525025 -0.191887 0.130164 0.0530693 -0.119205 -0.184737 0.119184 0.0439289 -11.871 -3.56726 -4.47788 2.38277 2.05154 3.05776 -1.40765 1.48196 1.65635 1.46436 -0.055653 1.17423 1.1443 -8.59342 2.64743 0.879785 3.9572 -3.95782 -1.86985 -1.90246 -1.65232 -1.23329 -0.439883 0.135811 -0.971258 -0.299341 
4.99873 -0.526781 -0.400725 -0.511151 0.125247 -0.329498 -0.234276 -0.150416 -0.251689 -0.201913 -0.119675 0.101596 0.0293903 -16.1222 -1.51025 -3.8806 2.87407 0.414385 2.72108 -0.577417 1.34645 0.932 0.965971 -0.170199 0.654523 1.27012 -14.7032 -2.06462 5.29053 4.338 -4.8527 -0.506405 1.34977 0.423412 -0.331226 -0.736991 0.919469 -0.982227 -0.120826 
4.19435 -0.25283 -0.538502 -0.477991 0.218518 -0.403895 -0.489734 -0.119443 -0.0427071 -0.155786 -0.13131 0.0920466 0.101306 -17.6919 0.150566 -3.33944 2.47491 -0.62478 1.83297 0.249106 1.30793 0.313482 -0.17378 -0.552918 -0.204676 1.91163 -8.74714 -3.43598 5.36235 1.65661 -3.70691 1.04706 5.45119 1.6262 -1.44889 -2.0418 0.32875 -0.714509 0.913514 
3.45029 -0.842831 -0.457811 -0.112898 -0.117403 -0.329598 -0.392916 -0.00883962 0.004923 -0.0629054 -0.140109 0.15596 0.138562 -18.2634 0.808551 -2.58033 1.60716 -1.40031 1.80813 1.04813 1.25788 -0.204988 -1.33529 -1.34359 -1.03141 2.63242 2.31925 1.8344 1.49423 -4.26436 0.235379 1.0011 5.66959 1.66403 -1.36976 -2.88527 -0.886021 -1.33976 1.4897 
3.42589 -0.920386 -0.325612 0.0528256 -0.120099 -0.34637 -0.204157 0.137894 -0.0589068 -0.117417 -0.101938 0.135981 0.0398358 -11.1898 2.02653 -2.85137 0.204988 -2.66949 2.60347 0.497334 1.58488 -0.189895 -0.690929 -0.46648 -1.2522 1.8524 16.3303 6.10928 -3.31293 -7.74506 1.39789 0.220595 -0.170547 0.0786119 -0.191557 -1.04545 -1.49302 -1.37291 1.08097 
2.59083 -0.569752 -0.232465 -0.20949 -0.126221 -0.160778 -0.141299 -0.0205548 -0.159827 -0.217484 -0.0639845 0.0289709 0.153315 -1.95942 2.495 -2.97353 -1.43856 -3.23437 2.12881 -0.75694 2.59761 0.898039 0.3744 -0.108125 -1.42835 1.1346 29.0676 5.42764 -5.53313 -5.96205 0.677013 -0.488367 -5.7114 -0.254867 1.24463 2.20225 -0.00158033 -0.406053 -1.42724 
2.81581 -0.530642 -0.53245 -0.283671 -0.0692104 -0.233361 -0.01916 0.101639 -0.164224 -0.3765 -0.248208 0.0442461 0.404966 6.42952 2.70087 -2.25036 -1.97887 -3.16938 2.36666 -0.271942 1.54445 0.299694 0.8579 0.762332 -1.33299 -0.0910788 24.717 1.60428 -1.52152 -0.853794 -1.10783 -0.606911 -7.1504 -1.03549 2.35883 5.01262 2.7963 0.583859 -4.46596 
2.8296 -0.519469 -0.636707 -0.432342 -0.0829811 -0.154244 0.0303809 0.214949 -0.0739354 -0.346944 -0.324825 -0.0447027 0.353067 12.639 3.57985 -2.08315 -2.58502 -2.17801 1.51567 -0.954082 1.19385 0.523281 1.08386 1.22989 -1.06535 -1.1221 12.5777 -3.81549 3.59515 4.42455 -1.73228 -1.08428 -2.99615 -1.3002 0.984308 3.86554 3.82084 1.72748 -4.6567 
4.42055 -0.186163 -0.811292 -0.536776 -0.319562 -0.133071 -0.564238 0.144747 -0.0257733 -0.0341618 -0.108077 -0.0284952 0.108755 15.7314 1.60048 -1.59812 -1.56283 -2.47264 0.476951 -1.6239 0.954536 0.398424 1.6722 1.80344 -0.0723521 -1.62658 -6.7143 -7.01206 6.59518 6.12384 0.467065 -1.86133 4.39973 -0.676832 -1.33236 -0.64523 1.98265 2.01075 -1.75562 
4.80209 -0.212149 -0.798358 -0.582854 -0.309718 -0.116343 -0.625531 0.198013 0.0258794 0.00725899 -0.0352063 -0.0418206 0.10892 16.9873 -0.872611 -0.216599 0.864811 -2.38566 -1.1526 -1.51893 1.05166 -0.233091 1.53778 1.66584 0.892961 -2.03377 -16.2964 -5.93098 5.20252 4.69707 1.58859 -2.65834 6.43551 -0.438534 -3.09776 -3.83799 -1.05451 1.85335 1.6421 
4.23086 -0.430308 -0.501779 -0.269727 -0.340668 -0.080455 -0.246138 0.0492273 -0.0215405 -0.00319656 0.0488754 0.00779098 0.0163704 12.4308 -1.59648 1.78871 2.24872 -1.90061 -1.52965 -1.14763 -0.219515 -1.3922 1.20566 1.88414 1.08997 -2.07754 -11.2958 -2.17073 0.567541 1.23132 2.08484 -2.85058 2.6527 0.222381 -3.15263 -4.06651 -3.27821 0.907323 3.72927 
4.49951 -0.58035 -0.493816 -0.267279 -0.342141 -0.197407 -0.221565 0.236063 -0.0197474 -0.0755625 0.00483234 0.0393451 -0.0281143 8.80703 -0.49948 3.44173 3.29942 -1.64553 -2.79835 -0.991771 -0.573989 -2.65623 -0.233293 0.800591 0.640408 -0.930094 -4.63817 3.77156 -0.755563 -0.849522 0.936744 -1.60205 -2.29069 -0.963684 -2.33836 -2.00045 -3.19367 -1.15473 3.06654 
4.72658 -0.639316 -0.504052 -0.263884 -0.383906 -0.285588 -0.272466 0.214504 -0.160656 -0.0810095 0.0763633 0.127619 0.0245976 5.1405 0.589286 4.10204 3.14564 -1.91489 -3.53728 0.0951982 0.271876 -3.09566 -1.2017 -0.452897 -0.36512 -0.0756699 3.3932 7.94672 -0.44396 -1.78391 -1.20996 -0.378334 -4.97384 -0.654371 -0.331193 0.534236 -1.81249 -3.11736 0.699735 
4.61703 -0.614923 -0.456737 -0.157421 -0.351759 -0.401329 -0.284605 0.171034 -0.248928 -0.198089 -0.095019 0.138586 0.143834 7.07501 2.86628 3.57485 2.15666 -3.2404 -4.02127 -0.705904 0.665008 -2.96272 -0.578889 -0.616569 -1.18972 -0.109609 6.23054 7.26601 0.484534 -2.18874 -3.16285 0.396838 -2.81697 0.935982 1.56117 2.29139 0.517659 -3.58561 -1.40061 
4.50557 -0.539545 -0.450006 -0.143021 -0.302502 -0.333934 -0.316706 0.0353056 -0.302182 -0.142597 -0.0517573 0.0809226 0.118844 9.56063 4.91587 2.46892 0.596575 -3.78654 -4.0736 -1.8886 1.04183 -2.02495 0.0687403 -0.583645 -1.83508 0.039254 5.55987 3.36173 0.459886 -1.75429 -3.72191 0.0741165 0.760635 2.2303 2.76658 2.37471 1.65891 -1.90604 -2.04321 
4.93618 -0.125664 -0.217482 -0.11698 -0.475328 -0.509407 -0.567092 0.125704 -0.358503 -0.201814 -0.143882 -0.0868245 0.0934631 7.94443 5.71479 2.44608 0.15614 -3.60081 -3.48473 -1.52768 0.512201 -0.880978 0.534989 -0.396774 -2.02397 -0.126041 0.738558 -2.1584 -1.61329 -1.75282 -0.906326 0.522096 3.24743 1.56558 3.22055 1.5645 1.79364 0.993909 -1.05515 
5.43837 -0.0404439 -0.256595 -0.190588 -0.690755 -0.544872 -0.533224 0.290167 -0.313786 -0.0774509 -0.0645148 -0.147398 0.00720619 5.95974 5.26407 2.3562 -0.293419 -2.4975 -2.96691 -0.838244 0.20818 0.745865 0.498083 -0.470977 -2.1034 -0.317036 -7.24813 -4.78479 -1.76888 -0.655291 3.56128 0.925979 3.06025 -1.49735 2.52846 -0.612571 0.325019 2.6388 0.886215 
5.50213 -0.0402614 -0.240212 -0.20841 -0.811011 -0.605262 -0.402869 0.28354 -0.290856 -0.00324977 0.00208158 -0.148099 0.00404086 3.9671 3.79923 2.08115 -1.00252 -0.773214 -2.40813 0.0601703 -0.606816 1.66303 0.557962 -0.268455 -1.54373 -0.394512 -11.4181 -4.63203 -0.868937 0.103899 6.96464 1.37006 1.41082 -3.6927 1.51422 -2.21595 -1.62897 2.342 1.74451 
5.43337 -0.0281582 -0.258295 -0.211494 -0.751334 -0.636303 -0.381308 0.247578 -0.220487 -0.0410941 -0.012318 -0.116535 0.023356 0.767357 1.68451 1.91037 -1.28895 1.42498 -1.88612 0.730017 -1.53291 2.06725 0.267515 -0.589424 -0.804818 -0.134047 -9.69087 -3.16579 0.482772 0.00845781 6.92426 1.67859 -0.236477 -4.06177 0.113721 -1.65578 -1.77114 0.827914 1.04433 
5.27978 -0.0221285 -0.223228 -0.230151 -0.640084 -0.650853 -0.408593 0.219339 -0.171253 -0.0854579 -0.073211 -0.0831104 0.0391125 -3.75137 -0.739518 2.04248 -1.91531 4.39176 -1.1741 1.1354 -2.50026 1.84554 -0.132618 -0.173939 0.0307862 -0.470771 -4.45621 -1.67412 1.75361 -0.779041 4.49052 0.904838 -1.17905 -2.01313 -1.27154 -0.567081 -0.40826 -0.397384 -0.640551 
5.11407 -0.0449399 -0.180307 -0.225598 -0.4837 -0.665025 -0.397791 0.084725 -0.0902053 -0.141355 -0.113948 -0.11791 0.0939792 -6.60863 -1.66191 3.03633 -1.74164 6.2024 -0.927499 0.136028 -3.45007 1.90281 -1.02145 -0.338392 0.135992 -0.804933 -0.300596 -1.43596 1.83948 -1.13456 1.22543 0.386508 -1.31037 0.456018 -1.39982 0.449688 1.42024 -0.434366 -2.28553 
4.98189 -0.0909074 -0.135426 -0.284307 -0.311641 -0.661464 -0.325977 -0.0539053 -0.109103 -0.126797 -0.163875 -0.107794 0.0869923 -7.09379 -1.86699 3.34695 -1.56099 6.54021 -0.578673 -0.984317 -3.12311 1.36922 -0.846471 -0.282784 -0.104165 -1.49016 1.17058 -0.732205 1.28321 -0.206884 -1.49357 -0.109373 -1.80935 2.17557 -0.909492 0.623765 2.08913 -0.264734 -2.54298 
4.88087 -0.146769 -0.0763448 -0.316825 -0.21528 -0.619947 -0.381324 -0.0944441 -0.114111 -0.079477 -0.14058 -0.135546 0.0380306 -6.24154 -1.94828 3.50851 -1.51302 5.53856 -0.333099 -1.49318 -2.4761 1.13834 -0.516853 -0.0232434 -0.266792 -1.90988 1.89499 0.323108 0.0467318 0.856789 -3.05837 -0.212426 -1.70394 2.45993 0.111791 0.152347 1.01168 0.0624905 -1.31212 
4.75641 -0.201281 0.0860599 -0.459657 -0.0505881 -0.711343 -0.431493 -0.00146824 -0.170321 -0.14661 -0.021933 -0.107826 -0.106479 -4.33197 -1.69995 2.83105 -1.15987 3.83683 -0.512187 -0.899742 -1.5762 0.5428 -0.269779 0.598596 -0.175509 -1.89106 3.00802 1.26818 -1.94426 1.9221 -4.17571 0.143862 0.00471061 1.50327 0.343464 0.304379 -0.44579 0.155293 0.970529 
4.69622 -0.258657 0.144857 -0.371359 -0.0606103 -0.702712 -0.498395 -0.119272 0.00278883 -0.195766 -0.0443051 -0.127929 -0.130444 -1.94479 -1.24354 1.81946 -0.595303 1.78011 -0.944609 -0.265624 -0.420505 0.266857 -0.0497554 0.759561 -0.0173635 -1.34023 4.38098 1.62527 -3.16442 1.49265 -3.94697 -0.270442 2.38076 1.14859 -0.63485 0.502298 -0.809863 0.25388 2.63997 
4.60153 -0.219101 0.113528 -0.341198 -0.0558532 -0.681149 -0.5538 -0.0669041 -0.110499 -0.0837567 -0.063605 -0.148828 -0.166365 0.515629 -0.484643 0.355589 0.111205 -0.406552 -1.28027 0.600434 0.466862 0.238339 -0.0593533 0.885776 0.110636 -0.594473 5.61616 1.28711 -3.36369 0.75511 -3.48689 -0.871372 3.95627 0.761807 -0.741383 0.0743513 -0.26681 0.471734 2.88538 
4.64697 -0.233048 0.148312 -0.389747 -0.0816753 -0.665543 -0.569018 -0.0678764 -0.0126597 -0.139424 -0.09564 -0.128928 -0.139427 2.87718 0.372451 -1.49497 0.802672 -2.34811 -1.38432 1.64599 1.25798 0.0927197 -0.471629 1.34611 0.410747 0.209078 5.25474 1.12666 -3.29231 0.640779 -3.0017 -0.993315 3.30941 1.29241 -0.951226 -0.338814 1.18766 0.450611 1.68818 
4.78345 -0.213966 0.0582929 -0.354927 -0.148957 -0.747977 -0.361928 -0.0475532 -0.12224 -0.146798 -0.0114962 -0.100112 -0.089801 4.95111 1.23822 -3.68806 1.86052 -4.50182 -0.770717 2.07734 2.18734 -0.584434 -0.0211954 1.51078 0.742901 0.787629 3.37298 1.13174 -2.85551 0.90128 -2.75343 0.172016 0.359075 2.06232 -0.609053 -0.420777 1.66203 0.567777 -0.14542 
4.93237 -0.215938 0.0100731 -0.314612 -0.226172 -0.821043 -0.312809 -0.0220903 -0.0793197 -0.124532 -0.050393 -0.121071 -0.00478267 6.25533 1.69273 -4.63612 1.98475 -6.21865 -0.201541 2.53861 2.9448 -1.70539 0.805076 1.88279 0.803928 0.893469 1.05692 1.06111 -2.2049 1.33604 -3.09101 2.06592 -1.66202 1.72512 -0.980744 0.658544 1.32766 0.391008 -1.26565 
5.07096 -0.160252 -0.0983224 -0.305933 -0.35066 -0.821685 -0.244381 0.0187383 -0.0957905 -0.121835 -0.00245542 -0.0945981 -0.0356096 6.82114 1.61457 -4.88533 2.47913 -7.72636 0.363053 2.80414 2.85823 -2.16721 1.54286 2.04751 0.588678 0.784999 -0.927324 0.366457 -0.634167 1.2367 -2.86465 2.80714 -1.97194 0.763177 -1.86562 2.39861 0.130348 -0.273025 -1.16201 
5.2007 -0.107072 -0.230601 -0.25639 -0.471198 -0.807398 -0.250922 0.151468 -0.102839 -0.235822 0.171357 -0.0583874 -0.044824 6.46946 1.27982 -4.49069 2.7273 -8.4714 1.15479 2.52963 2.58174 -2.89231 2.77672 1.80983 0.181225 0.551984 -1.79563 -1.00593 1.78663 0.315094 -1.80637 2.2589 -0.584428 -1.37881 -1.71525 3.60874 -1.63996 -1.06501 -0.293711 
5.30977 -0.0391172 -0.413876 -0.117169 -0.684574 -0.716364 -0.316524 0.288045 -0.227898 -0.106551 0.15213 -0.00333582 -0.0728261 5.65318 0.54302 -3.18261 2.33566 -8.56772 2.20675 1.84357 1.69629 -2.79983 3.71775 1.02935 -0.243478 0.512982 -1.86854 -2.2806 3.90185 -1.09269 0.295929 0.830883 1.11659 -3.26859 -0.567682 2.82844 -2.132 -1.62048 0.742628 
5.38014 -0.0468786 -0.39001 -0.122121 -0.898545 -0.637331 -0.230134 0.224472 -0.297033 0.0645563 0.128831 -0.0727146 -0.0380805 4.62852 -0.192916 -1.79884 1.78839 -8.06831 2.87614 1.80062 0.522043 -2.90357 4.3317 0.462964 -0.602504 0.627038 -1.62662 -2.49095 4.1525 -1.82159 2.4535 -0.11988 0.83509 -3.35118 1.04806 0.74037 -1.95286 -1.15506 1.08141 
5.4267 -0.0697264 -0.407811 -0.0555699 -1.04573 -0.630762 -0.145102 0.217203 -0.380314 0.156673 0.142668 -0.107878 -0.0446026 3.69084 -1.02271 -0.227412 0.986234 -6.77414 3.00352 1.58266 -0.614671 -2.50858 4.56056 -0.249357 -1.11765 0.948129 -1.30334 -1.66822 3.13299 -2.31822 3.71732 -0.190931 -0.304802 -2.38305 2.01067 -1.25073 -1.00335 -0.396639 0.760422 
5.49832 -0.136086 -0.345852 -0.0758772 -1.10728 -0.582943 -0.122532 0.188382 -0.400299 0.228788 0.112935 -0.124791 -0.00937698 2.68309 -1.45106 0.96308 0.0982997 -5.20364 2.85133 1.47482 -1.83328 -1.73823 4.30741 -0.912208 -1.37222 0.968867 -1.38575 -0.180852 1.14218 -1.72545 3.65598 -0.222453 -1.31954 -0.972232 2.05215 -2.40781 0.0728869 0.19969 -0.0249989 
5.54956 -0.198411 -0.275819 -0.108813 -1.17568 -0.512844 -0.098579 0.101181 -0.390653 0.303301 0.061415 -0.14797 0.0447009 1.94377 -1.57934 1.61052 -0.680115 -3.44083 2.55851 1.10977 -2.43925 -0.685285 2.95871 -0.699376 -1.46452 0.901003 -1.4189 1.05587 -0.623573 -0.715999 2.79933 -0.286555 -1.72818 0.227564 1.40047 -2.4062 0.633538 0.403397 -0.858126 
5.55251 -0.213388 -0.250404 -0.121012 -1.21615 -0.467267 -0.0790568 0.0458418 -0.397232 0.341431 0.0490216 -0.172331 0.0669645 1.52991 -1.34791 1.416 -0.863718 -1.96804 2.23922 0.360161 -2.16013 -0.115895 1.76591 -0.573195 -1.07371 0.613776 -0.997665 1.27763 -1.16813 -0.0391895 1.81448 -0.557543 -1.23593 0.706205 0.777318 -1.97375 0.756403 0.369392 -1.08761 
5.58037 -0.234243 -0.220391 -0.176647 -1.18774 -0.44126 -0.113487 0.0467448 -0.394948 0.339381 0.0762883 -0.203216 0.051642 1.1715 -0.932638 1.20482 -1.11326 -0.934999 2.01971 -0.14214 -1.92914 0.241454 1.01329 -0.559266 -0.812653 0.429046 -0.458271 0.963523 -1.14674 0.581096 0.971756 -0.764366 -0.464239 0.869464 0.137868 -1.28275 0.323873 0.525938 -0.722533 
5.55162 -0.208066 -0.237746 -0.17445 -1.20344 -0.415405 -0.121664 -0.00755491 -0.359425 0.331486 0.0604041 -0.191702 0.0291933 0.825512 -0.406448 0.65535 -0.879209 -0.411929 1.60546 -0.364322 -1.49483 0.291639 0.431546 -0.3634 -0.621429 0.135943 0.178034 0.323898 -0.527115 0.51778 0.564697 -0.726734 0.0200069 0.917934 -0.330967 -0.486009 -0.127511 0.460282 -0.0368371 
5.57671 -0.211478 -0.243016 -0.176128 -1.21789 -0.366852 -0.147112 -0.0268819 -0.345874 0.313414 0.0777745 -0.220672 0.0347617 0.732376 -0.0553775 0.188691 -0.589962 0.0315696 1.06862 -0.412511 -0.882858 0.166267 0.0821479 -0.229484 -0.349809 -0.078983 0.241169 0.0745268 -0.169436 0.37038 0.375766 -0.817526 0.404811 0.779914 -0.523243 0.142232 -0.404382 0.471737 0.294566 
5.61575 -0.232594 -0.227516 -0.181387 -1.21034 -0.377125 -0.135294 -0.0209189 -0.371199 0.328109 0.0567497 -0.209279 0.0348199 0.491125 0.280071 -0.207344 -0.282848 0.243551 0.601575 -0.384375 -0.357943 0.0804139 -0.0978635 -0.137907 -0.127276 -0.0618421 -0.327093 0.399151 -0.400882 0.375328 0.286899 -0.790541 0.313112 0.774297 -0.33785 0.128383 -0.0055288 0.298519 0.248879 
5.61815 -0.225301 -0.214924 -0.207736 -1.18426 -0.36616 -0.136148 -0.0307264 -0.373616 0.332934 0.0339649 -0.206482 0.0439236 -0.254847 0.597565 -0.463201 -0.0763521 0.812706 0.0292894 -0.604625 0.549202 -0.162812 -0.474152 0.0969568 0.0897857 -0.0464163 -1.22624 0.707029 -0.665519 0.35766 0.711983 -0.958533 -0.307463 1.36855 -0.196242 -0.473551 0.695427 0.21817 -0.092115 
5.62255 -0.213617 -0.233474 -0.191429 -1.1992 -0.355263 -0.148911 -0.0346083 -0.365451 0.327602 0.0384373 -0.213427 0.045484 -2.50148 1.16732 -0.860531 0.570745 1.88628 -0.3896 -0.595486 0.311436 -0.157806 -1.18722 -0.167321 0.241867 -0.141495 -3.63226 1.21394 -0.934168 0.841905 1.69092 -0.930938 -0.532983 0.668047 0.0827239 -1.41716 0.427026 0.298293 -0.392001 
5.6452 -0.210421 -0.246635 -0.186212 -1.18052 -0.376812 -0.134578 -0.0171191 -0.380644 0.338277 0.0340575 -0.198573 0.0435181 -4.78612 1.83893 -1.29407 1.29551 2.58466 -0.794756 -0.229527 -0.489496 0.0859511 -1.73345 -0.556764 0.379356 -0.402323 -5.66502 1.47313 -0.933625 1.43249 2.21229 -0.646438 -0.168859 -1.01996 0.449097 -1.98216 -0.372917 0.176551 -0.576491 
5.58084 -0.155004 -0.291716 -0.168159 -1.17121 -0.395453 -0.14845 0.0187419 -0.377908 0.314855 0.0681537 -0.200317 0.047161 -6.45339 2.27052 -1.51834 1.80098 2.96033 -1.08764 0.0703356 -1.17358 0.496567 -2.13372 -0.655766 0.360189 -0.614594 -5.48304 1.06904 -0.450438 1.5792 1.7943 -0.429991 0.79405 -2.71864 0.792347 -1.4699 -1.2736 0.112327 -0.618363 
5.4588 -0.12992 -0.292414 -0.192901 -1.03021 -0.449387 -0.247417 0.162864 -0.405841 0.221012 0.121152 -0.18432 0.0195179 -7.31021 2.33385 -1.51971 2.10483 3.10929 -1.39203 0.239924 -1.4015 0.742732 -2.22654 -0.714954 0.394062 -0.713146 -2.56563 0.271536 0.0828218 1.13003 -0.00456369 -0.1086 1.5883 -3.14526 1.02394 0.0459574 -1.36754 -0.0769463 -0.25434 
5.02538 -0.0199181 -0.375802 -0.0311794 -0.893132 -0.439076 -0.189121 -0.0952372 -0.34879 0.109273 -0.0196843 -0.164956 -0.000816679 -6.67044 1.79657 -1.0326 1.67318 2.79363 -0.932294 -0.205789 -0.948981 0.63045 -1.90343 -0.614104 0.276822 -0.565512 3.35214 -1.39889 1.14441 -0.880258 -2.06837 0.450983 0.358931 0.256059 0.228922 1.76398 0.253731 -0.34064 0.341225 
4.91307 0.0264025 -0.402014 0.0218586 -0.893653 -0.467416 -0.108604 -0.20365 -0.321967 0.103326 -0.0551137 -0.173433 -0.0273079 -3.43958 0.802726 -0.615578 0.496617 2.00961 -0.479321 -0.879444 0.333807 0.768683 -1.37429 0.152341 0.541761 -0.325302 8.75654 -2.80129 1.62799 -3.06483 -2.77475 1.08316 -1.78352 4.28901 -0.498663 2.35494 2.08916 0.0571684 0.903374 
4.8764 0.0292837 -0.384175 0.0182082 -0.878827 -0.513044 -0.0900534 -0.199304 -0.287826 0.105364 -0.0330956 -0.171817 -0.0362546 0.387373 -0.304114 -0.393197 -0.465897 1.01169 -0.0434656 -1.02754 1.33229 0.671302 -0.684736 0.686584 1.08611 0.0481701 11.0397 -3.09466 1.04262 -3.79138 -2.51143 1.53627 -2.74763 5.8442 -0.922196 1.80002 2.79823 0.848273 1.14492 
4.85514 0.0238014 -0.383113 0.0229627 -0.860171 -0.539623 -0.123129 -0.13582 -0.28277 0.111847 -0.0245787 -0.160584 -0.0256515 3.91853 -1.11969 -0.421305 -1.22905 -0.122353 0.449692 -1.07164 2.31106 0.5251 -0.19975 1.16506 1.63685 0.428414 9.24274 -2.20754 -0.093068 -2.79259 -1.46735 1.33342 -1.77126 4.17966 -0.72222 0.417261 2.04159 1.64134 0.8451 
5.03614 -0.0713667 -0.315636 -0.0768896 -0.921385 -0.402925 -0.272846 0.0178233 -0.347254 0.155735 0.0235795 -0.189685 0.00939736 6.72905 -1.77469 -0.362675 -2.1126 -0.580265 0.616911 -1.46426 3.84356 0.236336 -0.128215 1.70621 2.13388 0.68918 3.36437 -0.200021 -1.39709 -0.181285 -0.0455737 0.104649 0.836385 0.0847302 0.0931423 -1.02278 -0.0311729 1.92385 0.255133 
5.53291 -0.161629 -0.335146 -0.250788 -0.954077 -0.427428 -0.348052 0.24238 -0.28824 0.169605 0.181791 -0.0812601 0.0219595 7.21222 -1.90388 -0.493029 -2.20119 -0.289066 0.690961 -1.63929 4.16112 0.106483 -0.540201 1.56815 2.423 0.906107 -3.3908 1.32355 -1.29887 1.99477 1.02741 -0.675801 2.21708 -2.83081 0.153193 -1.63045 -1.9244 0.748357 -0.144474 
5.6312 -0.180876 -0.392774 -0.218639 -0.969626 -0.422812 -0.284363 0.21869 -0.30885 0.156865 0.165054 0.00306741 0.0518512 6.16729 -1.44824 -0.736295 -1.76688 0.0837361 0.540123 -1.54567 3.69842 0.0595175 -0.9394 1.18359 2.39522 0.905237 -6.80865 1.86711 -0.309469 2.23816 1.68322 -1.08313 1.3084 -2.80896 0.21914 -1.3967 -2.08143 -0.753679 -0.352164 
5.6342 -0.169944 -0.43558 -0.199471 -0.962576 -0.396686 -0.278474 0.227885 -0.306527 0.0896483 0.141242 0.0572555 0.0510738 3.89538 -0.616755 -0.897668 -1.01788 0.731002 -0.206049 -1.27566 2.91013 0.257022 -1.39797 0.814808 2.23587 0.603128 -6.8401 1.7041 0.592304 1.57711 1.68644 -1.35564 -0.266067 -1.41841 0.139635 -0.51878 -1.10803 -1.65061 -0.421403 
5.61994 -0.164892 -0.448989 -0.206472 -0.917629 -0.411061 -0.274399 0.238456 -0.289406 0.047288 0.108934 0.0882254 0.0567364 0.557182 0.418956 -0.753517 -0.153776 1.46645 -1.081 -1.14585 1.7866 0.568459 -1.55181 0.357172 1.59894 0.339768 -4.83998 1.28211 1.13796 0.578352 1.00134 -1.16534 -1.58272 -0.126033 0.145572 0.456508 0.261967 -1.90641 -0.436292 
5.62017 -0.179686 -0.431143 -0.213274 -0.873554 -0.43766 -0.299615 0.276241 -0.291883 0.0226498 0.112122 0.0801773 0.0804995 -2.9454 1.19127 -0.0144191 0.54322 1.81506 -1.42928 -1.42243 0.676993 0.816384 -1.10909 -0.269645 0.401547 0.333966 -3.16286 1.1009 1.16698 0.109037 0.255733 -1.10575 -1.48174 -0.220654 0.696382 1.22283 0.689978 -1.55152 -0.330836 
5.52722 -0.13132 -0.440441 -0.194373 -0.847608 -0.458103 -0.360724 0.309562 -0.290464 0.0116248 0.127735 0.0728329 0.0794934 -4.75762 1.3903 0.966006 0.57055 2.24038 -2.00607 -2.11269 0.297332 1.59758 -0.551179 -0.242508 -0.695726 0.365135 -2.79298 0.547893 1.44673 0.245498 0.0230905 -0.809757 -0.642149 -1.39536 1.29029 1.50019 -0.0253083 -1.52714 0.102413 
5.41985 -0.0803899 -0.451874 -0.165194 -0.786013 -0.547574 -0.402846 0.351036 -0.264147 -0.0286914 0.149871 0.0994871 0.0420672 -6.70272 1.318 2.18201 0.180172 3.2416 -2.64533 -2.08991 -0.633818 2.48484 -0.316677 -0.358849 -1.34566 0.313576 -2.95436 -0.303961 2.15043 -0.294914 0.82063 -0.45862 0.286557 -2.41876 1.93076 1.01309 -0.839084 -1.48065 0.427351 
5.31572 -0.0498999 -0.393745 -0.188211 -0.764085 -0.555177 -0.474748 0.325455 -0.236063 0.00587375 0.162752 0.0338763 0.0580811 -8.30211 0.837147 3.27844 -0.444037 4.42163 -2.43291 -1.80924 -1.65054 3.1158 -0.625226 -0.956915 -1.18484 0.0211739 -2.94419 -1.3288 2.45221 -1.11831 2.46 -0.056422 1.20889 -2.5649 1.94839 -0.485647 -1.56695 -0.22595 0.0374501 
5.16352 -0.0152137 -0.332013 -0.157967 -0.760255 -0.598269 -0.477103 0.252202 -0.15966 0.0736611 0.107092 -0.0212477 0.0995925 -9.30801 -0.0740675 4.17629 -0.892403 5.41459 -1.95884 -0.990513 -2.87561 3.07647 -0.470576 -1.80953 -0.720939 -0.424957 -2.11228 -2.2931 2.14366 -1.75742 3.50186 0.803512 1.76877 -2.07029 0.511254 -1.46893 -1.7142 1.40068 -0.898818 
4.99699 -0.0316706 -0.251387 -0.128279 -0.659929 -0.673605 -0.537582 0.212587 -0.0532119 0.0646034 0.0936938 -0.0896396 0.115682 -9.19437 -1.31255 4.6628 -1.21263 6.20809 -1.45313 -0.279214 -3.48498 2.88421 -0.792302 -2.21795 -0.291832 -0.457954 -0.188311 -2.60091 0.87778 -1.50065 2.70292 1.71466 1.90864 -1.05562 -1.36647 -1.50137 -1.27435 2.50519 -1.26521 
4.70693 -0.0429528 -0.0995186 -0.242266 -0.422982 -0.756536 -0.486314 0.0968784 0.0578266 -0.0265755 0.0567209 -0.0853093 0.0810655 -8.43467 -2.16963 4.6117 -1.34522 6.39074 -0.968639 0.194315 -3.76503 2.66548 -0.969183 -2.61645 0.108128 -0.582481 2.76036 -2.14057 -0.98795 0.0167898 0.0156496 1.83784 1.06446 0.330802 -2.3754 -0.346124 -0.453972 2.05527 -0.790019 
4.55854 -0.124275 -0.00258998 -0.330591 -0.250431 -0.659706 -0.479691 0.033539 0.0825149 -0.124177 -0.0610281 0.0275508 0.0291299 -6.48048 -2.3465 3.55474 -1.41408 5.91593 -0.709164 0.823228 -3.41654 2.10976 -1.12692 -2.47875 0.869661 -0.669766 5.17939 -0.438365 -2.70835 1.17818 -2.83878 0.68279 0.316492 1.32427 -1.93762 1.01194 0.901105 0.412077 0.380177 
4.45582 -0.226763 0.0727727 -0.310659 -0.175345 -0.64208 -0.400576 -0.0803471 -0.00919954 -0.00888319 -0.134849 0.0571814 -0.0218663 -3.77108 -1.80264 2.20026 -1.47852 4.33792 -0.514015 1.0791 -2.69596 1.33222 -0.743312 -1.68543 0.98227 -0.624221 6.33908 1.95701 -3.73084 1.16684 -4.70492 -0.59503 -0.306566 2.07417 -0.448545 1.26455 2.00801 -0.929295 1.23225 
4.44439 -0.305554 0.0780719 -0.296166 -0.0947333 -0.658675 -0.427456 -0.0533558 0.025717 -0.111222 -0.0887295 0.0507824 0.0320624 -0.459969 -0.6497 0.158523 -0.894893 1.60257 -0.335608 0.953838 -1.58694 0.581487 -0.0306164 -0.456097 0.733534 -0.301056 6.29854 3.77248 -4.00902 0.739361 -5.63049 -1.06186 -0.49696 2.15701 0.08949 1.62279 2.65936 -1.48531 1.04379 
4.42815 -0.30213 0.082596 -0.293609 -0.0851708 -0.693679 -0.442473 -0.0950767 0.0967265 -0.0946978 -0.15598 0.0453275 -0.00167173 3.06017 0.559459 -1.99227 0.322618 -1.90043 -0.337945 0.365643 -0.182808 -0.0825217 0.970671 0.773679 0.280462 0.171858 5.63312 3.88322 -3.69582 0.740896 -5.92007 -0.533412 -0.585668 2.2397 -0.508264 1.47355 2.95214 -1.14719 0.722901 
4.58621 -0.238443 -0.0238183 -0.338958 -0.135922 -0.696989 -0.371411 -0.0909416 0.0763792 -0.0660975 -0.120528 0.0955266 0.0341303 6.31499 1.461 -3.73285 1.20049 -4.76229 -0.396852 0.000290781 1.15012 -0.703249 1.43047 1.91005 0.0260629 0.657066 4.86707 1.95937 -2.80295 1.61918 -5.51904 0.62458 -1.07637 2.33596 -1.49584 0.972153 2.09848 -0.327039 0.277603 
4.69677 -0.135886 -0.0638466 -0.352522 -0.276611 -0.740921 -0.366935 -0.0764401 0.0709513 0.0166813 -0.040322 0.0143189 0.0453363 8.36668 1.9609 -4.81147 1.64452 -6.56106 -0.123101 0.1302 1.76402 -1.33863 1.39294 2.3906 0.139311 0.985039 3.58384 -0.64236 -1.68099 2.13996 -3.60728 1.3141 -0.438116 1.53335 -2.28932 0.190106 0.574444 0.791305 0.209622 
4.88271 -0.0484694 -0.230352 -0.269389 -0.448862 -0.737677 -0.432323 0.011764 0.0589026 0.0169206 0.0874844 -0.0120016 0.0596658 8.70634 1.75949 -5.0164 2.31488 -7.42231 0.126208 0.463164 1.96566 -2.73152 1.6216 2.53761 0.184332 0.941314 0.790154 -2.52071 0.233914 1.53424 -0.476009 1.11698 0.686784 0.254424 -2.50923 -0.757765 -0.876775 1.1445 0.251427 
5.07292 -0.0221581 -0.332983 -0.175883 -0.688335 -0.723545 -0.461261 0.0749506 0.0021644 0.0862056 0.0994424 0.0247159 0.0670098 6.80377 1.04544 -4.20963 3.04835 -7.17388 0.13079 0.465526 2.05601 -3.94424 1.477 2.64085 -0.087392 1.01594 -3.97383 -2.70743 2.32153 0.576505 2.73238 0.133261 1.37769 -1.14018 -2.20402 -0.98059 -1.39218 0.250463 0.0189629 
5.38815 -0.0825814 -0.440664 -0.130211 -0.831336 -0.646509 -0.450556 0.167376 -0.111969 0.0702079 0.123744 0.0975598 0.101185 0.987385 0.387545 -2.56304 3.51466 -5.4784 -0.452618 0.792245 1.30001 -4.45733 0.864933 1.94777 -0.66686 0.541512 -11.4325 -1.27362 4.03093 -0.0692299 4.94166 -1.55891 1.44232 -2.25539 -1.19421 -0.86341 -1.18086 -1.43005 -0.561386 
5.44316 -0.0912472 -0.48162 -0.100252 -0.88334 -0.656875 -0.326079 0.0844198 -0.188942 0.0920737 0.123731 0.094114 0.131826 -8.29185 -0.589786 -0.212259 3.03265 -2.03444 -0.458422 1.49832 0.1286 -4.22678 -0.132577 0.899931 -1.15293 -0.114584 -19.5474 -0.219171 5.28224 -0.733305 6.52531 -1.91274 0.558848 -2.31803 0.619699 -1.17534 -1.0602 -2.65184 -1.46773 
5.36471 -0.130207 -0.477159 -0.010999 -0.901046 -0.684311 -0.335807 0.136431 -0.33154 0.068566 0.178812 0.0566596 0.128321 -17.1466 -1.71917 2.23425 1.46882 1.46992 0.450586 1.59176 -1.89854 -3.27006 -1.11942 -0.308298 -1.47823 -0.471471 -22.7258 -0.360083 5.01623 -2.29199 7.08838 0.142619 -0.214587 -3.12197 2.89501 -1.84213 -1.70185 -1.96022 -1.61596 
5.04566 -0.13574 -0.368342 0.0615785 -0.905815 -0.735306 -0.368664 0.129063 -0.41073 0.122535 0.188635 -0.0146582 0.128046 -24.2481 -2.94426 3.1679 -0.0789182 4.77373 2.22698 1.93993 -2.75073 -1.30653 -1.6377 -0.909582 -1.39692 -0.766771 -17.755 -1.96137 2.53354 -3.85633 6.47113 3.90728 -0.0338473 -2.7282 4.71106 -1.92652 -2.10328 0.321886 -1.02944 
4.23783 -0.0835256 -0.275644 0.0810289 -0.758776 -0.857706 -0.254106 0.0152328 -0.433695 0.0434555 0.142961 -0.101136 0.0569441 -27.7152 -3.65744 3.2419 -1.26152 6.61848 3.6592 2.08958 -3.06225 0.38509 -1.83318 -1.60735 -1.20847 -0.840592 -3.84956 -3.34798 -1.09575 -4.06019 3.67681 6.64799 0.00509167 -0.80191 4.69645 -0.878181 -1.63284 2.44695 0.409327 
3.12696 -0.188343 -0.0561391 -0.00570718 -0.426618 -0.750174 -0.201002 -0.0662114 -0.354956 -0.0541186 0.0846901 -0.177152 -0.0185703 -23.6242 -3.03579 1.26356 -2.96602 7.49933 4.07768 0.968911 -2.42878 1.85748 -2.01203 -1.79228 -0.293688 -0.673273 15.0389 -1.26477 -5.75948 -2.98299 -0.498967 4.33098 -0.683439 1.67826 2.98065 0.713162 -0.300617 3.38913 1.57024 
2.73006 -0.342027 0.00974855 -0.175893 -0.308332 -0.479852 -0.317155 -0.292088 -0.274463 -0.151932 -0.00436024 -0.103618 0.0290488 -12.6533 -1.73523 -1.00101 -4.67011 7.68767 3.22808 0.54141 -2.00892 2.85975 -1.90219 -2.38267 1.18492 -0.405453 30.2482 2.91843 -7.78985 -1.3553 -2.94479 -2.12038 -1.15876 4.02828 0.365983 1.67826 0.660318 2.87333 1.35684 
2.44427 -0.526762 -0.141936 -0.23163 -0.151083 -0.201793 -0.159293 -0.16252 -0.0940518 -0.077241 -0.0033916 0.00145136 0.0224621 -1.33473 -1.8924 -2.2069 -4.89552 6.68272 2.609 0.0612595 -0.643338 3.70275 -1.88102 -2.62121 2.33003 -0.108076 34.0596 5.05453 -4.87769 0.111977 -3.92615 -7.45102 -2.15918 3.53524 -1.28509 0.997339 0.381151 1.47868 0.630945 
2.50552 -0.551243 -0.206456 -0.247788 -0.142065 -0.171531 -0.104492 -0.149905 -0.129346 -0.106689 -0.0651794 -0.0142985 0.0593509 9.50838 -3.35457 -3.55241 -4.56856 5.09865 1.55753 -0.746095 0.817637 3.83538 -1.03427 -2.01901 3.1124 0.535018 24.2562 1.76854 -0.635338 1.09176 -2.72197 -7.65715 -1.87843 2.13911 -0.830726 0.3813 0.361366 0.549561 -0.0955454 
3.35913 -0.274282 -0.553308 -0.453329 -0.0677193 -0.383258 -0.346261 -0.0854005 -0.0743647 -0.130757 -0.00850255 0.0664761 0.0750016 16.8264 -3.76297 -3.71805 -4.11936 2.12741 -0.0899436 0.0799445 2.19312 2.79939 0.193262 -1.12958 2.521 0.66635 4.71398 -4.5437 4.49205 1.98511 -2.79172 -2.60443 1.03132 0.932314 -0.656862 0.848792 0.607956 -1.22588 -0.349281 
4.5031 -0.141645 -0.60183 -0.571457 0.0150615 -0.621509 -0.302491 -0.0983065 -0.0862756 -0.136159 -0.142912 0.203968 0.05528 17.6553 -3.88627 -2.16613 -3.31831 0.12459 -1.41455 0.731458 2.21467 1.95666 0.437206 -0.681433 1.61404 0.796418 -13.2581 -7.36083 5.9829 2.00874 -3.8846 2.84484 2.5925 -0.510325 -0.724065 1.1806 1.53186 -2.63585 0.304296 
4.45307 -0.469977 -0.372792 -0.431153 -0.0365303 -0.520743 -0.297597 0.0274313 0.0778191 -0.186001 -0.190461 0.194878 0.0479135 14.334 -4.31717 0.545883 -2.88193 -0.62118 -1.13461 0.974398 0.827869 0.733495 -0.38136 -0.358771 0.73534 0.802326 -19.2298 -3.70883 4.55676 0.66161 -2.95795 4.63739 3.39725 -2.13136 -2.12471 0.555111 1.81074 -2.79915 0.502463 
4.50511 -0.874254 -0.517625 -0.48882 0.0407837 -0.524203 -0.328774 0.0332392 0.101553 -0.110708 -0.0848728 0.227894 0.114585 8.04723 -5.18018 2.5865 -2.0492 -0.764036 -0.0338904 1.78755 0.0835535 0.87322 -0.182334 0.211203 0.0731256 0.309117 -16.0287 2.47009 3.5903 0.336568 -1.16375 3.33281 2.13401 -3.14671 -2.12378 -0.97538 0.776244 -2.1071 -0.219015 
4.49847 -0.860708 -0.37585 -0.620174 -0.253161 -0.467428 -0.05365 0.130198 -0.0338247 0.0250269 -0.0243531 0.0531834 0.0721569 1.39728 -5.76656 3.89181 -1.0388 -1.05088 1.05812 2.50276 -0.510565 0.191044 -0.38733 0.6253 -0.118953 0.0332414 -7.04291 5.11361 0.672894 0.76083 2.31752 0.351853 -1.17465 -2.77853 -0.658854 -2.21088 0.0459686 0.642537 -0.843708 
4.32996 -0.852706 -0.245893 -0.599092 -0.299848 -0.423557 -0.113547 -0.0777399 0.016037 -0.10351 -0.103661 0.107896 0.170037 -1.40162 -4.2418 3.10661 -1.19576 -1.82314 0.94494 1.86521 -0.282048 -0.00273111 -0.0105746 0.9796 -0.302363 0.118741 2.30147 4.34075 -1.94526 0.708969 2.39723 -2.29599 -2.14685 0.395198 0.413219 -0.553996 -0.255426 1.82067 -1.29861 
4.08927 -0.903591 -0.0856685 -0.625872 -0.101751 -0.278669 -0.0486365 -0.150363 -0.0869427 -0.25922 -0.0708078 0.0943058 0.126625 1.04352 -1.44871 1.51713 -0.119717 -0.752886 -0.0428651 0.540299 0.0483224 -0.94985 0.0888535 0.755901 0.000483744 -0.0204133 7.93075 2.37848 -4.26474 1.9325 0.666495 -3.47641 -3.32892 3.35101 0.802416 1.58064 -0.349983 1.67451 -0.499897 
4.04494 -0.921094 -0.087765 -0.569609 -0.0959381 -0.370751 -0.0362808 -0.11627 0.075147 -0.125007 -0.0268024 0.0665706 0.0344732 3.79166 1.33918 -0.0646441 0.274199 -0.0659061 -0.199884 -0.731616 1.18742 -1.23238 0.536191 0.385285 0.339819 -0.472233 10.4011 2.2956 -5.61951 1.13808 -0.210623 -2.09271 -3.24994 4.23758 -1.02685 2.50643 -0.31274 0.788006 0.484565 
4.27775 -0.919915 -0.1774 -0.589487 -0.129421 -0.452995 -0.0985165 -0.0829272 -0.0439105 -0.201144 0.00561013 0.220072 0.0456983 3.70973 2.67202 -2.22922 0.793967 0.564694 -0.258989 -2.61746 2.49415 -1.19475 0.958175 1.02768 0.53267 -0.735989 4.49532 3.46154 -4.09644 0.631601 -0.628019 0.748753 -2.2222 3.52803 -1.60084 2.44925 0.276866 -1.29445 0.225659 
4.61657 -0.830501 -0.259197 -0.709828 -0.340547 -0.560001 -0.132999 0.0588453 0.0308216 -0.0492348 -0.0624875 0.179863 0.113066 -1.31201 3.58135 -2.75844 2.03675 0.549729 -0.0390678 -2.96522 3.74563 -1.27892 1.05055 1.16385 -0.283312 -0.613714 -9.60033 2.94188 -0.840802 1.67222 1.07611 3.14788 -1.28129 0.788021 -1.13841 -0.450841 0.795991 -1.89358 -0.0272621 
4.81197 -0.818269 -0.326088 -0.31804 -0.0516011 -0.525029 -0.306237 0.136502 -0.116329 -0.0914333 -0.0524712 0.157909 0.0910702 -7.99476 4.00649 -2.14041 3.11769 0.416853 0.626321 -2.53303 2.62874 -0.630636 0.836411 0.480656 -0.5072 -0.363446 -22.4928 1.1159 2.9977 1.00016 0.717965 3.50746 1.50895 -2.44077 1.02325 -2.21524 0.35035 -1.64992 -0.258709 
5.02747 -0.578308 -0.541523 -0.600599 -0.0995957 -0.41917 -0.300042 0.240215 -0.162813 0.0690282 -0.00715424 0.166879 0.0310595 -14.2452 3.46923 -0.558304 3.30881 0.941082 2.13188 -1.40348 0.859761 -0.471838 0.15342 0.1057 -1.21561 -0.189454 -25.3378 -2.31036 5.99273 2.18967 0.597724 1.99834 3.39684 -5.22433 2.8582 -2.94819 -0.922536 -1.08616 0.127871 
4.39851 -0.463811 -0.548366 -0.539413 -0.226099 -0.364973 -0.415163 0.328058 -0.1726 0.0323306 0.15994 0.0819883 -0.00947785 -14.701 4.131 -0.974092 1.93838 0.272541 3.45378 -1.27761 -0.565131 0.26067 -0.0836958 0.456659 -1.99865 -0.132645 -8.54366 -2.7976 3.59986 -0.550802 -0.320233 0.950024 3.18565 -5.80274 2.50508 -1.85702 -1.72298 0.00483277 0.753631 
3.14521 -0.484008 -0.324431 -0.207115 -0.0867811 -0.326378 -0.396146 0.266752 -0.102365 -0.18398 0.0189357 0.011692 0.10905 -10.1356 4.39604 -1.57704 0.694764 -0.695769 4.56354 -1.68659 -1.41797 0.282222 -0.574792 0.848724 -1.92332 0.0266078 19.0307 -0.481042 -2.24074 -4.83661 -2.73972 0.781706 0.182111 -2.70833 0.724614 1.08891 -0.19347 0.338893 0.521272 
2.60228 -0.520883 -0.187208 -0.170666 -0.0163042 -0.234587 -0.211912 -0.0312781 0.00128585 -0.152189 -0.0759456 0.0809523 0.0279205 -6.17565 5.03422 -0.952958 -0.83504 -1.95906 4.36264 -1.25162 -2.73906 0.971105 -0.334456 0.56996 -2.04016 0.0872891 33.2326 2.85828 -5.5659 -5.56714 -3.26823 0.378044 -3.17843 1.11264 -1.39837 2.06067 1.44989 -0.0628997 0.285681 
2.5793 -0.614922 -0.131798 -0.252535 -0.0287634 -0.158413 -0.143298 -0.0919091 0.00395142 -0.0869356 -0.0330249 -0.0299279 0.0275881 0.505913 5.27649 -0.283289 -0.433054 -2.31986 2.80711 -2.18946 -3.73752 0.895281 -0.0676871 0.116099 -2.24184 -0.316247 28.3238 4.94358 -4.0717 -3.41587 -2.92174 -1.56003 -4.31741 2.21169 -1.74103 2.01333 1.22116 -0.0818617 -0.702033 
3.70587 -0.221118 -0.640184 -0.619919 -0.315975 -0.0591605 -0.433332 -0.0338882 -0.0325097 -0.100162 0.102893 -0.0449718 0.0887226 10.5208 5.97082 -0.482303 -1.67598 -4.02957 1.97463 -2.81959 -2.97981 0.602804 1.4727 0.366499 -2.30904 -0.446408 8.1125 2.19983 2.71088 1.9307 -1.3494 -3.45038 -2.05153 1.52048 -0.7572 1.62372 0.0666628 -0.605811 -1.32575 
4.58539 -0.146778 -0.713037 -0.575947 -0.404074 0.0685073 -0.58851 0.0880428 -0.0883412 -0.0622745 0.105077 -0.0501444 0.113864 18.9436 6.11852 -1.18198 -2.58233 -6.06703 0.718444 -3.56127 -1.20364 0.468364 2.75436 1.35346 -2.28491 -0.626036 -6.89074 -1.20373 5.79409 3.80599 -0.925413 -4.42175 0.805572 0.69082 0.802547 1.20033 -0.584825 -0.563586 -0.892238 
4.08742 0.0280206 -0.437941 -0.493681 -0.282574 0.00497625 -0.456919 -0.163495 -0.026031 -0.0345852 0.0473591 -0.115478 0.0220539 20.9334 5.62427 -1.32082 -1.69592 -6.67934 -0.882794 -4.27965 0.867436 1.17517 2.54848 1.42234 -1.88475 -0.0881458 -5.31868 -4.08307 2.72602 2.23173 -1.99401 -3.21814 1.39924 2.50046 1.9642 0.820433 0.026806 0.664819 0.511459 
4.39128 0.128385 -0.387617 -0.446432 -0.403641 -0.236153 -0.664554 -0.235493 -0.0474825 0.0284334 0.018526 -0.183081 -0.0892589 18.8709 4.12405 -0.743614 -0.328381 -6.14672 -2.21472 -3.92902 1.78257 1.85207 2.41894 1.02706 -0.938183 0.187516 -1.06569 -5.03939 -1.5816 0.251668 -1.04866 -0.863111 1.48633 4.09865 2.25621 -0.289735 0.642202 1.87035 2.19626 
4.85006 0.178112 -0.350876 -0.536559 -0.768886 -0.115496 -0.684949 -0.019091 -0.0263298 0.176227 0.155694 -0.245922 0.00901586 14.2933 1.41265 0.358183 1.25432 -4.9471 -3.28802 -2.3503 2.36774 1.90621 2.10987 0.759517 0.122274 0.361852 0.873447 -3.96504 -4.34089 0.0597653 2.05945 -0.380428 0.811276 2.86834 1.00629 -1.94425 0.0175268 3.19305 1.93347 
5.19389 0.0874374 -0.419826 -0.512889 -0.860014 -0.21325 -0.665163 0.0608966 0.0595349 0.184218 0.171679 -0.220177 0.0418098 12.4387 -0.0597017 -0.551437 1.34231 -4.56379 -3.72579 -1.37844 2.96671 1.43292 1.27345 1.25205 1.13382 0.440796 -2.1955 -2.55938 -2.63025 1.1279 4.08324 0.116564 1.23113 0.596585 -1.42744 -2.40023 -0.276205 3.00685 0.360987 
5.3511 0.090009 -0.527401 -0.47344 -0.836353 -0.309825 -0.745606 0.144462 0.240086 0.120695 0.121347 -0.11384 0.085852 12.9967 -1.381 -1.72702 1.44469 -4.01397 -3.48171 -0.707489 4.0982 0.414344 0.412908 1.58263 2.17835 0.479217 -5.89328 -1.06051 0.404716 1.41308 3.61565 0.0331216 2.42852 -1.51413 -3.79618 -1.83731 0.156602 1.53111 -1.58452 
5.56817 0.028114 -0.57066 -0.4653 -0.825612 -0.353096 -0.796015 0.197443 0.18866 0.176208 0.149515 -0.0951951 0.115907 9.6673 -1.87039 -1.53387 1.75019 -2.21293 -3.34326 0.763253 3.78717 -0.328936 -0.249967 1.15245 2.71801 0.317377 -5.93504 0.200744 1.99865 0.892779 1.59597 -0.238708 2.52107 -1.64001 -3.76007 -1.03025 0.121263 0.0638171 -2.24494 
5.70962 -0.0198832 -0.604638 -0.382831 -0.845614 -0.413288 -0.720782 0.247921 0.076478 0.131858 0.184161 0.0278398 0.112987 5.80406 -1.90176 -0.383787 1.97672 -0.327621 -3.87925 1.48816 2.55274 -1.11663 -0.553955 -0.227005 2.56774 -0.0732927 -5.65915 0.797233 3.03596 -0.438058 0.439538 0.0817785 2.01799 -1.11936 -1.56167 0.349562 -1.07945 -1.52975 -1.06795 
5.76472 -0.0536148 -0.59022 -0.329853 -0.894889 -0.442187 -0.654328 0.263803 0.00833265 0.0712528 0.25858 0.0488583 0.0340714 2.21757 -1.37169 0.861511 1.4774 1.00525 -3.10487 1.86454 1.6156 -1.71943 -1.11696 -0.955042 1.89123 -0.487839 -5.86278 0.940202 2.73809 -1.37401 1.74997 0.23397 0.644055 -1.28752 0.941108 0.364762 -2.86307 -1.99981 0.300264 
5.78316 -0.0669005 -0.553154 -0.308704 -0.887867 -0.527068 -0.590831 0.31894 -0.0479913 0.0607146 0.254283 0.0870275 -0.0211495 -0.986351 -1.15939 1.98216 0.939755 2.39251 -2.40844 2.33948 0.243674 -1.6819 -1.54553 -1.69623 0.851427 -0.316617 -6.05768 0.838612 1.8163 -1.74493 3.40347 1.18746 -0.731174 -2.16689 2.50112 -0.521679 -3.32494 -2.04087 1.49648 
5.73324 -0.0574549 -0.514869 -0.293944 -0.847884 -0.622954 -0.555953 0.330458 -0.046967 0.106268 0.173543 0.0767718 0.00979477 -4.22588 -1.01293 3.05659 0.097963 4.14416 -2.31535 2.73784 -1.33978 -0.657857 -1.54527 -2.78966 0.241162 -0.121659 -5.44523 0.108912 1.13484 -1.80938 4.33112 1.67503 -0.729956 -3.20065 2.2637 -1.04277 -2.11032 -1.44384 1.32518 
5.63139 -0.089772 -0.357774 -0.322817 -0.816813 -0.647136 -0.507626 0.313094 -0.0364912 0.15243 0.00381083 0.0368551 0.0886636 -6.86761 -1.29826 4.30572 -1.17098 5.58275 -1.9015 2.84609 -2.80544 -0.141548 -0.736843 -3.25139 -0.329762 0.130526 -4.37897 -0.697541 0.809305 -1.64124 3.77853 1.19845 0.24617 -3.5554 0.976761 -0.399035 0.192184 -0.270703 0.239379 
5.43715 -0.0661096 -0.372435 -0.360716 -0.601659 -0.573109 -0.530032 0.25406 -0.0139579 -0.0660673 -0.0084738 0.0388288 0.00433161 -8.48399 -1.81449 4.92361 -1.72172 6.16427 -1.36272 2.72232 -3.65908 0.110879 -0.103376 -3.43052 -0.442231 0.646423 -2.39393 -1.57994 1.38253 -1.1572 0.926593 0.172774 1.04945 -2.45343 -0.367734 2.03436 1.42858 0.372535 -0.0777031 
5.24976 -0.0932677 -0.322798 -0.355923 -0.432343 -0.58481 -0.491396 0.113667 0.0418833 -0.10302 -0.0727844 -0.0129873 0.10861 -9.20555 -2.32395 5.1869 -1.7701 5.86154 -0.695778 2.18812 -4.0183 0.261395 0.133849 -2.52855 -0.959825 0.565482 -0.110834 -1.67652 1.33755 -0.359261 -2.21508 -0.0814278 0.360341 0.0520498 -1.21512 2.98718 2.2438 0.323897 -0.695986 
5.05832 -0.158114 -0.17563 -0.44203 -0.263904 -0.707813 -0.366544 -0.0304795 0.0584115 0.0117797 -0.159045 0.0132734 0.0761916 -8.56668 -2.5405 4.76902 -1.5351 4.77595 -0.131296 1.56541 -3.54708 0.00526216 0.520431 -1.42138 -0.973999 0.212695 2.30078 -0.743017 -0.242806 1.0463 -4.54149 0.843369 -1.56123 2.5864 -1.09742 1.8169 2.40462 -0.365521 -0.468502 
4.86323 -0.250726 0.0100625 -0.55114 -0.212483 -0.673034 -0.281296 -0.110993 -0.0496577 0.117203 -0.106428 0.0315811 0.0505145 -6.8167 -1.99075 3.35509 -1.0433 3.30529 -0.33928 0.838737 -2.57828 0.158372 0.696814 -0.329023 -0.302485 -0.194331 4.45106 1.13695 -2.90129 2.11016 -4.6244 0.835795 -3.00528 3.79072 0.356508 -0.579088 1.6607 -0.211082 -0.376047 
4.76653 -0.318166 0.0399075 -0.496138 -0.248468 -0.646545 -0.304661 -0.0981914 -0.0349807 0.114149 -0.143073 0.0240952 0.103744 -4.4563 -0.569638 1.15402 -0.112385 0.982796 -0.618109 0.0501655 -1.17521 0.342856 0.91485 0.468497 0.215314 0.101598 5.35883 3.56577 -5.65941 2.1339 -3.23352 0.15523 -2.93455 3.30439 1.31781 -2.31417 1.41901 0.807478 -0.35115 
4.68558 -0.348877 0.0943704 -0.465093 -0.258646 -0.636695 -0.386306 -0.0809705 -0.00314136 0.0864176 -0.0476286 -0.104395 0.0508685 -1.38077 0.850671 -1.55424 1.06945 -1.52743 -0.249631 -0.762785 0.220958 0.3459 0.339996 1.15172 0.749595 0.500972 5.84477 4.57083 -6.93254 1.99432 -2.73459 -0.577272 -1.27147 1.87693 1.28667 -2.02138 0.462287 2.14057 1.03467 
4.73286 -0.332859 0.0488917 -0.454497 -0.304082 -0.604835 -0.420801 -0.0284724 -0.0372671 0.140721 -0.067511 -0.0645654 0.0561325 1.21736 1.83551 -3.66728 2.18307 -3.48433 0.300755 -1.18284 1.42092 0.0129927 -0.474082 1.32126 1.01571 1.18213 4.81712 3.32633 -5.28246 1.57318 -2.70643 -0.511338 0.63271 0.663882 0.0355954 -1.10526 -0.0598996 1.98126 1.76154 
4.81047 -0.219579 -0.0974652 -0.445195 -0.304379 -0.697536 -0.447881 -0.00532891 0.0664442 0.0512312 -0.050738 0.0817782 0.0232129 2.04292 2.47575 -4.95566 2.82353 -3.87267 0.000777721 -0.925837 2.36698 -0.260374 -1.00674 0.693053 1.36323 1.14802 1.79726 0.339076 -1.49897 1.05676 -2.11236 0.530059 1.8216 0.556693 -2.05071 0.112824 -0.79067 0.390455 1.51052 
4.85969 -0.00187509 -0.386268 -0.337137 -0.420303 -0.703666 -0.496746 0.040996 0.0895458 -0.00981758 0.0316486 0.0944967 0.10372 2.16386 2.48874 -5.38748 2.50008 -3.85654 0.154559 -0.111461 2.52713 -1.082 -1.01938 0.54937 1.38596 0.530164 -1.41348 -2.77082 2.39448 -0.20511 -0.155769 1.01817 2.1905 0.588318 -2.86704 0.703784 -1.49932 -1.06652 -0.52213 
5.08835 -0.00967903 -0.501863 -0.230614 -0.637049 -0.648505 -0.472113 0.0450385 0.0475282 0.0245196 0.0253889 0.110561 0.238761 2.88908 1.70585 -5.2542 2.30527 -4.25068 0.402969 0.642156 2.59939 -1.4514 -0.690926 0.327216 1.4428 0.293474 -3.0847 -3.63804 3.87717 -1.55293 1.81637 0.694242 1.54338 0.537961 -1.87658 0.749572 -0.884213 -1.68946 -2.82315 
5.11603 -0.0704914 -0.44746 -0.221133 -0.719211 -0.60725 -0.407706 0.119223 -0.0908894 0.0335515 -0.0141777 0.126222 0.237465 1.41818 0.696398 -4.10401 1.60855 -3.83858 0.46864 1.03704 2.33603 -1.71809 -0.521769 0.452485 0.724949 -0.293962 -3.00416 -2.49996 2.67365 -2.2208 2.31796 0.0233415 0.405234 -0.278115 0.195516 0.608247 0.221561 -1.24273 -3.09515 
4.87875 -0.0698903 -0.456419 -0.198092 -0.609336 -0.671698 -0.373581 0.237319 -0.129858 -0.00545062 -0.0911355 0.148551 0.131385 -0.385887 -0.444331 -2.52637 0.956684 -3.69987 0.844725 1.225 2.13435 -2.00256 0.0080274 0.262026 -0.186812 -0.806807 -1.60646 -0.867828 1.14533 -1.89435 0.626485 -0.146371 -0.577311 -1.27753 1.72965 0.411868 1.21235 -0.80715 -1.39545 
4.90157 -0.0888804 -0.544595 -0.241698 -0.658853 -0.592704 -0.342559 0.208434 -0.178903 -0.0115315 -0.0187989 0.0782854 0.0313445 -1.78229 -1.46542 -1.31364 0.309555 -2.66771 0.979668 1.24482 1.89299 -1.75465 -0.0747358 0.117927 -0.431188 -1.35694 -1.60962 0.153003 0.455587 -0.607955 -0.22695 -0.117475 -0.988793 -1.12594 1.78412 0.0302437 0.789029 -0.338605 0.877168 
5.1831 -0.163089 -0.57929 -0.200928 -0.828033 -0.582075 -0.343858 0.250316 -0.116503 0.0453739 0.0292966 0.107848 0.0553058 -3.86731 -1.16079 -0.964603 -0.540792 -1.70588 0.450507 0.988057 1.6324 -1.01688 -0.0151956 0.624606 -0.499114 -1.9013 -3.43912 0.604622 0.628701 -0.295809 0.461291 -0.223695 -0.578498 -0.71602 0.769663 -0.203875 0.0282412 -0.0654635 1.33447 
4.8394 -0.142571 -0.547941 -0.29141 -0.758638 -0.623954 -0.341285 0.232013 -0.151008 0.0230209 0.0399392 0.0957278 0.0216041 -4.18393 -1.19783 -0.797433 -0.65379 -1.79118 0.562189 0.27206 0.762392 -0.535225 0.158322 0.958578 -0.652434 -0.93482 -2.27128 0.178657 0.754547 0.105485 0.758272 0.0104452 -0.472365 -0.356685 -0.0662824 -0.0704409 -0.298536 0.136396 1.37258 
4.73545 -0.143837 -0.544807 -0.250021 -0.895192 -0.58299 -0.338641 0.260053 -0.149762 0.0294527 0.00775181 0.0474924 0.0263559 -4.905 -1.55947 -0.302222 -0.432426 -2.26334 0.488899 0.0760045 0.374801 0.0386964 0.749978 1.10648 -0.62522 0.144117 -1.52869 -0.434306 0.645821 0.160738 0.998973 -0.360301 -0.397833 -0.371259 0.151631 0.596805 0.0306051 0.330961 1.17104 
4.74102 -0.208273 -0.601512 -0.209345 -0.819234 -0.521939 -0.326287 0.293338 -0.174428 -0.0396422 0.0171915 0.0594237 0.0507398 -10.4888 -1.50551 1.16651 -1.26137 -1.44974 -0.994959 -0.0994892 0.141162 0.845989 0.739564 0.905164 -0.207967 0.561787 -4.81211 -0.608112 1.67902 -0.892681 0.125697 -1.60037 -0.405107 -0.913002 1.17673 1.19402 0.430185 0.320766 0.888676 
4.48997 -0.146144 -0.582445 -0.33626 -0.820626 -0.636403 -0.303952 0.30529 -0.141061 0.0495262 0.0938854 0.0820493 -0.0415695 -14.696 -0.921417 2.72628 -1.97156 -0.500915 -1.57472 -0.414612 -1.65526 0.538675 0.432181 1.04368 0.340001 0.825836 -8.16796 -0.240495 3.14816 -1.24676 0.220881 -2.04578 -0.564386 -2.3191 1.19541 0.345897 0.254731 0.878288 1.04835 
4.55382 -0.257876 -0.532461 -0.284857 -0.911558 -0.528328 -0.401353 0.213956 -0.210217 0.049935 0.0740921 0.0375092 0.131016 -15.8167 -0.414995 3.95608 -2.26132 -0.154733 -1.80901 -0.865003 -3.248 0.537648 0.339866 1.04622 0.836359 1.00684 -10.2754 1.5576 3.83113 -1.97618 1.53514 -2.19557 -0.41693 -3.52712 0.499149 -0.830409 0.0512628 1.37453 -0.265542 
4.28447 -0.325059 -0.526105 -0.226679 -0.974198 -0.596095 -0.334187 0.28406 -0.078565 0.149534 0.0892084 0.0448031 0.133814 -17.3448 -0.326845 4.9342 -2.05392 1.51882 -1.54346 -1.15926 -4.87506 0.406875 0.25385 0.916064 0.750849 0.819962 -5.14275 2.12785 2.99999 -0.824036 2.92736 0.127338 -0.803743 -4.47802 -1.17 -1.67522 -0.400374 0.742914 -0.867441 
3.1575 -0.285551 -0.291186 -0.519443 -0.853846 -0.865388 -0.353323 0.216137 0.0315691 0.0767644 0.123948 0.0940471 0.0751854 -18.4012 -1.1558 5.05029 -1.16414 3.6847 0.529759 0.0609354 -4.9342 0.450784 -0.166933 0.121354 0.132328 0.15937 4.7572 0.00525481 -0.33118 2.56025 4.46166 4.82161 0.767711 -2.20998 -1.91041 -1.33307 -1.25235 -0.896794 -1.25698 
3.04281 -0.183197 -0.116901 -0.515586 -0.819272 -0.786529 -0.421943 -0.143749 -0.145419 0.0306767 0.172255 0.200932 0.147781 -17.3697 -2.10565 4.20769 -0.0353633 5.50171 2.54171 1.11321 -4.51504 0.342737 -0.966443 -0.803908 -0.374885 -0.15466 8.12325 -2.95543 -3.55646 4.0623 4.72718 6.63421 2.86183 2.44634 -0.394551 -0.513954 -2.10049 -2.60108 -1.60917 
2.99785 -0.133432 -0.049099 -0.529913 -0.798562 -0.761905 -0.473983 -0.233228 -0.138476 0.0238643 0.125908 0.181738 0.126177 -15.32 -2.41054 2.91908 0.446256 6.72785 3.70124 2.16976 -3.29606 0.603626 -1.08682 -1.22198 -0.608114 -0.955554 7.53018 -4.48233 -5.02096 3.74426 3.22022 5.82875 3.91409 5.49649 0.962634 -0.00604063 -1.97467 -2.48326 -0.874017 
2.77929 -0.256234 -0.0186568 -0.374766 -0.546096 -0.629552 -0.470695 -0.339812 -0.133274 0.0480028 0.103581 0.0698934 0.0940509 -11.0593 -2.94602 1.4256 1.2965 7.07325 5.17989 2.49693 -2.52344 0.109138 -1.37222 -1.62298 -1.1484 -1.12058 5.10119 -2.57348 -4.33572 1.0019 -0.295508 1.72829 2.87357 5.63335 1.52176 0.141828 -0.893352 -0.70274 -0.348872 
2.51213 -0.512342 -0.105762 -0.276746 -0.199186 -0.23024 -0.127741 -0.12584 -0.086728 -0.0374832 -0.00641166 -0.00952392 -0.0122051 -5.88302 -3.41955 -0.391973 2.27157 6.22042 6.03213 2.90476 -0.926342 0.0908564 -1.00718 -1.62358 -1.31001 -1.11119 3.82292 1.25552 -1.76533 -1.77997 -4.02551 -3.27706 -0.957987 2.00546 0.49977 0.380109 0.972044 1.29533 0.53121 
2.47132 -0.554149 -0.164793 -0.274523 -0.20735 -0.233683 -0.132439 -0.144346 -0.0781269 -0.0625303 -0.0543902 -0.0108649 0.0343149 -4.67275 -3.56746 -1.26625 1.88543 5.39046 4.95495 2.95618 0.883099 0.765506 -0.832667 -1.45889 -1.40812 -1.16733 4.41902 3.14745 0.311289 -2.06185 -4.75043 -4.35976 -2.88182 -0.729108 -0.71876 0.52019 1.93231 1.82898 0.757599 
2.47226 -0.557038 -0.190949 -0.293964 -0.200354 -0.231645 -0.110827 -0.0687502 -0.00352624 -0.0099286 -0.0413553 0.0117769 0.0238797 -3.54316 -2.91494 -1.41575 1.29934 3.96044 3.73635 2.50612 1.23746 0.572969 -0.789725 -0.970272 -0.883027 -0.756099 3.05642 2.78221 1.20142 -1.34303 -3.41059 -3.54984 -2.85354 -1.43228 -1.06598 0.235994 1.52717 1.03455 0.636053 
2.44075 -0.577745 -0.20677 -0.255486 -0.15181 -0.185771 -0.123139 -0.159685 -0.0715421 -0.066561 -0.046156 -0.0268813 -0.016522 -1.98396 -1.6097 -1.13652 0.400666 1.95708 2.03661 1.48562 1.09523 0.332901 -0.67317 -0.508029 -0.247077 -0.320941 0.979319 1.32881 1.17924 -0.468081 -1.40552 -1.87029 -1.40405 -0.454344 -0.452237 0.233158 0.65833 0.23118 0.618076 
2.47808 -0.558246 -0.214318 -0.289662 -0.183128 -0.172022 -0.117377 -0.134602 -0.0823862 -0.0575723 0.00498693 0.0425754 -0.0133029 -0.908147 -0.464796 -0.547574 0.0224575 0.55986 0.418987 0.119292 0.281394 0.043541 -0.33506 0.00158923 0.0172846 0.0639346 -0.416607 0.124611 0.614407 0.0667862 -0.149006 -0.417383 0.0227877 0.389473 0.0696195 0.00307855 -0.375042 -0.426423 0.42661 
2.44369 -0.584521 -0.194197 -0.279754 -0.130084 -0.211744 -0.128359 -0.101279 -0.0477763 -0.0660193 -0.018172 -0.00366355 0.0068244 -0.777282 -0.269565 -0.206201 0.0342208 0.493471 0.350634 0.108753 0.292149 -0.0831876 -0.299379 0.0979267 -0.0396502 -0.00424992 -0.191975 0.120196 0.13646 0.0535612 -0.461145 -0.152848 0.0983219 0.0664052 0.0932805 0.149095 -0.432878 -0.186383 0.280375 
2.38843 -0.587101 -0.206608 -0.274639 -0.142374 -0.182259 -0.111714 -0.0945456 -0.0631744 -0.0769981 -0.0331025 -0.00589666 0.0158302 -0.726796 -0.208612 -0.0591404 0.0549963 0.329447 0.217086 0.0586992 0.179083 -0.190465 -0.34942 -0.0189374 -0.106917 0.13213 0.4132 0.176212 0.00463247 0.00475347 -0.359579 -0.0834119 0.0187621 -0.170497 0.124318 0.285537 -0.106858 0.0262951 -0.0903205 
