2.89872 -0.422907 -0.502998 -0.503278 -0.28014 -0.264842 -0.103628 3.86299e-05 -0.121002 -0.165308 0.128518 0.203855 -0.0760001 -0.740277 0.361094 1.88973 0.824731 0.318509 0.360572 0.196075 -0.137541 -0.255403 -0.671888 -1.25092 -0.833779 0.803387 -0.939855 -0.0224923 1.06102 0.255604 0.0282546 0.704051 0.597996 -0.14771 -0.729939 -0.500992 -0.380376 -0.102731 0.898093 
2.92983 -0.356921 -0.346382 -0.390606 -0.201418 -0.308779 -0.167788 -0.00140335 -0.0639423 -0.209847 -0.0383704 0.0543693 -0.0929432 -1.3804 0.172135 1.99121 0.440973 0.066235 0.82056 0.373464 -0.698761 -0.746272 -0.472741 -0.998341 -0.610425 1.32148 -1.34825 -0.813456 -0.549636 -1.18157 -0.466292 1.6811 1.41975 -0.635907 -1.60079 0.0475804 1.28438 1.25877 1.16132 
2.83541 -0.354852 -0.297781 -0.408944 -0.331949 -0.338868 -0.170054 -0.00714018 -0.0469358 -0.184771 -0.00224405 0.13258 -0.00466369 -2.43728 -0.284247 2.25013 0.69375 0.0786673 1.21079 0.446046 -0.911663 -0.662155 -0.136377 -1.02555 -0.853137 1.29524 -1.49513 -1.2666 -1.07233 -1.10082 0.0240155 1.85634 1.17924 -0.852349 -1.09528 0.634415 1.32207 0.77736 0.308208 
2.79137 -0.408507 -0.343413 -0.414709 -0.228593 -0.215072 -0.0889328 -0.0245187 -0.236174 -0.236573 0.0338569 0.116198 0.00532732 -3.40314 -0.771664 2.16038 0.936785 0.320917 1.52017 0.459518 -1.27477 -0.767678 0.424657 -0.758808 -0.954148 1.23554 -1.80094 -1.1342 -0.544703 -0.0583484 0.0193522 0.622015 -0.133795 -0.902716 0.589138 1.56281 0.665478 -0.0899357 -0.473111 
2.81805 -0.393958 -0.292015 -0.438858 -0.232948 -0.16403 -0.0163786 -0.0119788 -0.149771 -0.258964 -0.00611338 0.134162 0.0324186 -3.9831 -1.29833 1.74759 1.02862 0.383452 1.37137 0.319942 -1.20711 -0.227639 1.22578 -0.432874 -1.12773 0.804493 -1.82153 -0.975865 -0.183556 1.25561 0.374907 -0.917542 -1.44068 -0.350027 1.60597 2.10561 0.014441 -1.2404 -1.36389 
2.68363 -0.425799 -0.294528 -0.509219 -0.311795 -0.14169 -0.0664413 -0.151565 -0.246923 -0.172752 0.0599262 0.165166 0.114558 -4.0938 -1.73543 1.0743 0.993119 0.379586 1.13242 0.162382 -1.17277 0.0114722 1.64027 -0.0813169 -1.0736 0.310612 -0.366424 -0.427297 0.0163109 1.93715 0.821034 -1.88134 -1.54244 0.822284 2.19996 1.2462 -0.762978 -1.67183 -1.88602 
2.52567 -0.493378 -0.203052 -0.35157 -0.253533 -0.128343 -0.0833462 -0.102387 -0.134657 -0.140309 -0.027169 0.0389771 0.0261148 -3.82781 -1.77424 0.794976 1.25181 0.642419 0.6389 -0.314685 -0.735964 0.780239 1.70831 -0.395763 -1.52794 -0.0955292 1.26858 0.140454 -0.872339 0.401682 0.106195 -1.79316 -0.85949 1.27247 1.26193 0.0537089 -0.167888 -0.303547 -0.821143 
2.45517 -0.518754 -0.21523 -0.316079 -0.189427 -0.114429 -0.0930532 -0.165543 -0.185481 -0.0778917 0.00739925 0.0331831 0.0432772 -3.54589 -1.52271 0.641896 1.35898 0.445889 -0.176656 -0.821032 -0.37208 1.64106 1.6457 -0.805394 -1.45111 -0.263069 2.17139 0.586628 -1.17778 -0.821411 -0.25011 -0.975737 -0.0311681 1.42136 0.489858 -1.40016 -0.348601 0.604124 -0.00550157 
2.44075 -0.552528 -0.224051 -0.307078 -0.211677 -0.19137 -0.128671 -0.0992484 -0.0402099 0.00398376 -0.00808316 -0.0276277 -0.0197388 -2.61414 -1.31182 0.257077 1.42072 0.697805 -0.318407 -0.661577 0.140168 1.49418 1.29315 -0.579701 -1.35412 -0.59858 2.28764 0.98418 -0.770572 -1.23431 -0.325816 0.214749 0.755725 0.800853 -0.390852 -1.98785 -0.120923 1.32656 0.696871 
2.44357 -0.562543 -0.219436 -0.289863 -0.211162 -0.195541 -0.139428 -0.1324 -0.0952439 -0.0503516 -0.0358276 -0.0285709 -0.0213829 0.625024 -0.78369 0.327568 0.444108 0.920091 -0.924548 -0.589041 1.13086 1.30206 -0.320169 -0.54508 -0.548719 -0.336391 3.55734 0.988891 0.011013 -1.67617 -0.0223463 0.213026 0.608074 0.680409 -0.968596 -2.14457 0.411444 1.63758 0.9397 
2.38507 -0.580362 -0.245827 -0.303802 -0.225645 -0.186936 -0.148055 -0.0630907 -0.0277149 -0.0525484 -0.0348049 -0.0269362 0.0353855 2.80947 0.196525 -0.413642 -0.771298 0.601222 -1.14862 -0.6097 1.1679 0.343404 -1.25404 -0.373752 0.241821 0.431178 4.95109 1.30571 0.224873 -1.51878 0.433127 -0.261449 0.213595 0.46545 -1.57192 -2.08968 0.396462 1.23915 0.616412 
2.37089 -0.566222 -0.249877 -0.297058 -0.183379 -0.199374 -0.147609 -0.0895719 -0.0169024 -0.0772329 -0.102868 -0.0122352 0.0167686 4.24932 1.26318 -0.402016 -0.637649 0.416959 -1.37915 -0.769947 0.880928 -0.158948 -1.598 -0.411478 0.624867 0.478856 5.01497 1.88836 -0.0878373 -0.916094 0.0979033 -0.88233 -0.531575 -0.243007 -1.88952 -1.07225 0.635449 0.877219 0.544698 
2.47227 -0.562157 -0.238795 -0.273236 -0.163319 -0.150794 -0.0769491 -0.0513656 -0.0247727 -0.0580817 -0.0143187 -0.0229214 -0.032355 4.97728 2.00204 -0.74153 -1.0049 0.445769 -0.819884 -0.732911 0.673412 -0.803029 -2.38867 -0.567601 1.03758 0.788201 2.30602 2.02718 -0.78973 -0.2861 -0.476968 -0.655301 -1.0828 -0.789058 -1.12118 -0.463218 -0.392486 0.342811 0.419974 
2.936 -0.539445 -0.163061 -0.467271 -0.148965 -0.314625 -0.186376 0.0458586 -0.091235 -0.300661 -0.0241676 0.0969463 0.0737854 5.27728 2.36944 -0.773009 -1.04221 0.198687 -0.692727 -0.830511 -0.0647665 -1.17018 -2.35649 -0.749143 0.674945 0.838133 -2.48123 1.29786 -1.08712 1.1899 -0.822418 0.985758 -0.358813 -2.02362 -0.431443 0.872065 -0.997789 -0.882768 -0.1681 
2.86983 -0.422994 -0.330607 -0.446122 -0.164699 -0.28468 -0.189595 -0.00361189 -0.146794 -0.24899 -0.0770541 0.0451727 0.107798 4.83511 2.37297 -0.820559 -0.926522 0.279611 -0.687869 -1.01188 -0.822269 -1.38871 -2.00217 -0.786153 0.513612 0.582366 -4.18408 -0.492115 -0.075295 1.09687 -0.406668 1.41689 0.146928 -1.8412 0.581876 1.0939 -0.733557 -1.05673 -0.5731 
2.92768 -0.316211 -0.265763 -0.290145 -0.167101 -0.338727 -0.23415 -0.109099 -0.14802 -0.161124 -0.0546936 0.0710371 0.0366892 3.74296 2.07705 -1.08339 -0.965771 -0.3542 -1.14469 -1.37965 -0.635863 -0.652327 -1.50059 -0.470682 1.07497 0.968601 -3.81069 -1.98557 0.147359 -0.202802 -0.3025 0.519183 0.271428 -0.39861 1.36321 0.778247 0.0172903 -0.150811 -0.0517792 
2.93834 -0.322146 -0.354002 -0.444379 -0.172357 -0.211267 -0.210396 -0.0119683 -0.123263 -0.356027 -0.134384 0.0937126 0.0832967 1.73825 1.39914 -0.840962 -0.527019 -0.569294 -1.39485 -1.4725 -0.662606 0.378468 -0.52744 -0.533891 0.736973 0.634582 -2.31127 -2.35309 0.907667 -0.0339673 -0.281182 -1.44109 -0.0770712 0.767866 2.01662 1.79924 1.30831 0.459979 -0.152457 
2.97016 -0.32364 -0.300661 -0.405218 -0.20925 -0.247327 -0.228868 -0.189109 -0.220063 -0.322192 -0.156832 -0.00898096 0.107218 0.157196 0.827349 -0.242029 0.571345 -0.308577 -1.16977 -0.512846 -0.63942 0.792239 -0.139219 -0.898539 -0.234693 0.0893239 -0.638129 -1.52446 1.1569 0.361052 0.133046 -2.15022 0.216722 2.1632 2.01841 0.890755 0.776718 0.467647 -0.222482 
2.91344 -0.34487 -0.3296 -0.413023 -0.127286 -0.286676 -0.261413 -0.174965 -0.159082 -0.255283 -0.123205 0.0471864 0.0645881 0.834572 0.343292 1.01443 1.15695 0.232224 -1.20996 0.0399266 -0.123441 1.07214 -0.493445 -0.873664 -0.640074 -0.240056 0.453346 -0.0219787 1.60291 2.00612 0.54633 -0.705083 1.32788 1.52105 0.716558 -0.0209508 -0.461255 -1.29362 -0.698719 
2.94154 -0.343039 -0.377973 -0.465124 -0.266896 -0.435636 -0.327726 -0.0362656 -0.020721 -0.266954 -0.0582083 0.244754 0.175621 2.9074 1.28399 2.04641 1.78046 0.637804 -1.45957 0.335642 0.314925 0.923878 -0.640324 -0.14478 -0.36527 -0.716739 3.41116 2.02858 2.78346 3.10698 1.70179 1.04774 1.89901 -0.0769525 -1.27082 -1.05293 -0.623389 -2.12067 -1.79058 
2.87024 -0.396881 -0.279631 -0.394383 -0.225363 -0.4306 -0.304473 -0.0497451 0.0411136 -0.171809 -0.0736507 0.0694636 0.0538871 6.95246 2.92514 2.52232 2.71609 0.73832 -2.10078 0.85768 -0.332079 0.734159 0.449809 0.208059 -0.35048 -1.06726 8.06094 3.98622 1.74633 1.89952 1.27904 1.28071 1.60768 -1.28377 -2.20318 -1.09135 0.0362342 -0.482473 -0.974149 
2.97428 -0.333097 -0.211796 -0.283589 -0.141981 -0.430319 -0.168887 -0.0750641 -0.0888005 -0.365623 -0.252392 -0.0551721 0.0717613 10.9023 3.67224 2.33765 2.62698 0.687967 -2.43228 1.0643 -0.27823 0.715979 0.585359 0.486158 -0.0784499 -1.21002 10.6968 3.71851 -0.0064353 -0.057275 -0.211726 -0.395878 -0.0861345 -1.9838 -1.17269 1.39185 1.84655 1.53675 -0.273 
3.08472 -0.282289 -0.135332 -0.171823 -0.0845684 -0.361732 -0.156808 -0.0793206 -0.0551977 -0.324895 -0.202219 -0.0714982 0.0190845 14.6073 4.06742 2.122 2.56686 0.141865 -2.50983 1.08742 -0.901706 0.124764 0.629353 0.539341 -0.164334 -1.13359 9.84616 1.47309 -2.15033 -2.06085 -1.75933 -2.05153 -1.16397 -1.32009 0.0974072 2.27062 1.79524 2.43847 0.722425 
3.55348 -0.00737365 0.0249134 -0.114922 -0.0826074 -0.463293 -0.209656 -0.0681808 -0.0837791 -0.343707 -0.0046212 0.121154 -0.0739327 17.2371 3.86307 1.33495 2.47392 -0.300239 -2.67606 0.789811 -1.43167 -0.237211 0.863842 1.02486 -0.14569 -1.43843 4.53683 -2.42558 -3.60961 -2.42343 -2.75675 -2.06287 -1.40568 -0.250984 1.00287 1.66292 0.47688 0.955343 1.23633 
4.14514 0.138165 -0.106281 -0.149061 -0.135347 -0.538289 -0.102398 -0.223806 -0.0768584 -0.167965 -0.108475 0.0428153 0.00106226 18.387 3.14803 0.348497 1.73171 -0.894417 -3.33618 0.540325 -1.27542 -0.312453 0.996151 1.3558 1.04679 -1.21833 -2.52114 -4.77609 -2.24866 -1.13781 -1.6332 -0.835473 -1.03557 1.00389 0.508336 -0.379106 -0.209432 -0.163994 -0.0178903 
4.41236 0.0356626 -0.121254 -0.177184 -0.158556 -0.670075 -0.178007 -0.198684 -0.0471291 -0.164693 -0.0409916 0.0717255 -0.0141657 17.7638 1.54188 -0.438589 1.36854 -1.68665 -3.38068 0.0488483 -0.923675 -0.0817973 1.58266 1.62767 1.40594 -1.02553 -6.05323 -4.12935 -0.744523 0.516028 -0.416569 0.896752 0.126336 1.33539 -0.544494 -1.57958 -0.933546 -0.486652 -0.378179 
4.6799 0.0390052 -0.137491 -0.15209 -0.232927 -0.676216 -0.192692 -0.193268 -0.050354 -0.182041 -0.0458132 0.105117 -0.0136346 15.2439 -0.0162981 -0.914462 1.28891 -2.09598 -3.00714 0.0487372 -0.707972 -0.198376 0.974581 1.26537 0.823224 -0.567424 -7.19049 -2.51905 0.595088 1.24829 0.533464 1.84931 0.558885 1.00689 -0.697242 -1.28747 -0.357191 -0.500151 -0.252193 
4.90942 0.00632141 -0.203375 -0.0872567 -0.315301 -0.756421 -0.223152 -0.188609 -0.0268436 -0.183016 0.0479912 0.0895644 -0.0858759 10.9189 -1.44349 -1.16482 1.62764 -2.07731 -1.91341 0.223878 -0.327755 -0.270432 0.356498 0.837758 0.14316 -0.279994 -6.58122 -0.426502 1.19687 1.0066 0.788179 2.27297 0.689222 0.367411 -0.688612 -0.860228 -0.199515 -0.380823 0.663315 
5.00331 -0.0358438 -0.161201 -0.103005 -0.225811 -0.811131 -0.118663 -0.193843 -0.0950516 -0.175907 -0.0290989 0.146659 -0.13105 6.75335 -1.84725 -0.230923 1.74523 -1.58657 -0.861456 0.514091 -0.114673 -0.638957 0.0355328 0.66421 0.168215 -0.357077 -5.79312 0.561381 0.753379 0.220318 0.294474 2.29876 0.536253 -0.518514 -0.159589 0.0786855 -0.395048 -1.04455 1.38473 
5.16461 -0.114518 -0.180095 -0.00614281 -0.316969 -0.757394 -0.155962 -0.167512 -0.114453 -0.158526 -0.0172865 0.132915 -0.0623746 3.45508 -1.35316 0.311954 1.45018 -1.07702 0.355949 1.08704 0.0307379 -0.860599 -0.11663 0.4384 -0.0740597 -0.219172 -6.1306 0.9962 0.947254 -1.10703 0.712654 1.70232 0.48773 -0.306072 0.0967915 0.0357898 -0.23217 -0.632998 0.575462 
5.134 -0.111665 -0.162201 0.0233095 -0.348374 -0.734934 -0.165475 -0.199316 -0.0777609 -0.211584 0.0616888 0.0691054 -0.0474564 0.325064 -1.26866 1.04279 0.78435 -0.656108 0.519387 1.61527 0.348499 -0.599842 0.654673 0.246424 0.0295885 -0.112064 -5.26813 0.888533 1.1763 -1.92378 0.865742 0.665381 0.937928 0.444115 0.184384 0.995781 -0.638501 0.385636 -0.316638 
5.0846 -0.0870722 -0.189004 0.064919 -0.364736 -0.716774 -0.135908 -0.18393 -0.105874 -0.226485 0.0611642 0.0962461 -0.0540838 -1.94825 -1.26407 1.5434 0.0657266 -0.553626 1.4964 1.29497 1.00077 -0.576126 1.29486 0.150623 -0.0850761 0.328583 -3.70265 -0.00909346 1.23163 -2.10829 0.64469 0.195827 0.340985 1.4319 0.342955 1.7572 -0.272301 0.581638 -0.552597 
5.03846 -0.126051 -0.106664 -0.00231035 -0.319214 -0.689027 -0.0358547 -0.265791 -0.156933 -0.104089 -0.056471 0.0736468 -0.0472329 -3.39768 -1.81145 1.58964 -0.743964 -0.361658 2.39917 0.434866 2.14465 -0.105292 1.25376 0.370018 -0.196669 0.199894 -1.91829 -1.21782 0.546235 -1.55569 0.359985 0.692726 -1.19684 2.82141 0.658785 0.958724 0.388826 0.549493 -0.326291 
4.88696 -0.113184 -0.0733211 -0.0346401 -0.307737 -0.610353 -0.0557927 -0.137579 -0.147152 -0.221661 0.0473182 0.0928608 -0.0805546 -4.10354 -2.84121 1.41875 -2.11848 0.202584 2.88905 -0.465962 2.28448 -0.279726 0.996239 -0.0188933 -0.207519 0.180727 0.455086 -2.70092 -0.672755 -1.2242 -0.0217383 1.45946 -2.88394 1.85665 0.350172 0.0192368 0.0888238 -0.285816 0.527579 
4.78045 -0.15029 0.000624972 -0.0635779 -0.343983 -0.727128 0.03919 -0.104338 -0.0812873 -0.00830842 0.0103708 0.155715 -0.089623 -3.41447 -4.17532 0.953638 -3.23495 0.244275 3.33498 -1.50514 2.37765 -0.533408 1.30076 0.123132 -0.0119263 0.752885 2.15215 -3.27442 -1.79975 -1.60364 0.182569 2.17619 -3.73946 0.0166402 -0.478734 -1.68196 0.305494 -0.847096 1.20478 
4.75222 -0.220933 -0.00616472 -0.0797415 -0.376984 -0.530322 -0.100289 -0.00389298 -0.145056 0.0196932 0.0532822 0.0803948 -0.0257665 -2.11703 -4.99824 0.887667 -4.00167 0.207958 4.27883 -2.19802 1.88544 -0.562788 1.03755 -0.00832542 -0.693299 1.21121 3.25146 -2.4471 -1.53345 -1.89439 0.337322 1.47014 -1.98195 -2.30525 -0.839762 -1.71755 -0.413596 -0.82794 1.23276 
4.68937 -0.383056 -0.00457293 -0.165463 -0.287659 -0.41215 -0.174063 0.160529 -0.0863399 -0.098974 0.0395996 0.0944232 -0.0808319 -0.448427 -5.57073 0.45035 -4.28735 0.372342 5.58177 -2.28216 2.03583 -1.16403 -0.00945295 0.297817 -0.596928 1.47816 3.83739 -0.598163 -0.440068 -1.36385 0.153106 1.33689 0.76575 -3.03958 -1.51802 -0.822601 -0.393542 -0.472499 1.12529 
4.70289 -0.548289 -0.0618695 -0.306536 -0.299543 -0.360921 -0.302582 0.00334207 -0.177271 -0.140958 -0.0182123 0.0494558 0.0042777 0.35853 -5.90585 0.209246 -4.07444 0.648055 5.8283 -2.05301 1.32976 -1.34301 0.0288306 -0.344113 -0.910991 1.65397 2.29054 1.2702 0.660507 0.541938 0.256944 0.963104 2.79055 -0.890643 -0.66486 -0.107473 -0.0962245 0.044949 -0.000187864 
4.77489 -0.654142 -0.0869777 -0.413984 -0.334666 -0.326524 -0.336527 0.00806245 -0.193386 -0.0134353 0.102478 0.0939449 0.100096 0.697372 -5.10511 0.41394 -3.84153 0.562304 5.21365 -2.24205 0.752176 -1.16808 -0.0559216 -0.510299 -1.03309 1.45115 -0.112013 2.44429 1.34182 2.04398 0.152293 -0.687189 2.47416 0.519274 0.497772 0.666985 -0.824788 0.167349 -1.16603 
4.86782 -0.664819 0.0137213 -0.465324 -0.319336 -0.122404 -0.2832 -0.0546364 -0.202909 -0.0527734 -0.0346708 -0.0552765 0.093609 0.305054 -4.06132 0.870266 -3.37155 0.398284 3.91066 -1.86975 -0.0124963 -0.694413 0.0763404 -0.58621 -0.389284 1.11273 -2.52069 2.40262 0.829477 2.33586 -0.210064 -2.72584 -0.10516 0.957786 1.38586 0.764658 -0.161562 0.967572 -1.34708 
4.95581 -0.77124 -0.00163114 -0.519234 -0.241448 0.0978014 -0.197408 0.122951 -0.34202 -0.190391 0.0512949 0.0741377 0.089313 -0.0464745 -2.55222 1.07381 -2.58724 -0.622388 2.72776 -1.33401 -0.376872 -0.0906807 0.839287 -0.536464 0.0876362 1.01792 -3.35651 2.41043 0.371857 1.5455 -1.43194 -4.60761 -1.79607 -0.591964 2.57043 1.25676 -0.198031 1.01353 -0.924946 
4.76589 -0.834218 -0.00865945 -0.456586 -0.239697 0.00266068 -0.259525 0.0878841 -0.231668 -0.0630425 -0.0411462 -0.00574848 0.0938157 -1.57914 -1.34137 0.970166 -1.21249 -0.550767 0.977813 -1.01801 0.587911 0.518782 0.426275 -0.536692 0.37961 0.580391 -2.28189 2.11542 -0.459955 0.765367 -1.66648 -4.23789 -1.39031 -0.979133 1.43685 0.0360247 0.403475 1.14564 0.0363047 
4.77009 -0.743377 0.0856124 -0.524746 -0.32453 -0.138056 -0.395069 0.0481571 -0.1741 0.0634254 -0.0481156 -0.00162307 0.0760734 -2.82638 -0.386301 -0.102837 -0.525221 -0.383987 -0.0185166 -0.45019 1.14315 0.636162 -0.342597 -0.342864 0.463545 -0.0412128 -1.36584 1.31427 -2.07777 0.855228 -0.402438 -1.7709 1.27412 0.547319 -0.040392 -1.59078 0.992928 0.592645 0.196681 
4.69122 -0.793784 0.0958212 -0.55183 -0.302987 -0.0460995 -0.45828 0.00626879 -0.188482 -0.0777401 -0.00322115 0.0876623 0.092664 -3.80959 0.714067 -1.03779 0.119455 -0.56516 -1.59417 -0.0770806 1.60103 0.750042 0.113968 0.671066 1.00443 -0.348518 -0.668884 1.46206 -2.67362 1.29534 0.831598 -0.387022 3.26997 2.12743 -1.06888 -1.42159 1.04979 -0.425125 -0.541973 
4.71439 -0.750023 0.0649109 -0.575108 -0.46565 -0.0918265 -0.36744 0.00843858 -0.103055 0.0275711 -0.0288443 0.123079 0.119318 -4.94275 2.45281 -1.24492 1.3926 -0.847506 -3.04104 0.687888 0.908761 0.711868 0.30111 0.239758 0.0690497 -0.38825 -1.36005 1.99544 -1.97761 2.16883 1.72435 -0.364859 3.15285 1.88305 -1.73446 -0.791983 0.812128 -1.16335 -0.985659 
4.48821 -0.754205 0.00389466 -0.444186 -0.3264 -0.271679 -0.396945 0.138284 -0.164517 -0.116115 -0.0447658 0.0699782 0.138741 -3.4475 4.71989 -1.59372 3.16467 -0.89477 -3.37157 1.93453 0.71777 0.129076 -0.514353 0.456329 -0.373458 -0.683433 0.413206 3.96803 -0.139684 3.1131 0.109353 -1.10253 1.9963 -0.913564 -0.609299 1.03663 -0.143382 -1.75036 -1.02162 
4.49238 -0.704396 -0.164708 -0.509395 -0.297441 -0.112193 -0.229061 0.226819 -0.193418 -0.156885 0.0549217 0.0680666 0.0412291 -0.457315 5.82756 -2.18905 5.21047 -0.985408 -4.1058 2.79727 -0.203057 -0.0425461 -1.11094 0.738346 -1.01946 -0.873717 4.59106 4.59029 1.58022 4.28637 -1.5011 -2.7575 -0.0624277 -3.7508 0.293116 0.848255 -0.758308 -1.63209 -0.199887 
4.41576 -0.574781 -0.124521 -0.436449 -0.339999 -0.237837 -0.216927 0.25245 -0.178186 -0.0139113 0.127368 0.131346 0.0092683 2.58229 6.37539 -2.0051 6.52857 -1.45158 -4.75443 2.99559 -1.48178 -0.283929 -0.91669 0.976583 -1.56534 -1.01774 8.58963 2.25348 1.27431 3.88021 -1.95589 -1.8079 -0.79515 -4.84208 0.367698 -1.00642 -0.425121 -1.0898 0.447872 
4.17232 -0.382 -0.077824 -0.220774 -0.385789 -0.438621 -0.155721 0.104382 -0.200496 -0.0322132 -0.0562833 -0.0418443 0.061564 4.67555 6.09882 -1.54676 7.00994 -1.73023 -4.23413 2.77641 -2.97229 -0.708212 -1.0434 0.989506 -1.74169 -0.902764 9.66615 -1.58268 0.271633 1.18382 -1.60361 0.496341 -0.826168 -3.38416 0.0162241 -1.20578 0.862341 0.351429 0.536229 
4.54556 -0.046186 -0.116936 0.0324827 -0.440991 -0.513849 -0.110674 0.0474724 -0.162159 -0.105702 -0.00717412 -0.0770356 -0.00494012 6.39518 5.34236 -0.888127 6.43381 -2.49193 -3.31382 2.81402 -4.18331 -1.09463 -0.727383 0.830787 -1.52826 -0.75003 3.7043 -5.35053 0.00454575 -2.44959 -0.156751 2.77025 -0.448323 -1.03217 -1.35417 -0.662438 0.865206 1.09312 0.605647 
5.05414 -0.076052 -0.198611 0.160534 -0.50391 -0.648758 -0.10732 -0.110023 -0.152341 -0.188998 0.110122 -0.0658457 -0.00790731 6.5734 3.94934 -0.246033 5.73173 -2.55857 -2.90952 2.48727 -4.63837 -1.48765 -0.768724 0.261463 -1.34975 -0.379966 -3.92862 -5.2654 0.534208 -4.89434 0.684903 4.34258 0.467028 1.21102 -1.87996 0.855612 -0.374311 1.19069 0.25063 
5.13331 -0.140023 -0.169119 0.218091 -0.557805 -0.614317 -0.0659436 -0.199316 -0.221909 -0.180861 0.145706 -0.060994 0.000406343 6.22158 2.18966 -0.336288 4.07009 -2.18581 -1.30868 2.35983 -4.29934 -1.73476 -1.12921 0.335899 -1.27958 -0.405563 -7.55118 -2.93318 0.960613 -4.67864 1.11072 3.0338 0.279987 2.1846 -1.0594 1.35853 -1.30918 0.53494 -0.026693 
5.08612 -0.132275 -0.176965 0.228472 -0.596171 -0.556094 -0.00902237 -0.261769 -0.261609 -0.145715 0.0817142 -0.0950623 0.025499 4.89042 0.590487 -0.303323 2.09733 -1.82083 0.123214 1.95978 -3.29305 -1.6988 -0.843849 0.877116 -0.771443 -0.494607 -6.32117 -0.567509 0.710734 -2.84155 1.0647 1.13997 -0.398829 2.04564 0.294052 0.473261 -0.950186 -0.334363 -0.257152 
5.06247 -0.141571 -0.156449 0.188269 -0.586901 -0.526434 0.0539389 -0.26162 -0.37721 -0.183668 0.0920663 -0.0875701 -0.0151699 1.59375 -0.496057 0.0663806 0.513667 -1.28835 0.593626 1.77026 -2.61297 -1.74262 -0.103471 0.312604 -0.808273 -0.487031 -2.3901 0.72947 0.0116959 -0.932384 0.699479 -0.256162 -1.11032 1.30933 1.65049 0.166535 0.136297 -0.517619 -0.406793 
5.04686 -0.143371 -0.139654 0.183974 -0.617513 -0.539273 0.105074 -0.302449 -0.37057 -0.146208 0.0395447 -0.0825865 -0.0187379 -0.722338 -0.0796525 0.18171 -0.134065 -0.802025 0.907498 1.25198 -1.33766 -1.55267 0.131982 -0.0359844 -0.896741 -0.69794 -0.0289669 0.515553 -0.50047 0.0280029 0.515393 -0.799537 -1.61469 0.993328 1.44343 -0.0687554 0.90835 -0.31466 -0.32437 
5.04881 -0.144589 -0.147875 0.182634 -0.616639 -0.506392 0.0705532 -0.324778 -0.349479 -0.182555 0.0969529 -0.145421 -0.0351326 -1.25136 0.44191 -0.225325 -0.209526 -0.400315 0.67261 0.391653 -0.596976 -0.896254 -0.0580063 -0.00703052 -0.713898 -0.863709 -0.230072 0.499378 -0.605166 0.402782 0.446516 -0.552619 -1.44123 1.08739 0.624439 0.163686 0.279393 0.414751 -0.176448 
5.03885 -0.12653 -0.163096 0.186682 -0.645185 -0.490123 0.062136 -0.327905 -0.336767 -0.206228 0.133599 -0.168401 -0.030134 -1.58715 0.754281 -0.507322 -0.0903974 0.219017 0.26078 -0.545382 0.0136062 -0.256103 -0.386735 0.0311628 -0.0640092 -1.02914 -0.969547 0.658718 -0.67192 0.362957 0.91415 -0.326002 -1.35108 1.26579 0.202192 -0.0975904 -0.641495 1.283 -0.180684 
5.00754 -0.127285 -0.146926 0.170142 -0.62237 -0.542586 0.108026 -0.369458 -0.368468 -0.117676 0.088288 -0.163092 -0.081199 -2.33469 1.16825 -0.79258 -0.216402 1.15834 -0.206787 -1.14716 0.398295 0.48224 -0.736522 -0.480457 0.854431 -1.25054 -1.61178 0.820778 -0.623971 -0.0742222 1.6648 -0.293375 -1.26095 1.26771 0.549055 -1.16023 -1.0908 2.18196 -0.296053 
4.99494 -0.107637 -0.178906 0.185284 -0.62405 -0.513678 0.0354656 -0.267974 -0.399944 -0.173412 0.117025 -0.162325 -0.0883811 -3.50076 1.56226 -0.7639 -1.00131 2.54544 -0.868441 -1.32737 0.789189 0.603346 -0.832719 -1.19619 2.02459 -1.67924 -2.35019 0.82253 -0.0686034 -1.16684 2.66052 -1.08735 -0.384103 0.328101 1.11113 -0.912473 -1.79605 2.7185 -0.64382 
4.91833 -0.0593778 -0.222896 0.206487 -0.612322 -0.482188 -0.0177052 -0.283623 -0.355043 -0.19258 0.0958406 -0.129807 -0.0942474 -4.8425 1.81066 -0.660742 -1.59873 3.45876 -1.27237 -1.23837 0.812667 0.546024 -0.539938 -1.88526 2.61595 -1.59528 -2.66204 0.484563 0.548935 -2.05752 2.88035 -1.47485 0.502278 -0.302264 0.638934 -0.0875176 -1.56178 1.84264 -0.550711 
4.83372 -0.0275428 -0.234571 0.194677 -0.51765 -0.527833 -0.0661985 -0.247933 -0.322825 -0.238332 0.0501003 -0.0351001 -0.12614 -6.04006 1.60584 -0.211286 -1.82068 4.26551 -1.25413 -1.50274 0.483363 0.189155 -0.109218 -1.88026 2.36558 -1.31588 -2.51142 -0.231939 1.12826 -1.72136 1.79729 -0.784584 0.820403 -1.04058 -0.651587 1.40634 -0.456145 -0.35967 0.240415 
4.71487 0.0162907 -0.241943 0.114564 -0.379657 -0.592925 -0.0535987 -0.238494 -0.273882 -0.301897 -0.0312649 0.0810964 -0.203133 -7.11428 1.36762 0.524031 -1.93758 4.32719 -0.590177 -1.92879 -0.711894 0.204312 0.711494 -1.58068 1.23263 -0.698608 -1.84886 -1.01971 1.65425 -0.205774 -0.308809 1.01558 -0.0304666 -2.15976 -1.55496 2.93159 1.07767 -3.28463 1.49305 
4.54699 0.0600639 -0.205348 -0.0283843 -0.225171 -0.687728 -0.0380543 -0.231309 -0.286759 -0.230104 -0.123479 0.178701 -0.261282 -7.38861 0.783028 1.70245 -2.05401 3.70337 0.167477 -2.12513 -2.02859 0.162781 1.71743 -1.19178 -0.0635119 -0.214828 -0.235678 -1.59736 1.97793 1.52786 -2.6949 3.1083 -1.41768 -2.76044 -1.1528 2.57234 2.41316 -5.03195 2.2592 
4.39371 0.0763195 -0.219947 -0.030309 -0.214916 -0.647572 -0.0576681 -0.26455 -0.317052 -0.191293 -0.105045 0.0943395 -0.190186 -7.30334 0.400401 2.50362 -1.95263 2.79091 0.872019 -2.20709 -2.62319 -0.130832 2.43742 -0.798908 -1.28382 0.410562 1.13274 -1.30586 2.00245 1.70727 -3.41757 3.21862 -1.63655 -2.4548 0.0270398 1.53126 1.87695 -3.87973 1.67695 
4.26405 0.01946 -0.143169 0.0116639 -0.142004 -0.610208 -0.143546 -0.31536 -0.404923 -0.122645 -0.0394378 0.00668182 -0.163692 -7.38491 0.233679 3.03198 -1.51522 1.56308 1.3091 -1.99968 -2.96227 -0.334963 3.01911 -0.438646 -2.29642 1.0136 1.436 -0.210245 1.19394 0.766083 -2.95526 1.37732 -0.257821 -0.72628 1.00279 0.042546 0.250973 -1.07578 0.631672 
4.11113 0.0295461 -0.0515014 -0.00987477 -0.173931 -0.495067 -0.226968 -0.525584 -0.341668 0.0194215 -0.045697 -0.147213 -0.117613 -7.70983 0.0628859 3.35762 -0.669563 0.198009 2.00772 -2.58463 -2.47287 -0.1926 2.83103 0.278032 -2.94008 1.69518 0.329964 0.603845 -0.0174543 0.209683 -1.61093 -0.758234 0.802932 2.1894 0.860665 -1.60906 -0.547321 1.64883 -0.111141 
4.11831 -0.0170816 0.0669614 -0.0382215 -0.256009 -0.4073 -0.29918 -0.553423 -0.317438 0.0114492 -0.0115524 -0.18935 -0.109025 -8.66972 -0.202019 3.65951 -0.162837 -0.59315 2.43195 -2.93752 -1.47438 0.241504 1.55762 0.63522 -2.42553 1.67618 -2.50322 0.761836 -0.749828 0.169585 -0.127877 -1.64446 0.816262 3.81741 0.403535 -2.43835 -0.499161 2.87288 -0.368709 
4.00165 0.0363998 0.0660948 -0.0547901 -0.234479 -0.422892 -0.281684 -0.545747 -0.328357 0.0419148 -0.0714413 -0.177915 -0.0716007 -9.97054 -0.703942 3.6407 -0.187676 -0.362063 2.33328 -2.40037 0.0876574 0.337154 0.24641 0.571034 -1.0586 1.35732 -4.37251 -0.568869 -0.605548 0.536086 0.697006 -0.5738 0.233899 4.03309 -0.0830911 -3.0908 0.566302 2.60248 -0.33859 
3.80739 0.0660611 0.11413 -0.0573028 -0.23059 -0.506423 -0.222167 -0.531747 -0.344216 0.0851302 -0.100229 -0.170532 -0.0656603 -10.3502 -2.24745 3.11166 -0.165584 -0.0459176 2.97389 -1.4207 2.50554 0.441324 -0.630267 -0.10422 -0.0238691 1.32679 -3.29847 -3.10726 -0.343631 0.520296 1.37341 1.73828 0.167941 3.85548 -0.308205 -2.56547 0.473838 1.74887 -0.229678 
3.57458 0.0566094 0.162299 -0.00642589 -0.287807 -0.390042 -0.410756 -0.431269 -0.295157 0.0193076 -0.00296778 -0.206864 0.000987348 -6.62222 -4.2879 1.01331 -0.731914 -0.361414 3.30151 -1.07312 4.68469 0.554213 -1.08351 -0.165594 0.720888 1.77743 3.72107 -5.14827 -2.01263 -0.787579 0.641309 2.58843 1.27574 2.93312 0.00564656 -0.552002 -0.615873 0.754174 0.322569 
3.24961 -0.000672263 0.264795 -0.0412936 -0.259359 -0.342823 -0.45463 -0.361631 -0.276485 -0.10816 -0.00440053 -0.105496 -0.0461345 0.0509052 -5.72504 -0.507293 -1.77329 -1.20555 3.76662 -1.07478 5.89569 1.32486 -0.762396 0.0124026 0.715632 1.98162 15.0236 -5.16072 -3.99403 -2.22742 -1.52685 2.11184 1.32106 2.3324 0.943983 1.74388 -0.823774 -0.58649 1.05944 
3.00791 -0.118884 0.265562 -0.0344641 -0.166832 -0.292522 -0.351807 -0.260509 -0.345653 -0.158918 0.0122402 -0.061055 -0.00916553 7.4921 -4.92816 -1.34119 -2.40999 -1.59832 2.96609 -1.36839 5.71239 2.10701 -0.889354 0.659892 0.68057 1.93487 22.6634 -0.615726 -4.30359 -2.84054 -2.93683 -0.849201 -0.100276 0.195082 2.20737 2.45678 -0.0217028 -1.1613 0.917062 
3.04503 -0.444336 0.27398 -0.0218452 -0.1438 -0.0590941 -0.295098 -0.0122975 -0.32038 -0.0810011 -0.12964 -0.0985933 0.0370767 14.5096 -2.63187 -3.68463 -2.24055 -2.30024 0.757612 -0.521148 4.51153 3.19648 -0.411923 0.487302 0.735903 1.40646 21.1197 6.67579 -3.8989 -1.40264 -2.99631 -5.70252 -0.544972 -3.35513 2.87321 1.42778 1.31821 -0.626532 -0.505986 
3.89686 -0.627663 -0.0908391 -0.219301 -0.375072 -0.0369295 -0.405132 0.0545968 -0.209193 -0.0333801 -0.0643277 -0.109747 0.181068 19.6432 -0.266184 -5.51959 -2.4463 -2.41219 -1.77124 0.883828 2.68856 4.18263 0.584002 -0.199839 0.650429 0.761646 8.52278 10.9522 -1.64388 1.36409 -0.360299 -7.91376 0.779274 -5.54153 2.43747 0.141649 0.722308 0.17135 -2.34774 
4.73249 -0.651223 -0.0479022 -0.36888 -0.525591 -0.0031623 -0.45356 0.167828 -0.0748893 0.00494319 -0.00288356 -0.133989 0.148048 21.9678 2.07552 -6.66583 -2.34588 -2.10234 -3.24851 1.16717 0.857176 4.70056 1.22637 -0.695863 0.353021 0.266088 -6.10598 9.30858 -1.05305 2.8542 2.66182 -6.56545 2.4638 -5.93485 0.769889 -0.378796 -1.30587 0.869592 -2.79411 
5.07087 -0.204625 -0.0234051 -0.32203 -0.398065 -0.306302 -0.492931 0.0274037 -0.0356067 -0.100729 0.0825123 -0.0854638 0.140993 20.6609 4.23261 -6.78126 -2.30953 -1.18285 -4.02682 1.30414 -1.13761 4.43987 1.20682 -1.03421 0.1806 -0.287779 -13.9194 2.00542 -0.558052 1.73923 3.71388 -0.666365 2.84658 -3.49708 -1.27564 0.32355 -2.80755 0.204388 -1.61683 
5.3489 0.0564887 -0.4223 -0.170735 -0.537781 -0.613553 -0.278026 -0.091376 0.125329 -0.0157588 -0.0241305 -0.0511869 0.0362995 15.9865 5.6697 -5.94132 -2.13985 0.28574 -4.02121 1.67878 -2.51346 2.91925 0.93717 -1.35486 0.309146 -0.670101 -14.1978 -4.37055 2.11148 -0.885788 3.96022 5.55217 0.498194 -0.206493 -3.73755 0.299347 -2.33541 -0.616821 0.463445 
5.45756 0.0417848 -0.477324 -0.290377 -0.470975 -0.636897 -0.212074 -0.150807 0.232742 0.0454271 -0.104955 -0.0639357 0.0267513 8.93192 5.26358 -4.15682 -1.87125 2.43523 -2.4501 2.0072 -2.71928 1.01916 0.728395 -2.00058 -0.0343178 -0.9506 -9.46501 -5.7414 3.35071 -2.14192 2.6779 7.38312 -1.6663 1.72953 -5.11527 -0.325771 -0.327249 -1.06831 1.582 
5.45888 0.0415333 -0.513216 -0.335702 -0.354099 -0.552096 -0.254223 -0.183275 0.198607 0.0293901 -0.179935 -0.0448545 0.00385713 3.48903 3.7364 -3.72571 -2.17148 3.75954 -0.807489 2.27278 -2.70105 -0.755647 0.891027 -2.67437 -0.163056 -0.670073 -5.24634 -3.60559 3.81652 -1.80418 1.50347 5.07695 -1.52251 2.0895 -4.47995 -0.408224 0.868825 -0.922841 1.23411 
5.42829 0.0632153 -0.552513 -0.390452 -0.253821 -0.476894 -0.19684 -0.249174 0.104051 0.0257652 -0.182966 -0.0998154 0.0488999 0.299772 1.48857 -2.31351 -3.20538 3.99655 1.60293 1.88495 -1.54795 -2.19594 0.784027 -2.47501 -0.382015 -0.614702 -3.21747 -0.55058 2.69755 -0.698611 0.481657 1.18893 -0.768296 1.51152 -2.44166 -0.580743 1.18146 -0.035875 -0.0344942 
5.43321 0.0469506 -0.518957 -0.452947 -0.230823 -0.377307 -0.201506 -0.192731 -0.0293359 0.0601699 -0.243984 -0.0787052 0.0693335 -1.89391 0.735979 -0.166241 -3.79612 4.3559 2.94787 0.944649 -0.980714 -3.29912 0.0121737 -1.53788 -0.195789 -0.524132 -2.2548 0.805678 0.942554 0.1566 -0.702018 -1.31 0.281051 0.387248 0.230503 -0.633886 1.12037 0.680151 -1.21284 
5.39809 0.0344219 -0.489471 -0.548611 -0.105385 -0.298913 -0.246369 -0.19354 -0.0767166 0.0327641 -0.211956 -0.154197 0.0566113 -2.67758 0.917283 0.362719 -3.41047 3.98843 2.61922 0.542932 -0.476804 -3.7159 -0.31747 -0.642164 -0.0237332 -0.794938 -1.48018 0.743967 0.601797 0.447777 -1.20724 -1.76889 0.0952367 0.0681454 1.32826 -0.684392 1.18468 1.18335 -1.31781 
5.32449 0.103002 -0.562654 -0.575689 -0.0129849 -0.3687 -0.112355 -0.266459 -0.123463 0.0945309 -0.321195 -0.100474 0.0217617 -2.94562 1.06701 0.615519 -3.01629 3.17891 1.99941 0.299939 -0.171515 -3.02934 -0.527816 -0.148067 0.265341 -0.883246 -0.394442 0.169557 0.613685 0.879924 -1.55522 -0.818073 -1.19269 0.36644 1.53066 -1.00723 1.51291 0.856319 -0.534061 
5.20027 0.134959 -0.489009 -0.661232 -0.00613861 -0.301898 -0.141979 -0.204542 -0.186283 0.0111967 -0.243929 -0.0904086 -0.0330782 -3.0042 1.23052 0.553501 -2.26054 2.49792 1.25358 -0.301112 0.17981 -2.05823 -0.670721 -0.103932 0.698952 -0.762312 0.9044 -0.193893 -0.168102 1.5643 -1.37677 -0.61641 -1.52744 0.439327 1.51581 -0.275877 0.58538 0.326365 0.884081 
5.14313 0.147067 -0.446137 -0.68209 -0.00510102 -0.264028 -0.152986 -0.26857 -0.178954 -0.0213628 -0.226494 -0.0388741 -0.0607414 -2.74929 1.30223 0.235638 -1.44188 2.14601 0.418726 -0.752396 0.52081 -1.35034 -0.90725 0.131246 0.816136 -0.482076 1.57825 -0.321303 -0.844207 1.80157 -0.822428 -0.854054 -1.5006 1.20981 1.08459 0.268748 -0.414581 -0.146505 1.65835 
5.16616 0.142071 -0.457781 -0.717129 0.086084 -0.287794 -0.201986 -0.209921 -0.244363 0.00281812 -0.180793 -0.0736154 -0.0706523 -2.31099 1.21477 0.112451 -0.615012 1.43367 -0.00349896 -1.2728 0.981458 -0.785363 -0.960976 0.154372 0.991826 -0.0432816 1.10859 -0.123374 -0.969221 1.71396 -0.542991 -1.01248 -0.885904 1.01474 1.09003 0.196243 -0.907495 -0.196122 1.53928 
5.11356 0.173951 -0.466911 -0.702041 0.0480267 -0.249963 -0.225736 -0.214923 -0.195215 -0.0391954 -0.219333 -0.0340318 -0.0398305 -1.88634 1.00124 -0.00362563 0.0152101 1.22508 -0.389117 -1.8228 1.60161 -0.558168 -1.02392 0.339026 0.696998 0.426354 0.472954 0.00716425 -0.715607 1.21036 -0.0187681 -1.41492 -0.0192889 0.902885 0.287337 0.22971 -0.538541 -0.214815 0.67983 
5.07828 0.210753 -0.498146 -0.657908 0.063817 -0.290735 -0.265979 -0.178858 -0.188401 -0.0234447 -0.266695 -0.0142733 0.0244524 -1.80101 1.06973 -0.436564 0.673224 1.11563 -1.04847 -1.73569 1.59363 0.00347224 -0.854602 0.0129667 0.60018 0.728489 -0.374071 -0.0123086 0.0550942 0.437665 -0.0671419 -0.886522 0.318376 0.434573 0.096531 -0.277818 0.447401 -0.29167 -0.353084 
5.09974 0.203007 -0.50922 -0.654294 0.125216 -0.341654 -0.303205 -0.0979625 -0.232761 -0.0555282 -0.236834 -0.0170336 0.0131234 -2.2069 1.1828 -0.565579 1.13256 0.807697 -1.44543 -1.54579 1.7375 0.173893 -0.826821 0.0579793 0.53491 0.653495 -1.16812 0.158445 0.309768 0.290739 -0.461725 -0.395463 0.646901 -0.531806 0.367321 -0.150151 0.632355 -0.122363 -0.747653 
5.05729 0.218493 -0.491672 -0.640084 0.101122 -0.32917 -0.341245 -0.100801 -0.185959 -0.0731567 -0.227042 -0.00809944 0.0182766 -2.79074 1.24 -0.296361 1.15324 0.445357 -1.57882 -1.18945 1.33083 0.35467 -0.645699 0.181085 0.553692 0.21647 -1.39342 0.221147 0.31838 0.0271989 -0.514577 -0.185787 0.777949 -0.891758 0.251263 0.317999 0.514966 -0.0942534 -0.947157 
5.00381 0.245521 -0.519931 -0.61645 0.153248 -0.405977 -0.327499 -0.0369314 -0.250335 -0.0745355 -0.222458 -0.0137126 0.0291256 -3.3559 1.10015 0.174995 1.05033 0.214737 -1.74629 -0.673921 0.865975 0.232994 -0.410179 0.623993 0.504502 -0.492997 -1.43489 0.0619704 0.714105 -0.139596 -1.03783 0.29413 0.82987 -1.42883 0.469369 0.56277 0.289008 0.209346 -1.11486 
4.9124 0.283076 -0.515282 -0.592615 0.12719 -0.413942 -0.356021 -0.0636643 -0.151695 -0.120504 -0.216214 0.0037578 0.0239408 -4.41695 0.879851 0.883747 1.24823 -0.493448 -1.46556 -0.0678723 -0.00967043 0.370467 -0.389175 0.980109 0.516932 -1.13367 -1.38048 -0.423349 1.22554 -0.00668055 -1.10556 0.37482 1.0232 -1.45796 -0.16058 0.745946 0.339592 0.175972 -1.16475 
4.84185 0.299293 -0.519515 -0.539587 0.104057 -0.443157 -0.354209 -0.0523975 -0.178033 -0.105479 -0.193784 0.0251204 -0.00124649 -5.83061 0.525681 1.77952 1.34018 -0.909629 -1.03627 0.381437 -0.898763 0.287229 -0.182173 1.04384 0.638222 -1.56058 -1.85557 -1.00094 1.93011 0.00967723 -0.822783 0.696162 0.981897 -1.49571 -0.459331 0.310243 0.43076 0.0853332 -1.08273 
4.77918 0.311274 -0.481172 -0.592767 0.116706 -0.45992 -0.351898 -0.0719633 -0.182542 -0.0556128 -0.183518 0.0105976 -0.0492176 -7.39571 -0.244515 2.82293 1.64562 -0.239049 -0.54636 0.044055 -1.67414 -0.193047 -0.294833 1.34881 0.922293 -1.64279 -3.01359 -1.53604 2.31473 0.744599 0.253047 1.13616 0.0373757 -1.54019 -0.696354 -0.475865 0.504901 0.366993 -0.26443 
4.66408 0.30931 -0.424843 -0.557536 0.0661066 -0.487701 -0.30058 -0.110667 -0.177291 -0.0808022 -0.14995 0.0493993 -0.102058 -8.40937 -0.925368 3.62804 2.03806 0.413592 0.134126 -0.800938 -2.79829 -0.31458 0.0762723 1.75822 0.950025 -1.70189 -3.11127 -1.65125 1.84209 1.09216 2.07038 1.32197 -1.70169 -1.54615 -0.856376 -0.247945 0.576272 0.250682 0.568369 
4.48033 0.291155 -0.345846 -0.461293 -0.010707 -0.472921 -0.272911 -0.1823 -0.157171 -0.102819 -0.115761 0.0460784 -0.131239 -8.77509 -1.52145 4.10314 2.1863 1.14378 0.641724 -1.33097 -3.29198 -0.651853 0.426189 1.94385 0.951413 -1.57473 -1.51155 -1.28159 0.800473 0.659341 3.05698 1.26105 -2.82547 -1.25174 -0.474765 0.406787 0.496436 0.199396 0.947043 
4.27798 0.240987 -0.229781 -0.482762 0.0278724 -0.44055 -0.273586 -0.222586 -0.211355 -0.0919139 -0.103763 0.0686226 -0.181002 -8.76762 -1.78863 4.02204 2.21932 1.33179 1.22307 -1.47044 -3.26804 -0.609279 0.313736 2.36871 0.920145 -1.35681 1.07444 -0.372836 -0.829564 0.23214 1.85812 0.85525 -1.97343 -0.226651 0.0602001 0.817436 0.669948 -0.12201 0.83261 
4.01322 0.154221 -0.111938 -0.390118 0.213828 -0.399205 -0.425628 -0.30621 -0.260903 -0.148842 -0.0400463 0.133492 -0.132032 -8.62478 -1.91452 3.45754 2.45671 1.03692 1.65904 -1.47665 -2.49995 -0.266589 0.44511 2.94694 0.516493 -0.972078 2.99623 0.626532 -2.14927 -0.609306 -1.20606 0.412885 0.624847 1.60192 0.965911 0.991328 0.792099 -0.930844 0.210487 
3.9325 0.145003 -0.0941274 -0.32009 0.261613 -0.381551 -0.535587 -0.441915 -0.236755 -0.0291941 0.0230201 0.0958714 -0.168983 -8.47482 -2.55349 2.99359 2.91024 0.233428 2.4151 -1.35593 -1.20158 0.0620718 0.692497 2.78133 -0.226773 0.0202588 2.11429 0.172537 -2.03229 -0.149226 -3.84542 0.633127 2.76464 3.64454 1.25912 -0.0464214 0.329462 -1.36299 0.757569 
3.88015 0.114039 -0.0419196 -0.330682 0.255964 -0.341861 -0.522614 -0.449417 -0.22292 -0.021777 0.0238628 0.122295 -0.182797 -8.58596 -3.52737 2.21733 2.91572 -0.918423 2.67619 -0.593777 0.18611 -0.320908 -0.215567 1.79981 -0.647615 1.32907 -0.607945 -1.40182 -1.36637 0.721296 -4.54938 0.806538 3.06485 4.11478 0.327749 -1.49883 -1.05897 -1.60393 2.14839 
3.80679 0.116449 -0.0672796 -0.317838 0.178673 -0.297438 -0.4381 -0.389715 -0.244404 -0.0667198 0.137444 0.126294 -0.206603 -8.20988 -4.7439 0.320433 2.30049 -2.65968 2.3552 1.0798 1.07241 -0.00355813 -0.770337 0.662121 -1.05053 2.11075 -2.32381 -3.44281 -1.45459 0.212802 -3.27249 0.227471 2.47157 2.60198 -0.497095 -2.09579 -3.16994 -1.07216 2.95207 
3.65242 0.0898443 -0.0708373 -0.264338 0.0997404 -0.268138 -0.427571 -0.299273 -0.15963 -0.0110981 0.236164 0.0371294 -0.191055 -3.90265 -5.20916 -2.07828 1.75305 -4.24022 1.42364 2.63292 2.07609 0.78975 -0.673193 -0.242185 -0.996296 2.16544 2.23055 -3.52534 -3.21489 -0.790112 -1.33727 -1.34986 1.77042 0.316754 -0.417746 -1.64965 -3.87713 0.487872 2.00273 
3.43517 -0.105765 0.0185431 -0.0750136 -0.0443064 -0.123405 -0.417066 -0.203966 -0.1529 -0.0208322 0.144858 -0.0266186 -0.0266404 1.27814 -5.24249 -3.01649 0.530761 -4.28922 0.833344 3.20814 2.86493 1.3111 -0.848291 -1.01323 -1.12872 2.15829 11.0267 -0.63235 -4.46642 -3.15364 0.761087 -2.94995 1.09065 -1.14541 0.952577 0.279578 -2.25656 1.11956 -0.939631 
3.17778 -0.291298 -0.00501895 -0.101626 -0.1084 -0.128294 -0.337146 -0.166256 -0.329964 -0.269513 -0.0189866 -0.00381871 0.124173 6.17786 -5.03448 -3.6949 -0.758038 -3.62083 0.52803 3.01882 2.98553 1.82261 -0.375834 -1.20878 -1.35412 1.78324 17.4476 2.64068 -3.18225 -4.07069 2.28912 -2.3662 -0.147856 -0.811083 2.73396 2.71855 0.72455 0.651266 -3.31386 
3.15769 -0.479417 -0.278968 -0.263132 -0.203362 -0.202437 -0.153018 -0.21596 -0.2182 -0.200846 -0.0680217 -0.00848956 0.0854254 8.8255 -4.23104 -4.52604 -2.60795 -2.996 -0.191464 2.41043 1.69983 1.46631 0.365698 -1.50153 -0.722384 1.69327 13.8952 4.72851 -0.0628588 -3.54147 2.67623 -0.686841 -2.02675 -0.682449 1.3702 2.92109 2.5526 0.218675 -2.71824 
4.06275 -0.421532 -0.532784 -0.169807 -0.259569 -0.327921 -0.152316 -0.144671 -0.0467369 -0.076006 -0.01274 0.0639739 0.020047 9.26571 -2.43587 -5.21425 -3.65162 -1.78437 -0.453488 1.15802 0.537739 1.70159 1.20396 -0.813584 -0.46085 0.692106 -1.12688 4.21961 2.26775 -2.39459 2.37969 1.26618 -3.35816 -1.55169 -0.626046 1.92419 2.52212 -0.516585 -0.949624 
4.55829 -0.370722 -0.390711 -0.376086 -0.18099 -0.266132 -0.176422 -0.0743746 -0.011636 -0.0689286 -0.0363141 -0.0649383 -0.00636357 8.55058 0.517189 -3.98655 -4.15677 0.325185 -1.54939 0.365549 -0.0769437 2.44427 2.03027 -0.340633 -0.00829082 -0.681568 -13.9714 3.43589 2.81121 0.503764 2.10284 0.593955 -2.91506 -2.26699 -1.38452 0.56558 0.833052 0.520682 0.211835 
4.72518 -0.430101 -0.41772 -0.476741 -0.160078 -0.183684 -0.167806 -0.0138437 0.0180344 -0.0366216 0.0296588 -0.0907651 -0.0207344 8.98372 3.50818 -2.37128 -4.22835 2.19535 -2.51548 -0.947552 0.0851605 3.2378 2.90385 -0.159079 0.117802 -1.3449 -14.3797 4.12902 2.72865 1.731 2.85544 -2.09502 -1.8654 -1.52338 -0.360434 -0.439069 -1.22816 1.21236 -0.0575243 
4.42578 -0.386315 -0.60206 -0.642941 -0.269328 -0.287375 -0.196847 -0.249023 -0.152515 0.0195187 0.00596602 0.0438307 0.104867 8.29925 5.27504 -0.935004 -3.38494 3.39547 -3.20842 -1.82174 0.161316 2.39169 1.98769 -0.516506 0.217464 -1.26575 -2.60313 4.08434 2.4958 2.53752 3.48456 -3.61366 -0.362177 1.04717 1.63304 -0.947007 -1.9688 0.600991 -1.34333 
4.10203 -0.266483 -0.674662 -0.535501 -0.157339 -0.214914 -0.382049 -0.242649 0.0398378 0.110203 0.104688 -0.0733347 -0.021258 5.58918 5.64118 -0.483154 -2.46274 3.65276 -3.88421 -1.57468 0.312022 1.34429 1.11459 -1.41694 0.286027 -1.27308 9.84722 2.40265 1.40822 2.11267 1.77446 -3.7658 1.23233 2.6394 0.245184 -1.7551 -2.34141 0.472943 -0.902669 
4.07997 -0.0394883 -0.343082 -0.522164 0.0818045 -0.439378 -0.266214 -0.182083 0.131781 0.0819201 -0.0806492 0.0359703 -0.0874848 5.84132 5.48566 -1.11561 -0.607279 2.98611 -4.8245 -0.914409 0.71355 0.925504 0.527476 -1.8996 0.662781 -1.34047 11.8312 -1.36351 -1.42733 1.61433 -1.77129 -0.951406 1.61074 2.30561 -2.06072 -2.01752 -0.977628 -0.66658 0.133059 
4.74548 0.182174 -0.425978 -0.71488 0.197531 -0.630652 -0.369164 -0.0777229 0.208933 0.129158 -0.11857 0.033749 -0.0895241 7.46473 5.10056 -1.11485 0.730246 1.96508 -5.04432 -0.0104204 1.4256 0.479928 -0.0960704 -2.25623 0.460308 -1.25647 3.38047 -4.48459 -2.67627 2.64136 -4.82563 1.82995 2.41588 0.763459 -3.3575 -1.63637 0.335519 -0.700432 0.956853 
5.1154 0.180043 -0.552403 -0.612833 0.170598 -0.683064 -0.347359 -0.114787 0.110812 0.030072 -0.114366 0.0137334 -0.108143 9.27652 3.81369 -0.759233 1.35987 0.8236 -4.09772 1.10534 2.22729 0.0921606 -0.569115 -2.40037 0.19121 -1.00334 -5.33397 -4.50096 -1.60343 1.82382 -5.21312 3.12098 2.20811 -0.496667 -2.37341 -0.231676 0.711722 -0.180536 1.50498 
5.11852 0.182844 -0.592919 -0.519056 0.123341 -0.724789 -0.299763 -0.0211521 0.0309765 0.0299 -0.212669 0.016185 -0.139406 9.36791 1.93723 -1.13251 1.3037 -1.24997 -2.67704 2.09273 1.6824 -1.10476 -0.918195 -2.45054 0.258241 0.224683 -7.63431 -3.03821 0.556399 0.520698 -3.33776 3.81871 1.32058 -1.24421 -0.0776363 0.535643 0.932998 -0.187856 1.57469 
5.21795 0.14564 -0.625213 -0.466378 0.0442913 -0.764648 -0.234022 0.00114491 0.0360963 0.00303367 -0.213487 0.00882217 -0.128906 6.98835 0.163266 -1.83737 1.35668 -2.6532 -0.61934 2.29722 0.886724 -1.63231 -0.646406 -1.97609 -0.183473 0.919603 -5.42104 -1.23206 2.14689 -1.34415 -0.664375 3.19439 0.614386 -1.58248 0.735268 0.834154 -0.0306991 0.138113 1.52992 
5.23014 0.166527 -0.667609 -0.412156 -0.0665618 -0.770951 -0.163387 0.027359 0.00623116 0.00483809 -0.202701 0.0113678 -0.0952845 3.13636 -0.862832 -0.701106 1.15335 -2.84804 1.096 2.61557 0.208508 -1.75281 -0.458087 -1.7866 -0.303887 1.25734 -1.86691 -0.451378 1.87355 -2.58535 1.35158 2.63407 -0.683168 -1.57331 0.639255 0.751184 -0.205876 -0.252378 0.995074 
5.23658 0.149619 -0.614357 -0.47233 -0.0942069 -0.708609 -0.117955 -0.000461613 -0.011938 0.0205215 -0.273641 0.0460714 -0.0572676 1.32075 -0.958177 0.579324 -0.444905 -2.23579 2.52772 1.81317 -0.269608 -0.864289 -0.435209 -1.42871 -0.327135 1.25989 -0.908678 -0.26704 1.41878 -2.31506 2.14981 2.15215 -1.62119 -1.21126 0.45614 -0.179262 0.396724 -0.589788 -0.206198 
5.30859 0.0924184 -0.615315 -0.434925 -0.174199 -0.591705 -0.101285 -0.0397899 -0.00853227 -0.00437718 -0.296357 -0.00393199 0.020321 0.989876 -1.01752 1.16524 -1.45767 -1.56271 3.43582 1.16489 -1.16332 -0.178515 -0.580954 -1.01026 -0.316518 1.31078 -1.24565 0.136996 1.18084 -2.01243 2.182 1.16354 -1.88989 -0.601945 0.792804 -0.595659 0.820706 -0.197419 -1.19421 
5.31624 0.0879358 -0.610773 -0.489937 -0.122821 -0.59911 -0.0416158 -0.0581423 -0.0456353 0.031511 -0.364186 0.00339805 0.0235641 0.605042 -1.01519 1.57522 -1.97568 -0.908595 3.71261 0.885261 -1.76309 -0.104107 -0.345452 -1.04382 -0.119934 1.19486 -0.778564 0.191458 0.731514 -0.979751 0.977049 0.345475 -1.34073 -0.636318 1.10067 -0.631934 1.11088 0.333902 -1.06135 
5.27925 0.0797638 -0.548993 -0.559292 -0.111019 -0.500168 -0.0728354 -0.0583587 -0.0801707 0.0263241 -0.320972 -0.0337252 0.0282575 0.125952 -0.811921 1.87988 -2.55594 -0.378562 3.85598 0.171137 -2.04057 0.367966 -0.508156 -0.808138 0.189432 0.630895 -0.446823 0.436304 0.042347 -0.021802 -0.124235 -0.532423 -0.441942 -0.705119 1.06525 -0.183924 0.482984 1.07727 -0.672952 
5.25629 0.065188 -0.46081 -0.676411 -0.102114 -0.347179 -0.175991 -0.107853 0.0226563 -0.0879831 -0.291554 -0.0240809 -0.0240549 -0.3349 -0.340426 1.69033 -2.59866 -0.256895 3.49353 -0.281525 -2.00426 0.643851 -0.380994 -0.468062 0.428953 0.180535 -0.295441 0.695698 -0.636531 0.676084 -0.603632 -1.32665 0.379165 -0.342304 0.205501 0.880392 -0.291641 1.18921 -0.12278 
5.29277 0.047605 -0.485116 -0.647979 -0.128149 -0.341701 -0.116425 -0.172955 0.048053 -0.0605663 -0.324913 -0.00505232 0.0276709 -0.76672 0.211087 1.28543 -2.47657 -0.0827187 2.91127 -0.635695 -1.9105 0.876455 -0.00918506 -0.379121 0.648319 -0.0859916 -0.551357 1.02715 -1.03568 0.689184 -0.350507 -1.23907 -0.134972 0.385173 -0.202725 1.11839 -0.318569 0.489862 -0.158791 
5.31972 0.0264129 -0.461631 -0.650299 -0.148508 -0.362032 -0.0260226 -0.231054 -0.0206843 0.0123008 -0.367673 0.0336782 0.0590021 -0.592976 0.398284 0.707882 -1.74085 -0.265352 2.16451 -0.611656 -1.82909 0.96259 0.534303 -0.356782 0.524597 -0.0985321 -0.530987 1.05542 -1.31983 0.691238 0.305737 -1.25294 -0.659756 0.938768 -0.106403 1.0953 -0.0624028 -0.48881 -0.353009 
5.22217 0.0840447 -0.414773 -0.764518 -0.148678 -0.254872 -0.148388 -0.230829 0.059417 -0.0580673 -0.338091 0.0754507 -0.0165331 -0.385115 0.515696 0.144615 -1.0213 -0.223577 1.28699 -0.74996 -1.47106 1.00069 0.8643 -0.529133 0.502674 -0.160842 0.331686 0.262424 -1.2441 1.32206 0.523834 -1.37688 -0.543836 0.986182 -0.156274 0.914763 0.142391 -1.18898 -0.0357541 
5.21255 0.109594 -0.432721 -0.772446 -0.160445 -0.246008 -0.149908 -0.243143 0.0535314 -0.0031319 -0.356627 0.0714644 -0.00206559 0.0773811 0.312591 -0.129756 -0.231793 -0.194352 0.313805 -0.774143 -0.780267 0.470664 1.42867 -0.359782 0.0572058 -0.0622431 1.29461 -0.790541 -0.528287 1.61517 0.379258 -1.43412 -0.357237 0.916952 -0.122401 0.292571 0.371862 -1.18065 0.0676738 
5.20736 0.1365 -0.4944 -0.7461 -0.136232 -0.247648 -0.178705 -0.261629 0.0772479 0.0364334 -0.369217 0.0380703 0.0196764 0.492838 0.00443626 -0.245584 0.361954 -0.150238 0.0292051 -1.80144 0.0132658 0.650804 1.2394 0.111946 -0.432118 -0.0782049 1.81412 -1.50481 0.199183 1.69909 -0.158418 -1.257 -0.504559 1.10546 -0.217726 -0.191757 0.62437 -0.721558 0.313665 
5.26144 0.113642 -0.506377 -0.707891 -0.135951 -0.319664 -0.120178 -0.280848 0.0586697 0.114454 -0.381367 0.0128023 0.00542324 -0.1574 0.155153 -0.263629 0.998346 -0.22608 -0.774768 -2.33209 0.764531 0.767301 1.13997 0.542004 -0.655702 0.0826339 0.146254 -0.815379 0.748156 1.07288 -0.513955 -0.857581 -1.24961 1.45815 -0.107792 -0.684435 0.953094 -0.0716016 0.425627 
5.24861 0.107105 -0.481249 -0.71141 -0.13451 -0.27509 -0.240073 -0.249017 0.109841 0.0459292 -0.366505 0.0332731 -0.0147975 -2.28007 0.332595 0.0985742 2.10158 -0.617928 -1.28227 -2.62552 1.09938 0.43999 0.792974 1.58351 -1.00192 0.399983 -3.65375 0.686247 0.913976 0.88724 -0.824975 -0.498157 -1.52779 1.22162 -0.0223414 -0.926921 1.79131 -0.0221268 0.390224 
5.34159 0.0419828 -0.453869 -0.662594 -0.155321 -0.341676 -0.222133 -0.213276 0.0498468 0.11461 -0.335678 -0.0187405 0.00997277 -5.11983 0.615547 1.13591 2.81264 -1.28081 -0.991173 -3.30114 1.55842 -0.456444 -0.192526 3.01334 -1.46762 0.482178 -7.66816 1.98413 1.25309 1.13466 -1.16889 0.268109 -1.38418 0.626213 -0.805559 -1.46566 2.61032 -0.390879 0.356171 
5.37413 0.0244947 -0.500681 -0.590961 -0.173807 -0.321143 -0.381292 -0.164451 0.131359 0.0911565 -0.300531 -0.0380135 0.0421517 -6.84561 1.06321 1.76764 2.97007 -2.10152 -1.10775 -3.14147 1.57247 -0.550709 -0.576314 3.4585 -1.33288 0.504348 -8.06217 2.14628 1.6015 0.873527 -1.49158 0.402648 0.199415 -0.352474 -1.42189 -1.29233 2.24457 -0.517882 0.0437562 
5.09157 0.151018 -0.455821 -0.594478 -0.189175 -0.451326 -0.382913 -0.107791 0.110878 0.12413 -0.271495 0.00115239 0.0382463 -7.09189 1.70113 1.32922 2.43875 -2.32587 -1.21893 -2.62428 1.21424 0.0967561 -0.539546 3.18077 -0.913884 0.445305 -2.38272 0.892874 0.483566 -0.196662 -1.19373 0.517063 1.66309 -1.28378 -0.360622 -0.476986 0.31628 -0.0606744 -0.30913 
4.63947 0.210043 -0.382791 -0.461493 -0.257984 -0.379201 -0.503233 -0.122978 0.101554 0.0173291 -0.0518288 -0.0763686 0.0408537 -5.65093 1.80248 0.837304 1.4899 -2.51575 -1.50706 -1.51432 1.24238 0.571281 -0.116901 2.38204 -0.32731 0.314614 6.32007 -0.528936 -1.3872 -2.4781 -0.236876 -0.374724 2.92118 -0.895991 1.5525 1.10994 -2.98794 1.45459 -0.522233 
4.41206 0.210288 -0.25287 -0.36956 -0.3529 -0.317792 -0.565124 -0.0651952 -0.110293 -0.0530798 0.087238 -0.185966 0.0719471 -3.73306 1.59802 0.537368 0.265805 -2.49301 -1.56704 0.102679 0.967315 0.643644 0.483519 1.12852 0.554626 0.0218897 11.5809 -1.49466 -2.81836 -3.97185 0.874796 -1.36991 3.97883 -0.447985 2.83047 2.75337 -5.09576 2.76958 -0.633143 
4.50006 0.25109 -0.291361 -0.399317 -0.428701 -0.446521 -0.458588 -0.119643 0.0551784 0.0299258 -0.0294295 -0.0962249 0.0609766 -1.11997 0.881065 0.165069 -0.505421 -2.29939 -1.58648 2.10842 0.325652 0.435962 0.940459 -0.00478448 1.07466 -0.0622141 9.75528 -1.91721 -2.24001 -3.15987 1.42053 -0.613647 3.40951 0.0237388 1.16691 2.10951 -3.94714 2.2495 -0.315303 
4.69831 0.300397 -0.44646 -0.511159 -0.376942 -0.49325 -0.410381 -0.158727 0.211377 0.0938726 -0.112615 -0.0253437 0.0292563 2.15694 -0.143414 -0.578667 -0.981852 -1.76906 -1.42789 3.25991 -0.233153 0.761688 1.39159 -1.35638 1.30133 0.0330568 3.48195 -1.79432 -0.191789 -0.67519 1.04243 0.193557 2.51306 -0.233073 -1.37206 0.707978 -1.57455 0.58634 0.238178 
4.92525 0.235798 -0.432878 -0.604564 -0.428852 -0.508869 -0.393267 -0.0123864 0.224897 0.107175 -0.163525 0.0322834 0.0315558 4.71413 -0.73935 -1.23193 -1.71853 -0.580566 -1.60917 3.68463 -0.477331 1.02393 2.14896 -2.80069 1.52874 0.0669805 -1.9839 -1.10519 0.691095 1.60583 1.303 1.1072 0.432327 -1.39663 -2.11776 -0.485344 0.417638 -1.3728 0.578253 
4.97646 0.198059 -0.397917 -0.643145 -0.450726 -0.554849 -0.184909 -0.0608619 0.101949 0.235456 -0.241341 0.0854055 0.0228564 4.9913 -1.00283 -1.50273 -1.81905 0.34785 -1.292 3.4956 -0.893025 1.27774 2.14231 -3.09828 1.38037 0.114111 -3.4082 -0.239195 0.497518 1.95552 1.61162 1.31051 -2.06019 -1.32647 -0.788761 -1.21018 0.996131 -2.20037 0.609996 
4.96601 0.174075 -0.4294 -0.573882 -0.461045 -0.531422 -0.0963591 -0.150148 0.104958 0.161116 -0.218531 0.0729808 0.0534622 3.83927 -1.23661 -1.08175 -1.40289 0.994555 -0.357549 2.37335 -0.980923 0.554332 1.55883 -2.47583 0.609264 0.222915 -2.08143 0.491787 -0.0623974 0.502592 1.74404 0.881572 -3.38511 -0.568129 1.06667 -0.566401 0.351901 -1.45298 0.0690048 
4.9974 0.152078 -0.457628 -0.567546 -0.430192 -0.560018 -0.0795286 -0.174682 0.150197 0.200608 -0.287749 0.0466598 0.0689546 2.20141 -1.07018 -0.815093 -0.538057 0.789641 0.148733 1.70966 -1.43543 0.387998 1.02718 -1.71863 -0.0566849 0.346853 -1.02635 0.859039 -0.358879 -0.30932 0.690448 0.920235 -2.94223 0.0580682 1.36114 -0.571615 0.7466 -0.551028 -0.321238 
5.07649 0.132955 -0.48032 -0.622358 -0.310538 -0.541975 -0.183754 -0.169409 0.164636 0.263313 -0.344029 0.0190558 0.0652003 1.25113 -0.726485 -1.31276 0.25328 0.473117 0.748646 0.846166 -2.11185 0.975119 0.622977 -0.766373 -0.716243 0.41244 -0.768797 0.622085 -0.31408 0.377163 -1.60225 0.960918 -1.04986 0.111858 0.785157 -0.843536 1.69991 -0.135201 -0.219917 
5.06783 0.137771 -0.482119 -0.636518 -0.319887 -0.53018 -0.137003 -0.208708 0.187623 0.240605 -0.350065 0.0264905 0.0719813 0.830845 -0.656866 -1.47525 0.331553 0.0776846 1.1842 -0.275905 -1.75459 1.27168 0.296486 0.0261136 -0.954971 0.165145 -0.960625 0.150326 -0.3544 1.10251 -2.56246 0.798499 0.232138 -0.166579 -0.204708 -0.487226 2.16177 -0.172855 -0.240597 
5.10188 0.126824 -0.496405 -0.666023 -0.287145 -0.490366 -0.201385 -0.220421 0.229645 0.240227 -0.368445 0.0335157 0.0563146 0.011652 -0.47484 -1.30896 0.480212 -0.480101 1.17953 -0.391373 -1.53245 0.633379 0.697913 0.542355 -0.82881 0.00414265 -1.53589 -0.109877 -0.213153 1.50989 -2.3145 0.274724 0.776921 -0.187592 -1.14664 -0.0217734 1.99389 -0.263751 -0.0825928 
5.04288 0.155006 -0.547757 -0.590773 -0.388859 -0.47964 -0.128981 -0.28282 0.247059 0.222754 -0.302847 0.00249959 0.0699033 -1.5115 -0.545343 -0.485352 0.423609 -1.06593 1.92636 -1.30307 -1.05217 -0.278484 0.663994 1.36174 -0.734556 0.0883299 -2.17316 -0.447473 1.05812 0.180937 -0.551893 0.333026 -0.91401 0.834539 -2.04364 0.830508 0.841198 0.0330881 -0.00882226 
5.10267 0.113669 -0.609063 -0.517209 -0.4715 -0.406101 -0.15679 -0.330239 0.288144 0.22289 -0.218453 -0.059823 0.0971977 -4.34541 -0.401805 0.735056 0.675419 -1.13923 1.69136 -1.83702 -0.845131 -0.970869 0.526141 1.53722 -0.622695 0.0988308 -4.5482 -0.0449061 2.83451 -1.01576 1.40874 -0.108336 -2.31546 1.42216 -2.42672 0.855215 -0.515884 0.562178 -0.0200755 
5.05258 0.0792156 -0.582895 -0.580231 -0.449979 -0.40588 -0.179428 -0.297621 0.217796 0.257945 -0.221219 -0.0352692 0.033088 -6.73511 -0.109585 1.53232 1.0678 -0.622209 1.23859 -2.02244 -0.690718 -1.49135 0.265107 1.16905 -0.764517 0.321535 -6.21032 0.688353 3.25873 -0.503738 1.98699 -0.571408 -1.98713 0.866533 -1.37385 -0.329817 -1.27215 0.365431 0.523009 
4.92067 0.115346 -0.581908 -0.508325 -0.468506 -0.432715 -0.134765 -0.342114 0.13599 0.317265 -0.207433 -0.0273378 0.0659187 -8.69492 0.124876 2.63117 1.84444 -0.446131 0.865244 -1.14331 -0.673837 -2.46831 -0.525154 0.984026 -0.864354 0.550684 -5.51203 0.918491 2.65219 0.823029 1.50132 -0.903064 0.0448585 0.0378346 -0.409335 -2.01858 -1.2884 -0.189974 0.583926 
4.74381 0.0615156 -0.424222 -0.612515 -0.467063 -0.243588 -0.431974 -0.236286 0.0723492 0.321807 -0.151683 -0.0479694 0.0997242 -8.60484 0.360999 2.59876 1.35473 0.464863 0.295668 -1.58051 -0.121518 -2.16863 -0.953803 0.847894 -0.244776 0.41979 -1.3018 1.08908 -0.248431 1.84039 0.586751 -1.92387 2.86295 -0.751356 0.866555 -2.56073 -0.505973 -0.00960915 0.206084 
4.32133 0.114383 -0.288443 -0.55299 -0.379002 -0.381344 -0.442479 -0.295462 0.0625175 0.286631 -0.209423 -0.0409042 0.0735026 -7.9696 0.634193 2.52709 1.08525 1.14672 -0.724587 -1.59257 0.127554 -1.30296 -1.4828 0.569519 0.320726 0.0418699 4.93127 0.30367 -2.5926 0.76438 -0.039746 -1.56055 2.54291 -0.126534 1.95909 -1.71833 0.555105 0.659647 -0.500136 
4.16451 0.166033 -0.323566 -0.445694 -0.368192 -0.413672 -0.315801 -0.345405 0.0655237 0.19896 -0.255406 -0.0917107 0.132383 -6.34026 0.710468 2.01542 1.35252 0.412382 -1.80176 -1.05194 0.474731 -0.261323 -1.61275 0.623954 0.557127 0.0467406 7.87593 -0.4512 -2.78134 -1.123 -0.713686 -1.75812 0.43283 1.19424 2.40311 0.361897 0.978048 1.59157 -1.25432 
4.0548 0.153842 -0.206735 -0.287762 -0.456155 -0.376483 -0.141117 -0.374663 -0.102107 0.0789492 -0.179919 -0.1182 0.142314 -4.04702 0.447253 1.70079 0.82327 -0.0861952 -2.9263 -0.532885 1.20405 0.802677 -1.91807 0.753672 0.996472 -0.280903 7.07179 -0.749521 -1.71479 -2.50209 -1.06415 -2.17054 -1.55036 2.13305 2.92385 1.76768 0.495603 1.69734 -1.05376 
4.27145 0.171958 -0.402844 -0.48028 -0.347421 -0.436884 -0.390748 -0.267652 0.0920931 0.129411 -0.102183 0.0167002 0.0894699 -1.75569 0.338437 1.27708 0.589216 -0.789778 -3.76458 0.659388 1.50065 1.10661 -2.04391 0.976317 1.48416 -0.558425 2.70605 -0.868335 1.26067 -1.57993 -1.95796 -1.45636 -0.417364 1.78209 0.877463 1.00894 -0.0994778 0.583349 -0.276008 
4.27389 0.157283 -0.325081 -0.472846 -0.292632 -0.54959 -0.422309 -0.277273 0.177436 0.0984612 -0.153177 0.0377475 0.0190163 0.917542 0.0763033 0.832741 -0.192345 -1.72764 -2.83092 0.766842 2.10178 0.914226 -1.27896 0.806291 1.50503 -0.499964 -0.0568657 -0.268883 1.67807 -0.418569 -2.18069 0.284436 1.67394 0.728524 -1.33638 0.358485 -0.63074 -0.42437 0.621347 
4.25542 0.160294 -0.302777 -0.401136 -0.519322 -0.673232 -0.322708 -0.192086 0.152665 0.166978 -0.138048 0.0421876 0.0678742 1.55604 -0.962104 0.644579 -0.796397 -2.27602 -2.83146 0.479902 2.33715 1.01294 0.0523591 0.699926 1.26121 -0.38825 -0.520033 -0.732381 0.358673 0.0738998 -0.967757 2.18623 2.06054 -0.582375 -2.06963 0.427727 -0.721502 -1.27748 0.945923 
4.2722 0.130144 -0.209656 -0.492467 -0.499239 -0.75213 -0.341285 -0.102784 0.212321 0.0653407 -0.0956698 0.0877338 0.0575519 1.11763 -1.16585 0.346961 -0.955721 -1.98057 -2.1912 0.783183 1.8367 0.634025 0.907132 0.148863 0.561058 -0.0267273 -0.487394 -0.956349 -1.43201 0.523964 0.258535 3.14789 1.35129 -1.71308 -2.11719 1.78185 -0.724242 -1.8079 0.878644 
4.24151 0.136313 -0.14485 -0.486611 -0.539646 -0.733587 -0.269272 -0.106638 0.123193 -0.0120893 -0.0582828 0.120656 0.0351601 0.0818119 -1.50473 0.197627 -0.757411 -0.638184 -0.473505 2.02723 1.42109 -0.614627 0.804761 -0.477952 -0.217485 -0.18978 -0.309986 -1.05343 -2.92789 -0.336723 3.08441 2.87562 -0.251361 -1.41268 -0.522524 2.32551 -0.996563 -1.53179 -0.0101923 
4.38827 0.170513 -0.23785 -0.487822 -0.617805 -0.602227 -0.202592 -0.103922 0.0754653 0.122589 -0.18885 0.0667391 0.0692089 -2.3472 -2.63948 -0.613241 -1.15664 0.206736 0.591965 1.51786 1.90686 -0.529579 0.584194 -0.00307716 -0.305692 -0.359853 -3.74499 -1.72152 -1.76326 -0.573162 4.19865 1.38037 -1.10747 -0.0590041 0.656182 0.176797 0.0475997 -0.543889 -1.04626 
4.3188 -0.0623896 -0.296937 -0.486678 -0.668195 -0.753243 -0.230714 -0.0883021 0.161309 0.25835 -0.110052 0.0204129 0.107671 -5.77677 -3.54548 -1.2831 -1.02834 1.43749 1.65345 0.879502 2.04969 0.340123 0.0801343 -0.123992 -0.685829 -0.77054 -7.25085 -1.28178 -0.475799 -0.339112 3.21991 1.25546 -1.16725 1.63047 1.39335 -2.39442 0.456148 0.335578 -1.51147 
4.24498 0.0375197 -0.282521 -0.493037 -0.54305 -0.645607 -0.188564 -0.158037 0.0628412 0.241731 -0.138906 -0.0148324 0.105064 -9.6565 -4.20976 -1.32165 -0.100765 2.18932 2.42835 0.628511 1.49772 0.271116 -0.177033 -0.224976 -1.3471 -0.743536 -9.69431 -1.86173 0.848253 0.636496 1.08599 0.689435 -1.27866 1.75238 1.78719 -3.42092 0.796172 0.307674 -0.977846 
4.25287 -0.0131536 -0.381228 -0.61288 -0.215075 -0.480718 -0.139919 -0.0534132 0.0542743 0.163151 -0.223077 0.0179 -0.0453233 -11.7366 -4.01873 -1.25189 -1.16276 0.996992 1.7675 -0.0344316 1.5292 0.887642 0.00937716 1.00807 -0.869783 -0.733467 -8.14739 -0.581196 1.53195 0.792605 -3.65827 -0.764002 -0.983295 -0.0759702 1.05994 -1.3048 1.80733 0.116284 0.669246 
3.68328 -0.276513 -0.345099 -0.602896 -0.41509 -0.594332 -0.265935 0.11848 0.184045 0.0915752 -0.0556142 0.0558841 -0.0279324 -11.4805 -2.99018 -1.71691 -2.92531 -0.445036 0.676345 -0.903577 1.77476 1.74565 -0.194555 2.23014 0.0688759 -0.774267 0.687094 2.53778 -0.0716143 -1.67687 -5.32607 -1.68774 -0.538965 -1.80623 0.270485 1.86461 1.68429 0.442042 1.40385 
3.28306 -0.313101 -0.392614 -0.51096 -0.404034 -0.493806 -0.227528 0.141306 0.296518 0.0499301 -0.129177 -0.0336113 -0.0293698 -9.82941 -1.54565 -2.11349 -4.1002 -2.10067 0.0460626 -1.27457 2.19191 2.36509 -0.0768269 2.28183 0.785459 -0.517458 8.90082 4.11422 -1.5042 -4.57199 -5.33219 -3.32522 -0.874992 -1.28443 0.299747 3.36439 1.91433 1.77028 1.28742 
2.94589 -0.374032 -0.279548 -0.410309 -0.268255 -0.396957 -0.206492 -0.0342363 0.122575 0.0138746 -0.137105 -0.127284 0.00688434 -8.11889 -0.974056 -1.75145 -4.31498 -4.00908 -0.887879 -1.18282 2.33865 2.98108 0.400123 2.3751 1.10416 -0.0128617 12.0614 4.35402 -1.91131 -4.73645 -3.64298 -2.84384 -0.420979 0.876532 1.30634 2.37205 0.499413 2.37474 0.467693 
3.04745 -0.256098 -0.363066 -0.79583 -0.716631 -0.588201 -0.257205 0.039463 0.211866 0.21354 0.143665 0.0580611 0.000306138 -6.12459 -0.514686 -0.813575 -3.35306 -5.1861 -1.31638 -0.376236 1.33359 2.34093 1.15134 2.27663 0.754814 0.429202 7.23204 0.933086 0.26581 0.549287 0.815509 -0.25596 1.15113 1.19789 0.53408 -0.232326 -2.10172 0.341671 -0.244343 
3.36365 -0.150988 -0.616121 -1.05413 -0.782895 -0.677975 -0.377752 0.133364 0.383532 0.249791 0.154021 0.124826 0.00126685 -0.418602 -0.942185 -0.697419 -1.77911 -2.46722 0.464379 0.719741 -0.6963 0.0543531 0.985443 1.55575 0.466699 0.239186 1.40921 -3.56233 3.30138 6.94333 4.53716 3.19498 2.86806 -1.59961 -2.86687 -2.09784 -2.53477 -1.9141 -0.338424 
3.3095 -0.161569 -0.600578 -1.04758 -0.799411 -0.713053 -0.363685 0.232865 0.448635 0.227328 0.0777109 0.137746 0.0246352 0.0126228 -1.70081 0.0567741 0.38207 0.333078 1.8141 0.983962 -1.83804 -1.72606 -0.140358 0.713739 0.336039 0.431179 -2.24338 -4.92075 3.76766 9.65301 8.12507 5.98075 3.00788 -5.02757 -6.00492 -3.02496 -2.36301 -2.98957 -0.139203 
3.1415 -0.171695 -0.427747 -0.948922 -0.845017 -0.627905 -0.253117 0.229936 0.433761 0.173618 0.0562497 0.113934 0.0273611 -2.00026 -2.54683 0.552042 2.75787 3.03187 3.2651 1.15356 -1.86129 -2.19132 -1.15737 -0.53792 -0.393259 0.330716 -4.17042 -3.72548 1.77985 7.34178 8.91262 5.47245 0.811419 -5.03274 -5.87142 -2.59287 -1.55335 -2.26859 0.154101 
3.0104 -0.351965 -0.33451 -0.762359 -0.862807 -0.604756 -0.132698 0.108712 0.310923 0.241775 0.0859571 0.0143599 -0.00509106 -4.84182 -3.51669 1.15717 5.60522 6.16271 4.69037 1.49894 -2.23723 -3.02946 -2.29441 -2.23067 -1.71777 0.502241 -4.9335 -0.068283 -1.08671 1.81838 5.63524 2.28198 -1.71427 -0.847905 -1.4535 -1.6047 -1.27114 -0.488061 0.525726 
3.61981 -0.607711 -0.429554 -0.526879 -0.37874 -0.248338 -0.10719 -0.211586 -0.027956 0.110734 0.0917844 -0.00394996 -0.00266566 -6.5033 -3.73886 1.40392 6.26926 6.71647 4.7472 1.52129 -1.97013 -3.25903 -2.53819 -2.32051 -2.09059 0.308648 -6.47879 3.07722 -2.17458 -2.90625 -0.546596 -2.51484 -2.5622 4.50123 4.07798 0.00416077 -1.29458 0.256373 0.245918 
2.85484 -0.509935 -0.327287 -0.371053 -0.149283 -0.155985 -0.149426 -0.243959 -0.0841837 -0.052878 -0.0691123 -0.0175289 0.0817625 -5.53761 -2.72747 0.429313 4.94803 6.03326 3.67009 0.897087 -0.939172 -2.12036 -2.00618 -2.12871 -2.30237 -0.0806523 -0.0598984 3.36046 -2.19247 -5.24758 -5.67143 -5.25607 -1.41376 6.42627 6.2127 1.96623 0.0161937 0.204928 -0.771728 
2.53699 -0.544402 -0.328172 -0.374354 -0.122028 -0.146737 -0.191963 -0.08348 0.0369544 -0.00973713 -0.0829447 -0.0736725 0.0378689 -4.02469 -1.41535 -0.710076 2.60887 4.93712 2.59138 -0.00811094 -0.0128486 -0.366665 -1.6358 -2.21521 -2.08923 -0.0497486 6.44043 2.78336 -1.37924 -5.37591 -6.85139 -4.62128 -0.078267 3.64203 4.70473 2.16656 0.996264 0.192965 -0.932485 
2.56475 -0.557024 -0.425928 -0.348131 -0.113237 -0.187463 -0.165423 -0.00841944 0.0962722 -0.00959311 -0.171751 -0.1154 0.0773579 -3.19446 0.0949932 -1.02409 0.404454 2.78934 1.21253 -0.390334 1.19876 1.06872 -1.46689 -1.85404 -1.23014 -0.183564 8.40849 1.52566 -0.227571 -4.02547 -4.87041 -2.19381 0.408225 -0.290349 1.41897 1.35358 1.84021 0.721714 -0.877751 
2.63754 -0.563265 -0.44772 -0.396511 -0.158284 -0.238144 -0.17252 0.0666709 0.130226 -0.0417254 -0.130647 -0.106188 0.0119195 -2.53916 1.07009 -0.615684 -1.38076 -0.371421 -0.651495 -0.485248 2.01195 2.08754 -0.6901 -0.86196 -0.59613 -0.47602 5.88831 0.614097 0.737583 -1.93053 -1.71867 0.332449 0.102743 -2.99889 -1.49694 -0.0183079 1.74205 1.50087 -0.0290435 
2.7966 -0.463057 -0.457906 -0.470125 -0.245109 -0.321898 -0.162305 0.14706 0.237293 0.0430922 -0.141758 -0.190445 -0.0353048 4.09567 1.92965 -0.847283 -2.39726 -1.3172 -1.29627 -1.07283 1.16455 1.37885 -0.955957 0.0758867 0.421545 -0.507545 2.2436 0.970615 1.33295 -0.237286 0.10516 0.693616 -1.04215 -3.06848 -2.89327 -1.67029 1.26312 2.56126 0.795226 
2.85933 -0.452664 -0.478976 -0.586794 -0.193249 -0.189431 -0.196275 -4.99439e-05 0.273113 -0.020911 -0.189892 -0.179183 0.0313929 7.7624 3.07018 -0.448847 -2.48922 -1.14286 -1.50199 -1.67444 0.0908433 0.45704 -1.99118 0.247177 1.15639 -0.167141 3.69529 1.62558 0.997903 0.914221 0.601336 -0.705406 -1.80288 -0.99824 -2.51517 -2.02271 0.851262 2.24379 0.62098 
2.78612 -0.463225 -0.458269 -0.561234 -0.247614 -0.239995 -0.161889 0.0167036 0.168246 -0.0662026 -0.118047 -0.0671638 -0.011505 6.22241 2.42256 -0.201893 -1.98677 -0.716153 -1.52447 -1.77278 -0.661227 -0.405348 -1.75894 0.744075 1.55324 0.0746213 3.25144 0.903203 -0.0661561 1.38347 1.26295 -1.25501 -1.51656 -0.0331063 -1.2201 -1.05021 -0.0513082 0.708012 0.791093 
2.81742 -0.444583 -0.401843 -0.592714 -0.329269 -0.293248 -0.217778 0.0153197 0.151272 -0.0593824 -0.0410291 -0.0442396 -0.0203164 3.99923 1.26478 -0.542353 -0.850772 0.399744 -0.856718 -1.58582 -1.1341 -1.02673 -1.52286 0.599984 1.84101 0.662077 -1.48664 -1.42733 -1.13818 1.88272 2.12067 -0.174503 0.0552189 0.282109 -0.114703 0.53227 -0.691301 -0.539233 0.670458 
3.5023 -0.176936 -0.459871 -0.652477 -0.247223 -0.356082 -0.3941 -0.022802 0.103081 -0.231532 -0.0936178 0.0599137 0.0380785 2.19888 0.348827 -1.08647 -0.266384 1.00473 -0.41569 -1.11684 -0.806085 -1.6093 -1.5745 0.264082 1.73269 0.935638 -9.05744 -4.28739 -1.55239 1.80009 1.65328 1.50415 2.41223 0.545436 0.452458 2.42031 -0.881956 -1.77604 0.381239 
3.6871 -0.121222 -0.437775 -0.64752 -0.221134 -0.388693 -0.416541 0.00828247 0.152847 -0.304925 -0.130486 0.0221452 0.0357113 1.00367 -0.167552 -1.30672 0.297249 1.31874 -0.167177 -0.279887 -0.213503 -1.81514 -1.2384 -0.0428849 1.22445 0.974459 -10.4003 -4.40231 -1.34354 1.03649 0.994235 2.76559 3.27988 0.271205 -0.253077 2.16021 -0.768279 -1.36712 0.348629 
2.99081 -0.427999 -0.502161 -0.563912 -0.210076 -0.412623 -0.30433 -0.0488462 0.0755362 -0.104998 -0.0471377 0.0177455 0.054405 0.44707 -0.584097 -2.03307 0.73625 2.31466 0.531782 0.155056 -0.344239 -1.33892 -0.778354 -1.03442 0.577537 1.24213 -2.45598 -0.728096 -0.657105 0.186659 0.447716 2.11089 1.97805 0.568946 -0.259265 0.140667 -1.23452 -0.629115 0.0161547 
2.89876 -0.510658 -0.570317 -0.48569 -0.0707777 -0.255627 -0.29427 -0.0642147 0.0712862 -0.128032 -0.0874258 0.0654893 0.0956013 -0.729207 -1.0248 -2.11569 0.45757 2.00574 0.768021 0.85534 -0.0620922 -1.29866 -0.257349 -1.21105 0.442656 0.856981 4.58451 2.3829 0.36603 -1.16589 -0.881802 -0.139084 0.131922 0.535753 0.0491144 -0.684179 -0.855872 -0.127528 -0.55418 
2.99699 -0.430808 -0.630089 -0.597508 -0.131584 -0.265999 -0.247106 0.0281964 0.0322981 -0.189409 -0.165677 0.000172278 0.103486 -1.96151 -1.52166 -2.39147 0.0789711 1.0753 0.702805 1.09446 0.472722 -0.322022 0.882307 -0.62899 -0.0221875 0.141832 6.99342 2.90572 0.356892 -1.31033 -1.30295 -1.66158 -1.59083 0.260197 1.38195 0.0644132 0.347457 0.349191 -1.17779 
3.03931 -0.423061 -0.581981 -0.560929 -0.0891182 -0.216398 -0.18653 -0.015767 -0.0318322 -0.235415 -0.153312 0.0321043 0.126724 -0.0813513 -0.678354 -2.54283 -0.296439 0.941202 0.761449 1.10847 0.843455 -0.0828202 0.642183 -0.527707 -0.332864 -0.187735 3.8072 1.33562 -0.158516 -1.14251 -1.52899 -1.8524 -1.44241 0.779909 2.18089 1.09765 1.28195 -0.425535 -1.57134 
3.18122 -0.401096 -0.713188 -0.468952 0.0555298 -0.242996 -0.250625 -0.0534159 0.0266261 -0.194051 -0.267175 0.0389972 0.14107 3.74477 0.150922 -1.74111 -0.475246 0.134857 1.20153 0.644266 0.854782 -0.274341 -0.387462 -0.135345 -0.504056 -0.30411 0.0617237 -0.942582 0.424478 -0.493327 -1.88416 0.0357187 -0.17938 0.625786 0.706943 0.656314 2.3057 -0.875764 -0.944881 
3.19828 -0.381041 -0.636693 -0.650862 -0.140529 -0.308861 -0.240861 0.0155212 -0.0129041 -0.165483 -0.172576 0.0815255 0.0589084 4.11864 -0.201288 -1.05962 -0.256285 -0.596373 0.695885 -0.295693 0.76685 0.223303 -0.409826 0.630583 -0.4453 -0.312693 -0.162518 -1.69384 0.854984 1.2589 -0.423348 1.79787 -0.282508 -0.0896378 -0.186812 -1.09868 1.40503 -0.744557 0.574698 
3.24819 -0.397837 -0.80012 -0.658898 -0.16707 -0.334876 -0.306034 0.0801224 0.197123 -0.0441649 -0.0928081 0.00755198 0.0050254 3.15448 -0.284021 -0.865442 0.418745 0.023168 0.296407 -0.376311 0.719055 0.396298 -0.421364 0.75159 -0.0877366 -0.01726 -0.562304 -0.854715 1.76445 1.86745 0.771654 1.25212 -0.012523 -0.642606 -1.63491 -2.36496 -0.194346 0.343008 1.73732 
3.2779 -0.385669 -0.79605 -0.599944 -0.0299908 -0.235775 -0.163972 0.102955 0.0844646 -0.170119 -0.160211 -0.0711499 0.0347628 2.31334 0.078355 -0.840791 0.175168 0.0616053 -0.0500134 -1.02613 0.19988 0.529198 0.111454 1.22932 -0.0439116 0.31101 -1.52805 0.49588 1.22872 1.17436 1.17472 -0.814124 -1.27008 -1.49759 -0.62862 -0.495061 -0.326327 1.54662 1.71312 
3.4773 -0.511 -0.669445 -0.543855 -0.176356 -0.0695744 -0.197941 0.00568703 -0.0900775 -0.260404 -0.0580036 -0.0218343 0.0901907 1.57683 0.46976 -0.201307 0.262623 0.306547 -0.520962 -1.17765 0.19571 0.319535 -0.153596 1.27684 -0.0638253 0.477701 -2.59422 2.31489 -0.311143 -0.260889 1.87281 -3.23479 -1.48686 -0.697313 1.12448 1.53629 -0.86472 1.1214 0.501287 
3.43215 -0.520346 -0.676936 -0.523007 -0.160206 -0.196315 -0.402494 0.0516342 0.118121 -0.247362 -0.0506774 0.0301577 0.107391 1.1851 0.798397 -0.246113 0.686467 0.760355 -0.868839 -1.47257 -0.510213 0.0250916 -0.347683 0.501663 0.359757 1.07561 -1.96779 2.43195 -0.706443 -1.54907 0.452116 -2.76119 -0.282498 -0.424266 0.387757 1.90907 -0.596428 0.329793 -0.440218 
3.32303 -0.37274 -0.757265 -0.496541 0.0158321 -0.311942 -0.224775 0.105999 0.0529175 -0.251454 -0.162433 0.0482827 0.145147 0.778105 1.23588 0.296946 0.916682 0.970412 -1.21079 -1.3911 -0.665469 -0.575601 -0.69371 -0.212818 0.427037 1.09761 -0.0734358 0.729736 -0.262839 -0.733717 -0.732322 -0.523863 -0.0916252 -0.184382 -0.0588157 0.564573 -0.547069 -0.790356 -0.818273 
3.33708 -0.326795 -0.771668 -0.589133 -0.0317839 -0.299791 -0.408657 -0.0848061 0.0870363 -0.0694996 0.00581199 0.0471927 0.155886 0.977983 1.68257 -0.0850122 0.643439 0.738211 -1.29507 -1.39173 -0.677052 -0.346856 -0.618983 -0.352127 0.356526 0.612225 1.54996 -0.615237 0.426874 0.750539 -0.763946 1.73201 1.50748 0.573936 -1.47827 -2.26376 -1.45682 -1.03477 -0.679076 
3.39535 -0.303219 -0.713489 -0.550005 -0.00828982 -0.401371 -0.400188 0.0706489 0.0952433 -0.181482 -0.0743279 0.00309818 0.0995447 0.641723 1.79598 -1.15033 -0.22743 1.27504 -0.25316 -0.23508 -0.151261 -0.439185 -0.710318 -0.935804 -0.136896 0.276113 1.66862 -1.41278 -0.345024 0.369524 -0.484272 3.80172 1.99352 0.258433 -1.60164 -2.32082 -0.8851 -0.588402 -0.227676 
3.39317 -0.316407 -0.75343 -0.578148 -0.116676 -0.3836 -0.409337 -0.0361245 0.0327441 -0.201963 -0.117925 0.0981046 0.182621 1.469 1.53515 -1.05016 -0.643752 0.811336 1.00071 0.884948 -0.124942 -1.98437 -1.41842 -0.815378 -0.0326662 0.353607 0.884082 -0.739025 -1.01142 -0.687082 0.67449 3.24229 2.09894 0.906285 -1.05615 -1.3748 -0.0589523 -0.164418 -0.159333 
3.42101 -0.293091 -0.712143 -0.426467 0.0244084 -0.334937 -0.367121 0.0196938 0.00712387 -0.277636 -0.183687 -0.0293545 0.151733 1.82226 0.975267 -0.711138 -0.63383 0.517531 1.48555 -0.00540455 -0.419976 -1.53286 -1.20493 -0.384829 -0.0594351 -0.172448 -0.17688 -0.00239262 -1.03851 -1.92306 0.513821 1.29827 0.738987 0.0631305 -0.345578 0.818313 1.07889 0.764521 -0.202647 
3.56602 -0.247808 -0.757976 -0.486188 -0.0117456 -0.24452 -0.337745 -0.0240964 -0.0430435 -0.352133 -0.142382 0.000944512 0.115448 1.70371 1.0877 -0.136197 -0.238944 0.736377 1.47614 0.235356 -0.530559 -1.87653 -1.36371 -0.695327 0.118272 -0.184409 -0.987618 0.311124 0.799691 -1.00797 -0.055237 -1.17174 -1.66671 -1.04827 0.41303 2.30588 1.40825 0.862312 -0.162151 
3.47431 -0.308831 -0.923368 -0.66611 0.0479944 -0.0642604 -0.233931 0.0556519 -0.0425306 -0.313199 -0.181614 -0.00805775 0.1432 1.19549 1.03394 0.231365 -0.473549 0.4367 1.44609 -0.533203 -0.997818 -1.31923 -0.664701 0.0272296 0.387293 -0.132406 -0.851215 0.537419 2.86186 1.16356 -0.854537 -3.18713 -3.21458 -1.37024 1.19431 1.69841 0.937329 0.638764 -0.33334 
3.56505 -0.226515 -0.822081 -0.639125 0.000312984 -0.176141 -0.218114 0.040543 -0.219315 -0.390302 -0.138699 0.0954837 0.204425 0.80327 0.976366 0.78809 -0.516474 0.257245 0.832857 -1.16889 -0.7137 -0.599861 -0.286261 0.448861 0.402456 -0.335287 -1.15837 -0.11157 2.43885 1.66526 -1.08765 -2.17559 -2.86629 -0.98045 2.09577 0.962342 0.228889 -0.0555764 -0.243841 
3.52493 -0.218477 -0.791164 -0.582442 0.0667676 -0.236617 -0.47006 -0.0885151 -0.0127009 -0.208683 -0.0904993 0.0270736 0.060596 0.283016 0.754719 1.10156 -0.664944 -0.437894 0.131623 -1.75132 -0.833893 -0.0637362 0.117131 0.672142 0.815173 -0.152307 -0.741028 -0.589646 1.00801 0.934176 -1.00761 -0.429111 -0.267731 0.812441 1.16278 -0.815923 -0.287675 -0.26824 0.428925 
3.56656 -0.159438 -0.66033 -0.534142 0.0316264 -0.22572 -0.426322 -0.145396 -0.162694 -0.286967 -0.146023 0.0547655 0.130227 -0.217339 0.538334 1.53797 -0.0479806 -0.509753 -0.485383 -2.03282 -0.652213 0.411037 0.24903 0.542646 0.608122 -0.0702053 -0.476582 -1.01023 -1.12919 -0.503008 -0.610706 0.669829 1.14271 1.68025 0.9461 -0.891425 -0.0822724 -0.186034 0.339682 
3.51247 -0.20509 -0.669937 -0.585176 -0.0345358 -0.224514 -0.499188 -0.0589071 -0.034006 -0.308839 -0.0939622 0.0805768 0.129063 -0.0840912 0.460366 1.70301 0.429085 -0.703436 -0.760726 -2.03537 -0.610882 0.676104 0.0396467 0.529952 0.442635 -0.146862 -0.146233 -0.696661 -1.78196 -0.740936 0.30617 0.827229 1.92299 1.17238 -0.239279 -0.330626 -0.31785 -0.245168 0.284875 
