2.48159 -0.54876 -0.130956 -0.218589 -0.138939 -0.185859 -0.129686 -0.136904 -0.104018 -0.0865514 -0.035688 0.0378853 -0.0175264 2.32552 0.108264 -1.49897 -0.13302 -0.0400378 -1.5473 0.324346 1.71935 -0.552624 -0.0108239 1.00604 -0.159399 -0.337367 2.5114 0.114233 -1.55201 -0.0692912 -0.242989 -1.91014 0.403014 2.06992 -0.587361 0.133274 1.59298 0.617266 -0.559013 
2.48808 -0.557816 -0.157782 -0.233363 -0.108318 -0.169066 -0.136273 -0.154394 -0.103561 -0.102938 -0.108693 -0.0987089 0.00289022 2.01194 0.211371 -1.33977 -0.338819 -0.51772 -1.18091 0.158415 1.20706 -0.298979 -0.1089 0.580825 0.0718141 0.0700714 1.97902 0.248405 -1.00574 -0.189508 -0.915542 -1.54039 0.307514 1.69688 -0.095795 0.324448 1.62543 1.76032 -0.546531 
2.50442 -0.527842 -0.145614 -0.220435 -0.116706 -0.146056 -0.140795 -0.183963 -0.143913 -0.138534 -0.0954312 -0.0300085 0.0558841 1.54668 0.235256 -1.26149 -0.84729 -1.06407 -1.03397 -0.0735499 0.889308 0.20587 0.0507414 0.45382 0.0813938 0.39836 -0.208512 0.144862 0.110676 -0.768436 -1.34724 -0.0673063 -0.199826 0.0200886 1.04869 0.514948 0.226977 1.04757 0.0161999 
2.72279 -0.567154 -0.332783 -0.230577 -0.166554 -0.424934 -0.0950598 0.0791586 -0.176364 -0.0763708 0.126479 0.0636858 -0.0636793 0.799301 0.166983 -0.790206 -0.881031 -1.14432 -0.910601 -0.468502 0.384885 0.427239 0.233502 0.270284 0.148867 0.642279 -3.61533 0.0859399 2.19968 -0.793246 -0.848603 2.51137 -1.13472 -3.12093 1.65973 0.195646 -2.22027 -0.411284 1.40544 
2.86902 -0.516093 -0.340292 -0.238236 -0.147008 -0.417477 -0.067369 0.158788 -0.168082 -0.0668048 0.142319 0.0467807 -0.109063 0.0494652 0.0426989 -0.278303 -0.696586 -0.92681 -0.387784 -0.585994 0.0958274 0.660444 0.584232 0.279949 0.133648 0.544866 -4.91811 -0.408872 2.62587 -0.175617 0.16967 2.91888 -1.33577 -3.73112 1.2553 0.267437 -2.41717 -1.2639 1.50973 
2.56769 -0.516449 -0.20432 -0.282102 -0.254067 -0.197785 -0.151357 -0.153176 -0.0845685 -0.120681 -0.0901349 0.0532406 0.0733675 -0.7955 -0.185827 0.300727 -0.473121 -0.876532 0.137779 -0.351449 -0.333665 0.83055 0.934499 0.208355 0.283028 0.372263 -2.22833 -0.704381 1.29907 0.864942 1.47533 1.07308 -0.0847304 -0.969635 -0.0874975 0.693527 -0.282611 -1.23512 -0.253754 
2.55129 -0.528177 -0.242888 -0.373649 -0.300017 -0.255631 -0.173283 -0.108607 -0.0169052 -0.0647841 -0.0291947 0.00167102 0.0763038 -1.32668 -0.174515 0.873673 -0.0964756 -0.43379 0.739187 -0.543911 -1.06743 0.965901 0.906593 -0.27547 -0.160496 0.444278 0.649673 -0.38285 0.269636 1.86266 1.85712 -0.115187 0.849337 0.752774 -1.1746 0.361699 1.03414 5.03866e-05 -1.26815 
2.49818 -0.546071 -0.172621 -0.293731 -0.22376 -0.278965 -0.224929 -0.148202 -0.065997 -0.0535625 -0.0417037 0.00709092 0.0786688 -0.0581446 0.796936 1.87505 -0.0662018 -0.942569 0.977771 -0.903421 -2.35545 0.655114 0.153905 -1.2157 -0.163283 1.02225 4.43675 1.0014 -0.439833 0.97023 -0.0364629 -1.37598 0.984415 1.173 -1.20515 -0.588227 0.996985 0.878187 -1.0912 
2.50172 -0.559402 -0.172882 -0.257971 -0.170527 -0.20238 -0.179375 -0.0971853 -0.0535328 -0.0033228 0.00509239 -0.0212809 0.0173846 8.18846 -0.126306 0.739691 -0.516778 -1.53627 1.44121 -0.921694 -2.39889 -0.452555 -0.600657 -0.371859 -0.0815204 0.809909 12.2876 0.92847 -0.966481 -0.864334 -2.15866 -0.290585 -0.103524 -0.604599 -1.47189 -2.18579 0.0416928 0.890406 0.305279 
2.48297 -0.588123 -0.166582 -0.258061 -0.220231 -0.205824 -0.103787 -0.122364 -0.0566861 0.0173687 -0.00502711 0.00507722 0.00731484 16.6511 -0.719202 -0.106801 -0.901522 -1.85865 1.57887 -0.412138 -1.47195 -0.809217 -0.777508 0.719056 -0.165213 -0.0128056 19.0384 -0.365054 -1.3334 -2.37425 -3.08142 1.4554 -0.953978 -1.5639 -0.952457 -2.44817 -0.0869374 0.139619 0.941317 
2.55364 -0.526684 -0.143477 -0.211166 -0.180714 -0.212845 -0.195831 -0.172935 -0.0541132 -0.0307111 -0.00916339 0.0193922 0.0491589 22.1965 -0.524472 0.209181 -1.02811 -2.65293 2.1266 -0.729663 -0.941456 -0.0943415 -1.63744 0.758859 -0.0119366 -0.238058 19.9555 -1.64917 -1.20254 -2.44544 -2.56269 2.00241 -0.66492 0.39611 0.531942 -1.44484 0.952713 -0.623449 -0.20086 
2.99954 -0.316333 -0.0480013 -0.30837 -0.426208 -0.343258 -0.24683 -0.279174 -0.102846 -0.149355 -0.11496 0.073226 0.120974 23.7127 -0.224244 0.792752 -1.09921 -2.68154 2.36251 -1.21749 -0.617307 0.355786 -1.46413 0.930791 -0.0157418 -0.17396 8.19209 -1.93814 0.377158 -0.0593815 0.720078 2.04648 -0.433403 2.24562 1.91238 0.752281 1.56092 -0.867069 -1.24734 
4.59487 -0.68799 -0.323823 -0.437889 -0.462505 0.012253 -0.245199 -0.320732 -0.251236 -0.230233 0.0487883 0.00305433 0.0891204 22.0252 0.193867 1.3447 -0.785196 -2.63775 1.63816 -1.30907 -1.0866 0.100752 -1.25327 0.110226 -0.139941 0.304805 -12.8915 1.381 3.08989 2.4322 2.45485 -1.27038 0.00485787 2.10066 2.28985 2.33549 -0.411654 -0.293368 -0.721547 
4.9341 -0.699439 -0.239979 -0.463684 -0.493093 0.0307831 -0.18539 -0.277645 -0.0925548 -0.136228 0.071334 -0.032336 0.0314574 21.5549 1.66961 1.49 -0.717467 -2.84402 0.593922 -0.365363 -1.08562 0.0982136 -0.502918 -0.765453 -0.879064 -0.195104 -20.5082 4.182 2.82858 2.78295 1.88749 -3.91589 0.979569 -0.0633205 0.0725162 2.29691 -2.6862 -0.198704 0.139378 
5.09775 -0.547923 -0.0942483 -0.400676 -0.563768 -0.0292495 -0.31668 -0.095913 0.0898195 -0.25701 0.0813771 -0.000947775 -0.0120849 19.6601 2.62114 0.730482 -0.744583 -2.86444 -0.322323 1.2717 -0.966383 -0.00651711 0.525021 -1.37921 -1.03878 -0.450266 -13.8119 4.58339 -0.356095 0.896931 0.201228 -4.36762 3.02374 -2.52835 -2.41589 2.09146 -3.637 -0.43491 0.75125 
4.74346 -0.514757 0.0483769 -0.302012 -0.392334 0.00723737 -0.373178 -0.188893 -0.0173497 -0.102652 0.0811121 0.0106967 0.0352191 15.4772 3.10145 -0.489388 -0.0986208 -2.54804 -0.982016 2.88737 -0.80599 -0.235038 1.073 -1.49904 -1.24546 -0.192623 1.31203 2.75118 -4.38584 -1.41833 -2.61769 -2.82756 4.72679 -2.15539 -2.56174 0.268418 -2.27674 -0.640061 0.610918 
4.55696 -0.459564 0.025453 -0.287723 -0.492638 -0.137945 -0.259535 -0.357831 -0.132386 -0.116757 -0.123799 -0.0239203 0.125659 10.8733 4.09777 -1.32821 0.0719109 -3.10749 -2.06454 4.19197 -0.82583 -0.626355 1.2936 -1.54995 -0.937804 0.0911281 10.9646 -1.10717 -6.30752 -2.07156 -2.49014 0.970013 4.17488 0.318294 -1.18531 -0.566988 1.7429 -0.234212 -0.139076 
5.37152 -0.156865 -0.0263618 -0.392493 -0.688914 -0.278391 -0.0663062 -0.356442 -0.10144 -0.0604835 -0.216597 -0.149939 -0.0306572 11.636 3.09982 -3.36929 -0.297397 -3.34348 -1.61249 4.82617 -0.994115 -1.50225 1.17531 -0.627622 -0.685503 0.165901 5.03347 -4.23262 -4.58114 -0.722496 -0.561248 3.01397 1.32595 2.03008 0.40723 -0.861908 4.38649 1.03019 0.145394 
5.7563 -0.151383 -0.223813 -0.449721 -0.709917 -0.261091 0.0408161 -0.360218 -0.135023 -0.0312413 -0.193888 -0.0701986 0.0311064 12.6704 1.61337 -4.93508 -0.464009 -3.23382 -1.07628 5.17725 -1.00231 -1.79971 1.44712 0.439825 -0.555336 0.196234 -2.80075 -4.61304 -1.10665 0.964597 1.20218 2.77217 -1.93051 2.24623 1.03815 -0.627536 4.50833 1.21788 -0.0920352 
5.91425 -0.236802 -0.382089 -0.387985 -0.797531 -0.201993 0.186673 -0.346179 -0.188771 -0.103284 -0.112453 -0.118655 0.11295 13.2755 0.483013 -5.40182 -0.319854 -3.08652 -0.747632 4.44244 -0.13288 -1.00965 0.918538 1.58218 -0.274865 -0.147995 -7.58563 -3.02683 1.86919 1.53341 2.71233 0.979253 -3.91661 0.826233 0.892794 0.533807 2.38112 1.04808 -0.487418 
6.0918 -0.298268 -0.465826 -0.429543 -0.863828 -0.141971 0.26828 -0.30175 -0.202218 -0.0549678 0.0112014 -0.0918734 0.0456562 10.8496 -0.570994 -4.66929 0.181021 -1.6834 -0.267029 3.00971 0.364905 -0.363352 0.805503 2.75865 0.103275 -0.298167 -7.52785 -0.47978 3.12517 1.43417 2.70562 -1.34839 -3.79918 -0.567856 0.882968 0.278486 -0.498319 0.213939 -0.314495 
6.21235 -0.327747 -0.526069 -0.432897 -0.846998 -0.152395 0.227419 -0.292557 -0.162718 -0.0149951 0.0813649 -0.0592723 0.0143994 5.70656 -1.39229 -3.39915 0.83011 -0.356357 -0.401176 1.43696 0.323607 -0.0904786 0.386939 2.86424 0.494733 -0.180032 -5.00548 1.50774 3.15566 0.725172 1.96425 -2.19124 -2.30438 -0.791271 0.823625 -0.42747 -1.8823 -0.385448 -0.434745 
6.26059 -0.345502 -0.562614 -0.348731 -0.818476 -0.195682 0.200033 -0.299349 -0.194333 0.0188324 0.0976074 -0.0611497 0.0566879 2.48223 -0.659226 -1.83757 1.17187 0.257144 -1.30478 0.269113 0.557242 0.178604 0.0626784 2.28702 0.402298 -0.90818 -4.50358 1.83733 2.27268 -0.0282542 1.15363 -1.71934 -0.951396 -0.18139 0.499874 -1.29751 -1.78982 -0.101545 -0.509942 
6.28034 -0.357388 -0.550673 -0.321062 -0.802065 -0.229145 0.189027 -0.312534 -0.175863 0.0084778 0.11035 -0.0700123 0.0237826 -0.728174 0.511328 -0.596936 1.15742 1.31188 -2.62413 -0.605997 1.04212 0.102483 -0.0401374 1.45406 0.370132 -1.17494 -5.15431 1.8676 1.41738 -0.273655 0.632923 -1.44429 -0.131001 1.10309 -0.286337 -1.39668 -1.14384 -0.10006 -0.481474 
6.26109 -0.332125 -0.543241 -0.335308 -0.761979 -0.28674 0.211598 -0.343376 -0.144265 -0.0142119 0.126452 -0.0774166 0.0221339 -4.47749 1.44852 0.511099 1.37206 2.17893 -3.39788 -1.20202 1.42468 -0.19192 -0.298007 0.314157 0.215393 -0.887162 -6.20254 1.69157 1.18 -0.19155 0.772575 -1.12583 -0.456993 2.06432 -0.993514 -0.401628 -0.96512 0.0774713 -0.382753 
6.19433 -0.29728 -0.528089 -0.32444 -0.748028 -0.332444 0.180733 -0.305595 -0.125554 -0.050852 0.126205 -0.0528446 -0.0271098 -8.15846 2.11336 1.66463 1.74871 2.47618 -3.60734 -1.64773 1.18315 0.0446719 -0.291678 -0.569712 0.353686 -1.00097 -7.17785 1.24703 1.5193 0.554355 1.13996 -0.720208 -1.1424 1.03903 -0.648739 0.744715 -1.31363 0.148088 0.209021 
6.06516 -0.246493 -0.528847 -0.27949 -0.744916 -0.397875 0.150488 -0.225538 -0.163476 -0.0811422 0.134001 -0.023525 -0.0814783 -10.8935 2.53096 2.81335 1.72947 2.23374 -3.472 -1.9376 0.377829 1.05239 -0.0545345 -1.37543 0.562685 -0.779842 -6.42893 0.495035 2.25446 0.926856 0.595904 0.216507 -1.24307 -1.58868 1.1004 1.43946 -1.8626 0.184984 1.02797 
5.76107 -0.166379 -0.48789 -0.268754 -0.622355 -0.553308 0.143969 -0.125283 -0.223307 -0.0674985 0.129333 -0.0765301 -0.0560406 -12.9756 2.73993 3.52115 1.87354 2.19432 -3.07199 -2.5049 -0.481792 1.46925 0.656875 -1.75575 0.46746 -0.358105 -3.44008 -0.29558 2.26214 0.711531 -0.725635 1.62388 -1.13342 -3.96719 2.73354 1.53888 -1.53922 0.285914 1.00539 
5.4301 -0.121695 -0.389214 -0.24341 -0.537868 -0.563835 0.0572078 -0.109677 -0.232763 -0.0252723 0.0316043 -0.0481862 -0.0414981 -14.0068 2.01422 4.1805 2.3858 1.98833 -2.12367 -2.61446 -0.797741 0.776897 0.952144 -1.33333 0.309054 0.220529 0.31802 -1.28818 1.31065 0.419348 -1.59462 2.30943 -0.109733 -3.61047 1.67357 0.780217 0.415179 -0.141416 1.01986 
5.10421 -0.0841752 -0.27495 -0.114818 -0.53253 -0.588252 -0.0395894 -0.262108 -0.0942033 -0.000115195 -0.0229393 0.00921262 -0.0963885 -12.5211 0.613141 4.41598 2.54202 1.49079 -0.609629 -1.82 -1.68455 0.420924 0.97855 -0.773711 0.221495 0.840919 4.57993 -2.64161 -0.209032 -0.168507 -1.59778 2.94248 1.51495 -0.992816 -1.38334 -0.29759 2.34037 -0.600727 1.08119 
4.94312 -0.0556117 -0.153132 -0.130916 -0.605665 -0.60059 -0.0265174 -0.404639 0.0762066 0.0213354 -0.099642 0.011409 -0.00909573 -9.15694 -0.656471 4.55211 2.22826 0.388982 0.326324 -1.17489 -2.46802 0.314984 1.33843 -0.259382 -0.0778115 1.39057 7.82377 -3.41147 -1.27122 -0.358761 -1.2876 2.45368 2.34899 1.43708 -3.83814 -0.637105 3.18051 -0.831693 0.708054 
4.72873 -0.0175421 -0.124446 -0.119802 -0.530231 -0.592361 -0.125129 -0.437743 0.0277413 0.1067 -0.0588451 -0.0446299 -0.0176772 -4.68822 -1.63371 4.35099 1.67928 -1.41996 0.991188 -0.405206 -2.68234 0.144268 1.12742 0.488536 -0.108008 1.51593 9.87893 -2.95873 -1.10338 -0.949355 -2.16175 1.03341 2.71175 1.91036 -2.94505 -0.77448 2.11014 -0.459069 0.525326 
4.58383 -0.154363 -0.0419416 -0.00510747 -0.520325 -0.512627 -0.0782283 -0.319943 -0.21713 0.0375752 0.0867971 -0.0452168 0.0440873 -0.378527 -2.12844 3.63141 0.778365 -2.67145 1.12184 0.200486 -2.15208 -0.183908 1.01654 1.08038 -0.488635 1.71099 9.67183 -0.734643 -0.861225 -2.01316 -3.02791 -0.577109 1.22272 0.565892 0.549754 0.0946327 -0.256969 -0.105098 -0.0216381 
4.81298 -0.304031 -0.0300164 0.00267941 -0.572887 -0.370073 0.0527518 -0.425957 -0.182849 0.00599614 0.0950805 -0.012051 0.0616635 3.24542 -2.25914 2.71919 -0.290319 -3.38093 1.08969 0.398295 -1.26928 -0.412313 0.98461 1.24367 -0.689684 1.76567 6.07597 1.67437 -0.791648 -2.33034 -2.75403 -1.93243 -0.90374 0.0481439 2.7415 0.62841 -1.44478 -0.0463537 -0.413882 
5.004 -0.307696 0.0545121 -0.043906 -0.694118 -0.478298 0.0142825 -0.467997 -0.153376 0.140216 0.0762245 -0.0793613 0.115416 5.75974 -1.96945 1.82186 -1.01779 -3.88687 0.781022 -0.0554509 -0.67749 0.0691167 0.959901 1.15829 -0.451381 1.28678 2.07373 2.49559 -1.4644 -2.08627 -1.07897 -1.31683 -1.92148 0.334596 3.02081 0.171308 -1.39863 0.305838 -0.683763 
5.14403 -0.300691 0.116799 -0.0887635 -0.861313 -0.500745 0.041619 -0.466377 -0.129123 0.0831256 0.112382 -0.0553625 0.112934 7.8438 -1.35795 1.08524 -1.91351 -4.61262 0.00632849 -0.478581 -0.559369 1.32195 1.15853 0.690039 -0.144431 1.09706 -0.408663 1.92385 -2.13623 -1.22859 0.943813 -0.675694 -2.3051 0.842434 1.71134 0.394342 -0.592516 0.391759 -0.78041 
5.2541 -0.293754 0.0973972 -0.142485 -0.904253 -0.465724 -0.018447 -0.465763 -0.0851112 0.132167 0.0737938 -0.0846732 0.147168 9.15211 -0.32615 -0.141701 -2.83339 -4.76667 -0.652112 -1.38024 -0.452731 2.22905 1.80485 0.209991 0.127261 0.781449 -0.106884 0.676664 -2.24049 -0.427916 1.24781 -0.337938 -1.30076 1.08095 0.0741083 0.321615 0.377703 0.842635 -0.603018 
5.36963 -0.290445 0.0722139 -0.184541 -0.944834 -0.47137 -0.0525701 -0.482255 -0.0137994 0.149041 0.0749319 -0.0772443 0.144694 8.88341 0.313447 -1.59194 -2.80048 -4.22771 -0.522769 -1.76595 0.459568 1.40367 1.87931 -0.0339165 0.399814 0.774839 1.2229 -0.0147676 -2.47259 0.0843334 0.848547 0.239785 0.0439449 0.912694 -1.38273 0.514455 0.168991 0.887253 -0.0880308 
5.48447 -0.274436 0.0484642 -0.245261 -1.00236 -0.486861 -0.121907 -0.457612 0.0452007 0.162977 0.0917742 -0.0464194 0.126462 8.30431 0.337048 -3.1255 -2.25962 -3.30905 0.671095 -1.20016 1.22763 0.541161 1.1984 -0.57319 0.707198 0.557282 0.873697 -0.100086 -2.51951 0.879897 0.675828 1.14983 1.3397 1.13724 -2.68158 0.047238 -0.778821 0.368588 0.332447 
5.67334 -0.277254 0.0172235 -0.29981 -1.08335 -0.562598 -0.151172 -0.446743 0.0598899 0.232771 0.120614 -0.0459111 0.145354 7.67358 0.259303 -4.01845 -1.79331 -2.46398 1.39792 -0.661292 1.83796 -0.153599 0.881402 -1.07249 0.652265 0.282541 -1.12877 -0.0970967 -2.09816 1.52588 1.09595 2.58641 2.21905 1.42037 -2.73004 -1.44086 -1.61714 -0.0397838 -0.032359 
5.92995 -0.275175 -0.0986265 -0.361965 -1.15414 -0.534323 -0.178703 -0.418759 0.029959 0.290847 0.121732 0.000992971 0.163219 6.88324 0.0873222 -4.26443 -1.20703 -1.96893 1.78556 0.191609 2.13851 -0.86073 0.371676 -1.20699 0.568807 0.0877644 -3.40025 -0.212731 -0.666937 1.74916 1.70374 2.47631 2.1731 1.0421 -1.47811 -2.07757 -1.61823 -0.732101 -0.506516 
6.01712 -0.266608 -0.251125 -0.327679 -1.14925 -0.422535 -0.121736 -0.359849 -0.096516 0.280327 0.0438591 0.0133477 0.208488 5.77897 -0.120533 -4.1404 -0.609209 -1.40609 2.13113 0.858811 2.18441 -1.44297 0.128379 -1.38917 0.277798 0.0984618 -3.82188 -0.420711 1.31093 1.13205 1.45887 0.64612 1.20671 -0.0135496 0.39109 -1.44572 -0.320452 -0.935112 -0.84696 
6.01141 -0.261584 -0.339159 -0.291068 -1.14585 -0.312075 -0.0584627 -0.273366 -0.118499 0.191642 -0.0510709 -0.00476069 0.174881 4.41553 -0.334348 -3.68473 0.0152754 -0.842608 2.20538 1.37602 1.85159 -1.59906 -0.0413748 -1.42241 -0.0302301 0.135628 -2.64266 -0.53807 2.47441 0.401836 0.777144 -1.44763 -0.00475207 -1.27693 1.21207 0.232629 1.1687 -0.674184 -0.311371 
6.05933 -0.271727 -0.361953 -0.32491 -1.15596 -0.279055 -0.0449103 -0.222102 -0.0973136 0.161259 -0.0540461 -0.00937967 0.121698 2.82253 -0.459101 -2.79792 0.417904 -0.243946 1.98055 1.47335 1.26804 -1.20419 -0.285761 -1.13354 -0.171542 0.0926846 -1.38791 -0.435913 2.43654 0.19172 0.298324 -2.38741 -0.64128 -2.09477 1.11159 1.33695 1.71852 -0.24048 0.563811 
6.10822 -0.29505 -0.382187 -0.309094 -1.14992 -0.285981 -0.0153706 -0.240097 -0.116707 0.1897 -0.0406091 -0.0290141 0.146363 1.59423 -0.596647 -1.46197 0.545962 0.0918915 1.15701 1.0768 0.442081 -0.383306 -0.179099 -0.411054 -0.185646 -0.0215558 -0.745714 -0.132432 1.85227 0.018033 0.127156 -1.89488 -1.09013 -1.97978 1.00542 1.18284 1.52934 0.420701 0.63389 
6.1332 -0.311279 -0.390177 -0.294143 -1.15145 -0.286581 -0.000960482 -0.247957 -0.137395 0.22165 -0.0425426 -0.0376761 0.163296 1.0192 -0.605184 -0.0539684 0.209446 0.18563 -0.0288348 0.180876 -0.4213 0.734896 0.247417 0.536857 0.0420906 -0.191925 -0.943365 0.207309 1.55859 -0.199132 0.281065 -1.20644 -1.37912 -1.37887 1.28287 0.339984 1.14283 0.784603 0.0819148 
6.14377 -0.321287 -0.397682 -0.27282 -1.16237 -0.30257 0.00856664 -0.267572 -0.133068 0.241314 -0.0358144 -0.0394678 0.177038 0.234838 -0.317749 1.03144 -0.0180951 0.130796 -1.01647 -0.705192 -1.0745 1.3802 0.720792 1.24226 0.201023 -0.231393 -1.49013 0.596853 1.749 -0.599431 0.19611 -0.927351 -1.70893 -0.59857 1.72331 -0.257297 0.875339 0.667926 -0.773314 
6.13636 -0.326743 -0.377683 -0.274454 -1.13605 -0.315775 0.00555339 -0.307385 -0.0988963 0.228304 -0.00402591 -0.0268758 0.187886 -1.2567 0.132722 1.96761 0.0252971 -0.033977 -1.50441 -1.21663 -1.05958 1.596 0.829427 1.30199 0.0126976 -0.352367 -2.30642 0.939213 1.93068 -0.650206 -0.302561 -0.948353 -1.57295 0.328649 1.25236 -0.104343 0.409889 -0.0638863 -1.11562 
6.15443 -0.339496 -0.332884 -0.282209 -1.13394 -0.328012 -0.0494711 -0.344019 -0.0467774 0.245155 0.0443787 0.00917671 0.161803 -3.34176 0.6066 2.36545 0.381466 0.143185 -0.9721 -1.63717 -0.687003 1.52425 0.196434 0.88759 -0.342835 -0.919106 -3.82522 1.13805 1.22216 0.281769 -0.295537 0.00995055 -0.687516 1.08597 -0.233112 -0.407531 -0.702682 -1.16011 -0.909636 
6.11725 -0.325402 -0.257585 -0.316258 -1.11862 -0.395284 -0.114477 -0.362673 0.0382985 0.25562 0.0802773 0.0247788 0.129553 -6.4525 0.758029 2.40703 1.31271 0.599843 0.0259158 -1.86332 -0.359846 1.00774 -0.599677 0.201734 -0.836602 -1.28984 -5.87497 0.707825 -0.165922 1.95699 0.284669 2.03244 0.314032 1.3842 -2.0211 -1.22547 -1.95259 -1.81295 -0.51376 
6.00278 -0.274676 -0.187349 -0.320445 -1.153 -0.450707 -0.167164 -0.369744 0.0802519 0.271678 0.106627 -0.00191918 0.0972747 -11.9822 0.78295 2.91836 2.96783 2.13222 0.429971 -1.16658 -1.06877 0.00758932 -1.81883 -0.492338 -1.51628 -1.70406 -9.38 -0.197237 -0.775355 3.81486 2.37027 2.98301 1.60403 -0.0489986 -3.09559 -2.55942 -2.45063 -1.73642 -0.310021 
5.82955 -0.242213 -0.098674 -0.296668 -1.18567 -0.4709 -0.163955 -0.313291 0.0445474 0.289187 0.0795659 -0.069915 0.0911033 -16.8962 0.608711 3.52035 4.25072 3.23249 0.585727 -0.314416 -1.39704 -0.878286 -2.76541 -1.44986 -1.86105 -1.97171 -11.434 -1.0194 -0.147605 4.18209 3.95708 2.00253 2.26866 -1.88605 -2.58854 -3.16402 -2.04126 -0.689933 -0.339995 
5.57579 -0.21884 -0.144642 -0.177571 -1.09751 -0.296821 -0.184544 -0.297939 -0.0130604 0.166145 -0.00258972 -0.122231 0.0251964 -21.3062 0.675045 3.77281 5.0695 3.99409 0.983747 0.155533 -1.26876 -1.7067 -3.7334 -2.49014 -2.0908 -1.36065 -10.5029 -0.966537 1.39466 2.39457 3.28228 -0.542219 1.84954 -2.18197 -1.16402 -2.18364 -1.17841 0.422813 0.478485 
5.13738 -0.257077 -0.154087 -0.0167377 -1.02056 -0.176178 -0.20778 -0.305759 -0.0789442 0.0910352 -0.0743858 -0.16046 0.0192413 -19.3696 -0.770911 2.37921 4.34192 5.40528 2.33822 -0.924371 -0.903435 -2.64456 -4.49838 -2.40809 -1.59051 -0.895852 -0.736042 -1.42509 0.562974 -1.70334 1.91058 -1.18966 -0.755531 -0.426991 -0.0234911 -0.77342 0.290032 1.47587 1.19227 
4.25869 -0.258924 0.0303616 0.218633 -0.717382 -0.296467 -0.043171 -0.571369 -0.164555 -0.0793289 -0.082467 -0.228972 -0.0445775 -13.9017 -2.17748 0.465008 2.47842 5.83176 2.70814 -1.5203 -0.0677946 -2.57281 -4.54162 -2.03794 -0.670505 -0.157357 14.9098 -2.28295 -3.16149 -6.21498 -0.965455 0.37902 -3.72191 3.25425 0.852301 1.15535 1.40181 2.27354 2.07305 
3.93079 -0.283116 0.167545 0.227116 -0.703245 -0.341027 -0.026779 -0.532541 -0.148185 -0.111008 -0.16672 -0.19083 -0.0770797 -7.20827 -2.96735 -0.422889 0.336521 5.17704 2.46257 -2.23953 0.420153 -2.28555 -4.13683 -1.48615 0.354853 0.540473 24.7185 -2.62476 -5.60885 -7.62118 -2.42932 1.67441 -4.33722 4.26136 0.704109 1.94217 2.11318 2.1838 2.15642 
3.51283 -0.206609 0.196469 0.238116 -0.706034 -0.273569 -0.127401 -0.434879 -0.180313 -0.188181 -0.259873 -0.215653 0.0655067 -0.0899868 -3.15603 0.156593 -1.68978 2.63165 0.978832 -2.91228 0.533625 -1.71375 -2.49017 -0.545296 1.2521 1.09687 24.378 -1.85103 -3.65979 -5.61225 -4.16083 0.27495 -2.25412 2.00687 0.788746 2.73863 2.24755 1.85527 0.745359 
4.42097 -0.538707 -0.127506 -0.0106418 -0.438769 -0.00860711 -0.479323 -0.361699 -0.293177 -0.262614 -0.103756 -0.125405 0.0309506 7.67038 -2.35481 -0.46243 -3.03409 0.277174 0.0842101 -2.31927 0.835011 -1.18915 -0.858718 0.108999 0.879909 0.944184 11.1285 1.95015 1.47513 -0.617909 -6.15765 -3.2592 2.67921 -1.29952 1.12761 3.44115 0.888898 -0.266112 -0.505151 
4.91691 -0.59628 -0.300437 -0.184165 -0.530303 -0.0908053 -0.384536 -0.225222 -0.208721 -0.222201 -0.113642 -0.0736242 0.106975 13.6509 -1.14024 -2.08765 -3.37366 -2.18035 -0.0999352 -1.49043 1.25227 -0.684433 0.712586 0.529637 0.297632 0.762985 -1.68001 4.77609 3.82992 3.67895 -5.28091 -4.27582 5.22815 -3.66494 0.721749 3.04965 0.109662 -2.44504 -1.84639 
5.0663 -0.573234 -0.142368 -0.21551 -0.610546 -0.0992786 -0.417014 -0.268943 -0.269039 -0.249723 -0.149646 -0.0385143 0.131512 14.8446 0.155292 -2.93446 -2.36883 -3.27769 -0.57454 -0.119137 0.554811 -0.401715 1.29404 0.87556 -0.301058 0.135789 -6.96976 5.14729 0.880328 4.80015 -3.00444 -2.47928 5.10243 -2.41774 0.808344 1.9503 -0.329139 -3.16514 -2.1279 
5.15494 -0.538153 0.124878 -0.190098 -0.906767 -0.295723 -0.47187 -0.407929 -0.240595 -0.0914904 -0.0826224 0.00530373 0.112428 12.8097 1.30797 -2.74821 -1.0732 -3.77298 -1.45403 1.48623 -0.0757743 -0.0571649 1.45467 0.99742 -0.706238 -0.871056 -7.45651 3.18113 -3.55252 3.48679 1.28655 0.937404 2.912 0.174648 0.306128 -0.767696 -0.423821 -2.27149 -1.47348 
5.46401 -0.39388 -0.061399 -0.141829 -0.899512 -0.322248 -0.206673 -0.403799 -0.251673 -0.0366606 -0.0921146 -0.227855 0.02287 6.49652 2.60332 -1.43776 0.330369 -3.54509 -2.35679 2.85884 -0.365196 -0.0664622 1.29857 0.479166 -1.06923 -1.6092 -6.39556 -0.622772 -3.35473 0.704984 4.03872 2.22421 -0.809744 1.59834 -0.29098 -2.48603 0.0359576 0.861656 -0.942461 
5.53912 -0.286509 -0.280331 -0.0827501 -0.971959 -0.30179 -0.124201 -0.391521 -0.233941 -0.008511 -0.0831651 -0.258997 0.0226054 1.62862 2.05013 -0.637848 0.841908 -0.955499 -2.32536 2.19196 -0.378074 -0.538898 0.898705 0.305121 -0.985257 -2.50459 -7.75995 -3.00306 1.17759 -1.23008 5.3458 0.550388 -2.45745 1.65024 -0.684756 -2.35445 -0.335504 2.49668 -0.749351 
5.5412 -0.271314 -0.347852 -0.0573645 -0.998736 -0.255446 -0.173456 -0.35963 -0.221176 -0.0679059 -0.093937 -0.202095 -0.0082796 -2.98039 2.10311 -0.403918 -0.50308 1.90258 -2.19164 1.5496 0.441876 -0.857671 0.303187 -0.201618 -0.531138 -1.87165 -9.65224 -2.53949 5.41255 -2.84265 5.78702 -1.23061 -2.83453 0.691523 -1.34145 -1.03757 -0.886549 2.29995 0.26633 
5.46454 -0.279887 -0.35562 -0.0642699 -0.936232 -0.290712 -0.167998 -0.338511 -0.240336 -0.130656 -0.0475036 -0.194675 -0.0534894 -6.88194 2.65455 -0.092911 -1.03098 3.83583 -2.64376 1.23904 0.0406683 -0.858632 -0.796179 -0.4377 0.334329 -1.54732 -8.96739 0.294063 5.53079 -2.6348 3.92503 -2.64774 -1.52078 -1.07847 -0.695321 0.24048 -1.00476 1.35234 1.15961 
5.30089 -0.339043 -0.241515 -0.123881 -0.810201 -0.368275 -0.135713 -0.32679 -0.311676 -0.118283 -0.0612871 -0.154059 -0.158651 -9.8301 2.85624 1.75669 -1.72181 4.35667 -3.65169 0.33392 -0.72763 -0.640773 -1.40279 -0.2701 1.52988 -1.20124 -5.09313 3.41504 2.01042 -1.35513 1.0641 -2.33919 0.347328 -2.14658 0.587412 -0.106937 -0.4198 0.159527 1.7855 
4.97403 -0.419165 -0.0736755 -0.12644 -0.579897 -0.489604 -0.207761 -0.322107 -0.319221 -0.0687112 -0.120734 -0.13973 -0.210805 -10.6114 3.12615 2.77946 -2.00543 4.61699 -4.14768 -0.224167 -0.775677 -1.12322 -0.966423 -0.0679085 1.22886 -1.06014 0.430338 4.15429 -1.51106 0.315285 -2.52605 -0.861078 0.810212 -1.85155 0.843076 -0.320108 0.865519 -0.384193 1.37494 
4.55709 -0.165772 0.0144487 -0.402618 -0.43364 -0.481533 -0.252228 -0.274598 -0.392887 -0.119664 -0.195796 -0.115502 0.0158092 -9.57952 2.82575 2.96812 -1.95556 4.42362 -3.97441 -0.489568 -0.901805 -1.31411 -0.551464 0.568336 0.615758 -1.04801 6.09996 0.391823 -2.53645 2.25591 -3.74644 0.746239 0.0126161 -0.582395 0.437763 0.120601 2.16135 -1.01221 -0.920446 
4.45727 0.0376649 -0.0851471 -0.213777 -0.540378 -0.715083 -0.0955998 -0.53758 -0.284077 -0.185588 -0.103665 -0.0670211 -0.114808 -7.14675 1.76114 2.91404 -1.89982 3.93139 -3.14783 -0.961191 -1.02064 -0.872129 -0.19536 0.860869 0.0176725 -0.648571 8.28648 -4.45061 -0.860287 1.09227 -1.65443 2.93015 -1.72892 1.80285 -0.566934 1.10703 1.796 -1.80625 -1.05878 
4.43255 0.0590979 -0.0202506 -0.285842 -0.505663 -0.762435 -0.0953166 -0.522779 -0.268687 -0.244157 -0.0750281 -0.0464001 -0.147095 -4.25165 0.00797907 2.68448 -1.92911 3.22014 -1.52488 -1.34297 -1.38912 -0.137677 0.0986826 0.832232 -0.323763 0.326371 6.99948 -7.23433 0.994321 -0.253976 0.556403 4.02859 -2.20049 1.60018 -0.227876 1.78702 0.195739 -1.54823 0.273805 
4.40733 0.0451265 -0.0303944 -0.268311 -0.479585 -0.717968 -0.245917 -0.376591 -0.436939 -0.090117 -0.0526163 -0.142019 -0.151274 -1.88511 -2.61787 1.84559 -2.3155 2.37567 0.41121 -0.543106 -0.763495 0.122386 -0.451643 0.716553 0.0968627 1.42696 3.26857 -7.20388 1.34363 -1.88544 1.42307 3.96243 -0.104223 0.371863 1.37167 0.00830302 -1.56327 0.381972 2.75845 
4.50259 -0.121914 0.0424956 -0.290409 -0.397465 -0.675157 -0.285647 -0.404658 -0.432532 -0.14402 0.0545847 -0.159654 -0.226722 -0.310457 -6.16996 0.527247 -2.30751 2.20444 1.77247 -0.144559 0.730018 0.882175 -0.763671 1.03429 0.206456 1.77648 -0.710892 -4.70591 -1.22925 -2.42515 0.304717 2.96575 2.26973 0.787502 2.24273 -1.66109 -1.96979 1.85923 4.32598 
4.59107 -0.290812 0.146916 -0.372587 -0.295088 -0.663101 -0.315995 -0.445982 -0.339917 -0.118367 0.0165589 -0.202192 -0.153618 -0.769636 -8.33663 -0.449629 -3.52931 2.53916 3.63514 -0.503008 2.39529 1.40704 0.0213285 1.31771 0.311218 2.50163 -3.11628 -2.13491 -4.38955 -1.14006 -1.34369 1.68813 3.017 1.95969 2.13701 -1.52936 0.11716 2.20562 2.22826 
4.56494 -0.457107 0.236451 -0.46402 -0.252058 -0.521838 -0.335992 -0.55638 -0.272535 -0.0680604 -0.0941511 -0.147329 0.0104341 -0.851933 -8.40457 -1.38488 -2.82954 2.38421 4.39727 0.337288 2.71658 2.41177 0.609658 1.0371 0.467864 2.55716 -2.64787 0.611044 -4.93064 0.707602 -1.42101 0.612445 1.80474 3.49033 1.27059 0.298819 1.80632 0.672635 -1.04679 
4.41246 -0.64564 0.0895012 -0.578717 -0.27186 -0.404383 -0.122934 -0.376973 -0.310007 -0.278969 -0.110344 0.00425429 0.189278 -0.913759 -7.61182 -2.36596 -2.63136 2.08149 4.46798 1.62478 2.82574 2.99775 0.329413 0.892903 1.02554 2.18379 -0.0406742 3.19822 -2.60774 2.38168 -0.602389 -0.284646 -0.296814 1.99498 0.304279 2.89823 1.82976 -1.21023 -3.76105 
4.40096 -0.853698 -0.157404 -0.590632 -0.256846 -0.405456 -0.13001 -0.178401 -0.175227 -0.321531 0.0600553 -0.0518369 0.153685 -1.74308 -6.11451 -3.33507 -1.96542 1.12383 4.12566 2.37188 2.91547 3.41449 1.36818 1.04859 1.13647 1.19756 1.5371 4.6061 0.96188 2.59348 -0.319579 -0.854046 -0.142388 -1.37474 -0.0965606 3.37307 0.128666 -1.11832 -4.06503 
4.2704 -0.932715 -0.203126 -0.668905 -0.232416 -0.269155 -0.244237 -0.15892 -0.105878 -0.0467891 0.190498 -0.0613572 0.0554494 -1.49434 -4.49885 -3.43107 -1.05349 0.327208 4.07484 2.14427 2.52305 2.68722 1.45418 1.43477 0.537474 0.0657164 2.27308 4.15322 2.74907 1.91569 -0.772966 -1.206 0.487246 -3.34373 -0.828293 0.778378 -1.58108 -0.839844 -1.94566 
4.41773 -0.854065 -0.122618 -0.491136 -0.171103 -0.199258 -0.138338 -0.137268 -0.0501709 0.0046681 0.0309018 -0.0954507 0.0612255 -0.0614166 -2.68406 -2.62064 -0.921253 -0.121644 3.01053 1.75901 1.94111 2.12944 1.16554 1.45397 0.281116 -0.809362 1.46053 2.3545 2.45341 -0.547645 -1.61747 -1.34204 -0.000538139 -3.33039 -1.50875 -1.87152 -1.1134 0.131867 0.169594 
4.44386 -0.888616 -0.224565 -0.595794 -0.159123 -0.183966 -0.0375785 -0.108726 -0.11562 -0.0917009 0.0628502 -0.0280756 0.0383656 1.37259 -1.02061 -1.02307 -0.804938 -0.488952 1.70738 0.794442 0.600538 1.07788 1.62731 0.806178 0.217876 -0.689341 1.32808 1.20523 1.933 -1.41445 -1.72165 -1.85682 -1.14488 -1.63038 -2.07546 -2.61128 -0.555866 0.494257 1.84965 
4.28634 -0.931941 -0.25997 -0.578253 -0.26882 -0.198191 0.0300106 -0.192802 0.0906521 0.0836165 0.144278 -0.0156603 -0.063259 3.07229 1.0489 1.07754 -0.237363 -1.7172 -0.347545 -0.454733 -0.682873 -0.511967 1.08827 -0.214469 0.801864 0.477696 3.22543 1.82499 2.26303 -0.69366 -1.38611 -3.40553 -3.38478 -0.204968 -3.15586 -2.02154 -0.535129 0.641015 2.80792 
4.40653 -0.937821 -0.1902 -0.566621 -0.278519 -0.0488838 -0.0950256 -0.232311 -0.0689596 -0.043763 0.117121 -0.139506 0.0166522 5.43254 3.14618 1.00661 0.444197 -3.47906 -2.00377 -0.702971 -1.52809 -1.60459 -0.165948 -1.01055 0.604762 0.694594 4.35181 3.8555 1.50772 1.10354 -2.18072 -4.48868 -2.91247 -0.373959 -2.54106 0.150123 -1.15835 0.799839 1.52543 
4.56797 -0.880889 -0.152291 -0.727873 -0.289811 -0.16076 -0.0488455 -0.184948 -0.051466 -0.144427 0.088544 0.00436173 0.0503062 7.32118 4.38914 0.370479 1.31326 -4.99654 -2.59132 -1.33677 -2.46827 -2.02493 -0.515808 -1.1661 0.185974 0.633772 5.04548 4.72777 -0.396183 4.04973 -3.15921 -2.88995 -1.13891 -1.61843 -1.33703 0.780715 -1.79099 -0.737522 -0.2618 
4.59513 -0.858377 -0.142225 -0.706384 -0.321894 -0.271462 -0.10189 -0.171349 -0.187024 -0.0262208 0.0781786 0.035701 0.144997 9.34193 5.22616 0.390224 2.74482 -6.08061 -2.70747 -1.45425 -2.9729 -2.33691 -0.0456471 -1.98608 -0.532233 0.88845 4.39595 3.12569 -2.36659 4.21201 -3.42521 0.280678 1.27208 -2.29929 0.51168 0.330255 -1.446 -1.96932 -1.85994 
4.8597 -0.621512 0.0725501 -0.510789 -0.529835 -0.543632 -0.380839 -0.28506 -0.253377 -0.00232775 0.0482892 0.0537869 0.216836 10.5511 5.39439 0.0257358 3.48737 -6.40902 -2.61141 -0.932306 -3.20946 -2.69137 0.0564669 -2.54267 -0.966156 1.16964 1.38123 -0.786814 -3.26036 2.20849 -1.50189 3.61455 3.56059 -1.56905 1.83519 0.506288 -0.716108 -2.4479 -1.7546 
5.15102 -0.348467 -0.165939 -0.450417 -0.7465 -0.477427 -0.186236 -0.400751 -0.28339 -0.0587584 -0.0689095 -0.0589888 0.0306826 9.98485 4.76626 -0.310929 3.93875 -6.59904 -1.98608 -0.39015 -3.24412 -1.71464 0.701178 -2.42063 -1.11829 0.498359 -1.9724 -4.45107 -0.610654 -0.400531 1.40191 4.06506 2.01125 0.411941 1.55975 0.438885 0.417382 -1.17279 0.245891 
5.38383 -0.336966 -0.252221 -0.270645 -0.838354 -0.398626 -0.153897 -0.504427 -0.229044 -0.110404 -0.104073 -0.104298 0.0532968 8.74205 3.59165 -0.280773 4.03056 -5.9897 -0.402213 -0.364171 -3.13007 -1.03303 0.640962 -2.17463 -1.56714 -0.00515285 -4.78656 -4.99604 1.80881 -2.95282 3.229 2.29357 0.0650529 2.16727 1.16877 0.454195 1.20655 0.85392 0.738877 
5.51105 -0.387826 -0.201161 -0.252668 -0.95813 -0.400516 -0.134608 -0.508983 -0.302383 0.0143756 -0.144329 -0.147271 0.124414 7.08704 2.19785 -0.103729 2.9683 -4.6346 0.779637 0.0753422 -2.60413 0.0288161 0.0709221 -1.86922 -1.26787 -0.361272 -5.68354 -3.20011 2.52101 -3.11811 3.86849 0.67704 -1.68669 2.28553 1.12807 -0.409131 1.44534 1.9156 0.110032 
5.54882 -0.395277 -0.189421 -0.234481 -0.980944 -0.416894 -0.0997671 -0.570573 -0.294242 0.0452521 -0.162222 -0.173374 0.175413 4.50075 0.435512 0.052185 1.55318 -2.80599 1.58863 0.333101 -1.56801 0.468685 0.139695 -1.53488 -0.613618 -0.273274 -4.33602 -0.781974 1.87298 -2.21073 2.9949 -0.32704 -2.09022 1.68774 0.97379 -1.09847 0.846585 2.05511 -0.773332 
5.57811 -0.416878 -0.129424 -0.238872 -1.01468 -0.325029 -0.194748 -0.530463 -0.26394 -0.00400725 -0.150617 -0.154771 0.0985886 2.03554 -0.506299 1.11836 0.749189 -1.41222 1.06193 -0.622532 -0.707753 0.555681 0.459947 -1.2264 0.250795 0.20512 -2.88837 0.621863 -0.253625 -1.12242 1.89784 -0.726457 -0.247767 0.703375 0.413042 -0.583937 -0.19574 1.24437 -0.717654 
5.58167 -0.417379 -0.092294 -0.258457 -0.989183 -0.303735 -0.223687 -0.528314 -0.226856 -0.0429202 -0.159406 -0.108919 0.0811034 -0.41132 0.173929 0.650453 0.276479 -0.799475 0.586179 -0.477423 -0.268007 0.513132 0.619269 -1.41283 0.557373 -0.14612 -2.58158 1.08766 -1.66491 0.299986 0.59875 -1.01119 0.935326 0.0949084 -0.304739 0.67304 -0.851395 0.199588 0.105926 
5.57061 -0.413232 -0.0784817 -0.26837 -0.966294 -0.328108 -0.210194 -0.558549 -0.193137 -0.0443355 -0.177964 -0.0940767 0.0919968 -2.54444 1.06918 -0.101937 0.199538 -0.115811 0.178124 0.0787715 0.0930173 0.51875 0.813915 -1.76077 0.403801 -0.553424 -3.30463 1.53671 -2.1035 0.694493 -0.21568 -1.12022 1.71369 0.289995 -1.05511 1.88109 -1.17953 -0.867472 0.320513 
5.5545 -0.416592 -0.0778946 -0.268571 -0.976934 -0.324782 -0.229664 -0.5414 -0.214601 -0.00736726 -0.224401 -0.069116 0.095085 -4.52967 1.75818 -0.509514 0.344698 -0.00473529 -0.682417 0.669566 0.763385 0.553785 1.2211 -1.6198 0.164703 -0.735981 -4.25082 1.87407 -1.65953 0.708559 -0.245025 -1.36216 1.91881 0.739337 -0.507807 1.58652 -0.387092 -1.39919 -0.107059 
5.49391 -0.397095 -0.102716 -0.250829 -0.989478 -0.331823 -0.21627 -0.535741 -0.226772 0.0303494 -0.26915 -0.0653869 0.0904072 -5.31133 2.19662 -1.1143 0.18103 0.516314 -2.58709 1.5235 1.50049 0.690642 1.75892 -0.38545 0.603966 -0.683407 -3.15901 1.34629 -0.578141 -0.0961808 0.519799 -2.37146 1.34229 1.74618 0.491041 0.636191 1.85524 -0.331074 -0.692974 
5.29289 -0.276787 -0.231941 -0.178484 -1.02881 -0.348888 -0.143196 -0.558926 -0.214991 0.0688246 -0.325738 -0.0936695 0.0840835 -4.80507 2.27217 -1.90079 -0.356164 0.835196 -3.29569 2.08594 3.12731 1.389 1.54646 0.263014 1.30697 -1.06773 0.624155 -0.153563 0.205421 -1.47486 1.44011 -2.78836 0.607038 3.12654 1.72817 -0.753117 3.32618 1.7097 -0.90782 
5.11578 -0.219488 -0.211709 -0.236274 -0.966845 -0.398331 -0.0700881 -0.488554 -0.253782 0.174109 -0.386369 -0.160741 0.0551498 -3.28888 2.80584 -3.05944 -2.41801 1.93592 -3.49181 2.36421 5.36735 1.87721 0.475467 1.17312 2.03903 -1.64973 5.12593 -0.701326 -0.964256 -3.42543 2.13484 -1.71632 -0.0557689 4.31671 2.28555 -2.59448 3.50768 3.30869 -0.954119 
4.92672 -0.178104 -0.179204 -0.194627 -0.992394 -0.509016 -0.0645972 -0.401555 -0.160938 0.142397 -0.284395 -0.142517 0.0229038 -0.66573 3.12182 -4.06299 -4.59009 2.48715 -2.14513 2.03679 6.67338 2.43289 -0.444553 1.66938 2.22551 -1.52934 8.47151 -0.314207 -2.685 -5.36634 2.03773 2.068 -0.739718 4.07571 1.38256 -3.01987 1.21101 2.56599 -0.309643 
5.03432 -0.179003 -0.23769 -0.280057 -0.86995 -0.776701 -0.0248602 -0.281026 -0.110298 0.168465 -0.0237016 0.0608899 -0.00743961 2.05953 3.15804 -4.70096 -5.69827 2.86064 -0.253454 1.20339 6.70479 2.74939 -1.33677 1.35808 2.73475 -1.14422 7.56054 0.693545 -3.11385 -4.52528 0.691942 6.48568 -1.5921 1.2332 0.0989308 -2.53619 -2.45274 0.001819 0.778413 
5.19105 -0.188654 -0.370182 -0.379344 -0.85057 -0.682469 0.0397182 -0.0363473 0.0381872 0.0732731 -0.150048 0.162137 -0.066347 4.62793 3.0772 -5.20463 -6.17709 3.30293 1.73033 -0.125539 5.47204 3.30033 -1.63091 1.06095 2.44316 -0.715103 3.88288 1.34154 -1.87238 -1.24873 -0.298442 7.25794 -2.65332 -3.74841 -0.776171 -0.344036 -3.29602 -2.51868 1.80635 
5.34232 -0.0164414 -0.569823 -0.771143 -0.645955 -0.670323 0.0634668 0.2378 0.0148235 -0.0734001 -0.0735078 0.191314 -0.135145 6.42479 3.24086 -6.09806 -5.60515 3.11947 3.61565 -1.36832 3.62363 3.48115 -1.77323 0.42649 1.82576 0.216868 0.132143 0.378129 0.291011 3.72384 -1.42716 5.07394 -3.15037 -7.54068 -0.372269 1.92773 -2.83021 -3.36631 2.47707 
5.57305 0.0241857 -0.667696 -0.914483 -0.726133 -0.345805 -0.0330339 0.233618 0.049965 -0.0415068 -0.132298 0.111424 -0.0272226 6.94572 3.07813 -5.65697 -4.95669 3.16128 4.98588 -1.98151 0.727032 2.8105 -1.00977 -0.0275454 0.695153 0.875366 -2.57828 -0.653379 2.02758 5.92752 -0.742395 0.028908 -2.02366 -8.07838 -0.0619078 2.54735 -0.0517629 -2.29228 1.56962 
5.61932 0.0677995 -0.724338 -0.809785 -0.697228 -0.218139 -0.0908998 0.0915692 0.0777736 -0.0800581 -0.264726 0.212288 0.00529165 6.25829 2.58087 -4.38742 -3.4729 2.46256 5.89491 -3.00886 -1.95916 2.15175 0.128435 0.0433778 -0.626624 1.24778 -2.35254 -1.68717 2.89562 4.15034 -0.180776 -3.09963 -0.71067 -5.22938 -0.523004 2.74776 2.85216 -1.2808 0.32313 
5.67205 0.135262 -0.821348 -0.809923 -0.594422 -0.159649 -0.196835 -0.0733009 0.224693 0.00414133 -0.215329 0.0777718 -0.000309255 5.18479 1.5617 -2.02148 -1.97245 1.42139 5.12921 -3.44136 -3.80433 0.955195 1.55959 1.6203 -1.25124 1.63134 -1.52 -2.48708 4.11449 1.27403 -1.07361 -3.11962 0.622269 -0.870618 -2.12273 1.87425 3.6169 -0.0471309 -0.516787 
5.77497 0.179091 -0.936914 -0.77744 -0.602925 -0.11989 -0.261781 -0.0826264 0.230302 -0.0125515 -0.215471 0.0674611 0.11063 3.96973 0.284468 0.310409 -0.634774 0.0220966 4.23391 -2.86211 -4.56948 -0.0864681 2.66505 2.89854 -1.28799 1.57963 -1.16486 -2.43152 4.95755 -1.29903 -2.04984 -1.84449 1.4986 1.93543 -3.36267 1.39733 3.85184 0.402855 -1.15659 
5.7979 0.139841 -0.804816 -0.835813 -0.517598 -0.129611 -0.225416 -0.313562 0.177247 0.0619488 -0.0670092 0.0632819 0.0850652 2.23232 -0.268244 1.49199 -0.56853 -0.286883 2.42833 -1.8821 -3.49474 -1.54155 2.68341 4.39924 -0.901499 0.945159 -1.66019 -1.60103 3.47667 -1.2133 -3.05108 -0.448912 1.62973 3.78114 -3.3513 0.434362 2.20009 0.639777 -0.73111 
5.90267 0.0943073 -0.786611 -0.828922 -0.558482 -0.0393736 -0.37465 -0.325963 0.171924 0.167231 0.0166027 0.048715 0.0613297 -0.520496 -0.518149 2.26653 -0.599091 -0.745312 1.6672 -0.928194 -2.02694 -2.85583 2.50373 4.9009 -0.907218 0.673757 -4.67656 0.00190356 1.07237 0.131387 -1.67172 -0.805392 2.36462 3.43993 -2.60339 -1.11501 0.0162234 0.813387 -0.397486 
5.91565 0.0330582 -0.591257 -0.876542 -0.688671 -0.00603684 -0.353124 -0.247468 0.0573878 0.214093 0.142485 0.0165536 0.111653 -4.80122 -0.805482 3.13911 0.303012 -0.26697 1.17423 0.341995 -0.943465 -4.32641 1.3051 4.02908 -0.365267 0.450537 -8.43106 1.21095 -1.50602 1.95753 1.59718 -1.31832 2.25985 1.76796 -1.28501 -2.53724 -2.28901 0.447181 -0.341988 
5.90467 0.0336227 -0.522547 -0.942251 -0.757107 0.0364349 -0.262974 -0.274924 -0.0475742 0.263066 0.267296 0.0258774 0.106243 -9.0363 -0.877357 3.64763 1.0989 0.826136 0.970666 1.25703 -0.755611 -4.96598 0.0467423 2.5383 -0.123012 0.0437522 -10.6552 1.06105 -1.73275 3.28262 4.13748 -1.23579 1.59117 -0.04522 -0.481835 -3.64621 -4.4436 0.38218 -0.133985 
5.7634 0.0550553 -0.598664 -0.911085 -0.716931 -0.0265882 -0.268141 -0.21728 -0.143165 0.222082 0.33157 0.0611534 0.0896978 -11.372 -0.478846 2.7027 1.98197 1.67399 0.569204 1.46021 -0.265906 -4.56058 -1.23737 0.923053 -0.0992913 0.119275 -8.15621 0.224231 -0.441135 2.76805 4.44198 -0.504814 0.662241 -1.76925 0.687608 -3.05642 -4.57608 0.00175698 -0.174362 
5.32641 0.0978475 -0.585292 -0.791098 -0.671816 -0.0101897 -0.236946 -0.227556 -0.191387 0.206573 0.256567 0.0304216 0.101772 -11.8788 0.147039 1.62164 2.13784 2.81001 -0.557275 1.39364 -0.0910168 -3.73476 -1.88851 0.0316569 -0.463041 -0.016881 -0.141685 -0.138299 -0.489288 0.500023 2.42395 -0.581101 -1.08153 -1.00792 1.96829 -1.29729 -2.43607 -0.517116 -0.23501 
4.82493 0.0523885 -0.469379 -0.657959 -0.460174 -0.0188311 -0.136519 -0.261371 -0.325561 0.0620477 0.17595 0.0210083 0.105424 -9.8827 0.902447 -0.337813 2.5106 3.47936 -1.94961 0.266971 0.497827 -2.13204 -1.43643 -0.817676 -0.729323 -0.43408 9.12323 0.73368 -2.28069 -1.71651 -0.961541 -1.89943 -2.6977 1.21743 3.44344 1.7214 0.387358 -0.968743 -0.369964 
4.57182 0.0180722 -0.375391 -0.646382 -0.375727 0.0302373 -0.104293 -0.367423 -0.402294 -0.0226084 0.0696329 0.06641 0.0915666 -5.62137 0.965563 -1.61794 2.91447 2.92793 -3.26856 -1.1771 1.90167 -0.477364 -0.750686 -1.07549 -1.22587 -0.375819 14.7735 1.40341 -4.35201 -1.73435 -3.18971 -3.52067 -3.61612 3.87062 4.17916 3.78355 2.34915 -1.32931 -0.350681 
4.64297 0.0515842 -0.482808 -0.624307 -0.371737 -0.0214647 -0.177942 -0.353834 -0.304806 -0.0148681 0.109931 0.0218244 0.0964384 0.0378456 0.597 -2.32515 2.96021 1.54318 -3.96737 -2.6473 3.51874 0.975195 0.0114486 -1.06774 -1.39251 -0.0476392 14.1491 0.61416 -3.88885 -0.0625203 -3.78396 -3.45621 -3.5214 5.27277 3.17306 3.39415 1.69248 -0.686878 0.147545 
4.78851 0.125614 -0.568437 -0.694855 -0.348559 -0.165962 -0.269874 -0.21167 -0.267162 0.0496696 0.186669 -0.0812283 0.0719269 5.73217 0.0177762 -2.77191 2.80577 -0.0824348 -4.53155 -3.93425 5.15034 1.93443 0.349525 -0.583426 -1.26693 0.0948743 9.08971 -1.32705 -0.973977 1.91213 -3.41279 -1.16925 -2.21484 4.08754 1.42966 0.916006 -0.147139 0.479371 0.838134 
5.03095 0.211356 -0.751696 -0.614008 -0.371861 -0.354311 -0.359469 -0.0672077 -0.177384 0.190802 0.156089 -0.0747805 0.0280509 9.11937 -0.349927 -2.72575 2.86183 -1.66778 -4.72687 -4.65882 6.15965 2.4239 0.583245 -0.187338 -1.00617 -0.118171 2.26624 -2.93254 2.83874 1.93553 -2.04683 1.57915 -0.334941 1.29665 -0.802265 -2.24599 -0.993472 1.29954 0.763691 
5.3631 0.144106 -0.817327 -0.492976 -0.467665 -0.456369 -0.461934 0.103111 -0.108553 0.196536 0.181487 -0.123018 0.0756922 9.44398 -1.04921 -1.17164 2.73116 -2.27269 -4.11937 -4.40981 5.97147 2.28507 -0.0432039 -0.208193 -0.364713 -0.808037 -3.8275 -2.57461 5.32491 -0.0597588 -0.472751 3.3943 1.44818 -2.30251 -1.94494 -3.51251 -1.09927 2.00095 -0.825888 
5.58816 0.0632425 -0.816506 -0.404483 -0.535198 -0.467006 -0.608354 0.278384 -0.0693642 0.150026 0.101616 -0.087091 0.140945 6.70555 -1.92082 1.77918 2.24223 -2.41262 -2.26363 -3.44965 4.03904 1.43496 -0.84477 -1.05685 0.347933 -1.37038 -8.03989 -1.07236 6.1627 -2.2342 0.761066 3.86483 2.85928 -5.42303 -1.96463 -2.54904 -0.497516 1.48798 -2.40928 
5.6944 -0.00880856 -0.729734 -0.359041 -0.590156 -0.480433 -0.642431 0.348288 -0.0786539 0.0669813 0.0989945 -0.0863709 0.123885 1.04936 -2.57399 4.37355 1.95466 -1.86381 -0.532047 -1.623 1.18589 1.16459 -1.85827 -1.64925 0.878437 -1.66477 -11.5367 0.334163 5.37764 -3.02824 1.84668 3.25296 3.75495 -6.90117 -0.970262 -0.731357 -0.476112 0.680969 -2.47541 
5.6466 -0.0253848 -0.655988 -0.31839 -0.604791 -0.522174 -0.634399 0.346953 -0.119688 0.0215034 0.112547 -0.0510433 0.0284483 -9.71768 -3.09746 6.70514 1.53411 -0.41529 0.724009 0.267179 -1.81254 -0.0108711 -2.75455 -1.89796 0.878224 -1.4215 -17.2814 0.462617 3.56594 -1.64433 2.68906 2.10309 3.86882 -6.61693 -0.414395 0.413603 -0.872221 -0.256883 -0.324089 
5.58785 -0.0822635 -0.441564 -0.413318 -0.607476 -0.438663 -0.615903 0.233476 -0.0911241 -0.0591498 0.0730782 0.0355316 -0.113652 -20.3372 -3.61891 7.03526 1.2603 1.42614 1.50875 1.70397 -4.21937 -0.700847 -2.28161 -1.55387 1.08912 -0.905512 -22.1417 -0.677677 0.123494 0.891853 3.38134 0.547187 2.9482 -4.19263 -0.650368 1.13536 -0.075386 -0.977853 2.81875 
5.3292 -0.116114 -0.20292 -0.456194 -0.633616 -0.292898 -0.598242 0.0536926 -0.114416 -0.0274082 -0.026695 0.00020755 -0.119219 -24.5769 -4.08427 5.44536 0.353287 2.32524 2.18428 3.56958 -4.79202 -0.54853 -1.42813 -1.12216 0.794104 -0.479967 -17.2771 -1.82264 -4.36018 1.42188 3.03204 -0.466289 2.17877 0.078842 -0.478085 1.32636 1.07329 -0.677514 3.79394 
4.70017 -0.13694 -0.114642 -0.385904 -0.53089 -0.340094 -0.413048 -0.0881966 -0.0193718 -0.091267 -0.0370832 -0.00614669 -0.111016 -19.9805 -4.4744 3.5481 -0.489379 2.22101 2.37848 4.38304 -4.45335 -0.00418301 -0.883713 -1.06411 0.79484 0.298657 3.17426 -2.09628 -6.78139 -0.459526 0.440831 -0.249764 0.820535 3.55583 0.0177783 1.45687 1.56489 -0.0375209 2.54264 
3.25484 -0.244184 0.0187402 -0.271359 -0.374726 -0.358011 -0.341026 -0.235812 -0.221344 -0.161734 -0.0838382 -0.0170027 0.00217271 -13.3253 -4.75126 1.89433 -0.506957 2.55927 2.22503 4.25557 -3.44707 0.593507 -0.89223 -1.03701 0.652855 0.743929 28.6565 -0.852711 -6.32706 -2.37742 -1.95731 0.104909 -0.471227 5.08209 1.98578 0.844726 1.02943 0.525056 -0.410025 
2.60527 -0.443304 -0.105758 -0.229862 -0.253911 -0.288416 -0.360167 -0.274528 -0.200739 -0.0486943 0.0349585 0.0437707 0.10776 -5.91029 -5.19891 -0.597624 -0.846871 1.83893 1.81372 3.73989 -1.25205 0.768943 -0.410052 -0.441588 0.996144 1.28702 38.6123 0.593899 -3.10073 -3.05552 -3.4899 0.0451424 -1.43491 4.56372 2.29825 -0.369195 -0.268534 0.842968 -2.18761 
3.17858 -0.508885 -0.342242 -0.443414 -0.340251 -0.171673 -0.125056 -0.0807082 -0.0820428 -0.0206009 -0.00516545 0.00722801 0.0455247 1.66589 -5.41762 -2.5055 -0.315831 1.29815 0.936987 2.78909 0.882135 0.489945 -0.126459 0.588167 1.07055 1.03269 24.5601 0.975626 0.196916 0.127486 -2.24179 -1.18661 -2.97033 2.38457 0.297314 -0.532218 0.116045 0.547049 -1.5912 
4.56018 -0.552247 -0.301337 -0.525554 -0.474814 -0.207535 -0.120851 -0.117925 -0.0263943 -0.0940151 -0.045404 0.0688186 0.0446871 8.36925 -4.77205 -2.88024 0.633931 0.0700829 0.0742948 1.33128 1.36446 -0.278902 0.254802 0.5665 0.679908 0.829753 -2.11996 1.02711 1.10068 3.85375 -0.303861 -2.49318 -2.91886 0.343281 -2.24705 0.22294 0.818285 -0.538656 -0.109963 
4.68508 -0.587736 -0.220136 -0.406353 -0.280397 -0.212795 -0.191609 -0.137482 0.00929626 -0.189452 -0.0866188 0.0712155 -0.04139 15.3105 -1.08344 -3.19778 0.529926 -0.948195 -1.34219 -0.191292 1.48357 0.0174651 0.643055 -0.0823729 -0.325478 0.299355 -14.9747 3.71649 0.3454 4.00172 -0.346978 -3.33979 -2.65352 -1.26197 -3.41103 1.48112 0.391526 -2.05387 1.24236 
4.68243 -0.754444 -0.394465 -0.549578 -0.449315 -0.158175 -0.185996 0.0399326 -0.0229869 -0.0740394 -0.00788365 0.187771 0.0610402 15.7754 2.88106 -3.22359 0.494826 -1.17829 -2.48273 -2.43102 2.24916 -0.143156 0.881201 -0.272857 -1.30392 0.143361 -10.4931 8.09817 -0.646274 1.78855 0.101991 -3.06811 -3.24768 -1.26219 -1.34778 1.68161 -0.565275 -3.29177 0.69922 
4.55513 -0.808379 -0.451094 -0.270976 -0.362198 -0.287918 -0.205795 0.0898134 -0.148125 -0.0467549 0.119928 0.072036 0.0474596 11.6823 5.55334 -3.78564 0.777878 -0.789137 -3.41892 -3.89414 2.30316 -0.0944537 1.73793 0.044637 -1.54906 0.577095 1.74512 10.0707 -1.94813 -3.03619 -0.488306 -1.34427 -2.70831 0.417826 2.02833 1.40798 -1.57151 -2.13658 -0.067614 
4.40206 -0.731522 -0.368498 -0.0771153 -0.440027 -0.42893 -0.252099 -0.134337 -0.255722 -0.0589159 -0.00649841 0.00905392 0.107546 8.33104 7.11761 -5.04842 0.186224 -0.550982 -3.42763 -3.50567 2.52127 0.188268 2.57201 0.203102 -1.66892 0.913463 9.06859 6.57083 -2.773 -5.27521 0.149587 0.741205 -1.03446 2.27505 3.7654 1.00388 -0.358944 0.38423 -0.381662 
5.01604 -0.0985831 -0.505942 -0.33365 -0.467589 -0.542391 -0.413244 -0.0947885 -0.143551 0.0147788 -0.145266 -0.134477 0.072117 9.66673 7.75808 -5.54147 -0.958435 -0.640952 -3.00829 -2.42613 1.81861 0.761855 2.42525 -0.0944169 -1.22674 1.35139 3.99332 -2.09166 -1.83128 -3.07861 1.14708 2.55168 2.54501 1.29787 2.58494 -0.165646 0.987485 2.97062 0.248164 
5.28258 0.114032 -0.697561 -0.446542 -0.449923 -0.501583 -0.682611 0.249706 -0.036378 0.0918473 0.000729708 -0.146254 0.0700149 10.5618 7.6305 -5.15577 -1.48401 0.0376816 -2.18421 -1.00961 0.3542 1.56451 1.51084 -0.94475 -0.60068 1.3342 -2.00914 -7.78014 0.190525 -0.271961 0.873696 2.81317 6.21273 -2.64241 0.213942 -1.49403 0.176953 3.71089 1.10246 
5.46198 0.129433 -0.855073 -0.462671 -0.464929 -0.573381 -0.549929 0.24158 0.0364391 0.168589 0.000370604 -0.0712084 0.102423 10.388 6.03195 -4.71387 -2.83585 -0.190306 -0.519939 0.605472 -0.455199 2.05982 0.902849 -1.32215 0.653639 1.42476 -5.98053 -7.8736 2.79549 1.79325 0.636553 2.61274 5.76234 -5.0976 -1.60348 -2.74062 -0.950784 2.18951 0.801331 
5.64497 0.0775918 -0.921979 -0.472609 -0.447508 -0.558682 -0.42836 0.169361 0.00586774 0.182131 0.0021212 -0.0229536 0.154541 8.45159 3.35387 -3.7638 -3.06977 -0.153617 1.01434 2.33094 -1.36183 1.95589 0.458097 -0.882232 1.3847 1.12046 -6.74258 -4.24781 4.11313 1.2769 -0.535849 2.18385 3.02641 -5.05301 -1.55118 -2.36593 -1.66848 0.365408 -0.228171 
5.70631 0.0474613 -0.925612 -0.515485 -0.38815 -0.503593 -0.336673 0.0482049 0.031001 0.079369 -0.0597549 0.0330222 0.208232 4.61602 0.205004 -1.97511 -2.01391 -0.468674 2.07271 3.83656 -3.54862 1.2571 0.20017 -0.840465 1.6395 0.976015 -4.5438 -0.354638 3.43584 -0.159633 -1.49001 1.63472 -0.102586 -2.5695 -0.633479 -0.0876915 -0.645027 -1.28406 -1.45407 
5.72656 0.0497395 -0.963495 -0.507196 -0.417354 -0.469848 -0.217938 -0.0762526 0.0580032 0.050101 -0.150028 0.0670483 0.242938 2.36518 -0.404889 -0.259102 -2.10124 -0.416775 2.51584 4.08134 -5.41262 1.09568 -0.0323947 -1.12611 1.16458 0.34899 -3.20188 0.758059 2.41424 -0.921923 -0.968352 1.03339 -2.39302 -0.126756 0.272243 1.57127 1.29306 -1.77163 -2.03368 
5.72303 0.04975 -0.917375 -0.559944 -0.467102 -0.392339 -0.181896 -0.118961 0.0336982 0.0423287 -0.146065 0.0773755 0.212916 0.395863 -0.0290733 1.10002 -2.59834 -0.447402 2.94005 2.64107 -5.18113 1.15288 -0.0947844 -0.473599 0.612302 -0.526433 -2.23842 0.842166 1.37919 -0.98302 0.131076 -0.102426 -2.72883 0.699335 0.875855 1.7745 2.01376 -1.31201 -1.76642 
5.70164 0.0483344 -0.850272 -0.631307 -0.514275 -0.3212 -0.128524 -0.245342 0.054482 0.078124 -0.136047 0.0636305 0.169149 -1.31773 0.488823 1.87883 -2.8067 -0.791573 2.80529 1.4438 -4.35699 1.31053 0.25135 0.328643 0.277912 -1.29835 -1.84583 0.741832 0.680946 -0.583065 0.881594 -0.830096 -2.65836 1.77966 0.64749 0.628063 2.05106 -0.413512 -1.07987 
5.70482 0.0487459 -0.843658 -0.641272 -0.542945 -0.272229 -0.106292 -0.368985 0.0909163 0.171252 -0.141544 0.0211937 0.164425 -2.34719 0.783958 2.08959 -2.66476 -1.03124 2.38145 0.542654 -3.37498 1.16237 0.927931 1.3004 0.0152187 -1.70042 -1.98269 0.608097 0.262193 0.0259094 0.658591 -1.18336 -1.84255 2.52906 -0.027644 -0.607825 1.60969 0.48309 -0.37793 
5.65922 0.087382 -0.808811 -0.747437 -0.442483 -0.245041 -0.183617 -0.396382 0.171703 0.143015 -0.0836994 0.0212101 0.102286 -3.34478 1.08376 1.5978 -2.29431 -0.41548 2.02375 -0.44467 -2.6779 1.17023 1.21452 1.40181 -0.0436607 -1.83301 -1.91579 0.391695 -0.809899 1.30668 -0.134451 -1.0449 -0.628093 2.08177 -0.820267 -0.347073 0.158381 0.664061 0.349841 
5.55722 0.114531 -0.734227 -0.812213 -0.478921 -0.226441 -0.210763 -0.378527 0.171205 0.121283 -0.0162642 0.0555131 0.0503567 -4.38489 1.28412 1.36161 -2.39935 0.178187 0.879886 -1.0322 -0.995481 1.5039 0.884139 0.864914 -0.417473 -1.83177 -1.58014 0.159151 -1.35153 1.22826 0.169378 -1.25048 -0.133933 2.02654 -0.5421 0.000739172 -1.47899 -0.239948 0.55608 
5.46556 0.130925 -0.691581 -0.811285 -0.545798 -0.207653 -0.197903 -0.377266 0.157192 0.134845 0.0173695 0.0666209 0.0308093 -4.69977 0.826482 0.749957 -1.70381 -0.378787 -0.52873 -1.16012 1.8103 1.33921 0.589299 -0.183977 -0.350128 -1.19723 -0.688599 -0.5292 -1.5844 0.863553 0.0974003 -2.10451 0.0370036 3.26857 0.183427 0.0882159 -2.99589 -0.869768 0.894533 
5.40876 0.140409 -0.70909 -0.798441 -0.561665 -0.206865 -0.187829 -0.402237 0.149143 0.192094 0.0618101 0.0586837 0.0402174 -6.95647 0.159042 0.133967 -0.77433 -1.3258 -1.86873 -0.193417 4.70207 1.82307 0.226585 -1.47252 -0.149508 -0.50076 -1.88223 -1.39323 -1.2626 0.843367 -0.926656 -3.02072 0.880695 5.62418 1.30163 -0.449434 -3.71546 -0.685021 1.25097 
5.281 0.194942 -0.826963 -0.769177 -0.450546 -0.171235 -0.263849 -0.464922 0.192549 0.225538 -0.0635097 0.0600769 0.0118967 -6.37219 -0.445112 -0.395919 0.0491487 -2.01825 -3.03048 0.61748 6.44407 0.460686 -0.439136 -1.37736 0.198572 -0.352695 -1.12624 -1.98632 -0.277842 0.931888 -2.26972 -3.3188 1.94362 6.54171 -0.0835346 -1.62093 -1.19764 0.486317 0.942492 
5.13873 0.204108 -0.691046 -0.961832 -0.435163 -0.32687 -0.294111 -0.191299 0.280638 0.144424 -0.111184 -0.0544254 -0.0471148 -7.26165 -1.24868 -0.465342 0.136226 -2.8233 -3.97844 2.05528 7.58856 -0.0414917 -0.994024 -1.01028 0.216922 -0.770988 -1.00997 -1.99967 -0.0239944 1.49988 -3.09176 -1.88244 3.32201 3.46612 -2.13167 -1.7289 1.94569 1.69024 -0.122912 
5.17749 0.0781838 -0.77445 -0.809413 -0.665091 -0.454199 -0.243306 0.114166 0.242085 0.186605 -0.234424 0.0125866 0.0762263 -4.49082 -2.00106 0.0668569 0.919757 -3.40766 -4.44798 3.29041 6.71039 -1.39395 -1.08921 -0.291339 0.246139 -0.863938 2.34955 -1.0519 1.10726 1.05153 -1.53162 0.0930375 3.42996 -2.77634 -3.83359 -1.07574 4.43727 1.11849 -1.59571 
4.58239 0.0346125 -0.823682 -0.724089 -0.753131 -0.541433 -0.0517181 0.351923 0.430342 0.160961 -0.32895 0.0468896 0.112244 -1.08178 -2.77873 1.09113 2.10486 -4.31834 -3.75149 3.80076 5.27582 -2.861 -0.842302 0.442833 -0.00743964 -0.776127 8.92956 -0.547701 2.2144 1.15464 -0.193632 2.24487 1.38039 -7.79339 -4.82044 0.697619 4.29861 -0.476399 -1.61363 
5.00884 0.0464889 -0.803776 -0.76133 -0.713367 -0.613144 -0.0992582 0.368347 0.0172019 -0.0104903 -0.0243802 0.132615 -0.0331781 2.98379 -3.35095 2.14858 3.18672 -4.49415 -2.72859 3.71199 2.97725 -3.87492 -0.211231 1.62983 -0.348202 -0.380888 10.4881 -0.51823 2.58467 2.02092 0.691933 3.553 -0.907739 -8.68225 -1.75344 2.81753 0.840069 -2.15316 0.382112 
4.52342 -0.0522235 -0.722249 -0.842739 -0.9097 -0.678907 0.155881 0.437551 0.112841 0.00707775 0.000587511 0.0780175 -0.146495 6.33023 -3.0478 2.25709 4.11476 -3.60922 -1.38593 3.26179 -0.362594 -4.45576 0.421864 2.21022 -0.588732 -0.154821 10.9994 0.119355 1.75283 2.39617 1.9416 3.27677 -3.40959 -6.17395 0.199039 2.78748 -1.31377 -2.27054 2.26742 
5.28204 -0.108265 -0.643432 -0.611481 -0.925785 -0.691021 0.224023 0.11805 -0.113821 0.115184 0.0253286 0.0520575 -0.0624429 7.62629 -1.8492 3.03255 3.53324 -1.98566 -0.221577 2.16898 -2.75513 -4.37892 0.654141 2.53629 -1.42116 0.0272004 2.38178 1.40889 -0.0180218 0.679097 2.47406 2.10979 -3.75666 -1.34634 2.37891 1.12333 -1.95532 -1.19099 2.48302 
5.48736 -0.190779 -0.551021 -0.462066 -1.03548 -0.539144 0.135448 0.101519 -0.196209 0.182232 -0.00250714 -0.0333902 -0.0210184 9.36206 -1.18897 3.41016 3.25165 -1.44409 0.710153 0.536934 -3.50945 -3.74733 1.17867 1.87846 -1.96211 0.630579 -4.91424 2.76791 -1.0298 -1.90369 2.75866 0.266812 -2.43893 1.64761 3.22395 -0.855715 -1.19889 0.0647657 1.16397 
5.72795 -0.231697 -0.485703 -0.416626 -0.954355 -0.541396 0.0564152 0.0364266 -0.161216 0.218556 0.0501787 -0.0702675 0.0311218 7.78578 -0.671423 2.86091 3.6658 -1.27199 1.1785 -0.0223702 -3.41392 -1.92298 1.34618 0.198253 -1.88943 1.39224 -7.14166 2.72799 -1.38047 -2.60993 1.06279 -0.525864 -0.735232 2.52747 1.84835 -1.96637 -0.71712 1.04557 -0.459168 
5.78766 -0.174049 -0.519748 -0.396207 -0.926241 -0.58963 0.122141 -0.0358668 -0.184795 0.183873 0.0522688 -0.0791884 0.0219555 7.37986 -0.144548 2.04416 3.77464 -0.795683 1.63595 -1.34492 -2.83661 -1.78732 0.769643 -0.221907 -1.17375 1.58476 -5.8955 0.787847 -1.07738 -1.0607 -1.19561 -0.0257542 0.0951719 2.10816 1.14702 -1.2416 -1.17752 1.38248 -0.842909 
5.57957 -0.053888 -0.446107 -0.439535 -0.879736 -0.54426 0.0958168 -0.0338056 -0.224822 0.174645 0.0772274 -0.118851 0.0872233 3.78074 -0.0281938 1.42822 2.89483 -0.893159 1.61467 -1.63139 -1.48298 -1.03211 0.230944 -0.465613 -0.507162 1.20046 -0.216007 -1.43717 -1.11156 1.31113 -2.00873 0.481266 -0.118966 0.554558 -0.239752 -0.201656 -1.21416 1.64325 -0.623009 
5.75126 -0.0955764 -0.380075 -0.424504 -0.973964 -0.497602 -0.00501852 0.03329 -0.164306 0.202536 0.0324067 -0.145855 0.0719707 2.63898 -0.108033 0.920142 2.55292 -0.823882 1.16954 -1.43944 -1.20734 -1.08681 0.167286 -0.56611 0.204782 1.046 0.717962 -2.09347 -1.01318 1.62118 -1.0096 0.493176 -0.286743 -0.124893 -1.04243 0.444551 -0.431079 1.40787 -0.118044 
5.81056 -0.120223 -0.451661 -0.260993 -1.0335 -0.515257 0.0832545 -0.071662 -0.203036 0.149321 -0.0383248 -0.0749352 0.0654569 1.9652 -0.544764 0.595838 2.55353 -1.07749 1.04712 -1.33626 -0.737232 -1.46357 0.374846 -0.621547 0.517004 0.91328 0.306971 -1.44939 -0.351902 -0.10047 0.830586 -0.313825 -0.505848 0.206774 -0.885498 0.993956 0.819992 0.503697 0.260476 
5.87713 -0.171445 -0.450409 -0.174997 -1.07725 -0.421798 -0.0143899 -0.0776462 -0.267127 0.174711 -0.0313682 -0.0517977 0.0932497 1.96408 -0.985237 0.154621 2.5586 -0.916448 0.890767 -1.32395 -0.417793 -1.32524 0.48362 -0.423911 0.735895 0.65988 -1.12209 0.0447762 -0.349153 -1.54784 1.82475 -1.35321 0.483154 0.57718 -0.106091 0.562919 1.19636 -0.227885 -0.0736255 
5.90269 -0.205168 -0.413775 -0.173818 -1.06625 -0.411441 -0.0530764 -0.0815652 -0.302873 0.208512 -0.0202116 -0.0419271 0.122299 2.10192 -1.04173 -0.688102 2.21087 -0.394195 0.316813 -0.622597 -0.328217 -0.807095 -0.0615219 -0.163966 1.03594 -0.169204 -1.81861 1.21414 -0.820286 -1.96844 1.76879 -1.50055 1.31512 0.878116 1.1399 -0.671472 0.966176 -0.424582 -1.03689 
5.91357 -0.222401 -0.408213 -0.161183 -1.04359 -0.435391 -0.0708858 -0.0814681 -0.32595 0.242499 -0.0205353 -0.0281244 0.141892 0.922726 -0.322011 -1.2713 1.19999 0.785159 -0.323353 0.0573976 -0.223871 0.0337926 -1.14277 0.345887 1.34111 -0.915894 -1.25892 1.61435 -1.46702 -1.70738 1.28635 -1.21153 1.77442 0.686564 2.53423 -2.41818 0.442782 0.151692 -2.2381 
5.93179 -0.237016 -0.418977 -0.149748 -1.01664 -0.480656 -0.0560895 -0.0620666 -0.356511 0.258322 0.0140584 -0.0412908 0.146632 -0.0246754 0.418795 -1.42519 0.0108221 1.74098 -0.712075 -0.139298 0.216123 1.31015 -1.99176 0.500137 1.84177 -1.66069 -1.33951 1.71641 -1.57064 -1.26054 1.17464 -0.600253 1.18714 0.0135116 3.12884 -3.44299 -0.220509 1.43021 -2.54778 
5.91033 -0.198363 -0.496843 -0.127352 -1.00968 -0.471701 -0.0279002 -0.0592642 -0.311557 0.207242 0.0156105 -0.0205022 0.0931981 -1.14622 1.14325 -1.4876 -0.710953 2.59484 -1.07467 -0.525328 0.0699439 2.51608 -2.46888 -0.0493387 2.60788 -1.98484 -1.63022 1.23425 -0.211541 -1.25401 1.43443 0.0189835 -1.08797 -0.341012 2.65321 -2.18917 -0.842719 2.16494 -1.23652 
5.91602 -0.166095 -0.557447 -0.168759 -0.968346 -0.498385 0.0411249 -0.0502863 -0.224714 0.0842879 0.0199334 0.0233794 -0.0237461 -2.23039 1.39292 -0.82395 -1.13589 3.0976 -0.985954 -1.35369 -0.536988 3.35834 -1.94 -0.648167 2.65526 -1.59267 -2.21078 0.371777 1.84246 -0.956329 1.37887 0.392604 -3.18306 -1.0395 1.3476 1.13546 -1.46842 1.40089 1.32222 
5.87897 -0.120254 -0.594043 -0.223524 -0.872729 -0.548839 0.0484365 -0.0527752 -0.103975 -0.0630981 0.043128 0.0998792 -0.0961577 -3.58278 1.29892 0.502969 -1.4074 3.16502 -0.798909 -1.8193 -1.07172 3.23963 -0.7126 -0.902263 1.54254 -1.04362 -2.64801 -0.673138 3.61313 -0.257405 0.394056 0.641655 -3.25388 -1.48341 -0.836371 4.71077 -1.45585 -1.40008 3.1562 
5.79716 -0.0794638 -0.60624 -0.23288 -0.809076 -0.545445 -0.0565368 -0.0574748 -0.04054 -0.0993366 0.00172827 0.23719 -0.122464 -4.89479 1.01326 1.43524 -1.39889 3.44545 0.124806 -1.69939 -1.41443 2.08759 -0.189998 -1.51133 0.32908 -0.217139 -2.5549 -1.393 3.66369 0.370795 -0.378504 1.21053 -0.595171 -1.27594 -3.12041 4.96889 -0.861151 -4.53928 3.33255 
5.69097 -0.048715 -0.550429 -0.272516 -0.718919 -0.528807 -0.227091 -0.0955196 0.0212071 -0.0153155 -0.0934583 0.310665 -0.057768 -5.49944 0.605127 1.97293 -1.15171 3.88538 0.689158 -1.4487 -1.50375 0.589688 -0.269075 -1.92889 -0.494378 0.458663 -1.53014 -1.35416 1.54528 0.966155 -0.48763 1.56436 2.79377 -0.301125 -4.37564 1.2267 -0.067659 -5.04791 1.44242 
5.5872 -0.0855062 -0.395169 -0.308681 -0.673368 -0.536188 -0.293205 -0.209192 0.0664619 0.163287 -0.128276 0.198459 0.0557645 -5.34705 0.172461 1.96368 -0.730699 3.92667 0.84231 -0.652003 -1.18087 -1.19838 -0.601998 -1.56011 -1.42041 0.460953 0.500214 -0.680539 -1.62862 1.10109 0.131704 1.07305 4.58652 1.35717 -4.36479 -3.92539 0.834756 -2.43247 -1.46044 
5.41571 -0.107786 -0.261336 -0.305221 -0.694984 -0.553151 -0.223863 -0.21913 -0.0456975 0.292809 -0.0802651 -0.0413377 0.049299 -4.41074 -0.371228 1.65383 0.0176253 2.99652 1.05504 0.928119 -1.2563 -2.76418 -0.812547 -0.989131 -2.63072 0.287619 2.95827 -0.17091 -3.58363 1.16489 0.0827076 0.180284 3.93908 1.54535 -2.60129 -6.04474 1.32936 0.959593 -2.68636 
5.29047 -0.109814 -0.32884 -0.28386 -0.577236 -0.374473 -0.0979171 -0.205636 -0.210892 0.0952013 -0.183616 -0.0836305 0.0759183 -2.98838 -0.889462 1.30765 0.536674 1.77583 1.40897 2.41308 -1.56666 -3.30078 -1.589 -0.153124 -3.58292 0.101089 4.43898 -0.277801 -2.51947 1.03456 -1.76736 -0.85304 1.71177 0.250032 0.0637035 -3.19089 2.01773 1.8367 -2.05258 
5.28875 -0.0940164 -0.394186 -0.269155 -0.454463 -0.392504 -0.0904776 -0.197584 -0.23039 -0.111822 -0.219752 0.0164519 0.0158301 -1.32351 -1.30531 0.793596 1.13761 0.200906 2.08104 3.12175 -1.84762 -3.10459 -2.39134 0.403263 -3.59104 -0.0369711 4.1191 -0.833004 -0.0210031 0.847981 -4.05379 0.0216762 -0.244831 -1.58946 2.03417 1.35109 1.69952 0.275936 0.32124 
5.34408 -0.112716 -0.427394 -0.283544 -0.422282 -0.484459 0.00219258 -0.131914 -0.327596 -0.203969 -0.0835612 -0.0207425 -0.118457 0.265955 -1.47235 0.263958 1.49871 -1.05844 2.59094 2.83529 -2.0652 -2.26607 -2.78794 0.543173 -2.73772 0.0180279 2.53113 -1.08165 1.8282 0.671378 -4.72157 1.65598 -1.76658 -2.73914 3.2535 3.86295 0.174544 -0.814286 2.59029 
5.39138 -0.159395 -0.409423 -0.189005 -0.569956 -0.439398 0.11929 -0.260877 -0.384591 -0.122486 -0.0632059 -0.146723 -0.0690961 1.62746 -1.60305 0.0990378 1.61853 -2.02973 2.66831 2.01801 -2.41048 -1.13365 -2.12199 0.432289 -1.85283 0.455105 0.800529 -0.56111 1.58254 0.0502576 -2.74073 1.94925 -2.46583 -1.37646 2.77955 3.03913 -1.04542 -0.0831855 2.45823 
5.42805 -0.208657 -0.335757 -0.182929 -0.662514 -0.326286 0.105901 -0.369148 -0.318185 -0.131423 -0.0467275 -0.220346 0.00678204 2.32649 -1.60336 0.317459 1.52196 -2.87751 2.25104 1.13604 -2.36466 -0.274791 -0.817999 0.718433 -1.64114 0.640067 -0.113916 0.365474 -0.318286 -0.363237 0.275724 0.603181 -1.95871 0.878149 1.06863 0.796279 -1.46531 1.57927 0.746507 
5.47821 -0.256148 -0.297906 -0.140613 -0.778086 -0.195354 0.0574127 -0.435014 -0.267834 -0.109678 -0.0873468 -0.236021 0.0775174 2.411 -1.37425 -0.0689769 1.52497 -3.05027 2.28456 0.511617 -1.69657 -0.21662 -0.22876 0.744729 -1.51179 0.772413 -0.287334 1.18887 -2.03976 -0.593344 2.46093 -1.79958 -0.994514 2.85469 -0.684811 -0.916118 -0.257673 2.23706 -1.45471 
5.51237 -0.276556 -0.294484 -0.127963 -0.80414 -0.169171 0.0503099 -0.465999 -0.241256 -0.115854 -0.0947515 -0.230805 0.0949074 2.23099 -0.940841 -0.745929 1.34181 -2.28225 2.03126 -0.282151 -0.690455 -0.169279 -0.462122 0.427931 -0.701463 0.705296 -0.209616 1.36219 -2.63165 -0.516453 2.78841 -2.75059 -0.157923 3.62192 -1.82991 -1.41144 1.02405 1.54569 -2.3696 
5.54043 -0.278441 -0.333392 -0.106936 -0.81037 -0.178167 0.0695983 -0.448454 -0.289968 -0.0986055 -0.114252 -0.218028 0.0866802 1.6578 -0.346669 -1.45568 0.61958 -0.673795 1.01131 -0.877558 0.833062 -0.332018 -1.29004 0.491018 0.355872 -0.092181 -0.590357 1.09164 -1.84149 -0.57819 2.27345 -2.13752 -0.162315 2.77969 -1.29696 -1.37687 1.18455 0.774899 -1.70985 
5.57748 -0.266228 -0.389405 -0.114923 -0.786721 -0.19112 0.0574473 -0.398072 -0.307266 -0.16647 -0.071502 -0.1907 0.0394619 0.520094 0.340109 -2.21973 0.431395 0.655526 -0.244028 -1.07422 2.22327 -1.00814 -1.67632 0.568481 0.985775 -0.7695 -1.75102 0.800392 -0.536985 -0.654003 1.82888 -1.2608 -0.67067 1.7067 -0.347277 -0.882376 0.361586 0.477795 -0.515502 
5.62085 -0.245947 -0.488256 -0.0691536 -0.788089 -0.211262 0.0347294 -0.304108 -0.366337 -0.212968 -0.00508488 -0.195762 -0.00942512 -1.56577 0.914023 -2.34906 0.511359 1.68833 -1.01772 -1.4018 2.84141 -1.11974 -1.91519 0.196247 1.68031 -1.18504 -3.8168 0.648786 0.793752 -0.343046 1.49399 -0.572482 -1.03551 0.366202 0.618307 -0.101759 -1.24428 0.971399 0.354499 
5.63946 -0.248653 -0.519056 -0.0804038 -0.759069 -0.219626 0.0162558 -0.254282 -0.383532 -0.236882 -0.00105557 -0.178651 -0.00551655 -4.44533 1.48216 -1.16795 0.732796 2.37648 -1.98854 -2.34679 2.71774 -0.707887 -1.482 -0.349676 2.06176 -1.42456 -6.16388 0.895759 2.23947 0.458615 1.2235 -1.05552 -1.49989 -0.803893 1.15919 0.916547 -2.11213 1.20831 0.250579 
5.55968 -0.223747 -0.516964 -0.149994 -0.665342 -0.253125 -0.0233082 -0.221196 -0.352831 -0.301603 -0.0216486 -0.119183 -0.0255847 -7.08057 1.99444 -0.0576161 0.534984 3.36532 -2.59583 -3.47401 2.42901 -0.33235 -0.849631 -0.845165 2.07939 -1.54601 -6.76815 1.07419 2.91509 0.938307 1.07706 -1.45652 -2.00029 -1.34954 0.914113 1.96543 -1.93422 0.610153 -0.221848 
5.41332 -0.170005 -0.575395 -0.10127 -0.611297 -0.310463 -0.0763681 -0.115638 -0.416241 -0.317454 -0.0280207 -0.0931752 -0.0340281 -9.496 1.51922 1.71573 0.462153 4.10501 -2.39938 -4.32238 1.4426 0.267618 0.0182355 -1.4523 1.88981 -1.24971 -5.25449 0.0491578 3.65342 0.294997 1.2037 -0.725341 -2.15617 -2.06787 1.09275 2.1842 -0.955805 -0.425255 -0.366401 
5.13593 -0.139296 -0.550289 -0.0198937 -0.580063 -0.299209 -0.141278 -0.13701 -0.366032 -0.318174 -0.152246 0.0283989 -0.0546631 -11.8803 0.833233 3.52362 -0.344327 4.49707 -1.7759 -4.66808 0.204748 0.788055 0.46565 -1.01784 1.64374 -0.95654 -2.56185 -1.49949 3.4805 -1.40768 1.08862 0.81096 -1.29292 -2.1544 0.660108 1.47065 1.3096 -1.70418 0.125933 
4.80178 -0.0640369 -0.323628 0.0033378 -0.50115 -0.505388 -0.296812 -0.182093 -0.310068 -0.224026 -0.171274 0.0319072 -0.114439 -12.5937 -0.939142 4.09689 -0.892873 3.62987 -0.949616 -4.1887 -0.941701 1.19011 1.08205 -0.520686 1.25106 0.0954477 0.689142 -3.96764 1.37078 -2.61994 -0.539943 3.23244 1.05111 -2.10393 0.421876 0.25366 2.44402 -1.69916 1.86276 
4.65106 -0.00446228 -0.352028 -0.0812993 -0.324175 -0.52474 -0.42205 -0.121397 -0.362929 -0.1951 -0.170392 0.00141586 -0.154649 -11.16 -3.51238 3.0051 -1.76207 2.6147 0.414593 -2.74459 -0.4598 1.73359 1.84387 -0.213744 0.252457 1.28032 3.43022 -6.05529 -1.6527 -2.62514 -2.86442 4.12962 3.79078 -0.602521 0.89365 -0.147011 2.09125 -1.32008 3.29297 
4.4556 -0.180957 -0.152026 -0.0646714 -0.258682 -0.401453 -0.494536 -0.231597 -0.276349 -0.177597 -0.192837 -0.00830409 -0.102317 -8.05561 -5.39564 2.21794 -2.96803 1.81738 1.0521 -1.23635 -0.226965 2.53648 2.76959 0.587634 -0.346685 1.8269 6.51546 -5.2403 -4.77801 -1.99007 -3.87088 2.34234 5.11448 1.86615 1.01637 0.867054 1.18567 -0.818883 2.83485 
4.14588 -0.224545 -0.0280328 -0.227534 -0.23723 -0.334327 -0.494715 -0.30322 -0.271205 -0.217628 -0.00552324 -0.00415699 -0.0913248 -5.05577 -6.41991 1.25326 -2.9761 0.919715 2.2188 1.02383 0.833878 2.67323 2.93672 1.14378 -0.436558 2.00151 8.1963 -2.64226 -5.0192 0.288717 -2.95924 0.604665 4.97187 3.64476 1.2079 1.76749 -0.749496 0.0669527 0.799607 
4.15148 -0.511073 -0.122782 -0.248415 -0.412963 -0.294251 -0.398088 -0.374113 -0.217946 -0.130048 -0.0563766 0.0121539 0.126791 -3.05025 -6.66364 -0.289511 -1.90096 0.759323 3.14615 2.80485 1.64344 2.98964 1.95013 0.770549 0.0187612 1.92441 5.73434 1.91771 -2.36015 2.49555 0.491248 -0.78581 2.86736 3.63267 0.745394 0.365527 -1.23021 0.801794 -2.37065 
4.29765 -0.774186 -0.409177 -0.359332 -0.392451 -0.170061 -0.242016 -0.0468083 -0.123998 -0.0430711 -0.121789 -0.108735 0.189181 -0.635822 -4.9758 -1.05805 -1.10542 0.373888 3.19075 3.74003 2.13372 3.41622 2.10288 0.601601 0.380971 1.44295 2.20708 6.15561 0.889501 3.70898 2.44181 -0.772045 0.207777 0.709542 -0.101999 -1.36143 -0.810696 1.71945 -3.58879 
4.47958 -0.76421 -0.308164 -0.426265 -0.363491 -0.297471 -0.241099 -0.0985648 -0.0326377 0.127259 -0.0026214 -0.0657264 0.103367 1.1973 -2.4435 -2.00081 -0.517053 0.985607 2.63606 3.70556 2.85294 3.11998 1.87385 0.320935 0.594987 0.203229 -0.916332 6.96576 1.63287 3.12645 2.67794 0.289298 -1.56428 -1.14317 -0.687201 -2.7122 -0.702531 1.28757 -2.7445 
4.36637 -0.751753 -0.227308 -0.256764 -0.380671 -0.104588 -0.0412359 0.00714829 -0.0398636 0.0646395 -0.0512084 0.0424454 0.0531665 0.910883 -0.428823 -1.88742 0.00159916 2.15268 2.367 2.72936 2.2088 1.78996 1.06129 -0.143211 0.709808 -0.49977 -2.12029 5.41429 0.565833 -0.166227 2.06795 -0.315179 -3.27916 -2.73054 -1.97615 -2.16436 0.242998 -0.0918925 -0.908262 
4.2028 -0.740442 -0.31619 -0.126557 -0.177738 -0.127022 -0.0711038 0.00173941 0.0363864 -0.127366 -0.134066 0.0606809 0.0378325 -0.841187 2.18631 -1.2903 -0.0338084 2.53624 1.95175 1.43 0.835779 0.210091 -0.07734 0.227533 0.517627 -1.35627 -2.01605 2.52867 -0.46861 -2.60197 -0.421569 -0.632416 -3.04863 -3.04608 -3.4722 -0.50568 0.694898 -1.28494 0.672238 
4.48943 -0.50191 -0.347435 -0.252162 -0.232059 -0.0469419 -0.0706044 0.0129601 0.0945782 0.0874864 -0.0546661 0.0410888 0.0345871 -1.10351 5.76942 -0.152943 -1.26441 0.516509 0.920976 0.0820435 -0.839028 -1.41167 -0.760424 0.881604 0.289119 -1.53945 -2.10416 1.70985 -0.118807 -3.68687 -2.9384 -1.72137 -2.24453 -2.29677 -4.25564 -0.688101 0.96885 -1.79791 0.714247 
4.45442 -0.474732 -0.361441 -0.262034 -0.136716 -0.0579606 -0.0999162 0.0430874 0.0811088 0.0337599 -0.0545464 0.0444499 -0.0674604 0.539207 7.84351 -0.414675 -3.79613 -1.62432 1.12854 -0.593097 -1.287 -1.91699 -0.908289 1.2098 -0.493279 -0.681086 1.28099 3.56688 1.13798 -4.58274 -5.87404 -1.65705 -1.04164 -1.85249 -2.63379 0.00208138 1.48255 -1.35559 1.00595 
4.1197 -0.501087 -0.349757 -0.345431 -0.0328802 -0.0239671 -0.164209 -0.118881 -0.17455 -0.0767843 -0.0433989 0.0425596 0.0231023 3.38336 8.55804 -0.455413 -6.02181 -3.53814 0.389452 -1.09074 -1.83082 -1.99619 -0.064927 1.86076 -1.31246 0.0550737 6.71524 4.29867 1.1873 -4.01313 -6.88466 -0.631251 0.642264 0.209972 0.961205 0.951295 1.14206 -0.856355 0.9397 
4.05646 -0.376519 -0.433253 -0.350558 -0.199121 -0.0500508 -0.162192 -0.183393 -0.217994 -0.0830599 -0.0314588 -0.0266591 0.00234285 5.6269 8.1798 -0.298656 -6.57092 -5.50973 0.362635 -0.6461 -1.71477 -2.19304 1.16943 2.1403 -1.78621 0.559978 9.30443 1.57801 0.395726 -2.30818 -4.07045 0.296103 1.22126 1.41741 3.10501 2.19618 0.47989 -0.484775 1.24496 
4.39954 0.185639 -0.281059 -0.654012 -0.570752 -0.182958 -0.211996 -0.140267 -0.281735 -0.0450072 0.0964558 -0.0617547 -0.0785569 6.58939 7.01204 -1.05341 -5.55253 -5.92747 0.236978 -0.27088 -1.60996 -1.80075 1.84043 1.64215 -1.77656 0.914659 6.21157 -4.15382 -1.80433 1.9436 0.715262 1.36985 1.55241 1.32568 3.10248 3.3949 -0.850936 -0.0360173 1.30732 
4.75511 0.311456 -0.312407 -0.942044 -0.666112 -0.000788139 -0.192358 -0.184228 -0.136008 0.00133685 0.134961 -0.0675937 0.0525044 8.08377 6.17046 -2.1275 -4.44927 -5.43758 0.15918 -0.0178094 -1.26182 -0.710285 3.21789 1.42498 -1.879 1.1286 -0.680418 -7.06454 -3.16954 6.08687 4.61576 0.134778 0.789043 0.813804 1.0145 2.72014 -1.74795 0.198822 -0.0141751 
4.94241 0.230505 -0.359233 -0.927546 -0.713978 -0.0358695 -0.136716 -0.177847 -0.146683 0.0473326 0.130878 -0.120265 0.0950522 8.7883 4.8083 -3.46018 -2.73785 -3.53934 -0.281382 0.0793555 -0.561879 0.504651 4.05551 1.18072 -1.77056 0.624993 -5.59702 -5.44853 -3.59527 6.43128 6.35089 -0.903239 -0.481864 -0.0667059 -0.363116 1.25478 -1.44535 0.463297 -1.02496 
5.04948 0.190422 -0.423696 -0.845599 -0.794565 -0.0335057 -0.124878 -0.164842 -0.195573 0.203375 0.132133 -0.182755 0.0979106 6.77524 2.84322 -4.52049 -1.05639 0.0620517 -1.29197 -0.10445 -0.187094 0.994063 3.61513 0.631824 -1.21214 0.319566 -6.55521 -1.58255 -2.76359 3.83325 6.5165 -2.55391 -1.20242 0.00755692 0.168801 -1.22158 -0.654225 0.822386 -1.81416 
5.10446 0.214446 -0.58957 -0.763692 -0.763243 -0.012403 -0.125808 -0.203889 -0.182527 0.337225 0.0871176 -0.141001 0.0907082 3.58706 0.656873 -5.6042 1.01458 3.67821 -2.465 -0.76115 0.283295 1.32047 2.68352 -0.32827 -0.834669 0.0756459 -4.9179 1.1804 -0.521545 0.289398 5.60842 -3.66709 -1.74222 0.970909 0.845397 -3.41391 -0.0932125 0.822768 -1.50409 
5.10456 0.236547 -0.69869 -0.744753 -0.61481 -0.0718833 -0.170646 -0.208491 -0.135453 0.361423 0.113409 -0.194953 0.0727991 1.23885 0.489054 -5.40743 2.30764 5.33358 -4.18156 -1.7099 1.21938 1.19201 1.50719 -0.691 -0.445833 -0.56528 -2.85027 0.86627 1.19284 -0.991266 3.60192 -3.10134 -1.63935 1.8656 1.15894 -4.00714 -0.516323 1.01544 -0.305493 
5.10465 0.257045 -0.833647 -0.703519 -0.477589 -0.155036 -0.197993 -0.213562 -0.145005 0.362106 0.148506 -0.205446 0.0305242 0.259481 0.604455 -4.50286 2.53119 5.89407 -4.9923 -2.73244 2.74991 1.3243 0.0305384 -0.575554 0.058969 -0.62397 -0.912336 -0.491002 2.81626 -0.148412 0.280629 -2.03506 -1.58042 3.19842 0.422334 -3.20496 -0.708703 0.812389 0.620972 
5.0062 0.322201 -0.898208 -0.717135 -0.266815 -0.364302 -0.212389 -0.156553 -0.0633422 0.262871 0.109176 -0.153062 -0.00863788 0.275526 0.039024 -2.98086 2.79337 5.45995 -5.70228 -2.88899 3.92486 1.38341 -1.53632 -0.608317 0.492442 -0.539795 1.33101 -1.86477 3.62674 1.36533 -3.45511 0.0345494 -0.927254 3.31331 -0.735149 -1.41462 -0.230575 0.423752 0.977313 
5.0131 0.316997 -0.936803 -0.706275 -0.113805 -0.457395 -0.345179 -0.0614301 -0.0219865 0.232823 0.0295944 -0.160681 0.0247531 0.100105 -0.585204 -1.00735 3.11474 4.09561 -5.62534 -2.83552 4.68293 1.23554 -2.66149 -0.78448 0.697109 -0.301772 1.7634 -2.12956 3.68213 2.04769 -5.27977 1.53395 0.538901 1.89648 -1.14763 -0.526866 0.313703 0.423218 0.622117 
5.0334 0.292311 -0.932812 -0.610362 -0.118135 -0.528977 -0.401684 0.0315761 -0.00702284 0.203049 0.0343054 -0.147475 0.0322289 -0.569614 -1.28457 1.27894 3.49544 1.75279 -4.07233 -2.32179 4.17213 1.21489 -2.87761 -1.69709 1.3934 -0.399792 0.0763359 -1.64922 3.77702 1.26041 -4.99774 2.94742 1.76966 -0.984178 -0.625008 -0.127375 -0.36386 0.582105 -0.217986 
5.08962 0.232512 -0.879616 -0.50679 -0.1595 -0.61674 -0.492101 0.278101 -0.055318 0.132051 0.0901802 -0.132615 0.0416576 -0.983509 -3.27681 4.3681 4.17387 -0.937436 -1.86673 -0.707355 2.51364 1.35379 -2.65473 -2.20356 1.20648 -0.382961 -2.18753 -1.99194 4.4479 0.371032 -4.05226 4.41587 3.44709 -4.98827 0.522491 0.439061 -1.56611 0.379963 -0.835616 
5.18796 0.143758 -0.808526 -0.40644 -0.221666 -0.701686 -0.420091 0.296814 -0.0400977 0.0846833 0.0470364 -0.100864 0.0214775 -2.42773 -5.87085 7.44595 4.89757 -2.37741 1.47043 0.357971 0.388919 0.454095 -2.01431 -2.76624 0.846881 -0.117612 -4.66525 -3.49917 5.62038 -0.0517935 -1.99061 6.12383 3.2388 -6.67104 0.40122 1.03804 -2.26382 -0.275291 -0.430952 
5.06765 0.157475 -0.727395 -0.363799 -0.230414 -0.674364 -0.453227 0.295001 -0.00408116 0.0093902 -0.0113423 -0.0751023 0.037973 -4.07418 -8.12947 8.99619 4.05834 -2.58834 4.06503 1.09862 -1.55449 -0.195681 -1.3263 -2.24611 0.739749 -0.191581 -4.41857 -5.66287 4.92152 -0.769958 0.188373 6.47244 1.83636 -5.61022 -0.910659 1.92009 -0.780355 -1.03868 0.260577 
4.87989 0.100424 -0.517781 -0.330903 -0.373145 -0.491941 -0.419088 0.141553 0.0592861 0.0208442 -0.175053 0.0225237 -0.0520195 -5.50267 -9.85459 9.4614 1.82028 -2.08818 5.59752 1.66828 -2.48208 -0.959654 -0.719257 -1.57491 0.862873 0.0689698 -2.54387 -5.74711 1.53109 -2.78439 2.41361 3.85653 0.0271554 -1.43028 -2.63322 1.79602 2.32353 -1.07241 1.24137 
4.88759 -0.278924 -0.162719 -0.171944 -0.548014 -0.374327 -0.161182 -0.0532563 0.100786 0.0212505 -0.171926 -0.089958 -0.0366019 -6.74687 -10.7735 8.75002 -0.0746851 -1.57194 6.31691 2.03893 -3.43752 -1.28231 -0.403223 -1.11578 1.07501 0.523646 -0.981739 -2.16598 -3.61278 -5.26351 3.43215 -0.0664063 -1.92848 2.62332 -2.85689 0.775771 3.73774 0.471849 1.43726 
4.57565 -0.583867 0.137146 -0.0689676 -0.390277 -0.0631069 -0.261911 -0.124667 -0.0878613 0.0397415 -0.301183 -0.0937617 0.0510207 -7.05391 -11.0025 7.23576 -1.42188 -1.45431 5.44319 2.27984 -2.82605 -1.14339 0.225248 -0.524445 1.39684 0.58073 1.44151 2.10559 -7.19404 -5.5793 1.15986 -4.79448 -0.658097 3.98202 -0.127094 0.0182479 3.17549 1.73123 0.410906 
4.51589 -0.791685 0.0786406 -0.284041 -0.324656 0.0358173 -0.341064 -0.128377 -0.113176 0.0950877 -0.0937411 -0.0682049 0.020268 -6.41047 -10.4146 5.21171 -2.44329 -0.836635 3.87609 1.97039 -2.49894 -1.26825 0.705408 0.554046 1.94735 0.659198 1.85567 4.953 -6.43615 -2.41602 -0.874692 -6.34803 0.50342 2.33434 1.97865 -0.317547 0.535044 2.16065 -0.302939 
4.43919 -0.930276 0.0998391 -0.539052 -0.352608 -0.0133128 -0.249992 0.0137199 -0.205878 0.0704629 -0.00722478 0.0200978 0.0693857 -5.3588 -8.91986 2.49811 -3.0833 0.435338 1.4942 1.57396 -1.48633 -0.763903 1.09256 0.643329 2.11872 0.601696 2.0163 4.8908 -3.89156 1.71511 -0.93023 -5.10189 0.73347 -0.572633 3.2749 0.582085 -2.01568 1.12063 -1.24316 
4.31641 -1.00969 0.059864 -0.531365 -0.402875 -0.0160921 -0.205319 -0.090714 -0.160225 -0.00566229 -0.0753376 0.0710376 0.11973 -4.24813 -6.01724 -0.0440384 -3.1862 0.590685 -0.462377 1.03901 -0.432815 -0.190814 1.14422 0.452524 2.50955 0.231817 2.45228 3.51465 -1.31012 3.56163 0.324711 -2.80403 0.14927 -1.01546 2.09203 1.25887 -2.03105 -0.561376 -1.24606 
4.30118 -1.08796 0.0408198 -0.504136 -0.522005 -0.176442 -0.0756399 -0.0377149 -0.0227645 0.109016 -0.139539 0.134515 0.0304218 -2.17197 -2.96735 -1.34169 -2.5135 -0.0157777 -1.95579 1.56477 0.139806 0.542199 0.612531 0.145495 1.80841 -0.120384 2.34691 3.53489 -0.293557 2.75103 1.89607 0.220053 -1.295 0.0771976 -0.425805 0.0584148 -1.12989 -2.01645 -0.288425 
4.21877 -1.10289 0.0546179 -0.547464 -0.409914 -0.133533 -0.199127 -0.211151 -0.0995959 0.12539 -0.0212502 0.21878 0.0581842 0.157204 0.851638 -0.754065 -0.503432 -0.602295 -2.88748 0.861094 -0.377833 0.424292 -0.231518 -0.720279 0.920755 -0.472797 4.15113 5.50035 0.0882313 1.50218 0.223424 0.300774 -1.37632 1.53477 -1.37039 -1.71984 -0.073715 -2.8174 -0.194251 
4.22891 -1.20502 -0.00339797 -0.540672 -0.282467 -0.229342 -0.12421 -0.1645 -0.00218937 0.20643 -0.212651 0.171702 0.0127488 4.12421 4.72135 -1.57023 1.47078 -1.23113 -3.61055 -0.493625 -0.116608 0.353774 -0.765105 -0.292952 0.603698 -1.18228 6.78562 8.33193 -0.0287417 1.5486 -2.55126 -0.673075 -1.88845 1.73798 -1.87245 -3.23715 1.56279 -1.54119 -0.292182 
4.26867 -1.12235 -0.0415547 -0.491733 -0.396222 -0.239788 -0.119261 -0.0773393 -0.0637399 0.1575 -0.128361 0.166236 0.0408392 7.7746 7.40008 -2.47901 2.46274 -1.94365 -4.16745 -1.48901 0.990668 -0.285028 -0.996327 0.99739 0.553411 -1.593 8.46561 8.11451 -1.14382 2.43506 -3.49717 -1.96556 -2.25099 0.863546 -0.817374 -2.33719 2.13272 0.344427 -1.01361 
4.34763 -0.917036 -0.0552002 -0.536738 -0.373858 -0.207975 -0.101509 -0.00877437 -0.10639 0.0453186 -0.149653 0.0697714 0.0492013 10.2214 8.89223 -3.28843 3.23566 -2.87545 -4.21182 -2.02652 1.38517 -0.7074 -1.43921 1.95626 0.446191 -1.55535 7.41848 3.92703 -2.37995 2.78399 -3.29537 -2.4217 -1.70718 0.403504 0.313635 0.320236 2.67353 2.06138 -1.30616 
4.66581 -0.503112 0.0681676 -0.422317 -0.522503 -0.414982 -0.268039 -0.180955 -0.135105 -0.0498682 -0.1222 0.0678324 -0.038929 11.4661 9.19189 -3.72647 3.77523 -4.16633 -4.43821 -1.67638 1.75647 -0.286336 -1.26066 2.36369 0.413052 -1.79424 2.14225 -2.61105 -2.85798 1.25095 -1.10673 -0.206305 0.187476 0.464756 0.914417 2.36721 2.09104 1.86043 -0.315305 
5.1725 -0.210471 -0.226893 -0.250775 -0.648166 -0.574453 -0.33339 0.00432574 -0.103426 -0.0638377 -0.0134811 0.218934 -0.112243 10.8976 8.68329 -3.72213 3.74286 -4.57822 -4.0704 -1.66338 1.16467 0.0528421 -1.07437 3.20287 0.590819 -1.77675 -4.83877 -7.00032 -0.372876 -1.0087 0.851664 1.89989 2.14933 -0.616221 1.39693 2.60994 0.0825543 -0.312711 0.637577 
5.35338 -0.189672 -0.352927 -0.169258 -0.715024 -0.624062 -0.355479 0.0713932 -0.127182 0.00280307 0.114192 0.247032 -0.132078 8.85482 6.97463 -3.71745 3.44115 -3.94098 -3.7942 -1.2261 0.888593 0.610255 -0.255701 2.86761 0.405384 -1.92234 -8.85615 -6.35659 1.92101 -2.36283 1.78838 2.7536 2.49196 -1.26709 1.15122 1.16111 -1.37788 -1.86454 0.939184 
5.43449 -0.201897 -0.391312 -0.141178 -0.797614 -0.645146 -0.323221 0.0381616 -0.110466 0.0281304 0.146818 0.225858 -0.133281 5.57367 4.67904 -3.49377 3.12325 -3.39746 -3.11004 -0.411157 0.547977 1.17947 0.2229 2.48024 0.126778 -1.78199 -9.12953 -3.15833 2.72896 -2.25177 2.31303 2.12162 1.65633 -1.29412 0.813085 -0.458606 -2.15241 -2.24633 0.460384 
5.43254 -0.200239 -0.387455 -0.136005 -0.837158 -0.647476 -0.292884 -0.00167205 -0.0589931 0.0485875 0.144751 0.203737 -0.154033 1.20344 2.50041 -2.83951 2.05621 -2.09682 -1.79887 0.785203 0.326871 1.38925 0.0672884 1.678 -0.809092 -1.36316 -6.75568 -0.123706 2.10583 -1.09424 1.96629 0.745176 0.57307 -0.961695 0.158832 -1.47954 -1.84136 -1.57835 -0.0823853 
5.3651 -0.161705 -0.401174 -0.132797 -0.836312 -0.670319 -0.277122 -0.0166382 0.00751787 0.014947 0.175898 0.168438 -0.170756 -2.91969 1.60165 -0.891563 0.610776 -0.758084 -0.956569 1.31451 -0.909265 0.928462 -0.138666 0.440025 -1.89401 -1.12666 -4.2085 0.731212 1.0582 -0.766402 1.7781 0.326729 0.304214 -0.393099 -0.865084 -1.12403 -1.48332 -0.71225 -0.128491 
5.27041 -0.0987701 -0.44252 -0.104956 -0.839937 -0.707659 -0.284195 0.0526062 -0.0329032 0.0441333 0.170827 0.123899 -0.211967 -5.09671 1.40646 0.843745 -1.06369 0.506328 -0.194456 1.26688 -1.35239 0.250699 -0.561515 -0.732432 -1.92777 -1.21823 -2.75391 -0.268203 2.07297 -2.18443 1.98735 1.0183 0.153769 -0.955412 -1.70507 -0.506808 -1.40516 -0.0247965 0.112973 
5.1715 -0.0722731 -0.449855 -0.0612473 -0.860542 -0.71219 -0.235964 -0.0182029 0.0393081 -0.0202961 0.148308 0.0954877 -0.231773 -6.14647 0.796935 2.54361 -2.41552 1.54014 0.763362 0.659742 -1.22395 -0.701411 -0.638991 -1.56943 -1.8691 -0.796084 -1.30333 -1.56798 3.67051 -3.76318 2.07844 1.97882 -0.674323 -0.675541 -2.48995 0.430438 -1.62291 0.426868 0.661786 
5.02625 -0.0371581 -0.427226 -0.0846551 -0.815296 -0.713305 -0.191975 -0.0592477 0.0285216 -0.0830716 0.140373 0.0340657 -0.240759 -6.25731 -0.234585 3.88871 -3.45274 2.3408 1.73452 -0.0326768 -1.31718 -1.81365 -0.510801 -2.06906 -2.08745 -0.0847773 0.44619 -2.70078 4.20058 -3.7741 1.68277 2.60676 -1.75652 -0.0636907 -2.43711 1.06058 -1.4369 0.459049 1.30643 
4.85995 -0.0146237 -0.351022 -0.209261 -0.730325 -0.698096 -0.173191 -0.110397 -0.0694973 -0.00877141 0.0696263 -0.00969949 -0.248668 -5.98066 -1.90309 4.96024 -3.63927 3.37042 2.2396 -0.600939 -1.43694 -2.89318 -0.71062 -2.26801 -2.30052 0.537369 1.83472 -3.52296 2.85139 -1.17252 1.2563 1.92075 -2.19347 0.599194 -1.67965 0.183013 -0.331505 -0.13584 1.71963 
4.76165 -0.0824113 -0.140153 -0.427682 -0.643782 -0.589582 -0.212026 -0.126106 -0.146938 -0.0352589 -0.00193496 0.0448319 -0.291478 -5.97222 -4.01733 5.24031 -2.87681 4.32134 2.93567 -0.677493 -1.60184 -3.79447 -1.4802 -2.40285 -1.82799 1.8557 1.61355 -3.8348 -0.381041 3.08003 1.01404 0.494741 -1.08027 0.598942 -1.13286 -1.13184 0.628812 -0.488831 2.39785 
4.71465 -0.179977 0.0302137 -0.493145 -0.616764 -0.482426 -0.29395 -0.0996584 -0.196708 -0.0250721 -0.0747755 -0.0107112 -0.183064 -6.02978 -5.7818 4.70689 -2.25138 4.92025 3.06619 -0.766411 -0.687185 -3.97151 -1.46573 -2.17546 -1.8315 2.73029 0.0421619 -3.49903 -3.29477 5.0674 1.06716 -0.919435 0.847725 0.545064 0.000190705 -1.96302 1.27499 -0.175101 1.96452 
4.68831 -0.267772 0.0852888 -0.530564 -0.54725 -0.417328 -0.34021 -0.156298 -0.275018 -0.0122833 -0.0784564 -0.117932 -0.122017 -5.91113 -7.11478 3.45821 -1.89029 4.84639 2.98156 -0.408342 -0.455832 -3.15366 -0.891376 -1.58157 -1.15675 3.26345 -1.5659 -2.43362 -4.46823 3.47736 0.547765 -1.40555 2.25744 0.728711 1.45651 -0.788225 1.33733 1.14942 1.0749 
4.60108 -0.445559 0.131228 -0.421704 -0.377989 -0.473979 -0.351339 -0.161753 -0.372317 -0.129961 -0.057024 -0.17491 -0.115551 -5.5766 -7.56213 1.59548 -1.31099 3.60644 2.17196 0.639658 0.122177 -1.77749 -0.547884 -0.277192 -0.316014 3.33317 -1.43111 -0.30109 -4.11898 -0.534759 -1.74142 -1.18757 2.79493 1.00613 3.11343 1.9338 1.54898 2.39207 -0.153221 
4.41047 -0.666493 0.0801792 -0.259891 -0.28393 -0.354305 -0.262729 -0.19435 -0.489228 -0.274988 -0.130373 -0.0540486 0.0890195 -5.20263 -7.19836 -0.629081 -0.505394 2.49742 1.41139 1.8461 0.882433 -0.208661 -0.141323 0.123139 -0.0224665 2.71489 0.672554 1.97585 -2.79139 -3.34014 -3.67986 -1.2044 2.14775 1.5144 4.39778 3.46318 1.50921 1.92153 -2.29973 
4.27366 -0.783914 0.0488274 -0.360722 -0.229304 -0.370014 -0.25338 -0.0554465 -0.381827 -0.18794 -0.110042 -0.173006 0.0945413 -4.58856 -6.24522 -2.04511 -0.968708 1.41359 0.8064 2.44028 1.17224 0.356868 0.654506 0.892105 1.32976 2.02103 2.82818 3.3024 -1.64721 -2.69125 -4.21634 -0.897719 0.993832 0.865453 2.68238 2.75185 1.21365 1.91661 -2.48861 
4.19216 -0.88045 0.00201876 -0.545387 -0.219084 -0.333726 -0.19422 -0.164773 -0.310599 -0.0254526 -0.0604874 -0.042153 0.11057 -3.91333 -4.97793 -2.39112 -0.739633 0.624629 1.2957 2.46564 1.48168 1.33486 1.13399 0.764935 2.49551 0.956134 3.39055 3.44153 -0.396599 0.617758 -2.35218 0.108149 -0.535737 0.588148 0.365018 0.265984 0.0521486 1.08684 -2.30885 
4.18287 -0.904979 -0.0668105 -0.582609 -0.406799 -0.41896 -0.0662864 -0.0634456 -0.245013 -0.005987 0.0748548 0.0417122 0.0915273 -3.2033 -3.30435 -1.7833 -0.366446 0.606615 1.18985 1.69934 1.43808 1.53475 1.51627 0.803608 2.60002 -0.117337 1.88052 2.52572 1.49381 3.50386 1.62618 0.955676 -2.37938 -0.479121 -1.7951 -1.6266 -1.18306 0.25437 -1.5717 
4.18976 -0.947322 -0.16242 -0.494767 -0.378155 -0.352126 -0.0187345 0.0450032 -0.142707 -0.063824 -0.079103 -0.0384678 0.0124842 -2.22079 -1.29515 -0.758056 -0.119715 0.646716 0.442161 0.455989 1.05 1.05308 1.50018 0.763654 2.2815 -1.06643 -0.0187187 2.18962 3.06871 3.49297 3.26257 0.455452 -3.28252 -1.57244 -2.82344 -1.73792 -0.939197 -0.0616418 -0.358579 
4.20511 -0.948422 -0.176723 -0.610343 -0.391993 -0.362382 -0.08464 -0.0141234 -0.315034 0.0528393 0.0653248 0.150847 0.112392 -2.60961 0.492993 -0.58897 1.1584 -0.021137 0.421989 -0.0119579 0.519231 0.991575 1.00085 0.288559 2.21632 -1.6113 -1.83245 2.62769 2.55153 2.19137 1.80479 -0.68568 -2.2977 -1.23331 -0.486956 -0.914175 -0.978875 -1.70617 -0.852497 
4.14001 -0.964427 -0.131319 -0.401083 -0.289104 -0.165955 -0.0925943 -0.0142772 -0.191729 -0.0169549 -0.0508436 0.200157 -0.0149194 -4.18318 1.96891 -1.27548 2.24969 -0.00672353 0.584839 -0.330029 1.0796 0.491837 0.133607 0.109997 1.28785 -1.91731 -3.24352 3.11308 -0.537743 -0.297803 -1.41451 -1.687 -0.203527 -0.278384 0.421374 0.0720653 0.21005 -1.94216 -0.41435 
4.03797 -0.949224 -0.0020893 -0.295266 -0.101343 -0.316995 -0.182347 -0.0103917 -0.287123 -0.0552156 0.00120142 0.121593 -0.0513347 -6.2015 3.55429 -1.81053 2.38999 0.0905891 0.525771 -0.743307 0.702625 0.168549 -0.433676 -0.0625792 0.510064 -1.81765 -4.1325 3.35492 -3.9456 -1.33045 -4.10672 -0.729902 1.74038 1.02305 1.26404 -0.189157 0.51837 -1.54277 -0.0537018 
4.05255 -0.813448 0.0229997 -0.40413 -0.186914 -0.38156 -0.248231 -0.053221 -0.338914 -0.0184414 -0.0253313 0.146939 -0.0106534 -7.775 4.68068 -2.67014 2.04575 -0.562523 0.332107 -0.344302 0.175441 0.309865 -0.663971 1.23853 0.103774 -2.05604 -4.2886 2.16356 -5.06555 -0.728352 -2.88427 0.806206 2.30665 1.00876 1.03058 -0.947342 1.3093 -1.13243 -0.236294 
3.81085 -0.684518 -0.154287 -0.344158 -0.433707 -0.326167 -0.139366 -0.0210097 -0.0793862 0.0699104 -0.034507 0.139658 -0.139085 -8.82746 4.84431 -3.73686 1.62666 -1.71979 0.279133 0.658148 -0.169806 1.48647 -0.970617 1.14068 -0.467788 -2.0586 -2.12731 0.0735025 -2.75991 -0.872832 -0.438493 1.01741 1.39514 -0.757554 -0.26753 -1.22071 1.75921 0.0783914 0.602708 
3.53577 -0.620304 -0.387612 -0.28589 -0.368867 -0.253741 -0.0827423 0.121479 -0.220733 -0.0446515 0.0381781 0.120959 -0.143299 -8.71977 4.15209 -4.78558 0.383992 -2.586 -0.416676 1.36575 0.602157 1.31188 -0.631402 1.84421 -1.01862 -1.27177 1.21262 -2.29713 0.519384 -0.895137 0.641479 0.0292432 0.626413 -1.3201 0.473564 -0.258866 0.899886 -0.0271953 0.749554 
3.34198 -0.431366 -0.400348 -0.2741 -0.395808 -0.325513 -0.137835 0.0680329 -0.225384 -0.136949 0.0147869 0.0685567 -0.121375 -7.27386 2.42894 -4.64889 -0.130933 -2.74427 0.800982 1.27663 1.24715 1.00802 -0.414982 2.38475 -1.14402 -0.716556 4.55065 -4.8142 2.60813 -1.37258 0.911683 -0.239286 -0.293188 0.185102 -0.225693 1.26441 0.755221 -0.376942 1.25299 
3.25226 -0.403182 -0.49604 -0.280884 -0.392951 -0.250565 -0.080585 -0.0379775 -0.16991 -0.104909 0.232849 0.084276 -0.240074 -6.38101 1.26452 -3.6963 0.231612 -1.49406 0.398862 0.861648 0.673953 -0.335623 -1.13245 2.57964 -0.966594 0.213166 5.22004 -4.38225 3.21653 -0.983061 0.761922 -0.703432 -1.32741 1.26911 -1.92429 0.944865 -0.564168 -0.26853 2.3542 
3.14125 -0.465493 -0.535616 -0.333972 -0.551334 -0.256837 0.00726184 -0.121687 -0.0201955 -0.0764302 0.115056 0.153824 -0.165209 -4.92022 0.156174 -2.4548 0.272768 0.28536 0.0471525 0.494646 -0.0189336 -1.57073 -1.24652 2.34748 -0.900823 0.806598 3.20357 -2.11622 2.2302 0.748913 2.32985 -0.303159 -1.53713 0.995475 -3.31031 -0.202448 -0.442499 -0.258034 1.50318 
3.14997 -0.557625 -0.606534 -0.355193 -0.504566 -0.380903 0.0224305 0.189851 -0.111959 -0.0639459 0.183404 -0.0295638 -0.137173 -3.93552 -0.67903 -1.44561 0.40412 1.41432 -0.00718564 0.403041 -0.684254 -1.57521 -0.703802 1.58537 -0.937035 0.750388 -0.0480671 0.544447 1.11904 1.82517 3.79588 0.356824 -0.901754 -1.91489 -2.94708 -1.22075 -1.0827 0.678883 0.276051 
3.30212 -0.69765 -0.474391 -0.371046 -0.484336 -0.152701 -0.140039 0.209295 -0.247635 -0.036598 0.317388 -0.0299474 -0.0983282 -3.27781 -1.04511 -1.1544 0.479012 2.443 0.119333 0.193003 -1.22411 -2.2056 -0.219209 1.19974 -0.718987 0.964351 -2.32151 2.45739 -0.277866 1.47098 3.43639 -0.482458 0.478923 -3.7795 -0.451652 -0.567802 -1.77338 0.788223 -0.911314 
3.08193 -0.510277 -0.517718 -0.276441 -0.415726 -0.365532 -0.121175 -0.0442175 -0.402318 -0.227156 0.257977 0.0864394 0.0199661 -2.89109 -0.682895 -0.890662 0.96105 3.16574 -0.590761 -0.578974 -1.63329 -2.71581 -0.478462 0.510144 -0.45856 1.13184 -0.964408 1.19919 -0.79785 0.211904 1.50539 -0.0281588 0.513551 -2.41537 1.861 1.23721 -0.985377 0.383284 -1.69832 
2.96668 -0.556242 -0.605762 -0.216002 -0.255055 -0.284357 -0.011532 -0.029059 -0.339244 -0.165258 0.248575 0.0180541 -0.0971326 -3.04254 -0.0961815 -0.745641 1.07333 4.19833 -0.120151 -0.956573 -2.28306 -2.50759 -0.397924 0.708499 -0.0457585 0.315304 0.756885 0.171143 -0.135281 -1.01255 -0.757966 -0.210951 -0.65823 -0.578406 2.1738 1.43035 -0.366974 0.650304 -0.761016 
2.87831 -0.584818 -0.599421 -0.221386 -0.126215 -0.254955 -0.0195896 -0.0563911 -0.356078 -0.148205 0.196033 -0.0305612 -0.120623 -3.52297 0.375125 -0.343999 0.74476 3.95909 0.259582 -0.836962 -2.83742 -0.64118 -0.134307 -0.441683 0.390769 -0.158021 1.69112 -0.378374 0.763512 -1.33592 -1.77373 0.0424212 -1.30004 1.73118 2.18929 0.805739 0.0424169 0.403375 -0.251768 
2.90729 -0.52288 -0.598542 -0.277643 -0.155461 -0.28247 -0.0900328 -0.211982 -0.405044 -0.0740631 0.256931 0.0138219 -0.0431979 -3.66339 0.484564 -0.0639666 0.645426 3.43115 -0.196173 -0.457327 -1.78158 0.459205 0.053473 -0.808062 0.474979 -0.494524 0.838975 -0.58162 1.77885 -0.559198 -1.48477 0.796084 -0.685062 2.85503 2.02093 -0.371228 -0.378043 0.450407 -0.335415 
2.92465 -0.552621 -0.642225 -0.188532 -0.144917 -0.409091 -0.163474 -0.195869 -0.415264 -0.152005 0.264867 0.0631358 -0.0571951 -2.68642 -0.0274235 0.739156 -0.225709 2.1891 0.569138 -0.37525 -0.621705 0.544928 0.330853 -0.283862 0.569597 -0.405959 -0.613302 0.150165 1.90054 -0.544209 -1.3445 0.921261 1.14321 2.21284 0.899129 -0.832221 -0.589148 0.32411 0.117589 
2.79793 -0.562041 -0.612757 -0.2511 -0.00830474 -0.228494 -0.142852 -0.189481 -0.352468 -0.110872 0.276798 0.080225 -0.138784 -1.94454 0.21972 1.23732 -0.45886 0.644565 0.180943 -0.383392 -0.0421891 0.31576 -0.374964 -0.326292 0.732574 0.207326 0.18177 0.170917 1.09562 -0.187726 -2.15328 0.0189927 1.84487 1.60563 -0.609234 -0.912553 -0.186364 -0.242571 0.686162 
2.74086 -0.552719 -0.528311 -0.287507 -0.0321205 -0.237855 -0.143925 -0.0988665 -0.170706 -0.102192 0.0978921 -0.00179094 -0.121239 -1.40314 0.287261 1.16908 -0.43248 0.206841 0.507765 -0.063508 -0.0506653 0.212676 -0.0497696 -0.141318 0.2253 0.228414 1.43637 0.25107 -0.30068 -0.0711202 -1.88499 -0.282913 1.18256 -0.532979 -2.45351 -0.181501 1.10954 -0.544992 0.969812 
2.71487 -0.549827 -0.468239 -0.192055 -0.0329521 -0.286899 -0.135677 -0.0800323 -0.285134 -0.143196 0.204117 0.10046 -0.111087 -1.11037 0.178398 1.03961 -0.368085 0.214564 0.889064 0.315882 0.00849828 0.0567704 0.229445 -0.20438 -0.464748 0.104924 2.18025 0.245885 -1.49914 -0.266594 -0.915667 -0.0237618 0.00174851 -1.97154 -1.7534 1.03573 0.928461 -1.44242 0.63214 
2.69525 -0.528203 -0.468073 -0.324404 -0.118865 -0.243385 -0.0465062 -0.145801 -0.412499 -0.174794 0.264459 0.136048 -0.0468538 -0.567849 0.317125 0.82795 -0.525426 0.00615105 1.06965 0.434791 -0.533323 -0.329447 0.765173 -0.000818148 -0.921191 0.317946 1.74033 -0.113405 -1.65577 0.523822 0.924229 0.220418 -1.08636 -1.71126 0.0448517 1.7287 0.17327 -1.76753 -0.419657 
2.76 -0.530275 -0.488572 -0.271504 -0.188879 -0.288393 -0.0692579 -0.0627741 -0.339083 -0.216944 0.183833 0.0491532 -0.050673 0.195291 0.306988 0.312169 -0.23392 -0.248698 0.526495 0.207787 -0.973204 -0.801211 0.871139 0.265452 -1.07499 0.487794 0.356312 -0.206903 -0.838672 0.261496 1.88808 0.746061 -0.960809 -1.18927 0.810013 1.70311 -0.023787 -0.832776 -0.807077 
2.77346 -0.522719 -0.512834 -0.280936 -0.0563048 -0.191823 -0.111326 -0.233359 -0.370597 -0.034011 0.233901 -0.0422497 -0.0700087 0.476052 0.219846 -0.185665 -0.16285 0.0909003 0.669053 0.031744 -1.34365 -1.00366 1.06478 0.622342 -1.03796 0.26251 -0.389149 -0.203691 0.0641861 0.248041 0.657886 -0.229716 -0.331253 0.556497 0.973457 -0.118513 -0.432344 0.545362 -0.423421 
