2.50409 -0.507905 -0.239614 -0.328888 -0.274509 -0.234776 -0.100057 -0.110437 -0.110666 -0.0855943 -0.0588216 -0.000319169 0.0534504 0.0511961 -0.13397 -0.0853114 0.244011 0.173896 -0.0621906 -0.152099 -0.23535 0.2117 0.518397 0.633462 -0.223561 -0.199558 0.200534 -0.084975 -0.134371 0.401592 0.612228 0.405532 0.218678 -0.293246 0.0723469 0.172725 0.455839 0.161608 -0.0515903 
2.47772 -0.515171 -0.225808 -0.352175 -0.358912 -0.325235 -0.164153 -0.087424 -0.0774982 -0.0232829 -0.0266259 -0.0741891 0.01753 0.0777369 -0.156541 0.0629404 0.449422 0.445765 0.0655396 -0.0979435 -0.528468 -0.237348 0.533345 0.494838 -0.256416 -0.0768071 0.51081 0.0272802 -0.0134894 0.684791 1.23425 0.822929 0.496793 -0.784276 -0.661452 -0.409365 -0.31944 0.575161 0.44515 
2.47919 -0.530662 -0.256352 -0.329946 -0.261878 -0.217222 -0.108857 -0.129602 -0.0981555 -0.0175505 0.0338357 -0.0221102 0.0329949 0.0625458 -0.243788 -0.00525856 0.46696 0.619017 0.286668 -0.175221 -0.747389 -0.635675 0.452703 0.770855 -0.0419362 -0.158337 0.391743 0.0499338 0.155815 0.374299 0.631038 0.259378 -0.0601894 -0.814961 -1.15322 -0.580422 -0.652042 0.410356 0.41171 
2.49667 -0.517999 -0.236383 -0.288802 -0.245562 -0.201794 -0.0585592 -0.0724355 -0.071668 -0.0516649 0.017191 -0.00629058 0.00136073 0.0642347 -0.305426 -0.190384 0.488991 0.777631 0.548541 0.0188329 -0.567366 -0.703327 0.491031 0.829669 -0.0547583 -0.191123 -0.0631027 -0.115258 -0.0828989 -0.195815 0.00626333 0.0540988 -0.352893 -0.405673 -1.0865 -0.147507 -0.236248 0.0110127 0.191798 
2.54151 -0.520631 -0.258447 -0.291598 -0.237959 -0.261223 -0.148781 -0.193945 -0.101538 -0.0310419 -0.0118431 -0.0223679 0.0618359 0.0084753 -0.26045 -0.16825 0.369779 0.698871 0.573075 -0.0337474 -0.34053 -0.423718 0.334037 0.491229 -0.04815 -0.290345 -0.607233 -0.131306 -0.137956 -0.603039 -0.627461 0.102161 -0.0560217 0.980836 0.139846 0.076838 0.140371 -0.250138 -0.55789 
2.50541 -0.526759 -0.207185 -0.264278 -0.208111 -0.219436 -0.106549 -0.194131 -0.199477 -0.027148 -0.0315168 -0.0394531 0.0591182 2.65865 0.124757 -2.16667 -1.08579 0.614292 1.56007 0.603812 -1.20047 -0.776444 0.542371 0.594474 0.291752 -0.06364 2.15361 0.318274 -2.32335 -2.11066 -0.993054 0.728041 0.512387 0.491036 1.12261 0.599003 0.555908 -0.0820665 -0.539675 
2.4953 -0.547641 -0.25319 -0.295093 -0.216165 -0.192251 -0.14103 -0.196506 -0.208999 -0.036434 0.0789701 0.012597 0.00946487 4.80086 0.515106 -3.7821 -2.60167 0.359348 2.17205 0.903942 -1.8466 -0.638052 1.10863 0.779576 0.258646 -0.0171818 5.45049 0.972671 -4.18703 -3.29565 -0.350955 1.92162 1.48629 -1.10464 1.06445 1.03886 0.266782 0.239839 0.180491 
2.49733 -0.551173 -0.285816 -0.285522 -0.205239 -0.171434 -0.0834403 -0.118287 -0.150914 0.00559882 0.0591169 -0.0409994 0.0106544 3.65544 0.418234 -3.38933 -2.81831 0.356969 2.18754 0.615659 -1.81788 -0.399111 1.41159 1.3273 0.161851 -0.530179 4.13803 0.903944 -2.91524 -2.73588 0.110699 1.53775 0.774405 -2.06491 0.278494 0.909807 0.535717 0.445898 0.0375439 
2.48127 -0.535336 -0.245551 -0.309991 -0.247265 -0.214933 -0.140945 -0.108546 -0.0741602 -0.0204336 -0.0107116 -0.0463119 -0.0166535 4.48415 -0.685554 -0.979215 -2.09612 -0.280408 1.60564 0.561708 -0.726805 0.401492 0.595733 0.809896 0.0598344 -0.534935 1.13687 -0.970431 2.2134 0.198458 -0.00257206 -0.260278 -0.407861 -0.749957 -0.0963563 -0.232017 0.157911 0.0463512 0.147858 
3.15205 -0.457137 -0.752175 -0.639357 -0.241909 0.0306437 0.0213684 -0.379767 -0.223118 0.0871885 0.111737 0.0255134 0.0473022 5.89997 -1.38546 1.37378 -1.18574 -0.673625 0.953606 0.455576 -0.035891 1.05918 -0.10127 0.201622 -0.151842 -0.404173 -3.66467 -3.00273 9.7961 4.75843 -0.61144 -3.03385 -1.66866 3.07139 0.947168 -2.28226 -1.28503 -0.795235 -0.352381 
3.22001 -0.434076 -0.801823 -0.702942 -0.170846 0.116317 0.0474871 -0.422413 -0.169911 0.141976 0.134596 0.031057 0.045604 4.72672 -2.03039 3.53661 -0.0619911 -0.564595 0.709358 -0.201607 1.00901 0.739819 -0.677952 -0.906049 -0.552611 0.186565 -4.71485 -3.54364 11.158 6.0991 -1.10066 -3.58075 -2.2127 5.108 0.875778 -3.23122 -2.51852 -1.16364 0.18605 
2.58184 -0.516244 -0.405598 -0.493608 -0.181981 -0.0574335 -0.115826 -0.284727 -0.142055 0.110302 0.189981 -0.0236525 -0.106572 3.60755 -2.95456 4.43752 0.445262 -0.963158 0.543266 -0.663272 1.32674 0.617569 -1.09554 -0.895513 -0.703853 0.576674 -0.871812 -2.15088 4.43722 2.88724 -0.954191 -1.00118 -0.791065 3.35699 0.274829 -1.97962 -2.48377 -0.946408 1.59074 
3.07918 -0.780197 0.0364655 -0.351248 -0.34115 -0.186117 -0.121857 -0.129376 -0.0457239 -0.0947985 -0.0164603 -0.045118 0.0251385 3.72464 -4.09847 4.61688 1.55998 -1.20034 -0.287094 -1.35851 1.89393 0.989191 -1.08083 -1.05183 -0.896588 0.980714 0.310603 0.0689349 -4.93702 -1.05475 0.0148035 1.24758 -0.369808 -0.417947 -0.528911 0.951904 -0.178963 -0.179784 1.45644 
3.31555 -0.741486 0.117977 -0.316317 -0.313512 -0.125448 -0.0379495 -0.0917647 -0.0376306 -0.101646 -0.0112975 -0.0621432 -0.0106314 0.985901 -3.98884 4.29445 3.27974 -0.667549 -1.212 -1.93015 2.79702 2.06359 -1.54223 -1.90155 -1.18628 0.964121 0.00136948 1.26484 -10.4405 -2.3966 1.02286 1.54986 -0.153449 -2.87079 -0.0199313 2.30108 1.18977 0.435718 0.951658 
2.90691 -0.775298 0.100466 -0.303303 -0.244149 -0.0417902 -0.200795 0.022509 -0.14349 -0.0940843 -0.111418 -0.0980035 0.0896431 0.656721 -2.01336 1.44177 2.47345 0.337449 -1.01794 -0.394538 2.52729 1.25898 -2.39644 -2.22505 -0.383857 1.2236 -0.905314 3.12048 -8.8068 -1.36109 2.10622 -0.160545 1.65117 -2.59939 0.779407 0.67976 1.12317 1.27673 -0.532271 
3.03344 -0.881138 -0.0805961 -0.428665 -0.369988 -0.0118201 -0.132375 -0.102153 -0.0683138 -0.0594384 0.0100497 -0.115322 0.109184 2.09419 0.282576 -2.77084 0.754953 0.904343 -0.630256 0.876629 1.42804 1.06663 -2.20347 -2.6896 0.1036 1.69651 -2.27799 4.97242 -4.03591 0.026076 2.58898 -1.73603 2.52091 -0.44414 0.29214 -1.61729 -1.01629 1.4774 -1.03595 
3.47451 -1.01503 -0.177052 -0.322158 -0.381757 -0.158802 -0.260592 -0.113975 0.0177186 -0.0096538 -0.0240773 -0.0906794 0.136109 0.0437098 2.73151 -5.70884 -0.991302 1.49719 -1.19599 0.627358 1.12133 0.766305 -1.92585 -2.04142 0.879436 1.36021 -2.06337 5.98394 -0.825473 -1.74152 1.52169 -1.53918 2.72055 1.10947 -0.844039 -2.82002 -1.85851 1.56467 -0.342961 
3.02492 -0.837407 -0.325642 -0.149468 -0.180859 -0.124906 -0.202102 -0.0411 0.139628 -0.0999546 -0.130942 -0.120697 0.0964495 -0.412775 4.09795 -5.17566 -1.17141 1.5523 -1.34273 1.21556 1.45686 0.795579 -2.09216 -1.87829 0.767592 0.497842 0.190742 4.3566 1.63549 -3.1971 -0.544304 -0.40804 1.19883 1.34243 -1.72391 -0.992937 -0.328964 0.621149 -0.550983 
2.92475 -0.544213 -0.344945 -0.329143 -0.0529024 -0.129627 0.106533 0.0215855 -0.0904798 -0.352565 -0.182502 0.043952 0.113799 3.76324 6.28502 -4.05755 -0.906484 1.04436 -1.57534 1.52804 0.934125 0.247792 -2.05031 -1.59064 1.02564 0.0525302 4.14999 1.4873 2.94227 -1.37069 -2.49034 0.54013 -2.18308 0.185808 -0.983647 1.96348 1.36664 -0.897156 -0.631854 
3.22463 -0.514693 -0.521061 -0.400159 -0.204005 -0.228383 0.029064 -0.0321499 0.0292381 -0.269195 -0.319902 -0.0371088 0.185903 7.44646 7.62761 -3.44481 -1.06264 0.657611 -1.29879 0.803913 1.02581 -0.522065 -1.51348 -1.33427 1.00195 -0.0125286 9.19273 -0.0141106 3.02035 0.81323 -2.48145 1.38595 -2.66746 -1.10428 -0.77085 2.96585 3.03509 -1.00518 -1.00125 
3.15151 -0.393889 -0.627498 -0.593071 -0.191889 -0.335724 -0.15151 0.0914439 0.0172101 -0.31123 -0.224573 0.0863312 0.208895 9.73808 7.72016 -3.16589 -2.0203 -0.0867579 -0.633923 0.472018 0.748014 -0.937459 -1.03199 -0.536032 0.760023 -0.00735301 11.4816 -0.882231 1.54026 2.3917 -1.42656 1.57102 -1.6266 -1.94015 -0.388211 2.48541 2.03733 -1.02833 -0.501207 
3.07075 -0.303983 -0.36776 -0.40435 -0.129836 -0.139692 0.0564768 0.151856 0.0190124 -0.271221 -0.191423 -0.0812607 -0.00839202 16.9414 6.11056 -3.28751 -2.21096 -1.00695 -0.351277 -0.711537 0.285377 -0.879258 0.0578774 0.272292 0.400531 0.18125 11.3547 -1.57104 -2.23637 0.573837 -0.244951 0.601128 -1.21341 -1.53066 0.0611201 0.823943 0.603661 0.0640143 1.10851 
3.93131 -0.0281582 -0.42447 -0.350031 -0.252321 -0.22539 -0.0727558 -0.039414 -0.119185 -0.254727 -0.210485 0.023458 0.132201 19.6826 4.75103 -3.63983 -1.26841 -1.11587 0.320833 -1.92039 0.143555 -0.214258 0.970056 0.684396 -0.0907034 0.122807 5.22576 -3.14055 -3.39628 -1.34471 0.840856 0.52674 -0.122516 0.385608 0.782801 -0.373584 -0.293895 0.145651 0.996818 
4.47285 -0.0186855 -0.664539 -0.479996 -0.293428 -0.227659 -0.137052 -0.0155632 -0.0627668 -0.178705 -0.142954 0.0192489 0.137629 20.765 3.6307 -3.35064 -1.00046 -0.530708 1.02085 -1.38668 0.138847 -0.581195 0.658128 0.875945 0.0647989 0.179264 -0.5595 -3.75427 -1.57184 -0.865025 0.973647 0.500397 0.0332824 1.08745 1.04203 -0.634732 -0.93357 -0.188349 0.611509 
4.35827 -0.00973733 -0.712915 -0.567846 -0.237854 -0.214509 -0.108583 0.0383738 -0.0479409 -0.257001 -0.167204 0.0156516 0.142759 21.216 2.0367 -3.4291 -0.871732 -0.530456 1.24871 -0.952545 -0.154246 -0.387522 0.590237 0.384433 -0.150106 0.627347 -3.83868 -3.01246 1.12195 0.30201 0.695185 0.634478 0.334099 0.958385 0.336813 -0.388786 -0.45077 -0.123996 0.00154882 
5.36606 -0.0500609 -0.85056 -0.544022 -0.234064 -0.177009 -0.155279 0.0420742 -0.0319894 -0.216529 -0.166338 -0.0118 0.163352 19.0767 0.53324 -3.66696 -1.50121 -0.393471 0.801959 -1.26041 0.159204 -0.221502 0.193818 0.261503 0.156002 1.17603 -8.45579 -1.81402 3.52732 1.1711 0.196609 0.479443 1.19672 0.167786 -0.40505 -0.368713 -0.165442 -0.265464 -0.380067 
5.28542 0.031671 -0.890876 -0.532049 -0.245444 -0.126564 -0.208389 0.0701962 -0.0451035 -0.199794 -0.167377 0.012507 0.157977 14.0929 -0.891836 -2.32853 -1.11288 0.124893 0.924932 -0.451771 0.898727 -0.015352 -0.141912 0.246502 -0.231675 0.654778 -6.77006 -1.17743 3.1962 0.841685 -0.257998 -0.751735 1.0256 -0.488843 -0.71201 -0.497302 0.081363 0.024804 0.133405 
5.56106 -0.0577543 -0.847678 -0.571752 -0.248018 -0.114101 -0.160113 0.0539419 -0.0616357 -0.215017 -0.167175 0.00168042 0.180396 10.8209 -1.18752 -0.731022 -0.0996681 0.0178209 0.440068 -0.00812516 0.969963 -0.457062 -0.479347 0.084201 -0.0735577 0.612878 -6.65551 -0.638351 1.80366 0.683192 -0.205686 -1.41479 0.686864 0.232051 -0.335779 -0.506405 0.26099 0.111803 -0.0953282 
5.68742 -0.0914564 -0.845126 -0.578437 -0.254145 -0.104816 -0.154831 0.0571039 -0.0639196 -0.223834 -0.162358 -0.000163264 0.204823 8.61839 -1.51657 0.325175 0.6017 -0.602455 -0.115715 0.131599 1.40405 -0.883251 -0.478211 0.293 0.0561813 0.349681 -5.35789 -0.21262 1.17822 1.06391 -0.388091 -1.56655 0.402646 1.16049 -0.424291 -0.573646 0.16233 0.232577 -0.511541 
5.74695 -0.114017 -0.83295 -0.571419 -0.247643 -0.108398 -0.160587 0.0765609 -0.0790872 -0.242082 -0.149988 -0.0149738 0.205962 4.51116 -1.76281 1.52675 1.06176 -1.3667 -0.734793 0.570426 2.18516 -1.44904 -0.714404 0.562839 0.184646 -0.322057 -2.27733 -0.0686575 0.955633 1.50505 -1.32623 -1.21902 0.169783 1.83054 -0.811192 -0.115901 0.29905 0.351784 -1.13226 
5.78563 -0.136836 -0.814909 -0.547457 -0.243802 -0.154176 -0.143715 0.103843 -0.095382 -0.259634 -0.145797 -0.00425628 0.209353 3.5826 -1.89735 2.3316 1.73168 -2.60104 -1.15241 0.777457 2.7635 -1.78413 -0.234283 0.905228 -0.0787703 -1.10465 -2.30614 0.13687 1.42208 1.45891 -2.62615 -0.426253 0.101833 1.87871 -1.09342 0.711958 0.604288 0.0211803 -1.81623 
5.8166 -0.157481 -0.791042 -0.494909 -0.275547 -0.202634 -0.12347 0.163856 -0.113199 -0.277781 -0.147389 0.0205449 0.207887 1.43448 -1.30367 2.84721 2.62155 -3.99567 -1.34175 0.494811 3.18457 -1.94489 0.604511 1.19356 -0.381401 -1.87053 -2.01957 0.306032 1.68832 1.17629 -3.40632 0.231683 -0.0222797 0.94458 -0.828273 1.73933 0.837897 -0.758726 -1.97955 
5.87839 -0.209997 -0.717926 -0.446634 -0.358271 -0.211839 -0.131758 0.275572 -0.178345 -0.293929 -0.123252 0.0179835 0.164699 -0.779459 -0.919177 3.46079 3.16832 -4.80151 -1.55174 0.233882 2.91872 -2.22051 1.27437 1.5359 -0.488981 -2.26392 -3.50375 0.989479 1.20432 0.88932 -2.62354 0.29293 -0.454631 -0.849057 -0.14628 2.2861 0.809538 -1.00587 -1.17334 
5.8968 -0.248303 -0.634459 -0.388808 -0.479942 -0.240145 -0.091246 0.367691 -0.260672 -0.284197 -0.0727552 0.0218451 0.0629186 -4.12794 -0.352899 4.60733 3.49414 -4.22391 -1.21903 0.426503 0.160883 -3.08578 2.5851 1.33148 -0.30779 -1.98648 -6.13929 1.56871 1.14598 0.481125 0.462389 0.423431 -0.528571 -4.55217 -0.269467 2.54065 -0.0210171 -0.429553 0.694391 
5.81636 -0.22962 -0.541968 -0.321367 -0.662724 -0.243062 -0.0864905 0.394701 -0.276119 -0.162508 -0.032088 -0.0402621 -0.010498 -6.61313 0.213475 5.14707 3.50698 -3.22485 -0.743165 0.301779 -1.99292 -3.7357 3.64351 0.992516 -0.236705 -1.51817 -6.91843 1.45471 0.93163 -0.11871 4.08665 0.52068 -0.23529 -6.83556 -1.11205 1.82572 -1.073 0.763426 2.3225 
5.72485 -0.194616 -0.486735 -0.225678 -0.795736 -0.265564 -0.125325 0.408389 -0.277177 -0.0802531 -0.0107399 -0.0875651 -0.0430604 -8.11203 0.683745 5.11907 3.21579 -1.86896 -0.377528 0.0879192 -3.65935 -3.97741 4.1215 0.570045 -0.128933 -0.903805 -4.83415 0.819232 0.431261 -0.865582 5.85895 0.792494 0.167646 -6.233 -1.64786 0.696018 -1.71549 1.46855 2.71343 
5.47371 -0.191704 -0.415206 -0.185233 -0.782894 -0.321056 -0.159475 0.341524 -0.343243 -0.0735716 0.0416673 -0.0502871 -0.0282218 -8.61309 1.05421 4.53685 2.82238 -0.418363 -0.197585 0.00785723 -4.90029 -3.82805 4.17179 -0.0268216 -0.0121197 -0.153373 0.184708 0.138993 -0.776711 -1.22071 4.40986 0.944039 0.260974 -2.48056 -0.862939 -0.36236 -1.76469 0.874133 1.69788 
5.01028 -0.137618 -0.177036 -0.135484 -0.563093 -0.248726 -0.0525307 -0.213528 -0.558204 0.133027 -0.0488324 0.0112181 0.0567949 -7.97949 1.18361 3.64286 2.34776 0.943078 -0.144681 -0.197053 -5.24627 -3.34303 3.59618 -0.727007 0.181827 0.630617 5.65973 -0.43253 -2.79515 -1.20002 0.763515 0.0991312 -0.39692 3.54081 1.45302 -2.05326 -0.878864 -0.200734 0.116949 
4.98242 -0.120933 -0.176936 -0.111764 -0.543094 -0.244435 -0.0990963 -0.1545 -0.608978 0.181972 -0.0695494 0.00505049 0.066085 -6.51987 1.14832 2.61142 1.85398 1.78554 -0.239869 -0.169727 -4.72348 -2.77295 2.44355 -1.25203 0.460929 1.01684 6.70625 -0.396466 -3.20771 -0.791907 -1.63746 -0.606222 -0.45199 5.13119 2.94385 -2.70209 -0.283203 -0.726047 -0.575322 
4.9895 -0.118165 -0.177419 -0.102811 -0.532551 -0.24878 -0.127099 -0.124523 -0.61903 0.164822 -0.0755549 0.0058311 0.0633883 -4.73029 1.15991 1.66375 1.26926 1.81517 -0.401054 -0.0432341 -3.59251 -1.8738 1.39432 -1.56894 0.43757 1.10249 4.53193 -0.0089439 -2.44088 -0.441966 -2.07833 -1.02842 -0.170491 3.88169 3.01854 -2.53253 -0.0718976 -0.542896 -0.406217 
5.00121 -0.112642 -0.186434 -0.0828864 -0.541381 -0.258282 -0.1148 -0.15026 -0.629902 0.186693 -0.0996043 -0.0203881 0.0627478 -1.5924 1.10344 -0.0786244 0.892797 1.8232 -1.33135 -0.548751 -1.3265 0.0953879 -0.0467423 -1.8199 0.349472 0.968006 2.16793 0.240094 -1.74043 -0.452906 -0.357173 -1.61416 -0.282796 2.03656 2.76324 -2.37613 -0.118672 0.264929 0.101535 
5.0038 -0.0960535 -0.20462 -0.0605293 -0.526722 -0.292448 -0.133485 -0.144693 -0.593731 0.166523 -0.143658 -0.00813622 0.0888375 2.84698 0.965094 -2.41173 0.109154 0.940987 -2.31792 -1.16757 1.61262 2.73787 -1.83631 -1.29901 0.349706 0.731321 3.11714 0.256094 -2.1018 -1.00866 0.852841 -1.68438 -0.468 1.21401 3.0467 -1.99003 0.122814 0.678555 0.292582 
4.96863 -0.0608553 -0.21499 -0.0410763 -0.546491 -0.314241 -0.126498 -0.147716 -0.573404 0.125216 -0.168091 0.00179577 0.0976547 5.59703 0.970112 -3.53575 -1.24434 0.560519 -2.19086 -1.03942 2.6245 4.40173 -2.69008 -0.850842 0.233505 0.487694 6.5854 -0.121876 -3.17721 -2.3204 0.472017 -0.926979 -0.831193 2.91102 3.80507 -1.86254 0.900587 0.276257 -0.2074 
4.91963 -0.0256289 -0.204793 -0.0611772 -0.537858 -0.345617 -0.116464 -0.158286 -0.550013 0.101309 -0.190729 -0.00119786 0.122969 7.64356 0.935272 -4.28863 -2.63505 0.329739 -1.47927 -1.35297 3.81773 5.22316 -2.90126 -0.445664 -0.0797757 0.379014 7.94156 -0.459602 -3.03471 -3.36816 -0.625128 1.05247 -0.831193 3.66579 3.12964 -1.03265 1.47807 -0.529198 -0.705704 
5.14692 -0.0354011 -0.388217 -0.0636781 -0.345778 -0.535406 -0.233416 -0.0298808 -0.349651 -0.0335156 -0.240587 0.0515121 0.142002 8.99531 0.751218 -4.55338 -3.89587 0.272961 -0.490031 -1.71986 4.47892 5.48856 -2.64493 -0.0538752 -0.605558 0.39036 4.56734 -0.473955 -0.645907 -3.50746 -1.93643 3.68152 -0.130966 2.12419 0.287239 1.03576 1.46563 -1.68901 -0.67487 
5.64173 -0.0197072 -0.600683 -0.175529 -0.471902 -0.547571 -0.246077 0.112407 -0.116864 -0.117308 -0.170597 0.0617668 0.14417 9.42188 0.622426 -4.5033 -4.7979 0.129752 0.749511 -1.91969 4.32422 5.15634 -1.79573 0.264121 -1.33717 0.311945 -2.02121 -0.315511 2.12469 -1.98822 -1.01479 4.39296 -0.0185122 -0.754441 -2.84606 2.81494 0.425521 -2.15596 -0.145279 
5.84069 -0.00847429 -0.642491 -0.377752 -0.543468 -0.416203 -0.214665 0.267137 -0.0362265 -0.152543 -0.128719 -0.0162097 0.079262 8.86545 0.513611 -3.90584 -5.3996 -0.165053 2.02266 -1.98128 3.65176 4.35907 -0.731704 0.569209 -1.96543 0.102177 -6.37995 -0.0482993 3.30184 0.296636 0.141437 2.94594 -0.113083 -3.59196 -4.14112 3.44231 -0.37154 -1.55916 0.410224 
5.90724 -0.00700862 -0.666197 -0.477272 -0.526139 -0.317303 -0.307416 0.358852 -0.0528691 -0.124467 -0.133541 -0.0646272 0.107003 7.28959 0.442134 -2.87198 -5.51164 -0.441837 3.04987 -1.75712 2.29049 3.36138 0.317329 0.875703 -2.54215 -0.111222 -6.78515 0.137645 2.9206 1.58887 0.724989 0.687794 0.341919 -4.85626 -3.00993 2.58994 -0.358626 -0.662166 0.194748 
5.9559 -0.0192917 -0.665874 -0.54737 -0.491578 -0.260679 -0.33783 0.316712 -0.040285 -0.0627646 -0.14538 -0.136148 0.15061 4.29685 0.579737 -1.35056 -5.14092 -0.784871 3.97515 -1.49863 0.470754 1.86341 1.4479 1.13024 -2.87863 -0.377731 -4.52906 0.281716 1.56548 1.80646 0.495877 -0.876346 0.392593 -3.777 -1.0799 0.910627 0.27447 0.371126 -0.583025 
5.95157 0.0123386 -0.698012 -0.593719 -0.491906 -0.189199 -0.36412 0.255219 -0.0314129 0.00122073 -0.151222 -0.190326 0.150775 1.24293 0.684853 -0.317359 -3.97009 -0.289341 3.8057 -1.73223 -1.19198 0.748422 2.01313 1.16319 -2.60572 -0.552903 -2.14522 0.271616 0.688511 1.47401 -0.392597 -1.09782 0.308126 -1.97821 0.0463892 -0.328215 1.04549 0.998721 -1.06427 
5.94017 0.0278424 -0.666329 -0.674288 -0.535759 -0.120819 -0.368534 0.220188 -0.0432671 0.0337704 -0.112287 -0.222288 0.107332 -0.210905 0.851108 -0.0348051 -2.73026 -0.234122 3.20975 -1.90501 -2.61215 0.347983 2.19836 1.73512 -1.88322 -0.829419 -1.38976 0.264082 0.213055 1.46636 -0.389944 -0.748484 -0.2418 -0.748544 -0.0140808 -0.64349 1.32468 1.31344 -1.03803 
5.96337 0.0241535 -0.659695 -0.729631 -0.508801 -0.112157 -0.364592 0.142985 0.0188327 0.0484678 -0.0735508 -0.275353 0.100026 -0.958366 1.08135 0.151671 -1.8712 -0.677562 2.67554 -1.57334 -3.24105 0.175913 2.14977 2.48717 -1.1636 -1.26294 -1.24181 0.357883 -0.0207121 1.78817 -0.479063 -0.49177 -0.629242 -0.143757 -0.77003 -0.221945 1.30317 1.6406 -0.555144 
5.91908 0.0536425 -0.661725 -0.755953 -0.526734 -0.047897 -0.428076 0.114256 0.012586 0.0795483 -0.0346088 -0.280842 0.0556992 -1.49347 1.1779 0.548264 -1.25504 -1.60825 2.14493 -1.04662 -3.025 -0.380699 1.79148 3.31952 -0.280018 -1.44805 -0.817945 0.229052 0.289381 1.58567 -1.08268 -0.766714 0.404731 0.0465619 -1.24884 0.00290713 1.3368 1.60798 0.089366 
5.86954 0.077554 -0.668734 -0.726493 -0.554412 -0.00991328 -0.482812 0.0611357 -0.00147337 0.101306 0.0113483 -0.26429 0.0379244 -1.97202 1.19337 0.961956 -0.847977 -2.44124 1.75339 -0.444454 -2.71879 -1.01586 1.3248 3.83874 0.534931 -1.29357 -0.537844 0.115959 0.792548 0.680566 -1.89552 -0.86204 1.74685 0.519214 -1.48095 -0.284512 1.10981 1.38374 0.502425 
5.83171 0.10146 -0.660943 -0.735133 -0.558993 0.0300399 -0.514129 -0.033328 -0.0267744 0.144749 0.12159 -0.243664 -0.0161414 -2.74923 1.3182 1.13571 -0.636725 -3.06262 1.6942 0.260445 -2.60115 -1.75744 0.760822 3.97622 1.26402 -0.921571 -0.769522 -0.0145124 1.0852 -0.31827 -2.23911 -0.553483 2.57085 0.953203 -1.47575 -1.15227 0.315708 1.10659 0.924744 
5.80709 0.133707 -0.647768 -0.717447 -0.615972 0.02567 -0.494295 -0.0653555 -0.0479568 0.195852 0.187319 -0.22327 -0.0143352 -3.62548 1.16977 1.59746 -0.584978 -3.5686 1.11353 1.14435 -2.26557 -2.36857 -0.0272697 3.60492 1.7645 -0.554199 -1.42171 -0.306568 0.988848 -0.866174 -1.30342 -0.488695 2.31708 0.805197 -1.01584 -2.07734 -0.859745 0.682381 1.0072 
5.76858 0.133997 -0.566925 -0.738697 -0.777573 0.0134115 -0.399502 -0.0518875 -0.126222 0.170433 0.292432 -0.173522 -0.0103075 -4.95908 1.01455 1.96745 -0.469333 -4.06754 0.133496 1.86023 -1.60605 -2.35255 -0.681702 2.91514 1.87522 -0.0347225 -2.67855 -0.313087 0.388767 -0.419477 0.0625885 -0.875509 0.882461 0.744993 -0.0446305 -1.96891 -2.12718 0.105304 0.83693 
5.68723 0.164334 -0.538236 -0.768704 -0.859206 0.0600773 -0.365644 -0.0793558 -0.179926 0.139931 0.335439 -0.128504 -0.00924759 -7.20935 1.21483 1.87437 -0.831184 -3.71217 -0.509969 2.44386 -1.01727 -2.03617 -0.850838 2.25891 1.89298 0.438734 -4.21038 -0.0537978 -0.308931 0.0883373 1.37856 -1.69374 -0.0928393 0.81952 1.08623 -0.772379 -2.3261 -0.382559 0.710457 
5.55082 0.198043 -0.526137 -0.815055 -0.897802 0.134005 -0.314051 -0.148649 -0.252534 0.0862997 0.367512 -0.0803358 0.00496304 -8.83738 1.4251 1.03264 -0.975167 -2.6278 -1.57309 3.11961 -0.773052 -1.42568 -0.471787 1.43001 1.59613 0.513892 -4.37061 0.41139 -1.41543 0.316353 2.49199 -2.61652 -0.0880084 0.79424 2.0321 1.30681 -1.64332 -0.860897 0.154069 
5.44012 0.156771 -0.450775 -0.809553 -0.91561 -0.00103959 -0.251264 -0.151343 -0.260382 0.0108535 0.321333 -0.0700363 0.0216562 -9.90025 1.16825 0.164696 -0.999085 -1.13926 -1.53655 2.71783 -0.643823 -0.0644972 -0.377518 0.618847 0.916746 0.140598 -2.97659 0.57812 -2.5077 0.109796 3.08793 -1.19789 -0.181976 0.451577 2.70134 2.44771 -0.656769 -1.24852 -0.614154 
5.17178 0.191919 -0.428119 -0.758216 -1.04251 -0.0817627 -0.268881 -0.0667368 -0.235498 0.0201675 0.301696 -0.0630843 0.0473956 -8.11794 0.366501 -1.29139 -0.323815 0.351631 -1.04645 1.90687 -0.150204 1.25013 -0.00838836 -0.439505 -0.240161 -0.2908 2.36098 -0.722838 -3.1255 0.218412 3.3336 1.22625 -0.476896 0.0897944 2.61441 1.78296 -0.454684 -1.86683 -1.40515 
4.80007 0.285873 -0.483452 -0.851834 -0.939941 -0.0703472 -0.19866 -0.100942 -0.216183 0.0955657 0.35522 -0.0263926 0.0781418 -5.06843 -0.709388 -2.56958 0.0728535 1.68296 -0.775559 1.3862 0.547193 2.56816 0.487572 -1.28463 -1.39839 -0.665204 8.84548 -2.69979 -2.85888 0.996892 2.45144 2.82735 -1.49008 0.603256 2.37904 0.176805 -1.38051 -2.55228 -1.61931 
4.7378 0.316541 -0.617287 -0.858163 -0.826397 -0.228354 -0.0498573 -0.174479 -0.182274 0.20942 0.352061 -0.062126 0.00639622 -0.664223 -1.82409 -3.56615 0.598815 2.86957 -0.350897 0.732868 1.05269 3.24734 0.53015 -2.07178 -2.12504 -0.507007 12.5283 -3.81878 -1.57639 1.47999 1.29513 3.21693 -2.36689 1.41207 1.32355 -1.53726 -2.15644 -2.15105 -0.246598 
4.64345 0.229623 -0.620718 -0.850263 -0.787624 -0.0579897 -0.171856 -0.144052 -0.00817259 0.110948 0.303873 -0.132999 -0.0460164 3.98824 -2.55622 -4.15064 0.956877 3.75235 0.572312 0.280469 1.25264 2.97255 -0.0604973 -2.69932 -2.27662 0.0502461 12.3383 -2.85262 -0.313469 1.38793 0.628103 0.828717 -1.29568 1.43814 -0.865388 -1.90087 -2.15285 -0.575136 1.69765 
5.08846 0.085131 -0.774165 -0.726357 -0.772971 0.0388568 -0.213373 -0.0406011 0.011315 0.107335 0.205485 -0.250207 -0.0702689 8.00557 -3.01405 -3.79934 1.16256 4.36272 0.903856 -0.067725 1.44649 2.20767 -1.14396 -3.27004 -1.97507 0.661555 6.21851 -0.095173 1.45226 0.262837 0.356007 -1.14346 -0.140197 0.552052 -2.52813 -1.94427 -1.01083 1.68707 2.9173 
5.27373 0.00408886 -0.862346 -0.771672 -0.650111 0.00267168 -0.189061 -0.000303295 0.124816 0.148687 0.131941 -0.319455 -0.0750385 10.4381 -2.96741 -3.05543 1.72298 3.95476 0.854013 -0.638877 1.99288 1.12319 -2.17072 -3.76871 -1.2657 1.4037 0.0207233 2.35802 2.39315 -0.214483 -0.077724 -1.53952 0.476846 -0.29191 -3.70936 -1.81722 0.225923 3.21036 2.71891 
5.59038 -0.0760127 -0.901657 -0.710084 -0.552382 -0.0199016 -0.211941 -0.00104657 0.094993 0.0680328 0.0525527 -0.304319 0.0406041 10.1684 -2.05178 -2.27507 1.90038 3.5961 0.435132 -0.509508 2.22474 -0.241319 -2.76017 -3.63699 -0.0621692 2.15122 -4.83904 3.53897 2.21345 -0.228379 -0.83597 -1.45144 0.850919 -0.394745 -3.18042 -0.932191 1.04499 3.14251 0.848384 
5.79874 -0.0825915 -0.904615 -0.679465 -0.503388 -0.00766961 -0.187772 0.0287614 0.015991 -0.0412092 -0.0183566 -0.264713 0.135068 8.42124 -0.66681 -1.67919 1.83068 3.42039 -1.16201 0.647951 1.95972 -1.45157 -2.77911 -3.09451 1.33836 2.28487 -6.98486 3.04763 1.35979 0.0584193 -1.2604 -1.19009 0.865683 -0.127771 -1.41623 0.00190862 1.40349 2.23204 -1.07404 
5.84031 -0.0325856 -0.85949 -0.69054 -0.450628 -0.0221986 -0.208635 0.074954 -0.0295907 -0.101982 -0.0428937 -0.210402 0.160241 5.67851 0.0531011 -0.512583 1.9075 2.57155 -1.84865 0.730986 2.32656 -1.95356 -2.92946 -2.24648 2.31614 2.12821 -5.15407 1.11826 0.330296 0.702815 -1.61149 -1.33199 0.959821 0.614866 -0.0264163 0.894905 1.41272 0.900937 -1.85661 
5.8796 0.00225915 -0.891836 -0.636273 -0.430342 -0.0219311 -0.231696 0.113907 -0.0828983 -0.127659 -0.091395 -0.152226 0.195423 3.83631 0.0553541 0.701373 2.27428 1.23329 -2.24996 0.638904 3.08344 -2.32294 -2.62932 -1.25587 2.45318 1.35925 -2.85148 -1.00766 0.992761 0.547278 -1.82153 -1.52107 0.581926 1.38036 0.974927 1.22825 1.67209 -0.395885 -1.93173 
5.8456 0.0546473 -0.929486 -0.58452 -0.393185 -0.113502 -0.135046 0.123192 -0.1389 -0.149536 -0.0989725 -0.096836 0.195339 1.80043 -0.338802 1.83276 2.71798 -0.219427 -2.84966 0.3621 3.83031 -2.06185 -1.5403 -0.166867 2.08949 0.0557107 -0.540192 -2.62195 2.42491 0.833117 -2.58429 -0.908068 -0.977452 2.03086 0.949483 1.37347 1.85142 -1.3388 -1.60035 
5.81548 0.0758417 -0.919821 -0.571557 -0.352688 -0.221348 -0.0481229 0.146929 -0.123401 -0.210499 -0.105882 -0.0205319 0.160855 0.279125 -0.815331 2.79575 3.52231 -1.71887 -3.73399 0.156097 3.68111 -1.48238 -0.068147 0.756693 1.4817 -1.069 -0.335821 -2.45623 3.20366 1.321 -3.34574 -0.524843 -1.85791 1.26952 0.555624 2.2558 1.86951 -1.92572 -1.51491 
5.95394 -0.041951 -0.848485 -0.473149 -0.451011 -0.204926 -0.163797 0.347209 -0.149242 -0.225243 -0.0837448 -0.0272276 0.192408 -0.925741 -1.13557 3.58378 4.61008 -3.23108 -4.14812 -0.260549 2.91501 -1.2164 1.12813 1.47303 0.988781 -1.69758 -2.36141 -0.44151 2.50385 1.75706 -3.04939 -0.787692 -1.36623 -1.51917 0.325093 2.9438 1.49269 -1.40859 -1.5828 
5.95044 -0.108644 -0.70178 -0.461262 -0.507528 -0.291386 -0.153665 0.438222 -0.17572 -0.192152 -0.0220212 -0.0644617 0.129253 -3.29542 -1.38195 4.55384 5.24771 -4.1426 -4.06537 -1.00598 1.72874 -1.29523 1.96222 2.09857 0.616208 -1.90672 -4.82478 1.27043 0.742417 2.14077 -1.96457 -0.30107 -0.918421 -4.09513 -0.108875 2.5199 0.681919 -0.293949 -0.628799 
5.88592 -0.154887 -0.5941 -0.319116 -0.623356 -0.378313 -0.215309 0.505053 -0.206735 -0.121494 0.0376318 -0.0566468 0.0514518 -10.186 -1.0394 5.94195 5.38011 -3.30079 -2.90594 -0.98603 -0.834506 -0.975338 1.62811 1.30807 0.0952968 -1.87268 -10.8044 2.21032 0.267305 0.886028 1.23453 1.27131 0.525777 -6.27573 -0.0278664 0.0469171 -1.10506 0.229548 0.608156 
5.77181 -0.115097 -0.519999 -0.192805 -0.750511 -0.516498 -0.17557 0.408303 -0.172749 0.00756181 0.0719287 -0.0708894 -0.0167713 -17.093 -0.202794 6.88388 5.40256 -1.06459 -2.52759 -0.851043 -3.04463 -1.39282 0.578095 0.740616 0.270752 -1.67187 -15.9216 1.86958 1.05444 -0.839203 5.4398 2.52707 0.996888 -5.67247 -0.41079 -3.48711 -2.40294 0.707437 1.46756 
5.63582 -0.0775735 -0.464627 -0.0308974 -0.864475 -0.53839 -0.249349 0.319155 -0.219306 0.0600282 0.113603 -0.0333216 -0.0251626 -22.3127 0.765862 7.22672 4.71111 1.19313 -2.19149 -0.321389 -4.92052 -1.55387 -0.485945 0.0938668 0.598931 -1.57396 -15.7537 0.975714 1.91218 -2.46395 7.6803 2.39935 1.20484 -3.10462 -0.496214 -5.13041 -2.67627 0.496665 1.2752 
5.25192 -0.120358 -0.365526 0.0325529 -0.870526 -0.528687 -0.32086 0.228971 -0.307353 0.0707567 0.154566 -0.0132764 0.00817108 -24.968 1.10325 7.01581 3.63896 3.29545 -1.01018 -0.402184 -5.9137 -1.34559 -1.40193 -0.608845 0.620338 -1.14547 -8.0348 0.4292 1.29728 -3.21795 6.71122 1.30847 0.910021 -0.271586 0.0573981 -3.88998 -1.73739 0.0768504 0.220021 
3.9255 -0.0386286 -0.0970923 0.0191854 -0.562525 -0.386474 -0.128748 -0.12546 -0.210481 -0.146014 -0.0894536 -0.0737994 -0.0130267 -25.5789 0.823006 6.73549 2.07813 5.08252 0.484164 -0.427999 -6.17832 -0.996152 -2.05252 -1.28524 0.385668 -0.53219 6.2809 -0.781484 -1.13765 -2.72002 2.0464 0.57964 -0.953139 2.69393 0.357145 0.00871444 0.390407 -0.194784 -0.103166 
3.47535 0.00918037 0.0371087 0.0908706 -0.29342 -0.558415 -0.195063 -0.108628 -0.356718 -0.302232 -0.0237332 0.0506609 -0.0233422 -19.0322 -1.13243 3.84531 0.459342 5.02512 3.26769 0.00659138 -4.54841 -0.806498 -2.18245 -1.78642 0.0623758 0.158376 18.9324 -3.02147 -5.27948 -2.51042 -3.40189 3.38014 -0.694589 3.5949 1.41517 3.33408 0.575705 -1.2317 0.507082 
3.34228 0.00433259 0.116907 0.0650388 -0.31372 -0.545398 -0.220054 -0.112693 -0.366436 -0.267708 -0.0161109 0.0303363 -0.0606316 -6.87286 -2.39354 1.3409 -0.873453 3.58647 4.22598 0.365034 -2.88875 -0.0624155 -0.834496 -1.28594 0.126408 0.709083 28.0815 -4.2793 -7.81125 -1.86789 -6.22554 4.7931 0.0353608 3.59125 1.62218 4.459 0.796739 -0.809866 1.64702 
3.192 -0.0241207 0.148481 0.00600443 -0.219925 -0.435638 -0.271056 -0.207273 -0.302563 -0.226567 -0.0353304 -0.0252703 -0.072801 5.92478 -2.63547 -0.385112 -0.349273 0.0867613 3.01413 -0.507274 -0.5268 0.202019 1.02762 -0.0278645 -0.11275 0.869265 29.9257 -3.10869 -6.63711 0.0897472 -7.8345 1.77257 0.244113 3.88481 0.760476 3.94114 1.54445 -0.0989551 1.80728 
3.01698 -0.0907055 0.196988 -0.0112369 -0.170319 -0.30698 -0.296791 -0.277522 -0.272506 -0.201913 -0.0938022 -0.0422574 -0.0139604 18.041 -2.73025 -2.25043 0.261014 -3.73553 1.6234 -1.86706 1.74898 -0.142591 2.66932 1.43248 -0.172007 1.13696 23.4884 0.391036 -2.82579 2.07458 -7.17466 -3.63292 -0.658652 3.54039 -0.375294 2.16375 2.38327 0.430488 0.658713 
4.15365 -0.447216 -0.365385 -0.090904 -0.402351 0.120076 -0.140417 -0.0663602 -0.29788 -0.162508 -0.14251 -0.0686306 0.0668084 22.8796 -2.00184 -3.27491 0.542094 -5.95096 0.701045 -1.94584 2.53904 0.0772126 3.12399 1.58786 -0.482055 1.05767 7.00278 4.80104 2.79678 3.27617 -4.0223 -9.00717 -2.68587 2.19208 -1.39243 0.14917 2.79278 0.673245 -0.994335 
5.2664 -0.396452 -0.304392 -0.12024 -0.533467 -0.038908 -0.190404 -0.0808423 -0.224541 0.035386 0.0199982 0.0430078 0.120962 23.925 -1.03615 -3.49803 1.04357 -6.49259 -0.963301 -1.92206 3.30385 0.0131416 2.58702 1.69411 -0.158386 0.803141 -10.4549 5.23845 3.74946 2.21219 -0.24714 -7.13955 -2.0573 0.750348 -1.21222 -2.17065 0.520425 -0.179857 -2.02779 
5.46961 -0.258899 -0.125102 0.15976 -0.852015 -0.434678 -0.409576 0.083881 -0.299205 0.105302 0.144323 -0.0512752 0.068253 21.7967 0.207889 -3.14595 1.36555 -6.45049 -2.80345 -1.83291 3.89535 -0.0590008 1.99867 1.70654 0.321981 0.289741 -18.2132 2.86229 1.46969 -0.933827 4.11445 -1.28726 0.607529 -1.03817 0.267629 -3.12646 -1.96003 0.195248 -1.6387 
5.73758 -0.213964 -0.198925 0.149638 -0.921982 -0.4656 -0.482113 0.116251 -0.361382 0.0481034 0.151364 -0.0358447 0.076818 16.0616 1.57804 -2.33473 1.44163 -5.1616 -4.10726 -2.01526 3.76276 0.147981 1.34807 1.5243 0.565255 -0.335659 -17.2575 0.151392 -0.491425 -2.19727 5.43894 2.6246 2.31102 -1.33718 1.52449 -2.15809 -2.7617 0.579058 -0.767038 
5.69761 -0.133732 -0.282608 0.113317 -0.918132 -0.5105 -0.442316 0.159676 -0.354876 0.0166482 0.129349 -0.0285308 0.0337313 5.23986 2.53623 -0.531896 1.38034 -2.85004 -4.35481 -2.4755 2.61179 0.41845 0.453941 0.725168 0.540304 -0.378696 -11.3462 -1.78942 -1.09402 -1.78388 4.25793 4.08465 1.71615 -1.17067 1.61379 -0.61039 -2.03699 0.614273 0.570809 
5.75502 -0.157947 -0.296399 0.102342 -0.924965 -0.512078 -0.412175 0.203611 -0.279147 0.00467438 0.089616 -0.01436 0.014504 -7.63828 2.31065 0.139684 0.216831 1.19128 -1.85467 -1.43617 1.03379 0.476264 -1.77638 -0.619401 0.00280497 -0.460362 -13.5971 -0.750085 1.77924 -0.990706 4.78726 2.92062 0.182558 -2.45683 0.60189 -0.862698 -0.755018 -0.0884546 1.03268 
5.69787 -0.124081 -0.335722 0.0926283 -0.911543 -0.560715 -0.418868 0.243423 -0.249624 0.0254011 0.0849686 0.0339652 0.00586033 -15.8315 1.96781 1.22171 -1.13759 4.75236 -0.00141779 -0.0867807 -0.966747 0.980699 -2.75042 -1.64654 0.379069 -0.382883 -18.3375 0.298876 4.38652 -0.406391 5.50746 1.81765 -0.162911 -3.64206 -0.533011 -2.27951 -0.634236 -0.970133 0.569932 
5.57292 -0.0890909 -0.373561 0.111842 -0.866546 -0.567662 -0.472698 0.269655 -0.230482 0.0316914 0.0855977 0.0451075 0.00969507 -22.2513 1.4681 2.95076 -1.13566 6.6017 0.605351 0.452966 -2.37296 1.27774 -2.92676 -2.00287 0.349577 -0.379117 -17.9333 0.25807 4.93015 -0.854559 5.67172 1.5257 1.11234 -4.32859 -0.677447 -2.80172 -0.992342 -0.72717 -0.150671 
5.11524 -0.125092 -0.316804 0.12551 -0.83454 -0.497424 -0.56041 0.222104 -0.234161 0.00455571 0.0346966 0.0168793 0.102359 -20.3352 0.0603281 2.29792 -2.41899 6.61972 1.91159 2.71739 -3.63526 0.319625 -1.90069 -2.19594 -0.287867 0.0866029 -4.05499 -1.15152 1.40464 -2.01044 2.45372 1.26986 4.31695 -3.17606 -0.914773 -0.135768 -0.856863 -0.48899 -0.668646 
3.70487 0.0160052 -0.0250976 -0.0162742 -0.278118 -0.391931 -0.446891 -0.0237019 -0.246021 -0.327132 -0.00865427 -0.0635069 0.0208207 -15.4784 -0.402551 2.11789 -3.10548 5.7654 2.29887 3.81685 -4.55724 -1.02929 -0.55463 -1.84659 -0.417313 0.576486 19.0602 -3.01622 -3.39587 -1.81976 -4.50881 0.619942 4.77114 -0.408047 -1.67666 4.79854 0.166026 0.143275 0.426465 
3.37296 0.0390417 0.0863434 -0.00867396 -0.203222 -0.482926 -0.38351 -0.100567 -0.213074 -0.301584 -0.0989676 0.0266668 -0.0185815 -8.28768 -0.507158 1.20251 -2.37903 3.41013 2.54698 4.11452 -4.74489 -2.0096 0.552507 -1.59301 -0.500692 0.946913 31.7737 -2.50589 -6.25253 -0.3119 -8.91177 0.549545 2.57343 1.59176 -2.71854 6.46562 1.4756 -0.0343182 1.58289 
3.08898 -0.0632429 0.121671 0.0083037 -0.150413 -0.410839 -0.360232 -0.162821 -0.168727 -0.273798 -0.116412 0.0389961 -0.0060096 0.177654 -0.62465 0.0628625 -1.70291 0.978422 2.46968 3.96989 -4.09945 -2.69695 1.73254 -1.24268 -0.408506 1.01163 29.7104 -0.0544793 -5.22291 1.92789 -9.03257 -0.194711 -1.3204 2.63385 -2.7646 4.64065 1.84593 -0.0430583 1.60395 
4.24282 -0.297514 -0.319828 -0.33822 -0.345383 -0.191358 0.173944 -0.228983 -0.372174 0.00352866 -0.149584 -0.109712 0.0802067 8.96081 -0.813757 -1.19361 -1.06715 -1.36912 2.21585 3.18531 -2.82947 -3.08379 2.98777 -0.724486 -0.394606 0.971603 11.147 2.4671 -0.17174 4.4578 -4.54769 -1.28912 -6.25233 2.72137 -0.709538 0.0709712 1.33583 0.391702 0.362906 
4.65424 -0.182468 -0.127251 -0.265577 -0.424131 -0.296414 -0.00302906 -0.284489 -0.480706 0.111701 -0.0616969 -0.0103216 0.140953 15.8466 -1.19119 -2.39453 -0.270679 -3.58806 2.04423 1.55334 -1.27346 -3.21655 4.01628 -0.405289 -0.263574 1.30232 -5.35149 2.05619 1.92027 3.13879 0.960274 -0.742001 -5.65076 2.21668 1.29383 -3.08363 -0.0364753 -0.0247527 -1.13816 
4.90514 -0.0748155 -0.255009 0.00665372 -0.667328 -0.275713 -0.131331 -0.266869 -0.514673 0.0907009 -0.0837337 -0.0119661 0.161929 15.3794 -0.908737 -1.96229 -0.297556 -3.25092 2.13177 0.085623 -0.390054 -3.22291 3.33899 0.0292392 -0.641771 1.16756 -11.7178 -0.156744 2.7936 -0.529477 4.23128 -0.322612 -2.87528 1.63931 2.03608 -2.74129 -0.551218 -0.160479 -1.48257 
5.08276 -0.0995853 -0.251572 -0.017706 -0.638804 -0.237176 -0.163329 -0.225979 -0.537219 0.104522 -0.0970734 -0.0278828 0.133163 11.8913 -0.579768 -0.83618 -0.107892 -2.18745 1.3036 -1.14943 0.580202 -2.56547 2.36551 0.00308937 -0.281791 0.764065 -11.1645 -1.74344 1.92516 -2.73766 4.35332 -0.0382361 0.148449 1.01234 1.70522 -1.437 -0.390645 -0.111557 -0.79171 
5.16462 -0.155103 -0.212444 -0.0793979 -0.605825 -0.19174 -0.192144 -0.219987 -0.557915 0.135242 -0.101406 -0.0768445 0.134007 5.17875 -0.723176 0.711959 0.323629 -0.625704 0.387779 -2.42133 1.36293 -1.03075 1.47254 -0.022218 0.208032 0.328715 -6.27204 -1.95726 0.522344 -2.85237 2.38161 -0.645611 2.11793 0.752627 1.16587 0.21276 0.05122 0.354679 0.00476348 
5.16031 -0.173686 -0.229222 -0.104115 -0.5485 -0.165006 -0.224214 -0.21145 -0.571657 0.138366 -0.134279 -0.042764 0.141943 2.01616 -1.97083 0.429673 -0.8182 0.248331 0.365838 -1.00021 1.47978 -0.242212 1.67384 -0.168814 -0.00847703 0.19073 -3.76243 -1.13161 0.61852 -0.725204 0.219555 -1.71897 1.59474 0.366498 1.20934 1.03138 0.59229 0.828111 0.361054 
5.09629 -0.197236 -0.16367 -0.190128 -0.533498 -0.148978 -0.240999 -0.180734 -0.609606 0.159977 -0.0935022 -0.0844993 0.137391 -0.66757 -2.37147 0.935451 -1.83709 1.06885 -0.0852577 0.00640637 1.10928 -0.0226606 2.02345 0.0922109 0.253191 0.14664 -2.3718 -0.35149 -0.335353 1.00146 -1.05395 -1.53407 1.41577 -0.375801 1.09969 1.05818 0.376804 0.791184 0.243227 
5.1038 -0.267712 -0.164147 -0.188956 -0.509381 -0.203421 -0.210587 -0.102197 -0.575734 0.175774 -0.116992 -0.0179204 0.148604 -2.90881 -1.7852 0.872427 -1.79149 0.987418 -0.385628 0.357169 0.713364 0.0998904 1.99059 0.384707 0.446451 0.155177 -2.56512 0.799258 -0.354809 0.605658 -0.644222 -0.403162 0.923815 -1.37458 0.2374 0.53582 0.451687 0.0688446 -0.175849 
5.08538 -0.334639 -0.165422 -0.194785 -0.527363 -0.245569 -0.205666 -0.07167 -0.502514 0.28051 -0.0994816 -0.0120181 0.166721 -4.25878 -0.787957 0.608929 -1.633 1.15837 -0.915913 0.445444 0.867248 -0.00795788 1.62477 0.858265 0.368192 -0.0990389 -3.00293 2.31461 -0.311176 -0.0898958 0.478207 0.313938 0.0768871 -1.22597 -0.9603 -0.921112 0.62479 -0.559738 -0.627885 
5.02966 -0.385711 -0.142928 -0.20574 -0.549815 -0.255131 -0.161488 -0.132648 -0.518198 0.345994 -0.0841062 -0.0154694 0.176475 -4.47883 0.207067 0.139449 -0.99326 1.1033 -1.42217 0.715409 0.82495 -0.20719 1.27116 0.976966 0.181453 -0.475329 -1.97999 3.27955 -0.71771 0.0636084 1.19145 0.0354547 -0.559823 0.021639 -1.32049 -1.9869 0.487128 -0.679202 -0.973573 
4.83182 -0.339813 -0.142408 -0.23269 -0.515867 -0.247043 -0.127756 -0.16102 -0.561285 0.333474 -0.0756907 0.00339759 0.148083 -4.32835 1.40303 -0.668327 0.132633 0.782194 -1.50411 0.889183 0.356351 -0.270117 0.586761 0.898153 0.040274 -0.958559 0.714985 2.88587 -1.20201 1.26462 0.442738 -0.576615 -0.481985 0.769571 -0.714952 -2.02436 0.208857 -0.716453 -1.05297 
4.6732 -0.266989 -0.128701 -0.298632 -0.460293 -0.222896 -0.162525 -0.15853 -0.563221 0.319548 -0.0437752 -0.00821905 0.136802 -4.10445 2.4709 -0.857549 0.757938 0.508274 -1.33215 0.803997 0.0209022 -0.56734 -0.218483 0.976097 -0.394178 -1.31896 3.08173 1.50457 -1.35276 2.65529 -0.942065 -0.872919 0.21683 0.521239 0.130616 -1.43733 -0.373372 -0.338752 -0.804749 
4.61602 -0.181327 -0.151538 -0.316283 -0.381092 -0.315341 -0.195947 -0.0451083 -0.604776 0.276245 0.0281545 -0.0552665 0.10079 -3.50129 3.11973 -0.872538 1.29364 0.384797 -1.32569 0.866177 0.0257474 -0.780176 -1.11436 0.751328 -0.331142 -1.47218 3.27991 0.0293884 -0.53101 2.61434 -1.96263 -0.0725183 0.757488 -0.735842 0.705227 -0.62135 -0.872771 0.169874 -0.180275 
4.67949 -0.132919 -0.226936 -0.193499 -0.414397 -0.38567 -0.12266 -0.0564272 -0.618641 0.283827 -0.0238366 -0.02803 0.0611226 -2.58809 3.33977 -1.02497 1.95388 -0.0190413 -1.28302 1.08866 -0.279581 -0.370718 -1.73884 0.759952 -0.455806 -1.39493 1.53596 -0.756857 0.669062 1.01905 -1.58309 0.860261 0.709835 -1.57745 0.760659 -0.548898 -0.377972 0.145808 0.524639 
4.65623 -0.0539088 -0.29416 -0.0695907 -0.504703 -0.361491 -0.0892493 -0.132784 -0.582568 0.234372 -0.0127312 -0.047037 0.00624624 -1.34774 2.92638 -0.991285 2.47464 -0.539174 -1.28662 1.61 -1.06082 0.22069 -2.04434 0.743801 -0.730795 -0.993193 0.097477 -1.09117 1.28006 -0.689786 -0.279204 0.852365 0.689566 -1.62485 0.691693 -0.576668 0.147575 -0.0821115 1.16342 
4.62859 -0.0265535 -0.237696 -0.0785896 -0.50071 -0.367173 -0.0992669 -0.118225 -0.596435 0.201148 0.0058733 -0.0692543 0.00872003 0.213284 2.11503 -0.967469 2.64421 -0.783863 -1.3503 0.962376 -1.20697 1.58997 -2.28095 0.190961 -0.46139 -0.53214 0.732378 -1.25912 0.576585 -1.14618 0.568593 0.200025 -0.419739 -0.884713 1.82954 -0.545312 0.0347933 -0.0932787 1.30476 
4.59709 -0.000544772 -0.212047 -0.0745708 -0.485049 -0.395042 -0.0650068 -0.115695 -0.614384 0.169036 -0.0155985 -0.024295 0.0143314 2.77067 1.00029 -1.04657 2.72107 -2.12288 -0.969241 0.223882 -0.418077 2.48603 -2.29444 0.233504 -0.259435 -0.197744 3.9311 -1.72072 -0.645095 -0.351375 -0.568968 -0.383177 -1.82339 1.26102 2.55333 -0.248889 0.0516467 -0.103462 0.824962 
4.57095 0.0427075 -0.256789 -0.00755216 -0.526578 -0.381209 0.00531194 -0.234771 -0.559999 0.10428 0.0462097 -0.0801912 0.0157323 5.07723 -0.24784 -0.685727 2.38343 -3.39596 -0.884376 -0.563984 1.06225 2.61659 -1.92747 0.855962 -0.267142 0.0453971 6.96538 -2.49003 -0.844028 0.443789 -2.72623 -0.507978 -2.71024 3.84126 1.74947 0.741287 0.0072097 0.484024 0.130988 
4.59377 0.0425258 -0.26122 0.0180761 -0.527391 -0.414736 0.0775484 -0.318302 -0.509277 0.0581141 0.0572197 -0.130502 0.0469166 6.95421 -1.32023 -0.22806 2.02078 -4.38093 -0.964667 -1.00246 2.14128 2.40591 -1.14397 0.950185 -0.135842 0.296939 6.83768 -2.55244 0.0478086 0.46117 -4.224 0.0608809 -2.39063 4.72925 -0.279825 1.72984 0.474213 0.702555 -0.395029 
4.81227 -0.00727501 -0.293909 0.0199228 -0.495358 -0.479766 -0.197098 -0.170479 -0.258721 0.0190152 -0.0521404 -0.0467451 0.0648458 7.83574 -1.86773 -0.00753617 1.99069 -5.14705 -0.525968 -1.35584 2.21402 2.01244 -0.58971 0.833924 -0.0724641 0.305611 2.59064 -1.57368 1.51413 -0.185672 -3.46898 0.961306 0.119413 2.08555 -3.13973 2.13031 0.908588 0.127308 -0.366925 
5.25474 -0.0910213 -0.374648 0.142325 -0.833281 -0.456948 -0.193691 0.0578068 -0.298963 0.0135878 0.0626988 -0.0616224 0.0264729 8.41602 -2.50009 0.523728 1.97849 -5.27788 -0.166552 -2.00719 2.07594 1.1825 -0.0871502 0.684199 -0.230661 0.476763 -3.09263 -0.194329 2.38994 -0.944842 0.445714 1.21817 1.09861 -2.34548 -3.58463 1.51173 -0.171898 -0.282522 0.283371 
5.4089 -0.187452 -0.297601 0.171003 -1.00904 -0.473952 -0.172048 0.14297 -0.372329 0.0863452 0.144384 -0.0685794 0.0210926 8.29692 -2.97984 1.3248 1.70955 -4.93996 0.157039 -2.35065 1.72554 0.0854494 0.341136 0.408998 -0.0147986 0.731057 -5.35582 0.723303 1.77212 -0.898169 3.54069 1.19089 0.706265 -5.05516 -2.25408 0.0625268 -1.15133 -0.518072 0.875893 
5.42039 -0.205558 -0.215665 0.133092 -1.05237 -0.466982 -0.170334 0.103817 -0.382199 0.133521 0.106371 -0.0712015 0.0528524 6.82804 -2.76747 1.85066 1.4792 -4.2438 0.563791 -2.17591 0.642818 -0.928466 0.55844 0.438811 -0.0113572 0.804223 -4.24216 0.765013 0.625752 -0.365267 4.30841 0.563203 -0.297391 -4.36929 -0.713363 -0.904121 -1.12976 -0.24646 0.866694 
5.38583 -0.191261 -0.188103 0.142996 -1.04427 -0.387786 -0.202743 -0.0122509 -0.413876 0.100455 0.0724205 -0.0752161 0.0586627 4.43273 -2.12908 2.20598 1.11275 -3.03949 0.744752 -1.41951 -1.02345 -1.76792 0.687326 0.570734 -0.288502 0.888004 -1.86582 0.58188 -0.344624 -0.1088 2.86209 -0.395205 -0.883362 -1.5061 0.543135 -0.680795 -0.307302 0.217781 0.350138 
5.52746 -0.281006 -0.154484 0.211864 -1.02533 -0.407079 -0.293085 -0.0530218 -0.46349 0.0955811 0.0620866 -0.109883 0.109295 2.14779 -1.28436 2.07344 0.529182 -1.13442 0.450134 -1.62427 -2.24653 -1.22317 0.596685 0.168671 -0.194348 0.935834 -1.21767 1.15725 -1.04693 -0.37064 0.653952 -0.749955 0.159124 0.546801 0.880202 0.0337675 0.827194 0.34976 -0.562758 
5.61672 -0.338976 -0.0982893 0.215265 -1.05888 -0.391174 -0.307393 -0.0929636 -0.474591 0.0907604 0.0716105 -0.0827246 0.14821 1.15056 -0.481669 1.0652 0.495143 -0.347129 0.165419 -1.59201 -2.23104 -0.648583 0.166428 0.208818 -0.0534248 0.753881 -2.06692 1.79394 -1.56447 -0.64285 0.050614 -1.02648 0.811009 1.27088 1.06443 0.414807 0.979179 0.232384 -1.02575 
5.56685 -0.304622 -0.082727 0.213601 -1.06087 -0.386708 -0.326337 -0.121514 -0.486841 0.0993908 0.0924062 -0.0805669 0.134646 -0.790134 0.290005 -0.133863 0.576147 0.137187 -0.145157 -1.17881 -0.985621 0.208636 -0.404664 0.438788 0.220536 0.394111 -3.48755 1.98327 -2.20801 -0.491 0.449802 -0.778437 1.13077 1.79371 1.6072 -0.327817 0.27889 0.307889 -0.872335 
5.55569 -0.28472 -0.0763057 0.202829 -1.06638 -0.402622 -0.354131 -0.134674 -0.488338 0.133772 0.11572 -0.0879192 0.128048 -5.73644 0.531132 -0.960684 0.0974493 1.68273 0.544631 -0.181474 -0.300085 1.78986 -1.33628 0.10555 -0.0464342 -0.607901 -7.48435 1.12221 -2.37084 -0.248669 2.23677 0.807499 1.56876 1.62933 2.53282 -2.065 -0.801395 -0.0589038 -1.21221 
5.55064 -0.252699 -0.111182 0.192429 -1.06598 -0.437201 -0.359031 -0.162748 -0.450249 0.146678 0.133549 -0.0891447 0.116931 -6.95037 0.252274 -2.17414 -1.58023 2.18172 1.36477 0.699711 -0.367626 3.1515 -1.60267 0.205138 0.232667 -1.37016 -7.24045 -0.899889 -2.09286 -1.44734 2.89845 2.30339 1.70797 0.784279 3.03836 -2.44666 -1.03824 -0.0868606 -1.38919 
5.50407 -0.219879 -0.183502 0.219935 -1.06568 -0.452607 -0.344521 -0.136532 -0.440368 0.100474 0.146975 -0.0694557 0.120473 -7.53377 0.726432 -2.55518 -2.12612 3.23053 1.05057 1.61492 0.476163 3.28031 -1.99284 0.381139 0.224196 -2.02954 -3.64953 -1.47425 -0.73064 -2.54483 2.71621 2.0315 1.90421 0.155977 1.98582 -1.46433 -0.362195 -0.0346157 -1.58266 
5.13784 -0.13931 -0.279728 0.232251 -0.97982 -0.436732 -0.314046 0.015913 -0.313354 -0.00396006 0.113394 -0.0294583 0.106244 -7.99631 1.2915 -2.92965 -2.71883 3.74936 0.59454 2.77432 1.74056 3.51919 -2.44751 0.469867 0.57678 -1.8061 2.55264 -0.407506 0.416604 -2.64716 1.02889 -0.181781 1.93128 0.353537 -0.319204 0.27912 0.831936 0.293186 -0.60712 
4.30431 -0.237279 -0.284621 0.155026 -0.653048 -0.186048 -0.205653 -0.106881 -0.105273 -0.175636 0.0123599 -0.151633 -0.0727278 -8.10588 1.31657 -3.54206 -2.87396 4.8014 1.37363 3.59149 2.25708 3.08589 -2.94891 0.30706 0.73558 -1.41837 8.0001 1.49604 0.256952 -0.809476 -0.792092 -2.23492 1.35718 1.84106 -2.93864 1.38348 1.44513 1.02749 1.56734 
5.00159 -0.393077 -0.43297 -0.151615 -0.824978 -0.182222 -0.203011 -0.20274 -0.0513379 -0.0452888 0.139502 -0.030205 -0.0514481 -6.4304 1.1699 -3.99082 -3.01612 5.10368 2.12897 4.13925 2.4541 1.61316 -3.46355 -0.138367 0.772442 -0.981888 4.46485 2.45274 -0.344272 1.98426 -0.0957967 -1.22458 0.995997 2.37293 -4.20721 -0.172977 -0.134782 0.454864 2.45173 
4.88612 -0.143095 -0.328107 -0.0284057 -0.656373 -0.390302 -0.0816421 0.0284347 -0.206898 -0.106576 0.188293 -0.0475117 -0.116544 -4.37881 0.861701 -3.77343 -3.41254 4.52698 1.4962 3.16397 2.66653 1.41768 -2.56289 0.0485264 0.738408 -1.0215 1.65001 0.0738279 -1.37042 1.64391 -0.524007 0.9899 -1.16439 0.668162 -2.06128 -0.410699 -1.26831 -0.0357421 1.78405 
4.64442 -0.0134278 -0.440114 -0.104431 -0.654695 -0.441443 0.0501492 0.203879 -0.101353 -0.167216 0.186121 0.0243971 -0.000944127 -1.92923 0.239585 -3.36028 -3.58504 3.36433 0.548269 1.91203 2.44552 0.572065 -1.73594 -0.0748177 0.892234 0.169018 0.347242 -2.64311 -0.427669 0.263997 -0.97818 1.32218 -3.54339 -1.4377 -0.0781052 0.336869 -1.60261 -0.591576 0.481376 
4.55192 -0.109982 -0.604508 -0.0728787 -0.417865 -0.150812 0.0776591 0.126805 -0.160777 -0.254178 0.12587 3.41184e-05 0.0197949 -0.490444 0.1348 -3.53522 -3.22165 2.01246 -0.570421 1.02975 2.73765 -0.0397949 -1.38931 -0.556642 1.27438 1.27366 0.303852 -3.25746 1.05351 -1.53869 -2.63043 -1.30874 -3.96217 -2.00135 1.66677 1.51377 -0.995882 -0.314903 -0.0274499 
4.75841 -0.129135 -0.702068 -0.127793 -0.437656 -0.0778858 0.146045 0.125464 -0.337247 -0.388859 0.0344389 -0.00110961 0.0115164 -2.79167 -0.535131 -3.31566 -2.56896 1.83184 -0.399569 -0.0885996 2.623 0.795247 -1.47581 -1.39773 0.991676 1.71916 0.797796 -2.23098 1.53788 -1.51699 -3.20769 -3.21082 -3.20074 -0.952038 2.61137 2.40362 0.053657 0.516618 0.924406 
4.65943 -0.170645 -0.648376 -0.261012 -0.500721 -0.300504 -0.103543 0.229441 -0.0277733 -0.181822 0.149913 0.00440065 -0.122743 -1.3135 -1.26132 -2.94659 -2.76647 1.10669 0.409001 -1.7106 1.44487 1.67797 -1.17631 -1.49206 1.02089 1.86018 0.0664577 0.564661 1.31927 0.830458 -1.13018 -1.3589 -0.668116 -0.0236482 0.757723 0.179387 -0.200342 0.535947 1.63282 
4.59433 -0.269638 -0.643334 -0.352774 -0.506272 -0.325863 -0.126975 0.186357 -0.0970377 -0.224621 0.0596618 0.0501406 0.120443 0.579041 -0.200326 -1.38512 -1.90284 0.91127 0.142112 -2.74984 0.778051 1.48925 -0.664138 -1.35988 0.607962 1.45831 1.2231 3.17536 1.15213 2.6076 0.717353 1.38417 0.1923 0.0537924 0.133573 -0.76687 0.139832 -0.160377 0.16395 
4.57199 -0.253456 -0.785029 -0.377374 -0.521049 -0.35671 -0.0182651 0.204811 -0.111535 -0.295432 -0.00980986 0.0871224 0.116752 2.03819 1.65429 -0.352547 -1.57268 0.746006 -0.87771 -3.1388 0.566797 1.87381 -0.240119 -0.487909 0.48449 1.12396 3.71543 4.40469 1.86185 2.87278 2.20198 2.63683 -0.566213 -1.02387 -0.707905 -0.549311 1.1153 -1.10353 -1.43259 
4.53744 -0.300818 -0.806617 -0.360924 -0.522008 -0.327675 -0.138831 0.30383 0.0405434 -0.261986 -0.00413599 0.102775 0.178311 3.96819 2.68835 -0.1554 -1.01966 1.51566 -0.877463 -3.32463 0.252135 1.91773 0.444138 -0.0805594 -0.141955 0.655474 6.17994 4.18822 1.68759 1.31607 1.89937 0.724709 -0.611305 -1.59279 -1.38941 0.649146 1.53347 -1.71863 -2.641 
4.66897 -0.136021 -0.714301 -0.31916 -0.41047 -0.208434 -0.25134 0.260463 0.0214981 -0.350008 0.0195038 0.0925698 0.138348 6.47684 3.60007 -0.431362 -0.632246 1.58222 -0.0879266 -3.01779 0.0894411 1.05931 0.638426 -0.124365 -1.02875 0.0370629 5.48368 1.49341 0.110238 -0.842134 0.0893394 -1.73152 -0.588434 -0.689216 -0.325151 2.63634 1.29792 -1.8791 -2.36994 
4.83375 0.0625638 -0.617612 -0.249773 -0.385165 -0.223752 -0.269442 0.215122 -0.0337013 -0.296412 -0.0148557 0.034363 0.131448 7.99367 4.10777 -0.552151 -0.721173 1.20653 0.0529412 -3.74316 0.28521 1.66989 1.50554 0.460579 -1.94177 -1.29647 3.03173 -1.64749 -1.91556 -2.14656 -1.53303 -1.59039 -0.342369 0.468435 0.447432 2.39191 0.323074 -1.5077 -1.06569 
5.01442 0.150298 -0.682203 -0.343452 -0.311923 -0.306422 -0.318564 0.156381 0.0209857 -0.290109 0.122018 0.0373089 0.0658242 8.44094 3.77617 -0.497266 -1.23733 0.894409 -0.155636 -3.96221 0.0889257 1.82165 2.00183 0.683619 -2.39749 -1.47393 -0.518789 -2.96811 -2.20866 -1.65194 -2.46616 -0.235676 0.03027 1.34891 1.05171 1.26814 -0.849559 -0.951985 -0.0592238 
5.34026 0.106784 -0.74609 -0.386932 -0.288538 -0.380938 -0.394343 0.214997 0.0406892 -0.14707 0.0651507 -0.0547526 0.023058 8.32426 2.82721 -0.958457 -1.79231 0.459681 -0.361198 -3.5441 0.064403 1.53667 2.12588 0.512015 -2.50502 -1.44048 -3.74194 -2.63361 -0.874313 -0.616381 -1.84765 1.22679 0.0877622 0.927999 1.03215 -0.611461 -0.702024 0.175875 0.948277 
5.4239 0.154334 -0.777813 -0.438204 -0.40724 -0.332305 -0.474663 0.276713 0.0860587 -0.0744342 0.0514709 -0.132108 -0.00325859 6.95329 1.3314 -1.56416 -2.09886 -0.104932 -0.484457 -3.23094 0.463977 1.82911 2.15271 0.328343 -2.30951 -1.01002 -4.29669 -1.67502 0.494324 0.43494 0.0908179 1.26562 0.646356 -0.226713 -0.0342419 -1.94875 -0.315688 1.14693 1.2929 
5.46604 0.176083 -0.825071 -0.468368 -0.431367 -0.279804 -0.575905 0.27417 0.172295 -0.0864178 0.0685742 -0.1783 -0.0179091 4.99206 0.362041 -1.719 -2.08479 -0.13315 -0.250329 -2.87275 0.63682 1.92169 1.54163 0.209714 -1.83343 -0.603413 -3.57252 -0.857949 1.04817 0.91502 1.23317 0.118727 1.40706 -0.680613 -1.00489 -1.71644 -0.044883 1.54119 1.19815 
5.48167 0.176678 -0.831629 -0.512313 -0.391199 -0.330291 -0.538126 0.241194 0.194187 -0.101774 0.0705771 -0.166826 -0.00666536 2.96614 0.0905353 -1.20578 -1.59268 -0.0320685 -0.0114445 -2.26949 0.520332 1.54722 0.972004 -0.0926519 -1.34946 -0.123636 -2.4848 -0.32726 0.711232 0.806722 1.34307 -0.57425 1.22002 -0.511633 -1.06607 -0.952275 0.280084 1.2833 0.584063 
5.59046 0.113691 -0.830603 -0.53115 -0.374611 -0.292085 -0.617511 0.274776 0.175929 -0.0756078 0.0614844 -0.180246 0.018901 1.14038 0.150268 -0.754997 -1.16811 0.201931 -0.0124095 -1.60894 -0.00481044 1.27649 0.129673 0.319892 -0.592324 0.109275 -2.00401 0.306772 0.421481 0.729696 0.534131 -0.86863 1.1822 -0.383853 -0.629874 -0.324195 0.245247 0.773657 -0.0380953 
5.57469 0.12797 -0.85114 -0.528051 -0.369273 -0.291648 -0.642851 0.274517 0.202051 -0.0867627 0.0691987 -0.190897 0.0167396 0.121983 0.154956 -0.494776 -0.661415 0.461913 -0.298731 -1.22736 -0.180637 0.740527 -0.0580386 0.520307 -0.0896376 0.209813 -1.91377 0.72537 0.345705 0.622283 -0.53187 -0.391766 0.682464 -0.237222 -0.391726 -0.030369 0.408753 0.473915 -0.295517 
5.52202 0.160781 -0.86495 -0.541884 -0.336414 -0.342345 -0.616965 0.264715 0.21627 -0.0924101 0.0742434 -0.181412 0.0203384 -1.01286 0.626295 -0.515008 -0.146726 0.254434 -0.678376 -0.908022 -0.0836359 0.316919 0.193346 0.609176 0.0995353 0.279588 -1.73365 0.857794 0.0464246 0.77854 -1.03513 -0.0171253 0.0311455 -0.0664063 -0.309295 0.200802 0.478444 0.228727 -0.18969 
5.51313 0.161214 -0.856457 -0.564788 -0.317205 -0.355486 -0.624475 0.250122 0.217202 -0.084641 0.0849435 -0.17518 0.0177533 -1.56962 0.833942 -0.390032 -0.020763 -0.0561662 -0.797445 -1.08486 0.253368 -0.102317 0.62442 0.658596 0.275482 0.287614 -1.20483 0.618517 -0.0552793 0.601918 -0.936451 -0.12431 -0.347464 0.486838 -0.708121 0.719511 0.207929 0.208891 0.153485 
5.50718 0.159019 -0.851039 -0.543329 -0.358539 -0.345044 -0.637507 0.230135 0.237502 -0.107753 0.117529 -0.162956 0.00964293 -1.37512 0.335739 -0.134483 0.0240121 -0.255187 -1.05427 -1.20591 0.37885 -0.385316 1.18395 0.624063 0.551661 0.258096 0.26552 -0.520575 0.112556 0.101305 -0.335272 -0.296802 -0.836346 0.988356 -1.02 1.4808 -0.288215 0.237033 0.371536 
5.42492 0.20183 -0.86103 -0.518416 -0.392929 -0.332895 -0.692262 0.262632 0.200693 -0.0773083 0.134458 -0.161557 0.015962 -2.6249 -0.166385 0.290072 0.128218 -0.192316 -1.28968 -1.45986 0.660709 -0.36995 1.7442 0.511417 0.329911 0.360128 -0.020813 -1.60873 0.653472 -0.330986 0.480435 -0.703921 -0.622281 0.816783 -0.369998 1.52985 -0.570224 -0.0144928 0.29843 
5.31242 0.282818 -0.920225 -0.485198 -0.387514 -0.405006 -0.681904 0.265602 0.212071 -0.0408883 0.140999 -0.169943 0.0393929 -2.38632 -1.18589 0.673054 0.288444 0.124121 -1.15186 -1.70369 0.673838 -0.909978 1.79603 0.0980545 0.403388 0.299863 0.135576 -2.7893 1.3345 -0.410248 1.12743 -0.314664 -0.371682 0.177522 -0.27151 0.664517 -0.829536 -0.0453351 -0.0763068 
5.37639 0.221829 -0.860453 -0.556424 -0.378204 -0.423664 -0.731206 0.326004 0.136872 0.0273998 0.132139 -0.124967 0.0529319 -4.98432 -2.01768 0.409045 -0.081302 -0.149475 -2.20926 -1.91885 0.969118 -0.339612 2.27472 0.152999 0.272705 0.390466 -3.11358 -2.50608 0.550771 -0.204699 0.570049 -0.81955 -0.0919999 -0.373497 0.822933 -0.138295 -0.376179 -0.405856 -0.262825 
5.52225 0.0560588 -0.828458 -0.543803 -0.387229 -0.430957 -0.803306 0.327302 0.134711 0.107164 0.124539 -0.100919 0.0472014 -9.38207 -2.23127 1.42665 -0.669843 0.128848 -2.34006 -0.44078 0.451735 -0.210817 2.05038 0.197834 0.610607 0.0174707 -8.65628 -0.479809 0.50806 -0.535173 -0.103507 -0.84935 1.74381 -0.964344 1.10959 -1.1121 0.320144 -0.031102 -0.576637 
5.03535 0.103658 -0.786696 -0.513272 -0.341498 -0.498529 -0.803595 0.345946 0.217255 0.12687 0.129866 -0.192149 0.0615976 -12.2759 -2.28837 1.8538 -0.572323 0.78182 -2.33165 1.10109 -0.346379 -0.144153 1.08344 -0.197042 0.67014 -0.194821 -9.5986 1.08985 0.402642 -0.570059 -0.162055 -0.385681 3.48731 -1.48865 0.403621 -1.75928 0.287376 0.694617 -0.661899 
5.28838 -0.0460446 -0.760442 -0.498671 -0.2765 -0.457378 -0.815911 0.296879 0.0560856 0.0643284 0.0621401 -0.108004 0.0343991 -14.9096 -2.33354 1.91364 -0.758598 0.898774 -1.84803 2.20298 -0.868434 0.193285 -0.0868391 -0.788672 0.844324 -0.0736013 -9.08652 2.22149 0.334603 -0.483702 0.124551 0.358586 4.26985 -1.46273 0.593077 -2.11266 -0.355851 0.665302 -0.0963304 
4.57349 -0.0836315 -0.882252 -0.606528 -0.44189 -0.734246 -0.884368 0.38526 0.27942 0.215876 0.171146 -0.150177 0.0720326 -15.5907 -1.51641 1.27207 -0.779305 0.757336 -1.68994 2.88848 -1.6545 0.821583 -0.92279 -0.864923 0.580942 -0.0878887 -0.144995 1.8027 0.185061 0.130417 0.960515 2.07875 2.89181 -1.59717 -0.281481 -2.52424 -1.42829 0.336238 0.241682 
3.89752 0.00927165 -0.576791 -0.648758 -0.35429 -0.584144 -0.518522 0.230473 0.183649 0.107479 0.179469 -0.0330125 -0.0277119 -16.2788 -1.25238 1.16611 -1.45819 0.0132244 -1.59852 2.78181 -2.01433 1.73574 -0.863648 -1.17551 0.877942 0.116641 7.11285 -0.0786035 -1.58819 0.00875029 -0.386546 1.17978 -1.63845 -0.532261 1.21984 -0.599905 -1.57554 -0.473432 0.988098 
3.87703 0.0131539 -0.661259 -0.525059 -0.218231 -0.619558 -0.459795 0.180362 0.134353 -0.0012542 0.052441 -0.0823436 0.0112354 -15.9929 -2.37458 1.64252 -1.1432 -0.626881 -0.800323 3.41723 -1.47979 1.92904 -0.728425 -1.19311 0.898831 -0.43876 5.9243 -2.0485 -0.711063 -0.366289 -2.14838 0.626149 -3.03264 1.03729 2.07608 1.53528 -0.16935 -0.645365 0.0844958 
3.63736 -0.0738462 -0.693155 -0.622581 -0.274172 -0.584571 -0.456916 0.196311 0.222271 -0.0635167 -0.0341808 -0.0352756 0.0871128 -16.1857 -3.34631 2.28946 -0.0280526 -0.221629 0.339579 3.64623 -1.48852 1.80057 -0.77879 -1.15291 0.261017 -1.0222 2.28544 -3.66804 1.13569 1.01587 -1.5973 0.805558 -1.79703 1.38649 0.605379 2.26115 1.08636 -0.708757 -1.61545 
3.81926 -0.0284209 -0.752544 -0.648752 -0.315849 -0.638734 -0.515125 0.110015 0.286158 -0.022013 0.0443283 -0.102615 0.041735 -10.1024 -2.93554 2.19783 -0.336529 -0.223909 1.64364 2.84167 -2.17828 0.189695 -1.02913 -1.11717 0.471584 -0.786163 -0.687643 -2.2903 2.05474 1.02746 -0.421437 1.55037 0.352548 0.684325 -1.88876 1.16969 1.44215 -0.109406 -1.51016 
3.36423 -0.168273 -0.651437 -0.765153 -0.460238 -0.690509 -0.609847 0.102178 0.470143 0.121119 -0.0273483 -0.00190665 0.080101 -3.05471 -2.29898 0.343858 -0.994476 0.00528209 1.43438 0.657666 -1.65671 0.194616 -0.291278 -0.47771 0.0947493 -0.265285 7.14892 1.81069 0.13553 0.439219 2.42699 2.35403 0.971158 -0.826067 -4.32884 -1.10328 1.33555 -0.0468679 -0.40929 
2.92239 -0.405142 -0.493583 -0.584642 -0.443465 -0.571411 -0.303858 0.268188 0.375946 0.0638643 0.0155264 -0.0702301 -0.0959261 1.1331 -2.18592 -0.348922 -1.56501 0.643426 1.93837 0.328991 -0.799996 -0.264695 -0.183115 0.2571 -0.116549 -0.285966 16.6192 4.65715 -3.99588 -1.78768 3.34305 0.916716 -1.97725 -1.01399 -3.07472 -1.58082 0.527481 -0.119843 2.06389 
2.76136 -0.542324 -0.419434 -0.432977 -0.253348 -0.436633 -0.28024 0.0942877 0.252634 -0.0179904 -0.0039351 -0.113196 -0.156712 5.6504 -1.38149 -0.564626 0.0237929 2.10833 2.10049 0.910319 -0.294848 -1.89399 -0.968729 0.213335 -0.0632467 -0.338544 17.9845 4.56715 -4.99736 -1.75123 2.3165 -0.820483 -2.41331 1.17885 -0.827822 -1.22281 -0.0850113 0.125778 2.59162 
3.44561 -0.171066 -0.545079 -0.787061 -0.41444 -0.431558 -0.392397 -0.0775504 0.0923404 -0.0260236 0.0461561 0.013457 0.0275759 11.5234 0.811473 -1.19184 0.124699 2.41608 2.2681 0.294287 0.435947 -2.33128 -1.17947 0.00469938 -0.287792 0.146416 11.2236 2.1011 -2.4884 1.40305 1.25667 -1.47187 -1.34343 3.19152 1.34194 -0.177514 -0.589757 -0.772711 0.656134 
4.11962 -0.0988906 -0.779562 -0.811705 -0.184321 -0.457349 -0.545809 0.0211977 0.226184 0.0090039 0.056833 -0.0503119 0.0500393 19.4352 2.48812 -2.115 0.221666 1.90767 2.51751 -1.20926 1.32717 -2.60283 -1.2461 0.20908 -0.881142 0.43342 3.62131 0.314344 1.54844 2.90071 -2.08931 -0.446441 -0.4064 3.32368 1.07931 0.600231 -0.781273 -0.727206 -0.784804 
4.13616 -0.349709 -0.845417 -0.788357 -0.12719 -0.397438 -0.454643 0.207453 0.216531 -0.0646407 0.0416885 -0.130417 0.0338318 23.0018 3.94277 -2.83594 -0.311821 0.830279 1.97989 -3.00505 1.97025 -1.70273 -0.45575 0.124888 -1.0238 0.964433 1.4432 1.40416 2.85978 2.14873 -3.8755 0.50369 -1.13883 1.67465 0.479787 1.44104 -0.0660786 -0.782315 -1.27616 
4.30379 -0.271462 -0.68772 -0.438049 -0.0337987 -0.391963 -0.284582 0.176446 -0.00612524 -0.195198 -0.0286153 -0.0269547 -0.00744048 21.5435 4.41703 -2.74105 0.095735 -0.331669 1.39715 -2.93381 2.86692 -0.482775 -0.0999695 0.288243 -1.29322 0.585889 -0.6301 1.9017 0.868426 -1.24655 -4.02602 0.478486 -2.6361 -0.293348 1.55438 1.89147 0.836007 -0.919252 -0.481347 
5.049 0.113264 -0.757342 -0.666367 -0.207052 -0.377426 -0.543717 0.211941 0.14686 -0.0221375 0.0181803 -0.141404 0.0274283 16.4833 3.74068 -1.84024 1.2147 -0.574321 1.29274 -2.53019 2.78627 0.45319 -0.129338 0.411645 -1.70355 -0.152909 -6.66528 0.558215 -0.735806 -1.88638 -1.68334 -0.470738 -0.933398 -1.60718 1.63268 0.410992 1.05399 0.0377059 0.148247 
5.68424 -0.0258186 -0.773141 -0.645583 -0.342218 -0.237485 -0.714535 0.363827 0.0895823 -0.0276454 0.0363881 -0.175963 0.0197403 12.0329 4.27713 -1.22927 0.921837 -1.60662 1.01002 -2.32326 1.68173 0.634805 -0.16089 0.730921 -1.32527 -0.167453 -13.3555 -0.290901 -1.16518 -0.685617 1.54749 -1.7406 1.60976 -2.33568 2.12987 -0.840263 0.744302 0.4846 0.0428268 
5.63295 0.0941498 -0.854116 -0.656904 -0.310567 -0.269212 -0.719045 0.375039 0.10337 0.00627571 0.0518558 -0.207513 0.0272863 9.11492 4.625 -1.37648 0.427649 -1.75672 0.748063 -2.92425 0.736013 1.38935 -0.0203207 1.05274 -1.05187 -0.0717291 -13.4187 -1.61402 0.0922728 0.699924 2.07115 -1.30223 2.44637 -2.06575 1.18126 -1.65961 0.227947 0.932945 -0.142135 
5.49621 0.210743 -0.898148 -0.620219 -0.315256 -0.32404 -0.662074 0.299139 0.209387 -0.0595084 0.0799504 -0.205201 0.00672735 5.3449 3.00372 -1.36004 -0.36422 -1.26675 0.303338 -2.51208 -0.0207625 2.30382 -0.033012 0.997906 -0.889144 -0.0732026 -6.86143 -2.10841 1.5226 0.933646 1.48861 -0.520662 1.43982 -1.5433 -0.0884451 -0.85174 -0.494551 1.15238 -0.126405 
5.44048 0.248538 -0.890495 -0.640844 -0.291026 -0.311088 -0.698058 0.279922 0.250889 -0.0843205 0.110395 -0.220464 0.0183101 0.572699 1.55211 -0.773668 0.642898 -0.251623 -0.104057 -1.19306 -0.699237 1.89811 -0.7237 0.659101 -0.265963 -0.172798 -0.181234 -2.07309 1.50041 0.0622101 0.154372 0.0693853 -0.102026 -0.572086 -0.372384 0.427637 -0.811968 0.643412 -0.0148706 
5.40742 0.285384 -0.923665 -0.603161 -0.296491 -0.330623 -0.711486 0.285158 0.262233 -0.091407 0.125332 -0.208444 0.012769 -1.51391 1.41971 -0.2749 0.803833 0.0534977 -0.431517 -0.812874 -0.978387 1.6518 -0.488849 0.280223 -0.0297498 -0.00307872 2.18106 -2.33022 1.29899 0.0714429 -0.319857 0.407835 -0.386005 0.353086 -1.07724 0.853782 -1.04693 0.26621 0.157774 
5.43843 0.26213 -0.914751 -0.576713 -0.334104 -0.267958 -0.801474 0.292103 0.280633 -0.108507 0.132416 -0.210429 0.00855473 -0.531679 0.187976 0.511636 0.927067 -0.293626 -0.0835587 -1.05463 -0.441764 0.867159 -0.232686 -0.121261 0.0770118 0.190172 1.06786 -1.20454 0.783597 0.133593 -0.242097 -0.0427487 0.209206 0.911962 -1.4801 0.968042 -0.93209 -0.0592694 0.444335 
5.53447 0.173619 -0.825318 -0.62157 -0.282947 -0.341192 -0.726055 0.174247 0.346294 -0.0841443 0.0760779 -0.177995 -0.00585627 0.408575 -0.711148 1.03988 0.998416 -0.809446 0.352678 -1.16639 0.267998 -0.0896937 0.220933 -0.550453 0.138296 0.398005 -0.0240364 -0.269462 0.289191 0.5267 -0.916202 0.441655 0.0703773 1.76988 -1.84653 0.527901 -0.44449 -0.24447 0.613354 
5.42396 0.249064 -0.87493 -0.568012 -0.307334 -0.324641 -0.779775 0.22428 0.327011 -0.0953221 0.101563 -0.204103 0.0112815 0.71892 -1.07281 1.23511 1.37689 -1.58367 0.615226 -0.620025 0.327294 -0.528594 0.431009 -0.964398 0.37348 0.390799 0.358997 -0.473756 0.442027 0.506754 -1.47116 0.855817 0.469179 1.23479 -1.47419 0.274233 -0.401604 0.125205 0.362402 
5.44389 0.228087 -0.856607 -0.526651 -0.336653 -0.305998 -0.814362 0.2917 0.258911 -0.0552947 0.0655947 -0.20207 0.0397049 0.258324 -1.01601 1.1567 1.83752 -2.01887 0.51693 0.309817 -0.327719 -0.758661 0.822603 -1.24259 0.466624 0.461177 -0.112522 -0.185607 0.0237007 0.787779 -1.56769 0.508392 1.50209 -0.772592 -0.326898 0.182322 -0.328394 0.503085 -0.135938 
5.51577 0.155814 -0.789733 -0.527127 -0.363158 -0.294214 -0.823985 0.325726 0.223941 -0.051371 0.0490368 -0.206401 0.0582667 -0.680393 -0.625418 0.943882 2.01103 -1.87426 -0.0240788 1.65849 -1.33011 -1.01843 1.28689 -1.30337 0.533638 0.501295 -1.40402 0.55764 -0.566566 0.770241 -0.560197 -0.515907 2.6945 -3.12218 0.631778 0.555637 -0.250717 0.591745 -0.435831 
5.52727 0.134414 -0.757235 -0.496333 -0.45013 -0.246668 -0.813212 0.345471 0.197241 -0.0503397 0.0259374 -0.185942 0.0621114 -1.56171 -0.14302 0.600358 2.00436 -1.94315 -0.0462499 2.49666 -2.03133 -1.43803 1.65399 -0.896818 0.346854 0.4019 -2.46742 1.21456 -0.919594 0.105572 1.0295 -1.61967 3.24825 -4.11209 0.636208 1.0784 0.27064 0.0649468 -0.44761 
5.51429 0.133104 -0.761228 -0.425266 -0.543761 -0.215918 -0.743437 0.270337 0.217676 -0.0431493 -0.0118485 -0.139965 0.0427569 -2.0515 0.0426051 0.704691 1.34723 -1.46849 -0.595597 3.62413 -3.21759 -1.4808 1.99093 -0.481294 0.346075 0.0744637 -2.75845 1.53749 -0.758183 -1.09229 2.10004 -1.80209 2.24416 -2.69854 -0.330218 1.12664 1.23924 -0.706779 -0.296255 
5.39575 0.171066 -0.804973 -0.330206 -0.546419 -0.295289 -0.622928 0.10858 0.220079 0.0373352 -0.0389152 -0.140087 0.0566815 -2.55734 0.203331 0.697429 0.954493 -0.948816 -0.919112 3.89256 -4.07611 -1.45351 2.06992 0.222489 0.158985 -0.180634 -0.913801 0.491719 0.290041 -2.06285 1.88249 -0.735711 0.111264 -0.241379 -1.06113 0.422869 1.84187 -0.919571 -0.320884 
5.30636 0.189088 -0.775734 -0.371432 -0.458482 -0.377599 -0.482653 -0.0276448 0.190771 0.0947816 -0.0405622 -0.141551 0.0656358 -1.58507 -0.112422 0.392744 0.658373 -0.980289 -0.49929 3.45663 -3.6905 -0.959702 1.74344 0.0900191 0.0276444 -0.167501 2.28834 -1.09833 0.628764 -1.60424 0.0764539 1.14639 -2.21898 2.24333 -0.277256 -0.890146 1.06017 -0.593165 -0.207699 
5.25668 0.217033 -0.782569 -0.391604 -0.50534 -0.337965 -0.440584 -0.0392359 0.109949 0.138406 0.0259435 -0.185796 0.049242 0.330652 -0.896677 0.579991 -0.0483134 -0.853967 0.149586 2.24152 -1.61154 -0.798804 0.986699 -0.15309 -0.0406892 0.103359 5.20268 -2.44052 0.625656 -0.684896 -1.23572 2.42028 -3.66744 4.4603 1.02783 -2.16943 -0.804676 0.238553 0.312799 
5.18908 0.242205 -0.74935 -0.451869 -0.476206 -0.395718 -0.372313 -0.0960074 0.0794078 0.16214 0.0719904 -0.173679 0.0204175 2.20297 -1.87818 1.1872 -0.536466 -0.739432 0.141396 1.2897 0.755221 -0.638169 -0.111115 -0.243397 0.137689 0.402892 6.3303 -2.98883 0.524124 0.310655 -1.5981 2.11641 -3.36244 5.69922 1.76338 -2.88963 -2.12189 0.868587 0.914354 
5.23685 0.158821 -0.696243 -0.410294 -0.482786 -0.37358 -0.431486 -0.144179 0.0543057 0.173197 0.111177 -0.186542 0.0236481 3.40121 -2.63804 1.81453 -0.209318 -1.30488 0.0697041 0.509098 2.80178 -0.568462 -1.29944 -0.168537 0.771475 0.294831 3.89427 -1.89533 0.642711 0.85563 -0.966659 -0.100491 -1.24209 5.17652 1.14669 -2.65567 -1.72791 1.39503 0.780214 
5.53469 0.0433616 -0.74883 -0.398412 -0.627786 -0.223284 -0.477271 -0.00953545 0.187884 0.0889246 -0.0505224 -0.170756 0.0582686 3.27715 -2.86037 2.23636 0.780797 -2.07837 -0.340635 0.280201 3.57921 -0.542133 -2.14341 0.273292 1.31303 -0.0768925 -1.58526 0.134945 1.34547 1.39918 0.0664047 -2.8406 1.20748 1.85492 -0.76535 -1.43483 1.01934 1.4155 -0.383924 
5.70341 -0.0296048 -0.682496 -0.468399 -0.62799 -0.160072 -0.575764 0.29596 0.130612 0.0125092 -0.0865142 -0.141762 0.104139 2.0126 -2.65506 2.76331 1.67185 -2.4008 -1.34554 0.853781 3.26958 -0.888559 -1.921 0.355407 1.75908 -0.157551 -6.31885 1.94039 1.25528 2.28841 -0.201665 -3.95735 2.99337 -2.85469 -1.91164 0.7127 2.81614 0.884539 -1.43624 
5.72509 -0.0985199 -0.591319 -0.437576 -0.588428 -0.350236 -0.461352 0.335788 0.140589 -0.0580779 -0.0533268 -0.0894978 0.117969 -0.010006 -2.13156 3.44699 2.22822 -2.95851 -1.83024 1.13796 2.87914 -1.79922 -1.08244 0.822823 1.54391 -0.0291376 -7.86328 2.64433 1.06245 1.91781 -0.932939 -2.23543 2.23079 -4.9745 -2.51286 2.85111 2.70013 -0.285107 -1.24786 
5.62224 -0.0997074 -0.539818 -0.307895 -0.675959 -0.43044 -0.417801 0.347235 0.0781498 -0.0916282 0.015381 -0.00900621 0.0542282 -2.99087 -1.19304 4.52745 1.93841 -3.23987 -2.29367 1.34305 1.8663 -2.8243 -0.080912 1.6647 1.08615 -0.0832302 -6.10107 1.92534 1.38518 0.00117008 -1.1548 0.4124 0.0624362 -4.15498 -2.13962 3.73172 1.25825 -1.74346 0.121195 
5.46684 -0.0709795 -0.48116 -0.231635 -0.757699 -0.469519 -0.349102 0.251372 0.0294205 -0.118266 0.147764 0.00082848 -0.0262254 -6.22173 -0.369537 5.64925 1.88464 -3.35936 -2.93963 1.64374 0.0180047 -3.9192 1.09155 2.41876 0.657869 -0.262015 -3.10925 0.721675 1.77605 -1.83903 -0.964422 1.91465 -1.64339 -1.47909 -1.29796 2.99289 -0.738902 -2.06394 1.31023 
5.31122 -0.0471097 -0.410474 -0.180227 -0.807673 -0.558831 -0.25537 0.185587 -0.0747984 0.0376228 0.106564 0.0140101 0.0146213 -7.81723 -0.120462 5.64055 2.51063 -3.77223 -2.66953 1.64982 -2.1342 -3.63186 1.89892 2.26946 -0.160462 -0.302556 -0.851873 -0.354118 1.43708 -1.72092 -0.189361 1.82442 -2.12961 -0.220671 0.130396 0.702817 -1.07405 -1.76347 1.05588 
5.18502 -0.0615417 -0.271434 -0.190879 -0.895218 -0.523629 -0.323485 0.233181 -0.181221 0.122839 0.156539 -0.0570966 0.0746278 -9.28739 0.123338 5.76948 2.13638 -3.56227 -2.12299 0.869682 -2.76183 -3.52688 2.43331 1.47807 -0.690707 0.0756725 -0.635843 -0.578155 0.155498 -0.179228 0.87132 0.0159846 -0.781077 -1.03428 1.5791 -1.01039 -1.41224 -0.520092 0.170912 
5.01204 -0.0588943 -0.085977 -0.276914 -0.96002 -0.492538 -0.399321 0.21665 -0.244442 0.130024 0.225245 -0.100717 0.0713785 -9.10914 -0.481865 5.01534 1.71417 -2.61575 -1.97522 0.420276 -3.67089 -2.47124 2.07183 0.582072 -0.614974 0.833734 -0.200216 -0.799711 -2.21231 1.49208 1.74439 -1.04021 0.345183 -2.17823 2.60395 -1.75457 -1.68159 0.876773 -0.00994524 
4.84557 -0.0586941 0.0238145 -0.22613 -1.03228 -0.590048 -0.308208 0.146164 -0.311483 0.150906 0.192618 -0.0590264 0.0489073 -8.95979 -0.721427 3.90585 1.49968 -1.90575 -2.29111 0.272893 -4.03145 -1.6573 1.37127 0.105951 -0.385571 0.966175 0.158628 -0.612309 -3.67948 1.07246 2.243 -1.13571 0.474391 -2.20745 2.59787 -1.72689 -1.05721 1.25832 0.221223 
4.78429 -0.112356 -0.0130613 -0.0250059 -1.06175 -0.60302 -0.29381 -0.0255304 -0.224343 0.159398 0.189267 -0.144394 0.0465077 -7.74997 -1.34826 2.66921 1.63409 -1.22448 -1.62766 0.451908 -4.59294 -0.539106 0.474669 -0.0946762 -0.118397 0.790466 1.41596 -0.657337 -3.33341 -0.588613 1.90661 -0.00649735 0.473105 -0.877051 1.48193 -1.04176 -0.546889 1.38169 0.512659 
4.41713 -0.0613957 0.122372 -0.0942274 -1.01428 -0.707857 -0.321383 -0.0302569 -0.301399 0.204293 0.13368 -0.102024 0.090922 -7.25384 -1.62591 1.33458 1.82382 -0.257892 -1.57431 1.08351 -4.76906 0.318517 -0.232561 -0.395984 0.273388 0.611163 3.04686 -0.917807 -2.47106 -0.993993 0.980482 1.63874 0.496478 0.510371 0.88676 -0.954098 0.446339 0.405161 0.0144433 
4.48056 -0.19545 -0.0111502 -0.0512063 -0.976159 -0.706793 -0.31812 -0.231952 -0.184209 0.116507 0.121091 -0.00592549 0.165288 -6.80223 -1.30784 0.328586 1.47993 0.298827 -1.22172 1.25437 -4.22717 0.435846 -0.344711 -0.709388 0.491587 0.482383 1.80886 0.254352 -0.381859 -1.27019 0.195525 2.07123 0.49915 2.1512 -0.378194 -0.214012 0.499556 -0.559484 -0.903841 
4.29076 -0.126788 -0.0193222 -0.0647837 -1.02281 -0.81159 -0.261245 -0.25107 -0.247783 0.117317 0.183781 -0.0472296 0.100389 -6.03477 -0.936163 -0.173945 1.07826 0.767824 0.0984563 1.16695 -3.69653 0.630066 -0.79677 -0.325216 0.204696 0.434679 0.89711 0.923612 0.505086 -0.403467 0.236392 2.33364 0.363045 2.06422 -0.423472 -0.101331 0.039792 -0.76913 -0.78784 
4.41727 -0.266287 0.00569248 -0.0121056 -1.01453 -0.613196 -0.22638 -0.331054 -0.192291 0.153843 0.129275 -0.0596358 0.135459 -4.9916 -0.36256 -0.167134 0.624168 0.997992 0.713928 1.24892 -2.29261 0.613525 -0.997672 -0.216016 0.400996 0.0328555 -0.248466 2.04362 0.449022 0.0842484 0.453814 0.992058 -0.202344 2.03446 -0.18628 -0.298275 0.0716648 -0.513424 -0.710239 
4.17098 -0.257653 0.0145483 -0.00765245 -0.944941 -0.689998 -0.199719 -0.298083 -0.182589 0.0743512 0.150983 -0.0600763 0.123923 -3.09544 -0.00231405 -0.263839 1.13816 1.01089 0.991368 1.48937 -1.37485 0.650483 -0.938201 -0.364704 0.227553 -0.491205 1.38749 1.87653 0.281909 0.368805 0.387097 0.0817667 -0.348109 1.62389 -0.0364902 0.0420035 -0.318658 0.242564 -0.444696 
4.03253 -0.14332 0.0291659 -0.0846006 -0.972294 -0.691984 -0.215844 -0.298993 -0.261581 0.125783 0.096595 -0.033111 0.0888706 -1.78362 0.642322 0.533329 1.16466 0.711119 0.674354 1.57374 -0.0511454 -0.444336 -0.106009 -0.626907 -0.0694788 -0.677136 4.40861 0.363492 0.0154977 1.0151 -0.0643589 -0.925197 0.12824 1.28785 -0.200617 0.493075 -0.329731 0.400849 -0.112888 
4.0396 -0.153674 -0.00164095 0.0350683 -0.93249 -0.531039 -0.158712 -0.414183 -0.183422 0.0325614 0.17012 -0.0988611 0.116762 1.05867 0.638887 0.675964 0.520704 0.605542 0.94474 1.41499 0.681749 -0.920771 -0.0564206 -0.270207 -0.219737 -0.524194 6.11688 -0.407155 0.550083 -0.390446 -0.888339 -1.58216 0.266797 1.87265 -1.67038 1.37012 -0.0681747 -0.00853288 -0.145085 
4.07351 -0.127136 0.00953921 0.0364786 -0.894992 -0.594954 -0.170102 -0.265465 -0.137057 0.0448821 0.12838 -0.029713 0.0676669 3.10063 1.16754 0.234232 -0.585398 -0.145874 1.69575 1.52447 1.25077 -0.744769 -0.407129 0.0951669 -0.394221 -0.688788 6.3092 -0.822373 0.242927 -2.09947 -1.64342 0.897397 0.411901 0.946841 -1.48836 0.720727 0.57344 -0.829305 0.265387 
4.17033 -0.130509 0.0261862 0.0927479 -0.878148 -0.664472 -0.113954 -0.275293 -0.189 0.0728539 0.0520374 -0.00811098 0.0447971 5.34956 0.929605 -0.382015 -1.01963 -0.648191 2.89661 2.06596 1.44303 -0.185457 -0.291753 -0.237647 -0.688391 -0.578797 3.56134 -0.20974 -0.919484 -3.14704 -1.59454 3.14675 0.555107 0.420823 0.302486 -0.628986 0.903234 -1.22314 0.342681 
4.32971 -0.12765 0.0901748 0.0868385 -0.969757 -0.697404 -0.0735434 -0.230341 -0.366789 0.18828 0.0588352 -0.0578994 0.0733838 6.30689 0.572415 -1.54126 -0.995031 -0.405505 3.18666 2.53481 1.72569 0.0188526 -0.300934 -0.0738401 -1.08811 -0.754736 0.192026 0.325177 -2.77473 -1.94815 -0.232053 3.86514 0.77099 -0.329117 2.38447 -1.48553 0.364341 -0.91091 -0.186662 
4.61118 -0.138663 0.0853948 -0.0892858 -0.957726 -0.54927 -0.0764427 -0.175945 -0.375028 0.0983579 0.210586 -0.130298 0.06076 5.12473 0.656095 -1.95191 -2.0674 0.72671 2.83283 2.37748 1.71735 -0.168124 0.0333346 -0.286082 -0.957656 -1.0505 -3.99023 0.306581 -2.98644 0.445997 2.23497 1.2626 0.69183 -0.909364 2.50252 -0.647651 -0.860938 0.0271292 -0.597575 
4.68101 -0.0772707 -0.0263456 -0.19737 -1.05626 -0.258736 -0.0200592 -0.179014 -0.180155 -0.00726579 0.156766 -0.115818 0.0363682 2.82624 0.561047 -2.08184 -2.25759 2.40307 3.21942 1.90386 0.509452 -0.906118 0.707195 -0.885492 -0.523213 -0.657499 -6.63306 -0.140502 -0.933439 1.6393 4.95071 -2.82889 -0.621116 -1.16787 -0.824752 1.77696 -1.76906 1.35964 -0.379992 
4.67217 -0.082166 -0.102999 -0.128396 -1.0127 -0.256055 0.104657 -0.155211 -0.136787 0.0324519 0.0435968 -0.147379 0.0451718 0.443893 0.510672 -2.2765 -2.02533 4.00166 2.81093 1.08247 -0.0318182 -0.792526 0.856538 -1.27968 0.0772631 -0.42041 -6.59289 -0.417724 1.37052 1.20734 5.34296 -4.13824 -2.31501 -1.75693 -3.19821 2.59074 -1.51357 2.14713 0.345482 
4.72086 -0.0767412 -0.27699 -0.0483276 -0.912981 -0.298467 0.135933 -0.129862 -0.223789 0.0703297 0.119198 -0.195152 -0.034462 -1.69791 0.0619436 -1.47295 -1.47053 5.496 1.30264 -0.0367822 0.0711011 -0.486941 0.743898 -2.00636 0.681602 0.273915 -4.4388 -0.829363 3.69011 0.102482 3.32158 -3.40858 -3.34205 -0.964725 -2.6874 1.57794 -1.30579 1.98369 1.90868 
4.49652 -0.0642124 -0.180999 -0.236554 -0.648417 -0.359074 0.0834549 -0.159421 -0.233169 0.0908967 0.0852242 -0.130082 -0.0602006 -3.01796 -0.445044 -0.222252 -0.749509 5.87414 -0.282572 -0.970878 0.28395 -1.24991 1.46668 -2.58172 1.06808 0.989274 -0.0918846 -1.1718 3.41261 0.259186 -0.522697 -1.43737 -2.79812 0.716744 -0.557759 -0.299644 -0.38491 0.61736 2.50827 
4.3246 -0.0761754 -0.12485 -0.203581 -0.481166 -0.29192 0.00779173 -0.280429 -0.46152 0.2836 -0.106317 0.00385868 0.0398604 -3.30071 -0.736971 0.679733 -0.374841 5.84571 -1.50259 -1.29479 0.0741097 -1.87313 1.6491 -2.25426 1.3075 1.21889 2.66476 -0.838143 1.66134 0.521145 -3.53876 -0.440221 -0.53527 1.79649 2.17359 -1.99783 0.818754 -0.807215 1.29279 
4.3325 -0.0788046 -0.185811 -0.159396 -0.434652 -0.351018 -0.0232839 -0.266232 -0.376104 0.19983 -0.0719455 -0.0153882 0.0430249 -3.08936 -0.660028 1.23237 -0.872119 5.09588 -1.32978 -1.59707 0.0526875 -1.14475 0.866082 -1.80578 1.34395 1.58425 2.76408 -0.16773 0.0893615 0.3042 -3.69351 0.209748 1.44732 1.25761 2.29182 -1.66395 1.21116 -1.20103 -0.00309628 
4.33635 -0.162094 -0.00590511 -0.198067 -0.366683 -0.478085 -0.131233 -0.0930903 -0.322939 0.138106 -0.109721 -0.0378438 0.179761 -0.611858 -0.492367 0.393319 -1.42268 3.50936 -0.883523 -1.41461 0.922732 1.19969 -1.28053 -1.69569 1.32399 1.02039 3.28277 1.0299 -2.92639 -0.609843 -2.70171 1.23564 2.31547 0.0795187 2.85386 -2.38926 1.46515 -0.555026 -2.32352 
4.38408 -0.188129 0.0178725 -0.221826 -0.403353 -0.409556 -0.139776 -0.0762478 -0.401327 0.218992 -0.12083 -0.0375075 0.183027 2.5052 -0.0398796 -1.64665 -1.66965 1.99325 -0.60228 -1.25571 2.68462 2.97963 -3.25794 -0.763916 0.657684 0.282634 3.84498 1.74117 -4.54322 -1.94277 -0.912688 1.14122 1.14766 0.9418 3.88892 -3.9287 1.13227 0.0317506 -2.89168 
4.30516 -0.135717 -0.0814052 -0.165427 -0.378438 -0.431462 -0.000163539 -0.211392 -0.364725 0.203983 -0.129727 0.0213253 0.104782 4.56329 0.450504 -3.23879 -2.58141 1.41145 -0.0395949 -1.21376 3.7726 4.35574 -5.19829 0.428451 0.208938 -0.332028 5.08401 1.38191 -4.5822 -2.35176 -0.0767244 1.33971 -1.14932 2.81214 3.2693 -4.49097 1.05907 -0.0885667 -1.63265 
4.26489 -0.119503 -0.0707669 -0.267344 -0.290792 -0.416971 -0.0461674 -0.169313 -0.267839 0.121058 -0.117277 -0.00961154 0.180211 5.44322 0.979244 -4.48269 -2.88678 1.26849 0.764444 -0.698956 3.67474 3.78189 -4.85156 0.11761 0.550684 -0.476668 4.40232 0.76086 -3.39253 -1.15928 -0.0728929 0.920063 -1.36673 2.82734 0.766785 -2.3762 0.680608 -0.110353 -0.231566 
4.73845 -0.101263 -0.333978 -0.384374 -0.363048 -0.391519 -0.087402 0.0262257 0.0600448 -0.237407 -0.128923 0.0422881 -0.0271353 5.5986 1.52166 -5.18955 -3.17692 0.755614 1.69953 -0.204948 3.04143 3.31913 -4.79786 0.590554 0.629038 -0.888891 -0.533901 0.110898 0.49765 0.240185 -0.09598 0.939885 -0.183046 0.0122217 -3.47723 2.21518 0.26719 -0.141139 1.84993 
4.85404 -0.0416115 -0.474462 -0.472558 -0.307685 -0.413624 -0.180404 0.262859 0.0768786 -0.309917 -0.0611333 -0.012164 0.0108563 5.25297 1.49387 -4.74277 -3.2986 0.61065 1.61248 0.588562 2.42125 2.61015 -4.17598 0.64167 0.279912 -0.358723 -4.05539 -0.381002 3.11494 1.27575 -0.798052 0.960709 2.52254 -4.06736 -5.19998 5.19142 -0.453208 0.0368938 1.87444 
4.90302 -0.0390158 -0.531864 -0.50953 -0.253487 -0.296294 -0.223127 0.229512 0.0628152 -0.421423 0.00139912 0.00663505 0.085132 4.67233 1.08176 -3.69048 -3.3586 0.342351 1.90799 0.828802 1.99073 1.16892 -2.69113 0.407863 -0.169947 0.354488 -5.02637 -0.603283 3.89857 1.1275 -1.05269 0.0286501 3.64587 -4.90857 -4.02148 5.40402 -0.932682 -0.388126 0.988766 
4.925 -0.00817407 -0.602705 -0.46739 -0.254109 -0.304202 -0.0869789 0.181544 -0.0652421 -0.218611 -0.155932 0.0710112 0.113894 2.92309 0.882301 -2.71019 -2.60942 0.26383 2.11504 0.825134 0.838456 -0.29118 -0.75021 -0.0602986 -0.162468 0.690217 -3.5856 -0.809115 3.13434 0.214337 -0.458666 -0.203571 1.16208 -2.71658 -1.12008 2.66528 -0.497249 -0.960405 0.301883 
4.88409 0.0155322 -0.511707 -0.584768 -0.347965 -0.200638 -0.0770271 0.145429 -0.0451696 -0.312709 -0.0153547 0.0460099 0.0615514 0.837976 0.572112 -1.61539 -1.6835 0.991864 1.51203 1.22288 -0.937898 -1.64023 1.56561 -0.572714 -0.356441 1.4658 -0.704037 -0.751354 0.336299 0.68135 1.05563 -1.12779 -1.16104 -0.343496 0.686899 1.15261 -1.15258 -0.628622 -0.0336398 
4.89192 0.000675022 -0.529653 -0.600658 -0.319277 -0.259744 0.119349 0.0351976 -0.0904472 -0.221646 -0.0594446 -0.0174411 0.130861 0.438885 0.266394 -1.01244 -1.41378 1.17144 1.28002 1.1232 -1.7509 -1.54257 2.4021 -0.969821 -0.242041 1.11035 0.3367 -0.318916 -0.920293 0.933381 1.9966 -0.987211 -3.25229 1.12213 0.917045 0.560636 -0.786357 0.129888 -0.131025 
4.9124 -0.0221679 -0.538936 -0.656187 -0.292422 -0.19518 0.0543558 0.093635 -0.117402 -0.196945 -0.10422 -0.037944 0.160314 -0.09725 0.272152 -0.631512 -1.51603 1.31887 0.938529 0.892511 -1.70862 -0.835472 2.33667 -1.1508 -0.0721447 0.455608 0.201283 0.14107 -0.748052 0.814943 1.58726 -0.656135 -2.03426 0.208387 0.992619 0.00408497 -0.290937 1.04533 -0.689358 
4.85099 0.00697064 -0.572039 -0.632981 -0.248389 -0.136318 -0.132604 0.124595 -0.0968905 -0.168154 -0.147534 0.00274029 0.158071 0.29837 -0.207502 -0.916791 -0.590088 0.9813 0.715125 0.490072 -1.45289 -0.164302 1.66584 -0.961397 -0.12321 0.146292 0.422176 -0.109799 -0.12806 0.910134 -0.483727 -0.48672 0.902918 -0.482519 0.746195 -0.428968 0.150282 0.939817 -1.19034 
4.95381 -0.00530756 -0.67937 -0.578288 -0.123794 -0.283162 -0.00785452 -2.60562e-05 -0.123275 -0.0638059 -0.178613 -0.0135977 0.18707 1.26084 -0.527985 -1.67753 -0.220757 0.822463 0.493202 0.371673 -0.85333 0.22605 1.70411 -1.30186 -0.0374055 -0.112159 0.611139 -0.547687 0.420847 0.217857 -2.59512 0.620592 1.64547 0.289608 1.05552 -1.60182 0.811113 0.175791 -1.38021 
4.9556 0.00155843 -0.625466 -0.673785 -0.128839 -0.188773 -0.0710904 0.0387111 -0.135314 -0.0317741 -0.150562 -0.00237586 0.165212 2.2181 -0.621772 -2.02494 -0.272801 -0.485737 0.662366 0.30277 -0.756906 0.405011 1.5148 -0.41417 0.0977642 -0.325031 1.8579 -0.911142 -0.638945 0.360029 -3.39994 0.273376 1.86793 0.450906 0.611087 -1.04677 0.92591 -0.622049 -0.368368 
4.83114 0.0305687 -0.578242 -0.728901 -0.147529 -0.137828 0.0164864 -0.0401409 -0.0528355 -0.115207 -0.186677 0.0683976 0.0909842 0.722466 -0.724889 -2.22072 0.271094 -1.3306 0.744209 1.11373 -1.18964 0.0401765 0.914729 0.108111 0.280055 -0.204276 0.778587 -0.791716 -1.47336 0.603928 -2.60777 0.261068 0.298944 0.71061 -0.696511 -0.291325 1.16501 -0.754026 0.88771 
4.99712 -0.0759837 -0.698986 -0.489723 -0.296487 -0.186019 0.0761763 -0.0208421 -0.0766667 -0.0784977 -0.203633 0.0097987 0.104528 -1.30176 -1.12322 -1.84389 0.0301224 -1.59182 1.75854 1.52617 -0.84179 -0.324066 0.0117614 0.803157 0.16789 -0.441853 -3.62413 -0.0184977 -0.489838 -0.492999 -0.0571296 1.20118 -0.857903 0.244503 -1.42477 -0.530865 1.42132 0.0375426 0.899289 
5.13488 -0.0839852 -0.771079 -0.6766 -0.261776 -0.148194 0.0518271 0.0624853 -0.0216698 -0.0690075 -0.190694 -0.0356631 0.0861407 -3.08541 -2.42707 -0.21234 0.738876 -1.67644 2.0758 0.412508 0.0184432 -0.33307 -0.658778 1.43677 0.264482 -0.628023 -7.00355 -0.985676 2.24227 0.769431 1.7629 1.01886 -1.30038 -0.0633301 -1.52298 -1.03398 1.33673 0.735607 0.227838 
5.23719 -0.075897 -0.82359 -0.687524 -0.433713 -0.140875 0.086463 -0.0479191 -0.0887151 0.0291223 -0.0680667 -0.0187387 0.156026 -4.1641 -3.88529 0.885027 1.88104 -1.04445 1.0125 -0.159337 0.185141 -0.11337 -0.696607 1.09589 -0.0224144 -0.673147 -6.96564 -2.75769 4.79058 1.75434 2.99401 0.034409 -2.05504 0.962786 0.10191 -1.54054 -0.129433 0.497761 -1.1108 
4.70245 -0.0825151 -0.84122 -0.544366 -0.375175 -0.0738823 0.10183 -0.0907568 -0.178954 -0.101939 -0.117485 0.056168 0.176414 -5.04627 -5.17845 1.50251 2.50574 -1.01199 0.489666 -1.33549 0.246307 0.190386 -0.266306 1.2632 -0.0953788 -0.121132 -1.2679 -4.05781 4.40238 2.09439 1.39853 -1.96143 -2.19086 0.986489 2.14315 -0.087579 -0.846442 -0.290107 -0.969797 
4.49733 -0.148564 -0.764353 -0.657098 -0.276809 0.125 0.079064 -0.000145463 -0.167239 -0.178612 -0.0328345 0.026585 0.0614031 -5.98748 -5.96913 2.68613 2.59878 -0.389394 0.310878 -2.15837 -0.330463 0.315817 -0.411178 1.68852 0.58227 -0.0784018 3.84506 -3.55525 1.59424 2.37466 -0.762197 -3.40893 -1.79644 -0.325279 2.1356 1.47957 -0.81569 -0.262221 0.560025 
4.53048 -0.442963 -0.46565 -0.448902 -0.283797 -0.0428008 -0.0625867 0.0658044 -0.116527 -0.151911 0.0237974 0.0440513 0.0523311 -6.06998 -6.63659 3.04598 3.16445 0.135359 -0.321253 -2.31648 -0.0448988 0.790744 -0.434441 1.11572 0.922682 -0.27495 4.49928 -0.401882 -2.17222 -0.394653 -1.01495 -1.7216 -0.316031 -1.05665 1.17601 1.52116 -0.549222 0.363706 1.16794 
4.49807 -0.578693 -0.438435 -0.362897 -0.269241 -0.181006 -0.0655643 0.0334996 -0.0312803 -0.120108 -0.138146 -0.0210706 0.0249088 -4.70186 -6.43263 2.80477 2.33447 -0.0248727 -1.01255 -2.45808 -0.0372375 1.43011 -0.450814 0.124687 0.72627 0.00189769 2.78722 2.46267 -3.38396 -2.44887 -1.05252 0.303928 0.826244 -1.25056 -0.399926 0.463073 -0.00656309 1.04721 1.3901 
4.43102 -0.689355 -0.565551 -0.319042 -0.449177 -0.138337 -0.152023 -0.0329235 0.027781 -0.0571906 -0.0360451 0.0165168 0.160976 -2.98882 -5.27934 1.92144 1.27757 -0.815963 -1.64798 -2.07786 -0.573195 1.67297 0.521136 0.0489195 0.503096 0.130704 -0.275578 4.22945 -2.25387 -3.35728 0.282057 0.898387 1.76339 -0.468337 -1.06786 -0.57232 -0.868961 0.517365 -0.0530494 
4.4407 -0.772728 -0.468069 -0.294377 -0.358365 -0.103398 -0.193412 -0.111751 -0.0791245 -0.103047 0.102229 0.120426 0.125381 -2.88676 -3.43648 0.502398 0.821007 -1.00977 -2.57059 -2.3171 -1.14109 1.37784 0.722699 0.542635 0.935186 0.329059 -1.38263 4.43826 -1.36057 -2.91978 0.168936 -0.233035 0.872186 0.289815 -0.32122 -0.24245 -0.523746 -0.473313 -0.860772 
4.35029 -0.809558 -0.495537 -0.36656 -0.249338 -0.147887 -0.154305 0.0618064 0.0314665 -0.115491 -0.053878 0.122373 0.0572296 -3.35063 -1.49512 -0.600947 -0.524704 -0.569339 -1.89005 -2.04402 -1.69733 0.463825 0.834354 0.624189 0.922305 0.461327 -1.0539 3.10408 -0.247416 -0.775588 -0.168598 -1.2958 -0.682214 -0.836474 -0.827977 0.702412 0.866459 -0.680939 -0.37009 
4.37903 -0.765091 -0.504826 -0.451086 -0.452186 -0.200426 -0.177361 -0.0911663 0.0308641 -0.13488 -0.137171 0.0731379 0.186739 -3.16381 -0.276663 -0.575197 -0.853026 -0.15802 -1.2572 -1.21125 -1.33955 -0.285777 0.528758 0.65155 0.368384 0.285099 -0.448517 1.52687 -0.195067 0.880499 0.98873 -0.417166 -0.370098 -0.386754 -1.24089 0.76976 1.23612 -0.831179 -0.390625 
4.14841 -0.708148 -0.533153 -0.437783 -0.442581 -0.208668 -0.147495 -0.127478 0.0286763 -0.0269295 -0.0482585 0.0724921 0.0875214 -2.42727 0.561255 -0.463689 -0.860557 0.473468 -1.20367 -0.48647 -1.16412 -0.471765 0.633102 0.278735 -0.187417 -0.313494 1.85202 0.0552611 -0.0736306 1.22467 1.23691 1.20604 0.599113 0.125332 -1.27025 0.0401615 0.563516 -0.751027 0.235873 
4.14189 -0.685547 -0.572434 -0.404211 -0.36865 -0.381149 -0.380061 -0.101804 0.0363254 -0.0697123 0.160837 0.165482 0.0622967 -1.11732 1.29607 -0.672516 -0.287213 0.608397 -0.817924 -0.841155 -0.854612 0.358623 0.809453 -0.338002 -0.76053 -0.185401 3.63083 -0.208922 0.501055 1.03049 1.33278 2.66954 1.92159 0.833307 0.0289057 -0.427524 -1.79611 -1.1201 0.033522 
4.11667 -0.729115 -0.522398 -0.450545 -0.331418 -0.305784 -0.343995 -0.214919 -0.0792203 0.0117088 0.021564 0.118547 0.16101 1.1188 2.10278 -0.260019 0.661709 1.07398 0.260011 -0.698359 -0.486777 0.044239 1.0103 0.255383 -0.621583 -0.275755 4.872 1.01781 0.390346 1.07623 0.81208 2.34469 1.43841 2.11886 1.85789 -0.484466 -1.87823 -0.550725 -0.624006 
4.14275 -0.686982 -0.553013 -0.404804 -0.343612 -0.215648 -0.132775 -0.122545 -0.0795011 -0.0784006 -0.0491742 -0.0155553 0.120127 1.82634 2.1144 0.335089 1.10656 1.98639 1.08368 0.115298 0.630605 -0.0364524 1.21242 0.711268 -0.199926 -0.597498 3.63419 1.55284 0.919995 0.782378 0.226785 1.21519 -0.125004 1.54165 1.60864 0.542014 0.12192 0.984864 -0.345636 
4.22376 -0.673458 -0.587434 -0.421088 -0.321719 -0.230936 -0.173598 -0.174836 -0.0358996 0.00270831 0.0349677 0.0504758 0.0657631 2.59558 1.87528 0.271044 0.454132 1.60046 1.46449 0.674887 1.17818 0.0962222 0.844607 0.0992644 -0.649517 -0.29061 0.316723 0.873834 0.764458 -0.112152 -0.0844478 0.226667 -0.143736 1.46305 0.168528 0.573154 1.38879 0.955563 -0.116394 
4.38234 -0.584598 -0.545872 -0.345236 -0.234058 -0.213702 -0.362399 -0.110373 0.143213 -0.0272324 -0.11036 0.0170497 0.0875637 2.35261 2.09435 0.254243 -0.184007 0.509883 1.40838 1.29187 1.40752 -0.374932 0.223479 -0.37438 -0.328728 -0.408205 -2.72872 -0.549419 -0.021296 -1.78449 -1.48711 -1.11841 0.75532 0.460061 -2.26203 -0.507079 1.79535 0.972899 0.207654 
4.58962 -0.436218 -0.507473 -0.28872 -0.21113 -0.103169 -0.238886 -0.0166191 0.0195094 0.0437014 0.000749112 0.0653111 0.0590937 1.93373 2.68627 0.317653 -0.359749 -0.182859 0.218932 0.363303 1.27605 -0.475651 -0.43288 0.0793931 -0.0571528 -0.656297 -4.26895 -1.23789 -0.56646 -2.54312 -2.53613 -2.28711 0.275558 -1.22638 -2.37563 -1.87333 -0.381572 -0.203545 0.455307 
4.35772 -0.504827 -0.437336 -0.323096 -0.198896 -0.111066 -0.131424 -0.022396 -0.0356477 0.0962632 0.136138 0.119776 0.0698633 0.00234985 2.86287 0.572279 -0.125291 0.184613 -0.644192 -0.121282 1.17561 -0.836063 -0.761862 0.140613 0.261125 -0.298442 -3.16558 0.120239 -0.760066 -0.78774 -1.59106 -2.54604 -0.756553 -1.20409 -0.966709 -2.68036 -1.82816 -0.781323 0.159402 
4.33907 -0.546913 -0.575963 -0.48089 -0.257315 -0.146901 -0.1604 0.00531663 0.00166832 0.0309522 0.0207863 -0.0371409 0.068293 -3.132 2.58243 0.249382 -0.134923 0.124538 -0.770266 0.59262 1.59302 -0.810825 -1.21048 -0.24981 0.0043024 -0.51662 -3.46847 1.06473 0.0188627 1.64936 0.648746 -1.45258 -1.06537 -0.439946 0.863838 -1.24635 -1.24894 0.124535 -0.35126 
4.3643 -0.448998 -0.546528 -0.501399 -0.396761 -0.23245 -0.179143 -0.00472979 -0.153853 -0.125855 -0.0162757 0.128692 0.0565824 -5.52781 2.32223 0.0860004 -0.274529 0.0645489 -0.584463 1.66393 1.37744 -1.16434 -1.37725 -0.136251 -0.434404 -0.626408 -4.17951 0.75052 0.357817 2.56944 2.69903 1.01941 0.458046 0.905247 2.22449 0.740939 -0.348855 -0.722099 -0.427232 
4.38244 -0.319252 -0.480717 -0.443669 -0.378263 -0.306126 -0.282736 -0.096339 -0.116438 -0.105916 -0.0377954 0.0142003 0.0477545 -6.30722 2.27501 0.41359 0.25519 -0.677879 -0.306489 0.809075 0.300381 -0.384806 -1.54467 -0.488339 -1.34105 -0.612162 -3.47921 -0.387349 0.453583 1.64339 1.25823 3.00284 1.96788 0.7049 1.40463 1.64933 1.03931 -0.964218 -0.399555 
4.09598 -0.277046 -0.47253 -0.293066 -0.162152 -0.299996 -0.192491 0.0541803 -0.0751199 -0.134899 -0.0115002 0.0467245 0.0722141 -5.91295 2.77281 1.57478 1.4498 -0.221051 0.228343 0.308542 -0.427006 -0.611955 -1.52359 -0.288119 -1.03176 -0.832829 -0.393251 -1.01112 1.49909 0.199583 -1.2412 2.69334 0.76919 -1.73864 -0.316747 1.20247 1.39827 -0.822826 -0.286911 
3.75747 -0.330955 -0.566174 -0.371895 -0.211481 -0.226957 -0.119019 0.135447 0.0226686 -0.0888231 -0.0442541 0.0526219 -0.0428898 -6.69638 3.16256 3.41495 2.24215 0.175501 -0.110279 -0.173258 -0.924236 -0.977734 -0.563522 0.255741 -0.696622 -0.595765 3.02468 0.141408 3.25076 0.140302 -1.94949 -0.0451185 -1.93301 -3.28794 -2.03442 0.32624 0.816755 -0.225772 0.600495 
3.74452 -0.253792 -0.48656 -0.375807 -0.205792 -0.132705 0.0247998 0.107063 -0.100978 -0.122354 -0.0222061 -0.0583437 0.0114086 -6.9045 3.09209 4.5202 2.29919 0.374449 -0.254113 -0.24993 -0.94648 -0.834579 0.355535 0.195591 -1.13811 -0.49633 2.88413 1.12597 4.04336 0.605532 -0.994563 -2.83658 -3.39215 -2.3497 -1.89655 0.387444 -0.0904367 1.292 0.589381 
3.83059 -0.206708 -0.390551 -0.29197 -0.456997 -0.106647 -0.171139 -0.118411 -0.0578779 -0.116355 0.0287486 -0.160751 0.00157769 -6.22332 3.0077 4.90124 1.22269 -0.638668 -0.445733 -0.47058 -1.40675 -1.23372 0.594946 -0.0235591 -0.715325 -0.427722 0.560602 1.21249 2.4624 -0.490679 0.964412 -3.41431 -1.76052 0.282035 -0.682664 0.998896 -1.11576 1.43806 0.454622 
3.72697 -0.161456 -0.191319 -0.183076 -0.241577 -0.153835 -0.189135 -0.150195 -0.205191 -0.180176 0.0627161 0.0384557 -0.0430595 -4.60025 3.19716 5.47398 0.458851 -1.43998 -0.678186 -1.29513 -2.08049 -1.31817 0.673229 -0.414027 -0.606104 -0.0784888 -0.62051 0.323657 -0.55184 -2.01933 0.216174 -1.28686 0.317079 1.96061 1.30737 1.10078 -1.58067 0.20983 0.484716 
3.50676 -0.0340157 -0.0302088 -0.21426 -0.279551 -0.374994 -0.306342 -0.118828 -0.227077 -0.067104 -0.00511787 -0.0298763 0.0323728 -3.70237 3.0325 5.50148 0.962743 -0.752843 -0.501726 -0.98066 -1.88661 -1.13213 0.510406 -0.567509 -0.144426 0.191582 0.486352 -1.26561 -2.93216 -1.91626 -0.328885 2.44695 2.3848 1.54357 2.05105 -0.0519375 -0.917763 -0.0875547 -0.152715 
3.46116 0.0212407 0.0611299 -0.173635 -0.276092 -0.347485 -0.212569 -0.0588305 -0.194346 -0.036559 -0.047245 -0.0652999 -0.0094439 -3.69289 2.52409 4.55511 0.494082 -0.806628 -0.808884 -0.644016 -1.44026 -0.817278 0.418813 -0.634606 0.243749 0.238724 1.89832 -1.7801 -3.17863 -0.791781 -0.628809 3.146 2.19863 -0.0446145 0.9065 -1.22599 0.368151 -0.140266 0.266511 
3.43247 0.0374041 0.00255456 -0.354569 -0.409495 -0.302642 -0.238177 -0.171816 -0.184523 -0.0273386 -0.0576753 -0.0635635 -0.0219467 -3.85705 1.52361 3.05196 -0.0354094 -0.479718 -0.658287 0.469766 -0.130607 0.00143573 0.446384 -0.545746 0.226733 0.145071 1.64068 -2.07074 -2.22059 1.22152 0.0185383 1.37819 1.18599 0.0846822 0.540464 -1.25104 1.2943 0.145224 0.0700303 
3.4123 0.0652857 0.105489 -0.311861 -0.382849 -0.238303 -0.27442 -0.152443 -0.160284 -0.0679156 -0.083955 -0.0469031 0.039612 -3.08007 0.546645 1.48498 -0.280279 -1.21111 -0.193869 0.788967 0.221484 0.991495 0.424114 -0.220582 -0.315134 0.0383861 0.386745 -1.90288 -1.72994 1.18573 0.570267 -1.18767 0.457826 0.901487 0.318681 -0.356588 1.479 0.331096 -0.452971 
3.34655 0.0201312 0.105493 -0.150229 -0.282022 -0.126781 -0.100391 -0.137714 -0.155273 -0.0824632 -0.0691175 -0.01472 -0.0127886 -2.22426 -0.368878 0.466291 -0.031399 -0.918884 0.244199 1.00736 0.358993 1.24393 0.00889831 0.306904 0.0238162 -0.265193 -0.148252 -1.15665 -1.32915 -0.291148 -0.169855 -2.63496 -1.00039 1.43634 0.873621 0.708225 0.810176 -0.29593 -0.399651 
3.36023 0.0758757 0.123589 -0.259122 -0.435559 -0.295681 -0.163664 -0.224153 -0.265343 -0.109142 -0.0209831 -0.0558289 0.0541084 -1.97625 -0.766767 0.00451726 0.11973 -0.654585 -0.261123 0.610901 0.565888 1.23857 0.0213845 0.561672 0.105094 -0.209957 0.166801 -0.748861 -1.01105 -0.438775 0.340905 -0.956069 -0.840768 1.40362 1.31465 0.885185 -0.0360157 -0.172849 -0.699449 
3.2337 -0.0418889 0.0573172 -0.241247 -0.403516 -0.316237 -0.160314 -0.0627482 -0.0568224 -0.0425162 -0.00373611 -0.0455322 -0.0247137 -1.68317 -0.880501 -0.0880889 0.50097 -0.249029 -0.687657 0.537279 1.01669 1.22661 0.162008 0.604423 0.0249101 -0.306718 1.11625 0.336832 -0.243275 -0.573227 0.308419 0.47335 -0.694557 -0.224397 -0.189016 0.185668 -0.533026 -0.00561012 -0.0349923 
