2.65634 -0.456507 -0.368368 -0.556647 -0.377284 -0.214569 -0.083174 -0.0934756 -0.0537849 0.0140707 0.0275077 -0.0229404 -0.0258676 -1.30457 -0.435431 1.01547 1.74727 1.23941 0.369058 -0.547834 -0.303674 -0.312787 -0.579547 -0.505693 0.574674 0.684654 -1.53257 -0.677316 0.506509 1.43475 1.00312 0.223383 -0.541603 -0.2718 0.105645 -0.304697 -0.734124 0.0200665 0.528627 
2.68921 -0.41489 -0.262756 -0.486378 -0.31985 -0.183144 -0.100133 -0.115062 -0.133271 -0.0255198 0.085862 0.0804656 -0.00661367 -1.41386 -0.513917 1.0991 1.88488 1.2775 0.315514 -0.614481 -0.409392 -0.473939 -0.667616 -0.530125 0.567242 0.722196 -1.24042 -0.756776 -0.401491 0.500792 0.358468 -0.0160455 -0.411625 -0.378849 0.223864 0.0251021 -1.02949 -1.0057 0.143309 
2.5563 -0.488702 -0.2803 -0.414203 -0.301263 -0.203302 -0.0871038 -0.0592835 -0.0535112 -0.0640499 -0.0188428 0.07671 0.0647907 -1.64323 -0.800737 0.854713 1.72406 1.32537 0.604351 -0.277861 -0.481702 -0.924273 -0.953107 -0.508468 0.578222 0.785366 0.112883 -0.267167 -0.859836 -0.843669 -0.288757 0.240493 0.233946 -0.541125 -0.79388 -0.0275087 -0.205904 -0.990515 -0.36228 
2.49269 -0.522505 -0.261196 -0.37538 -0.250385 -0.191853 -0.165669 -0.135339 -0.032511 0.0128482 0.0444981 0.039132 0.00503369 -1.84659 -0.92206 0.843441 1.77381 1.14309 0.564297 -0.233176 -0.459005 -0.841782 -1.03327 -0.591674 0.146828 0.654755 0.935252 0.163802 -0.742435 -1.3439 -0.961965 0.179119 0.982983 0.0698021 -1.01235 -0.498622 0.20908 -0.547768 -0.334025 
2.49472 -0.510173 -0.265318 -0.344568 -0.214975 -0.152831 -0.152056 -0.149696 -0.128202 -0.0809413 -0.103072 -0.00150271 0.0719772 -1.75042 -0.804065 0.773133 1.72302 0.911198 0.190137 -0.292488 -0.450463 -0.735228 -1.08776 -0.682475 -0.20417 0.399295 0.873609 0.374841 -0.108944 -0.859853 -1.05936 -0.388693 0.745514 0.438702 -0.151371 -0.25255 0.966118 -0.0185238 -0.635621 
2.53091 -0.503689 -0.246485 -0.370729 -0.262095 -0.196169 -0.142902 -0.141274 -0.127162 -0.0614329 -0.00399677 0.0468432 0.0431827 -1.46459 -0.821759 0.328031 1.1295 0.321025 -0.201792 -0.340641 -0.25887 -0.418805 -0.720553 -0.401131 -0.362823 0.253395 0.298488 0.311407 0.252985 -0.0144709 -0.658653 -0.785721 -0.114232 0.572167 0.776211 0.145291 0.621136 0.148031 -0.327245 
2.46953 -0.567568 -0.298017 -0.398858 -0.230854 -0.105973 -0.0570177 -0.144872 -0.217802 -0.129664 -0.000350398 0.0688921 0.066852 -0.845489 -0.518838 0.399454 0.825462 0.0834299 -0.288462 0.0123211 -0.0124049 -0.464932 -0.46186 0.0613429 -0.20534 0.0426786 0.0983982 0.290621 0.311424 0.421198 -0.424003 -1.27147 -0.700466 0.691484 1.71382 0.992046 0.169506 -0.00355601 -0.153163 
2.42934 -0.553959 -0.222152 -0.306768 -0.251784 -0.161047 -0.123463 -0.13397 -0.1256 -0.114265 -0.0335306 -0.0187433 0.0415868 -0.503095 -0.347915 0.446831 0.64639 -0.0890135 -0.597154 -0.0265425 -0.137707 -0.354096 -0.541534 -0.0289816 -0.113826 0.178674 0.543751 0.224809 -0.0958669 -0.229022 0.0303571 -0.675218 -0.543336 -0.144425 0.699667 1.04226 0.154476 0.267691 0.0828895 
2.44747 -0.518492 -0.200357 -0.269434 -0.232811 -0.231193 -0.159534 -0.147632 -0.137537 -0.139933 -0.0506892 0.00240496 0.027238 0.104298 -0.581888 0.259263 0.146013 -0.20284 -0.455942 0.36246 -0.273153 0.271223 0.116891 0.242932 0.0149044 -0.12173 1.24356 -0.184363 -0.5273 -1.13161 0.0761378 0.587553 0.710944 -0.592934 -0.0704462 0.709348 -0.147472 0.260227 0.232105 
2.44266 -0.567911 -0.252053 -0.333314 -0.286264 -0.239791 -0.175834 -0.115408 -0.106008 -0.0730086 0.0227982 0.0568274 0.0679044 2.09314 -0.78294 -0.139237 -0.809866 -0.626891 0.38827 1.36191 -0.762066 0.373104 0.653549 0.292539 -0.0107565 -0.141306 3.11145 -0.448002 -0.675531 -1.98304 -0.330736 1.8183 2.25415 -1.26152 -0.446704 0.497888 0.118816 0.1192 -0.254129 
2.43147 -0.567629 -0.225858 -0.292945 -0.247156 -0.209063 -0.0775211 -0.0801911 -0.110344 -0.0724186 -0.00603997 0.0265462 0.0510759 2.44997 -0.0680884 -0.494057 -1.44657 -0.532781 0.829806 1.31895 -0.713819 0.216344 0.598763 0.353174 -0.0969256 -0.368376 2.95762 0.0393931 -1.06416 -2.30564 -0.45689 2.33573 1.92883 -1.01757 -0.59682 -0.0401238 0.247694 -0.0999797 -0.497534 
2.464 -0.546549 -0.200715 -0.303564 -0.235929 -0.245851 -0.186111 -0.234138 -0.165071 -0.120572 -0.0363339 0.00126851 0.0629208 2.97843 0.256968 -1.22815 -2.32662 -0.543241 2.28873 2.00531 -0.605666 -0.446194 -0.109711 -0.00863715 -0.130412 -0.30331 1.66693 0.945931 -1.18632 -1.67097 -0.459068 2.52592 1.30394 0.545596 -0.360076 -0.713487 -0.110278 -0.44128 -0.527712 
2.58668 -0.619982 -0.263435 -0.404759 -0.268539 -0.158323 -0.00569022 -0.185318 -0.0905911 -0.0463009 -0.0293234 0.0386847 0.0280497 3.31663 0.701934 -1.21001 -2.5076 -0.763284 3.00425 2.03381 -0.0239918 -0.294395 -0.380722 0.053773 -0.242406 -0.367698 -0.593891 1.96469 -0.513167 -0.154092 -0.0659661 1.466 -0.834843 1.65454 -0.511072 -1.62505 -0.321227 -0.419262 -0.0616149 
2.953 -0.651534 -0.311575 -0.564494 -0.394895 -0.0229691 0.1699 -0.268233 -0.116356 0.0257068 0.0811069 0.0507684 0.0203313 3.36104 1.1729 -0.947574 -2.16172 -1.01269 3.35913 1.66725 0.632577 0.29659 -0.511509 0.154783 -0.710967 -0.974902 -2.97311 1.75818 0.508319 1.62228 0.224053 0.0750447 -2.4603 2.65463 0.604409 -1.41363 -0.445317 -0.569336 -0.142509 
2.61433 -0.466004 -0.33576 -0.506982 -0.251435 -0.0370001 -0.0216555 -0.174104 -0.179356 -0.119877 0.00606503 -0.0117232 -0.00846047 2.80458 1.18048 -0.800851 -1.94252 -1.76293 2.62187 0.53105 1.6141 0.722787 -0.157458 0.172322 -0.819178 -0.615908 -1.50833 -0.0695912 1.44162 1.99608 -0.986789 -1.46935 -2.13373 2.19124 1.71071 0.524941 0.0303077 -0.418626 0.104883 
2.75482 -0.474183 -0.388483 -0.566718 -0.313964 0.144395 0.0836317 -0.162838 -0.205549 -0.212621 -0.101589 -0.0407553 0.0220763 2.09065 1.00931 -0.237557 -1.41255 -2.28656 1.93451 -0.507406 2.11628 0.433043 -0.448367 0.804951 -0.681375 0.0349186 -0.814863 -1.36448 1.86821 1.54983 -1.64465 -3.15923 -2.61086 0.680466 1.25072 1.59384 1.36314 0.0863743 0.704767 
2.82882 -0.437871 -0.317872 -0.54903 -0.360975 0.0899775 0.0373828 -0.0625774 -0.114154 -0.143244 0.0206318 0.0217503 0.0101 1.38397 1.05093 0.363491 -0.610145 -2.47177 0.689548 -2.42923 1.78268 0.270472 -0.477843 1.15704 -0.658131 0.695492 -0.0640535 -1.85677 1.01134 0.468089 -1.54211 -2.90322 -2.1748 -1.05921 -0.270188 1.30747 1.46 0.359192 1.53418 
2.83258 -0.446682 -0.30797 -0.524547 -0.41933 0.150256 0.0239208 -0.00892756 0.0134261 -0.0833483 0.0652706 -0.0837036 -0.115539 1.68401 0.763323 0.525609 -0.122431 -2.3831 0.0524366 -3.00112 1.51588 0.558463 0.202925 1.12064 -0.45486 0.638993 1.20177 -0.896969 0.0210617 -0.280668 -0.357885 -1.68415 -1.49401 -2.40313 -1.8073 0.45086 0.894418 0.926217 1.74279 
2.78465 -0.482803 -0.299183 -0.540145 -0.524352 -0.0166669 -0.102252 0.0667074 -0.0294411 -0.0316477 -0.0184664 -0.0831712 0.0394826 4.39592 0.286472 0.418934 0.166929 -2.92702 0.473981 -2.02267 0.573075 0.933064 0.936538 1.29835 -0.117531 0.85095 2.72236 0.656455 -0.873961 0.281079 1.18414 1.20654 0.44905 -2.53058 -1.07433 -0.364116 -0.172857 0.736668 0.169835 
2.84477 -0.506565 -0.239567 -0.564623 -0.576108 0.0131785 -0.182311 -0.0516217 -0.183865 -0.183285 0.161038 -0.0188158 0.126371 7.23889 1.25229 0.38873 0.498271 -2.85588 1.0701 -2.40653 -0.60427 0.196412 0.540519 0.766152 -0.149469 0.888273 6.50718 1.92851 -1.26926 0.680098 1.04589 3.50083 2.31129 -1.78528 0.290228 -0.121369 -2.16209 -0.000985112 -1.18391 
2.90925 -0.464451 -0.264984 -0.55116 -0.587773 -0.0246786 -0.293613 -0.0609909 -0.102043 -0.085451 0.170539 -0.0271989 0.132825 14.1594 3.26086 -1.10554 0.282927 -2.78316 2.5959 -1.47744 -1.63372 -0.242641 0.272194 -0.49436 -0.412719 0.717199 12.3178 3.71179 -1.72706 0.595991 0.1721 4.28248 3.04164 -1.05517 0.583831 -0.308672 -2.78506 -0.601306 -1.66355 
3.11889 -0.434445 -0.312384 -0.565238 -0.566501 0.0731685 -0.208531 -0.0620284 -0.0667454 0.00805085 0.116373 -0.0360793 0.0146224 20.9976 4.83288 -2.5592 0.348125 -2.97285 3.59201 -0.442648 -2.2975 -0.206473 0.437427 -1.31938 -0.238322 0.750622 15.9646 4.41414 -2.54693 0.201507 -1.13263 3.02915 2.04556 -0.761832 0.258783 -0.415234 -2.51382 -0.959099 -0.566873 
3.397 -0.39593 -0.331645 -0.455276 -0.641195 0.226513 -0.0911453 -0.0965623 -0.0069249 -0.0551596 0.0682863 -0.0363604 0.0880273 25.9978 5.63953 -3.88561 0.385464 -2.69419 4.30769 0.714667 -2.62953 0.560338 0.683148 -1.71191 -0.445156 -0.0313803 14.2535 3.11414 -3.18565 -0.793261 -1.05257 -0.029772 0.597728 -0.387233 -0.0676092 0.361422 -1.19634 -0.476058 0.225938 
3.9641 -0.203274 -0.287313 -0.489367 -0.72833 0.350066 -0.257538 -0.229942 -0.178631 -0.175804 -0.0185946 -0.0723446 0.0972826 28.0657 5.77731 -5.05832 0.502696 -2.55639 3.95641 1.28866 -2.23488 1.06827 1.06872 -2.51561 -0.554034 -0.211551 5.22275 -0.313967 -3.09839 -0.597615 0.130569 -2.38581 0.613988 0.397436 0.889878 1.14828 0.677979 0.381893 0.345178 
5.14532 0.133321 -0.575314 -0.546964 -0.768995 0.452509 -0.11988 -0.221011 -0.071309 -0.0419318 -0.0722696 -0.109038 0.033448 27.4728 5.21437 -5.59437 0.601805 -2.35646 3.31441 1.28047 -1.89011 0.649271 0.684204 -2.427 -0.306006 0.131455 -8.63961 -4.09414 -0.869745 0.318929 1.36814 -3.58454 -0.409156 1.15835 0.747925 0.719606 1.24282 0.919211 0.427468 
5.62987 0.130668 -0.700135 -0.494001 -0.889593 0.465135 -0.0865234 -0.269461 -0.0331875 0.0224081 -0.108843 -0.0948292 0.102386 24.2317 4.23386 -5.63623 0.511254 -1.49645 1.64618 0.651831 -1.36178 0.812815 0.381943 -1.96904 -0.0150613 0.436829 -16.159 -4.79053 1.23281 0.546211 2.66132 -3.20943 -0.892292 1.70611 0.157319 -0.605268 1.10576 0.950904 -0.0223216 
5.86595 0.0924765 -0.776264 -0.517811 -0.831717 0.41347 -0.0700408 -0.305309 0.0102401 0.00907372 -0.088887 -0.0874641 0.0786501 19.1294 2.71358 -5.15427 0.117495 -0.214653 -0.135119 0.114256 -0.496266 1.30066 0.207719 -1.54928 0.235619 0.141312 -15.7678 -3.32328 2.63243 0.420457 2.54454 -2.25844 -1.41001 1.79031 -0.132503 -1.81441 0.494978 0.606366 0.0940271 
5.95111 0.105198 -0.865894 -0.476657 -0.83875 0.421188 -0.081646 -0.292274 -0.00169198 0.00251714 -0.125547 -0.064581 0.0838779 12.3399 0.935352 -4.2719 0.510275 0.42821 -1.41466 -0.125914 0.765906 1.93952 -0.249135 -1.14836 0.362441 0.299101 -10.1037 -1.25919 2.92621 -0.258848 1.66321 -1.67286 -1.68945 1.6839 0.139573 -2.04962 0.138285 -0.101785 -0.0532055 
6.00237 0.10672 -0.92293 -0.434719 -0.837123 0.420664 -0.121965 -0.24658 -0.0334587 0.00808086 -0.153622 -0.0511512 0.11716 5.08699 -0.190536 -2.48315 0.807612 0.72197 -2.40403 -1.59279 1.77269 1.65368 -1.05251 -1.08695 0.319982 0.49528 -4.88874 0.184381 2.17695 -0.395343 0.254913 -1.34703 -1.3499 1.84243 0.993893 -1.08706 -0.0389375 -0.614649 -0.155204 
6.04913 0.103008 -0.93845 -0.466486 -0.722776 0.313298 -0.122865 -0.237719 0.0475017 -0.0458054 -0.151825 -0.0380269 0.0973818 1.03276 -0.0319454 -0.923437 0.885882 0.533708 -2.85661 -2.82736 2.77588 1.55648 -0.965258 -0.901475 0.052863 0.22579 -4.19835 0.306851 2.19853 0.391193 -1.80484 -0.691148 -1.97355 1.80981 0.391919 0.36451 0.0381051 -0.785596 0.0988933 
6.10674 0.0724225 -0.916613 -0.503522 -0.67767 0.247218 -0.163764 -0.196308 0.121841 -0.120762 -0.174257 -0.0396995 0.0860518 -2.78886 -0.359065 1.34646 0.634856 0.126386 -3.6425 -3.10092 2.72929 2.06124 -0.557378 -0.164009 -0.22322 0.0793114 -6.01759 -0.044947 3.14849 0.46952 -2.18911 -0.704791 -1.60655 0.664944 0.00539278 1.69873 0.985407 -0.672819 -0.160649 
6.08427 0.0865067 -0.943491 -0.42891 -0.771828 0.224488 -0.224953 -0.0875454 0.131965 -0.14461 -0.191518 -0.0712177 0.12548 -9.43849 -1.82725 3.48646 1.14053 1.98839 -4.25517 -1.45186 2.31563 0.911631 -1.05015 0.448484 -0.258359 -0.334725 -10.8826 -1.78206 4.37645 0.599274 0.987401 -0.88625 1.30342 -1.21511 -1.47252 1.21441 1.66969 -0.0444531 -0.766234 
5.93136 0.129382 -0.925272 -0.403567 -0.782843 0.142085 -0.35709 0.017586 0.150147 -0.102796 -0.232746 -0.077272 0.132871 -10.5774 -3.78785 4.69157 0.494329 3.39216 -4.33953 0.183993 1.87904 -0.58253 -1.35236 0.763773 0.158337 -0.47259 -9.26469 -4.38649 4.09511 -0.387094 4.59616 -0.646334 4.96638 -2.59199 -3.16026 -0.583369 1.75479 0.843025 -0.87225 
5.74633 0.112923 -0.782019 -0.364886 -0.866146 0.0962317 -0.495973 0.0674069 0.145349 -0.0292296 -0.188174 -0.088802 0.105144 -13.0875 -6.09471 6.54562 -0.078933 4.17758 -3.84524 0.672519 1.38398 -1.91567 -1.34129 0.742183 0.642497 -0.195549 -4.82308 -6.20298 2.8634 -1.69373 6.35169 0.124516 5.88342 -2.52961 -3.79674 -2.26279 0.456429 1.57778 -0.177708 
5.34904 -0.0102887 -0.500123 -0.467895 -0.794451 -0.091944 -0.391441 -0.0623731 0.30235 -0.026321 -0.0334346 -0.103745 0.0676487 -15.0392 -8.19187 7.42505 -0.627399 4.19744 -3.5232 0.508949 -0.0291525 -2.64361 -0.425163 1.29957 0.538436 0.441263 1.47866 -5.68315 0.343393 -1.92615 2.93855 1.70586 1.7821 -1.45346 -3.30959 -1.11909 -0.922047 1.09469 1.36467 
4.27673 -0.283056 -0.387436 -0.242432 -0.275678 -0.123331 -0.00761945 -0.0575571 -0.0816404 -0.246998 -0.0707707 -0.0549445 0.0217444 -14.6058 -9.52187 7.85176 -1.88354 4.11512 -3.25372 0.747003 -0.590298 -2.98195 -0.190565 1.82324 1.07634 0.262339 7.97566 -2.30377 -1.09458 -2.82594 -3.97307 1.96389 -4.06504 -0.298547 0.372995 1.89968 -0.474181 0.237379 1.85873 
5.15065 -0.515943 -0.411912 -0.512996 -0.242436 -0.135102 0.0191929 -0.0176462 -0.175835 -0.255179 -0.0947172 0.0375402 0.0700262 -11.7996 -9.50698 7.25619 -2.28672 3.95862 -2.32219 0.340035 -1.4518 -2.96298 0.10787 1.80389 1.15465 0.24798 4.94461 2.06921 -1.43915 -0.983726 -6.25983 1.52492 -6.28235 -0.404175 2.82664 3.46601 0.42482 -0.768536 0.688413 
4.54368 -0.759696 -0.0648854 -0.55627 -0.249978 -0.128855 -0.192032 -0.0207244 -0.139408 -0.248241 -0.136136 0.0631492 0.128687 -7.90529 -8.41029 5.26262 -2.32177 2.78776 -1.20288 -0.275603 -1.88283 -2.43774 0.242997 1.93026 1.32855 0.415526 6.32825 5.37718 -3.39157 0.635396 -4.95838 1.19787 -3.4007 -0.839217 3.10529 2.47915 1.51749 -0.703322 -0.938904 
4.26013 -0.919235 -0.0746296 -0.54075 -0.437518 -0.175091 -0.371447 -0.204854 -0.115792 -0.018696 0.0107339 -0.0717361 0.246234 -3.17488 -6.32142 3.19774 -1.93104 0.553898 0.31773 -1.16651 -1.19393 -1.25271 0.321714 1.7341 1.48243 -0.192414 7.15942 6.23747 -3.94867 1.62925 -1.21276 1.64536 1.47724 0.0855219 2.43882 -1.07431 0.773599 0.554935 -2.57899 
4.33717 -0.944774 0.000848903 -0.68994 -0.448129 -0.227727 -0.282063 -0.0354056 -0.152142 -0.088606 0.0709831 0.0824174 0.0936758 1.16468 -3.73201 1.85963 -1.58599 -2.37605 1.28022 -1.84946 -0.838369 1.22817 0.622335 2.0239 0.936611 -0.728587 6.4361 4.73052 -4.1408 2.82747 0.154597 2.62445 3.67735 0.66359 1.62075 -2.87396 -0.484849 0.205825 -1.95493 
4.51604 -0.880456 0.00824166 -0.61657 -0.291593 -0.15254 -0.396408 -0.206221 -0.143967 -0.0347984 0.0181173 0.037448 0.0874385 1.45685 -1.50513 0.10129 -0.301036 -3.0389 1.89473 -0.787959 -0.526868 2.12654 0.196969 1.79589 0.428054 -1.31768 6.27567 2.48441 -3.33252 1.38985 -1.89084 2.15137 3.3405 2.07341 1.9289 -2.51457 -1.06406 -0.24375 -0.818103 
4.58717 -0.905343 -0.126101 -0.603129 -0.411353 -0.0968459 -0.326267 -0.259688 -0.109109 -0.100439 0.158487 0.0960778 0.114165 4.59492 -0.148113 -2.02421 0.897862 -3.07097 1.89312 0.0587912 -0.442193 2.13431 -0.732606 0.974076 0.795378 -0.924795 1.0978 0.712982 -1.36404 1.38461 -2.13387 0.367696 0.595695 1.60315 1.32064 -0.925513 -2.10906 -0.784328 0.975349 
4.69143 -0.895402 -0.1232 -0.594926 -0.480104 0.00106211 -0.213774 -0.111301 -0.00297549 -0.205911 0.11995 0.148825 -0.0497241 3.41952 1.30203 -2.40288 2.61385 -2.42187 2.27677 1.18052 -0.436324 2.3341 -1.64098 -0.860027 0.816013 -0.503085 -3.59387 0.641365 -0.748005 2.27031 -0.650398 -1.35243 -0.869778 -0.780822 -0.225225 0.745645 -2.60347 -0.978106 2.83686 
4.8266 -0.868335 -0.129171 -0.535098 -0.647234 0.0729598 -0.221901 -0.0770849 0.0876511 -0.198241 0.125047 0.0519843 -0.02363 1.12092 4.64794 -2.65802 3.98309 -2.15107 1.09272 0.925551 -0.842326 2.3749 -0.322309 -1.79073 -0.994528 0.191399 -6.67055 3.97558 0.127818 2.68653 2.43225 -3.03639 -0.87147 -1.81949 -1.57433 1.75944 -2.81756 -1.03383 2.25292 
5.02453 -0.832521 -0.282352 -0.598749 -0.69212 0.0664229 -0.223181 -0.0977992 0.11834 -0.146871 0.0818848 0.0392318 -0.0022989 -0.0710049 7.35169 -3.18019 4.59757 -2.02653 -0.28218 0.724215 -0.454784 2.12108 0.80985 -2.2564 -2.02972 0.330597 -6.59066 7.39332 0.417448 3.1017 3.6342 -3.21237 -0.757094 -1.91225 -1.56982 2.73515 -1.81146 -2.27516 0.813252 
4.83055 -0.896242 -0.317275 -0.371138 -0.68009 -0.0254546 -0.364274 -0.214455 0.063427 -0.237666 0.00153006 0.16614 0.176832 -0.961023 9.37247 -3.17547 4.67967 -0.851731 -1.45297 0.355358 -0.619118 1.593 1.89256 -2.69869 -2.75907 0.51726 -2.24294 8.14335 -0.179399 0.447656 2.42729 -2.38382 0.468972 0.11205 -0.624184 3.10797 0.404008 -3.00213 -1.43133 
4.43088 -0.663347 -0.290691 -0.152308 -0.609781 0.0904643 -0.127365 -0.27951 0.125711 -0.236661 -0.175707 0.0796066 0.137414 -2.2933 9.37921 -2.12974 3.51437 1.13385 -2.2885 0.165858 -0.851126 1.01258 2.24442 -2.33406 -2.49588 0.626763 2.86126 2.81275 0.504179 -3.43173 1.649 -1.48369 -0.147216 1.97504 -0.105891 1.63326 2.23463 -1.03822 -2.1394 
4.47631 0.0341089 -0.304081 -0.157403 -0.559884 -0.188836 -0.231103 -0.217012 0.122727 0.0360667 -0.143337 -0.205466 0.0608548 -3.35218 6.88722 -1.04891 2.58827 3.63276 -2.32101 -0.43924 -0.371416 0.137442 2.03861 -1.50595 -1.55036 0.255547 3.1502 -7.85709 1.80846 -4.85488 2.34506 1.14058 -0.697543 1.90959 -0.500467 -1.46972 2.72847 2.76237 -0.826563 
4.71072 0.143827 -0.522551 -0.0637722 -0.613774 -0.17419 -0.294338 -0.233477 0.154138 0.0905158 -0.140906 -0.237753 0.0663863 -2.40258 3.75833 -0.318082 0.460974 3.42481 -2.06292 0.294952 0.155843 -0.775343 1.84972 -0.362905 -1.16607 -0.193285 0.998096 -13.9527 3.09972 -5.49836 2.29633 1.94089 -0.0142732 1.07467 -1.81344 -2.97868 2.31635 4.53328 0.258083 
4.656 0.164838 -0.530915 -0.132035 -0.588293 -0.203762 -0.196357 -0.207444 0.151925 0.055675 -0.121953 -0.185124 0.0792271 0.193895 0.54887 0.143054 -2.10039 2.81665 -1.3111 1.03724 0.788979 -1.02828 1.85615 0.618493 -0.499487 -0.768336 0.395283 -13.0972 2.60791 -3.6808 0.33702 2.06896 0.629247 -0.00826152 -2.2144 -2.26653 1.29918 3.60767 0.659063 
4.49152 -0.046242 -0.237527 -0.339554 -0.310071 -0.202371 -0.189181 -0.157835 0.169239 -0.0223698 -0.130703 -0.0659189 0.0244754 0.755066 -3.79933 0.229178 -3.30606 2.76131 -1.02193 0.556844 0.963947 -1.53356 0.867818 0.996574 0.795734 -0.219333 0.881556 -6.11166 -0.460682 -0.927261 -2.65057 1.30625 1.54909 -0.5642 -1.43259 -0.350185 0.0132319 0.563325 0.553905 
4.40563 -0.468572 -0.260232 -0.224112 -0.0704801 -0.150379 -0.399425 -0.139926 0.0324813 -0.010429 -0.0389592 -0.00177045 0.0867352 -1.27573 -7.40606 0.556903 -3.15544 2.51291 -0.797798 0.989825 1.04849 -1.66747 -0.61785 0.389054 1.82056 0.602328 0.285767 1.83491 -1.99627 0.607098 -4.02361 -1.05416 1.4674 -0.163661 0.400031 0.397703 -1.37379 -1.54521 0.572739 
4.66733 -0.554925 -0.374529 -0.506494 -0.435878 -0.205464 -0.100857 -0.177965 -0.0813501 0.0330835 -0.00632203 -0.0586761 0.0688282 -3.80294 -7.60414 0.872578 -2.46908 1.93629 -0.849326 1.49592 1.71533 -1.22031 -1.06966 -0.0765075 1.67541 0.362861 -4.13912 4.17387 -1.63759 3.50084 -1.34254 -1.25716 -0.275146 0.954572 2.27911 -0.767323 -2.19228 -1.13277 0.503045 
4.79183 -0.541483 -0.311814 -0.528295 -0.426983 -0.143467 -0.0669723 -0.150823 0.00299942 0.0755339 -0.0256245 0.000173859 0.0337242 -5.21319 -6.45936 0.235018 -1.3044 1.22179 -0.645643 1.34925 1.37039 -1.36267 -1.03124 -0.0418423 1.08622 0.248497 -7.79597 3.54353 -0.369949 3.74928 0.840895 -0.951228 -0.849247 1.01626 1.56131 -1.64907 -1.25913 -0.591641 0.116535 
4.46729 -0.673758 -0.369279 -0.456274 -0.237531 -0.196754 -0.157225 -0.132801 -0.0202775 -0.00406448 -0.102888 -0.011067 0.0998306 -6.66277 -4.24618 -0.930351 0.0319204 0.225152 -0.73054 1.58431 0.755484 -1.1846 -0.816514 -0.33423 0.452235 0.406091 -6.2118 2.42093 0.649428 2.39269 1.00773 0.414944 -0.423811 -0.132274 0.281373 -0.781522 0.322961 -0.0923088 -0.653994 
4.22808 -0.723886 -0.355109 -0.412022 -0.263043 -0.400736 -0.173255 -0.0536731 -0.0262183 -0.0712532 -0.153847 -0.0148006 0.198017 -8.06617 -2.49332 -0.442193 0.472553 0.308203 -0.418448 0.870676 0.685283 0.13676 -0.392544 -0.155105 0.350881 -0.101485 -1.59293 1.31802 0.290311 0.771043 0.35323 2.27963 -0.815089 -1.61263 -0.248308 1.30993 1.94731 -0.0339284 -1.27097 
3.99649 -0.75868 -0.357489 -0.336647 -0.320783 -0.243327 -0.0367759 0.0702352 0.0847976 -0.112346 -0.153354 0.0254444 0.0435844 -9.02238 -2.07284 -0.472573 0.988289 1.23106 -0.451585 -0.902668 0.448305 0.752082 0.265796 0.67195 0.0784447 -0.214474 3.27847 1.14792 -0.36216 -1.64732 -0.809208 1.08738 -1.60881 -2.43195 0.0512646 2.98152 2.4288 -0.665643 -0.565263 
3.86276 -0.75831 -0.336063 -0.378916 -0.228116 -0.211454 -0.0723408 -0.0903152 -0.11133 -0.094953 -0.0338404 0.0125226 0.0636281 -8.08759 -1.83007 -0.816956 -0.243272 0.292613 -0.474896 -1.25589 0.441203 1.17819 0.222788 0.985664 -0.0936451 -0.190529 5.05734 0.525346 -0.599411 -2.57968 -1.22901 -0.22142 -2.37665 -0.432179 2.29365 2.20635 1.04466 -0.505661 0.0518967 
3.70933 -0.743006 -0.410937 -0.329463 -0.234089 -0.255951 -0.0438865 -0.154559 -0.0948222 -0.0536939 -0.112528 -0.00189666 0.114877 -5.36022 -1.27434 -1.04361 -0.961223 -0.0824637 0.392879 -1.07229 0.334555 1.21052 0.820985 1.68065 -0.0896881 -0.721639 4.80482 -0.221038 -0.752539 -2.50269 -0.707937 -0.634833 -1.7235 1.37239 1.97156 0.237001 0.320572 -0.285599 0.171252 
3.68982 -0.821197 -0.334297 -0.343344 -0.223392 -0.171489 -0.251912 -0.0671723 0.107671 0.068832 0.0186438 0.028063 0.0259369 -2.3212 -0.599183 -1.7359 -1.87234 -0.101878 0.245042 -1.60248 -0.0284033 0.713654 1.3391 2.03057 0.247718 -0.606713 4.54389 0.554671 -1.27954 -1.76238 -0.593629 -1.11502 0.589598 1.42799 -0.597056 -1.42146 -0.627015 0.414012 0.545146 
3.70855 -0.820119 -0.459742 -0.469818 -0.291259 -0.315066 -0.269717 -0.108587 0.0867168 0.135299 0.103283 -0.0713977 0.0471241 0.209709 0.583381 -1.8955 -2.25868 -0.323394 -0.462805 -1.68667 -0.270808 -0.441833 1.05312 1.45372 0.546772 0.202574 4.01145 1.98071 -0.608695 0.083114 0.0767726 0.240992 2.01188 0.4101 -3.08253 -1.87369 -1.24739 1.52098 0.394779 
3.67991 -0.844492 -0.44525 -0.61509 -0.355033 -0.284925 -0.255471 0.00426533 0.195262 -0.057997 -0.0302883 0.0074141 0.0938388 0.675119 1.78956 -1.8562 -2.40301 -1.21039 -0.445362 -0.859407 0.42891 -0.054101 0.961402 0.676585 0.457042 -0.155537 2.10019 3.41423 0.0231886 1.25901 0.0718455 0.22536 1.96955 -1.29959 -3.96014 -0.0184682 -0.860805 0.816692 0.17478 
3.72557 -0.855446 -0.511891 -0.486586 -0.205097 -0.159515 -0.202272 -0.008991 0.0605317 0.0264711 0.083166 -0.00561407 0.00520731 0.180227 3.59506 -0.597656 -1.37378 -0.966969 0.313907 0.113288 0.252423 -0.600548 0.0420665 -0.00560964 0.102239 -0.603218 -1.48719 4.31289 1.88654 1.88593 -0.784728 0.340861 1.53643 -1.33584 -1.18824 0.0591121 -1.81974 -0.464655 -0.197422 
3.94259 -0.738738 -0.606487 -0.614477 -0.297526 -0.350821 -0.30173 -0.0601377 -0.0282858 0.093684 0.120677 0.0903523 0.0769544 0.617981 6.57247 1.25753 -0.441521 -1.90267 0.376049 1.58794 0.0383172 -1.07642 -0.639876 -0.845858 0.0165278 -0.743168 -3.53173 4.72957 4.6122 2.44004 -1.41101 1.44436 1.6246 -0.111319 2.01181 -0.508562 -1.65142 -1.73493 -1.37718 
3.9834 -0.56547 -0.55033 -0.578148 -0.331159 -0.274362 -0.206319 -0.110744 -0.187518 0.00108049 0.00857297 0.110786 0.122093 1.9827 8.6158 2.83092 0.397328 -3.90719 0.941247 2.81695 -0.474604 -0.82753 -0.904674 -1.04215 0.162748 -1.00269 -1.2053 4.22961 4.80336 1.67736 -3.22848 0.939951 2.10044 0.239898 3.30715 -1.0176 -0.573622 -1.65931 -1.44278 
3.69534 -0.476469 -0.546435 -0.653396 -0.442383 -0.258208 -0.157321 -0.0443658 0.0191917 0.119098 -0.00150761 -0.00531944 0.00430273 2.86844 9.70998 3.47551 0.851913 -5.68432 0.678728 3.67501 -1.15764 -0.650265 -0.673617 -0.635249 -0.300308 -1.01806 3.87718 2.57922 3.12392 0.839637 -4.28071 0.24837 2.23879 -0.284565 1.5118 -1.65074 0.516121 0.0490538 -0.109264 
3.54715 -0.256552 -0.315644 -0.386356 -0.306014 -0.116313 -0.106642 -0.0913792 0.0144048 -0.0516877 -0.0892037 -0.0631265 -0.0529649 3.52838 9.41312 3.69651 0.805415 -6.90389 0.475485 4.2811 -0.927851 -0.0306552 -1.17911 -0.827302 -0.776546 -0.680524 6.84105 -0.993033 -1.18923 -0.909183 -4.219 -1.11531 1.63372 -0.619134 -0.74011 0.0212254 1.85885 0.745559 1.14861 
3.89319 0.142739 -0.067785 -0.474277 -0.612803 -0.211188 -0.0252959 -0.020745 0.0428465 -0.033097 -0.0441978 0.00325822 -0.0692417 4.2516 7.90545 3.15871 1.4258 -6.93404 1.28104 4.67961 -0.634349 0.126147 -1.51248 -0.351169 -1.31714 -0.847149 4.30923 -5.24107 -4.87214 -0.963651 -0.940628 -0.85724 0.072972 -0.618734 -1.90333 0.47755 1.52187 0.111746 1.67174 
4.19529 0.228392 -0.148247 -0.516481 -0.988055 -0.179811 0.177973 -0.171229 0.00533993 -0.0768189 -0.0300908 0.0250804 -0.0339882 5.77059 5.95722 1.73875 1.31978 -6.47223 1.3534 4.1945 -0.746227 -0.216679 -1.37713 0.494695 -1.45576 -0.577888 -0.270674 -6.67155 -4.91711 0.0858544 3.71788 0.595751 -1.64657 0.498921 -1.67295 0.474618 0.736501 -1.06217 0.851068 
4.17849 0.252156 -0.177127 -0.497739 -1.03754 -0.20935 0.214961 -0.188003 -0.0119576 -0.0723513 0.00272362 -0.0036586 -0.0144175 7.59349 4.02402 -0.208966 1.12276 -5.08461 1.81265 3.45398 -1.34667 -1.58075 -1.55448 1.02823 -0.997494 0.0784159 -1.98962 -5.37499 -3.66998 0.536848 5.78583 2.03413 -2.56702 0.528794 -0.833019 0.218729 0.379471 -1.11429 -0.211342 
4.27534 0.20293 -0.230488 -0.448399 -1.005 -0.205778 0.255333 -0.120717 -0.0617211 -0.0667814 -0.00518987 -0.088534 3.16411e-05 7.6444 1.73772 -2.49362 0.673764 -3.33659 2.06103 2.11247 -1.43713 -2.01746 -1.05544 1.28417 -0.81769 0.22513 -1.18566 -2.27875 -1.81838 0.679158 5.50183 2.33586 -2.94172 -0.548535 -0.646256 -0.408863 0.129335 0.29476 -0.535442 
4.38293 0.175777 -0.283194 -0.400635 -1.05756 -0.0905541 0.264639 -0.119463 -0.0732561 -0.131531 0.0263133 -0.112324 -0.0386713 6.19549 -0.0931849 -3.97689 1.19198 0.239843 2.70968 0.288126 -1.51916 -2.36308 -0.938481 1.06704 -1.08467 0.0912935 0.292976 0.139898 -0.990052 -0.283149 4.13615 0.756152 -2.9577 -0.964889 -0.527783 0.228729 -0.057748 1.31074 -0.220319 
4.47494 0.177554 -0.328315 -0.400887 -1.03215 -0.0174803 0.284783 -0.184494 -0.120588 -0.137871 0.0576438 -0.158469 -0.0303533 5.5365 -0.463953 -4.03801 1.12527 3.23573 2.44688 -1.45187 -1.00505 -1.98125 -0.795348 0.757882 -0.849484 -0.34973 0.175703 0.469272 -0.801513 -0.561567 3.44001 -0.955839 -2.74771 -0.473156 0.184491 0.491573 -0.644925 1.4101 -0.226269 
4.63299 0.193802 -0.460909 -0.415648 -0.942315 0.0670055 0.248298 -0.274465 -0.199936 -0.158179 0.103935 -0.0969915 -0.0168422 5.72607 -0.49883 -4.04723 0.63215 4.99566 1.63348 -2.28329 -1.24966 -0.917475 -0.887751 0.329527 -0.499534 -0.675088 -1.0145 0.0522087 0.276916 -0.64091 3.48063 -2.82677 -2.11505 0.712337 1.92104 0.511997 -1.21008 0.352785 -0.541093 
4.71246 0.184094 -0.527656 -0.343959 -0.865975 0.0794359 0.150455 -0.270873 -0.229584 -0.176416 0.0709747 -0.0734206 -0.0317361 5.62625 -0.749227 -3.43014 -0.0581653 6.61588 -0.0481056 -2.8375 -1.49753 0.607034 -0.826711 -0.317246 -0.292157 -0.715034 -0.900934 -0.743421 1.44414 -1.20522 3.16714 -3.92582 -0.574727 0.953462 3.60962 0.166817 -1.45092 -0.612909 -0.533082 
4.77703 0.188187 -0.611104 -0.358597 -0.685229 0.0865437 0.0433434 -0.266627 -0.263025 -0.132333 0.0804495 -0.129883 -0.0392989 4.62901 -0.572109 -3.31011 0.325228 7.16202 -1.5464 -3.5628 -0.424867 1.33219 -0.418002 -1.14394 -0.240049 -0.416171 -1.10828 -0.705942 1.69628 -0.423901 0.991126 -3.59333 0.380172 1.21777 3.68055 -0.21123 -1.5371 -0.538086 -0.0116064 
4.84943 0.165292 -0.639255 -0.387987 -0.541683 0.0279933 0.000243926 -0.249695 -0.186071 -0.16919 0.0435978 -0.104012 -0.0923331 3.1147 -0.434933 -2.78663 0.893216 6.8861 -2.60858 -4.265 1.15461 1.65044 0.0363026 -1.80664 -0.277115 0.0511343 -2.08454 0.0541321 1.18145 1.01562 -1.36859 -2.10314 0.0131339 1.99651 1.26799 0.469177 -1.22505 -0.340969 1.25141 
4.92301 0.147837 -0.66857 -0.420262 -0.363828 -0.0890872 -0.0203135 -0.308508 -0.0259308 -0.207445 0.0181139 -0.129416 -0.113257 0.541527 -0.458141 -1.34954 1.04138 6.27036 -2.54113 -5.18433 2.23369 1.51794 0.662099 -1.92391 -0.829386 0.867241 -4.22334 0.764035 1.1013 1.97873 -3.17566 0.812948 -1.6993 2.91724 -2.2488 1.45216 -0.36539 -0.0697183 2.31405 
5.05358 0.0441134 -0.605973 -0.468933 -0.180843 -0.246526 -0.0468193 -0.322674 0.103057 -0.207325 -0.0654574 -0.16776 -0.0861838 -2.75524 -0.831132 0.828627 1.59534 4.54676 -2.10634 -5.42053 1.82236 0.60226 2.25402 -1.26094 -1.80905 1.4211 -7.27656 0.724798 2.50191 2.33502 -4.43417 3.17457 -2.58339 1.73417 -4.61246 2.97053 1.24358 -0.924115 2.10153 
4.92695 0.160513 -0.770748 -0.25498 -0.275857 -0.214463 -0.205499 -0.110318 -0.00582378 -0.161114 -0.117591 -0.141508 -0.0374849 -6.08503 -1.35534 3.85156 2.90541 1.30342 -2.29107 -4.43736 2.17694 -1.42038 2.70575 -0.463191 -2.21224 1.7713 -8.07235 -0.975465 5.99401 1.26764 -4.76089 2.43775 -0.314819 -0.857416 -4.86003 2.82878 2.73299 -1.91361 0.846464 
4.82609 0.173866 -0.739068 -0.220181 -0.233385 -0.251635 -0.326568 0.0174201 -0.0791551 -0.0923609 -0.144073 -0.147308 0.0436256 -8.64545 -1.47932 5.75596 3.98627 -1.00632 -2.30857 -3.45583 2.21652 -2.91615 2.68438 0.181758 -2.40312 1.77148 -6.27176 -1.93652 7.02865 1.06999 -4.86497 -0.00490449 3.14309 -2.58645 -3.04551 0.665286 2.75348 -1.57904 -1.05009 
4.55716 0.13107 -0.568232 -0.279709 -0.144065 -0.10084 -0.55383 0.0078265 -0.134154 -0.031771 -0.0894738 -0.227174 0.141002 -9.85177 -1.51533 6.8442 4.38579 -2.47973 -1.90457 -2.64748 1.988 -3.85738 2.55181 0.532447 -2.2634 1.61557 -1.42851 -1.39902 4.19954 1.13877 -3.71979 -2.62182 5.51542 -2.19539 -0.500793 -1.8591 1.08648 -0.000712842 -2.09953 
4.19924 0.0116931 -0.277202 -0.129512 -0.311299 -0.135453 -0.547094 -0.204227 -0.234156 0.261669 0.0109438 -0.428044 0.101392 -9.62169 -1.26864 6.76712 3.8296 -2.57585 -1.24736 -1.8507 0.948891 -3.77601 1.77752 1.11923 -1.44102 0.583683 4.22582 0.51403 -1.54028 -0.459443 0.096397 -1.98745 4.00705 -0.360779 1.94138 -4.27759 -0.858752 2.72165 -2.11708 
3.98321 -0.0595026 0.063351 0.0414358 -0.628908 -0.356486 -0.318796 0.000316636 -0.482391 0.104382 0.0625899 -0.396153 0.0986494 -7.89479 -1.50898 6.2603 2.92055 -1.67803 -1.11531 -0.407478 -0.698581 -2.67201 0.668086 1.07373 -0.376693 -0.592113 7.02327 2.11676 -6.85237 -2.1011 4.21505 1.34566 0.271576 -0.823547 3.72437 -3.2546 -1.78357 3.92888 -1.86412 
3.91254 -0.0254615 0.0357798 0.0987789 -0.562172 -0.432544 -0.302631 -0.0159424 -0.372075 0.00120143 0.0104503 -0.353179 0.0531972 -5.96762 -0.998339 4.56596 2.1105 -1.07415 -0.35963 0.715255 -1.74195 -1.77765 -0.858564 1.27153 0.685055 -1.78631 6.31835 1.89449 -6.88021 -3.43003 5.15192 3.84721 -1.45275 -1.88158 2.91482 -1.65743 -0.643001 3.23175 -1.54356 
3.94443 -0.0282641 0.0286481 0.0795269 -0.501758 -0.38375 -0.378545 -0.041463 -0.356893 0.0528581 -0.0345498 -0.358694 0.103592 -1.85714 -0.376274 1.86516 0.431695 0.0135973 0.245526 1.69467 -1.88188 -1.06263 -2.00659 0.541316 1.98925 -2.14825 4.77139 0.884336 -4.49208 -3.77569 3.35085 4.05432 -0.537369 -2.27789 1.15926 -0.746475 0.359411 1.70823 -1.0756 
3.98531 0.0158436 -0.0590609 -0.00217856 -0.369774 -0.277035 -0.450436 -0.118534 -0.344124 -0.00424465 0.0367916 -0.219943 -0.0402686 1.80083 0.902641 -1.14953 -1.85463 1.16489 1.71508 1.95214 -2.15258 -0.173757 -2.00229 0.292026 2.7487 -1.91985 3.93356 0.451881 -1.96211 -3.10085 -0.404208 2.07862 1.9779 -1.47402 -0.421917 0.905854 0.50781 -0.498512 0.368889 
3.96187 -0.00925867 -0.0923644 0.0749657 -0.351507 -0.258513 -0.363225 -0.205424 -0.329251 -0.0373773 -0.0121455 -0.134161 -0.0918387 3.93272 1.52357 -2.97745 -3.18546 1.41871 2.85072 2.07706 -3.49861 0.973323 -0.105378 0.300742 2.24471 -1.55075 4.0527 0.904507 -0.908072 -2.58989 -2.79643 0.0250215 3.00237 0.0380313 -0.434391 2.2666 0.231542 -1.69879 1.74879 
3.89731 0.0196421 -0.0548742 -0.0317509 -0.34889 -0.145681 -0.3241 -0.290531 -0.353636 -0.15696 0.127174 -0.159219 -0.158726 4.59588 1.57953 -2.73248 -3.7223 0.421924 2.58031 3.15289 -3.8841 1.23744 0.722285 0.577433 1.61932 -0.970827 3.07358 1.07306 -0.765532 -1.06464 -2.73948 -1.59656 2.32137 0.11491 1.35617 3.63408 -0.673008 -1.941 2.36111 
4.3118 -0.00440883 -0.167119 -0.236632 -0.299272 -0.119651 -0.238243 -0.269398 -0.393759 -0.147206 -0.0105346 -0.095785 -0.0823626 4.40598 1.63496 -2.26193 -3.6017 -0.596716 1.8249 4.02342 -4.02458 1.81113 0.92857 0.823812 0.931194 -0.460574 -1.13532 0.619033 0.775083 1.24482 -2.11803 -2.09465 0.748076 -0.506703 2.45017 2.80392 0.131611 -1.85111 1.56618 
4.40627 0.16873 -0.316153 -0.318214 -0.411508 -0.0590492 -0.112569 -0.361801 -0.3602 0.0514277 0.074831 -0.119258 -0.0879919 3.75554 1.53745 -1.52867 -3.1047 -1.43389 1.07797 4.06914 -3.66929 1.97946 1.48373 0.684659 0.0717652 0.443932 -4.12873 -0.820805 2.46709 2.58313 -0.463328 -1.96658 -0.972986 -0.263792 1.80599 -0.278983 0.34338 -0.849608 0.436028 
4.43441 0.162868 -0.320224 -0.276713 -0.493694 -0.0888152 -0.0438118 -0.457975 -0.227156 0.178579 0.0548868 -0.157051 -0.0605555 2.8545 1.50479 -0.872115 -2.73107 -1.43429 0.590366 3.20419 -3.54732 2.56534 1.48964 0.582663 0.0319935 0.631748 -4.81674 -1.3109 2.85634 2.3131 0.845039 -1.0119 -2.1039 0.329724 0.251297 -2.68884 0.218294 0.292624 -0.355149 
4.39606 0.148415 -0.238452 -0.328698 -0.454931 -0.152375 0.0343635 -0.536957 -0.135852 0.0871031 0.0683088 -0.159519 -0.0449061 1.54609 1.16224 -0.375592 -1.2464 -1.56035 0.579152 1.93035 -3.11071 2.96934 0.921526 0.0944524 0.267624 0.621534 -3.02588 -0.956272 1.55753 1.62051 0.892003 0.826676 -3.17176 1.1899 -0.971528 -2.95509 -0.263975 0.961928 -0.683683 
4.37436 0.157711 -0.223041 -0.328553 -0.500322 -0.127527 0.0511194 -0.589698 -0.10972 0.0564148 0.127335 -0.169758 -0.0413979 -0.549355 0.76736 0.264684 0.355174 -1.42053 0.937768 0.546072 -2.40916 2.40786 -0.176023 0.204203 0.138377 0.187054 -0.502863 -0.469692 -0.263866 1.3578 0.686387 1.72152 -3.13543 1.97205 -1.60308 -1.83953 -1.278 1.03841 -0.56387 
4.33481 0.168773 -0.213154 -0.31722 -0.515009 -0.110145 0.0282513 -0.577294 -0.16445 0.0928672 0.116423 -0.159837 -0.0294777 -1.09224 -0.0574687 0.650531 1.16001 -0.679845 0.730864 -0.546972 -1.16155 1.23099 -1.17743 -0.212839 0.214824 0.11518 0.298439 -0.182149 -1.16018 1.65616 0.241511 1.23807 -2.06053 2.10341 -1.66685 -0.52449 -0.952242 0.136942 -0.430579 
4.31865 0.179109 -0.183147 -0.345118 -0.474109 -0.110304 -0.00785592 -0.673242 -0.0279104 0.0369344 0.0742789 -0.0786469 -0.0620916 -1.24835 -0.369907 0.377763 1.06857 -0.000165939 0.552933 -1.31432 0.160438 -0.092976 -1.1963 -0.345676 0.263986 0.0474229 0.256397 -0.761224 -0.961617 1.24162 0.463048 -0.434881 -0.718684 2.5999 -2.40476 0.678221 -0.361495 -0.964036 0.115321 
4.32944 0.173831 -0.212546 -0.249524 -0.554442 0.0273234 -0.108445 -0.624647 -0.0129202 -0.0548622 0.0482684 -0.0817003 -0.052592 -1.21481 -0.920569 0.0935341 1.04943 0.273171 0.101296 -2.20071 1.9116 -0.930575 -0.701142 -0.863665 0.263877 -0.15043 -0.228111 -1.30513 -0.0655538 -0.560209 1.33741 -2.59143 0.188775 2.87966 -2.37155 1.35133 0.00556676 -0.975441 0.167476 
4.30528 0.170395 -0.253516 -0.168024 -0.541976 0.0501988 -0.121269 -0.556835 -0.144726 -0.0421132 0.0387133 -0.128482 -0.065238 -1.24833 -1.61655 -0.0190167 1.2846 0.804099 -0.869598 -2.53837 2.88108 -1.11632 -0.0975273 -1.39273 -0.223067 -0.115623 -0.408987 -1.59026 0.486658 -1.46038 1.36459 -3.25142 -0.0162693 2.31948 -0.773014 1.67294 -0.233864 -0.632787 0.151832 
4.2773 0.13066 -0.226478 -0.145175 -0.502055 -0.0747486 -0.105072 -0.513312 -0.196194 -0.00155876 0.0570356 -0.148666 -0.0466688 -1.23757 -2.05727 0.00923896 1.51849 1.20362 -2.10723 -2.31147 3.31366 -0.879747 0.210203 -1.48266 -0.980234 0.0109412 -0.287966 -1.18892 0.480482 -0.873033 0.918193 -2.49504 -0.331576 1.07299 1.14073 1.12409 -0.808194 -0.592346 0.0267614 
4.24728 0.0761013 -0.219679 -0.244403 -0.427707 -0.132032 -0.147447 -0.440193 -0.225523 0.0321975 0.038272 -0.139367 -0.0296792 -0.596088 -2.12683 -0.294121 2.3213 1.20717 -3.54448 -1.95691 4.034 -0.890226 0.381519 -1.30165 -1.58731 0.29372 0.759975 -0.121943 -0.144439 1.53785 -0.118539 -1.75642 0.0456245 -0.293902 2.44787 -0.169591 -0.598687 -0.855739 0.097146 
4.21976 0.000715059 -0.193336 -0.25975 -0.43061 -0.181496 -0.271874 -0.232279 -0.236568 -0.00304458 -0.0422253 -0.10947 -0.0819206 1.45088 -2.21874 -0.49856 3.26814 0.927487 -4.41481 -2.0575 4.1992 -0.303558 0.393757 -1.13188 -1.30688 0.502093 3.28933 0.836789 -1.04567 3.81667 -1.27016 -0.717223 0.504229 -1.09448 1.98549 -0.954857 0.461427 -0.715777 0.662964 
4.19727 -0.0580872 -0.22091 -0.12695 -0.398894 -0.255031 -0.289427 -0.272547 -0.190087 0.0930094 -0.0860489 -0.216199 -0.0486586 4.008 -2.16049 -0.682371 4.32247 -0.152354 -4.4594 -2.4968 4.34945 0.639111 -0.161087 -0.815641 -0.377927 0.734312 5.94653 1.14311 -1.19488 3.84134 -2.29479 0.0511171 0.174019 -0.132375 0.682996 -1.62576 1.44394 1.13962 0.71271 
4.18578 -0.0575151 -0.200586 -0.0770152 -0.360997 -0.37844 -0.250178 -0.274746 -0.130731 0.0588751 -0.0886382 -0.285125 -0.0310426 6.19283 -1.98137 -0.79808 5.09745 -1.22712 -3.93566 -2.67844 4.55918 0.915507 -1.0147 -0.233868 0.752 0.480806 6.83748 0.484052 -0.600773 2.09413 -2.79519 1.05523 -0.730399 1.02902 -0.376404 -1.61864 1.85107 3.3382 0.147493 
4.34575 -0.0323598 -0.290235 0.113932 -0.406802 -0.512801 -0.265004 -0.139569 -0.129335 -0.0201786 -0.0612566 -0.288845 -0.00430048 7.45192 -1.66415 -0.796869 5.78189 -2.39699 -3.67647 -2.19047 4.36286 0.8171 -1.51226 0.577209 1.68035 0.380554 4.03355 -0.2634 0.587731 -0.763188 -2.39793 1.82751 -0.714878 0.959523 -0.841686 -0.972027 1.54864 4.01073 -0.64349 
4.72006 -0.101154 -0.322284 0.292602 -0.501683 -0.471534 -0.406971 -0.0489916 -0.141944 -0.0182939 -0.0558078 -0.20071 0.02416 7.32363 -1.15226 -0.665815 5.62163 -3.29417 -3.24067 -1.28323 3.55007 0.57316 -1.45412 1.2903 2.16288 0.456017 -1.90726 0.0179631 1.2994 -2.56514 -1.43324 1.21711 1.01726 -0.326392 -0.757937 -0.100536 0.95738 2.13722 -1.0401 
4.93446 -0.127079 -0.315163 0.35941 -0.6082 -0.527443 -0.46569 0.0425931 -0.10019 -0.0591254 -0.0191968 -0.0652781 0.0398095 6.57244 -0.947712 -0.144315 4.35833 -3.86324 -2.2381 -1.16557 3.41114 0.148395 -1.59714 1.71675 2.74706 0.249132 -6.25793 0.54329 1.30508 -2.97306 -0.117503 0.967533 2.30347 -2.16541 -0.616276 0.960963 0.376288 -0.897089 -0.59848 
5.02285 -0.167795 -0.27258 0.339932 -0.635952 -0.552643 -0.474556 0.139505 -0.123817 -0.15082 0.0422633 0.0475485 -0.0427136 4.85403 -0.85088 0.173779 3.25934 -3.75209 -1.52173 -0.922021 2.72955 -0.136514 -1.15243 1.71375 2.75513 0.396907 -7.10357 1.02582 0.703089 -2.3159 0.845689 0.700327 2.13296 -2.86499 -0.24394 1.47274 -0.304675 -2.73938 0.612409 
5.00578 -0.168148 -0.281913 0.415725 -0.733124 -0.61331 -0.415723 0.157677 -0.147956 -0.139676 0.0775741 0.0663916 -0.0219806 1.80934 -0.567987 0.649542 1.76143 -2.94588 -0.701211 -0.673893 1.49996 0.204406 -1.15804 1.63977 2.2559 0.33225 -5.13995 0.905229 0.0990053 -1.68411 1.81201 1.19262 0.234354 -2.2242 0.404534 0.61154 -0.621044 -2.42606 0.970178 
4.87858 -0.125984 -0.271809 0.468809 -0.815653 -0.632192 -0.335598 0.0799062 -0.135619 -0.0774751 0.0816658 -0.00292062 0.00688311 -1.67259 -0.256114 1.23409 -0.0290579 -1.47393 -0.309678 0.0971288 -0.0267368 0.654721 -1.33534 1.08314 1.89468 0.286171 -2.82853 0.123751 0.304995 -2.06388 2.86538 1.58588 -1.19436 -1.6025 1.06279 -0.719573 -0.993214 -0.267831 0.530679 
4.91507 -0.159109 -0.220159 0.390536 -0.826984 -0.55371 -0.424499 0.118502 -0.144543 -0.111132 0.121477 0.0192301 0.0107386 -3.44236 -1.17922 1.86542 -1.82493 -0.0791534 1.72663 0.896458 -1.9535 0.940436 -1.04955 0.171124 1.31056 0.435912 -2.12571 -1.18575 0.954288 -2.96703 3.22116 2.38489 -0.0101154 -2.34559 1.44951 -1.11403 -1.55941 1.05939 -0.154992 
4.87521 -0.152491 -0.243249 0.428185 -0.795666 -0.626396 -0.40924 0.120869 -0.144674 -0.111288 0.10982 0.0407882 0.0809908 -3.8153 -2.92198 2.51071 -3.6199 1.1623 3.47794 1.74413 -3.32255 0.947211 -0.598857 -0.641674 0.631588 0.639982 -1.07893 -3.42348 1.90661 -4.2613 2.81515 3.84504 1.98379 -3.04754 0.655341 -0.351753 -1.76801 0.634571 -0.847282 
4.72749 -0.130292 -0.234821 0.40482 -0.768468 -0.538936 -0.48711 0.0849714 -0.0510583 -0.232276 0.144278 0.0643701 0.0382752 -3.07228 -5.5162 1.93908 -5.7114 1.70478 4.25826 1.85268 -3.73892 1.40615 -0.378897 -0.585784 0.941327 0.591969 1.24315 -5.85164 0.79289 -4.48536 1.02256 3.20213 3.11431 -2.46199 -0.274614 1.57902 -1.05164 -0.317428 -0.263334 
4.55364 -0.172684 -0.104121 0.213451 -0.646642 -0.518357 -0.397087 -0.0683479 -0.00553668 -0.249167 0.0476183 0.190896 0.0268216 -1.50903 -7.38387 1.25908 -6.92128 2.06271 4.4935 1.86915 -3.46772 1.21419 -0.407749 -0.56561 1.25087 0.435278 4.09002 -5.99421 -1.6731 -2.7442 -0.952823 1.18156 1.55801 0.144368 -0.962144 2.04977 0.599499 -1.21021 0.227708 
4.56577 -0.430517 -0.0058366 0.0136473 -0.607296 -0.160137 -0.245573 -0.26378 2.36992e-05 -0.192999 -0.0208224 0.144935 0.0479812 -0.287457 -7.99977 0.827284 -7.43527 1.96439 4.17672 1.60418 -2.90919 1.39691 0.247275 -0.688702 0.983477 0.436435 5.12599 -2.50358 -3.30551 -0.216955 -1.75034 -2.64812 -1.90179 3.4948 -0.563585 1.21629 1.67756 -0.590703 0.384167 
4.6084 -0.685369 0.0678614 -0.139377 -0.538882 -0.0836482 -0.11974 -0.292531 -0.0864122 -0.14441 -0.0330342 0.0383451 0.0479571 1.65198 -7.80067 0.0555182 -7.73786 1.95848 3.904 1.24208 -1.56095 1.06069 0.632173 -0.310476 0.598161 -0.007977 4.18088 2.67896 -3.46598 1.9996 -1.18309 -4.19728 -3.78977 4.88599 0.203754 0.0200445 1.55065 0.247698 -0.0593696 
4.69539 -0.986908 -0.19384 -0.313858 -0.661607 -0.183949 -0.206947 -0.259281 0.0596077 -0.108796 0.103853 0.170395 0.0901273 2.77742 -6.42883 -0.67082 -6.87222 2.14445 3.3237 0.671349 -0.00539238 0.581123 0.908392 -0.234198 -0.238645 0.129129 1.32363 7.03843 -0.723902 3.14088 0.943566 -2.21207 -3.04997 4.02005 -0.131772 -0.908245 -0.018711 -0.678634 -0.723136 
4.83992 -1.00961 -0.18958 -0.351643 -0.592693 -0.152212 -0.236609 -0.209798 -0.027086 -0.174423 0.0661833 0.177505 0.0702514 3.38127 -3.64717 -1.50544 -4.89788 1.80193 2.56105 -0.287157 1.3639 -0.278052 0.488879 0.690659 -0.509704 0.142412 -1.38093 7.85103 0.925288 3.14399 1.61348 -0.00420544 -0.779081 1.64211 -0.891553 -0.797418 -0.329166 -0.990212 -0.564019 
4.87204 -0.959734 -0.117076 -0.435864 -0.568487 -0.151338 -0.362346 -0.132624 0.08138 -0.0898918 0.0224046 0.147687 0.0966921 1.74632 0.228289 -1.92356 -3.00264 1.93195 0.777896 -0.928029 2.2344 -0.2357 0.675441 1.13303 -0.425894 -0.0793908 -3.59027 6.42266 0.778279 3.23601 1.06667 0.923346 1.41584 -0.601435 -1.64966 -0.223036 0.353188 -1.0314 -0.26497 
5.00425 -0.923018 -0.227948 -0.511346 -0.469427 -0.118213 -0.28219 -0.0365707 0.0170475 -0.118456 0.0831543 0.128171 0.00293248 0.290852 4.73196 -1.72025 -0.61817 1.5383 0.509175 -1.0313 2.82157 0.16293 0.551253 0.17936 -1.20239 -0.45087 -4.77007 5.75725 0.422089 3.90938 -0.876093 -0.435514 1.36548 -1.03765 -0.571748 0.487642 -0.117946 -1.02828 0.127125 
4.87287 -0.82908 -0.189676 -0.491815 -0.371219 0.00462326 -0.317842 -0.0264708 0.0217745 -0.147262 0.0126584 0.0155862 0.0585452 0.458525 7.89153 -1.64732 1.31912 0.315345 0.400295 -0.866212 2.94993 0.146859 0.870424 -0.829047 -2.06764 -0.462533 -1.80723 4.87908 -1.23472 3.78696 -3.66894 -2.2935 0.207287 -0.109696 1.23445 1.14833 -0.866104 -0.354336 0.00868201 
4.92654 -0.673523 -0.213888 -0.415435 -0.431224 0.0074654 -0.2946 -0.0649996 -0.148536 -0.178954 0.15744 0.121245 0.0753728 0.498585 8.89127 -2.66106 2.53604 -1.33934 -0.0202829 -0.601361 2.91503 0.707537 0.986531 -1.33851 -2.43212 -0.118468 1.66329 3.03404 -1.82598 2.80335 -4.40208 -2.09985 -0.684846 1.12938 2.57767 0.881955 -2.83156 -1.13898 0.0717647 
4.63391 -0.48289 -0.267904 -0.401064 -0.381062 -0.136784 -0.279592 -0.0355393 -0.0044254 0.00701031 0.160935 0.0660239 0.0401925 1.23634 8.6308 -3.11822 3.037 -2.65294 -0.241597 -0.462255 2.79019 0.859085 0.787187 -1.66818 -2.53458 -0.0716889 5.29741 -0.734969 -1.59572 0.700126 -4.03203 -0.337781 -1.02279 1.2468 1.80351 -0.410556 -2.63917 -0.888132 0.409007 
4.6837 -0.081098 -0.276349 -0.182631 -0.494767 -0.110558 -0.305211 0.146117 0.0779715 -0.0768432 -0.074197 -0.12282 -0.0203332 1.75877 7.63712 -2.72255 3.10878 -3.87094 -0.739582 -0.513951 2.31306 1.36119 1.07334 -2.09089 -2.21643 0.0943543 4.69517 -5.29686 -0.559433 -1.96307 -1.65807 0.679627 0.0324577 -0.532273 -0.0523741 -0.689808 -0.14608 0.682516 0.52412 
5.06568 -0.0112036 -0.468693 -0.152214 -0.759479 -0.153813 -0.410323 0.169831 0.101828 0.00229899 -0.0859598 -0.0787094 0.0525722 2.2091 6.02971 -2.40186 2.79237 -4.20144 -0.918301 -0.256953 1.49545 1.3606 1.1131 -1.93609 -1.72275 -0.196202 -0.349152 -6.38747 2.07713 -2.56041 1.5345 1.19302 1.13718 -2.50332 -1.332 -0.758256 1.54602 1.39884 -0.00479377 
5.03935 -0.00569432 -0.547373 -0.117416 -0.769154 -0.123903 -0.349018 0.203041 0.11055 -0.0563072 -0.145563 -0.147841 0.0899454 0.550249 4.00395 -1.532 2.24034 -2.89469 -0.746783 -0.278482 0.345326 1.22957 1.11116 -1.97938 -1.57283 0.0349252 -4.86253 -4.65426 3.47677 -1.74215 3.48491 0.255311 1.09888 -3.82825 -1.84909 0.253225 2.50738 2.0618 -0.414721 
5.11911 -0.0470717 -0.501939 -0.200062 -0.796912 -0.0987461 -0.378895 0.234283 0.129371 -0.0400145 -0.115883 -0.170785 0.0404232 -2.27231 2.023 -0.61229 0.978312 -0.622941 -0.808499 0.181381 -1.4955 0.219717 0.465553 -1.17036 -0.572187 0.491998 -9.37411 -1.6906 2.89347 -0.771676 5.33192 -1.06676 0.905247 -4.08266 -1.21398 0.570459 1.57798 1.58317 0.0703794 
5.09492 -0.0520796 -0.45745 -0.164187 -0.854323 -0.15564 -0.304996 0.160765 0.120541 0.00929694 -0.129937 -0.115431 0.0297314 -6.63534 -0.412193 0.931517 -0.701134 2.34407 -1.62134 0.376732 -2.54885 -1.00939 0.954181 -0.429008 0.197857 0.785039 -10.1588 -0.353435 1.98622 -1.01286 6.08612 -1.61913 -0.14512 -2.16761 -1.35644 0.104543 0.0861946 0.499244 0.802299 
4.96736 -0.024496 -0.422696 -0.098964 -0.827732 -0.118305 -0.31368 0.0289266 0.0850746 0.00820275 -0.0995798 -0.112934 0.0160409 -11.165 -2.32575 2.90391 -1.09614 4.53592 -1.09776 1.36391 -2.9936 -1.56451 0.487527 -0.368699 0.54378 0.727428 -8.14953 -2.27019 1.50612 -1.93852 4.80343 -1.00296 0.209532 0.100953 -1.29911 -0.35027 -0.590764 0.39783 1.26257 
4.59506 -0.0218739 -0.381933 -0.0791853 -0.630757 -0.184315 -0.346619 -0.0504543 0.0635604 0.0654498 -0.106668 -0.118418 0.0802227 -11.9221 -3.96026 3.04194 -1.88516 4.69836 -0.652857 1.74098 -3.3215 -1.64054 0.0913812 -0.17175 0.925366 0.715889 -2.45209 -4.48077 0.933709 -2.31782 1.07125 1.10439 1.31643 1.66918 -0.677553 -1.38965 -0.6142 0.16691 0.363606 
4.16758 -0.00331534 -0.387268 -0.249002 -0.379386 -0.293411 -0.262518 -0.180963 0.067191 -0.00267414 -0.104398 -0.0713143 0.121094 -9.63235 -5.47433 1.952 -2.00812 4.44702 -0.298702 2.26331 -3.24474 -1.86092 -0.222588 0.108264 1.17989 0.61415 6.84963 -5.37083 -0.647533 -0.8355 -3.55069 2.86286 1.54217 1.98315 0.0311526 -1.15224 0.32114 0.254661 -0.972995 
3.95852 -0.187617 -0.207069 -0.329713 -0.255312 -0.376098 -0.339385 -0.0499124 -0.11383 0.092499 -0.191144 -0.108076 0.135492 -5.01685 -7.02162 1.03324 -2.55854 2.67515 0.307055 2.24099 -2.15813 -0.717479 -0.315626 0.237412 0.94661 0.0103716 14.2861 -3.48616 -3.27966 0.616736 -6.77766 2.94692 1.40577 0.831072 2.26969 -0.732374 1.26805 0.343659 -1.90859 
3.68577 -0.485629 -0.0741572 -0.263805 -0.275535 -0.134606 -0.124353 -0.128425 -0.0756787 -0.0201324 -0.155509 -0.0215763 0.147311 0.0340462 -7.68684 0.577335 -2.58539 0.960922 1.01288 1.9302 -1.58344 -0.122772 -0.84795 0.369471 1.27934 -0.442251 16.5212 0.257595 -4.04351 0.986533 -5.9598 0.925268 -1.05739 0.278574 2.68744 0.0728856 1.22743 0.0344159 -1.88915 
3.90197 -0.604368 -0.241771 -0.420626 -0.397188 -0.106217 -0.100276 -0.197491 -0.0241419 -0.0872554 -0.126973 -0.0424883 0.109608 4.99966 -7.56821 0.162376 -1.9726 -1.02253 1.77743 1.65521 -0.862547 0.231152 -0.981693 0.317221 1.74086 -1.15352 10.745 2.8403 -1.5233 1.51153 -2.57915 -0.553128 -2.37467 0.700108 1.73194 0.658673 0.130248 0.461169 -1.03203 
4.40566 -0.729436 -0.393683 -0.364712 -0.397968 -0.154393 -0.06308 -0.229669 -0.102623 -0.0158421 -0.0419561 0.0212162 0.0546009 8.21867 -6.61052 -0.455785 -1.38942 -2.02345 2.12087 0.787487 -0.275201 1.04068 -0.715353 0.725133 2.10733 -1.61463 0.975908 3.9982 1.29471 0.597639 0.733017 -0.751202 -2.62737 1.15239 0.810307 0.192261 -0.727863 0.857182 -0.0914143 
4.72898 -0.866953 -0.369258 -0.43009 -0.650606 -0.130561 -0.090411 -0.124437 0.161513 0.0291413 -0.0908713 -0.0297908 -0.0178426 9.12585 -4.77558 -1.31762 -1.2848 -2.02725 1.27544 0.0524025 -0.168074 1.80061 -0.756362 0.950645 2.07635 -1.31558 -6.06531 3.58668 1.97293 0.26876 3.21884 -1.01824 -1.88841 1.14626 -1.11489 -0.0257841 -0.566604 0.82878 1.01967 
4.77052 -0.845149 -0.275986 -0.401551 -0.527855 -0.0423811 -0.182783 -0.250199 0.043402 -0.125031 -0.0663234 0.0777669 0.0187449 8.9411 -2.71239 -1.63608 -1.70354 -1.21368 0.487541 -1.31492 0.379277 1.57692 -0.43355 1.09102 1.61396 -0.997258 -7.059 2.42483 0.0437446 -0.643124 2.54557 -0.877711 -0.473594 0.936665 -0.465568 0.178517 0.413745 -0.33376 1.23973 
4.82756 -0.881931 -0.263825 -0.382509 -0.546783 -0.046052 -0.132422 -0.15159 0.00825459 -0.0575997 -0.134443 0.155144 -0.0315502 6.13261 -1.24806 -0.745986 -1.62612 0.460145 0.515403 -1.99964 0.542332 0.611516 -0.599016 1.20181 1.44033 -0.179998 -4.16394 2.07446 -1.5323 -1.46834 2.00028 -0.818795 -0.724806 -0.133176 -0.68147 -0.185099 1.36119 -1.66355 1.55766 
4.82134 -0.889804 -0.325861 -0.485521 -0.477132 -0.0507535 -0.19412 -0.130881 0.129844 -0.0455884 -0.0192581 0.205256 -0.0611357 2.8629 0.0190603 0.364956 -2.01322 0.89062 0.338672 -2.57859 0.543521 0.330973 -0.856836 1.60448 0.548166 0.386339 -1.40224 1.73383 -0.241495 -0.693453 0.681818 -0.412609 -0.869805 -0.633677 -1.37311 -0.232405 1.26873 -2.39495 1.32661 
4.83429 -0.910672 -0.366094 -0.494474 -0.503657 -0.178212 -0.227961 -0.107906 0.129476 -0.0650301 -0.0458439 0.127934 0.0424752 0.872026 0.993694 0.933201 -1.0791 1.03498 -0.113294 -2.51226 0.507407 -0.52421 -0.390475 1.66951 -0.640142 0.947735 -1.2473 1.54502 2.33483 0.845879 -0.775408 0.436277 -0.707632 -0.468755 -1.10118 0.155659 0.404072 -2.45712 0.521611 
4.98932 -0.85007 -0.450203 -0.585795 -0.485478 -0.0316718 -0.281298 -0.1434 0.12542 -0.10863 0.0559429 0.115843 0.00964123 -1.47015 1.98654 0.961208 -0.0180443 0.52974 0.02707 -2.39053 1.29599 -0.392411 0.0910509 1.34921 -1.99755 0.942382 -4.17604 1.62122 3.47252 3.22956 -1.16116 0.273322 -0.0079615 0.470152 -1.02413 0.619446 -1.05037 -2.03292 0.0781032 
4.93202 -0.792885 -0.37499 -0.608158 -0.302675 -0.0434885 -0.364913 -0.164705 -0.0478869 -0.140193 0.0657736 0.135889 0.0881399 -2.07979 4.87466 0.662999 1.04942 -0.369179 0.821896 -1.83314 1.16567 -0.597862 0.353167 0.53485 -2.91307 0.911463 -4.18192 3.36709 1.10448 4.12205 -2.65624 0.758027 1.66612 1.542 0.491774 1.59868 -2.44553 -1.67934 -0.877214 
4.85802 -0.770576 -0.185468 -0.614353 -0.468232 -0.107344 -0.42871 -0.127908 0.0658561 -0.109393 0.158398 0.0217622 0.0577441 -0.280642 7.08344 -0.248989 2.2726 -1.97479 1.41249 -0.87081 1.37935 -0.72542 0.853068 -0.767403 -3.30813 0.671851 0.0826702 5.29431 -3.36284 3.14845 -2.60071 1.53788 2.63758 1.28476 0.888923 1.44874 -3.17658 -0.517783 -0.923124 
4.78714 -0.728916 -0.117178 -0.40237 -0.556546 -0.116214 -0.395991 -0.0796169 0.042797 -0.0231486 0.0390574 -0.115842 0.112302 1.00858 8.23142 -1.34888 3.14568 -2.64214 1.83529 -0.252198 1.22837 -0.342889 1.2643 -1.57124 -3.37228 0.240313 5.51615 5.06012 -5.9505 0.663913 -1.97536 1.47276 2.27333 -0.0904612 0.879982 0.524667 -2.38102 0.575632 -0.744491 
4.39053 -0.552337 -0.213642 -0.298329 -0.442792 0.0116226 -0.431206 0.0325311 -0.00427276 -0.0774133 0.0241199 -0.128623 0.0755948 1.65475 8.55208 -2.39641 3.61586 -3.05126 1.27846 0.334799 1.01456 0.0963909 1.58196 -2.35315 -3.3717 0.101916 8.93788 1.71381 -4.87193 -1.41079 -1.06936 0.126148 1.15808 -1.82508 0.78052 0.0672998 -0.844217 1.02122 -0.344715 
4.68712 -0.0271166 -0.372882 -0.299461 -0.642699 0.100559 -0.292024 -0.000749323 0.0176075 0.0338105 -0.101329 -0.177307 0.0468284 1.4893 8.28612 -3.2699 3.28471 -2.81882 0.832049 0.732571 0.116857 0.72179 1.92863 -2.10383 -2.91025 -0.441701 3.19454 -3.92749 -0.728956 -1.9193 1.72041 -2.15646 -0.755383 -2.57073 0.390847 -0.355551 1.32494 1.17096 -0.0348091 
5.19717 0.0535301 -0.565752 -0.258812 -0.824423 0.0898257 -0.281051 0.0243507 0.0745663 0.0486784 -0.146904 -0.207681 0.0645447 -2.32092 7.36066 -2.43115 2.30971 -0.308711 -0.132232 1.28229 -1.46806 -0.309518 1.6143 -1.31368 -1.6914 -0.981145 -8.99284 -6.15182 4.53896 -1.9099 4.70981 -3.50999 -0.896385 -3.06651 -0.592173 -0.340689 3.01927 1.31292 -0.736945 
5.16987 0.0320398 -0.610663 -0.186645 -0.74633 0.0877221 -0.327016 -0.0487156 0.066679 0.0380665 -0.169399 -0.2783 0.077569 -7.9878 5.23997 0.493847 1.46787 2.12048 -1.39158 0.665543 -3.31803 -1.40728 1.01286 -0.0340057 -0.472244 -1.69803 -18.4868 -5.4258 8.15195 -1.12775 6.46108 -3.39178 -0.524282 -3.10932 -2.46377 -0.499359 3.21097 2.07698 -1.47908 
5.08005 0.0817541 -0.618484 -0.201462 -0.715919 0.0367563 -0.325842 -0.0725992 0.0655353 0.0598893 -0.168217 -0.286354 0.0560167 -13.6426 1.81983 3.68467 1.54374 3.94406 -2.38182 0.855896 -3.52715 -1.6797 0.173001 0.472979 0.464346 -1.31772 -20.7947 -4.17987 8.67312 0.060385 6.16499 -1.65093 0.242272 -1.53298 -2.90051 -1.59316 2.04355 2.62905 -1.03364 
4.7448 0.107454 -0.532934 -0.214391 -0.631315 -0.0650704 -0.330947 -0.190378 0.10115 0.152871 -0.0682396 -0.259594 -0.000860457 -19.0718 -1.20272 5.82514 1.42584 6.05725 -2.66921 0.400866 -3.11826 -1.97122 -0.519565 1.33008 1.35464 -1.04198 -11.9164 -3.0029 5.38594 0.766325 3.04043 0.558874 0.582664 1.01363 -1.65419 -2.09475 -0.0268819 2.11232 0.513691 
3.8441 0.110477 -0.219573 -0.254547 -0.326862 -0.188118 -0.200855 -0.347295 -0.10246 0.0924523 0.0236368 -0.189161 -0.100566 -22.3489 -2.62893 6.34968 0.928142 6.60434 -2.34538 0.287991 -2.64849 -1.79246 -0.462554 1.72823 2.08715 -0.754403 2.05482 -3.18857 -1.10498 0.673467 -1.4269 2.26812 -0.434597 3.52941 1.5752 -1.12377 -1.18592 0.944819 2.2432 
3.20045 0.00962552 0.103941 -0.125113 -0.146192 -0.218222 -0.371709 -0.505204 -0.274897 0.0403333 0.0197018 -0.127687 -0.154109 -16.0917 -3.48887 3.95389 -1.94459 5.06218 -1.41093 1.02435 -1.68085 -0.833067 0.106856 1.44126 2.81515 -0.315865 16.9444 -2.06224 -8.15776 -3.33504 -4.88483 2.93498 0.390409 4.17163 4.20662 1.12407 -1.22753 0.0102958 2.55949 
2.87769 -0.172262 0.157387 -0.0383514 -0.106691 -0.167576 -0.196584 -0.249677 -0.124923 -0.0896432 -0.0589687 -0.0636871 -0.000969605 -8.80498 -4.10161 0.882454 -3.71968 3.85437 -0.0780229 1.61117 -0.232571 0.238666 0.390565 1.00014 2.84672 0.120423 24.7049 0.0713484 -11.1679 -6.82147 -5.60943 2.44833 0.68042 2.23248 3.90864 3.11812 -0.408283 -0.497477 0.786498 
2.95248 -0.154425 0.0840205 -0.125842 -0.0640178 -0.164502 -0.264058 -0.277875 -0.112792 -0.00161369 0.0227264 -0.0462464 -0.00954641 -6.36414 -4.49339 -0.943455 -2.98288 2.53759 0.717025 1.69307 1.64299 0.82894 -0.12595 0.0437144 2.37961 0.654115 16.1435 0.780986 -7.59679 -4.54904 -3.60069 1.27008 1.3694 1.32975 1.8811 1.79721 -0.626041 -0.744538 -0.490593 
2.76025 -0.312389 -0.0464994 -0.176254 -0.110965 -0.166897 -0.31071 -0.298656 -0.0497045 0.0657008 0.0644488 -0.00424323 0.00808575 -3.80464 -4.55243 -2.77857 -2.51849 0.313062 0.690751 1.2497 2.55955 1.45574 -0.161135 -0.333112 1.49535 0.808151 0.0158052 1.08061 -0.513839 1.05297 -0.893609 -0.437433 0.874519 0.828817 -1.22755 -1.17341 -0.937609 -1.33075 -1.17221 
4.02455 -0.342945 -0.453897 -0.790023 -0.273192 -0.0676906 -0.11679 -0.280041 0.0574292 0.183188 -0.00841451 0.0758634 0.0139949 4.04803 -3.71781 -5.18844 -1.56329 -2.47716 0.00938671 1.52691 3.46022 1.92274 -0.211457 -0.202844 0.680109 0.679322 -10.1498 0.740177 4.36435 8.85282 -0.943784 -2.31313 -1.30908 1.17446 -2.4271 -3.36389 -0.533035 -2.03479 -0.710437 
4.02291 -0.353404 -0.538704 -0.738624 -0.149412 -0.00482421 -0.0556516 -0.144646 0.0910885 0.158655 0.0157857 0.0609144 -0.0154855 12.5233 -2.92002 -5.33437 -0.632148 -4.00564 -0.759059 1.04675 3.38778 1.55318 -0.0705332 0.18422 0.0160969 0.0587794 0.887068 0.587657 3.66673 8.71249 -3.42234 -3.05332 -1.76872 1.2068 -1.18978 -2.52657 0.296547 -1.83487 0.107209 
2.63697 -0.456665 -0.199558 -0.230123 -0.065438 -0.0987196 -0.115511 -0.0319529 -0.0217439 -0.0385321 -0.0682188 0.0311161 0.0125423 15.1497 -2.52618 -3.25999 0.300858 -4.1854 -0.260086 0.611314 3.258 1.10494 -0.935874 0.321125 -0.391776 0.179989 20.4402 1.31939 0.409187 1.5156 -4.00705 -0.893971 -1.72433 -0.505504 0.420555 0.344981 1.74331 -0.923229 0.209709 
2.47493 -0.540211 -0.204067 -0.289231 -0.235508 -0.210636 -0.18786 -0.114319 -0.0789516 -0.0590321 -0.0232925 -0.0272535 -0.0221439 15.0648 -0.810751 -1.81496 1.56751 -3.64406 0.478478 0.0946109 2.65497 0.459981 -1.49402 -0.17422 -0.79575 0.547996 22.4464 2.40937 -0.743804 -3.47561 -0.88685 2.58598 -0.61585 -1.54073 1.03732 1.60782 0.814683 0.268592 0.748838 
4.35663 -0.482491 -0.657238 -0.135043 -0.658548 -0.25699 -0.134561 0.0968686 0.0905879 -0.0402686 -0.000127971 -0.039956 0.0264511 11.7551 0.228768 -0.912722 2.89085 -2.71962 1.40568 -0.147943 1.41497 -0.655904 -1.87809 -0.451741 -0.710346 1.10146 1.55299 2.87788 1.1179 -5.60919 4.43499 5.12203 0.614827 -3.39143 -1.0417 0.941361 -1.07532 1.09213 1.01503 
5.44496 -0.513877 -0.605063 -0.272974 -0.65187 -0.258349 -0.093763 0.162019 0.145254 0.0395112 0.0630489 -0.0416887 0.00220507 13.1674 1.64448 -1.35647 1.55441 -2.3835 2.96536 0.160468 -0.118668 -0.746074 -1.13801 -0.798605 -1.03307 1.04999 -21.1525 3.17099 1.70566 -1.58 6.25899 5.14358 0.993081 -3.79916 -2.50969 -0.399429 -2.42872 0.3767 0.725484 
4.94732 -0.518381 -0.294043 -0.417925 -0.490489 -0.0148327 -0.232002 -0.00491821 0.043154 -0.0497898 0.109684 -0.0361546 0.0352979 15.2243 3.98106 -2.78127 -0.841053 -1.63791 3.69366 0.824981 -1.38853 -0.543237 0.0388991 -0.981654 -0.9469 0.995539 -22.51 3.44262 -0.621311 1.5601 3.35486 1.30828 1.63362 -2.50302 -1.8702 0.0261678 -2.41222 -0.467924 -0.0407648 
4.69342 -0.296807 -0.472532 -0.320044 -0.459502 0.0794088 -0.17683 -0.0267926 0.0208314 -0.0730657 -0.108334 -0.0500977 0.116785 9.28621 5.57874 -2.20932 -1.1045 -0.0446889 3.66193 1.51443 -1.94281 -0.768583 0.0819122 -1.50991 -0.891063 0.772864 -8.36261 2.66746 -1.89144 0.542708 -0.497569 -2.49043 1.41974 -0.993295 0.049747 1.06649 -0.075888 -0.940771 -1.30331 
4.56275 -0.303927 -0.584216 -0.291407 -0.403913 0.19054 -0.0281705 -0.0972895 -0.142354 -0.131549 -0.138797 0.01878 0.172693 0.57972 5.8782 -1.18929 -1.62981 1.00267 3.01144 1.50261 -2.49776 -0.948484 -0.0301949 -1.62267 -1.03352 0.236074 5.57302 1.70548 -1.54265 -0.929836 -2.75882 -4.65178 0.282927 1.18896 2.50053 1.47527 1.42074 -0.918399 -1.83219 
4.61352 -0.169567 -0.545895 -0.21793 -0.421447 0.314011 -0.0621952 -0.143628 -0.0430053 -0.0466869 -0.115864 -0.17763 0.0552229 -0.875511 5.80514 -2.38611 -1.31927 0.144501 2.01582 1.34717 -1.73567 -0.263357 0.0101603 -1.50472 -1.10976 -0.0214044 7.02457 -0.864045 0.0485594 -2.35536 -1.93292 -4.21286 -0.714751 2.30075 2.38462 0.429926 1.7048 0.455469 -1.00966 
4.92392 0.117068 -0.708147 -0.403911 -0.510869 0.123005 -0.0359434 -0.212821 -0.036936 0.0357185 -0.132023 -0.120092 0.101636 2.00909 5.21491 -3.26012 -1.57509 -0.655904 0.529403 1.38008 -0.302691 0.780356 0.203231 -1.0298 -0.941438 -0.401705 0.716364 -3.47949 1.31675 -1.25296 -0.183613 -0.992979 -1.55637 2.75844 1.55269 -1.13976 1.09591 0.887944 -0.213045 
4.88287 0.179037 -0.675257 -0.422856 -0.494294 0.0823271 0.0500411 -0.191839 -0.0349477 -0.0320054 -0.150273 -0.13568 0.0538258 2.66245 3.90176 -2.40358 -2.24974 -0.532532 -0.584184 0.818734 0.495845 1.30574 0.247289 -0.20346 -0.753477 -0.518566 -2.49061 -3.77982 0.332781 0.191805 0.836564 0.555222 -1.38713 2.41675 0.602691 -1.02533 0.105321 0.966328 0.807886 
4.9548 0.11784 -0.676522 -0.46262 -0.525384 0.112792 0.00655006 -0.129017 0.0446224 -0.0435287 -0.123069 -0.153991 0.0289753 2.15194 2.88201 -1.86981 -2.15102 -0.390966 -1.28336 0.212883 1.26979 1.63326 0.00295529 -0.121478 -0.47708 -0.180408 -3.71813 -2.68845 0.209254 1.13177 1.42332 0.497458 -0.494113 1.0544 -0.671698 -0.569016 -0.181904 0.761481 1.22525 
5.03546 0.117073 -0.782384 -0.48974 -0.545438 0.165312 -0.0473772 -0.0674179 0.0798486 -0.0249917 -0.119291 -0.153241 0.0508395 1.3291 1.03201 -1.58397 -1.27732 -0.436962 -0.987899 -0.39397 2.04138 1.17022 -0.885743 0.0152703 0.272178 0.466879 -2.50831 -1.4071 0.925703 1.94702 0.695125 -0.109019 -0.410822 0.0172284 -0.973097 -0.351411 -0.0113673 0.202854 0.930303 
4.9297 0.176903 -0.798188 -0.547588 -0.511065 0.149885 -0.0294911 -0.0222054 0.0984772 -0.0827184 -0.13881 -0.118258 0.0565387 0.046957 -0.451138 -0.886146 0.399655 -0.300727 -0.478502 -1.0548 2.31941 0.964266 -1.07885 0.188885 0.127308 0.682092 -0.116558 -0.988991 1.03332 2.57758 -0.562662 -0.678358 -0.73344 -0.503625 -1.07088 -0.140572 0.299825 0.107405 0.77644 
4.86513 0.174497 -0.80261 -0.539762 -0.446646 0.0407563 0.0108117 -0.0182001 0.0848249 -0.0389026 -0.159714 -0.139408 0.0946159 -0.910839 -0.388113 -0.580541 1.22191 -0.234497 -1.57655 -1.08564 1.66429 0.673035 -0.0289306 0.412583 -0.0367606 0.77796 0.0779419 -0.762248 1.29595 2.75334 -1.13259 -0.805314 -0.760426 -0.743239 -0.567754 0.426982 0.69878 -0.293423 -0.130454 
4.87099 0.144101 -0.787328 -0.499228 -0.469871 0.0404549 -0.00857651 -0.000326521 0.0736821 -0.0791839 -0.140631 -0.125683 0.121341 -2.66585 -0.243305 0.505431 1.7216 0.110534 -2.94819 -1.09706 0.452121 0.155222 1.27381 0.742153 -0.243771 0.496291 -1.52597 -0.10522 1.4903 1.48974 -0.40321 -1.90297 -0.546932 -1.62167 -0.0860051 2.44641 0.911457 -0.728936 -0.955224 
5.00064 0.055666 -0.788409 -0.386077 -0.58884 0.140461 -0.152588 0.093825 0.0932368 -0.1687 -0.0969354 -0.112461 0.129878 -6.21587 -1.34887 2.47349 2.65158 0.132478 -4.12225 -1.11107 -0.439263 -0.570024 1.83961 1.33284 -0.27952 -0.11948 -6.31024 -0.033018 2.53335 0.111923 1.03681 -3.38994 0.553894 -2.6228 -0.627541 3.57869 0.913139 -0.641195 -1.52199 
4.93182 0.0693247 -0.78436 -0.300772 -0.567596 0.0270871 -0.154657 0.0761335 0.0922182 -0.110169 -0.105919 -0.123291 0.157993 -6.56273 -0.962135 3.2508 2.30887 -0.263011 -3.96049 -0.742395 -1.80341 -1.05142 2.46767 1.69325 -0.0843402 -0.452726 -6.93277 0.206862 3.03261 -1.48907 1.0706 -2.09453 1.3426 -3.057 -1.26098 2.39371 0.813749 0.170188 -1.47379 
4.70448 0.157299 -0.739216 -0.302685 -0.509857 -0.207747 -0.0530882 -0.0157211 0.0971189 0.0817122 -0.0707128 -0.186429 0.0958326 -5.17997 -0.093691 2.56458 1.28297 -0.640046 -3.10886 0.199498 -2.93522 -0.541952 2.9408 1.45579 -0.0795126 -0.965298 -1.08034 0.454162 0.89363 -2.29444 -0.235839 1.59945 1.68478 -2.4049 -0.680749 -0.0846216 -0.0579513 0.853026 -0.662203 
4.50163 0.110341 -0.593005 -0.33434 -0.460623 -0.307988 -0.159998 -0.131935 0.0715018 0.241071 -0.00610567 -0.194263 0.0597604 -3.48501 0.493873 1.74725 0.202167 -1.57349 -1.57117 1.16614 -3.72941 -0.182691 3.11824 1.25225 -0.142915 -1.1638 7.1945 1.44151 -2.783 -2.43702 -2.59415 5.57858 2.24219 -0.962215 0.785023 -2.29593 -0.985956 0.838523 0.208132 
3.86766 -0.14293 -0.350338 -0.154933 -0.494114 -0.394253 -0.158793 -0.115291 -0.0532068 0.139508 0.0612109 -0.143205 0.00878183 -1.83303 0.852367 1.39045 -1.43353 -2.32721 0.134212 1.94235 -4.0928 0.0101192 2.59551 1.03207 0.208251 -1.07349 13.2428 2.46809 -5.17284 -3.16567 -3.63384 7.18338 1.71777 0.221133 2.30117 -2.3293 -1.45617 0.319174 0.872025 
4.29584 0.165912 -0.434153 -0.362285 -0.565588 -0.252708 -0.0370501 -0.30705 -0.0607356 0.177661 0.0449895 -0.0837136 0.0470344 -0.254353 1.06758 1.20996 -2.74559 -3.51422 2.461 2.00352 -3.60409 0.229118 1.19742 1.02009 0.724482 -0.94743 7.65576 0.684341 -3.03668 -2.20154 -2.8504 4.88466 0.320883 1.7394 1.96543 -1.95279 -0.762003 -0.0128356 0.716801 
4.67553 0.22376 -0.69322 -0.428906 -0.608977 -0.165461 0.0864795 -0.365387 0.128551 0.261751 -0.0390083 -0.157648 -0.00587226 1.18517 1.15017 1.02545 -3.31696 -4.67998 4.51307 1.83368 -2.8551 0.43054 -0.271591 0.945638 1.08343 -0.534588 -1.77713 -0.748929 1.71497 -1.13541 -1.47592 1.65517 -1.27829 2.18537 -0.145249 -1.80563 0.715175 0.457836 0.521807 
4.77076 0.168262 -0.694232 -0.422746 -0.853082 0.0636276 0.071281 -0.371786 0.115582 0.219173 0.0205516 -0.158117 0.0094447 1.18437 1.73123 0.999269 -3.95959 -4.61331 4.61279 1.91235 -1.77196 0.508844 -1.0874 0.768291 1.16287 -0.38609 -8.29177 -0.988275 4.45103 -0.368127 1.19774 -1.98925 -1.8742 2.10297 -1.49884 -1.44212 1.04613 0.78336 0.0874768 
4.7291 0.147432 -0.571103 -0.582882 -0.880728 0.111646 0.0630264 -0.374824 0.0955871 0.159005 0.0376023 -0.0763072 0.0269498 0.402784 1.91556 1.48941 -4.41771 -3.91178 3.88808 1.26978 -0.861308 0.528642 -1.39487 0.709802 1.21302 -0.391394 -8.92611 -0.438293 3.79943 0.834729 2.54567 -3.77946 -1.26023 1.77867 -1.69554 -1.08183 0.548328 0.470171 -0.3418 
4.51324 0.222989 -0.471621 -0.664327 -0.943052 0.159786 0.0821792 -0.373111 0.0831671 0.111604 0.0795934 -0.0392242 0.00161897 -4.10523 0.724916 3.11586 -3.37477 -2.5781 2.02974 0.36771 0.319385 -0.270701 -1.94676 0.876649 1.20969 -0.487433 -4.28688 0.364776 1.18078 1.09652 3.40214 -4.08529 -0.562051 1.0839 -1.01371 -0.159113 -0.487146 -0.138798 -0.273876 
4.44262 0.214588 -0.39849 -0.655344 -1.05285 0.237658 0.0857059 -0.402664 0.0775286 0.0907877 0.119336 -0.0466983 0.00610515 -7.429 0.355883 4.7324 -1.82445 -0.704228 -0.0887011 -0.107468 1.15295 -1.25852 -2.27206 0.906588 1.42066 -0.107679 -1.84769 -0.368231 -0.330054 2.41755 3.93702 -4.04264 -0.245425 1.27383 -0.400766 0.270703 -1.11207 -0.521216 0.0430995 
4.24441 0.265554 -0.318869 -0.759414 -0.938229 0.0957522 0.0809626 -0.324004 0.0369508 0.0644762 0.105919 -0.0185066 -0.0202523 -8.37661 -0.529993 4.62348 0.882304 2.19541 -1.54981 -0.349905 1.67891 -1.03664 -2.14006 0.426405 0.844658 -0.403906 -0.491491 -2.12269 -0.482934 5.16405 3.78847 -2.04418 -0.48886 1.01245 -0.0208029 0.175523 -0.824417 -0.860706 0.324673 
4.18777 0.252134 -0.267466 -0.7879 -0.94815 0.0908219 0.0678031 -0.298932 0.0393038 -0.0119475 0.099032 0.0259457 -0.0426339 -7.40303 -2.14253 3.2729 3.03109 4.08807 -1.58383 -1.74306 2.78264 -0.945864 -2.41963 0.224557 0.373905 -0.169281 0.873233 -3.57637 -1.15049 5.99506 4.1963 -0.0421407 -1.68943 1.42184 0.287309 -0.165805 -0.365686 -0.952641 0.593142 
3.97015 0.260425 -0.205338 -0.750283 -0.870129 0.01495 0.0583741 -0.293975 -0.0176454 -0.00935168 0.0975047 0.00380676 -0.027193 -4.99601 -4.63057 2.15075 3.76733 4.91596 -1.47721 -3.00784 3.5014 -0.536798 -1.88769 -0.104214 0.454496 0.0898002 4.02125 -4.98416 -2.33497 3.93445 2.51885 2.05594 -2.92181 1.695 1.02997 0.0158435 -0.0242529 -0.404813 0.407133 
3.75661 0.180616 -0.0667966 -0.513085 -0.739743 -0.124708 0.0672085 -0.185731 -0.0464621 -0.0376114 0.0926277 0.0197685 0.0349461 -2.43979 -6.67341 0.891499 2.96889 4.21836 -1.24825 -3.64334 3.89913 0.282461 -1.31421 -0.474476 0.314817 -0.0436458 7.37763 -5.12506 -3.61745 -1.79279 -1.36029 2.96062 -3.06889 1.06077 1.75287 0.811673 -0.141407 0.0471862 -0.1892 
3.74123 -0.0172296 -0.0824895 -0.1784 -0.472605 -0.0374324 -0.00295361 -0.15938 0.0229214 -0.0822188 0.0820041 -0.0586855 -0.0709383 0.445398 -8.40027 0.337613 2.83544 3.28135 -0.166145 -4.27407 2.79995 0.625094 -0.778815 -0.201977 0.153773 0.40706 7.73716 -3.28837 -2.55288 -6.59807 -4.80924 1.65661 -1.64685 -0.813003 1.26014 1.66735 -0.0570183 0.695772 0.268259 
3.86892 -0.18977 -0.238957 -0.262966 -0.385124 0.0649848 -0.293993 0.0445647 -0.0200501 -0.21788 0.107391 -0.00704656 0.0263622 2.38046 -9.17778 -0.480722 1.68206 2.62922 0.807087 -3.61577 1.01553 -0.077507 -0.747733 -0.497785 0.306705 1.08471 4.85143 -0.604712 -0.381949 -6.198 -5.36204 0.598585 2.09867 -4.46309 -0.240824 1.62985 -0.348506 0.52921 0.659556 
4.05389 -0.472113 -0.221941 -0.37599 -0.49977 0.0404646 -0.342899 0.0562044 0.0506078 -0.0490535 0.0760569 0.0662947 0.0148243 4.3124 -9.01523 -0.881406 0.146042 1.23929 1.28699 -2.98989 0.211019 0.130063 -0.744571 -0.619012 -0.133183 1.1456 0.457012 2.55974 1.05656 -2.47378 -2.5765 -0.0360504 4.00832 -5.22709 -1.71467 -0.156533 -0.266589 -0.726291 1.11199 
4.19222 -0.610149 -0.293277 -0.606128 -0.707997 -0.00692522 -0.311002 0.081565 0.157436 -0.0314343 0.0228089 0.000524268 -0.0546754 4.83164 -8.09121 -0.906458 -1.56394 -0.611754 1.37502 -2.76174 -1.04695 0.432028 -0.141099 -0.103138 -0.0971025 0.996599 -2.74429 3.81391 1.73449 1.66884 0.376769 -0.175959 3.01045 -3.58076 -1.70719 -0.928568 0.504075 -0.828224 0.925851 
4.28248 -0.728936 -0.163765 -0.436559 -0.571839 0.0673458 -0.412514 -0.142052 0.0638953 -0.0506944 0.119625 0.0144625 0.0716812 4.21311 -6.23871 0.299439 -1.90615 -2.33664 0.843757 -1.53503 -1.70944 0.300846 -0.00148822 0.0221505 0.256946 1.04165 -3.32465 3.87053 1.20058 2.39624 0.0241579 -0.413198 1.2844 0.325133 0.226819 -0.722133 0.562577 -0.461004 -0.774284 
4.25267 -0.791185 -0.270723 -0.50676 -0.523643 0.174931 -0.208882 -0.346536 -0.150099 -0.179254 -0.00560807 0.0730072 0.177758 3.02989 -4.53442 1.0253 -0.760829 -2.17958 0.624601 -0.353633 -2.47064 0.211718 0.123108 0.0683418 0.443344 0.545937 -2.00336 2.97365 1.10976 1.68288 -1.06364 -0.898389 -1.23498 3.14073 2.01054 0.556958 1.05573 0.678492 -1.80735 
4.32476 -0.803583 -0.218527 -0.503646 -0.592047 0.077557 -0.272998 -0.138531 0.0277397 -0.151636 0.0187637 -0.107885 0.101048 1.8025 -3.10308 0.815589 0.195045 -1.29422 0.899955 -0.129196 -2.29147 -0.793842 -0.480554 -0.278419 0.0496771 1.07096 -0.945042 1.46353 0.346872 0.783359 -0.774038 -0.252356 -0.724847 1.76028 0.435313 1.03707 -0.130316 1.52782 -0.84464 
4.27785 -0.887509 -0.190044 -0.523095 -0.715824 0.071112 -0.445845 -0.21799 0.119634 -0.0397258 0.159881 0.00532351 0.065194 1.44185 -2.27686 0.518044 0.801025 -1.18411 1.05613 -0.0586045 -1.6667 -0.840801 0.0858876 -0.50207 0.145933 1.07974 0.260027 0.79443 -1.02713 0.213854 0.574468 0.566415 0.919129 0.433756 -1.44409 0.41719 -1.70544 0.25289 0.593531 
4.33726 -0.84261 -0.05166 -0.420855 -0.808691 0.104901 -0.333303 -0.185431 0.0816879 -0.12796 0.0839251 0.0652426 0.0591293 1.03335 -1.51681 -0.20879 0.358805 -1.70951 0.379049 -0.727331 -0.883468 0.589902 0.837956 -0.882476 0.210407 0.414459 0.131987 0.241571 -2.27571 -0.186293 1.83339 0.483338 0.163151 -1.1233 -1.10696 0.72139 -1.57462 -0.793391 1.37286 
4.36048 -0.888162 -0.148269 -0.444269 -0.689363 0.131236 -0.357056 -0.242972 0.0375094 -0.0985417 0.0752546 0.132766 0.0623413 0.825325 -0.710504 0.0305775 1.29643 -1.49574 0.016429 -1.28856 -0.904501 1.04925 1.47422 -0.784018 0.0130214 -0.0535189 -0.472301 0.910926 -1.60422 0.122877 0.725332 -0.410223 -0.247815 -0.969286 0.672927 0.839072 -0.938686 -1.46406 0.280545 
4.34464 -0.958457 -0.203022 -0.452391 -0.67083 0.169009 -0.321023 -0.283708 -0.134237 -0.115111 -0.0564045 -0.0289363 0.229219 0.867359 0.0924551 -0.764823 1.11153 -1.12031 -0.123145 -0.572307 -1.73311 0.616368 1.38677 -1.06519 0.467414 0.201141 -0.3708 2.00188 -0.248798 0.419634 -0.552877 -1.74444 -0.968757 -0.0404612 3.09487 1.00774 0.917701 -0.323305 -1.72705 
4.44903 -0.948979 -0.237267 -0.445941 -0.792761 0.19587 -0.305109 -0.268926 -0.011456 -0.00792535 -0.0274084 -0.00360465 0.165295 0.655197 1.11163 -1.30341 0.916844 -0.11138 -0.556977 -0.404593 -0.939403 1.32324 1.47923 -0.75542 -0.323727 -0.542487 -0.903831 2.42722 0.520973 0.309485 0.128311 -1.82594 -0.696454 0.538361 2.48981 0.26251 1.93156 0.512785 -2.32267 
4.36295 -0.912192 -0.259251 -0.437806 -0.764602 0.0856467 -0.520361 -0.342292 0.208908 0.0267396 -0.0259033 0.0531883 0.121271 -0.270885 1.79222 -1.90207 0.648676 0.572683 -0.989466 -0.990612 -0.342115 2.04777 1.80636 0.107807 -0.675231 -1.28194 -0.809111 2.13949 0.189587 -0.13839 1.27699 -0.631396 1.00044 1.84017 0.164334 -0.61334 1.78926 0.16371 -1.84953 
4.34292 -0.827658 -0.171084 -0.262727 -0.764157 0.0945651 -0.418939 -0.369803 0.0958631 0.0364064 -0.0393852 -0.0165335 0.0566383 -1.42205 2.73307 -1.51327 1.04357 1.15627 -0.630997 -0.83167 0.0789128 1.82112 1.24513 0.100449 -1.12921 -1.55193 -1.69799 1.0073 -0.926674 -0.980576 2.71818 0.870916 0.661955 1.95879 -1.22564 -1.02443 0.76599 -0.612131 -0.385071 
4.45782 -0.775362 -0.297908 -0.412145 -0.832068 0.0226498 -0.355712 -0.37303 0.148291 0.037953 -0.017505 0.0654812 0.100941 -2.71076 3.75449 -1.12504 1.4257 1.88917 -0.697225 -1.04203 0.220032 1.57336 0.527523 0.0215434 -0.951095 -1.96906 -3.24486 0.520054 -0.139918 0.333687 2.73642 1.75423 -0.205516 0.96891 -2.31253 -1.45152 -1.03313 -1.6549 0.657299 
4.35543 -0.701855 -0.305746 -0.394834 -0.665295 0.0327325 -0.44941 -0.234081 0.285527 0.10271 0.0967932 -0.0216687 -0.0719478 -4.95107 4.0169 -1.40949 1.21715 2.6471 0.00983191 -0.203934 0.328329 0.0840607 -1.02771 -0.978824 -1.19098 -1.31224 -4.05518 0.322595 0.25212 0.850457 0.827156 1.79361 0.260886 -0.854076 -2.70609 -2.40382 -2.84856 -0.696342 1.74217 
4.24326 -0.656163 -0.378172 -0.361689 -0.610103 0.0299185 -0.465888 -0.207749 0.239523 0.0850763 0.0782673 -0.0317158 -0.0693351 -6.80923 3.89586 -2.09829 0.185555 2.46273 0.620354 0.864258 1.072 -0.535921 -1.81367 -1.01663 -0.386894 -0.734583 -4.46367 0.100657 0.0528915 -0.256357 -0.9149 0.889126 1.01404 -1.11963 -1.46919 -2.58597 -2.41281 1.2435 1.77146 
4.10408 -0.589384 -0.35132 -0.283371 -0.492708 0.175123 -0.425336 -0.289952 0.0791334 0.00448037 -0.0648374 -0.141492 0.0219776 -8.32809 3.8373 -2.20499 -0.711231 2.66371 0.324754 0.170765 0.059725 -0.767483 -2.20483 -0.925621 0.265092 -0.371509 -3.19985 -0.188122 -0.519156 -2.02617 -1.92564 -0.825788 1.22175 -0.979724 -0.146773 -1.41428 0.0493561 2.84936 0.706215 
3.98238 -0.448996 -0.305615 -0.222926 -0.525543 0.0535855 -0.510979 -0.314133 0.128439 -0.0382784 -0.109077 -0.119558 -0.028109 -9.48584 3.7825 -1.4615 -0.657435 3.02116 0.131334 0.567775 -0.330127 -2.0097 -3.03988 -1.42113 0.591458 0.0437833 -1.1436 -0.736306 -0.694506 -3.1841 -0.757968 -1.43757 1.0568 -0.436544 -0.0390386 -0.320266 1.76397 2.83805 0.272609 
3.66975 -0.441087 -0.444681 -0.305107 -0.501497 0.180278 -0.332386 -0.289208 0.0554682 -0.211908 -0.220951 -0.0850107 0.00916868 -9.76021 3.3639 -0.776518 -1.25242 3.00256 0.0295545 1.64968 -0.951599 -2.98105 -3.1622 -1.79162 1.02625 0.717916 1.00103 -0.713142 1.30607 -1.65129 1.35965 -1.56651 0.0211238 -0.404154 -0.711866 1.22026 2.02925 0.769839 -0.297792 
3.46607 -0.419455 -0.563377 -0.482108 -0.542325 0.125385 -0.297597 -0.150218 0.166749 -0.177769 -0.0576929 0.130298 0.0142713 -9.07061 2.91154 0.0442749 -1.83325 3.14918 -0.551123 1.57196 -1.11618 -3.07867 -2.13693 -1.30213 1.06664 0.885818 2.63145 -0.723207 3.05112 0.671544 2.37194 -0.721553 -0.23699 -1.08005 -2.27427 1.78113 -0.0705825 -1.91401 0.345091 
3.41277 -0.317439 -0.4719 -0.467617 -0.418576 0.0190127 -0.467074 -0.46782 0.0329497 -0.164862 -0.0349414 0.0547583 -0.0221018 -7.97216 2.22971 0.230614 -2.3717 2.78011 -1.46141 1.21725 -0.993729 -2.24668 -0.488331 -0.0906585 1.06633 0.475213 2.79854 -1.13075 2.50225 1.25431 0.930043 0.0950025 0.212757 0.241803 -0.799773 2.63817 -0.650604 -2.40534 0.554805 
3.29053 -0.273477 -0.422724 -0.456273 -0.293508 0.0167512 -0.307904 -0.309208 -0.122397 -0.335817 -0.166979 0.060898 0.0359009 -6.17967 1.71505 0.609926 -2.28515 2.82969 -1.28672 1.55566 -0.328408 -2.05634 0.885422 1.02174 0.78677 0.107016 3.03636 -1.0862 0.644821 0.654444 -1.47563 -0.0821563 -0.347624 0.915688 2.02509 3.80079 1.31651 -1.16354 -0.605121 
3.10466 -0.291253 -0.34173 -0.480082 -0.184971 0.110102 -0.187956 -0.347931 -0.174782 -0.252626 -0.194972 0.00484297 0.040049 -4.88724 1.1649 1.46002 -1.09004 2.9995 -1.39897 1.32679 0.22643 -1.48057 1.59573 1.13285 0.18986 -0.115487 2.43155 -1.11354 -1.21184 0.441719 -2.3394 -0.111093 -0.264077 2.05971 3.3572 2.30332 2.27044 0.432196 -1.17157 
3.13534 -0.270548 -0.308936 -0.515167 -0.190357 -0.000362936 -0.318798 -0.40112 -0.208661 -0.119317 -0.167215 2.2718e-05 0.114378 -3.81708 0.501689 1.23557 -0.693907 1.77635 -1.28262 1.31489 0.475153 -0.645037 2.08805 0.98285 -0.23834 -0.170288 1.4243 -1.02425 -1.78166 0.409026 -2.42897 0.0443598 0.193427 2.16765 3.37164 0.330328 2.02626 1.26605 -1.35633 
3.07275 -0.277204 -0.377814 -0.576085 -0.269538 -0.0875221 -0.334796 -0.404036 -0.0423001 0.00304789 -0.0295667 0.00782779 0.0130676 -3.4367 -0.385286 0.414881 -0.895883 0.0902312 -1.0972 1.60116 1.52007 0.162791 1.63928 0.781702 -0.0848654 0.27529 0.508833 -1.01368 -0.91915 0.740324 -1.73813 0.400502 0.267471 0.808706 0.562725 -2.38534 -0.854595 0.327698 0.349376 
3.1276 -0.224147 -0.363047 -0.571333 -0.226477 -0.0271431 -0.179435 -0.214636 -0.0726823 0.0145751 0.0975876 0.085122 -0.0698704 -2.71467 -0.802991 -0.276914 -0.812937 -0.623962 -1.15894 1.00899 0.957341 0.825925 1.8547 1.13622 -0.283098 0.206842 -0.389904 -1.23549 -0.676212 0.280731 -1.34926 0.27924 -0.107843 -0.80077 -0.92204 -2.84822 -2.82302 -0.896053 1.86498 
2.9106 -0.317192 -0.305413 -0.441741 -0.0888144 0.00247758 -0.152726 -0.193201 -0.0759106 -0.0953147 -0.0568287 0.0350208 0.00619917 -2.08542 -0.943359 -0.766291 -0.572248 -0.871835 -1.12958 0.89903 0.98809 0.810197 1.05458 0.824606 -0.355245 0.331595 0.546658 -0.541755 -0.690732 -0.623428 -1.00829 0.115541 -0.591604 -1.91364 -1.28569 -0.993248 -1.77873 -1.29071 1.53459 
2.97787 -0.322396 -0.400167 -0.593461 -0.357933 -0.111515 -0.23216 -0.270653 0.0291566 0.0529679 0.0308006 0.0726585 0.0101047 -1.9893 -1.07112 -0.844984 -0.338238 -0.610969 -0.53332 1.23432 0.784251 0.475069 0.338699 0.235058 -0.606141 0.438278 1.03976 0.205679 -0.183758 0.0227897 1.07949 0.370308 -0.537922 -1.40721 -1.15496 -0.000708289 -0.538771 -1.06924 0.470248 
2.88705 -0.375702 -0.389729 -0.593826 -0.386748 -0.0985797 -0.176048 -0.240705 -0.123448 -0.158761 -0.123123 -0.0116422 0.129055 -1.52947 -1.01163 -0.672998 -0.191098 -0.302446 -0.295885 0.880873 0.23477 -0.139313 0.0408229 -0.381675 -0.835666 0.881947 1.40172 0.849175 0.0869036 0.437498 1.92855 0.558692 -0.287644 -0.519398 0.257405 1.33045 1.17826 0.0294632 -1.17843 
2.89434 -0.374967 -0.428439 -0.568638 -0.259559 -0.0833963 -0.153423 -0.268234 -0.0649225 -0.00409219 -0.0290036 -0.0406288 0.0747109 -1.1416 -0.881012 -0.725898 -0.29508 -0.320625 -0.411213 0.282057 -0.462178 -0.0656292 0.239547 -0.448379 -0.985514 0.858728 1.11077 0.889893 0.627101 0.572739 1.22569 0.601123 -0.089497 0.401985 0.253192 0.385514 0.831346 0.802942 -1.13435 
