2.53185 -0.513306 -0.240504 -0.388662 -0.321025 -0.286324 -0.162067 -0.0197595 -0.0477853 -0.0549466 -0.0404345 -0.0443164 0.0221691 0.632641 0.148358 0.871027 1.54279 0.985255 1.15235 0.524481 -0.826995 0.321863 0.566252 -0.485247 -0.543515 -0.0574921 0.928421 0.122033 0.577143 0.780845 0.328152 0.896936 0.549967 -0.341997 0.478179 0.750826 -0.186781 -0.552272 -0.226573 
2.46489 -0.520885 -0.188002 -0.236555 -0.194379 -0.236703 -0.169163 -0.115446 -0.0704984 -0.0757391 -0.0881233 -0.0385723 0.0531639 1.55664 -0.882359 0.288134 1.2358 0.766885 1.47325 0.551108 -1.4312 0.108338 0.922878 -0.117162 -0.525743 0.327191 1.60904 -1.9092 -1.62791 -1.56258 -1.42482 0.244151 0.238101 -0.355306 0.284379 1.32838 0.71583 -0.12988 0.454508 
2.65052 -0.340339 -0.0128394 -0.164185 -0.158036 -0.145446 -0.0883618 -0.0629776 -0.0391756 -0.0814127 -0.119129 -0.1306 -0.0377892 2.14183 -1.81827 0.088622 1.05584 0.204342 1.41295 0.475784 -1.80868 -0.239997 1.3078 0.205166 -0.597963 0.592957 0.979678 -4.16128 -3.31127 -2.73851 -2.47009 -0.730097 -0.555475 -1.0008 -0.591313 1.36545 1.32632 0.580293 1.49274 
2.61151 -0.40456 -0.0442159 -0.165595 -0.18191 -0.152754 -0.0983584 -0.0564151 0.00357497 -0.000801851 -0.0591069 -0.110637 -0.0518967 2.1032 -2.43905 -0.16778 0.742742 0.183834 1.40407 0.424196 -1.81961 -0.607909 1.37321 0.405084 -0.576079 0.80917 0.455385 -3.45451 -2.2884 -1.99139 -1.53155 -0.77915 -0.709255 -0.942247 -1.47409 0.28911 0.964012 0.552029 1.49749 
2.58767 -0.642364 -0.296921 -0.32053 -0.292204 -0.181258 -0.113806 -0.153486 -0.00446633 0.0644391 -0.0964727 -0.0887491 0.085576 1.89097 -2.76237 -0.325765 0.200481 0.0424926 0.864351 0.205078 -1.39858 -0.196638 1.2888 0.930198 -0.424808 0.833885 -0.498219 -0.209606 0.900633 0.139982 0.54611 -0.706956 -0.538127 0.425481 -0.774591 -0.936442 0.747538 0.221085 0.0349138 
2.80965 -0.734716 -0.281218 -0.298463 -0.261225 -0.0988141 -0.110765 -0.248132 -0.0810226 0.0657779 0.00131336 -0.0876967 0.108434 1.40076 -2.66131 -0.5395 -0.466608 0.0022829 0.51194 0.1016 -1.09699 0.0618569 0.512255 0.7251 -0.261797 0.742894 -2.32374 2.69663 2.44975 1.14141 1.94586 -0.675991 -0.127425 1.61325 0.84322 -2.04027 -0.629996 -0.0538214 -1.121 
2.7944 -0.766368 -0.195551 -0.244156 -0.332318 -0.147238 -0.123428 -0.248544 -0.123035 0.103033 0.000310924 -0.121039 0.100271 0.0485888 -2.46569 -0.839744 -0.772488 -0.022694 -0.0346156 0.0832154 -1.02853 0.0481773 -0.221776 0.376705 0.186627 0.84697 -2.62347 3.72512 1.65444 0.33732 1.72372 -0.472353 0.487528 1.84906 1.9331 -2.37193 -1.34189 0.146484 -1.44121 
2.70408 -0.75085 -0.198535 -0.241315 -0.199633 -0.0996117 -0.107834 -0.214105 -0.146741 0.06265 -0.0201049 -0.116694 0.107408 -0.42514 -1.11102 -0.198201 -0.602211 0.17753 -0.0241659 0.233957 -0.320139 0.25131 -1.16235 -0.267663 0.0623532 0.41042 -2.02851 2.42885 -0.151482 -0.679577 -0.226312 -0.512794 0.493041 1.08162 1.69853 -1.70133 -1.53166 0.381939 -0.83841 
2.70373 -0.73587 -0.163439 -0.261769 -0.199493 -0.185644 -0.136159 -0.154699 0.023316 0.054594 0.0662764 -0.102442 0.080844 7.03529 0.227147 -1.20965 -1.46033 -0.489275 -0.217838 0.381289 0.539654 0.410258 -1.0299 0.0147998 0.855076 -0.570403 7.26858 0.704931 -3.11235 -2.19297 -2.34353 -0.038723 0.483895 0.181598 -0.342504 -0.0649367 -0.934042 1.07746 -0.302365 
2.67721 -0.685418 -0.15811 -0.261252 -0.143826 -0.113646 -0.100772 -0.218294 0.00289717 -0.0910547 -0.089599 -0.114039 0.066586 15.6791 0.842451 -2.42453 -2.88763 -1.01463 -0.436152 0.371874 1.46704 0.560749 -0.465345 -0.169626 0.968862 -1.16002 20.0566 -0.121436 -3.86867 -2.95963 -2.9346 0.00139736 0.00331148 0.791551 -1.42144 2.19575 1.02917 1.06541 -0.705643 
2.58176 -0.695332 -0.224766 -0.329231 -0.254026 -0.181039 -0.0553042 -0.2066 -0.0240845 -0.0634626 -0.0781031 -0.0672958 0.0877138 22.9403 2.36915 -2.14174 -2.78332 -1.95921 -2.02424 -0.90102 1.75617 -0.0790136 -1.13628 -0.442372 1.26049 -0.833036 26.3205 1.20562 -1.66148 -1.57789 -2.25037 -1.5734 -1.7822 1.32234 -1.80704 1.76363 1.17895 0.553883 -0.552709 
2.59854 -0.674861 -0.217464 -0.323823 -0.258067 -0.141943 -0.0855594 -0.134994 0.00256848 -0.104937 -0.110835 -0.102617 0.0748858 29.2083 3.98148 -2.582 -1.92172 -4.1036 -2.83235 -2.25555 3.09191 -0.488943 -0.885476 -0.266357 1.62313 -0.81657 21.0699 3.35874 0.570707 1.11808 -1.99857 -2.83277 -3.29899 2.22444 -1.30208 0.378833 0.751977 0.371983 0.0323687 
4.61786 -0.682344 -0.642649 -0.61907 -0.46999 -0.182962 -0.0732153 -0.12335 -0.0514797 0.0566741 0.0479191 0.108674 -0.0153791 32.415 5.23271 -3.35331 -1.48235 -5.12748 -2.7085 -2.793 3.99122 -1.00627 -0.34806 0.16034 2.09753 -0.741826 -0.216648 4.65822 2.9981 4.26661 -1.45294 -2.34176 -3.40754 2.57639 0.00904396 -1.36237 -0.256417 -0.245905 0.889914 
5.44509 -0.63525 -0.527231 -0.681065 -0.368778 -0.161045 -0.0868074 -0.0018465 -0.0573061 0.0975184 0.00466075 -0.0335919 -0.080288 32.5153 5.7112 -3.54956 -1.23362 -5.33906 -2.40037 -2.95837 4.30686 -0.893927 0.137979 0.643704 2.65847 -0.371036 -16.039 3.2388 1.15376 4.01852 -1.29222 0.256504 -1.2255 1.11322 0.570015 -1.39668 -0.490185 0.940821 1.4368 
5.53631 -0.290183 -0.230021 -0.41588 -0.531451 -0.60149 -0.399728 -0.00519564 -0.172384 -0.204758 -0.114369 0.0233433 0.078821 29.0976 5.72652 -3.40185 -0.842474 -4.58444 -1.36725 -2.85245 3.86843 -0.622681 -0.208406 0.160044 2.84224 0.115778 -19.7656 -1.24986 -2.25877 0.145716 0.687245 4.58184 2.58738 -0.720303 1.33347 0.894999 0.105982 1.30698 0.804997 
5.98876 -0.118075 -0.505068 -0.323796 -0.810097 -0.471635 -0.47655 0.317709 -0.0852512 -0.0885257 -0.0298457 0.110533 0.0039934 21.5064 5.1179 -3.01115 -0.586565 -3.99479 -0.0616487 -2.25935 2.64176 -0.271914 -0.447206 -0.27275 2.62911 0.699658 -16.1842 -4.60494 -1.8321 -2.83571 3.34635 5.5199 4.1259 -4.0203 0.98311 0.924752 -0.492277 0.351814 0.788171 
6.13491 -0.065676 -0.661479 -0.452814 -0.815269 -0.379276 -0.380052 0.307116 -0.0730206 -0.0142839 0.0508052 0.190937 -0.0144283 10.2012 4.11885 -2.23358 -0.13843 -2.65634 1.50067 -1.815 1.32468 0.468361 -0.685251 -1.17022 1.94209 1.35054 -8.5602 -5.11893 -0.236876 -2.99101 3.77077 3.91359 2.62567 -4.90793 0.706363 0.420276 -1.3925 -1.0107 0.729951 
6.21645 -0.106293 -0.67732 -0.527781 -0.766278 -0.295582 -0.31968 0.217243 -0.109747 -0.0362917 -0.0252771 0.271662 0.0623298 5.09986 2.66483 -3.12224 -0.873072 -1.83582 2.78602 -0.992236 -0.361618 1.1081 -0.131949 -1.24338 2.01152 1.35932 -6.47023 -2.88628 1.88716 -0.793325 2.911 1.1584 0.0625053 -3.5963 0.95155 -0.174514 -1.60073 -2.4792 0.216905 
6.24828 -0.127757 -0.726462 -0.559327 -0.736007 -0.231819 -0.341971 0.201207 -0.0777616 -0.0850585 -0.0950771 0.285393 0.10453 2.07334 1.07961 -3.32107 -1.89593 -0.524304 4.18716 0.248382 -1.93921 1.57159 0.92457 -1.07426 1.01582 0.679437 -5.60605 0.026456 2.21667 1.24516 0.722008 -1.31551 -1.36136 -2.03002 0.7506 0.049745 -0.537859 -2.2504 -0.525714 
6.21699 -0.131932 -0.724482 -0.58268 -0.787547 -0.108998 -0.337313 0.0944059 -0.0443192 -0.0911531 -0.0980999 0.227597 0.111872 -1.16689 0.632339 -1.74463 -1.66694 0.54433 3.01641 0.38997 -3.68103 1.38363 0.832907 -1.4341 -0.000421405 0.564617 -3.60499 1.2424 0.778933 1.52797 -0.279292 -2.1065 -0.569226 -0.267394 0.455422 1.36447 0.8207 -1.28878 -1.55994 
6.17634 -0.114278 -0.761822 -0.604746 -0.728675 -0.0756785 -0.407183 0.057547 0.0146829 -0.0460433 -0.178353 0.226998 0.150697 -2.79961 0.83652 -1.12372 -0.661546 0.558008 1.54267 0.152504 -3.70815 1.46096 1.1031 -1.29494 -0.692206 -0.0571616 -2.40325 1.12214 0.377069 1.15086 -0.291104 -2.85131 1.01965 -0.0399301 -0.43115 1.46147 1.64758 -0.555237 -1.89629 
6.09757 -0.0785234 -0.782989 -0.601613 -0.710906 -0.0770797 -0.408414 -0.00117926 0.0601387 -0.0354975 -0.187599 0.234401 0.121955 -4.2644 1.13865 -0.769788 -0.0498126 0.870968 -0.30237 0.00892439 -2.84828 1.19674 1.63535 -0.576283 -0.979856 -0.890495 -1.47942 0.239701 0.584374 0.889989 0.429618 -3.48968 1.2251 0.884624 -1.24491 0.906245 1.34221 -0.0331846 -1.36438 
5.95218 -0.0192333 -0.789885 -0.591808 -0.7749 -0.0490603 -0.370761 -0.0953395 0.0512613 0.0162083 -0.131835 0.177381 0.0652605 -6.5463 0.981314 0.666454 0.615907 1.06418 -1.81845 0.382434 -2.37515 0.126389 2.05363 -0.461407 -0.916028 -1.56984 -2.06162 -0.829011 1.71285 0.917083 1.1369 -3.52153 0.569172 1.91635 -1.81255 0.128988 0.201166 0.407699 -0.767336 
5.9115 -0.012077 -0.783246 -0.588015 -0.73381 -0.11348 -0.325356 -0.155581 0.0593914 0.0866809 -0.149411 0.153823 0.0440265 -8.12598 0.662049 2.20561 0.871646 0.778204 -2.55304 1.00898 -1.96434 -0.965023 2.2118 -0.672773 -0.810418 -1.76999 -3.46652 -1.32528 3.2776 0.671814 0.371244 -1.77819 0.187142 1.79792 -2.29163 -0.351203 -0.782974 0.421337 -0.161814 
5.84162 0.0051777 -0.816626 -0.55205 -0.699832 -0.229544 -0.305499 -0.168133 0.0747403 0.104715 -0.139075 0.15857 0.00212257 -8.09884 0.147821 2.595 1.33447 0.970942 -3.22322 1.1319 -1.03042 -1.44341 1.4133 -0.685536 -0.694079 -1.69242 -2.72822 -1.36478 3.1257 0.478899 -0.127442 0.0967285 -0.170463 1.4746 -1.79484 -1.04583 -1.4138 0.355804 0.579547 
5.66412 -0.00502029 -0.765746 -0.546258 -0.59098 -0.377294 -0.359887 -0.0546074 0.014063 0.125736 -0.122323 0.171107 -0.0282067 -5.76638 -0.274332 1.95196 1.47482 0.91056 -3.20041 0.736864 0.0707018 -0.699106 0.614429 -0.594353 -0.396742 -1.02876 2.20845 -0.794167 0.222739 0.279524 -1.08178 1.79972 -0.178834 0.785604 0.642128 -1.82546 -0.707524 0.262032 1.27613 
5.24023 -0.0539519 -0.501434 -0.462414 -0.626082 -0.399175 -0.301038 -0.129379 -0.119793 0.159759 -0.221447 0.153113 -0.089101 -2.20372 -0.75135 0.989873 1.26205 0.44478 -2.17568 0.384445 1.40427 -0.791534 -0.52921 -0.0631762 0.225471 -0.433246 9.66102 -0.133045 -4.27181 -0.447359 -1.29539 2.66181 -0.692837 1.61521 2.47537 -2.49924 1.41186 0.595237 1.7384 
5.13194 -0.0545192 -0.370306 -0.509135 -0.748671 -0.309407 -0.205256 -0.211572 -0.16755 0.204702 -0.2648 0.116757 -0.0599099 1.50172 -1.30213 0.211266 0.73186 -0.063848 -0.719886 0.382686 2.34932 -1.349 -1.53448 0.656597 0.438162 0.110453 13.4534 -0.318137 -6.05396 -0.966409 -0.506276 2.42149 -0.938716 2.63763 1.88563 -2.56712 2.8267 0.976736 1.44914 
5.29367 -0.0797313 -0.571184 -0.415625 -0.567732 -0.466228 -0.302804 -0.0504873 -0.0785427 0.0455926 -0.253802 0.149525 -0.0407696 5.14413 -1.85834 -0.511117 -0.0576473 -0.314783 0.468042 0.744245 2.80295 -1.87707 -2.09157 1.2271 0.414709 0.542623 10.6508 -0.825321 -3.31249 -1.92684 -0.698316 2.5306 0.26949 1.87178 -1.11847 -1.11681 2.7723 0.583906 0.615658 
5.68999 -0.0657295 -0.744294 -0.426895 -0.649649 -0.423936 -0.336331 0.00116395 0.144819 0.0232997 -0.166424 0.176005 0.0190618 8.42957 -2.18583 -1.52581 -0.648062 -0.259865 1.11345 1.17909 3.05976 -2.0322 -2.51172 1.7419 0.365935 0.762304 3.25438 -1.36943 0.867723 -1.9487 0.383748 1.27249 1.44748 0.647973 -4.1036 0.146761 1.06447 -0.25074 -0.36954 
5.9744 -0.112002 -0.793212 -0.47463 -0.753453 -0.258769 -0.306424 0.118588 -0.0886482 -0.0587389 -0.0418864 0.235222 0.00504439 10.5362 -2.31884 -2.53227 -1.13676 0.303139 1.03571 1.20446 3.53264 -2.10037 -2.65074 2.19035 0.369138 0.834594 -3.27433 -1.01872 3.00557 -0.943049 1.36012 -0.733538 1.75725 -1.11743 -2.87702 1.1529 -1.13187 -1.04728 -0.701801 
6.16106 -0.212926 -0.741279 -0.534494 -0.694809 -0.231449 -0.240328 0.1691 -0.231008 -0.0945885 -0.0280142 0.204322 0.0337314 9.95572 -2.42493 -2.3174 -1.17477 0.777296 0.796302 1.31434 3.322 -2.45484 -2.35444 2.00043 0.273151 0.538064 -5.58922 0.191969 1.85593 0.289472 1.39542 -1.81771 0.740887 -1.69141 0.185972 1.2706 -1.90659 -0.872622 -0.639154 
6.24836 -0.27165 -0.72337 -0.589737 -0.661726 -0.263489 -0.173646 0.187657 -0.304389 -0.098335 -0.0174077 0.181469 0.024509 7.7319 -2.20719 -1.27131 -1.19141 0.632328 1.07003 1.81294 2.16571 -2.68702 -1.41586 1.24133 -0.0428838 0.247311 -4.74864 1.20891 -0.303318 1.4996 1.05317 -1.61123 -0.71096 -1.45815 2.78733 0.865147 -1.77466 -0.217846 -0.374003 
6.33068 -0.300932 -0.739753 -0.585351 -0.609714 -0.291541 -0.142217 0.239951 -0.321285 -0.132895 -0.0112488 0.176117 0.0188875 5.0028 -1.83654 -0.931457 -0.641237 1.26341 0.569309 1.67927 1.20875 -2.23471 -0.770886 0.277056 -0.283222 -0.0150481 -3.10696 1.63323 -1.21765 1.55347 -0.217911 -0.0648817 -1.23564 -1.71529 3.39225 1.11282 -1.22203 0.186089 -0.116648 
6.38011 -0.316094 -0.782077 -0.575488 -0.596229 -0.303138 -0.135783 0.254083 -0.322703 -0.148292 -0.0168237 0.177826 0.0241426 3.05211 -1.12952 -1.20093 -0.0273529 1.63244 0.0793983 1.1344 0.145996 -0.374103 0.03124 -0.388136 -0.425645 -0.0699929 -2.16187 1.36789 -0.853648 1.06776 -0.559436 1.00868 -1.08776 -1.73315 2.1677 1.2817 -0.654093 0.23036 -0.122229 
6.4172 -0.325965 -0.811218 -0.574926 -0.575874 -0.297666 -0.132187 0.253838 -0.311153 -0.150499 -0.0261336 0.177201 0.021143 1.48087 -0.218437 -1.55043 0.390661 1.58102 0.225643 0.513108 -0.639449 0.863484 0.577791 -0.5477 -0.250922 -0.24197 -2.00824 1.05304 -0.0966148 0.406192 -0.0258619 0.828418 -0.776397 -1.66926 1.37805 1.33795 -0.279711 0.00397225 -0.104982 
6.43597 -0.312304 -0.844768 -0.539313 -0.564867 -0.256214 -0.112525 0.215974 -0.268721 -0.12367 -0.0654095 0.173656 0.013659 0.0256424 0.549278 -1.45501 0.460171 1.56516 0.445275 0.0758113 -1.30714 1.48491 1.06986 -0.813391 -0.122384 -0.1831 -2.38999 1.00823 0.560249 -0.365775 0.405899 0.0448207 -0.574952 -1.18572 0.673948 1.01931 0.0480524 -0.000135586 -0.0734592 
6.4335 -0.307009 -0.888845 -0.522039 -0.551077 -0.240504 -0.125474 0.171336 -0.234153 -0.080279 -0.0806041 0.165845 0.0152246 -1.72299 1.27708 -0.782441 0.021456 1.7276 0.326164 -0.181808 -1.66288 1.60451 1.19833 -0.970267 -0.195331 -0.0421565 -3.00953 1.22899 1.35397 -1.00942 0.715523 -0.685949 -0.361609 -0.283702 -0.00107008 0.0825418 0.0518857 0.0130503 0.135142 
6.41766 -0.297235 -0.904206 -0.518628 -0.510032 -0.234234 -0.142033 0.13578 -0.200183 -0.0445925 -0.0717558 0.161304 0.00628739 -3.8953 1.87223 0.533264 -0.670202 2.53104 -0.364078 -0.197441 -2.06852 1.53947 0.865459 -1.45508 -0.176803 -0.0163149 -3.96406 1.31874 2.37378 -1.5735 1.10859 -1.45423 -0.0153193 0.082656 -0.581771 -1.00232 -0.634265 0.0522314 0.326529 
6.33892 -0.246256 -0.90304 -0.53086 -0.450483 -0.234229 -0.149946 0.0919809 -0.150354 -0.0229111 -0.0773541 0.162894 -0.00864244 -6.93715 1.78478 2.19042 -0.635225 3.85227 -1.05902 -0.48487 -2.34211 0.841231 -0.299941 -1.47184 -0.376968 -0.0448481 -5.27416 0.412998 3.44732 -1.00189 2.03635 -1.80563 -0.0197029 0.023649 -1.40532 -2.39156 -0.862063 -0.198845 0.265288 
6.22574 -0.189506 -0.884186 -0.557214 -0.439157 -0.243897 -0.147449 0.0516261 -0.141871 0.0172364 -0.130093 0.171891 0.00978864 -10.064 0.0388661 5.15604 -0.576061 4.26246 -1.13941 -0.141141 -2.34871 0.135151 -1.17876 -1.22052 -1.04242 -0.0825094 -6.27111 -2.36157 5.16876 0.309793 2.17295 -0.990865 0.316771 -0.243443 -1.72924 -2.94275 -0.220778 -0.986246 -0.11966 
6.05943 -0.120225 -0.798011 -0.620896 -0.372022 -0.291645 -0.162663 0.0770523 -0.153317 -0.0410215 -0.141667 0.141978 0.0358494 -12.6785 -2.29168 6.72661 -0.824704 4.30011 -0.695142 0.750317 -2.21993 0.00721133 -1.55429 -0.479268 -1.57182 -0.121035 -5.87317 -5.76878 4.8283 1.15382 0.92756 0.835775 1.19875 -0.422543 -1.05535 -1.68307 1.29312 -1.50571 -0.459191 
5.80338 -0.0789291 -0.635408 -0.697405 -0.204361 -0.406401 -0.138706 -0.0284443 -0.140586 -0.0988306 -0.262414 0.161664 0.0169359 -14.5985 -4.09991 7.79473 -0.9968 3.04358 -0.377933 1.43243 -1.53273 0.169256 -1.72531 0.274756 -1.58895 -0.0451755 -3.61168 -6.96179 2.57918 0.96948 -2.38166 2.50241 1.87374 0.800049 0.321846 0.387185 2.96016 -1.20558 -0.282793 
5.39238 -0.175124 -0.471055 -0.556088 0.0095673 -0.421794 -0.213821 -0.0801951 -0.251942 -0.2792 -0.201225 0.10124 -0.00371449 -15.9141 -6.0083 8.4034 -0.304623 2.5581 0.568682 1.39808 -1.00643 1.14584 -1.17991 0.678393 -1.4982 0.0135542 -0.387568 -4.95456 -0.533328 0.0352256 -4.47669 3.02897 1.63619 1.80842 2.74484 2.89656 2.39709 0.186458 0.174186 
5.07782 -0.542161 -0.0297561 -0.545894 -0.0921849 -0.304661 -0.0800349 -0.0967112 -0.250649 -0.237524 -0.168667 -0.0334466 -0.00921128 -15.704 -7.28576 7.80929 -0.286312 1.92037 1.19026 1.01166 -0.650172 1.93447 -0.0769081 1.58887 -1.20717 -0.136338 2.45405 -0.283293 -4.2221 -0.585659 -3.32126 1.56752 -0.622548 1.90493 3.4858 3.63447 1.14408 1.91575 0.391781 
4.84761 -0.759444 -0.141217 -0.660104 -0.0781595 -0.22706 0.045358 -0.103174 -0.144027 -0.166993 -0.0327222 -0.0476641 -0.00766105 -14.5592 -7.96741 5.99102 -0.786347 0.81664 1.61735 0.496921 -0.14394 1.83519 0.472955 1.5197 -0.686594 0.285783 3.83329 2.89484 -4.6291 -0.755533 -1.02498 -0.340572 -2.93282 1.26497 1.44837 2.00808 -1.07788 2.30383 0.68596 
4.62725 -0.747269 -0.0358444 -0.692757 -0.297262 -0.271174 0.0486783 0.0124431 -0.0835685 -0.180933 -0.00236427 0.0348374 0.0136484 -11.9719 -7.37501 4.02146 -1.08095 -0.133855 1.5909 -0.268203 0.248585 1.72098 1.26497 1.26627 0.0230555 0.857393 4.75459 3.26729 -4.17241 -0.797892 1.6474 -1.51135 -3.43561 -0.477774 -1.40151 0.301428 -2.36569 1.56387 0.844681 
4.34657 -0.894592 0.0817434 -0.523632 -0.0923536 -0.129327 -0.0662012 -0.023059 0.11525 -0.0716033 -0.0814615 0.0347323 0.0201433 -8.80286 -5.49363 2.13855 -2.08536 -0.144064 1.01621 -1.04201 0.244546 1.80301 2.27083 0.561645 0.445332 0.985238 5.58916 2.98658 -3.04444 -1.56336 1.39847 -2.18816 -2.07926 -1.01026 -3.70131 -0.943333 -1.7778 0.229476 0.704901 
4.30864 -0.94992 0.0260801 -0.67806 -0.100433 -0.184366 -0.125367 -0.0505326 0.0848333 0.0339452 0.049821 0.0511713 -0.00988586 -6.42026 -3.16374 0.684714 -2.33218 0.1351 -0.461652 -2.03641 -0.248415 1.4615 2.11199 -0.076906 1.13642 1.00043 5.01876 2.40622 -0.78465 -1.10194 0.047673 -2.01208 -0.0301445 -1.14563 -2.49673 -0.798645 -1.38598 -0.42295 0.342275 
4.17623 -1.04782 -0.0712485 -0.811504 -0.143578 -0.208438 -0.154425 0.0017769 -0.0889502 -0.140311 -0.0973761 0.0693816 0.109768 -3.55453 -1.72971 1.62978 -2.22988 0.168724 -0.742329 -2.57144 -0.273646 -0.148961 1.89235 -1.40008 0.553092 1.10012 4.73339 2.76577 1.25731 -0.0881886 -0.651284 -1.10545 0.865796 -0.662026 -0.513715 0.586525 -0.508263 -0.860101 -0.558053 
4.23236 -1.03049 -0.0135557 -0.744116 -0.115293 -0.253273 -0.199748 -0.070895 -0.0651445 -0.0463358 -0.120792 0.128414 0.139559 -0.852335 -0.689179 1.33181 -1.16737 -0.437385 0.799875 -2.7814 -0.542944 -1.79036 1.38136 -0.990345 -0.391684 0.80746 3.66763 2.63935 2.2213 1.74293 -2.0321 1.67455 0.379025 0.444505 -0.671437 0.045163 0.272876 -1.49253 -1.03612 
4.2411 -0.987433 0.000967163 -0.856737 -0.0256154 -0.237297 -0.241137 -0.0751522 -0.00995762 0.0780561 -0.0774392 0.0285718 0.0781866 -0.800406 1.96732 0.358677 0.821398 -2.28408 1.52632 -2.82305 -0.584957 -2.18275 -0.00274455 -0.538004 -1.30202 0.277525 0.786214 2.96588 0.599807 4.9667 -2.86822 4.09044 -0.669349 0.533766 -1.04362 -1.76658 0.696096 -1.88392 -1.01952 
4.16767 -0.982185 0.0618883 -0.883816 -0.175996 -0.40157 -0.227998 -0.144371 0.056012 0.0565656 -0.0911634 0.138031 0.0911492 -0.773075 6.28799 -0.016971 2.4743 -2.91249 0.60256 -1.97163 -0.94974 -1.96418 -0.0383652 -0.754479 -1.66441 -0.371095 -1.13792 6.15138 -2.41584 5.29011 -2.55143 2.79506 -0.307743 0.152873 -1.50955 -2.2155 1.0927 -1.93468 -1.18731 
4.37547 -0.949121 0.243225 -0.891213 -0.156582 -0.243634 -0.283932 -0.0228374 -0.185855 0.0732108 -0.275502 -0.00301651 0.14286 0.747353 9.25485 -0.639611 3.25479 -3.21175 -0.612101 -1.61364 -1.0522 -1.04596 1.20334 -0.356001 -1.51899 -1.28608 -1.8068 8.17988 -4.63089 3.32227 -1.39058 -2.2794 0.837628 -0.884496 0.89659 -0.657847 0.925519 0.0632475 -1.33973 
4.44676 -0.877632 0.140038 -0.594727 -0.350146 0.130341 -0.410379 -0.0573075 -0.310667 -0.0101054 -0.0389124 -0.0679994 0.0808537 1.85596 10.4359 -1.71852 3.46457 -3.41062 -1.65659 -1.38446 -0.665685 -0.661474 1.38537 -0.206806 -1.38795 -1.51675 0.882689 6.53826 -3.35176 -1.00637 1.20716 -7.5555 1.93697 -0.828634 3.28743 2.68393 -0.4624 1.85796 -0.940849 
3.95943 -0.518406 -0.0901538 -0.306002 -0.454411 0.0708937 -0.486389 -0.133541 -0.115648 -0.171738 -0.0677568 -0.167601 0.0170261 5.69171 9.56104 -3.32274 4.29972 -3.51678 -2.65111 -1.18696 -0.0312308 0.448836 0.846152 0.17343 -0.650683 -0.929841 8.41191 -0.993716 -1.1977 -3.98451 2.3913 -7.03373 1.74572 0.858961 3.42948 3.68421 -0.290157 2.78047 0.458286 
4.13718 0.139008 -0.101345 -0.504686 -0.445264 -0.433448 -0.253287 -0.206352 -0.219453 0.0310202 -0.152437 -0.0810918 -0.0199192 8.82908 8.31301 -4.63878 4.62175 -3.72574 -3.18501 -0.555606 1.12447 0.835763 0.385306 1.27021 0.0308187 -0.766506 11.0833 -9.55196 -0.269531 -1.72217 0.653063 -1.03328 0.128081 2.9853 2.20472 0.104316 1.20829 2.29139 1.77561 
4.50551 0.128114 -0.139286 -0.525019 -0.441102 -0.513405 -0.349459 -0.152253 -0.0901954 0.244072 -0.180546 -0.00364401 -0.0589905 10.3036 6.08676 -4.85764 4.44474 -4.8689 -4.12463 0.894858 1.60917 0.600094 0.340261 2.2923 1.17581 -0.625876 7.85109 -11.2057 0.316837 1.43403 -2.1956 4.12614 0.659385 3.5241 -1.80301 -3.55332 2.60431 0.751315 1.9878 
4.61729 0.0735595 -0.173034 -0.46263 -0.447243 -0.523032 -0.401362 -0.120825 -0.0501542 0.249504 -0.116462 -0.0437034 -0.0497541 11.6596 3.05802 -3.39588 3.26764 -5.29164 -4.16951 2.11086 2.16261 -0.543531 0.713752 2.14374 1.59666 -0.106815 0.949265 -7.41943 1.03375 2.64975 -4.37076 5.54166 1.96874 1.78489 -4.54009 -3.85375 2.82405 0.0486092 0.853124 
5.33919 -0.181759 -0.401924 -0.303304 -0.535337 -0.533145 -0.414364 0.00134907 0.111243 0.0491785 -0.0342042 0.00578866 0.0775222 12.5337 -0.557531 -1.73515 2.76458 -5.84348 -2.32522 2.52564 2.40034 -2.1849 0.803696 2.87309 1.48248 0.239757 -7.69005 -1.20101 3.2687 0.487223 -3.38623 3.11651 2.73422 -1.06124 -5.43345 -0.469066 0.851951 -0.813035 -0.723486 
5.43037 -0.11668 -0.445127 -0.180604 -0.778143 -0.507929 -0.307817 0.155043 -0.0944899 -0.0628407 0.112389 0.0859944 0.0328342 10.0557 -3.08452 -0.822973 3.27422 -6.17878 -0.364368 2.18023 2.02691 -2.61849 0.0157489 3.18849 0.845581 0.316471 -8.74408 1.56284 4.37211 -2.61419 0.258959 -0.00779673 1.50883 -3.2772 -2.79326 3.08067 -1.4249 -1.27084 -0.963723 
5.40377 -0.150107 -0.358503 -0.102484 -1.01185 -0.471672 -0.136133 0.131365 -0.353734 0.0327486 0.158327 0.0793981 -0.000383572 6.84364 -2.5618 0.145763 2.80367 -5.77703 -0.588594 2.43415 1.10117 -3.13606 -0.0671352 2.73603 0.472638 0.252987 -6.19104 1.18937 2.89613 -3.23863 3.73668 -1.45868 -1.63713 -3.09542 1.88631 3.11083 -2.34895 -1.18048 -0.468959 
5.4234 -0.18404 -0.27012 -0.147925 -1.06498 -0.462936 -0.101865 0.0655682 -0.380826 0.110622 0.15846 0.0600151 0.00670243 3.34671 -1.51916 1.15064 1.93037 -4.28359 -1.38822 1.57933 0.373751 -2.47525 0.645621 1.58074 0.387261 0.0820528 -3.89327 0.891232 0.491269 -1.78918 5.17016 -2.29536 -3.58441 -1.43546 4.52542 0.836661 -2.29027 -0.608703 0.231167 
5.47578 -0.228832 -0.219727 -0.1642 -1.0824 -0.512938 -0.0985945 0.0518275 -0.39799 0.153233 0.190693 0.0232432 0.00704847 -2.68464 -0.129341 2.12982 0.801149 -1.03721 -2.21906 0.0627609 -0.22974 -1.25936 1.09428 0.485866 0.0232717 -0.321866 -4.49108 1.25789 -1.19485 -0.270167 5.73422 -2.18217 -4.08009 0.47428 4.94786 -1.62983 -1.87498 0.305631 0.460783 
5.50421 -0.243525 -0.20907 -0.164303 -1.08099 -0.570307 -0.115685 0.021615 -0.361649 0.176635 0.180661 0.0398763 0.00091743 -7.45954 -0.0123351 2.256 0.150583 2.79811 -1.98035 -1.31303 -0.659911 0.818291 0.262344 -0.692631 -0.425658 0.067401 -9.39008 1.82083 -0.796476 0.270828 5.99442 -0.313482 -2.84673 1.30069 2.88615 -2.93239 -1.36834 0.277316 0.231267 
5.48468 -0.234147 -0.210669 -0.125568 -1.06481 -0.64645 -0.164552 0.0133388 -0.314388 0.186547 0.156653 0.0495982 0.00802235 -10.6743 -0.346295 2.25149 -0.165314 5.48858 -1.63005 -2.01974 -0.332634 1.95951 -0.75724 -1.59736 -0.28131 0.28741 -11.4265 0.425132 0.552062 -0.234024 5.55342 1.92219 -0.573427 0.827369 0.514169 -2.56288 -1.29514 -0.117581 0.133943 
5.28993 -0.183836 -0.181539 -0.106062 -0.951975 -0.743602 -0.29934 0.0502196 -0.2051 0.158024 0.0933528 0.0573523 0.0369844 -10.1802 -0.524436 1.94198 0.01848 5.71287 -1.51177 -1.22736 -0.378441 1.59213 -1.19209 -1.55269 0.158072 0.391334 -4.88837 -1.44058 0.946792 -0.683091 2.30177 2.82656 2.39897 -0.42511 -1.6492 -1.09525 -0.395438 -0.0217666 0.151523 
4.7127 -0.106836 -0.156339 -0.143287 -0.633783 -0.796923 -0.387367 0.0925336 -0.145108 0.0636972 0.0968261 0.0530228 -0.00881361 -7.02893 -0.402008 1.3643 0.660617 3.89408 -1.20435 -0.459695 -0.80544 0.924467 -0.671222 -1.39375 0.326149 0.420143 8.65711 -2.23939 -0.0520478 0.315261 -4.44168 1.76066 4.04956 -1.54973 -2.97118 1.54837 0.619494 0.337534 0.296618 
4.1483 -0.150991 -0.0793048 -0.142946 -0.423064 -0.585366 -0.332422 0.0364859 -0.15515 -0.0524956 0.0264206 -0.00589594 0.0406225 -3.88465 -0.421959 1.08438 1.14328 1.58675 -1.10258 0.645019 -1.44251 0.172653 0.248663 -1.17499 0.211003 0.479868 18.6364 -0.966205 -1.55792 1.51502 -9.69219 -1.19427 3.5027 -1.93881 -2.5785 3.84827 1.46227 0.716866 0.0373939 
4.12663 -0.337389 0.0226803 -0.172564 -0.377701 -0.602047 -0.277851 0.0425143 -0.198692 0.0151974 -0.0732237 0.0392452 0.0449432 -2.61032 -0.455306 1.00226 1.58095 -0.590532 -0.692428 1.93531 -2.14163 -0.652803 1.13261 -0.912001 0.0503377 0.685934 14.8046 1.45789 -2.14432 2.29693 -9.68808 -2.10133 1.7556 -1.77254 -1.17677 3.69211 1.58774 0.0636179 0.12654 
4.76117 -0.311827 -0.0448958 -0.143281 -0.602001 -0.7289 -0.11019 -0.0492913 -0.277837 0.0614045 0.0603018 0.109562 0.0604713 -3.42925 -0.285984 -0.0592638 1.69179 -1.3849 0.868834 3.17982 -3.16085 -1.18577 1.45722 -0.897066 -0.122267 0.978589 -2.45908 2.36191 -1.67708 1.31231 -2.7859 0.53704 -0.153592 -1.13623 0.532802 1.29323 -0.117791 -0.915826 0.413757 
5.24026 -0.234698 -0.144014 0.0179066 -0.943902 -0.756842 -0.152719 -0.107507 -0.300068 0.210155 0.0641982 0.073505 0.0480489 -3.04317 -1.78786 -1.45234 1.58333 0.81402 1.53762 1.76227 -2.73473 -0.518182 0.714898 -0.796598 -0.255667 1.216 -16.9867 -0.247394 -1.30951 -1.09881 8.31841 3.44858 -2.1381 0.411101 1.89636 -2.91835 -1.03448 -1.09728 0.618054 
5.12726 -0.226968 -0.101041 0.0398394 -1.01399 -0.819228 -0.0852586 -0.186118 -0.279461 0.281529 0.0152943 0.0520367 0.0656818 -4.0807 -3.57087 -3.57181 1.12294 4.14403 2.26739 0.334175 -1.76318 0.472816 -0.235277 -0.535022 -0.180852 1.10507 -17.2806 -4.50809 -2.68881 -2.55435 14.8324 5.33909 -3.65983 2.20222 2.44062 -5.42799 -0.935555 -0.510929 0.492206 
4.5371 -0.211484 -0.0352427 0.0797315 -0.966136 -0.746994 -0.0141681 -0.223352 -0.313667 0.275366 -0.00495936 0.0270639 0.124589 -12.5875 -3.50759 -3.85491 0.00748912 6.4516 3.71935 -0.633829 -0.704959 2.03911 -1.63476 -0.872618 -0.186024 0.756648 -10.2375 -5.75271 -2.84875 -3.31574 12.2974 3.65405 -3.90565 3.569 3.04547 -4.78705 -0.421274 0.687798 -0.600171 
3.79643 -0.16453 -0.234635 0.0106124 -0.611921 -0.40821 0.0608517 -0.354273 -0.287624 0.147824 -0.0833669 0.00872354 0.168273 -20.3935 -3.88386 -2.69908 -1.32936 8.12122 4.92481 -1.27705 0.180458 2.61979 -2.48512 -1.17472 -0.575737 0.115309 -2.76585 -2.9663 0.129742 -2.54622 1.83475 -0.0456814 -2.0802 3.38811 2.03275 -1.52332 0.769594 0.860651 -1.79491 
3.91905 -0.627813 -0.359929 -0.0345499 0.10858 -0.45033 -0.37983 -0.130939 -0.117404 -0.0929337 -0.0428631 -0.00138663 0.158324 -23.2744 -3.8872 -1.71212 -2.42002 8.4894 5.30295 -1.18291 0.955739 2.66383 -3.05217 -0.89209 -0.526564 -0.34232 -2.32773 3.32422 3.87361 -1.18727 -9.72169 -1.4817 2.07499 0.887151 -0.28196 2.40238 0.689838 0.159595 -2.07543 
3.94197 -0.905341 -0.617625 -0.0581237 0.258752 -0.295113 -0.292553 -0.0927672 -0.0896188 -0.0897292 -0.0409817 0.0413943 0.158819 -21.4231 -3.29818 -1.05255 -2.63959 6.73425 5.04804 -0.926331 1.33575 2.35554 -2.813 -0.437357 -0.445588 -0.880414 -1.36395 6.79199 6.2792 -0.0312951 -12.6938 -2.34006 3.65125 -1.17533 -2.09209 3.4582 0.611089 -0.681118 -1.42102 
2.58747 -0.588202 -0.370143 -0.201024 -0.0371236 -0.25356 -0.222509 -0.0473639 0.0806308 -0.0951722 -0.13722 0.0921387 0.0795594 -7.2883 -1.9117 -0.397437 -2.76512 1.79502 3.53791 0.120388 0.338555 2.26108 -1.41406 -0.0717815 -0.0297718 -1.12863 17.6376 4.81784 3.20233 1.19338 -9.50224 -2.15026 3.38198 -3.00551 -2.89288 3.01759 0.903533 -0.604943 0.183047 
2.39955 -0.574394 -0.210604 -0.233871 -0.156832 -0.211383 -0.182048 -0.119063 -0.0524009 -0.053175 -0.0446998 -0.0359142 0.0106637 7.59078 -0.604898 0.405448 -2.25484 -3.59067 1.86763 1.55606 -0.653776 1.96164 -0.0662857 -0.0173987 0.0907661 -1.02783 35.9365 1.44045 -1.57051 1.41146 -5.04351 -1.83379 2.0355 -3.23411 -0.803596 1.43024 0.0531551 0.61045 1.45714 
2.40588 -0.572367 -0.226674 -0.224254 -0.146598 -0.161981 -0.183333 -0.072234 -0.0510556 -0.0572017 -0.0582949 -0.0328781 0.0286113 16.1674 1.17925 0.881375 -2.18109 -6.73644 1.18323 2.71724 -1.7996 1.39094 1.33907 0.306534 0.206589 -0.69312 40.4803 -1.6728 -3.47962 0.643489 -1.62901 -2.25605 -0.0842478 -2.03198 1.07727 0.709015 0.164921 1.23812 1.53731 
2.40122 -0.58582 -0.230066 -0.228209 -0.136204 -0.143584 -0.107848 -0.104017 -0.0546541 -0.0712359 -0.0497879 -0.0154664 0.0160578 22.6796 1.33508 1.31558 -1.62217 -6.63619 0.440065 1.83015 -1.75074 0.911063 1.34485 0.219197 -0.101612 -0.645044 23.4372 -1.78678 -2.25994 0.117488 -0.102867 -1.31995 -1.21464 -0.08326 1.13319 0.494139 -0.193077 0.679727 0.665861 
4.90362 -0.4839 -0.306411 -0.293644 -0.642683 -0.226094 0.016579 -0.349183 0.0343972 0.0591411 -0.0394436 0.0728362 0.0584885 27.8516 0.267114 0.506757 -0.456452 -4.85804 0.274161 1.42385 -1.14228 0.273491 1.23329 0.105018 0.454544 -0.214807 -12.7923 -0.584887 1.28393 0.666897 3.6774 0.0898491 -2.27525 2.98993 -0.394347 -0.502044 -0.532625 -0.0982371 -0.488596 
5.77147 -0.587408 -0.403058 -0.267928 -0.721295 -0.208139 0.050413 -0.342191 0.104374 -0.00154273 -0.105609 0.0354325 0.0703099 24.9788 0.814175 0.428275 0.707655 -3.21453 0.307006 1.63857 -0.704354 0.00892026 0.83368 -0.594681 0.374863 -0.205386 -31.408 0.941719 3.1041 2.14595 6.0023 1.08279 -1.41737 3.30291 -2.66158 -0.882474 -0.529087 -0.900591 -1.00429 
5.43028 -0.620745 -0.32751 -0.377575 -0.542871 -0.250437 -0.0958382 -0.246624 0.108515 0.103052 0.0346251 0.0592714 0.0606121 18.059 0.847669 1.00947 1.6974 -2.48139 0.0843297 1.48861 0.0750702 -0.63373 1.03362 -0.587324 -0.317733 -0.345649 -28.6626 1.60711 2.16243 3.63632 4.26116 1.13223 0.742303 2.10784 -2.91015 -1.01758 -1.14667 -1.26093 -0.558294 
5.16937 -0.562774 -0.204543 -0.296876 -0.614734 -0.173033 -0.0962263 -0.200207 0.0174831 0.0429134 -0.0893239 -0.0214601 -0.0255241 9.34691 1.34228 1.16204 2.51432 -0.904018 -0.137426 0.483111 0.0919969 -2.5056 0.152935 -0.708019 -0.948868 -0.0911766 -13.5295 1.42576 -0.216201 2.87656 1.76164 -0.327731 1.15316 -0.71375 -2.7544 -0.839461 -0.302798 -1.13217 0.638539 
5.11824 -0.505553 -0.154334 -0.181293 -0.563798 -0.153416 -0.0142243 -0.125338 -0.0229519 0.0435346 -0.110002 0.136135 0.0234352 -0.683229 2.4355 1.35106 1.83369 1.0333 -0.94425 -0.160747 0.993654 -3.67932 -0.725004 -0.585044 -1.56105 -0.471113 3.25529 1.45766 -1.99237 -0.64622 -1.05248 -2.36636 -0.296936 -2.16214 -1.86399 -0.793701 0.570794 -1.53968 0.671342 
5.09424 -0.398273 -0.165277 -0.033862 -0.433253 -0.120246 0.123055 -0.232868 -0.125847 0.0116405 -0.153339 -0.0625698 -0.0165407 -0.447153 3.79633 0.42739 0.894048 0.483073 -1.76094 -0.659841 1.25964 -3.91675 -0.758281 0.110744 -1.28784 -0.484563 8.58298 1.26364 -2.82968 -4.2384 -1.87414 -3.21245 -2.72113 -0.387405 -0.329102 -0.834211 1.61876 0.00231035 0.350939 
4.94409 -0.496443 -0.148566 0.00539725 -0.610243 -0.203518 0.0677042 -0.104247 -0.105696 0.135734 -0.0962546 -0.0944097 0.00813303 3.92809 4.10922 -1.63244 0.231113 -0.747271 -2.14523 -1.01722 1.88854 -3.11704 -1.19332 0.40868 -0.81396 -0.0611685 8.77421 1.71701 -3.24172 -5.41495 -1.14644 -2.08675 -3.24327 1.76168 1.42976 -0.870918 1.89392 1.61969 -0.111868 
5.12422 -0.364208 -0.220124 0.00998538 -0.525328 -0.263075 -0.0821392 -0.349703 -0.428007 -0.0821592 -0.124163 -0.0974635 0.0837499 6.89706 3.76057 -3.46353 -1.1978 -1.2746 -2.58029 -1.88354 3.31087 -1.89575 -1.14735 1.21906 -0.277511 0.279184 6.03349 0.348936 -3.18547 -3.52008 -1.70919 0.163473 -1.51465 4.89706 4.10918 0.256063 1.25712 2.29368 -0.371329 
5.48013 -0.1457 -0.205134 -0.300896 -0.543017 -0.457611 -0.0607851 -0.158159 -0.343209 -0.0701706 -0.0903458 -0.130635 -0.0453759 8.03928 3.4392 -4.67172 -2.33216 -1.93343 -2.675 -2.57685 4.64593 -0.680283 -1.30009 1.41733 -0.0902976 0.0998738 0.951864 -1.86182 -2.9665 0.431567 -1.17631 2.17965 0.0575429 4.6511 4.14064 0.566872 0.288994 2.10012 0.49605 
5.6884 -0.0961685 -0.381644 -0.302029 -0.633509 -0.435447 -0.168363 -0.0241553 -0.29259 -0.0217098 0.0297875 -0.0484598 -0.0221513 8.15595 3.06452 -5.27232 -3.0374 -2.01 -2.48804 -2.89129 6.02591 0.452037 -1.18909 1.34657 0.817207 0.12151 -3.61301 -2.57729 -1.12099 2.00471 0.161588 2.02242 1.30319 2.47109 2.42995 0.34427 -1.10741 0.147898 0.366726 
5.83459 -0.131835 -0.563682 -0.267093 -0.702979 -0.40213 -0.221462 0.139091 -0.202522 -0.066509 0.0303396 0.0181396 0.0521232 7.21686 2.8892 -5.46721 -2.84971 -1.26607 -1.79285 -2.36837 6.3166 1.25566 -1.04863 0.957406 0.787792 -0.000981572 -5.96321 -1.7198 1.13609 1.49769 1.25507 0.718147 1.26502 -0.380905 0.173282 0.473268 -1.4467 -1.08792 -0.137029 
5.92528 -0.141658 -0.641089 -0.32132 -0.745676 -0.410446 -0.233853 0.338311 -0.179027 -0.0932402 0.0171457 -0.000340204 0.0389383 4.63084 1.86582 -4.96615 -2.15664 -1.02532 -1.18442 -1.89526 6.58871 2.25261 -0.193373 0.605715 0.579273 0.0827365 -5.33344 -0.0778001 2.3458 0.586815 2.34395 -0.175377 0.618216 -3.20058 -1.34572 0.322505 -1.26464 -1.32637 -0.223019 
5.91848 -0.0875283 -0.717467 -0.334493 -0.739424 -0.462117 -0.224617 0.404703 -0.138579 -0.116819 0.0146826 -0.00163757 0.0112746 1.8631 1.06598 -4.20514 -0.963005 -0.357367 -0.614082 -1.80052 4.99617 1.68355 -0.271208 0.0808866 0.270881 0.519405 -3.52845 0.403855 2.66838 -0.0835947 1.86403 -0.243728 0.0941485 -3.43662 -1.03431 0.722939 -0.560347 -0.972146 -0.0895724 
5.91329 -0.0535698 -0.756562 -0.381093 -0.688702 -0.488491 -0.264501 0.473576 -0.147837 -0.0915928 -0.000725454 -0.0136026 0.00951163 0.0161552 0.915242 -2.73326 -0.915903 0.33034 -0.806402 -1.12447 3.56704 1.10575 -0.282251 -0.352498 -0.259305 0.287071 -2.18162 -0.269952 2.01531 0.626124 0.59188 0.360196 0.0342081 -3.02287 -0.622505 0.441783 0.117111 -0.202067 0.36689 
5.8781 -0.0248363 -0.792013 -0.392101 -0.677984 -0.486665 -0.289329 0.485396 -0.132614 -0.0781404 0.0011653 -0.0368861 0.0199687 -1.1797 0.778974 -1.41591 -0.668514 0.40262 -0.78715 -0.517864 2.04705 0.533834 -0.101606 -0.106849 -0.522429 -0.055974 -1.08593 -1.03956 1.61571 1.03088 -0.599127 0.540079 0.818068 -2.01868 -0.456275 -0.196125 0.410052 0.202188 0.176855 
5.85003 -0.0207784 -0.795599 -0.404389 -0.643725 -0.495871 -0.335689 0.49954 -0.111161 -0.0770062 -0.0221965 -0.0354413 0.0498063 -1.7767 0.329505 -0.480646 -0.00433931 -0.00240743 -0.649637 0.167388 0.75478 0.0912572 0.00888675 0.201838 -0.488197 -0.127746 -0.396658 -1.26887 1.4812 1.12823 -1.55046 0.31703 1.9344 -1.21737 -0.747251 -0.387595 0.759792 0.117356 -0.57166 
5.80592 -0.0112696 -0.802921 -0.38743 -0.651438 -0.504034 -0.343826 0.491144 -0.101144 -0.0910964 -0.0120813 -0.0418504 0.0539412 -1.94766 -0.300651 0.486709 0.487217 -0.7292 -0.446369 0.884674 0.0803028 -0.462855 0.0997667 0.475315 -0.49644 -0.278848 -0.0115833 -1.1316 1.47819 1.02632 -1.82965 0.0358182 2.33701 -0.856446 -1.06219 -0.0937986 0.813033 0.00834287 -0.972348 
5.76166 -0.033895 -0.789639 -0.384815 -0.655915 -0.511769 -0.29061 0.502778 -0.127609 -0.0916187 -0.00347096 -0.041931 0.0406454 -2.01226 -0.78509 1.3648 0.879899 -1.4551 -0.450966 1.77985 -0.526332 -0.914913 0.229414 0.607244 -0.424236 -0.493979 0.246891 -0.778303 1.52238 0.66995 -1.55028 -0.127482 1.76257 -0.746823 -1.15305 0.478169 0.438599 -0.0828416 -0.74373 
5.73447 -0.0642411 -0.75376 -0.354307 -0.724882 -0.500121 -0.230959 0.477791 -0.135514 -0.109635 0.0378396 -0.0557084 0.00544242 -1.89597 -1.18062 2.18988 1.00172 -2.03685 -0.420596 2.48508 -0.973979 -1.44033 0.522265 0.687899 -0.47646 -0.6744 0.27499 -0.388513 1.42765 0.102706 -0.831293 -0.136783 0.834353 -0.728006 -0.999479 0.966433 -0.156395 -0.127111 -0.116345 
5.71297 -0.089976 -0.714765 -0.30685 -0.780214 -0.528371 -0.160571 0.456152 -0.176494 -0.0931547 0.054922 -0.066431 -0.012684 -1.80095 -1.3432 2.754 0.993277 -2.47763 -0.302705 2.97021 -1.43085 -1.86369 0.901226 0.72031 -0.573772 -0.822763 0.198236 -0.067908 1.11846 -0.515187 -0.101605 0.135783 -0.0427814 -0.73469 -0.574359 1.02143 -0.54366 -0.102903 0.347109 
5.67571 -0.112405 -0.647753 -0.292161 -0.826593 -0.533097 -0.121851 0.440839 -0.227239 -0.0713055 0.0687573 -0.0750928 -0.0322373 -1.67015 -1.36302 3.1511 0.819263 -2.67759 0.0477098 2.93243 -2.00864 -1.70075 1.13453 0.497981 -0.558844 -0.801194 0.142656 0.185963 0.484005 -0.725626 0.18988 0.61325 -0.502765 -0.952941 0.28166 0.590221 -0.606675 -0.0490507 0.433651 
5.64841 -0.136324 -0.576263 -0.293124 -0.854414 -0.551137 -0.0609226 0.400442 -0.264339 -0.0266566 0.0493521 -0.0720472 -0.0314588 -1.70999 -1.13922 3.38901 0.525544 -2.6667 0.554649 2.32905 -2.45033 -1.28658 1.09773 0.255254 -0.44947 -0.674646 -0.0359707 0.407201 -0.0712304 -0.684953 0.198562 1.20419 -1.02675 -0.900012 1.12153 -0.237193 -0.38316 0.108304 0.206733 
5.63261 -0.168744 -0.505348 -0.292245 -0.910527 -0.531683 -0.0176302 0.353034 -0.302546 0.00515223 0.0644612 -0.1058 -0.0312608 -1.83526 -0.853904 3.48383 0.0392743 -2.30491 1.02112 1.59454 -2.73422 -0.742442 0.973793 -0.169924 -0.0532293 -0.590091 -0.274368 0.64628 -0.329661 -0.59588 0.318923 1.36465 -1.52523 -0.684156 1.76014 -0.935683 -0.400974 0.654702 -0.0983747 
5.6011 -0.175216 -0.463468 -0.288841 -0.944139 -0.522883 0.0200956 0.305816 -0.334737 0.0340505 0.0663332 -0.111018 -0.0465108 -2.03342 -0.482769 3.30256 -0.296819 -1.83483 1.34978 0.897484 -2.80676 -0.203655 0.661806 -0.338741 0.272201 -0.571926 -0.480175 0.774079 -0.375272 -0.498069 0.71511 0.897527 -1.71171 -0.104066 1.61067 -1.13827 -0.408795 1.00314 -0.168137 
5.57588 -0.182195 -0.418605 -0.289058 -0.993296 -0.462299 0.0246754 0.213013 -0.265509 0.0242654 0.0481425 -0.103296 -0.0579446 -2.87158 0.168546 2.66225 -0.187769 -1.07583 1.38304 -0.102706 -2.48722 0.312601 0.0278856 -0.196705 0.575795 -0.483349 -1.24447 1.04931 -0.708502 -0.130127 1.47907 -0.136355 -1.78262 0.916615 0.64887 -1.05814 -0.0131666 0.965397 -0.021766 
5.51982 -0.173531 -0.355002 -0.31135 -1.01833 -0.404571 -0.0164616 0.185901 -0.253809 -0.000329129 0.0479839 -0.0886371 -0.0638066 -5.50259 0.979659 2.24766 -0.249548 0.591402 1.1171 -1.14674 -2.61347 0.45699 -0.303702 -0.0147871 0.97508 -0.12889 -3.63066 1.39824 -1.05393 0.249604 2.87109 -1.26163 -1.5518 0.845466 -0.294292 -0.52809 0.42517 0.679351 0.524576 
5.48227 -0.170433 -0.295398 -0.343736 -1.01674 -0.380153 -0.0339243 0.134496 -0.226403 0.00123233 0.00662425 -0.0285167 -0.0871218 -7.97535 1.64696 2.10834 -0.643482 2.02216 0.742185 -1.19467 -3.70748 0.098211 0.946801 -0.80758 1.50474 0.705069 -6.02746 1.54941 -0.918695 0.117577 3.58999 -1.60082 -0.614275 -0.80402 -1.26494 1.3412 -0.00390563 0.299433 1.55166 
5.42818 -0.145181 -0.285708 -0.334057 -0.993662 -0.396261 -0.0349518 0.126496 -0.242558 -4.86427e-05 0.0216004 -0.0256437 -0.0916574 -9.47772 1.87605 1.79974 -0.842136 2.90951 0.197504 -0.82448 -4.4268 -0.324764 1.91498 -1.39785 1.80269 1.33416 -6.07124 0.982404 -0.423559 -0.444841 2.94745 -1.2715 0.811252 -2.72071 -1.48809 3.07411 -1.2104 0.375686 2.04817 
5.21848 -0.0632024 -0.332199 -0.27703 -0.919461 -0.408836 -0.149719 0.163742 -0.223727 -0.0737352 0.0739005 -0.0101835 -0.0756713 -10.0677 1.69041 1.19428 -0.79177 3.37267 -0.244404 -0.280681 -4.60403 -0.826033 2.62077 -1.71377 1.8497 1.73156 -2.32994 -0.508821 -0.0612245 -0.873717 0.753893 -0.435664 2.38559 -3.22681 -1.10636 3.6361 -2.15074 0.329186 1.58219 
4.69322 0.0114761 -0.26389 -0.330644 -0.669241 -0.447844 -0.206368 -0.00166887 -0.265071 -0.0206086 0.0713218 0.0386283 -0.000505878 -7.9315 0.824434 -0.484613 -0.276949 2.92918 -0.675141 -0.207137 -3.34364 0.839378 1.76761 -1.84352 2.39436 1.19705 5.6782 -2.35027 -1.72753 0.101367 -2.59749 0.130123 2.10482 0.533242 1.59818 0.516616 -1.5372 0.574517 -0.600265 
4.52129 0.0363919 -0.188473 -0.4221 -0.654246 -0.431225 -0.0546299 -0.303738 -0.353946 0.331777 -0.147458 0.0958455 0.126329 -4.11247 -0.150568 -2.40342 -0.0547348 1.87229 -0.855895 -0.506102 -1.49803 2.46483 0.678129 -1.71735 2.09343 0.814802 12.031 -3.2986 -4.25247 1.36622 -4.1735 0.046787 -0.421671 5.95464 4.79758 -4.65929 0.807451 0.143706 -2.76321 
4.50186 0.0105448 -0.222488 -0.406622 -0.669915 -0.468006 -0.00264368 -0.326847 -0.344638 0.311044 -0.164918 0.122083 0.114312 -1.74003 -1.8142 -3.12369 -0.933073 0.792584 -0.965018 -0.14448 0.896014 4.49606 -0.707324 -1.59387 1.511 0.472035 11.6057 -3.43164 -4.51839 0.63818 -3.63639 -0.196132 -1.96843 8.87246 6.44692 -6.86203 2.19838 -0.902 -2.8307 
4.48666 -0.0402251 -0.278338 -0.377217 -0.673792 -0.437392 -0.00265162 -0.302277 -0.334495 0.285796 -0.156013 0.12284 0.111844 -0.385933 -2.61543 -3.14259 -1.92327 0.612628 0.0237601 -0.405941 0.741528 5.48739 -1.61548 -0.649198 0.347155 -0.0913701 4.41794 -1.90496 -1.84826 -1.55214 -0.748314 0.50942 -2.38159 5.21954 4.7344 -5.09497 2.77295 -2.33318 -1.39749 
4.9211 -0.16784 -0.556493 -0.282926 -0.771425 -0.488958 -0.131627 0.0211104 0.120699 -0.0287741 -0.14232 0.296066 -0.067253 1.91979 -2.69977 -3.11011 -3.00037 0.18553 1.33843 -1.43025 1.63658 6.29181 -3.12045 0.352228 -0.630551 -1.00596 -4.63306 0.619433 2.93145 -4.3212 2.41792 2.31515 -1.24988 -2.12853 -0.59731 -0.167886 2.07124 -3.56517 0.653635 
5.2482 -0.202337 -0.730445 -0.32668 -0.838007 -0.505286 -0.212408 0.153332 0.192637 -0.0703703 -0.125756 0.166182 -0.0241867 2.19174 -1.74568 -3.05221 -3.79616 0.996516 2.79047 -2.66446 1.37965 5.84901 -3.85091 0.880954 -0.926755 -1.45856 -7.96415 3.00254 5.03182 -4.3842 3.7055 4.11155 -0.335171 -7.44711 -4.4835 3.36903 0.306889 -1.8842 0.923681 
4.86559 -0.385569 -0.599179 -0.565168 -0.800627 -0.54308 -0.0744199 0.346552 0.371435 -0.163825 -0.118166 0.0843649 0.0247327 1.63238 0.066347 -2.367 -4.89559 1.60909 4.31897 -2.68629 -0.0187491 4.40079 -2.80978 0.353243 -1.15483 -1.45114 -3.16241 5.23542 2.8575 -1.70541 2.56982 4.58297 -0.572864 -7.62105 -6.15226 3.96809 -1.24824 0.518476 -0.126047 
4.52445 -0.255316 -0.511892 -0.660589 -0.550506 -0.2892 -0.23903 -0.227566 0.281113 -0.0841651 0.0372164 -0.0363613 0.00320615 1.03922 1.94886 -1.09562 -5.53237 2.05633 5.07926 -2.02853 -1.54009 2.10011 -1.22859 -0.215241 -1.2085 -1.14521 3.3351 4.74711 -0.0311797 0.878636 -0.39988 2.09402 0.765275 -1.58249 -4.80556 2.78309 -2.84915 2.47503 -0.554332 
4.79855 -0.2061 -0.49748 -0.835232 -0.594254 -0.165245 -0.337303 -0.100255 0.341767 -0.162288 -0.0100673 -0.0118306 -0.0808563 0.649519 3.39937 0.26015 -5.15463 2.04905 5.38083 -0.924487 -3.02911 -1.104 0.323386 -0.446469 -1.10308 -0.378152 5.69226 2.7507 -1.42757 3.09138 -2.20996 -1.08814 2.27731 2.19532 -3.1368 1.33255 -2.09999 2.42476 0.118995 
4.84169 -0.0755665 -0.617832 -0.837438 -0.516205 -0.0212425 -0.365864 -0.247485 0.223015 -0.0572081 -0.146011 0.0971179 -0.0606135 2.45076 3.83145 0.612257 -3.80861 1.6479 4.73957 -0.439556 -2.77334 -2.25882 0.959969 -0.701844 -0.139619 -0.546147 5.01941 -0.318353 -0.0672719 3.2284 -2.71235 -3.7018 2.80579 4.06557 -1.67611 0.322402 0.0886522 0.47227 0.954754 
4.8859 0.0860124 -0.643761 -0.925724 -0.546294 0.0837474 -0.292313 -0.216722 0.204774 -0.0639424 -0.190978 0.057252 -0.119176 6.13542 3.70127 -0.0475068 -1.84057 0.551501 3.64183 -0.621205 -1.65259 -2.57326 1.2098 -0.896691 0.349306 -0.55116 2.9578 -3.21442 1.24243 3.05401 -1.73539 -4.3789 1.31117 3.18064 0.102274 -0.277141 1.67225 -0.434099 1.21089 
4.99289 0.148347 -0.568524 -0.955316 -0.541052 0.0664143 -0.24682 -0.196816 0.119704 -0.00194066 -0.190227 0.0584055 -0.0909068 7.97828 2.3402 -0.302614 -0.333183 -0.560806 1.54353 0.0180926 0.894091 -2.01691 1.07894 -1.14805 0.513284 -0.0900182 1.94757 -3.83808 0.672417 2.79351 -0.578466 -3.1135 -1.11862 1.19651 1.59166 -0.442886 1.72865 -0.744516 0.560413 
5.1855 0.138261 -0.564121 -0.875616 -0.617622 0.0470711 -0.196285 -0.186941 -0.00274557 -0.0559306 -0.123372 0.0813138 -0.0238419 7.62433 1.15305 -0.202931 1.00574 -0.395263 -0.0382712 -0.182172 1.38452 -1.47602 1.01304 -0.658257 0.0936731 0.528555 0.994276 -3.04783 -0.420934 1.7479 0.300895 -1.98273 -2.4208 1.33913 2.96018 -0.390378 0.134494 -0.488854 -0.00947198 
5.3649 0.087795 -0.538789 -0.87601 -0.580003 -0.00306188 -0.238251 -0.126142 0.0235199 0.0230021 -0.138363 0.0689116 -0.0676561 7.81612 -0.230334 -0.0596118 1.81304 -0.429864 -1.3273 -0.98475 2.51776 -0.238673 0.348643 -0.291741 -0.336158 0.777565 -1.09718 -1.36476 -1.30325 1.25509 0.811908 -1.00975 -2.14143 0.913679 2.55402 -0.616239 -0.920978 -0.199262 0.388193 
5.53783 0.054256 -0.56989 -0.814082 -0.622734 0.0247017 -0.330575 -0.111988 0.1194 -0.0087468 -0.142948 0.0558426 -0.0808444 7.31078 -1.32839 -0.0853913 2.43674 -0.284376 -2.37331 -1.37898 3.01929 0.15741 0.307867 -0.50346 -0.0294147 0.909182 -2.62185 -0.231717 -0.660889 0.320527 0.770859 -1.1434 -0.443406 1.22998 0.946132 -0.540795 -1.06337 0.057014 0.471938 
5.62805 0.0397253 -0.59267 -0.752988 -0.619617 -0.0456998 -0.327366 -0.06336 0.0952889 0.0283058 -0.170862 0.0492924 -0.0396195 6.1398 -1.79165 -0.122061 2.60058 -0.590096 -2.68647 -1.43314 3.6282 0.658094 -0.272093 -0.621283 0.140029 0.597848 -2.87952 -0.110884 0.529843 -0.210827 -0.125505 -1.0186 0.84935 1.22506 -0.418511 -0.776752 -0.347128 0.554192 0.0585005 
5.6959 0.0267108 -0.611454 -0.722781 -0.567553 -0.109578 -0.39473 0.0377478 0.135291 -0.00699651 -0.192974 0.0455349 0.0105586 4.6792 -1.87922 0.141304 2.38743 -0.877249 -2.83132 -1.00549 3.88806 0.740188 -0.425941 -0.816477 0.329351 0.415191 -2.40692 -0.353919 1.29814 -0.398256 -1.4756 -0.445031 1.997 0.554057 -1.3654 -0.663377 0.406385 0.876795 -0.62697 
5.78257 -0.0133616 -0.64345 -0.652932 -0.567167 -0.146425 -0.461393 0.105638 0.197131 -0.0396761 -0.222237 0.0327905 0.0250839 3.29697 -1.78223 0.45143 2.09355 -1.32499 -2.69362 -0.205075 3.69874 0.212958 -0.783692 -0.632093 0.575956 0.496979 -2.02302 -0.271779 1.51088 -0.89982 -1.78743 0.391093 2.21103 -0.35826 -1.37012 -0.214053 0.777034 0.757737 -0.976073 
5.80035 -0.05701 -0.571778 -0.6505 -0.612933 -0.260967 -0.354627 0.18322 0.0990964 0.015533 -0.249909 0.0919038 -0.00308254 1.9676 -1.64054 0.995573 1.2754 -1.37159 -2.39704 0.495851 3.22938 -0.39593 -0.505735 -0.485913 0.618656 0.410554 -1.6968 0.230538 0.772393 -1.19841 -0.999175 1.55038 1.11343 -1.54501 -0.540517 0.0277337 0.74679 0.000646699 -0.391647 
5.81835 -0.0956471 -0.530575 -0.608372 -0.712306 -0.268922 -0.358739 0.279289 0.117068 -0.0926602 -0.196201 0.106108 -0.026235 0.835154 -1.46558 1.46926 0.302633 -1.16979 -1.61348 0.44168 2.3225 -0.500496 -0.0751781 -0.512471 0.499591 0.422123 -1.78078 0.757931 0.187083 -1.83798 0.958572 1.77197 -0.112309 -2.42867 -0.181482 1.2737 -0.109526 -0.659942 0.57476 
5.84532 -0.125059 -0.521316 -0.586293 -0.75572 -0.293348 -0.311758 0.291148 0.0968318 -0.0708136 -0.217788 0.121849 -0.00616681 -1.10572 -1.0348 2.10635 -0.680555 -0.725565 -0.759423 0.0832688 1.05226 -0.992069 0.632914 -0.201773 0.144377 0.543051 -2.81496 1.12129 0.357409 -2.29438 2.46513 1.759 -1.77231 -2.57866 0.00463082 1.75782 -0.277234 -1.15662 1.00946 
5.83726 -0.13466 -0.503328 -0.613842 -0.753822 -0.288471 -0.297972 0.288497 0.0918448 -0.0715201 -0.213353 0.123396 -0.00270153 -3.35871 -0.393678 2.63761 -1.62242 0.134649 0.143753 -0.748027 -0.488141 -1.50548 1.47488 0.451699 -0.359953 0.7915 -4.16227 1.21379 0.906164 -1.99421 2.69625 1.49046 -2.69707 -2.65365 -0.480654 2.03018 0.339425 -1.27208 0.876188 
5.78916 -0.128634 -0.46129 -0.678977 -0.734608 -0.26997 -0.295807 0.261351 0.0622462 -0.0151566 -0.22666 0.0984427 0.0152982 -5.0052 0.184026 2.65531 -2.0408 1.15886 0.814604 -1.96054 -1.81502 -1.46097 2.12411 0.840915 -0.795541 1.01549 -4.58741 1.07072 1.09595 -0.943187 1.93976 0.828161 -2.54558 -2.29231 -0.925991 1.58118 1.25782 -0.750794 0.260837 
5.7283 -0.132501 -0.420653 -0.74578 -0.65775 -0.249657 -0.383566 0.23115 0.0781579 0.0531401 -0.286187 0.0817204 0.0770203 -6.22044 0.603861 2.63567 -2.00974 1.9103 0.820865 -2.46537 -2.83006 -1.48746 2.90644 0.874642 -0.775742 0.977419 -3.26683 0.767504 0.395 0.722885 0.530922 0.0950348 -1.35437 -1.64812 -0.563126 0.551266 1.69067 0.0191936 -0.564611 
5.46104 -0.0970689 -0.314018 -0.807678 -0.60979 -0.212622 -0.476885 0.165311 0.00123456 0.0916796 -0.202792 0.0373404 0.0922954 -6.20253 0.632823 2.29584 -1.10582 1.79934 0.49643 -2.38621 -2.96844 -1.046 2.5247 0.853738 -0.252041 0.712009 0.64827 -0.0100769 -1.14228 2.4914 -0.81498 -1.02648 0.816605 -0.371779 0.738502 -0.559098 0.287173 1.29218 -0.950308 
5.25644 -0.0624161 -0.247333 -0.848779 -0.568418 -0.162224 -0.548281 0.0285526 -0.0777419 0.185119 -0.0974398 0.00177029 0.0944315 -4.53626 0.233968 1.59775 0.277453 1.3678 -0.508496 -1.7087 -2.26627 -0.453415 1.46917 0.554329 0.746424 0.569499 5.09147 -1.0199 -2.33057 3.6058 -1.69463 -2.32053 2.68528 1.84958 2.13147 -2.40051 -1.5499 2.51907 -0.798595 
5.18987 -0.0504613 -0.2447 -0.836717 -0.528118 -0.187407 -0.598644 -0.00522739 -0.0688189 0.225815 -0.103041 0.023945 0.0911274 -2.35189 -0.248811 0.849762 1.76742 0.561096 -1.64744 -0.520975 -1.23068 -0.225457 0.143991 0.589049 1.63859 0.0526388 7.37321 -1.65054 -2.36039 3.55705 -2.11402 -2.87198 3.63198 3.32311 1.93901 -3.55836 -1.91359 2.67007 -0.560599 
5.12727 -0.044643 -0.243934 -0.773346 -0.529338 -0.220623 -0.589494 -0.0519625 -0.0305127 0.256449 -0.127524 0.0616888 0.0773333 -0.0241146 -0.741241 0.225713 3.17783 -0.553247 -2.70068 0.909675 -0.0955392 -0.309589 -0.975701 0.861694 2.1045 -0.515938 6.78081 -1.63301 -1.42704 2.51685 -1.96879 -2.56105 3.1124 3.6318 0.353836 -3.44161 -0.58819 1.53434 -0.436434 
5.24479 -0.0909733 -0.293527 -0.6385 -0.599826 -0.283267 -0.497071 -0.011678 0.0316073 0.160904 -0.177722 0.162356 0.069542 2.10352 -1.17226 -0.233606 4.28586 -1.67257 -3.40678 1.99393 0.894916 -0.361925 -1.63761 1.00765 2.01951 -0.768897 2.94656 -0.714184 0.156196 0.940687 -1.616 -1.2332 1.52996 2.14462 -1.76218 -1.45646 1.72776 -0.81821 -0.547051 
5.47978 -0.159994 -0.335403 -0.553793 -0.597582 -0.426443 -0.440795 0.110892 0.073319 0.0285388 -0.215744 0.275432 0.0991258 3.02103 -1.39384 -0.2126 4.96006 -2.74982 -3.6152 2.47383 1.57105 -0.723656 -1.85195 1.49004 1.27882 -0.831893 -1.42323 0.383811 1.24862 -0.0510308 -1.63187 0.714566 -0.141748 -0.248813 -2.70842 1.30517 3.07236 -3.10114 -0.546241 
5.52799 -0.177708 -0.323883 -0.484559 -0.654212 -0.499318 -0.362733 0.152498 -0.0174826 -0.0131526 -0.137244 0.28532 0.02753 2.7093 -1.2673 0.0439551 5.07739 -3.43747 -3.32598 2.36978 1.64134 -1.37579 -1.45219 2.37632 0.0713813 -0.785875 -3.62153 0.984999 1.27064 -0.407081 -1.27283 1.82148 -1.49741 -1.5581 -1.69548 2.81945 2.41944 -3.83578 0.130648 
5.54665 -0.198415 -0.300584 -0.390708 -0.730236 -0.55373 -0.320897 0.177318 -0.0858386 -0.0176433 -0.0421023 0.250426 -0.000340894 1.72618 -0.859909 0.185513 4.7066 -3.56101 -2.78076 1.68944 1.41496 -1.64054 -0.764479 2.89563 -1.00395 -0.618817 -3.7581 1.17893 0.493392 -0.640801 -0.421336 2.01738 -2.02805 -1.75595 0.124908 2.69068 0.630488 -2.82606 0.720348 
5.51207 -0.195674 -0.270023 -0.310733 -0.82646 -0.563276 -0.304071 0.157889 -0.1348 0.0108107 0.0467729 0.171604 -0.00249898 -0.122883 -0.0587721 0.0889612 3.93978 -3.09948 -1.88372 0.480552 0.879181 -1.42853 -0.0546708 3.13438 -1.84386 -0.467621 -2.46804 1.15364 -0.782296 -1.02293 0.997254 1.46739 -2.10121 -0.80758 1.7955 1.01624 -1.1212 -0.645233 0.874147 
5.48956 -0.203398 -0.245577 -0.233057 -0.91807 -0.563557 -0.318636 0.143294 -0.169234 0.0639452 0.109879 0.0856224 0.0060182 -2.43655 0.924789 -0.408664 3.04962 -2.06573 -0.694236 -0.738052 0.0709795 -0.681611 0.254064 2.81112 -2.46421 -0.106252 -2.00359 1.42125 -1.80121 -1.80145 2.8321 1.03857 -2.07344 -0.113663 2.6072 -0.869415 -2.0073 1.00425 0.776609 
5.44512 -0.186265 -0.252935 -0.177242 -0.949458 -0.589876 -0.335818 0.157274 -0.185731 0.0937378 0.157328 0.0254675 0.0090322 -5.27026 1.84111 -0.929957 1.9327 -0.300032 0.475896 -1.44137 -0.622184 0.00595366 0.0584739 1.94707 -2.85564 0.491632 -3.85559 1.81617 -1.80382 -2.45111 4.02964 1.57413 -1.4513 -0.538153 1.90715 -1.76558 -1.89633 0.926202 0.530721 
5.40766 -0.161958 -0.286378 -0.146463 -0.954061 -0.601309 -0.363819 0.157514 -0.127037 0.0920094 0.13628 0.0367001 0.0220725 -8.50722 2.5252 -1.02742 0.453 1.71384 1.64055 -1.32652 -1.29456 0.0804337 -0.460868 1.32742 -2.85603 0.520517 -6.56957 1.71974 -0.636168 -2.84199 4.42106 2.35319 -0.0391332 -1.37609 0.0404835 -1.66879 -0.975784 -0.225933 0.201254 
5.32387 -0.098669 -0.357281 -0.152124 -0.912756 -0.575311 -0.448688 0.179269 -0.0702842 0.025791 0.156575 0.0515654 0.0180859 -11.3024 2.73888 -0.719906 -0.939556 3.72334 2.38921 -0.782098 -2.02767 0.116586 -1.18223 0.831324 -2.38029 0.157869 -7.82304 0.731182 1.26638 -2.74771 3.83558 2.38575 1.87976 -2.21583 -1.58331 -0.877443 -0.224225 -0.869399 -0.423617 
5.10997 -0.00865668 -0.423896 -0.19621 -0.777445 -0.512568 -0.531444 0.118615 -0.0241508 -0.012711 0.149842 -0.0219083 0.0655565 -13.2632 2.53883 0.100534 -1.97725 5.10079 2.62782 0.0828871 -2.58762 -0.0207599 -1.61782 -0.0607766 -1.20672 -0.524389 -5.56556 -0.923297 2.93614 -1.92392 2.09643 1.03097 3.20951 -1.82005 -2.04529 -0.0964595 -0.364551 0.639383 -1.55238 
4.65252 0.0813889 -0.41006 -0.24821 -0.641668 -0.39576 -0.481561 0.0267346 -0.105067 -0.0167395 0.144063 -0.152089 0.086709 -13.6292 1.90466 0.824664 -2.36193 5.65465 2.67727 0.82641 -2.86161 -0.272481 -1.85103 -0.420425 -0.388859 -1.17298 0.359147 -2.3682 2.8809 -0.461734 0.0373368 -1.03789 2.63648 -0.391317 -0.787998 0.122366 -0.764678 2.85991 -2.19492 
4.28462 0.10582 -0.337167 -0.349054 -0.519858 -0.298364 -0.384787 -0.0411143 -0.189433 -0.0568829 0.196992 -0.17357 0.0308499 -12.5697 1.28633 1.26018 -2.43825 5.60449 2.37282 1.178 -2.90862 -0.658513 -1.29293 -0.588446 -0.0465858 -1.58622 6.21449 -2.49096 1.11049 1.06234 -1.63555 -2.40025 0.494819 0.985456 0.762124 0.724458 -1.26452 3.35142 -1.52886 
4.06089 0.0849797 -0.268365 -0.410704 -0.392332 -0.28411 -0.335203 -0.135728 -0.156558 -0.112707 0.192511 -0.125645 -0.031365 -9.8445 0.898876 1.25508 -2.31539 4.77459 1.92399 1.22467 -2.8085 -0.70139 -0.59472 -0.540284 0.229437 -1.73305 9.33805 -1.08281 -1.30561 1.60662 -2.64517 -2.05118 -1.69314 1.71911 1.16052 1.38166 -0.54344 1.48834 -0.0498011 
3.94128 0.048972 -0.170282 -0.426956 -0.345589 -0.332288 -0.279673 -0.146412 -0.15641 -0.100598 0.0410693 0.0533245 -0.116326 -5.53449 0.897157 0.591779 -2.20569 3.50347 1.42224 0.780162 -2.41085 -0.492257 -0.0105384 -0.518978 0.877478 -1.49004 9.39834 0.9999 -3.24149 0.841134 -2.57202 -0.514594 -2.81146 1.09348 0.801498 1.67023 0.882221 -1.29098 1.74183 
3.97542 0.0112591 -0.199981 -0.389854 -0.316758 -0.321476 -0.285732 -0.132754 -0.147364 -0.144271 0.0938737 0.0423052 -0.147011 -0.679245 1.36204 -0.789413 -1.862 2.32438 0.743274 -0.15878 -2.09118 0.146022 0.326351 -0.185935 1.35939 -0.817663 7.27102 2.60311 -3.55102 -0.312584 -2.02793 0.467707 -2.2697 -0.0367171 0.21705 1.40288 1.43738 -1.91894 2.53621 
4.00882 0.0474657 -0.251537 -0.421731 -0.2782 -0.316533 -0.354011 -0.162495 -0.154853 -0.0357416 0.0784686 -0.0122285 -0.130201 3.57873 1.98051 -2.46827 -1.28791 1.27264 -0.0114655 -1.02445 -1.42179 0.255757 0.73755 0.264688 1.14605 0.068933 5.67163 2.47912 -2.94981 -0.47721 -1.43164 0.0586223 -0.90631 -0.137959 -0.129614 0.114587 1.6237 -0.667998 2.09563 
4.11299 0.133235 -0.319541 -0.471534 -0.299563 -0.270001 -0.399788 -0.205954 -0.134713 -0.0309213 0.139109 -0.0522558 -0.114704 7.94039 2.07224 -4.08213 -0.985137 -0.0191307 -0.775577 -0.888158 -0.382858 0.710939 0.633895 0.270808 0.543595 0.880943 5.58894 0.537449 -2.16582 0.334577 -1.22366 -1.6291 0.781535 1.00086 0.402716 -0.931936 0.259461 0.601945 1.15172 
4.29026 0.224355 -0.403751 -0.549014 -0.297878 -0.2329 -0.425489 -0.249635 -0.14457 -0.00738892 0.107734 -7.18159e-05 -0.0464565 11.0415 1.94721 -5.50137 -0.823018 -1.30712 -1.26971 -0.350449 1.56408 0.867705 0.400947 0.132944 -0.289396 1.26417 5.50187 -1.73322 -1.59276 1.34118 -1.92327 -2.75751 2.1382 3.71266 0.714136 -1.28424 -1.20669 0.345348 -0.176878 
4.43554 0.309246 -0.511573 -0.534631 -0.290289 -0.270033 -0.439853 -0.300536 -0.113521 -0.0293793 0.181874 0.037329 -0.0145885 12.9551 1.21136 -5.99525 -0.411646 -2.59598 -1.33064 0.641845 3.40256 0.5603 0.340708 -0.624215 -0.247017 1.35079 4.67529 -3.30687 -1.003 1.58337 -2.78489 -1.65641 2.71149 5.68942 0.230517 -0.760804 -2.24325 -0.798692 -0.790122 
4.68943 0.314561 -0.625203 -0.496637 -0.306384 -0.374351 -0.460991 -0.203045 -0.166854 -0.00993338 0.226501 0.0410514 -0.00751057 13.8619 -0.13764 -5.7585 0.18981 -3.29546 -0.924697 1.61483 4.67294 -0.0337034 -0.433619 -1.03134 0.213687 1.45908 1.65183 -3.35548 0.289181 1.00222 -2.50633 1.0899 2.32855 4.61394 -0.778906 -0.294843 -2.27811 -0.853271 -0.469626 
5.18445 0.210632 -0.753857 -0.500518 -0.434833 -0.493087 -0.326324 -0.0832918 0.00951799 -0.0867662 0.0698229 0.0189071 0.020112 13.6808 -1.52359 -5.05652 0.577737 -3.38317 -0.33389 2.35606 5.27686 -0.736696 -0.968697 -1.57147 0.576384 1.53543 -2.75027 -2.13837 1.94374 0.335047 -0.579212 3.67246 0.891915 1.12619 -2.56012 -0.277037 -0.564543 0.306031 0.209331 
5.37393 0.208695 -0.895377 -0.496485 -0.572039 -0.492091 -0.273335 0.251431 -0.0564424 -0.0567798 0.00763611 -0.0505119 -0.0120006 12.7432 -2.71748 -3.9302 0.484627 -3.01394 0.503148 2.67379 5.2116 -1.3494 -1.45065 -1.82191 0.716372 1.44115 -4.77606 -1.2384 3.317 -0.522032 2.07704 3.95426 -0.361332 -3.45747 -2.56525 -0.912419 0.691336 1.77955 0.913802 
5.55484 0.131928 -0.943393 -0.435302 -0.675611 -0.375563 -0.213635 0.334464 -0.147641 -0.0147571 -0.00410416 -0.0365986 0.0248923 11.1968 -3.45383 -2.51847 -0.122493 -2.19215 1.47697 2.74223 4.36638 -2.01277 -1.57023 -2.16613 1.00619 1.34639 -4.80734 -0.394852 3.4806 -1.42177 3.79698 1.88891 -1.05044 -5.28998 -1.30313 -1.26143 1.04099 1.89426 0.509633 
5.66384 0.0465197 -0.91689 -0.436245 -0.646813 -0.283178 -0.194378 0.295581 -0.228406 -0.117228 0.00610588 0.0592758 0.103968 8.90593 -3.58361 -1.07218 -0.709192 -1.0031 2.23336 2.50593 2.70987 -2.42646 -1.59542 -1.94111 1.35235 1.15034 -3.25835 0.117884 2.57291 -1.74621 3.44711 -0.560076 -0.946264 -4.0902 0.154818 -0.289731 0.448913 0.660829 -0.628991 
5.77224 0.000839023 -0.915364 -0.461379 -0.624581 -0.233566 -0.14413 0.27323 -0.266553 -0.186316 -0.0298331 0.107184 0.137718 6.32509 -3.31498 0.195474 -1.07103 0.306947 2.33417 1.85943 1.0027 -2.97969 -1.34045 -1.14061 1.61571 0.739115 -2.0489 0.388199 1.45255 -1.30694 1.85968 -1.95083 -0.557681 -1.88011 1.06984 0.82449 0.0396521 -0.598315 -1.53488 
5.89374 -0.0700139 -0.890231 -0.529297 -0.570236 -0.209431 -0.140314 0.269189 -0.297082 -0.216703 -0.0602834 0.131394 0.142666 4.93334 -3.09262 0.984258 -1.25231 1.09763 1.69095 1.57098 -0.515535 -2.40713 -1.36256 -0.748558 1.64724 0.358428 -2.27435 0.914712 0.415437 -0.032332 0.0595489 -1.91483 -0.317686 -0.0268191 0.852656 1.46726 0.485051 -1.2145 -1.73354 
5.96514 -0.120339 -0.856288 -0.575389 -0.526871 -0.206469 -0.105639 0.247584 -0.338017 -0.201972 -0.0943587 0.149535 0.121582 3.66495 -2.55307 1.18684 -1.36381 1.28401 0.744691 1.28482 -0.657894 -1.75905 -1.12567 -0.573518 1.23366 -0.205032 -2.33458 1.04219 -0.165439 1.05584 -1.0527 -1.21118 -0.301749 0.465864 0.750963 1.02439 0.965567 -0.984524 -1.00995 
6.01614 -0.160987 -0.826005 -0.594857 -0.501791 -0.207804 -0.0839087 0.232696 -0.36277 -0.199532 -0.0952475 0.154269 0.0984328 2.5987 -2.0074 1.16904 -1.1227 0.847515 0.150449 1.15781 -0.425607 -1.22666 -0.474369 -0.402787 0.636246 -0.602975 -2.16163 1.04039 -0.363332 1.24369 -1.29138 -0.562346 -0.312982 0.437949 0.798957 0.211332 0.865558 -0.51708 -0.0453327 
6.02144 -0.185584 -0.807235 -0.601191 -0.504297 -0.225742 -0.0710507 0.231472 -0.393301 -0.196338 -0.0764431 0.158154 0.0640462 1.57217 -1.52243 1.01435 -0.572506 0.255081 -0.130295 0.989886 -0.324207 -0.843497 -0.0898882 -0.13429 0.30863 -0.657184 -1.53512 0.925859 -0.470628 0.978153 -1.16462 -0.0662653 -0.217009 0.275551 0.898821 -0.0504869 0.259296 -0.304548 0.609813 
6.03294 -0.192279 -0.811643 -0.577339 -0.523057 -0.226178 -0.0523838 0.237646 -0.388932 -0.216167 -0.0584412 0.15715 0.0550425 0.766394 -1.12143 0.967004 -0.110694 -0.329644 -0.282446 1.02069 -0.230019 -0.559748 0.186519 -0.0373994 0.0279172 -0.462221 -0.875828 0.533 -0.133024 0.378968 -0.758997 0.0939432 -0.0962087 0.0566688 0.618803 0.309688 -0.322361 -0.29705 0.790428 
6.03905 -0.211285 -0.795741 -0.584138 -0.52468 -0.236458 -0.0495658 0.243444 -0.387212 -0.221252 -0.0670274 0.167206 0.0582226 0.133734 -0.820759 0.947105 0.257028 -0.834113 -0.522479 0.962038 0.0501449 -0.345084 0.328704 0.0461192 -0.149431 -0.235782 -0.59655 0.287275 0.17185 0.211095 -0.572217 -0.128765 0.142871 0.0577228 0.179359 0.683568 -0.417596 -0.358089 0.527012 
6.02973 -0.218794 -0.765905 -0.594379 -0.539093 -0.230204 -0.0284591 0.231319 -0.38483 -0.211294 -0.0720953 0.158288 0.0710415 -0.457367 -0.656065 1.17924 0.538256 -1.2147 -1.00665 0.953396 0.34523 -0.196468 0.563971 0.195529 -0.261839 -0.123752 -0.648285 0.0785807 0.497625 0.346406 -0.502571 -0.817233 0.155865 0.42994 -0.117595 0.727744 0.0503394 -0.305379 0.0312951 
6.02214 -0.214888 -0.788884 -0.555698 -0.579947 -0.230972 -0.0164673 0.221414 -0.380478 -0.199046 -0.0774141 0.154615 0.0696677 -1.17932 -0.530958 1.59419 1.07066 -1.50442 -1.84919 0.907417 0.465504 0.0559656 0.969612 0.481213 -0.339381 -0.188936 -1.18304 0.0164137 0.979406 0.721093 -0.449724 -1.79674 0.0103714 0.688814 -0.0298409 0.668853 0.785881 -0.151324 -0.453117 
6.03139 -0.24413 -0.731957 -0.576241 -0.589093 -0.247787 0.014884 0.229007 -0.395666 -0.160158 -0.0962718 0.13029 0.0811979 -2.17541 -0.401706 2.40565 1.5812 -1.821 -2.90557 0.595994 0.385634 0.529575 1.58139 0.942182 -0.658976 -0.449729 -1.97234 0.227122 1.34474 1.34097 -0.567642 -2.50688 -0.492802 0.371154 0.727931 0.672247 1.42782 -0.184711 -0.787206 
5.98759 -0.241891 -0.710658 -0.543581 -0.628088 -0.303481 0.0275033 0.269497 -0.407054 -0.149191 -0.0781617 0.131646 0.0687524 -3.84096 -0.0973897 3.31369 2.41416 -2.4861 -3.75264 0.0227051 0.189538 0.700297 2.11584 1.30535 -1.20944 -0.432083 -3.00735 0.476945 1.88417 1.68281 -0.875354 -2.32241 -1.18711 -0.497566 1.11887 0.959388 1.27193 -0.707028 -0.458218 
5.93219 -0.255947 -0.645184 -0.511159 -0.665789 -0.39173 0.0386163 0.300311 -0.399889 -0.127456 -0.0235643 0.125268 0.0480264 -6.99386 0.249099 4.1859 3.47736 -2.43275 -4.14586 -0.769814 -0.456871 0.490322 2.17391 1.60954 -1.55191 -0.11346 -5.18977 0.830709 1.96654 1.99731 -0.613255 -0.939892 -1.80216 -1.65419 0.524863 0.73555 0.51797 -1.15391 0.489947 
5.82748 -0.248936 -0.58456 -0.407973 -0.70915 -0.52597 0.0381832 0.2884 -0.358462 -0.069283 0.0293138 0.122 0.0142704 -12.9718 1.0807 5.08208 3.92949 -1.2745 -3.65464 -1.13632 -1.46078 0.186745 1.84759 1.68118 -1.47597 0.0646536 -9.73607 1.41218 1.63092 1.37524 1.07881 1.48153 -1.57769 -2.45554 -0.82226 -0.334039 -0.443939 -0.779387 1.24306 
5.70517 -0.23914 -0.448532 -0.358803 -0.764572 -0.636548 -0.0137275 0.25382 -0.263927 0.0108192 0.0807698 0.0485631 -0.0126893 -17.9796 2.17535 5.1676 3.6923 -0.131012 -2.68592 -0.706733 -2.78268 0.258921 1.349 1.13316 -1.13311 0.464543 -12.7496 2.04286 0.395084 -0.225813 3.22639 3.51113 0.238061 -2.79009 -1.70429 -1.64628 -1.52563 0.594343 1.54258 
5.44436 -0.200394 -0.329203 -0.247413 -0.893322 -0.686375 -0.0881966 0.222634 -0.312766 0.0680653 0.0731201 -0.0352959 0.0489913 -21.1547 2.824 5.25622 2.9063 0.73177 -1.52757 -0.0446 -3.67227 -0.143922 0.878711 0.70876 -0.834212 0.708137 -10.6637 2.02133 -0.889006 -2.30095 4.20443 3.90855 2.42653 -2.15974 -1.32015 -2.2705 -1.58417 1.9255 0.65165 
4.91774 -0.168123 -0.237427 -0.0988738 -0.804246 -0.675115 -0.15548 0.0990539 -0.39105 0.0263844 0.101999 -0.0439825 0.118748 -22.625 3.01817 4.95472 2.02009 1.62987 -0.424614 0.19115 -3.95663 -0.145049 0.173627 0.281391 -0.445567 0.733025 -2.62468 0.925717 -1.54577 -3.71016 2.61826 2.50985 3.09379 -0.36753 0.206341 -1.66481 -1.09107 2.00173 -0.604231 
3.9428 -0.0266674 -0.129151 -0.117524 -0.579895 -0.571484 -0.101839 -0.0112621 -0.418388 -0.0202523 0.0924528 0.0189737 0.082728 -22.6109 2.51625 4.65333 1.2334 2.40061 0.470262 -0.0393127 -3.76811 0.439833 -0.336987 -0.402849 -0.235723 0.685386 7.58779 -1.42556 -1.3816 -2.70083 -0.322459 0.151688 0.970675 1.50512 1.94147 -0.373562 -0.526173 0.639901 -1.0724 
3.6731 0.0822421 -0.143903 -0.218993 -0.54272 -0.536471 0.0638505 -0.139023 -0.338278 -0.0308694 -0.0146766 0.0554667 0.142811 -15.9473 1.05315 2.09205 -1.64404 4.53782 1.68713 -1.83508 -2.38096 1.63842 -0.624438 -0.807111 -0.000871629 0.457874 16.1269 -4.00175 -2.32722 -2.70597 -0.0786132 -0.440507 -4.01278 3.56435 3.09904 0.580141 0.153449 -0.910381 -1.14944 
3.53243 0.0815801 -0.0530455 -0.246339 -0.592157 -0.544418 0.102877 -0.130547 -0.427499 -0.0303595 0.0554859 0.0500927 0.10761 -8.1283 0.280252 0.185297 -3.56951 5.45167 1.73791 -3.55307 -1.0962 3.05832 -0.247935 -0.909305 0.033774 0.0746546 19.4973 -4.06973 -3.9561 -2.89004 1.6002 -0.12181 -7.31935 3.87083 3.61865 1.17596 -0.190601 -1.44333 -0.327665 
3.38866 0.0465871 -0.00746683 -0.22974 -0.535349 -0.562809 0.00250509 -0.119739 -0.320793 -0.0703177 0.0700443 0.0507873 0.0750937 -0.783932 0.118228 -1.12627 -4.55741 4.15901 1.61485 -4.9796 0.267042 3.80498 0.669756 -1.4959 -0.231378 -0.0247468 16.8526 -1.5241 -4.5133 -2.86159 1.57799 0.599044 -6.47475 2.80181 2.05851 1.66428 -0.818441 -0.907318 0.450627 
3.17927 -0.0377476 0.0865127 -0.166929 -0.496877 -0.569348 -0.134189 -0.137347 -0.161681 -0.0291512 -0.0253686 -0.00615576 0.0844545 6.30957 -0.213745 -2.14118 -5.0095 2.55703 1.53508 -6.38242 1.55059 4.01642 1.48876 -1.64178 -0.739971 -0.00744303 10.6469 1.93946 -3.29634 -2.17488 -1.0214 0.842142 -2.25578 1.49217 -0.434236 1.70466 -0.822887 0.0145172 0.476318 
4.28429 -0.232253 -0.371314 -0.732539 -0.0588341 -0.365454 -0.568175 0.0677844 -0.000485336 -0.0215001 -0.0219225 -0.0286746 0.0907885 9.66277 -0.0931509 -2.61318 -5.12648 1.53875 1.81438 -6.96055 2.44994 3.79005 1.97019 -1.49161 -0.938152 -0.165065 0.144653 4.03739 0.885811 1.57716 -5.86784 -0.15776 3.49523 -0.265254 -2.47187 1.36396 -0.581973 0.392368 0.232978 
4.34024 -0.0677796 -0.324405 -0.637152 -0.132815 -0.478626 -0.63543 0.0302584 0.0261644 0.0563066 -0.0235349 -0.0245988 0.104691 11.6253 0.265218 -2.92407 -5.31636 0.623008 2.16685 -5.97041 2.56561 3.43875 2.2686 -1.66288 -0.690764 -0.103875 -3.96667 2.10351 2.6639 2.17424 -6.05887 0.187775 5.66167 -0.352662 -2.89881 0.301372 0.326106 0.439649 -0.428688 
4.20636 0.0793478 -0.293738 -0.611584 -0.365566 -0.420322 -0.624908 0.0329704 -0.00857072 0.131418 -0.161149 -0.0130148 0.127889 12.3763 0.516489 -2.79795 -4.92037 -0.584808 2.50975 -3.77221 2.31556 2.04248 2.12991 -1.52714 -0.201395 -0.00989503 -2.78195 -1.0489 2.17594 1.60984 -2.34782 0.387942 5.15044 -0.413039 -1.81882 -1.03872 1.20018 0.612523 -0.606719 
4.49242 0.0664569 -0.325428 -0.754348 -0.422303 -0.35706 -0.669053 0.120106 0.0315291 0.174686 -0.145637 -0.0574465 0.0895946 11.7897 0.584117 -2.66441 -3.57282 -1.61381 2.79744 -1.19138 1.72677 0.722863 1.08082 -1.34018 0.480603 0.0786509 -0.492319 -2.80153 0.271962 1.50281 1.23859 0.738593 3.79261 -0.96616 -1.14702 -2.25442 0.742953 1.12913 0.0386172 
4.6697 0.0614244 -0.347046 -0.811127 -0.461328 -0.317317 -0.658324 0.167215 0.0618899 0.185662 -0.1216 -0.0619051 0.0835995 9.18216 0.236587 -1.85458 -1.35905 -2.28541 2.68579 1.31531 0.955934 -0.2963 -0.143803 -1.51577 0.824705 0.231631 2.29224 -2.73732 -1.95745 1.30358 3.37177 0.884862 2.16333 -1.12912 -1.11702 -3.06303 -0.137697 1.3002 0.688905 
4.84089 0.00675412 -0.342802 -0.875917 -0.452524 -0.279251 -0.612488 0.175617 0.050593 0.204658 -0.121561 -0.0163485 0.0634167 10.2119 -1.16256 -2.50692 -1.16411 -1.05298 3.01709 2.31121 0.956042 -0.938238 -1.37656 -1.34221 1.17745 0.210382 0.623005 -1.03904 -1.76224 2.68115 2.2415 -0.0233179 1.62328 -1.19222 -1.4224 -2.9261 -0.762332 0.894848 0.866773 
5.00577 -0.0380648 -0.396847 -0.859497 -0.441197 -0.207405 -0.528344 0.15225 -0.00190834 0.153626 -0.159231 0.0329104 0.0957668 10.3099 -1.70274 -2.9552 -0.0501223 -0.0091671 2.3522 2.97691 0.518636 -1.15125 -2.41717 -0.964064 1.66309 0.109702 -1.169 0.257864 -0.907415 2.58861 0.606696 -1.00527 0.856267 -0.537087 -0.978204 -1.86303 -0.565106 0.360619 0.167494 
5.21942 -0.0701458 -0.537913 -0.795646 -0.429763 -0.113965 -0.465023 0.124754 -0.00972779 0.0219731 -0.218305 0.0759036 0.132093 8.5597 -1.46863 -2.93141 1.42929 0.167398 1.25162 3.46937 0.263032 -1.48161 -3.10685 -0.826497 2.0154 0.00122461 -2.66267 0.851512 0.609839 1.72418 -0.406119 -2.48077 0.113257 0.369043 -0.222748 -0.285515 0.761267 -0.0639783 -0.899523 
5.43362 -0.0976999 -0.618929 -0.799082 -0.362104 -0.0934118 -0.429575 0.162378 -0.0557384 -0.050298 -0.261764 0.0688879 0.15075 7.05695 -1.33964 -2.47792 2.43601 -0.225528 0.0330236 3.55059 0.413979 -1.55072 -3.2208 -0.508428 1.97158 -0.316835 -4.29932 0.936605 1.8995 1.44513 -1.49994 -3.31691 -0.17199 0.640475 0.545016 0.878761 1.7102 -0.0417271 -1.43575 
5.52525 -0.132461 -0.588549 -0.754814 -0.399959 -0.118562 -0.338636 0.17363 -0.136441 -0.0671815 -0.237885 0.117958 0.115849 5.09378 -1.12361 -1.48546 3.03394 -0.861382 -1.52538 3.52038 0.719163 -1.35116 -2.95929 0.292444 1.65135 -0.874912 -4.66025 0.508967 2.43252 0.882624 -1.66445 -3.33558 -0.352474 0.688681 1.01429 1.29309 1.92897 -0.314858 -1.36033 
5.53263 -0.0983627 -0.650477 -0.649856 -0.439919 -0.164419 -0.279734 0.13762 -0.0965117 -0.127824 -0.238711 0.182744 0.0848793 2.41559 -0.919359 0.126817 3.34793 -1.47696 -3.27441 3.10211 1.11746 -1.24739 -1.93908 1.48296 1.03508 -1.39255 -4.35008 -0.171445 2.95623 0.261504 -1.32898 -2.80329 -0.543054 0.776482 0.432286 1.66716 1.98673 -1.07966 -0.759478 
5.53601 -0.0963433 -0.652311 -0.593634 -0.442567 -0.267672 -0.247272 0.206522 -0.113098 -0.180011 -0.180633 0.186768 0.0489786 -0.847298 -0.624418 1.91827 3.76402 -2.36436 -4.71527 2.58441 1.21011 -1.17113 -0.552054 2.65956 0.0437714 -1.74506 -4.48593 -0.250292 3.07723 0.157933 -1.15914 -1.90904 -0.865219 0.208679 -0.0664536 2.16993 1.79803 -1.96232 -0.150121 
5.57271 -0.150434 -0.59492 -0.528865 -0.533268 -0.338089 -0.200491 0.242627 -0.124041 -0.168023 -0.159768 0.193221 0.0247238 -4.08619 -0.355998 3.42712 3.86102 -2.61196 -5.53385 2.32713 0.438469 -0.781886 0.47472 2.81007 -0.686932 -1.85748 -5.44003 0.350816 2.91391 -0.0569892 -0.223755 -1.17371 -0.962594 -0.964049 -0.226133 2.3866 0.920693 -2.33621 0.214805 
5.50609 -0.176607 -0.500526 -0.503717 -0.57296 -0.467978 -0.12462 0.252931 -0.133718 -0.173555 -0.0726471 0.19236 -0.0440042 -7.74463 0.0466493 3.99327 3.50844 -2.07256 -4.47228 2.32787 -1.04024 -0.934601 1.39481 2.97197 -1.788 -1.97206 -6.83728 1.08926 1.64363 -0.170859 0.758148 1.24084 -0.427644 -2.91397 -0.329579 2.18104 -0.235804 -2.12851 0.238772 
5.32244 -0.170721 -0.389248 -0.416865 -0.606804 -0.600881 -0.145502 0.287136 -0.192449 -0.0974281 0.0369554 0.124969 -0.0405671 -14.6676 -0.40353 4.91209 3.44029 -0.816809 -3.19455 1.70671 -2.15904 -0.81571 2.25889 2.22458 -2.39016 -1.08515 -10.5966 0.656526 0.155071 -0.323511 2.4467 3.76375 -0.124347 -4.08 0.432123 1.11612 -2.06783 -0.993211 0.79742 
5.09055 -0.136394 -0.288508 -0.297099 -0.727489 -0.694054 -0.158795 0.267813 -0.194457 -0.0174564 0.120192 0.00496512 -0.0657177 -21.7325 -1.51183 4.33835 2.64067 0.942561 -0.677122 0.987629 -3.3321 -0.305945 2.07402 1.53679 -2.35564 -0.418884 -14.236 -1.5156 -1.55835 -1.38012 4.48024 6.02311 -0.493908 -3.32976 0.930143 -0.628738 -2.75571 0.620039 1.46376 
4.85068 -0.127505 -0.155742 -0.316088 -0.653405 -0.776948 -0.0804527 0.114999 -0.154575 0.014276 0.00736754 0.00938875 -0.0914747 -24.1159 -2.16796 3.92839 2.07985 2.14808 0.66126 0.987814 -4.00098 -0.155787 1.7359 0.728834 -2.26458 0.0134377 -11.3597 -3.29984 -2.26462 -1.5206 3.92149 5.48979 -0.866143 -0.863171 0.855054 -1.72689 -1.92074 1.38093 1.71471 
4.38585 -0.0738451 -0.194601 -0.304297 -0.59714 -0.498347 0.0358847 -0.111235 -0.268763 0.076019 0.120957 -0.0910613 -0.17123 -22.5523 -3.4604 2.5808 1.19205 3.22579 1.30916 1.27507 -3.5866 -0.505004 1.17862 0.208403 -1.84353 0.465659 0.0727167 -4.151 -2.25205 -1.76262 2.20066 0.975801 -0.580503 2.50635 0.33984 -2.2684 -0.819276 1.76022 1.37488 
3.19324 -0.237637 -0.0383296 -0.16483 -0.429491 -0.514101 -0.1169 -0.103729 -0.153239 0.114702 -0.0405361 -0.0676585 0.0422752 -18.0044 -4.18937 0.944765 0.186349 3.79059 1.55502 1.71636 -2.47882 -0.104347 -0.00824597 -0.252398 -0.197863 0.501608 17.1478 -2.11991 -2.85939 -2.03823 -0.620845 -2.70211 1.13616 4.24821 -0.710432 -2.12907 0.913456 2.00134 -0.486944 
2.56554 -0.471083 -0.196505 -0.331397 -0.26102 -0.245743 -0.159573 -0.141619 -0.109632 -0.0262619 0.024735 -0.0358754 0.007434 -11.7707 -4.21941 -0.725917 0.172569 4.09911 1.84823 1.80414 -0.657569 0.266917 -1.14098 -0.446899 0.881528 0.680088 26.1411 1.3204 -2.51864 -0.223715 -2.43726 -4.47228 1.99176 4.63087 -0.55766 -1.27091 0.828471 1.92306 -1.0997 
2.98991 -0.453747 -0.039773 -0.262362 -0.351447 -0.431768 0.00970618 -0.17151 -0.18208 0.0260497 -0.0120418 -0.0814267 -0.0255385 -5.9664 -3.79158 -1.22265 -0.276105 3.40855 2.26184 1.49415 0.499092 0.459474 -1.67212 -0.349498 1.52195 0.996627 19.2156 3.14809 -2.08782 0.0758832 -1.69551 -0.985245 0.691065 2.75562 0.644088 -0.965246 0.0591552 1.98493 -0.496022 
3.29427 -0.634559 -0.192787 -0.342247 -0.247242 -0.55739 0.0872414 -0.0403375 -0.310492 0.00778835 0.0759058 -0.0740425 -0.00887416 -0.891499 -2.88025 -1.04514 -0.769134 2.59374 1.76052 0.904933 1.10799 1.11074 -1.57986 -0.0278584 2.08116 0.338496 4.34324 4.0544 0.170172 0.441277 -1.17069 3.25738 -1.54286 -0.442158 1.97951 0.124467 -0.237455 0.95894 -0.294992 
3.55402 -0.58201 -0.282356 -0.356505 -0.25435 -0.550366 0.102846 0.0493926 -0.157539 -0.0987398 0.0408306 0.16637 -0.0354319 2.39031 -1.20685 -1.20316 -1.10107 1.49862 2.1962 0.865225 1.17772 0.890601 -1.53607 0.304484 1.39854 -0.153585 -9.42389 2.54811 2.29872 -0.0413263 -0.541242 4.20848 -3.04443 -2.2259 1.42952 1.13693 -0.356087 -1.5852 0.374114 
3.717 -0.515982 -0.375573 -0.180286 -0.196462 -0.392994 0.0974368 0.134121 -0.0974297 -0.161662 -0.00122846 0.102544 -0.00195226 0.420659 0.316942 -0.364218 -0.69875 0.895941 2.02829 0.0691475 1.16463 0.899892 -1.26664 -0.676299 0.592593 0.433605 -13.8411 1.05336 2.7911 -1.43529 -0.725201 1.95269 -2.53379 -2.44704 -0.201396 1.17573 -0.348449 -2.8482 0.183564 
3.49814 -0.530742 -0.204591 -0.379573 -0.192791 -0.194457 0.0753454 -0.0461267 -0.115841 -0.127285 -0.0418443 0.137199 0.0736543 -4.49648 0.640629 -0.481618 -0.55715 0.87234 2.72887 -1.52749 0.284825 1.16776 -1.05774 -1.06982 0.125714 0.8783 -9.25845 0.338161 1.1282 0.143352 -0.990325 -2.22857 -1.42175 -0.804368 -1.3662 0.813365 -0.81996 -2.98564 0.344344 
3.21754 -0.519564 -0.181011 -0.387543 -0.182783 -0.194674 -0.0338554 -0.070535 -0.0313628 -0.0385583 0.114737 0.144426 -0.102974 -6.96508 0.868036 0.3587 -0.0391146 0.543253 2.20047 -2.32493 -0.737152 0.960314 -0.588138 -1.57409 -0.593358 0.716512 -2.02256 -0.62869 -0.825471 1.18688 -0.377606 -3.98698 -0.479798 0.242336 -1.85932 -0.143662 -1.68099 -1.48526 1.04347 
2.94201 -0.494134 -0.222634 -0.379872 -0.205537 -0.163106 -0.0302499 0.0310826 -0.0756761 -0.141063 0.00226827 -0.00670977 0.035358 -4.81641 1.40557 0.956888 -0.101449 -0.0261337 0.64077 -2.18727 -1.5301 -0.238285 0.207142 -1.98038 -0.979449 0.466711 7.37643 0.154647 -0.866884 1.56982 -0.388735 -3.9054 0.156799 -0.603773 -1.12954 0.347362 -1.4028 1.34733 -0.188629 
2.75896 -0.431871 -0.175743 -0.389537 -0.194087 -0.210502 -0.0448951 0.0365733 -0.114451 -0.187278 -0.153819 -0.0457063 0.0899412 3.36889 2.55417 0.158805 -0.856097 -1.38121 -1.42261 -2.045 -1.0636 -0.219185 0.87006 -1.82084 -0.267852 0.0375205 18.0678 1.67907 -1.05306 0.378807 -1.42786 -2.72803 0.655686 -0.580809 -0.130502 1.44211 0.220638 2.49586 -1.35606 
2.69814 -0.488648 -0.251462 -0.302684 -0.201056 -0.252927 -0.173694 -0.0976675 -0.094618 -0.101699 -0.116912 0.004819 0.109786 13.177 3.23171 -1.27394 -0.708204 -2.61541 -2.88397 -1.1632 0.32493 -0.0573937 0.87202 -1.66225 0.242762 -0.283982 24.4344 2.924 -0.918382 -2.11781 -2.91204 -1.58023 1.86293 1.01698 0.597708 1.42815 1.21758 2.3945 -1.81275 
2.81296 -0.538779 -0.221687 -0.287691 -0.149401 -0.329437 -0.18902 -0.0848588 -0.119135 -0.120774 -0.134043 0.00888346 0.024968 20.9549 3.50588 -2.08837 -1.41729 -3.28773 -2.83905 -0.444791 1.00008 -0.293169 0.369829 -1.13971 0.877441 -0.000755806 22.14 2.65748 -2.03013 -2.89304 -3.32809 -0.127206 1.98253 2.86656 0.999449 0.237077 2.27926 1.2371 -0.870124 
3.5426 -0.25649 -0.13643 -0.339259 -0.289221 -0.40465 -0.10185 -0.169905 -0.190671 -0.0532331 -0.249981 0.105476 -0.0052387 25.6796 3.39948 -2.72517 -2.22986 -3.2336 -2.45522 0.00127421 1.58186 -0.44802 0.0947007 0.0294301 1.62236 -0.618641 8.97412 -0.477439 -2.7347 -2.22988 -1.0249 1.64115 1.29841 3.78675 0.296205 -2.04731 2.35973 -0.441645 0.731202 
4.78914 -0.0748923 -0.359448 -0.493769 -0.487254 -0.501166 -0.167474 0.000404831 -0.0474817 0.0315811 -0.146152 0.124262 -0.0159802 26.9101 2.99917 -3.36787 -2.76986 -2.93977 -1.66467 0.732337 2.27211 -0.75624 -0.413257 0.62744 1.67364 -0.824131 -8.63275 -3.24337 -1.14778 -0.363322 2.41016 2.81656 0.814206 1.62565 -1.43558 -3.09116 1.05861 -0.887518 1.02779 
5.29989 -0.148414 -0.420864 -0.522722 -0.587619 -0.535076 -0.0434102 0.112753 -0.0594319 -0.0224255 -0.14056 0.143272 -0.0260448 24.7535 2.49347 -3.49493 -2.96427 -2.39421 -0.714981 1.41985 2.64544 -1.05279 -1.09741 0.671517 1.38417 -0.756048 -17.9661 -3.56614 0.234728 1.15449 4.18614 2.81294 -0.143707 -1.1696 -1.87606 -1.97844 0.0129164 -0.690355 0.424545 
5.46167 -0.138913 -0.491337 -0.573467 -0.549529 -0.442196 -0.0918547 0.154375 -0.12631 -0.156626 -0.0336365 0.141151 0.0246061 19.2478 1.53715 -3.70531 -2.42389 -1.44833 0.220388 1.297 2.20131 -0.993478 -1.31708 0.877649 1.23934 -0.504563 -17.2547 -2.22984 1.38288 1.94353 3.46312 1.40826 -0.0421563 -2.65432 -0.901276 0.16361 -1.26885 -0.212836 -0.613853 
5.53997 -0.150072 -0.548091 -0.637851 -0.469611 -0.419134 -0.0652404 0.21167 -0.214294 -0.218103 -0.06566 0.160666 0.0078512 11.3262 -0.0662981 -3.28458 -1.67713 0.214698 0.936739 0.714021 1.71501 -1.02923 -1.45639 1.08305 0.900273 -0.463875 -10.6933 -0.335237 1.71178 1.91282 1.3775 0.17718 -0.47224 -2.80675 0.705917 1.89565 -1.02769 0.144496 -0.691133 
5.59143 -0.162962 -0.589307 -0.641872 -0.452949 -0.413029 -0.00634409 0.182317 -0.242977 -0.193065 -0.112957 0.180236 -0.0342584 4.216 -0.631846 -2.08566 -0.846146 1.44164 1.37218 0.527599 0.5125 -1.34805 -1.23616 0.664715 0.824844 -0.447033 -4.72368 0.296957 1.23145 1.16238 0.109555 -0.427201 -1.22556 -1.33188 1.69766 1.95956 0.194962 0.0090906 -0.0974247 
5.63585 -0.184347 -0.610676 -0.608895 -0.466183 -0.376478 0.00705083 0.13403 -0.233415 -0.192346 -0.085137 0.190531 -0.0514981 1.24425 -0.455503 -1.45862 -0.430189 1.67213 1.34773 0.0578949 -0.266764 -0.927791 -0.493598 0.527544 0.84312 -0.570661 -2.62676 0.0834518 1.18101 0.418424 -0.125192 -0.422155 -1.05422 -0.159511 1.12159 0.99664 0.540918 -0.100825 0.375056 
5.59381 -0.164149 -0.645595 -0.588603 -0.425416 -0.368522 -0.0215524 0.121832 -0.198983 -0.184467 -0.073586 0.222593 -0.0658132 0.0924454 -0.622455 -0.817721 -0.0432171 1.28821 0.990818 0.154906 -0.756232 -0.273383 0.314989 0.0499253 0.992524 -0.717939 -1.37852 -0.191899 1.06374 -0.15513 -0.28561 -0.100473 -0.443087 0.105676 0.265573 0.180296 0.176882 -0.0982686 0.494054 
5.57021 -0.182143 -0.623567 -0.627228 -0.366788 -0.356539 -0.0793938 0.150153 -0.218194 -0.161224 -0.0415237 0.223396 -0.0563899 -0.626717 -0.658728 -0.341917 0.311043 0.809131 0.997119 -0.0276767 -1.11615 0.319626 0.478759 0.121173 0.904915 -0.444364 -0.493299 -0.335139 0.682745 0.0596387 -0.795627 -0.00284705 0.61311 -0.333995 0.133221 -0.165771 -0.73119 0.0515691 0.20167 
5.55036 -0.18637 -0.636061 -0.626597 -0.35538 -0.339524 -0.0618102 0.136161 -0.224306 -0.16588 -0.0294065 0.222193 -0.0449325 -1.18822 -0.571591 -0.0178506 0.249346 0.687556 0.891759 -0.0443612 -1.18155 0.514351 0.479708 -0.0569737 0.933204 -0.322965 -0.118692 -0.19785 0.412507 0.312902 -0.971734 -0.070302 0.944766 -0.791241 0.405498 0.00342518 -1.17566 0.208483 -0.126574 
5.52872 -0.210364 -0.625165 -0.609051 -0.373492 -0.317571 -0.0405912 0.105602 -0.226931 -0.169473 -0.0337569 0.251317 -0.0765469 -1.63327 -0.494205 0.272797 0.159832 0.590646 0.73239 0.104231 -1.29884 0.617767 0.632446 -0.473755 0.879977 -0.255218 -0.318668 0.208655 0.216962 0.277751 -0.520925 -0.18912 0.498874 -0.735966 0.637591 0.225657 -0.914716 0.0297841 -0.00941575 
5.53016 -0.238154 -0.611362 -0.608926 -0.373199 -0.312402 -0.022271 0.063915 -0.198318 -0.135724 -0.0977609 0.292099 -0.08502 -2.0358 -0.360514 0.484944 0.0611486 0.51699 0.525099 0.0970289 -1.28825 0.714947 0.544091 -0.487094 0.678052 -0.321531 -1.05827 0.699936 0.124831 -0.117786 0.299717 -0.441587 -0.356876 0.00134397 0.436348 0.1261 0.0280097 -0.356785 0.00496547 
5.49367 -0.239796 -0.612168 -0.575224 -0.390995 -0.282028 -0.026329 0.0320661 -0.164793 -0.157503 -0.0834983 0.272704 -0.0578644 -2.64497 -0.0886348 0.581996 0.00382125 0.551993 0.160766 0.00268699 -1.20161 0.997263 0.418239 -0.41009 0.503828 -0.465199 -1.48465 0.757559 0.277173 -0.683361 0.896706 -0.796646 -0.906749 0.780198 0.0763131 0.0133557 0.731617 -0.573332 -0.172826 
5.4432 -0.220215 -0.609368 -0.599172 -0.361883 -0.298729 -0.00174094 0.00349757 -0.164004 -0.12158 -0.118283 0.310173 -0.0955822 -3.47028 0.141359 0.809491 -0.272196 0.695464 -0.0206415 -0.314361 -0.924037 1.09618 0.456912 -0.377024 0.226035 -0.41066 -1.69433 0.511052 0.372975 -0.718951 0.675658 -0.649092 -0.979558 1.09385 -0.0251353 -0.324049 0.963125 -0.804254 -0.0356236 
5.38381 -0.224076 -0.581522 -0.59143 -0.349613 -0.289761 -0.0181673 -0.0248249 -0.138405 -0.090799 -0.131977 0.302709 -0.0822166 -4.57927 0.436996 0.96069 -0.478468 0.629807 0.130846 -0.4817 -1.06746 1.22431 0.136391 -0.325808 -0.211631 -0.120362 -1.88291 0.266617 0.378558 -0.534968 -0.0654391 -0.0305765 -0.469281 0.467095 0.0351917 -0.711303 0.44978 -0.726533 0.162205 
5.28701 -0.198547 -0.572488 -0.622333 -0.301423 -0.316614 -0.0768152 0.0157173 -0.125773 -0.126406 -0.0706459 0.283284 -0.106172 -5.60504 0.72102 0.735766 -0.421244 0.599264 0.0409556 -0.844597 -0.814477 1.07139 -0.484359 -0.107108 -0.537066 0.122181 -1.77249 0.118508 -0.0358355 0.0929056 -0.774302 0.533214 0.0440352 -0.376364 0.0369109 -0.924719 -0.458557 -0.497928 0.699384 
5.20068 -0.192798 -0.548068 -0.640719 -0.284027 -0.350853 -0.0838127 0.0204019 -0.0956192 -0.129143 -0.0588761 0.27332 -0.121285 -5.95534 0.517834 0.763045 -0.41437 0.299313 -0.155241 -1.25811 -1.0654 0.91047 -0.414697 0.17481 -0.380551 0.304055 -1.12178 -0.119191 -0.425842 0.627897 -1.15749 0.60115 -0.130095 -1.07266 -0.201699 -0.683626 -0.36369 -0.00466596 0.966738 
5.07786 -0.187939 -0.51861 -0.66014 -0.294847 -0.315684 -0.0827526 0.00737345 -0.0916135 -0.103234 -0.106261 0.259106 -0.0973803 -8.26322 0.0403897 0.823084 -0.252974 -0.337243 -0.0692229 -1.15926 -1.1273 1.32313 -0.587157 0.136466 -0.395768 0.600857 -2.11003 -0.657719 -0.470564 0.714796 -1.11789 -0.0407306 -0.172806 -0.89121 0.0952383 -0.179716 0.0352671 0.558015 0.599447 
4.90868 -0.167693 -0.495826 -0.65172 -0.343404 -0.243514 -0.0681446 -0.116081 -0.0450262 -0.172716 -0.133054 0.229568 -0.0630096 -12.152 -1.59341 0.722159 1.74936 1.20812 -0.223638 -0.632334 -0.252984 1.41289 0.470396 -0.18051 -1.60581 0.700979 -5.40266 -2.4919 -0.190521 2.29906 1.25396 -0.865655 0.175619 1.10047 0.334239 1.70081 0.217853 -0.589852 0.0653742 
4.79611 -0.135934 -0.568419 -0.614059 -0.308991 -0.307298 -0.145141 -0.0418387 -0.0671879 -0.24499 -0.111657 0.223066 -0.0399497 -14.2426 -3.40028 0.294485 3.58385 2.98593 -0.266402 -0.477321 -0.0889431 1.09904 1.9581 0.0123963 -2.07501 1.01675 -7.56378 -4.33691 0.0270479 3.85064 4.12687 -0.756576 0.81614 1.96304 0.257655 3.62889 0.373961 -1.81252 -0.20295 
4.78002 -0.204392 -0.508436 -0.628055 -0.360585 -0.337768 -0.206834 -0.152568 -0.0650167 -0.133453 -0.0353228 0.285512 -0.0353766 -18.7136 -4.15655 1.1729 3.91328 2.8597 -0.0911362 0.016241 -0.149282 0.644359 1.765 0.250688 -2.32483 1.25148 -9.73594 -3.88236 0.742962 3.57357 4.27676 0.0207514 1.57611 1.85163 -0.474439 2.51455 0.0490065 -2.38958 0.0804178 
4.1487 -0.262464 -0.473507 -0.636334 -0.419337 -0.311522 -0.119809 -0.119622 0.0697968 -0.166193 -0.117607 0.265176 -0.0281778 -20.8771 -4.37364 2.01177 3.63297 2.47923 -0.236467 0.350866 -0.411079 0.291192 1.51014 0.822179 -2.17447 1.27083 -5.67537 -1.20338 1.6789 0.786667 1.26173 0.602184 1.05307 -0.298615 -1.71981 0.0327189 0.712952 -0.915506 0.471067 
3.4803 -0.581695 -0.482582 -0.161443 0.0826677 -0.358128 -0.0668979 0.112222 0.0467331 0.0942345 -0.152311 -0.082248 -0.022779 -21.2025 -4.20545 2.80198 3.11804 1.81118 0.13974 0.690247 -0.552437 0.0171106 1.72618 1.07112 -2.00433 0.980022 1.16958 3.07207 2.45493 -4.29033 -4.98054 1.29505 0.295363 -3.06735 -1.51319 -3.30163 1.14929 2.2532 0.248702 
3.51338 -0.710507 -0.56738 -0.103648 0.236579 -0.356275 -0.155631 -0.00276377 -0.0334853 0.21725 -0.0162303 0.0141866 0.0326271 -19.4031 -3.25417 3.20129 2.22407 0.5477 0.848007 1.35343 -1.32994 -0.367391 1.25999 0.816363 -1.65916 0.930951 6.39604 5.29208 2.07501 -5.84374 -7.59222 1.24754 0.310148 -2.88667 -0.639461 -4.08366 0.203748 2.88986 -0.390861 
2.57169 -0.601376 -0.248615 -0.319339 -0.153121 -0.28483 -0.0320501 -0.104021 -0.0582514 -0.0814302 -0.0526111 0.0211838 0.0710207 -16.0118 -1.9283 2.53846 1.01284 -0.770222 1.10352 1.68131 -1.3226 -0.764569 0.372793 0.601973 -0.716356 1.23181 12.672 3.94442 -1.1023 -3.6061 -4.58824 0.651693 0.106284 -1.10012 0.225426 -1.05608 -0.549551 2.60785 -0.479048 
2.57762 -0.574473 -0.208058 -0.373041 -0.201351 -0.314235 -0.051846 -0.190176 -0.0536853 -0.0822058 0.020485 0.0681559 0.0803664 -10.2279 -0.632 1.92879 0.291154 -2.5228 0.874054 1.75342 -1.75933 -0.830114 0.419718 0.0932577 -0.0847631 1.41757 11.6702 1.4811 -3.35657 0.0954504 -0.970051 -0.126702 0.730883 1.32631 0.819901 1.41201 -2.09802 0.676948 0.0892233 
2.5349 -0.579649 -0.172045 -0.340503 -0.23905 -0.218657 -0.0439907 -0.196425 -0.0284376 0.0148689 0.018918 0.0395793 0.023359 -5.38955 0.824425 1.49978 -0.760516 -4.43488 0.546399 1.63269 -2.53198 -0.809807 -0.371541 -0.632944 0.73608 1.59886 8.54315 -0.573699 -3.67416 2.80612 1.9265 -1.59225 0.431124 1.82182 0.167915 2.10342 -2.31255 -0.852355 1.04461 
2.64185 -0.507108 -0.211606 -0.365878 -0.313263 -0.201597 0.0283913 -0.252094 -0.0984827 -0.0393124 -0.0422182 0.0653778 0.0710143 -2.07887 0.99248 0.511329 -0.230144 -3.97364 0.435044 1.99257 -1.65945 -0.500577 0.430447 -1.28503 0.24131 1.19154 4.69979 -1.10089 -2.1331 2.39722 1.92339 -1.60151 -0.181644 0.908767 0.0355965 1.70174 -1.1647 -0.969006 0.638279 
2.61385 -0.538016 -0.315346 -0.420809 -0.362354 -0.224578 0.0649424 -0.182687 -0.087314 -0.0208689 -0.0361644 0.181866 0.163178 1.86871 0.265921 -1.4191 0.713986 -2.01687 0.380798 1.25918 -1.08949 -0.206415 1.85809 -1.47431 0.169306 1.21198 0.688955 -0.593712 -0.0994834 0.904779 1.2646 -0.360339 -0.781434 -0.236373 0.142921 0.476993 -0.227871 -1.11438 -0.420477 
2.68654 -0.560354 -0.313767 -0.232616 -0.419867 -0.287053 0.130639 -0.190507 -0.012151 0.12927 -0.186291 0.0157053 0.17947 2.06603 0.0760996 -1.94494 0.392091 -1.73738 0.141018 0.820716 -0.544518 -0.109435 1.75056 -1.66631 0.293949 1.2974 0.0210247 -0.246639 -0.140613 -1.45784 1.38316 0.740045 -1.71466 -0.142012 0.140071 -0.266792 1.30414 0.526841 -1.00629 
2.71591 -0.536725 -0.263595 -0.205902 -0.401123 -0.33173 0.0580162 -0.325153 -0.145989 0.0263297 -0.175549 0.0209867 0.223062 2.18945 -0.030351 -2.18429 -0.190942 -1.30778 -0.0111192 0.404557 -0.35572 0.226912 1.35433 -1.3642 0.588139 1.26392 -0.420392 -0.110337 -0.726318 -2.59539 0.838731 1.36403 -1.33767 0.909769 1.01915 -0.275785 1.34285 1.38316 -0.979289 
2.8113 -0.528344 -0.339633 -0.296398 -0.430744 -0.22445 0.156485 -0.255047 -0.0988746 0.147238 -0.128125 0.0653155 0.131974 1.64716 -0.163413 -1.56425 -0.396279 -0.873258 -0.0631566 -0.0245232 -0.372679 0.471948 1.38694 -0.526507 0.4237 0.651322 -0.897318 0.115268 -0.0804573 -1.9074 0.243666 0.0881511 -0.895964 0.667823 0.71109 -1.06892 1.01639 1.1289 -0.134584 
2.76193 -0.577644 -0.433393 -0.29894 -0.377607 -0.179069 0.049932 -0.278773 -0.0387706 0.163132 -0.176478 0.087355 0.208344 1.34159 -0.12435 -1.33168 -0.636247 -0.141735 0.349018 -0.296655 -0.45483 0.190174 0.922609 -0.66742 -0.382953 0.413305 -0.960797 0.14062 0.85012 -0.352747 0.189945 -0.70378 0.255679 0.408796 -0.0969346 -0.992112 0.308859 -0.610676 0.0227203 
2.81362 -0.546657 -0.447207 -0.394657 -0.463346 -0.270457 0.0205754 -0.227452 -0.0584296 0.139162 -0.171745 0.146062 0.220526 0.708034 -0.0393134 -1.17483 -0.93666 0.343769 0.240106 -0.716825 -0.115271 0.24118 0.907065 -0.286356 -0.73512 0.169168 -1.02489 0.0266479 1.50517 1.78981 0.979441 -0.688654 0.507789 -0.342931 -0.500898 0.0505695 -0.489368 -2.97047 -0.278008 
2.84821 -0.545764 -0.475926 -0.411642 -0.443087 -0.208198 0.064054 -0.239659 -0.0043401 0.123102 -0.169371 0.160954 0.216496 1.80682 0.0992568 -1.70934 -0.235515 0.87541 -0.643339 -0.427704 0.286561 -0.307074 0.262011 0.566794 -0.774377 -0.778336 0.55334 0.198438 0.516445 2.34097 1.60777 -1.2316 0.104591 -0.364182 -1.76267 -0.323281 0.414867 -2.52714 -1.22868 
2.80282 -0.538769 -0.373064 -0.367542 -0.455167 -0.276135 0.0799796 -0.295658 -0.0463914 0.160299 -0.0809808 0.105216 0.177007 1.90649 0.215245 -1.27257 0.587726 1.03132 -1.58198 -0.573071 0.315174 -1.23631 -0.46277 1.20759 -1.20357 -1.32826 2.00731 0.250949 -1.05509 1.65338 1.23053 -1.21097 -0.125371 0.660419 -1.7501 -0.669766 1.38326 -0.604378 -2.01218 
2.7953 -0.576194 -0.470734 -0.351241 -0.342181 -0.195777 0.0597319 -0.267177 -0.0950257 0.140145 -0.274186 -0.071176 0.249496 1.24136 0.302045 -0.380719 0.863635 1.41447 -1.17877 -0.357864 0.479758 -1.51175 -0.193471 1.32334 -1.80266 -1.5287 1.11676 0.291003 -0.35388 0.553256 0.277855 -0.857105 -0.419308 0.820128 -1.01806 -0.72094 2.2256 1.3933 -1.58544 
2.78667 -0.543338 -0.424772 -0.294029 -0.34955 -0.295867 -0.0151317 -0.25228 -0.0249274 0.274152 -0.209251 -0.137303 0.177381 0.16914 -0.12077 -0.00425208 1.24388 1.90675 -0.867451 -0.767502 0.374481 -1.09314 0.492204 1.24734 -2.13011 -1.30597 -1.3268 -0.266581 0.905484 -0.703212 -0.321615 0.553863 -0.284027 0.518237 0.15045 -0.117329 0.959105 1.61448 0.199506 
3.1721 -0.503362 -0.626942 -0.247186 -0.262924 -0.429228 0.0600519 -0.244334 -0.2531 0.00285616 0.0531563 0.068833 -0.0152735 -0.747156 -0.325752 0.243848 1.3741 1.78057 -0.767595 -0.662053 0.449374 -1.1933 0.484663 1.06394 -1.74929 -0.754063 -5.12237 -0.975153 2.56001 -0.892095 -0.583189 2.25545 -0.154828 -0.249162 2.05732 1.85612 -1.79437 -0.113867 2.68906 
3.00699 -0.524296 -0.525129 -0.253696 -0.341053 -0.422727 0.0245618 -0.182788 -0.241285 0.0799969 0.0465035 -0.0219697 -0.019055 -1.13278 -0.227672 0.766257 1.09801 1.45762 -0.386164 -0.498457 0.804968 -0.496436 0.493123 0.877204 -1.12576 -0.512606 -4.25234 -0.745051 2.24545 -0.390492 -0.275811 1.90618 0.304276 -0.627988 2.25255 1.70381 -2.50476 -0.480952 2.85753 
2.76933 -0.538962 -0.381695 -0.289358 -0.232197 -0.24411 -0.016745 -0.200838 -0.160552 0.190798 -0.0885251 -0.130596 0.121647 -2.06962 -0.298369 1.64031 0.774907 1.01378 -0.281443 -0.796677 0.509373 0.135387 0.386872 0.88242 -0.302608 -0.243159 -0.935711 -0.160343 0.545298 0.0821238 -0.521894 0.130497 0.231867 -0.360201 1.25687 -0.109271 -1.5187 0.4238 1.05886 
2.71878 -0.607395 -0.403858 -0.258336 -0.221699 -0.328727 -0.0830719 -0.225093 -0.0775903 0.285914 -0.0661219 -0.139212 0.129395 -2.99623 -0.481398 1.87652 0.209869 0.94031 0.448623 -1.04157 0.19254 0.867193 0.423228 0.135459 -0.222614 0.413466 1.50689 0.712974 -0.241626 -0.246187 -0.621276 -0.660042 -0.180601 -0.146486 0.405673 -1.47593 0.223689 1.39157 -0.848536 
2.68236 -0.599108 -0.411298 -0.191045 -0.230162 -0.304771 0.0491445 -0.230782 -0.192414 0.173269 -0.0712994 -0.0921713 0.176724 -3.72973 -0.421808 2.20391 0.0336841 0.57055 0.895043 -1.18457 0.081752 1.25465 0.530207 -0.584641 -0.652975 1.02641 2.29809 0.772246 -0.836447 -0.848717 -0.406097 -0.550784 -0.921116 -0.061856 -0.235289 -1.87574 1.11491 1.23375 -1.49402 
2.73898 -0.537572 -0.297845 -0.220489 -0.246383 -0.32078 0.0164753 -0.14618 -0.0942646 0.20587 -0.0499894 -0.109665 0.0931983 -2.36866 -0.157752 1.12827 -0.307795 0.423431 0.539316 -1.03471 -0.0186529 1.24324 0.13719 -0.0569778 -0.235572 0.404711 0.6492 0.177024 -1.26878 -1.12056 -0.408874 0.280828 -0.795013 -0.289353 -0.272324 -0.497351 0.610713 -0.124336 -0.519398 
2.63059 -0.586462 -0.29399 -0.23958 -0.212331 -0.333181 -0.130781 -0.215609 -0.0804425 0.151389 -0.0826436 -0.0577431 0.118733 -1.21543 0.181076 0.444104 -0.767211 -0.0500297 0.124858 -1.07616 0.177008 0.991116 -0.464949 0.307119 0.316745 -0.345381 0.494968 0.192793 -1.3474 -1.05219 -0.308861 0.683311 0.302125 0.0862251 -0.157374 0.566099 0.0720721 -0.7918 -0.0284216 
2.59949 -0.579688 -0.311597 -0.288449 -0.200261 -0.291555 -0.144829 -0.236507 -0.00316678 0.210005 -0.0295967 -0.0637824 0.110348 -0.767973 0.339214 0.123813 -1.15594 -0.0756157 0.37328 -1.07226 0.195234 0.727327 -0.703119 0.0953578 0.146329 -0.352814 1.05413 0.0643582 -1.31577 -0.426276 -0.392945 -0.117816 0.83506 0.342993 -0.492366 0.383612 -0.374481 -0.50241 -0.0378134 
2.60961 -0.560976 -0.30647 -0.247052 -0.229642 -0.261297 -0.0769173 -0.19595 -0.153912 0.077617 -0.0429025 -0.106864 0.154783 -0.349588 0.338826 -0.141612 -0.975594 0.0356982 0.0849234 -1.28505 0.365576 0.587897 -0.601466 0.251181 0.0552188 -0.468858 1.26732 0.164173 -0.567072 0.276709 -0.00585788 -0.698429 0.617245 0.443586 -0.347306 0.0316866 -0.316037 0.309659 -0.29775 
2.6072 -0.564239 -0.374939 -0.335185 -0.252288 -0.286491 -0.113125 -0.189204 -0.00066074 0.242605 -0.0173844 -0.144983 0.0812918 -0.0635672 0.296843 -0.505301 -0.458596 0.0923203 -0.0776241 -0.773958 0.412599 -0.0968526 -0.851468 0.318094 0.126123 -0.291774 1.08275 0.189928 0.535599 1.30971 0.435181 -0.874789 0.166508 0.464745 -0.940002 -0.99328 -0.0403906 0.717096 -0.0908105 
2.6204 -0.534598 -0.341335 -0.378531 -0.233553 -0.273616 -0.159889 -0.178337 -0.0124961 0.153835 -0.0675951 -0.0512054 0.0780618 0.518806 0.487798 -0.370231 -0.0213295 0.046999 -0.29023 -0.231211 0.782069 -0.376881 -0.839536 0.423357 0.0834102 -0.428504 0.341305 -0.0858796 0.633973 1.83006 0.503888 -0.715383 0.131391 0.159883 -1.08172 -0.815628 0.510921 0.318475 0.173004 
2.64439 -0.564013 -0.383711 -0.347491 -0.23078 -0.293889 -0.143028 -0.199021 -0.0591312 0.124786 -0.0712984 -0.103415 0.112128 0.629163 0.421099 -0.170934 0.358527 0.134874 -0.550866 -0.262406 0.788431 -0.575673 -0.968484 0.31846 0.256665 -0.417275 -0.13649 0.0297964 0.641261 1.21919 0.223498 -0.138337 0.340413 0.133433 -0.519625 -0.0983863 0.660484 0.0812879 0.0728385 
2.66908 -0.524366 -0.342795 -0.258532 -0.209322 -0.334757 -0.145862 -0.130219 -0.106389 0.0743432 -0.00309979 -0.0660229 0.072911 0.545533 0.326174 -0.0108693 0.512992 0.280094 -0.601792 -0.348764 0.604914 -0.36214 -0.727306 0.399254 0.408004 -0.40215 -0.435303 -0.15758 0.181845 -0.0248508 -0.191542 0.384573 0.381359 -0.271771 0.137685 0.563864 -0.00805037 -0.31482 0.209293 
