2.40479 -0.572157 -0.214954 -0.296723 -0.218762 -0.218377 -0.169999 -0.1132 -0.0698028 -0.110272 -0.0415075 0.0203571 0.038316 0.461042 0.178766 0.0874039 0.126317 -0.125232 -0.0658926 -0.328792 -0.347562 -0.261799 0.33799 -0.115321 -0.40361 -0.0993894 0.332678 0.141657 -0.104951 -0.120734 -0.0163803 -0.183938 -0.33218 -0.0890565 -0.0396809 -0.0828811 -0.217385 -0.408586 -0.0416265 
2.43485 -0.56107 -0.17741 -0.247797 -0.2453 -0.202501 -0.17996 -0.158905 -0.102222 -0.0243121 -0.0240688 0.0163375 0.0307853 0.341642 0.0538951 -0.0666414 0.0372695 0.120824 0.0792124 -0.343273 -0.163469 -0.256044 0.406406 -0.119973 -0.370185 -0.100242 -0.119315 -0.151364 -0.577019 -0.498456 0.529834 -0.0415948 -0.348127 0.568621 0.269958 -0.579494 -0.406482 -0.235271 0.174501 
2.43648 -0.557777 -0.193503 -0.287062 -0.236221 -0.217099 -0.153747 -0.16878 -0.120035 -0.0863169 -0.027031 -0.000433696 0.00278601 0.160975 0.0695232 -0.031445 0.127865 0.318917 0.12107 -0.18745 -0.314926 -0.609898 -0.0222464 -0.170945 -0.349044 -0.093038 -0.553969 -0.295369 -0.454062 -0.164353 0.808539 0.273591 -0.101591 0.541663 -0.0463529 -0.65108 -0.32924 0.132266 0.342348 
2.45841 -0.539455 -0.198138 -0.289481 -0.260061 -0.255764 -0.206937 -0.138803 -0.0600152 -0.0773868 -0.0419015 -0.0255086 0.0228956 0.13437 0.0221755 -0.187878 0.0840024 0.478559 0.306488 0.0068147 -0.152667 -0.387868 0.0620981 0.0466394 -0.301639 -0.212734 -0.677467 -0.334146 -0.21165 0.127977 0.788159 0.671782 0.634203 0.193254 -0.331029 -0.321989 0.24772 0.474002 -0.00765695 
2.45648 -0.561953 -0.225825 -0.287637 -0.203731 -0.211419 -0.230131 -0.141672 -0.109372 -0.0839068 -0.0816403 -0.0347456 0.0446816 0.00400734 0.0534131 -0.208865 0.00568792 0.356459 0.137937 -0.0805823 -0.108124 -0.0664862 0.181337 0.0640691 -0.320456 -0.259958 -0.38941 0.0332595 0.244907 0.258748 -0.126711 0.170426 0.75418 -0.209492 0.168719 0.311378 0.711867 0.391684 -0.405807 
2.41671 -0.586282 -0.23723 -0.300256 -0.174815 -0.185419 -0.196314 -0.106017 -0.0964724 -0.0508766 -0.0448234 -0.00273135 0.025074 -0.212928 0.00120807 -0.259841 0.0291653 0.318644 0.212632 0.286547 0.147824 0.0819823 0.142585 0.0854854 -0.27037 -0.282604 0.121703 0.333124 0.427137 0.311171 -0.89848 -0.265665 0.539955 -0.328797 0.52428 0.698825 0.519162 -0.0547013 -0.446162 
2.40437 -0.554688 -0.195489 -0.256229 -0.175818 -0.202992 -0.160316 -0.188108 -0.193042 -0.160295 -0.0572322 -0.0115747 0.0237776 -0.132958 -0.142581 -0.199646 0.19144 -0.0488422 0.352803 0.281771 0.216716 0.341205 0.305559 0.182448 -0.118887 -0.129282 0.413283 0.0551621 0.04072 -0.104073 -1.1969 -0.350226 -0.0508104 0.35175 1.21178 0.783152 0.108209 -0.21359 -0.0726868 
2.44278 -0.566065 -0.23853 -0.27972 -0.174695 -0.163255 -0.148285 -0.128406 -0.0798811 -0.0445512 0.00597545 -0.0129915 -0.011582 0.470314 -0.485985 0.17147 0.507939 -0.503439 0.679607 0.22899 0.0733029 0.551026 -0.380374 0.407028 -0.216691 -0.152914 0.848503 -0.478401 0.298843 0.248006 -1.13829 0.0342763 -0.66184 0.318152 0.742863 -0.754557 -0.360984 -0.301634 0.533536 
2.42633 -0.544896 -0.210563 -0.284082 -0.234114 -0.237967 -0.213272 -0.161637 -0.0575626 -0.0193974 -0.0321923 -0.0378841 -0.00593839 9.17301 -0.859652 -1.3213 0.909623 -2.04147 0.850915 -0.143857 -0.873637 0.878368 -0.646113 -0.228507 0.0259875 0.967454 9.44495 -1.24331 -1.3859 0.777069 -1.51106 1.10378 -0.753981 -0.7365 0.079227 -1.79319 -0.884289 0.237961 1.7108 
2.41007 -0.558941 -0.216963 -0.255473 -0.216881 -0.182053 -0.110459 -0.120895 -0.097731 -0.0361762 -0.0288669 -0.0352186 -0.0108576 17.0143 -0.832622 -2.34415 1.08902 -3.35292 0.588432 -0.320053 -1.13028 0.786439 -0.726656 -0.785034 0.221255 1.43472 18.9202 -0.97242 -2.79187 0.867891 -2.56479 0.648516 -0.862802 -1.65582 -0.261958 -1.53611 -1.1862 0.738295 2.00752 
2.44805 -0.592391 -0.236602 -0.27162 -0.265655 -0.176448 -0.176099 -0.112451 -0.0364999 -0.0746712 -0.0286185 -0.0187386 0.0302545 22.3037 -0.415514 -2.42975 1.61408 -3.83587 -0.0835936 0.172282 0.38368 0.535911 -1.02677 -0.8588 0.745552 1.06219 21.6315 0.507733 -2.4597 1.16544 -2.43028 -0.845255 0.471213 -0.192313 -1.06652 -0.680743 -0.993567 1.09943 0.654473 
2.58013 -0.654241 -0.153553 -0.189938 -0.303871 -0.105029 -0.219902 -0.141571 -0.0101536 -0.221982 0.00585105 -0.0688657 0.0208823 25.7376 1.29998 -1.71578 3.64746 -4.08481 -1.64941 -0.510148 0.751558 -0.496172 -1.5927 -0.342932 0.9392 0.834423 13.3139 3.25678 -0.318033 2.20918 -1.06778 -3.3781 0.593201 2.21844 -1.52299 0.95308 0.39018 1.11881 -1.21952 
4.6135 -0.708825 -0.603744 -0.141337 -0.561841 -0.0675547 -0.249969 -0.373122 -0.0283281 -0.162012 -0.182369 0.0304907 0.286269 27.0264 3.19494 -1.67466 5.04121 -4.10792 -2.48428 -1.5981 1.40101 -0.85901 -1.67332 0.201688 0.898844 0.580935 -7.73 5.61549 3.78612 3.3494 1.44481 -4.51245 -0.834589 4.22904 -1.55927 0.647932 2.35429 -0.0705921 -3.15228 
4.93933 -0.622872 -0.553056 -0.162176 -0.651054 -0.184382 -0.182572 -0.255541 -0.0635279 -0.128719 -0.14806 0.0441842 0.161605 25.1231 4.86059 -1.24984 5.44506 -3.60437 -3.13813 -3.05304 1.25555 -0.619141 -1.17442 0.435506 0.331924 0.42388 -18.7071 5.33191 4.03634 3.14286 2.98487 -2.48838 -3.18744 2.22001 -0.399701 0.264973 2.45738 -1.39008 -1.84899 
4.97179 -0.510171 -0.386295 -0.0286221 -0.591905 -0.312507 -0.0458209 0.114074 -0.107841 -0.236104 -0.0899964 0.106156 0.00539606 20.1482 6.03756 -0.781069 5.29822 -2.61419 -3.0608 -3.76704 1.15288 -0.531595 -0.364724 0.414367 -0.330331 0.480577 -18.7837 2.63557 1.35936 0.261978 2.57774 1.05164 -4.82562 -2.27617 1.31949 0.868124 0.68866 -2.46522 1.03725 
5.16209 -0.206039 -0.275845 0.361331 -0.636421 -0.545762 -0.346886 -0.0148096 -0.18536 -0.212091 0.0616298 0.0617697 0.0382878 12.5306 6.53773 -0.204436 4.12359 -1.24603 -2.67169 -4.31976 1.00304 0.0297805 0.229668 0.514855 -0.77858 0.47159 -12.6436 -1.60938 -1.37564 -4.35021 2.06285 4.41065 -2.26309 -3.84704 2.53765 1.06179 -1.66465 -2.07127 2.42082 
5.26725 -0.0597894 -0.410344 0.385179 -0.696518 -0.498388 -0.509947 0.0242821 -0.15758 -0.248389 0.0195239 0.023376 0.0796849 2.84353 6.1366 0.956576 2.50998 0.665885 -2.14948 -4.10256 0.664958 0.842948 0.0609103 0.859532 -1.3589 0.351769 -4.92155 -4.10863 -2.00995 -6.42632 1.87296 3.94163 1.66334 -3.51297 2.30714 1.17633 -2.23042 -0.549989 2.26739 
5.1959 -0.0170086 -0.392333 0.30938 -0.621036 -0.443525 -0.610878 -0.0947378 -0.0542252 -0.185916 -0.00707991 -0.0680575 0.119555 0.828312 4.67505 0.14756 0.943469 1.32494 -1.23418 -3.39125 -0.487546 1.20206 0.392738 0.22996 -1.50347 1.45792 -2.84822 -4.19313 -0.563182 -5.23952 1.5616 1.20426 4.8177 -0.329586 0.647004 0.295239 -1.03092 0.915316 0.442164 
5.1407 0.0103482 -0.418787 0.284311 -0.61765 -0.382013 -0.653558 -0.118239 -0.0412612 -0.12887 -0.0686977 -0.102767 0.210516 0.0892639 2.66515 -0.273994 -1.11308 1.29675 -0.249763 -2.16882 -1.20803 1.45505 0.677006 -0.174303 -1.43256 1.77234 -0.764759 -3.24213 0.930656 -2.32137 0.840509 -1.14741 5.29008 1.92185 -0.75038 -0.747038 0.528074 1.56823 -1.10595 
5.11523 0.0252849 -0.417729 0.182495 -0.562378 -0.361065 -0.666964 -0.139927 0.0147747 -0.157751 -0.0485593 -0.0867519 0.198048 -1.30975 0.586252 -0.082657 -2.74857 1.72034 0.134442 -0.0269463 -0.356427 1.57972 0.340331 -0.490723 -0.871093 1.34606 0.408091 -2.0397 1.27858 0.632521 -0.408823 -1.9233 3.12879 1.98753 -1.46041 -0.80734 1.03282 1.13538 -1.2145 
5.09955 0.0316888 -0.420727 0.0841761 -0.45285 -0.463218 -0.542447 -0.157454 0.0576085 -0.185171 -0.0355839 -0.0741153 0.224003 -3.69706 -0.624152 1.00921 -3.04801 2.0917 0.354023 1.44918 -0.252034 1.03527 -0.0928688 0.131934 -0.472579 0.764978 -1.7904 -1.63199 1.2694 1.14014 -0.989218 0.282843 0.85472 1.28147 -1.22765 -0.845503 0.789346 0.397628 -1.19174 
5.10566 0.00629804 -0.417289 0.103728 -0.480849 -0.501336 -0.461973 -0.0755927 -0.0162461 -0.125784 -0.0542298 -0.0906844 0.249542 -5.71329 -1.35832 1.20661 -3.16066 2.63704 0.654269 2.54401 0.297048 0.0342678 -0.554625 0.506188 0.132347 -0.716177 -5.35455 -1.26158 1.10321 0.0894269 0.507813 2.1872 -0.214382 -0.347172 -0.707908 -0.798302 0.577404 0.128992 -1.87749 
5.14045 -0.0594482 -0.33717 0.0685334 -0.520894 -0.446468 -0.47144 -0.04018 0.00424116 -0.170233 -0.00875367 -0.0842237 0.198257 -6.1932 -1.90429 1.54365 -3.5836 2.63821 0.604276 3.01719 0.369584 -0.802984 -0.669169 0.681807 0.543438 -1.43425 -5.81296 -0.635349 0.276391 -1.18815 1.48499 2.13186 0.115694 -1.08775 -1.17246 -0.242669 0.0429032 0.420721 -1.74918 
4.98516 -0.0767205 -0.338427 0.0645339 -0.449347 -0.501885 -0.484733 -0.0553387 0.0444985 -0.201617 -0.0245462 -0.0711531 0.217509 -3.74149 -1.93663 1.26916 -2.66979 1.39293 0.268443 2.27486 0.937848 -1.09594 -0.34958 0.872588 0.563144 -1.4063 0.634905 0.0733095 -0.63336 -0.950292 0.0903491 0.385156 -0.0325527 -0.218142 -1.2126 0.493821 0.142872 0.595696 -1.11971 
4.50355 -0.131399 -0.23939 -0.0656076 -0.37112 -0.298817 -0.384567 -0.123389 0.012199 -0.247141 0.0370527 -0.100735 0.19072 0.757118 -1.64932 0.425905 -1.89669 -0.639893 -0.17139 1.1257 1.8117 -0.871584 0.324869 1.32667 0.863687 -1.32606 11.8581 0.94198 -2.11671 1.16798 -3.43403 -2.98305 -1.29717 1.89873 -0.236896 1.65032 0.316001 0.777447 0.545675 
4.30025 -0.176493 -0.285768 -0.155455 -0.186177 -0.276132 -0.285487 -0.0882263 -0.0872735 -0.21767 0.0214402 -0.0417663 -0.0479362 5.13191 -1.27396 -0.571762 -1.29501 -2.24415 -1.12752 0.330326 2.74745 -0.351569 0.787387 1.65456 1.10556 -1.1801 18.2942 1.3667 -2.61849 3.33431 -6.9072 -4.3116 -2.8449 3.53165 1.36114 2.02422 0.812865 0.326973 2.46416 
4.53175 -0.212094 -0.242229 -0.273435 -0.288988 -0.376707 -0.25862 -0.0867149 -0.157952 -0.20128 0.00551517 0.007781 0.0610905 8.83425 -1.05568 -1.41804 -0.544061 -3.47857 -1.56743 0.12838 3.58993 -0.450093 1.30602 1.51306 0.921459 -0.892946 14.4475 0.991442 -2.3419 3.75084 -5.92713 -2.47074 -2.65434 3.42685 2.10741 1.30422 0.822294 -0.364991 1.69009 
5.16763 -0.166652 -0.324518 -0.0536163 -0.521823 -0.508352 -0.421082 0.0685996 -0.0640145 -0.167894 0.0894769 -0.0277192 0.119279 12.1778 -0.992179 -1.85586 0.169475 -4.68446 -1.63313 -0.032097 4.35877 -0.512956 1.61953 1.4058 0.627309 -0.777219 2.63724 -0.0643914 -0.884888 1.33269 -1.50155 0.735618 -0.163862 1.26792 0.756908 0.145315 -0.267588 -0.781242 0.122464 
5.71793 -0.149663 -0.444463 -0.0460063 -0.763839 -0.592122 -0.447912 0.218817 -0.0104216 -0.0528339 0.169672 0.0412335 0.12513 14.1779 -0.840845 -2.19626 0.848059 -5.2171 -1.81986 -0.341137 4.77615 -0.261008 1.60052 1.035 0.338812 -0.460685 -8.00694 -0.888224 0.99886 -0.849497 3.0413 3.44909 1.89185 -1.16933 -1.00086 -1.22747 -1.35029 -1.29546 -1.17665 
5.85724 -0.179391 -0.486003 -0.0230871 -0.843974 -0.651268 -0.46035 0.345884 0.00365299 -0.0453127 0.176463 0.0427658 0.0908837 12.8789 -0.796379 -1.88762 0.966235 -5.07609 -0.979087 -0.225273 4.46395 -0.0158973 1.16195 0.853319 -0.154703 -0.160521 -10.5194 -0.75758 1.68466 -1.82855 4.64783 3.57202 2.33403 -2.4504 -1.65468 -1.54212 -1.62925 -1.00132 -1.36232 
5.87092 -0.239692 -0.468772 -0.0370265 -0.814297 -0.521581 -0.392062 0.346077 -0.0721524 -0.0705524 0.135434 -0.0137943 0.0609805 9.22071 -0.918832 -1.46356 0.52314 -3.53537 0.0848486 0.452987 3.7859 -0.267274 0.704023 0.624048 -0.477775 -0.907977 -7.0972 -0.0126422 1.53843 -1.56079 3.05828 1.42373 1.17271 -2.19039 -0.783341 -1.1505 -0.745559 -0.329792 -0.286684 
5.92905 -0.257703 -0.479678 -0.0375747 -0.840469 -0.501672 -0.352382 0.388817 -0.102823 -0.052465 0.134566 -0.0301609 0.0350887 4.94205 -1.14428 -0.556033 -0.462242 -1.9643 0.818719 1.25603 2.55036 -0.950278 0.404229 0.119793 -0.598133 -1.09705 -2.90383 0.53166 0.953073 -0.487646 1.03162 -0.397624 -0.182139 -1.38559 0.198767 -0.373975 0.210763 0.0829836 0.358619 
5.98443 -0.263718 -0.489379 -0.0678401 -0.841483 -0.47646 -0.343142 0.427149 -0.101208 -0.066924 0.124253 -0.0315701 0.0204336 2.18097 -1.08336 0.306292 -0.37967 -0.977039 0.973485 1.26189 1.29954 -1.25061 0.263235 -0.127611 -0.897716 -0.852231 -1.15746 0.489724 0.740188 0.185888 -0.193768 -1.29036 -0.602738 -1.18524 0.261153 0.597632 0.552982 0.26254 0.668192 
6.0115 -0.268836 -0.488655 -0.0783588 -0.868891 -0.467065 -0.326726 0.45044 -0.0989693 -0.0812351 0.131732 -0.035951 0.000558821 1.07329 -0.787396 0.842448 -0.147523 -0.950449 0.847306 0.941723 0.101958 -1.36818 0.706679 0.0457285 -0.890812 -0.378522 -1.55433 0.242186 0.950915 0.869781 -0.347757 -1.01896 -0.775044 -1.68304 -0.247706 1.15442 0.29927 -0.0457035 0.887609 
6.05283 -0.288558 -0.46414 -0.109555 -0.874583 -0.481691 -0.295517 0.45848 -0.126543 -0.0814356 0.16302 -0.0508554 -0.0105667 0.340397 -0.50365 1.25638 0.242831 -1.23357 0.218774 0.346377 -0.689898 -1.26939 1.2041 0.409313 -0.730518 0.0194242 -2.09464 0.168009 1.04847 1.27108 -0.287661 -0.190499 -0.868269 -2.21755 -0.577659 1.31885 0.0530211 -0.231739 0.9336 
6.04646 -0.297822 -0.442291 -0.0861762 -0.910585 -0.489878 -0.300414 0.453895 -0.155918 -0.0283318 0.149575 -0.0643833 0.00208765 -0.419546 -0.381247 1.70338 0.510807 -1.31075 -0.162401 -0.0401412 -1.36984 -1.36169 1.50416 0.681293 -0.688255 0.289287 -1.75667 0.26698 0.838037 0.944405 -0.22337 -0.0953628 -0.838199 -1.82555 -0.382595 0.867913 0.351283 -0.0481375 0.614974 
6.00969 -0.304464 -0.400746 -0.047147 -0.920892 -0.49839 -0.307079 0.391086 -0.177163 0.0128733 0.144851 -0.0828555 0.023075 -0.996637 -0.215167 1.88065 0.702085 -1.42779 -0.481501 -0.187136 -1.84119 -1.39187 1.87382 0.79496 -0.614153 0.493213 -0.854595 0.376208 0.27556 0.0931154 -0.154101 -0.304599 -0.506577 -0.648117 0.0841887 0.196713 0.519317 0.285654 0.143291 
5.94569 -0.301392 -0.351414 -0.0176482 -0.958307 -0.461424 -0.326547 0.297245 -0.226753 0.0603491 0.163636 -0.106209 0.0489329 -1.29613 -0.025553 1.6604 0.68337 -1.3112 -0.584145 -0.260992 -1.81734 -1.24726 1.86133 0.77769 -0.466205 0.595313 0.192183 0.381736 -0.57982 -0.663684 0.125609 -0.664159 0.108888 0.892862 0.635202 -0.509599 0.331087 0.547057 -0.282134 
5.92217 -0.305219 -0.306784 0.000344085 -0.984183 -0.480405 -0.349454 0.259449 -0.244338 0.0927366 0.2012 -0.106637 0.0537505 -1.61078 0.371681 0.859237 0.474642 -0.811269 -0.536299 -0.0446998 -1.37434 -0.823184 1.35955 0.420141 -0.228102 0.552857 0.52713 0.536514 -1.69135 -1.07188 0.808636 -0.425868 0.82663 1.86962 0.966263 -1.13439 -0.473767 0.568386 -0.381448 
5.91455 -0.301635 -0.275248 -0.00696835 -1.00485 -0.537959 -0.354883 0.265579 -0.25935 0.10946 0.235769 -0.102796 0.0498252 -1.50366 0.773674 -0.153999 -0.710936 0.375957 -0.320339 0.309774 -0.27839 -0.0416012 0.22095 -0.0606662 -0.0143071 0.318033 0.307438 0.761159 -2.57895 -1.64927 2.00592 0.475216 1.10773 2.36696 1.40897 -1.91077 -1.50165 0.415668 -0.331751 
5.8985 -0.283688 -0.280668 -0.017943 -1.02973 -0.551421 -0.335307 0.244175 -0.252283 0.149252 0.222359 -0.0966276 0.0629173 -0.840517 1.08004 -1.31946 -2.44276 1.56203 0.570393 0.42843 1.02593 0.773546 -0.68615 -0.839836 0.024969 0.213272 0.447878 0.782237 -2.74927 -2.80223 3.0963 1.79065 0.687169 2.47721 1.67088 -2.43689 -2.04929 0.0399716 -0.209498 
5.89105 -0.276782 -0.318171 -0.0277018 -1.01737 -0.541259 -0.324303 0.2839 -0.24797 0.122219 0.224466 -0.0930217 0.0627365 -0.0919704 1.20302 -2.28869 -4.05204 3.19052 1.39841 0.345689 1.77879 1.80645 -1.71987 -1.67316 -0.0722058 0.370862 1.00943 0.491836 -2.01343 -3.82182 3.61083 2.63257 -0.233944 1.63382 1.8744 -2.25731 -2.01138 -0.388512 0.191992 
5.83007 -0.221745 -0.421502 -0.0520219 -0.931254 -0.531581 -0.267577 0.323762 -0.21759 0.0650713 0.1551 -0.0803694 0.0620168 0.510466 1.286 -3.13659 -5.26672 4.32149 2.67878 0.33168 1.82798 2.31103 -2.32169 -2.38533 -0.28499 0.682814 1.85752 -0.155483 -0.780449 -3.61951 2.70608 2.8321 -1.06115 0.131551 1.42144 -1.18767 -1.17897 -0.693267 0.683153 
5.8385 -0.18413 -0.488375 -0.250656 -0.767904 -0.487399 -0.257255 0.445282 -0.123403 -0.0573068 0.0910173 -0.0789207 0.0431961 0.538471 1.44813 -3.6994 -5.79278 4.79597 4.02793 -0.0794016 1.30731 2.46516 -2.25667 -2.81537 -0.721788 1.0476 1.3166 -0.40455 0.0475144 -1.20279 0.475072 2.38274 -1.32798 -1.97366 0.134777 0.714897 -0.18684 -0.918946 1.12327 
5.93188 -0.170351 -0.5598 -0.451715 -0.69652 -0.309898 -0.300523 0.499805 -0.0775077 -0.0597791 0.0152319 -0.112657 0.0733347 -0.151142 1.62448 -3.72713 -5.45477 4.29844 4.88338 -0.904109 0.395384 2.52887 -1.63262 -2.64908 -1.28405 1.03708 -1.0222 -0.0512213 0.494745 2.12416 -2.00472 1.11913 -1.23605 -3.35357 -0.85629 2.21123 0.838112 -0.973348 0.686051 
5.97055 -0.176026 -0.592053 -0.561249 -0.519515 -0.26994 -0.342569 0.451929 0.0230895 -0.150802 -0.025986 -0.135748 0.1305 -2.00341 1.74866 -2.76135 -4.42717 3.07875 5.03087 -1.6478 -1.31553 2.00647 0.0486566 -1.77723 -1.776 0.697274 -4.2456 0.540952 1.22075 4.41008 -4.21353 -0.0615358 -1.11351 -3.58853 -1.82833 3.79154 1.93277 -0.943865 -0.632739 
6.00424 -0.157756 -0.671211 -0.628001 -0.496783 -0.145951 -0.309923 0.408523 0.003059 -0.143091 -0.0618913 -0.148681 0.163624 -4.18116 1.88902 -1.54399 -2.87932 1.62523 4.60317 -2.01237 -3.04158 0.868876 1.80551 -0.514892 -2.02778 0.343859 -6.66945 0.935497 2.28945 4.76011 -4.24878 -1.60753 -0.881824 -3.15709 -2.12028 4.15751 2.69757 -0.627176 -1.73719 
5.90466 -0.0972774 -0.735677 -0.630923 -0.51318 -0.0261589 -0.376402 0.341121 -0.00511649 -0.0677262 -0.0946918 -0.214768 0.199483 -6.326 1.9396 -0.10426 -1.27726 0.13279 3.70959 -1.60431 -4.79989 -0.0568092 2.9012 0.539269 -1.56505 -0.263763 -6.0878 0.485022 3.43413 2.90048 -2.74193 -2.6627 0.334916 -2.39462 -1.83243 2.68899 2.79597 0.593022 -2.2348 
5.73041 -0.0462162 -0.748547 -0.56358 -0.612603 0.0359197 -0.479759 0.256064 0.0508472 0.0110105 -0.0627965 -0.277968 0.146998 -7.55299 1.92822 1.30903 -0.47446 -1.03135 2.63651 -1.142 -5.48573 -0.625552 3.30648 1.46448 -0.81367 -1.01054 -2.46151 -0.307887 3.54186 0.136866 -0.769683 -2.53886 1.71236 -1.21795 -1.38857 0.373833 1.85803 1.98076 -1.51131 
5.41377 -0.0178395 -0.611722 -0.516621 -0.663971 0.0192254 -0.515194 0.0806919 -0.0269656 0.200967 0.0557172 -0.311893 0.0726032 -7.56588 1.88925 2.18946 -0.284182 -2.16299 2.30816 -1.0085 -4.85862 -1.4972 3.16968 2.23453 -0.204579 -1.32023 2.55631 -0.81705 1.89964 -1.79262 0.316513 -1.24229 1.90784 1.13162 -0.535606 -2.60085 0.433137 2.5681 -0.0825778 
5.22053 0.0440369 -0.584709 -0.499026 -0.646437 0.00538926 -0.479139 -0.0136181 -0.129826 0.266581 0.109043 -0.310174 0.0718488 -6.07102 1.23904 3.18329 -0.934078 -2.07398 1.62198 -0.573138 -4.30607 -1.37653 1.97168 2.85747 0.378533 -1.37608 6.37627 -1.36399 0.411367 -2.66344 0.26224 0.298606 1.11782 2.8537 0.447826 -3.98871 -0.249376 1.8834 0.834318 
5.13736 0.0330003 -0.46659 -0.572906 -0.671085 0.0134822 -0.395599 -0.145889 -0.0852865 0.208814 0.114851 -0.201651 0.0114749 -3.32267 0.289117 3.59517 -1.838 -1.55238 1.10321 0.236132 -3.38812 -1.16653 0.620705 2.93416 0.831468 -1.15521 7.46528 -1.58611 -0.837939 -2.00548 0.411181 0.778959 -0.0720551 3.51803 0.804385 -3.35037 -0.267777 -0.00638555 1.40426 
5.1831 0.0341776 -0.400879 -0.654651 -0.728153 0.0496465 -0.426946 -0.147086 -0.0807093 0.22512 0.152656 -0.161619 -0.012424 0.196012 -0.351324 2.24724 -2.27743 -0.569172 1.02482 0.519534 -1.62689 -0.7375 -0.42653 1.78804 0.904114 -0.317727 6.44086 -1.53711 -2.2326 -0.38225 1.25863 0.170129 -0.385003 3.03033 1.1832 -1.81936 -1.00077 -1.35848 1.4482 
5.20605 0.0646334 -0.422941 -0.657454 -0.799322 0.148213 -0.497482 -0.0350933 -0.203132 0.163297 0.224006 -0.175696 0.0452701 4.21475 -1.0073 -0.0884979 -2.29231 0.298747 1.59677 0.457125 0.624454 0.00802853 -1.45685 -0.125913 0.643522 0.558198 5.28841 -1.35915 -3.70889 0.88386 2.41282 -0.395042 0.0768228 2.32847 1.50168 0.0334052 -2.90467 -1.56429 1.18634 
5.3532 -0.0223358 -0.320057 -0.782015 -0.741116 0.123338 -0.418702 -0.127614 -0.112204 0.0675439 0.290944 -0.169087 0.0302579 6.80169 -1.61082 -1.87031 -1.84311 1.07263 1.93582 0.300246 2.0897 0.238756 -1.92505 -1.52024 0.379558 1.27213 3.85608 -0.545741 -5.2425 2.06276 2.47691 0.126266 0.0456869 2.68629 0.581411 0.758391 -4.54334 -0.816307 1.33949 
5.47012 -0.0816801 -0.2986 -0.817275 -0.716786 0.108523 -0.385065 -0.12689 -0.0986569 0.0742499 0.278495 -0.193799 0.0329694 7.88953 -1.85402 -3.33666 -1.01348 1.83528 1.88731 0.273074 3.02031 -0.0862143 -2.04713 -2.52358 0.16595 1.96686 1.94792 -0.00929948 -4.40774 2.1016 1.59327 0.687565 0.0285732 2.20371 -0.384149 0.107901 -4.04007 0.482695 1.19518 
5.65364 -0.0608885 -0.564817 -0.744814 -0.635886 0.132494 -0.452219 0.0343281 -0.0591086 0.110313 0.09889 -0.217542 0.109638 7.71394 -1.86101 -4.2204 -0.144053 2.47091 1.37937 0.59828 3.11859 -0.0966248 -2.20286 -3.43767 0.410435 2.32877 -0.915739 0.226419 -1.03801 1.34417 0.203088 0.232177 0.281196 0.430403 -1.33106 -0.73693 -1.18713 1.29653 0.662472 
5.93372 -0.119502 -0.752965 -0.751331 -0.571107 0.257147 -0.42843 0.186478 -0.0634372 0.060631 -0.0845406 -0.222545 0.162393 6.85587 -1.6256 -4.55251 0.55765 2.71688 0.740905 0.839823 2.80843 -0.0808752 -1.95738 -3.93933 0.834801 2.36605 -4.02974 0.684732 2.03284 0.87065 -0.763506 -1.29033 0.398504 -1.66132 -1.34248 -0.795043 1.77287 1.40424 0.0295578 
6.0224 -0.160179 -0.786621 -0.740947 -0.520033 0.275093 -0.394922 0.191774 -0.123443 -0.0238794 -0.108212 -0.167127 0.218736 5.27133 -1.01655 -4.66675 1.33953 2.40406 0.425338 0.64375 2.76006 -0.609163 -1.80714 -3.78549 1.20247 2.36919 -4.88653 0.934928 3.00254 0.44509 -0.969654 -2.28224 0.389069 -2.55243 -0.173776 0.0220851 2.70165 0.803729 -0.742661 
6.04132 -0.183031 -0.785245 -0.723915 -0.508771 0.259468 -0.377496 0.203771 -0.157911 -0.0755792 -0.118106 -0.120494 0.251413 3.64876 -0.663346 -3.77492 1.45621 2.03854 -0.0133269 0.685014 2.08142 -0.810737 -1.94333 -2.82887 1.55226 2.02901 -3.86552 1.05143 1.98655 0.327754 -0.817762 -1.86959 -0.0448703 -1.81039 0.453578 0.892503 2.13596 0.0145099 -1.06668 
6.03463 -0.166949 -0.837377 -0.677839 -0.475302 0.198014 -0.368415 0.215376 -0.141967 -0.0973223 -0.159841 -0.0942048 0.288568 1.88965 -0.459851 -2.20701 1.22258 1.54938 -0.675926 1.02104 0.897933 -0.860831 -1.89592 -1.4011 1.6947 1.37087 -1.8908 0.734601 0.745857 -0.0494788 -0.548717 -0.579242 -0.24779 -0.715742 0.501468 0.986208 1.30583 -0.419721 -1.13373 
6.03115 -0.157809 -0.874306 -0.643821 -0.452433 0.16631 -0.343351 0.205079 -0.155318 -0.0939359 -0.172662 -0.0724126 0.306554 0.480597 -0.0811353 -1.39213 1.20709 1.15453 -1.2307 0.890155 0.195742 -0.663056 -1.44237 -0.417392 1.55736 0.844876 -0.3557 0.126229 0.525144 -0.604921 -0.442698 0.478758 -0.126814 -0.183692 0.260092 0.466141 0.916974 -0.499647 -1.04459 
6.03286 -0.150464 -0.910617 -0.617566 -0.434241 0.152992 -0.343686 0.218576 -0.156951 -0.120231 -0.179304 -0.0466893 0.305647 0.0460148 0.148051 -1.22329 1.09008 0.910743 -1.18904 0.763757 0.0829134 -0.346623 -1.0008 -0.119373 1.21409 0.363244 -0.0339661 -0.140959 0.742555 -0.727243 -0.393987 0.621717 0.035413 -0.310007 0.0509704 0.184762 0.843282 -0.423987 -0.754539 
6.04612 -0.159489 -0.909621 -0.618191 -0.428904 0.154506 -0.344378 0.240078 -0.177388 -0.143029 -0.163109 -0.02717 0.303675 -0.0589886 0.175214 -1.02679 0.86066 0.68882 -0.878214 0.75349 -0.129723 -0.241305 -0.743113 0.204236 0.880108 0.00105774 -0.157623 -0.0881165 0.592628 -0.451637 -0.40076 0.445999 0.0785513 -0.457378 0.149319 0.262537 0.507225 -0.478308 -0.457121 
6.03906 -0.157024 -0.914815 -0.620738 -0.412172 0.124834 -0.294152 0.204884 -0.172747 -0.158156 -0.143275 -0.0126378 0.289152 -0.128437 0.0902888 -0.666413 0.545605 0.431392 -0.513426 0.690478 -0.289152 -0.254082 -0.594248 0.508961 0.571778 -0.231296 -0.265318 0.0311699 0.283452 -0.13727 -0.380396 0.362421 -0.175354 -0.303552 0.200127 0.421039 0.105042 -0.594275 -0.125455 
6.03941 -0.158044 -0.924354 -0.607646 -0.413569 0.125903 -0.30421 0.206628 -0.178739 -0.159802 -0.135224 -0.00761167 0.290399 -0.336033 0.132747 -0.535681 0.471897 0.116812 -0.247781 0.512544 -0.356322 -0.194025 -0.402333 0.592419 0.233235 -0.308719 -0.390778 0.124699 0.0587776 0.0300635 -0.448087 0.392016 -0.274656 -0.185184 0.10579 0.491018 -0.065306 -0.65161 0.0235166 
6.02937 -0.146449 -0.940562 -0.590587 -0.401195 0.117549 -0.295821 0.206856 -0.17357 -0.168223 -0.135888 -0.000359468 0.280735 -0.610006 0.230718 -0.530057 0.543231 -0.173301 -0.116007 0.390615 -0.456258 -0.127504 -0.0922979 0.583784 -0.191677 -0.306188 -0.477121 0.162251 -0.0859396 0.13389 -0.580451 0.391315 -0.419385 -0.00122125 0.01619 0.476534 -0.0941694 -0.724534 0.102824 
6.02484 -0.152845 -0.938479 -0.591484 -0.417095 0.127507 -0.275522 0.180379 -0.178876 -0.165768 -0.112738 -0.0117645 0.269753 -0.986597 0.431037 -0.603681 0.641252 -0.516707 0.00385597 0.225511 -0.455773 0.0627186 0.158219 0.485595 -0.655168 -0.317889 -0.64257 0.313514 -0.182604 0.220925 -0.643096 0.237659 -0.454664 0.210574 0.110741 0.421583 -0.155355 -0.776705 0.0898227 
6.01068 -0.150469 -0.937194 -0.596817 -0.414314 0.123632 -0.280641 0.175836 -0.179172 -0.163822 -0.106223 -0.0248008 0.27412 -1.48942 0.707831 -0.526298 0.558107 -0.92564 0.170709 0.00552931 -0.353741 0.264985 0.379265 0.478443 -1.12625 -0.441506 -0.926447 0.548221 -0.11458 0.120933 -0.73154 0.0815123 -0.2476 0.165867 0.397573 0.373607 -0.0854822 -0.83487 -0.17687 
5.97684 -0.130585 -0.967427 -0.5623 -0.446824 0.141706 -0.296509 0.17741 -0.186209 -0.14794 -0.106401 -0.0412925 0.272085 -2.35781 1.14409 -0.339463 0.2173 -1.25488 0.0844814 0.162056 -0.498428 0.45046 0.733082 0.756722 -1.60143 -0.820879 -1.39441 0.793282 0.294835 -0.465648 -0.640695 -0.153399 0.116855 -0.0338291 0.59318 0.44644 0.291705 -0.8729 -0.632578 
5.95015 -0.11904 -0.985056 -0.539678 -0.462174 0.13379 -0.295861 0.172599 -0.178964 -0.135298 -0.100037 -0.076897 0.26547 -3.46224 1.63895 0.0539768 -0.177925 -1.88301 -0.0538664 0.299166 -0.568654 0.394119 1.41634 1.29798 -2.09952 -1.46183 -2.10271 1.05752 0.85603 -1.09873 -0.818458 -0.338066 0.525688 -0.283194 0.327557 0.914531 0.971635 -0.820716 -1.30834 
5.90211 -0.0929424 -0.987166 -0.539788 -0.500672 0.139331 -0.294363 0.172712 -0.15191 -0.127649 -0.095967 -0.119817 0.252775 -4.49432 2.09778 0.448745 -0.62992 -2.46249 -0.293138 0.471027 -0.594272 0.24344 2.10773 1.87156 -2.25633 -2.04199 -2.41697 1.01664 1.20862 -1.41319 -1.05724 -0.522289 0.736957 -0.436154 -0.373291 1.52732 1.62041 -0.460411 -1.64603 
5.82129 -0.0481628 -0.969796 -0.564854 -0.540333 0.14577 -0.294888 0.159756 -0.122092 -0.108373 -0.0726176 -0.164396 0.214043 -5.90855 2.55839 0.754062 -1.10763 -2.76178 -0.68576 0.746465 -0.901752 0.178555 2.74709 2.47257 -2.16059 -2.57381 -2.56238 0.796563 0.971308 -1.14942 -0.90958 -0.787079 0.64209 -0.472409 -0.851954 1.76839 1.67361 0.22199 -1.3424 
5.68252 0.016454 -0.950985 -0.612752 -0.569183 0.117406 -0.251171 0.121989 -0.118267 -0.0476085 -0.00342849 -0.217892 0.145849 -7.97597 2.677 0.905802 -1.65917 -2.53099 -1.59272 1.49116 -1.59412 0.511978 3.28375 3.02805 -2.03292 -2.90674 -3.00019 0.194131 0.203948 -0.557757 -0.120635 -1.28196 0.745186 -0.798666 -0.323292 1.30842 1.05457 0.82634 -0.471664 
5.53393 0.0757508 -0.896452 -0.640726 -0.681411 0.101183 -0.232707 0.117699 -0.157612 0.0644459 0.0872135 -0.281216 0.0430725 -10.7866 2.60987 1.33587 -2.14436 -1.66196 -2.49143 1.49585 -2.21699 0.985775 3.3734 2.93007 -1.29854 -2.68481 -4.33623 -0.502302 -0.226594 -0.309031 1.84095 -1.9242 0.490991 -1.34725 1.07275 -0.0331981 -0.321323 1.54818 0.908054 
5.43819 0.110698 -0.868884 -0.684512 -0.751675 0.0802141 -0.216629 0.106334 -0.182375 0.133066 0.151735 -0.273361 0.00851465 -14.619 1.4007 1.95502 -2.35475 -0.0711638 -3.14666 0.889383 -2.44505 2.05188 3.69174 2.15572 -0.725426 -2.68973 -7.02588 -1.87088 0.290617 -0.19773 3.86936 -1.94964 -0.545495 -1.26346 2.78216 -0.743677 -1.98884 1.51267 1.27897 
5.20053 0.183423 -0.875933 -0.713301 -0.749373 0.0200957 -0.196311 0.0438352 -0.156496 0.192314 0.201558 -0.264219 -0.0337247 -17.9527 -0.296715 2.60871 -1.96087 0.555362 -3.70026 0.567769 -1.86951 2.89695 2.98277 1.02607 -0.154299 -1.58183 -8.17975 -3.62077 1.48678 0.248682 3.63742 -1.21611 -1.4904 0.290395 3.17818 -1.48012 -3.1942 1.10361 1.80033 
4.84886 0.179018 -0.900297 -0.755546 -0.703402 -0.1305 -0.0527958 -0.0808449 -0.0509538 0.253726 0.260606 -0.303053 -0.0653303 -19.6768 -2.19657 2.98236 -1.18239 0.610248 -4.20532 -0.0601605 -0.576815 3.85085 1.56703 -0.209452 0.703178 -0.235062 -5.68151 -4.62589 2.13233 1.25583 1.01198 -0.0728231 -2.35335 2.99916 2.11825 -2.35245 -3.37517 1.00967 2.25374 
4.4149 0.190102 -0.783698 -0.821785 -0.575473 -0.214559 -0.160998 -0.129606 0.0249911 0.226509 0.189172 -0.200326 -0.00893575 -20.0503 -3.92057 2.96804 0.185278 1.52552 -4.88402 -0.422355 0.597796 4.01649 0.186911 -1.3168 1.39467 0.692824 0.0733204 -4.40301 0.977171 2.91317 -1.64565 0.141372 -1.27159 4.622 -0.0870427 -2.73689 -2.07791 0.632294 1.98133 
3.80233 -0.029667 -0.66846 -0.846236 -0.408008 -0.232862 -0.280721 -0.101644 0.216812 0.36149 0.0860168 -0.235895 -0.127635 -17.6835 -4.939 2.51648 1.71126 1.55808 -5.66045 0.438154 1.42642 3.27709 -1.15143 -1.78317 1.77702 0.932438 8.14479 -1.79224 -1.36105 3.93433 -2.85695 -0.914771 1.5208 3.61928 -2.90023 -3.38409 -0.0294804 0.940079 1.49037 
3.4501 -0.162007 -0.578037 -0.77167 -0.587411 -0.306043 -0.207595 0.0305523 0.226679 0.2193 0.0386182 -0.22249 0.0681647 -12.2925 -5.55614 1.69143 2.67083 0.992714 -6.29802 1.18806 2.14043 2.26275 -1.98181 -1.43891 2.06577 1.11117 14.1458 0.875673 -3.43264 3.07185 -1.10327 -2.04266 3.27721 0.525647 -3.83754 -1.88622 1.88195 0.801686 -0.649838 
3.34053 -0.285857 -0.567477 -0.702159 -0.702429 -0.413303 -0.261826 0.190495 0.311263 0.105248 0.0166104 -0.120847 0.130142 -4.80653 -5.66063 0.830504 3.1172 -0.266942 -5.68351 1.09056 2.01049 0.585243 -2.47214 0.0274704 2.59867 1.00212 16.7474 2.21111 -3.58945 0.729631 0.0695003 -1.2198 3.17018 -2.92872 -3.84566 0.0835987 3.59755 0.3879 -1.89512 
3.23146 -0.382089 -0.587403 -0.529313 -0.491795 -0.561025 -0.241774 0.215869 0.217753 0.091603 -0.0155269 -0.0845874 0.0896894 2.5591 -4.76351 0.228576 3.93239 -1.61868 -5.00568 1.88854 0.974301 -0.824495 -2.16206 1.58465 2.14707 0.733352 15.4861 2.53978 -1.47744 -1.34985 -1.18544 1.40117 0.833078 -4.32458 -2.27475 1.60561 3.99372 -0.207109 -1.48162 
3.4895 -0.379454 -0.673987 -0.433909 -0.552841 -0.734785 0.0431714 0.158205 0.124682 -0.0032158 0.0283926 -0.0493907 0.0320522 9.24431 -2.30538 0.917978 4.35457 -2.26388 -4.08475 2.61966 -0.309433 -2.71878 -2.17814 2.02284 1.5862 0.468877 10.1545 2.66555 2.18995 -1.45462 -1.90383 4.13051 -1.82521 -3.40975 -1.16596 2.29285 2.10131 -1.45973 -0.539994 
3.8541 -0.436614 -0.746201 -0.469076 -0.582349 -0.882852 0.0643941 0.153882 0.157471 0.0210802 0.135691 -0.0246555 0.0572739 16.3004 -0.678257 1.45527 4.26998 -2.84533 -1.66462 1.8165 -0.655325 -3.59264 -0.677948 1.99893 0.671798 -0.385983 6.84988 3.28046 4.41589 0.219367 -2.87726 6.03938 -2.53974 -0.598671 -1.31328 1.77577 -0.985821 -2.33438 0.383551 
4.27891 -0.536187 -0.715689 -0.507531 -0.716468 -0.735451 -0.102601 0.0329086 0.044294 0.00403962 0.349933 0.0871343 0.0503178 20.0701 0.312043 2.46961 4.06317 -4.04985 0.503353 0.899296 -0.420399 -4.16607 0.4714 1.68176 -0.504206 -0.409929 4.17951 3.14336 4.02663 1.53235 -2.16286 4.94564 -1.92347 2.72528 -0.873054 1.59086 -3.78765 -2.91649 0.33756 
4.458 -0.460181 -0.580424 -0.311075 -0.788727 -0.720262 -0.0346977 -0.0405382 0.0295054 0.0803082 0.335917 -0.0226113 0.0709057 21.1131 0.735587 3.51633 3.85557 -5.29488 2.43801 -0.435938 0.204256 -4.10057 1.03112 1.03862 -1.12588 0.0522804 1.95932 1.08352 1.50451 0.93469 -0.932636 3.05616 -1.73234 4.01746 -0.650231 1.07709 -3.70287 -1.7719 0.134997 
4.73264 -0.243585 -0.323371 -0.215413 -0.793334 -0.701856 0.0883668 -0.031395 -0.166448 -0.0105653 0.164287 -0.108228 0.0355446 19.245 0.674619 4.31243 4.04431 -5.11498 3.69109 -1.974 0.684442 -3.88008 1.52131 0.0569424 -1.51674 0.514978 -2.04458 -1.81629 -1.46239 -0.268192 -0.260332 0.776615 -1.87246 2.54963 0.860697 0.801609 -1.24327 -0.00630917 0.558464 
5.67049 -0.285046 -0.390363 -0.159948 -1.04119 -0.425998 -0.0832084 0.192666 -0.198976 0.140507 0.171485 -0.129125 0.0474425 16.1569 0.640611 4.49407 4.23913 -4.72281 3.78963 -2.26308 0.686308 -3.56291 1.57669 -0.764476 -1.58603 0.715918 -9.3475 -2.71464 -1.7392 -1.14302 1.66911 -1.97103 -1.28907 -1.10343 1.7874 -0.22206 0.668027 1.2994 0.928882 
5.75624 -0.342672 -0.314607 -0.112138 -1.131 -0.445847 -0.153751 0.246202 -0.240151 0.175288 0.178788 -0.184588 0.0541909 12.383 0.408719 4.09603 3.72435 -3.91772 2.86108 -2.31239 0.425851 -2.52209 1.67551 -1.22446 -1.46791 0.96602 -11.4792 -1.67785 -1.02797 -1.36822 2.51464 -2.43656 -0.480206 -3.78552 2.06306 -0.703247 1.34456 1.81445 0.831814 
5.78804 -0.374714 -0.253854 -0.0343432 -1.13326 -0.405053 -0.177007 0.197619 -0.302856 0.159444 0.159845 -0.163585 0.0947644 8.29158 -0.230098 3.34314 2.80363 -3.31771 2.2567 -2.83248 -0.429369 -1.62326 1.56451 -0.852201 -0.779955 1.10361 -10.1394 0.309486 -0.114002 -1.0875 2.14388 -2.35692 0.602461 -3.85204 2.13977 -0.397101 0.602463 0.885318 0.280225 
5.80852 -0.397766 -0.213197 0.0156408 -1.14802 -0.388731 -0.231575 0.131565 -0.30075 0.172664 0.151193 -0.161889 0.136608 3.27923 -0.59561 2.58518 2.51475 -2.35527 1.61958 -2.70502 -1.62745 -0.790973 1.36841 -0.475223 -0.427616 1.20872 -6.60118 1.56202 0.0771153 -0.820417 1.37218 -1.1117 1.16509 -2.05598 1.13277 -0.403177 -0.356559 0.0533612 -0.42949 
5.82519 -0.39824 -0.165029 0.0341431 -1.1827 -0.417091 -0.272962 0.0629895 -0.289867 0.202753 0.178038 -0.144819 0.154945 -1.23539 -0.26176 2.89337 2.30513 -0.829391 0.871034 -1.78816 -2.9586 -0.76765 0.308122 -0.723594 -0.265013 1.20645 -2.91125 1.03679 -0.446646 -0.278601 0.846192 0.568999 0.977985 -0.0383068 0.0479117 -0.635042 -0.751581 -0.397334 -0.544671 
5.78193 -0.380956 -0.0924429 0.0177146 -1.20006 -0.409358 -0.318581 -0.0209923 -0.253578 0.234734 0.171683 -0.152741 0.166431 -1.99803 0.0234828 2.70147 1.97168 -0.0695703 1.01224 -1.22129 -3.23763 -0.681019 -0.213498 -0.802533 -0.0935067 1.22901 -1.51629 0.130016 -0.45815 0.186243 1.29164 0.804903 1.21282 0.787363 -1.01247 -1.48929 -0.66057 -0.312665 -0.222389 
5.65351 -0.344307 -0.055854 0.0859961 -1.2381 -0.394192 -0.323275 -0.0621847 -0.250367 0.256995 0.120942 -0.182043 0.174288 -3.8619 0.534647 2.45356 1.12457 1.22725 0.677881 -0.37153 -3.172 -0.256723 -0.361578 -0.552903 -0.274989 1.29796 -1.03714 -0.236703 -0.379638 -0.591278 2.5275 0.295679 1.49189 0.560226 -0.772859 -1.57991 0.193478 0.118042 0.413795 
5.54305 -0.323018 -0.0612452 0.146769 -1.18758 -0.33605 -0.301435 -0.0798647 -0.322182 0.203621 0.0823933 -0.196058 0.171426 -6.81953 1.44636 2.14274 0.061149 2.07808 0.0156174 1.45995 -3.45463 0.268143 -0.256184 -0.625036 0.190467 0.68454 -3.00343 0.624665 -0.281108 -2.16393 2.53779 -1.30977 2.45253 -0.440219 0.977619 -0.175418 0.825346 0.800292 0.108394 
5.59545 -0.384632 0.0137691 0.161467 -1.14067 -0.290861 -0.3246 -0.134393 -0.367402 0.131995 0.077212 -0.179833 0.213911 -8.77357 1.13816 0.921405 -0.744385 4.551 -0.244008 2.13855 -2.90124 1.12248 -0.544037 -0.939899 0.883598 -0.2568 -5.6653 1.12609 -1.44937 -3.03299 3.44432 -2.27501 2.67347 -0.411849 2.82085 1.07249 0.519522 1.47521 -1.3909 
5.57683 -0.380219 0.0567747 0.155398 -1.1092 -0.310496 -0.300871 -0.177188 -0.361154 0.113462 0.0888036 -0.169388 0.249839 -11.1631 0.373875 -0.125445 -1.36098 6.88259 0.0568576 3.48751 -1.89088 1.0187 -1.60529 -1.20019 1.7077 -0.838554 -7.15712 0.0685021 -2.54758 -2.4515 4.4411 -1.07072 2.57718 0.835337 2.42706 0.272843 -0.629445 1.92764 -2.55275 
5.17091 -0.2755 0.0598583 0.0460561 -0.879693 -0.375701 -0.196385 -0.250407 -0.265814 0.156608 0.141147 -0.198372 0.303601 -14.4223 -0.00401804 -0.796195 -2.96942 8.00649 0.220929 3.49477 -0.360966 1.75867 -1.82393 -0.788244 2.01195 -1.58015 -6.01818 -1.78189 -2.70611 -1.36554 3.30146 1.15128 0.608262 3.32177 0.791585 -1.268 -1.12181 1.52233 -2.81433 
4.71141 -0.118518 0.0618093 -0.0657162 -0.925544 -0.491133 0.0674562 -0.400897 -0.168706 0.235113 0.0749746 -0.0663373 0.144642 -17.0973 -1.11042 -1.77967 -4.02782 7.56609 -0.552132 2.2293 0.596931 2.67501 -1.67739 -0.388613 2.91188 -1.65953 -3.37521 -3.79508 -2.10127 -0.633656 0.844522 1.98584 -3.15465 4.7206 -0.619813 -2.20603 0.00307638 0.704139 -0.5903 
4.66754 -0.33063 -0.137728 -0.0715674 -0.449636 -0.432396 -0.0914395 -0.258951 -0.0554347 0.139193 0.00388958 0.0127741 0.0228274 -19.3144 -2.37036 -2.63276 -4.13876 7.4132 0.0909231 1.66404 1.60846 2.43832 -1.58368 -0.494844 2.60042 -1.98569 -2.28769 -3.35979 -0.20852 -0.394839 -3.63068 1.38005 -3.9649 3.03663 -1.44405 -0.856755 1.20213 -0.663052 1.52632 
4.25257 -0.427277 -0.135448 -0.0692632 -0.267022 -0.267739 0.162922 -0.156618 -0.247237 -0.100137 -0.0528502 0.0678442 0.0613579 -18.7477 -3.47082 -3.01725 -4.09732 5.74806 0.901171 0.503858 1.91689 1.61705 -1.65591 -0.0334004 2.2021 -1.81027 0.898115 -1.8587 0.421967 -0.158319 -6.24136 -0.0837252 -4.2294 -0.193064 -0.777525 1.65191 1.99594 -1.64572 2.06902 
3.6961 -0.359543 -0.124761 -0.32254 -0.318332 -0.274267 -0.00651342 0.0233449 -0.0710048 -0.00518137 0.0654321 0.000950769 -0.0163564 -14.6109 -4.14539 -3.20277 -3.60473 3.19587 1.0536 -0.598321 2.46672 0.760908 -1.73073 0.0540122 1.48684 -1.32501 6.6564 -0.362004 0.205101 1.20622 -5.6761 -0.662575 -1.25363 -2.69056 -1.37314 1.94011 0.8595 -1.84647 1.72916 
3.48121 -0.582129 -0.256758 -0.355445 -0.441417 -0.493733 -0.240809 -0.0570845 0.0147195 -0.00169143 0.0992162 0.224921 0.0936775 -10.4143 -3.98499 -3.12562 -2.75182 1.48707 1.50487 -0.949344 2.35682 0.723228 -1.44531 0.278967 0.607074 -0.309335 11.1789 1.92915 0.197093 2.04077 -3.41288 0.568275 2.26108 -2.41136 -1.06652 1.19105 -0.609049 -2.12207 0.218162 
3.19066 -0.706578 -0.267648 -0.304907 -0.233525 -0.237268 -0.0724396 -0.0203019 -0.117501 -0.0128523 0.015505 0.0413345 0.0154085 -1.81664 -2.16957 -2.474 -1.8954 -1.01444 1.43638 -0.370145 0.931173 0.739459 0.0934119 0.417452 0.0717236 0.169885 17.8822 3.36383 -0.0188578 2.26901 -1.54529 0.416442 2.24762 -1.2549 0.408719 0.717908 -0.952754 -0.685895 0.0672852 
3.23304 -0.685581 -0.295865 -0.398103 -0.431702 -0.22726 -0.134965 -0.113026 -0.155947 -0.0189254 0.147178 0.0586846 0.0486927 4.5703 -0.572413 -1.76011 -0.407411 -1.62918 0.913069 -0.818402 -0.0831265 0.574573 1.13463 0.53473 -0.430987 0.00595077 16.4896 4.14446 1.18098 2.74377 0.245745 0.16782 1.75035 -0.267136 0.61894 0.857994 -0.90385 -0.0596244 -0.0675961 
3.55823 -0.659863 -0.377292 -0.417622 -0.515564 -0.351272 -0.102716 0.00616185 -0.119613 -0.0341343 0.0566727 0.0260217 0.0399392 11.6127 1.59656 -0.256436 2.25974 -2.3209 0.161469 0.143989 -0.827136 -1.01739 0.893045 0.180839 -0.903498 0.418843 11.4982 4.54867 3.0743 3.4272 -0.00187984 -1.08127 -0.484953 -0.716978 -0.448852 1.3437 0.425843 -0.0432209 0.149173 
3.57593 -0.65193 -0.423993 -0.334119 -0.443193 -0.205248 0.00400271 -0.0214113 0.0262135 -0.0349066 0.0175964 0.0699794 0.0528654 16.9936 3.68519 1.24113 3.73712 -3.38523 -0.687244 0.177982 -0.771855 -1.96145 0.966943 0.238717 -1.72808 0.514261 6.79686 3.40811 3.98184 3.86685 -1.74954 -3.34927 -2.1513 -1.01117 -3.13594 0.565322 0.980804 -0.596667 0.691596 
4.85184 -0.528509 -0.403776 -0.288571 -0.474929 -0.148284 -0.0431462 -0.104986 -0.00868709 0.132408 0.0478068 0.0581273 0.0547664 19.2989 4.40765 2.3365 4.60814 -4.76399 -2.09088 -0.862545 -1.07838 -2.39583 1.00783 0.313683 -1.51249 0.94229 -2.59384 1.2767 3.57454 2.97071 -2.84231 -3.35249 -1.71727 -0.389255 -4.07123 -1.05744 0.479556 -1.51469 0.73353 
4.3891 -0.420434 -0.255185 -0.179077 -0.485471 -0.2497 -0.129041 -0.105604 -0.155551 0.102257 0.124569 -0.00148588 0.0237768 17.9108 4.10485 3.29515 5.31407 -4.70124 -1.91392 -1.43735 -1.00596 -3.18769 0.940977 0.00209833 -1.93477 1.02674 -4.10313 -1.29803 1.30043 0.436397 -3.17177 -1.45924 -1.30738 0.0456626 -2.17848 -1.32398 -0.32798 -0.947258 0.839924 
5.00206 -0.179122 -0.0899539 0.0859556 -0.741941 -0.466919 -0.103731 -0.127611 -0.297595 0.0714832 0.107872 -0.0663385 0.120058 14.4798 3.41782 3.8957 5.06062 -4.8525 -1.40798 -2.20589 -1.19026 -3.97715 0.770733 0.35516 -2.22104 1.11994 -8.08074 -3.86632 -1.13117 -2.50485 -0.208354 2.06524 -0.838063 0.733197 0.475068 -0.735982 -0.891146 -0.183199 -0.0370256 
5.46965 -0.221835 -0.0934664 0.143913 -0.889685 -0.532833 -0.1907 -0.14549 -0.368501 0.0745655 0.103142 -0.104286 0.152507 10.6256 2.32179 3.83905 4.2123 -4.93629 -1.3545 -2.66337 -0.674741 -4.2925 0.352403 0.328927 -2.36736 1.09434 -10.4306 -3.85801 -1.81746 -3.46933 2.65247 4.28909 -0.0668051 0.845115 2.04462 -0.055349 -0.533221 0.547747 -0.617235 
5.41274 -0.25072 -0.0211923 0.150067 -0.957277 -0.461872 -0.212506 -0.177614 -0.422611 0.0818862 0.0746107 -0.150514 0.140333 5.1149 0.85439 3.21194 3.11866 -4.16621 -0.565382 -2.38421 -0.22352 -3.413 -0.203963 0.0452579 -2.02237 1.06462 -7.54766 -2.37165 -1.64778 -2.96082 3.56543 3.22603 0.24019 0.840829 2.13675 0.280026 0.190309 0.930168 -0.641707 
5.33544 -0.26862 0.0171293 0.172001 -0.985728 -0.379338 -0.299463 -0.158988 -0.456036 0.0897987 0.0764607 -0.174356 0.163939 4.26056 -0.294326 2.15672 1.67979 -2.97177 0.528858 -1.93935 -0.151862 -2.18156 -0.0214632 -0.0794545 -1.4701 0.923361 -5.33297 -0.748123 -1.0493 -1.74403 2.91192 0.574961 0.98694 0.49201 1.69423 -0.113194 0.521684 1.02489 -0.441545 
5.30795 -0.281435 0.0340691 0.167878 -0.979561 -0.345123 -0.326494 -0.141934 -0.492013 0.0972041 0.0932694 -0.215967 0.161653 0.75252 -1.05693 1.2284 0.410155 -1.44579 1.22391 -1.702 0.049619 -1.25188 0.120886 0.181716 -0.872608 0.47043 -0.358629 0.404821 -0.878229 -0.581862 1.25464 -1.39949 1.35687 -0.029627 1.32733 -0.193144 0.358746 1.14115 -0.041377 
5.31441 -0.314795 0.0540378 0.185053 -0.994829 -0.332687 -0.336924 -0.123193 -0.502919 0.083226 0.0981006 -0.208811 0.171136 -0.228069 -0.687953 0.571722 0.0427191 -0.673144 0.767209 -1.15083 0.38133 -0.651403 0.0359393 0.431218 -0.316787 0.351255 1.80322 0.637295 -1.33909 -0.427953 0.365487 -1.89497 0.993326 -0.139086 0.981876 -0.0286034 0.299477 1.02765 -0.0899686 
5.31718 -0.331289 0.0776309 0.170012 -0.991643 -0.326662 -0.344713 -0.137139 -0.482317 0.0790226 0.0929442 -0.199639 0.186745 1.18344 -0.354443 -0.59478 -0.124345 -0.342974 -0.383335 -0.657788 0.93855 -0.202188 -0.101384 0.683375 0.234967 0.205301 2.14068 0.809052 -1.90032 -0.25431 -0.0239463 -1.79264 0.674047 0.554772 0.482153 -0.000702873 0.322268 0.813557 -0.36686 
5.32171 -0.325732 0.0707398 0.152806 -0.982994 -0.351939 -0.331532 -0.156493 -0.477839 0.0830774 0.113757 -0.200411 0.189957 2.33064 0.10181 -1.68674 -0.554035 -0.182973 -1.29928 -0.0876505 1.48523 0.318464 -0.119565 0.72146 0.552777 -0.203766 2.30185 0.870527 -2.3744 -0.335167 -0.0295036 -1.44942 0.341651 1.59696 0.384172 -0.0459384 0.227293 0.543612 -0.660248 
5.35418 -0.313605 0.0353534 0.168589 -1.01395 -0.37588 -0.348138 -0.136141 -0.486988 0.0983957 0.130762 -0.179221 0.184573 3.20572 0.565262 -2.5772 -1.17527 -0.043013 -1.86311 0.252501 2.14086 1.07923 -0.0539592 0.755672 0.798344 -0.572475 2.04427 0.806859 -2.1891 -0.993452 0.351746 -1.02195 0.517339 2.05645 0.912704 -0.0672379 0.0653625 0.161801 -0.925254 
5.46111 -0.30564 -0.030641 0.149765 -1.01381 -0.42384 -0.356094 -0.0837097 -0.474591 0.0790743 0.150265 -0.153007 0.187859 3.97808 1.03846 -3.42833 -1.91317 0.19329 -2.29453 0.42286 2.87874 1.88311 -0.00184558 0.859587 1.05408 -1.02404 1.13956 0.71076 -1.39337 -1.59982 0.583812 -0.443169 0.576574 1.74801 1.70262 0.0713886 -0.0763878 0.10954 -1.02538 
5.58941 -0.292747 -0.138877 0.143364 -1.00772 -0.504138 -0.325007 0.0059925 -0.468024 0.064025 0.16744 -0.128257 0.157553 4.6388 1.32942 -4.02911 -2.57072 0.427596 -2.39794 0.310885 3.70136 2.55964 -0.0405882 0.846169 1.41768 -1.38309 0.192539 0.552135 -0.299486 -1.94091 0.685962 0.29109 0.0614109 0.961175 2.13064 0.168927 -0.151608 0.364685 -0.72473 
5.62441 -0.243682 -0.221937 0.0698774 -0.995283 -0.527015 -0.312051 0.0813835 -0.407408 0.0820244 0.165661 -0.13495 0.108254 4.93955 1.40868 -4.09797 -3.3626 0.965725 -2.06181 0.0251572 4.05397 3.23017 -0.151955 0.686629 1.60391 -1.40457 -0.0772648 0.114333 0.548688 -1.5803 0.834559 0.794285 -0.656799 0.105553 1.61484 -0.0484504 -0.128328 0.677178 -0.00720173 
5.70592 -0.217748 -0.269651 -0.0254729 -0.97423 -0.558442 -0.285737 0.150088 -0.301799 0.0931151 0.185142 -0.119318 0.0808165 4.78333 1.25344 -3.71011 -3.84832 1.59441 -1.46104 -0.126602 3.82557 3.60577 -0.204099 0.263514 1.71721 -1.09951 -0.303761 -0.426995 1.0544 -0.584577 0.954123 1.31468 -1.16541 -0.699723 0.321137 -0.270818 -0.532307 0.679121 0.848922 
5.80722 -0.186576 -0.352688 -0.0988535 -0.954979 -0.612881 -0.290965 0.2266 -0.207488 0.0813144 0.208728 -0.0510019 0.0421787 3.10974 1.20223 -2.85546 -3.96483 2.45579 -0.688037 -0.182557 3.29524 3.57264 -0.558261 -0.0936495 1.67934 -0.986994 -1.83467 -0.693812 1.65325 0.334137 1.47831 1.71632 -0.767808 -1.39225 -0.951838 -0.680325 -0.941869 0.0136401 1.20518 
5.89605 -0.16672 -0.41175 -0.16692 -0.930247 -0.613365 -0.339629 0.316493 -0.15456 0.0721006 0.20222 0.00825844 0.0235856 -0.225925 0.895564 -1.31463 -3.39277 3.88729 0.458382 -0.262242 2.50228 2.79579 -1.51344 -0.485197 1.76871 -0.811598 -5.39815 -0.722502 2.54732 1.44506 2.45829 1.96325 0.271868 -1.8878 -2.05454 -1.49506 -1.06989 -0.527043 0.763721 
5.94801 -0.162007 -0.424709 -0.269694 -0.842129 -0.581181 -0.374007 0.326345 -0.094726 0.0564175 0.198165 0.0067191 0.0515796 -3.31549 -1.05703 0.217067 -2.16679 4.72874 1.77692 0.09296 1.18698 1.97152 -1.73858 -0.809245 1.57003 -0.155206 -8.50921 -2.07418 3.26321 2.59705 2.49229 2.3168 1.31312 -2.26251 -2.32269 -1.43028 -0.845429 -0.741854 0.312543 
5.98582 -0.185259 -0.4275 -0.281574 -0.792923 -0.547054 -0.364314 0.321156 -0.0771573 0.0605033 0.13256 0.0410417 0.0954083 -5.47722 -3.75151 0.963384 -1.5909 5.07758 2.93906 0.116708 0.387999 0.873273 -2.28136 -1.05487 1.14511 0.2717 -7.99775 -4.65818 2.68662 2.29855 1.50106 2.31738 1.25855 -1.90438 -2.0053 -1.19482 -0.105705 -0.800013 0.135619 
5.73191 -0.139293 -0.391129 -0.317593 -0.648537 -0.522849 -0.327801 0.339646 -0.0677329 -0.0397926 0.132492 0.0371257 0.0303645 -6.93293 -5.89103 1.7551 -1.75735 5.02281 3.56001 0.324417 -0.347892 0.20846 -1.60471 -1.4719 0.254128 0.713611 -2.94717 -6.55471 1.09077 0.563208 -0.7087 1.57185 0.384077 -1.2573 -1.14099 0.80322 -0.0137273 -1.02567 0.757611 
5.27716 -0.169535 -0.243711 -0.243467 -0.414825 -0.406286 -0.318705 0.327395 -0.164344 -0.200442 0.0999495 0.090253 0.00342469 -8.02176 -7.29677 2.32165 -1.7306 4.30793 3.24998 0.160284 -1.49162 -0.299136 -1.20613 -1.32187 -0.350611 1.08779 3.08134 -5.44373 -0.736694 -1.72335 -3.19425 -0.458638 -0.887987 -0.965507 -0.0112983 2.63535 0.182109 -1.4602 1.25946 
5.13232 -0.563107 -0.163967 -0.17029 -0.420203 -0.258495 -0.239495 0.187459 -0.106848 -0.0689994 0.0827766 0.0481187 0.115448 -8.36961 -8.00536 2.35808 -2.16402 3.63862 3.5179 0.571878 -2.02089 -0.658669 -0.463837 -0.296113 0.156876 0.602723 4.95762 -0.522428 -1.45645 -3.18958 -3.13174 -1.76874 -1.10816 -0.512289 0.171982 2.52958 1.1347 -0.358573 0.111714 
5.20626 -0.877498 -0.26276 -0.319371 -0.412026 -0.207588 -0.317176 0.267668 -0.160817 -0.204166 0.0834409 0.0440191 0.109174 -7.45941 -8.10194 2.39956 -2.9606 3.06628 3.35979 0.477022 -2.28533 -0.501703 0.224466 -0.0487851 0.225454 0.392189 2.91537 4.00012 -0.365026 -2.16637 -1.60342 -1.70322 -0.0928514 -0.813967 0.440267 2.06325 1.36786 0.942295 -0.950308 
5.17634 -0.92963 -0.201973 -0.483081 -0.393429 -0.223746 -0.305359 0.24413 -0.122823 0.0152811 -0.00431612 -0.0472932 0.147452 -5.19057 -7.25208 2.36588 -3.59387 2.38166 2.87337 -0.033872 -2.15258 -0.44039 0.911332 0.67828 0.715079 0.174014 0.57086 5.43877 0.619516 -0.338405 0.450753 -0.558903 0.329534 -0.182975 0.0904865 -0.273759 1.99859 2.27554 -1.95387 
5.00904 -0.963122 -0.13755 -0.457456 -0.437322 -0.304767 -0.39669 0.0700411 -0.156663 -0.0589433 0.0606012 -0.0431221 0.195475 -3.39693 -5.52428 1.76237 -4.16385 1.5406 2.24763 0.202196 -1.58668 -0.348268 1.11319 0.938734 0.707631 -0.176247 0.352888 4.0427 0.646842 0.61003 1.29044 0.693636 0.908787 1.39458 -0.14585 -1.08092 0.892543 1.7416 -1.67091 
4.8837 -1.00779 -0.142467 -0.577067 -0.327428 -0.0826481 -0.218359 0.0721507 -0.173101 0.00343744 0.250637 0.162829 0.042229 -2.94491 -3.01325 1.76803 -4.01724 0.893738 0.895254 -0.14862 -1.37344 -0.630727 0.963711 0.782663 0.683212 -0.0339129 1.75005 1.82272 0.0604498 1.24968 -0.706159 -1.02617 -0.327193 1.50712 -0.190584 -0.80932 -1.1269 -0.81804 0.717072 
4.88018 -1.07095 -0.0576861 -0.641927 -0.26263 -0.0967034 -0.271682 0.0649536 -0.123404 -0.0076225 0.0732023 0.0936683 0.0805308 -3.3564 -1.98405 2.06051 -3.14018 0.219118 0.72031 -0.271045 -1.45413 -0.518591 1.41059 0.618955 0.829447 0.199993 1.58282 0.492417 -0.906215 1.08432 -2.6494 -1.91441 -1.08429 1.08968 -0.506582 0.0298801 -1.32316 -1.6496 1.76967 
4.90562 -1.03251 0.0187705 -0.679305 -0.207333 -0.100322 -0.362226 0.105393 -0.176447 -0.0290987 0.243902 0.177764 0.0310724 -3.25698 -1.68446 1.57839 -2.36814 -0.556598 0.366051 -0.462265 -0.831569 -0.593448 0.824996 0.733989 0.370305 0.307762 -0.142794 -0.0445848 -1.12296 1.11126 -3.48826 -2.09803 -0.846922 -0.0808597 -0.0158378 1.14653 -1.53998 -2.2612 2.0528 
4.83415 -1.08229 -0.0575864 -0.717894 -0.280525 -0.0537253 -0.220604 0.136625 -0.205348 -0.0473809 0.15517 0.0925715 0.0632719 -3.23631 -1.51342 1.16744 -1.70726 -0.762237 0.489773 -0.539512 -0.436983 -0.402181 0.435092 0.707717 0.0772061 0.319711 -1.68266 -0.0897268 -0.575715 1.55418 -1.79247 -0.733233 -0.965135 -0.886615 0.406538 0.164072 0.473489 -0.613754 0.542463 
4.84275 -1.08443 -0.00617787 -0.731479 -0.432116 -0.263807 -0.351897 0.0130198 -0.212634 0.0636989 0.097386 0.0357811 0.228322 -4.60843 -1.43085 0.713289 -0.351247 -1.2624 0.116891 -1.03948 -0.476314 -0.540354 -0.295189 -0.101815 -0.473862 1.01276 -3.21455 -0.0700539 -0.657459 1.85011 1.10698 2.01348 0.418817 0.0762406 0.422934 -1.63232 1.22841 0.936541 -1.36248 
4.69932 -1.19165 0.0252295 -0.76234 -0.436654 -0.118567 -0.402109 0.0358637 -0.197927 0.11452 0.116302 0.117494 0.16741 -6.35577 -1.14934 0.209679 0.917511 -1.45853 0.41805 -0.74749 -0.689935 -0.104754 -0.305796 -0.5296 -0.584229 0.956152 -3.4342 0.628971 -0.577001 2.53463 2.17805 1.73927 0.767425 0.259482 0.61689 -2.42257 -0.396055 0.436523 -1.03732 
4.62637 -1.1382 0.00236915 -0.750256 -0.476262 -0.192048 -0.362861 0.0735182 -0.199984 0.0712415 0.193539 -0.0113814 0.156709 -7.13885 -1.39573 -0.0488655 1.94755 -0.959819 0.8016 -0.156891 -0.506657 0.725819 -0.345559 -1.15708 -0.618791 0.386352 -2.52547 0.367153 -0.450795 2.58347 2.01061 1.31023 0.965897 0.449604 0.92742 -1.25743 -1.72288 0.557701 -0.786611 
4.4991 -1.17034 0.0104606 -0.681129 -0.373048 -0.0484702 -0.36056 -0.00259206 -0.190737 -0.085294 0.295433 0.13042 0.0967907 -6.28799 -1.08839 -0.0574056 2.31867 -0.391484 0.675277 0.0495162 0.00938691 0.619445 -0.801829 -1.22842 -0.513243 0.26348 0.59543 0.166334 -0.469301 1.21679 0.188111 -0.716408 1.23877 0.970463 0.693905 0.764286 -2.85935 -0.902051 0.323075 
4.19073 -1.21077 -0.0277585 -0.588891 -0.386718 -0.0275267 -0.365878 0.0448591 -0.247776 -0.102752 0.0934088 0.105142 0.194371 -4.67945 -0.875379 -0.55847 1.93318 0.529964 1.2266 0.588568 0.680628 0.0609255 -1.51775 -0.82818 0.00792138 -0.216652 5.36527 0.190524 -0.168289 -1.17376 -0.327355 -1.63763 0.5403 0.890363 -0.1932 1.27178 -0.350255 -0.413827 0.195337 
4.04902 -1.16711 -0.00652987 -0.494048 -0.435426 -0.0673546 -0.383097 -0.00764571 -0.106563 -0.011761 -0.0404973 -0.00505541 0.198238 -2.167 -0.650581 -0.666204 1.37608 0.669978 0.257802 0.402333 0.907439 0.416139 -0.969705 -0.56759 -0.237945 -0.253624 7.93628 -0.0662359 -0.223981 -3.15285 0.206299 -1.19391 -0.163238 1.24266 -1.1476 0.603802 2.59868 0.617672 -0.477722 
4.08582 -1.25998 -0.0172558 -0.4519 -0.369712 -0.0253642 -0.282976 0.0806261 -0.0533074 -0.00902459 0.0585894 0.058375 0.0610658 0.809404 -0.546562 -0.206075 0.495094 0.756904 -0.307511 0.334072 0.395426 0.59287 -0.556773 -0.387403 -0.286124 -0.131588 7.66374 0.678644 0.22387 -3.43086 0.401814 -1.2684 -0.91482 -0.230038 -0.997134 -0.180132 3.17621 0.276464 -0.0452856 
4.26391 -1.21685 -0.0402178 -0.522399 -0.448199 -0.130475 -0.268668 0.117187 -0.203716 -0.0866567 -0.0194053 -0.0205405 0.229755 4.00879 -0.00412428 -0.194742 -0.304127 -0.078072 -1.21677 0.151134 0.595433 0.842269 0.0774145 0.0578263 -0.597141 -0.151468 4.88173 0.787656 0.632779 -1.67357 0.172388 -0.533326 -1.12872 -1.32418 0.869084 0.138984 2.23046 0.442125 -0.574068 
4.38224 -1.22429 -0.0826499 -0.624087 -0.328646 -0.0268458 -0.339144 0.119894 -0.287443 -0.143105 0.143579 0.140278 0.149861 6.49647 0.697443 -0.168722 -0.400069 -0.458819 -1.57751 -0.235109 0.38566 1.09997 0.159334 0.675478 -0.692205 -0.27315 1.73098 1.2683 0.652098 1.05087 -1.50088 -1.00879 -0.618135 -1.2956 2.09534 0.92406 -0.973289 -1.14925 0.25938 
4.48449 -1.25417 -0.0548437 -0.626559 -0.346547 -0.137557 -0.385985 0.15911 -0.0704261 0.0101035 0.177999 0.0314351 0.0759853 6.89772 1.25742 -0.708984 -0.129385 -0.301763 -1.49414 -0.432948 -0.026441 0.56683 -0.282073 0.814838 0.273525 0.0151363 -0.727018 1.70547 -0.403124 2.66431 -1.6209 -0.256276 0.052224 -1.03501 0.813488 0.160524 -2.23922 -0.154152 0.78171 
4.69021 -1.19278 0.0356963 -0.642724 -0.332754 -0.186671 -0.302248 -0.0176277 -0.0978786 -0.100599 0.154406 -0.0223709 0.153792 6.14029 1.77981 -1.38773 0.700352 0.120926 -1.11201 -0.464219 0.236294 0.782188 -0.548645 0.0784492 0.169643 0.260402 -2.75274 0.990165 -2.13346 2.92647 -0.0359144 0.996318 0.371568 1.17612 -0.56679 -0.548031 -1.83652 1.09884 0.39846 
4.83485 -1.15027 -0.0453105 -0.607484 -0.487745 -0.197833 -0.355013 0.0999362 -0.0521284 -0.0449668 0.133647 0.0380478 0.128286 4.75952 1.913 -1.96157 2.05219 0.423937 -0.603246 -0.318999 0.927384 1.58508 -0.586993 -0.598413 -0.129393 -0.0350052 -3.714 0.273514 -2.46023 2.09397 2.0313 1.5789 0.55383 1.96564 -1.2847 -1.48952 -1.23573 0.720798 0.460862 
4.86813 -1.07332 -0.0636731 -0.48238 -0.506076 -0.241621 -0.406753 0.0992338 -0.0246479 -0.0164164 0.0344113 -0.0728578 0.170627 2.87894 2.28769 -2.45912 2.87541 0.53717 -0.948611 0.106344 0.998212 1.58669 -0.240935 -2.04709 -0.439127 0.707931 -3.90482 -0.463364 -1.77175 0.597404 2.87847 1.31349 0.679364 1.7112 -0.458072 -0.765076 -0.530538 0.473176 -0.0153581 
4.82425 -1.03392 -0.176003 -0.456333 -0.387794 -0.20506 -0.364553 0.0147941 -0.109535 -0.108207 0.102113 0.173119 0.169603 -0.239052 2.4042 -3.16915 2.65624 0.964141 -0.697851 -0.258348 1.40808 0.807426 -1.19522 -1.56424 0.829339 0.40941 -4.37518 -0.531958 -0.195089 -0.663692 1.16007 -0.414029 -0.123443 1.05789 0.901255 0.22925 -0.164853 -0.707962 -0.391985 
4.8701 -1.05368 -0.274221 -0.401984 -0.26077 -0.124971 -0.301056 0.241618 -0.0643677 -0.1796 0.0527347 0.0604562 0.147822 -4.51895 2.63252 -3.76196 2.05601 1.08991 -0.655582 -0.757602 1.75403 0.68196 -1.112 -1.06339 1.69517 0.0966616 -6.43285 0.504559 0.721961 -1.97058 -1.11369 -1.60964 -1.09337 -1.2629 0.268802 0.442949 0.787787 0.899253 -0.263693 
4.87354 -1.00654 -0.30151 -0.301127 -0.329168 -0.160203 -0.361574 0.300683 0.0264949 -0.167924 -0.0329341 -0.0512423 0.171515 -10.0479 3.55628 -3.59492 1.34957 1.09032 -1.91468 -0.758668 1.97248 1.10768 -0.685894 -0.30184 1.39429 -0.300832 -10.1982 1.79008 0.446829 -2.53436 -2.14609 -2.42691 -1.37911 -1.02889 -0.0882037 0.846312 2.19137 2.00787 -0.894933 
4.72289 -0.936718 -0.324798 -0.307466 -0.268368 -0.276057 -0.329078 0.15493 0.0341345 -0.0145078 -0.151275 0.0173234 0.247852 -15.7632 4.48356 -2.27977 0.748127 0.562168 -2.41542 0.112812 1.0035 1.19451 0.144935 0.285681 1.10944 -0.985109 -12.8896 2.71038 1.25933 -1.55182 -1.88668 -1.75062 0.0492693 -0.851956 -0.216868 0.790229 2.6322 0.635339 -1.53777 
4.38038 -0.921933 -0.396024 -0.387219 -0.294417 -0.292957 -0.453594 0.245742 0.00303874 -0.250995 0.0949083 0.220316 0.0918797 -19.3852 5.07475 -0.784541 0.0562214 -0.464548 -2.30748 1.05064 -0.301846 1.01453 1.23361 0.128595 -0.0856865 -1.36492 -10.445 2.4472 2.56913 -0.367091 -0.888182 -0.072093 2.99759 -1.90912 -0.284885 2.2575 0.469693 -2.10284 -1.0127 
3.96162 -0.78104 -0.47982 -0.420177 -0.338783 -0.27322 -0.457295 0.212205 -0.0321626 -0.210102 0.0442178 0.275721 0.166172 -21.7045 4.9431 0.38419 -0.12391 -0.610587 -1.78746 1.47935 -2.20092 0.472676 1.69597 0.105308 -0.125261 -1.53321 -3.5829 0.0542089 3.6531 0.75944 0.328131 1.87012 3.88029 -2.71881 -0.260126 2.14084 -1.48787 -4.00817 -0.701684 
3.26151 -0.565641 -0.509276 -0.374929 -0.385424 -0.571084 -0.455247 0.414525 0.149516 -0.0410551 0.105437 0.112372 0.0702731 -21.4229 4.25002 1.19366 0.080471 -0.144775 -0.696755 2.01273 -3.18846 -0.425117 1.29318 0.147554 -0.470935 -1.47685 5.70049 -2.89893 3.15246 1.10366 1.11419 4.096 2.32592 -4.20702 -1.68953 0.0827174 -2.51535 -2.42393 0.668995 
2.67692 -0.461111 -0.257233 -0.325782 -0.336993 -0.463646 -0.209404 0.0787524 0.0694525 0.00547222 0.0756369 0.0745396 0.00958116 -18.4086 3.10648 1.75853 0.744929 0.302984 0.747787 2.47215 -3.08913 -0.873529 0.902616 -0.388261 -1.70046 -1.3596 12.2687 -4.52488 0.279818 0.929031 1.62566 3.65691 -0.79934 -1.55451 -1.9257 -1.86134 -1.83193 -0.229368 1.48762 
2.61917 -0.469031 -0.242241 -0.434351 -0.401033 -0.323195 -0.0917409 -0.00975803 -0.00120484 0.0468561 -0.000973399 -0.00527202 0.0030945 -12.2265 1.3759 2.28004 1.32375 -0.20927 1.63333 3.57369 -2.91294 -1.20779 1.74927 -1.79963 -2.52293 -0.59853 13.9924 -4.39419 -1.45067 1.13845 0.515661 1.81584 -2.02957 2.14045 -1.26619 -2.42684 -0.383253 1.27728 1.33769 
2.43746 -0.547913 -0.228095 -0.326958 -0.302454 -0.286266 -0.193017 -0.0798878 0.0202977 0.0208325 -0.060997 -0.0069588 0.0153715 -3.33969 -0.690956 2.16422 1.49519 -1.12145 1.68967 3.60041 -1.75274 -2.17756 1.13613 -1.54296 -2.01942 -0.611761 15.2019 -2.81434 -1.92353 0.437573 -2.16517 -0.728767 -0.47096 4.81786 -0.928693 -0.650033 0.424205 1.22896 0.802888 
2.43366 -0.542073 -0.20816 -0.266423 -0.286936 -0.26401 -0.203336 -0.159206 -0.0926887 -0.0739538 -0.0236681 0.0123247 0.0602021 7.39062 -1.59326 1.36413 1.18031 -1.60817 1.76022 2.93445 -0.971211 -2.40744 -0.0212976 -0.465629 -0.847275 -0.406093 16.5588 -0.807257 -1.41215 -0.525573 -3.53958 -2.85114 0.756314 5.11241 0.485238 0.757279 1.83142 0.915842 -0.582659 
2.50346 -0.585708 -0.218685 -0.243585 -0.212494 -0.16627 -0.121749 -0.0615239 -0.101002 -0.0590798 -0.0801981 -0.0810476 0.0239056 17.6789 -0.407525 0.0570949 0.752432 -2.83201 0.889281 2.11058 0.793149 -2.09075 -0.416741 0.665971 -0.6896 -0.374436 18.7232 2.18775 -0.691616 -1.46735 -3.68084 -2.70074 0.706343 1.88608 0.535348 0.287762 2.99978 1.02319 -0.972183 
2.89116 -0.71454 -0.179709 -0.242684 -0.499329 -0.162718 0.0581167 0.0493291 -0.113889 0.0856655 -0.162977 -0.0724426 0.0525347 24.0831 1.12468 -0.433512 0.796589 -3.96859 0.209573 1.56625 1.48269 -2.11406 -0.444591 1.42562 -0.903738 -0.635468 16.1418 4.91749 -1.09935 -1.51249 -1.57919 -1.32496 -1.48242 -0.758226 0.426693 -1.0185 3.04281 -0.0174469 -0.923907 
3.53757 -0.761547 -0.213735 -0.228644 -0.62449 -0.32056 0.0418556 0.155416 -0.270899 0.0413689 -0.0566199 -0.0171287 0.00509612 27.2456 2.47819 -0.569718 0.249833 -4.91133 -0.0406811 1.41297 1.75329 -1.97985 -0.274994 1.67034 -1.26178 -0.818181 5.92127 5.35433 -0.708141 -0.528969 0.368757 0.757631 -2.60496 -2.23008 0.75602 -1.08109 0.914883 -1.28942 -0.160218 
4.31119 -0.606427 -0.234488 -0.269381 -0.545186 -0.348579 -0.00282404 0.0800902 -0.110412 -0.0727287 0.174024 0.0214118 -0.05474 25.6648 3.88754 -0.940906 0.146519 -4.29661 -0.798408 1.1943 1.50044 -1.65242 -0.29345 1.40872 -1.34597 -1.19259 -8.2668 3.21431 -0.318642 0.552296 1.36291 1.02701 -1.55776 -1.51186 -0.387758 -0.153711 -2.14647 -1.73869 0.325146 
5.16322 -0.310012 -0.263068 -0.316493 -0.722764 -0.230463 0.0687546 0.0398679 -0.220431 -0.0591975 0.14352 -0.0915965 -0.0335974 21.0041 5.12641 -1.07017 -0.00462687 -2.968 -1.11274 0.246193 0.748949 -1.64369 -0.766051 1.43704 -1.30584 -1.13509 -19.9531 -0.316246 0.0976615 0.887501 3.21086 -0.187002 -0.563999 -0.0705424 -0.0806565 0.408702 -2.99291 -0.695366 0.148252 
5.39833 -0.29015 -0.312463 -0.245308 -0.845823 -0.231797 -0.0376636 0.0972151 -0.297838 -0.0299939 0.0973034 -0.188251 -0.0568723 14.0127 5.66944 -0.99699 0.064493 -1.24254 -0.499941 -0.762766 0.314322 -1.54575 -1.07923 1.13484 -1.52884 -1.02774 -21.4458 -1.89819 0.570117 0.24426 3.66735 -0.815917 0.275607 0.424658 0.245124 0.341473 -1.74555 0.911316 0.180265 
5.34047 -0.282184 -0.256411 -0.237207 -0.844522 -0.242034 -0.0440445 0.107732 -0.261958 -0.0412286 0.0697491 -0.19016 -0.0457978 5.80274 5.39745 -0.758307 0.153457 -0.188545 0.0851794 -1.10615 0.3547 -1.25861 -0.878194 0.51976 -1.6418 -0.532083 -15.179 -1.56364 0.318449 -0.320711 3.18107 -0.430247 -0.494256 0.464643 0.15616 -0.327605 0.562171 1.38988 0.276662 
5.06209 -0.122911 -0.336382 -0.211302 -0.689251 -0.394774 0.0781258 0.0939059 -0.30572 -0.0777335 0.0358774 -0.165811 -0.12129 -1.95883 4.27317 -0.566513 0.51599 0.866324 -0.064063 -0.663791 -0.688322 -1.4192 -0.0274003 -0.65485 -0.630575 -0.327132 -6.72634 -1.1233 0.525047 -0.41209 1.53586 1.17509 -0.901431 -1.2686 0.733234 0.216451 1.10693 1.54306 0.730695 
4.95306 -0.0665781 -0.327892 -0.270014 -0.626877 -0.338872 -0.0235474 0.111841 -0.325666 -0.0974281 0.0859159 -0.198549 -0.103517 -6.67696 2.92645 -0.200914 1.1369 1.86755 -0.412338 -0.783401 -1.57563 -0.96555 0.640171 -0.832081 0.626731 -0.0443718 -1.08031 -1.03186 0.492086 0.783511 -0.381938 1.19267 0.0162391 -2.71087 0.355372 1.61195 -0.456162 1.66699 0.943721 
4.91296 -0.0671203 -0.294055 -0.244394 -0.705701 -0.247979 -0.0957976 0.136717 -0.351215 -0.0820333 0.101347 -0.200336 -0.0866157 -7.07009 2.33267 0.104101 1.38246 1.7568 0.135418 -0.261441 -3.11966 -0.725112 1.50606 -0.966684 1.28378 0.503877 1.09873 -1.60751 0.367503 1.70874 -0.94544 0.289299 1.03996 -3.79879 0.321662 2.64945 -1.75261 1.62367 0.875716 
4.72606 0.0198089 -0.320244 -0.240761 -0.638326 -0.279766 -0.147749 0.166462 -0.350362 -0.140151 0.171986 -0.213402 -0.0529533 -5.88142 1.61179 0.261208 1.71435 1.04457 0.735727 -0.438371 -3.90325 -0.850245 2.38985 -1.07686 1.48215 1.09471 2.76079 -1.97805 0.587491 1.63189 -1.40481 0.125172 1.41598 -3.26 0.135437 2.84427 -1.95464 1.10204 0.86955 
4.48888 0.0490838 -0.324567 -0.189438 -0.516406 -0.295316 0.0175485 -0.207714 -0.325147 0.0212058 -0.0171015 -0.036738 -0.0927045 -3.79696 0.297979 0.871065 1.66516 0.522692 1.21133 -0.36661 -4.19247 -0.978688 3.06074 -1.3241 1.86335 1.71057 4.3983 -1.9002 0.645358 0.288518 -1.39179 0.266636 0.375944 0.179908 -0.558513 1.18505 -0.230777 -0.288255 1.01061 
4.52055 0.00223087 -0.282883 -0.0641216 -0.601925 -0.30374 -0.0731717 -0.16541 -0.385761 0.112981 -0.0461824 -0.0282964 -0.0229071 -3.70982 -0.260603 1.30275 1.64235 0.652022 0.725588 0.553712 -4.48266 -0.903989 3.06203 -1.59881 1.93872 1.83996 2.94935 -1.32291 0.893165 -1.55857 -0.195348 0.43377 0.0884142 1.85595 -0.405819 -0.841851 1.05573 -0.964477 0.655342 
4.5891 -0.0278881 -0.274403 -0.0477531 -0.672132 -0.216168 -0.0198395 -0.340688 -0.370376 0.192074 -0.0524472 -0.0495278 0.0249951 -3.54578 -1.03868 1.88937 0.868961 0.712197 1.45645 -0.258549 -3.56017 -0.150351 0.971176 -1.17409 1.38681 1.70885 -0.210173 -0.913265 1.24748 -2.42259 0.895464 0.649333 -1.106 3.47823 0.537874 -4.02627 1.64038 -1.12128 -0.200351 
4.54713 -0.013958 -0.252469 -0.0479664 -0.656018 -0.197789 -0.0836876 -0.317402 -0.402496 0.222864 -0.0375613 -0.0328601 0.0793831 -2.76906 -2.59907 1.58186 -0.923657 -0.11933 2.11416 -0.59596 -1.55888 1.04879 -0.620953 -0.0954455 0.892662 1.55428 -2.40291 -1.46328 0.300302 -3.31066 0.689264 0.833163 -1.16881 3.72945 2.48598 -5.72381 1.99628 -1.0222 -1.01301 
4.6306 -0.103102 -0.194348 -0.104029 -0.562607 -0.207667 -0.0250449 -0.310609 -0.474339 0.246896 -0.0711011 0.0540786 0.105861 -2.34658 -4.46511 1.47844 -2.90941 -1.32612 2.09995 -1.19736 0.0838298 1.89902 -2.66755 1.90597 0.851092 1.56398 -2.44884 -2.94785 -0.7979 -3.61509 -1.58801 0.833597 -1.1771 2.44179 3.70764 -5.1825 2.59285 -0.222628 -1.12134 
4.30178 -0.0686157 -0.123413 -0.0965199 -0.523414 -0.248485 0.0391323 -0.398153 -0.421946 0.197158 -0.0708407 0.00824604 0.116523 -2.91884 -7.08216 1.28598 -2.75497 -0.8358 1.79723 -1.47845 0.875181 3.87203 -3.61159 2.18728 0.710302 0.840755 0.756548 -5.67349 -1.52972 -1.6619 -2.69006 0.185753 -1.39644 2.14686 3.88556 -2.30489 2.33813 0.290745 -0.8073 
4.26722 -0.180332 -0.0420486 -0.182078 -0.577211 0.0223604 -0.27667 -0.240419 -0.256335 -0.232537 0.0147902 -0.064138 0.0886332 -2.42943 -9.25674 0.593637 -1.69153 -0.323702 1.14098 -1.23821 1.90686 4.45697 -3.92885 1.72512 0.297402 0.509882 2.87122 -6.25687 -1.95047 2.01705 -0.97671 -1.98318 1.12126 0.220687 1.86786 2.50035 0.0246653 0.367608 -0.282072 
4.29906 -0.40367 -0.236416 -0.446927 -0.689191 -0.0192376 -0.130926 -0.0898774 -0.0956912 -0.160876 0.141199 -0.0138595 0.109682 -1.30627 -10.5289 0.25422 -0.495781 -0.167544 0.851169 -0.94939 1.20245 4.41265 -3.66109 1.20988 0.29824 0.189191 3.30592 -3.73671 -0.438 5.9489 2.09443 -2.38142 1.33924 -1.69167 -1.2104 3.85041 -2.83766 -0.10829 -0.183357 
4.29064 -0.672882 -0.13825 -0.550386 -0.863098 -0.0902961 -0.140766 -0.273352 -0.120103 -0.221558 0.293557 0.162236 0.157745 0.960854 -10.6004 -0.483239 0.434373 -0.363927 -0.0646976 -0.274069 1.53528 3.91609 -2.7686 0.46504 0.0482643 0.112922 4.00865 0.812783 -0.298182 6.0185 3.68259 -1.93238 2.03836 -1.01156 -3.11561 3.40291 -4.55535 -1.16415 -0.268588 
4.22957 -1.0704 -0.109604 -0.156897 -0.647413 -0.0956201 -0.265563 -0.128426 0.186638 -0.167964 0.130282 0.0105103 0.0768766 3.95664 -9.78489 -0.660007 1.55995 -0.414556 -0.608823 0.286446 0.686784 2.14472 -1.0861 0.0617597 0.174376 0.204159 4.31696 5.80726 -0.0694346 1.71192 1.11223 -0.802599 1.95442 -1.59939 -5.02181 1.61181 -2.30525 -0.615198 0.207881 
4.39057 -1.18109 -0.232941 -0.078158 -0.567822 -0.123548 -0.0926105 -0.101401 0.0433348 -0.173282 0.0176126 -0.0562572 0.130114 5.4533 -7.27317 -0.411405 2.46538 0.111943 -1.7067 1.57555 0.261023 0.596572 0.384262 -0.722807 0.144575 -0.166038 3.93119 7.56005 0.626319 -2.07757 -1.57285 0.164003 0.422925 -0.450092 -3.47928 0.0246303 0.686776 0.215199 -0.282561 
4.43084 -1.21366 -0.142824 -0.0690492 -0.560523 -0.0963539 -0.151989 -0.300326 -0.0259399 -0.197459 0.0281198 0.0667263 0.111037 6.35846 -4.50919 0.346388 3.17293 0.494491 -1.66833 0.974603 -0.107419 -0.484918 0.75941 -1.30504 -0.63086 -0.239962 2.43733 6.26404 0.494751 -3.14797 -2.4332 -0.251188 0.0710598 0.700328 -1.26532 0.717772 2.02261 -0.127293 -0.27535 
4.72972 -1.22734 -0.236857 -0.140506 -0.640897 -0.24589 -0.00859135 -0.0600324 -0.0127379 -0.177147 -0.0277435 0.0122517 0.125667 7.26022 -1.70292 -0.110995 1.9563 -0.25593 -2.29671 0.547936 0.826417 -0.489451 1.45287 -1.15731 -1.02118 -0.129483 -0.435448 3.72736 0.962464 -1.88576 -1.72142 -0.596888 -1.80316 0.331564 0.909685 1.06369 1.81258 -0.279598 -0.172273 
4.85319 -1.19753 -0.165432 -0.0447084 -0.717442 -0.152632 -0.0918221 -0.299511 -0.144198 -0.109685 0.102025 0.00887824 0.146018 7.80896 0.823802 -0.37565 0.495416 -1.3021 -2.47786 0.593822 0.284718 -1.22504 1.7141 -0.0700689 -0.286285 0.269008 -1.63158 1.50936 -0.324136 -0.287452 0.0987331 -1.19037 -1.75137 1.38101 2.44454 1.18418 0.0211305 -0.570881 0.180029 
4.94509 -1.09018 -0.140529 -0.0942987 -0.66086 -0.226288 -0.0065907 -0.0816231 -0.0713503 -0.189695 0.0496597 0.0158906 0.027371 6.94626 1.75058 -0.914484 0.244347 -0.801098 -2.58803 -0.214157 0.832565 -0.228763 1.92514 0.310983 -0.190266 0.223765 -1.60724 0.427028 -2.05594 0.11521 0.999231 -0.80225 -1.10858 0.254777 1.29613 0.97954 -0.332213 0.121211 1.15664 
5.00124 -1.14286 -0.119217 -0.0362668 -0.663963 -0.275235 -0.0957813 -0.185329 -0.0740492 -0.0230931 0.0233295 -0.0781269 0.114013 5.50482 2.49211 -1.73369 0.278896 0.458178 -2.22198 -0.533971 1.63234 -0.199372 1.07372 0.33361 -0.202697 0.137759 -1.97881 0.78196 -2.55605 -0.0502317 2.25505 0.534125 -0.202655 0.299573 -0.113919 -1.38749 0.0104888 1.40855 0.411429 
5.1441 -1.09375 -0.199344 -0.149798 -0.828919 -0.464322 -0.18917 -0.0341639 0.0399568 0.0192691 0.0499451 -0.0481933 0.140148 3.2462 3.39571 -1.75549 0.645248 1.47746 -1.98447 -0.75879 1.1931 -0.32991 0.505257 0.433934 0.390877 -0.191513 -3.03265 1.40156 -1.54453 0.565395 3.33875 1.7173 0.999224 0.119162 -1.55462 -2.74571 0.177465 1.34542 -0.682275 
5.27763 -0.999643 -0.264601 -0.00725591 -0.720404 -0.374963 -0.0732926 -0.159775 -0.0783812 0.0321025 0.0715598 0.00440799 0.159689 2.47989 5.48296 -1.98846 0.413875 1.697 -2.50266 -1.07052 1.81673 -0.34002 -0.13679 0.171663 0.479191 -0.406847 -3.58619 3.20143 0.641107 0.188803 1.82653 0.99525 -0.190081 0.161327 -1.4565 -2.7751 0.342177 0.576795 -1.52054 
5.24785 -0.984421 -0.40054 -0.0608804 -0.567545 -0.421731 -0.113893 -0.0401524 -0.0184094 0.0159763 0.0436079 -0.00511111 0.150327 2.89831 7.64004 -2.26171 0.210078 1.40774 -2.31023 -2.06418 1.96823 -0.958746 -0.549999 0.694866 0.671623 -0.431437 -1.02865 5.27324 1.94177 -0.337564 -0.973592 -0.447357 -1.33131 0.775692 -0.859762 -1.46236 0.384163 -0.148638 -1.44223 
5.15648 -0.870878 -0.389196 -0.0638955 -0.457497 -0.349293 -0.170125 0.0111167 -0.132264 -0.197006 0.0731701 0.0473302 0.0919522 3.0602 9.4081 -2.3555 -0.715793 1.15956 -1.98952 -3.08523 3.11808 -0.443089 -1.04014 0.831379 0.884492 -0.967516 2.41078 5.05112 1.18117 -1.39579 -3.36007 -1.46851 -3.0286 1.23514 1.0146 1.42502 0.31634 -0.846971 -0.192377 
5.09333 -0.712093 -0.341555 0.0112348 -0.499039 -0.471859 -0.0915323 -0.0218525 -0.129553 -0.101977 0.0933496 0.070999 0.0454414 3.27349 9.85022 -2.40167 -1.42551 1.15892 -1.45874 -4.41749 3.72168 0.0723371 -0.737893 0.639273 0.465225 -0.761887 4.40916 2.30558 -0.891624 -2.76975 -2.97049 -0.442574 -4.1661 2.43436 2.37777 1.98356 0.0546958 -0.820761 0.995533 
5.25843 -0.273683 -0.32649 -0.0288048 -0.583135 -0.567739 -0.277393 0.0131169 -0.141852 -0.121891 0.0888374 0.0138456 0.0392389 3.57964 9.38719 -2.55775 -2.74182 0.558105 -1.28273 -5.53953 4.43553 0.951713 -0.379473 0.375684 0.0105697 -0.336576 2.56573 -2.95836 -2.22104 -2.65202 -0.147758 1.77349 -2.44551 1.87336 2.44367 1.62106 -0.48449 -0.453908 1.61969 
5.53245 -0.0550762 -0.448246 -0.113732 -0.600213 -0.587117 -0.411038 0.212723 -0.161959 -0.135196 0.15214 0.0444901 0.0398798 4.26676 8.19698 -2.61254 -3.38071 0.311567 -0.576443 -5.54116 4.20313 1.24483 0.111395 0.149172 -0.450053 0.165086 -1.09425 -6.53499 -1.62819 -1.88736 2.06255 2.70188 0.0591711 0.125251 1.67796 0.533021 -1.19559 -0.704068 1.48414 
5.52326 -0.000906787 -0.505216 -0.249519 -0.631363 -0.5716 -0.604229 0.318006 0.0261369 -0.0607946 0.133454 0.0497373 0.0337815 4.38198 6.21873 -3.12939 -3.87332 0.576023 -0.0425102 -5.15259 4.0301 1.72991 0.711751 -0.230973 -0.950173 0.619222 -2.77571 -6.43327 -0.169431 -0.0891653 2.62001 2.37639 2.89453 -1.83907 -0.705307 -0.744791 -1.05403 -0.808628 0.763872 
5.61046 0.00577945 -0.611122 -0.306826 -0.558225 -0.544224 -0.71995 0.410983 0.0538243 -0.0387237 0.10516 0.0176864 0.112508 3.67622 3.84232 -3.24358 -4.09714 1.36396 0.940928 -4.57418 3.52308 1.70293 0.358429 -0.46345 -1.17086 0.807933 -2.89447 -3.98781 1.28083 1.18023 1.35179 0.905028 4.05582 -2.96685 -1.59918 -0.721802 -0.46836 -0.68976 -0.340771 
5.60741 0.00526524 -0.661418 -0.384199 -0.475641 -0.463807 -0.706704 0.398668 0.0342727 -0.0815417 0.0744774 -0.00462406 0.134384 1.77576 1.62408 -2.87159 -3.48813 2.04002 1.19962 -2.89075 2.25009 1.60413 0.346642 -0.572734 -1.08894 0.751056 -2.01635 -0.919516 1.66826 1.72873 -0.0889363 -0.665963 2.90007 -2.58585 -1.23349 -0.37162 0.232115 -0.232717 -0.875038 
5.65156 -0.0194148 -0.670043 -0.45162 -0.434395 -0.442808 -0.700831 0.427328 0.0342108 -0.0896742 0.0628614 -0.0609753 0.127605 -0.0189133 1.08498 -2.14069 -2.5614 2.25749 0.705594 -1.18855 0.31341 1.508 0.115797 -0.508034 -1.06247 0.439285 -1.89684 0.848619 1.15501 1.83435 -0.697523 -1.63144 1.8446 -2.24231 -0.037572 -0.00407748 0.823034 0.706882 -0.940585 
5.6393 0.00960766 -0.716995 -0.459114 -0.426218 -0.444397 -0.709415 0.439415 0.0353816 -0.0725885 0.0572181 -0.0752966 0.119405 -0.738451 1.37147 -1.6102 -1.69303 2.08981 0.0369507 0.0356835 -0.887443 1.21801 -0.317708 -0.0110376 -0.821458 0.0583528 -2.10136 1.3691 0.788497 1.40179 -0.716769 -1.89262 1.02508 -2.11905 1.20566 -0.01157 0.994004 1.08567 -0.685916 
5.64613 0.0166453 -0.709621 -0.487703 -0.397576 -0.428235 -0.740546 0.411727 0.0631353 -0.0669215 0.0605852 -0.0885375 0.118287 -1.46046 1.72285 -1.03624 -1.0956 1.33243 -0.276631 0.134566 -1.57637 1.55348 -0.525862 0.547987 -0.577596 -0.476683 -1.51118 1.19336 0.315971 1.03737 -0.730868 -1.22402 0.346461 -1.46621 1.18848 -0.475318 1.0395 0.839987 -0.408985 
5.54881 0.0795871 -0.727735 -0.479364 -0.358637 -0.475951 -0.705136 0.361595 0.0906406 -0.0678024 0.0630126 -0.0764367 0.121612 -1.87475 1.84353 -0.683294 -0.535838 1.0461 -0.439979 -0.339433 -1.84873 1.57102 -0.452192 0.67801 -0.33292 -0.54393 -0.382812 0.195683 0.361852 0.47874 -0.678831 0.263808 -0.748617 -0.436671 0.301666 -0.657178 0.585999 0.254519 -0.233189 
5.48275 0.14928 -0.753385 -0.47253 -0.333065 -0.545303 -0.621521 0.247824 0.16173 -0.0891306 0.104565 -0.0557163 0.0846839 -2.39541 1.89996 -0.619975 0.0214153 1.00098 -0.413152 -0.939034 -1.9055 1.30535 -0.481723 0.923767 0.0239182 -0.219201 0.383162 -0.826958 0.394074 0.357898 -0.429837 1.35095 -2.14072 1.02593 -1.00781 -0.216996 0.024956 -0.175673 0.41513 
5.46509 0.188159 -0.758016 -0.491896 -0.345487 -0.559126 -0.659986 0.240951 0.214296 -0.114974 0.137442 -0.0577783 0.0779537 -2.21973 1.21283 -0.191133 0.259511 0.895515 -0.420753 -1.71453 -1.56789 1.08856 -0.30607 0.949697 0.138534 -0.0150975 0.596676 -1.64345 0.488226 0.545869 0.0530635 1.2083 -2.48229 1.55941 -1.7089 0.597527 -0.462071 -0.0914294 0.879277 
5.45911 0.197478 -0.753377 -0.484436 -0.390294 -0.482758 -0.762073 0.244385 0.229601 -0.146583 0.172633 -0.0891913 0.0565693 -2.46511 -0.0312127 0.488327 0.714222 0.707789 -0.217904 -2.53755 -0.966694 0.728058 -0.290225 0.530749 0.110639 0.0393039 0.00402641 -2.44157 1.02894 0.757692 0.456876 0.138638 -1.7529 1.38715 -1.37722 0.921047 -0.935426 0.181437 0.867957 
5.41101 0.181044 -0.73829 -0.48095 -0.303684 -0.457209 -0.800102 0.2139 0.166379 -0.125163 0.110544 -0.0836565 0.0808047 -5.0857 -0.525222 1.32751 1.43842 0.935127 -0.364387 -2.37715 -0.731032 -0.011924 -0.246752 -0.158239 0.238352 0.189518 -3.25536 -1.87345 1.6111 1.29256 0.323188 -1.17102 0.213008 0.585433 -0.60388 0.47299 -1.10774 0.416661 0.265619 
5.33837 0.209439 -0.779618 -0.428391 -0.28298 -0.488433 -0.868098 0.23392 0.148154 -0.11905 0.179177 -0.0530635 0.143528 -8.20681 -1.00211 1.88582 1.81309 0.922951 -1.22182 -2.33773 -0.774463 -0.658125 -0.248349 -0.752989 0.681864 0.718544 -6.98205 -0.896465 1.89981 1.16385 0.0170368 -2.16378 1.8698 -0.731273 -0.191543 -0.317821 -1.44892 0.678544 -0.167437 
5.39 0.105442 -0.707006 -0.434952 -0.301456 -0.529445 -0.959761 0.255504 0.188921 -0.066966 0.164915 -0.05529 0.124132 -13.8565 -1.96916 3.37756 2.26191 0.920271 -1.2886 0.390808 -1.86842 -1.54542 -0.375247 -1.677 1.46991 0.529176 -12.0596 -0.0735282 2.20475 0.927663 -0.187168 -1.43557 4.61189 -2.23131 -1.01129 -1.08407 -1.64457 1.28459 -0.27126 
5.23467 -0.0388501 -0.594902 -0.367263 -0.299007 -0.496505 -1.02565 0.263336 0.190207 -0.122598 0.0862635 -0.0715946 0.0960875 -17.5778 -2.43228 4.54615 2.39144 1.13893 -0.491627 3.68665 -2.53143 -2.38315 -0.995961 -2.51107 1.57085 0.099785 -12.0598 0.267336 2.06365 0.108077 -0.0719865 0.827018 7.13595 -2.77742 -2.05024 -1.327 -1.42693 1.1665 -0.475231 
4.53117 0.127747 -0.533666 -0.241191 -0.199242 -0.617067 -0.819935 0.162543 0.0993514 -0.135277 0.0218061 -0.0152161 0.11561 -18.8765 -4.00716 6.06652 2.41027 0.462308 1.10723 6.59689 -3.49811 -2.8107 -1.61563 -2.70947 1.63875 -0.200504 -4.33327 -2.33493 2.44678 -0.832055 -0.583439 4.24012 7.33342 -2.23331 -2.03355 -1.23454 -0.78822 0.349921 -0.698275 
4.24896 0.0811251 -0.537252 -0.277373 -0.258211 -0.782369 -0.914288 0.0931379 0.0974692 -0.162532 0.0326363 0.0669379 0.205487 -21.4386 -5.36322 5.90639 1.9803 0.506022 2.73562 8.14884 -4.29076 -2.73179 -1.18987 -2.96787 0.943943 -0.608099 1.83183 -3.98658 1.2602 -0.977764 -0.396714 6.33813 5.16346 -0.944241 -0.685653 -0.00161798 0.0682875 -1.4636 -1.11908 
3.37443 -0.128147 -0.224212 -0.216877 -0.262695 -0.574621 -0.398819 -0.0943948 -0.0499591 -0.19088 -0.109213 0.163014 0.0930172 -20.095 -6.61825 4.37536 2.10541 -0.33969 3.85561 8.91613 -4.97471 -2.47489 -0.462873 -1.99202 0.500056 -0.606005 9.25098 -4.12056 -2.59243 -0.663975 -1.07473 4.17865 -1.00442 0.34847 1.76104 1.86338 1.88008 -2.7113 -0.405466 
3.35151 -0.120118 -0.166917 -0.208578 -0.174242 -0.348732 -0.153236 -0.0636213 -0.156197 -0.307467 -0.18127 0.0484984 0.0435075 -13.9112 -8.03262 2.57295 1.67907 -1.37026 4.48398 8.56074 -4.81068 -2.22333 0.410583 -0.537423 0.118447 -0.564912 11.9948 -3.38745 -5.65637 -0.0294863 -2.12843 0.00270078 -5.35642 0.617539 2.83614 3.28972 3.42803 -1.82968 0.461226 
3.43624 -0.486777 0.063005 -0.174753 -0.29924 -0.191123 0.0046629 -0.219972 -0.165409 -0.315817 -0.146017 0.106074 0.093902 -5.53994 -9.78864 1.35475 1.67025 -2.48735 4.7439 6.22316 -3.9824 -1.05982 0.906496 0.162188 -0.259394 -0.536257 13.3599 -0.600259 -6.66189 0.550092 -2.19785 -3.70941 -6.99802 1.38374 2.58147 2.7996 3.14732 -0.386602 0.819446 
2.6748 -0.582594 -0.171884 -0.213887 -0.204656 -0.142768 -0.095691 -0.254449 -0.0585158 -0.123544 -0.163068 -0.0427048 0.0461142 2.79249 -9.76091 -0.224916 2.07785 -2.8243 3.81243 4.5528 -3.37645 -0.156071 2.26147 0.722382 -0.82668 -0.257308 18.415 0.668807 -3.36526 0.848097 -2.23784 -4.78876 -5.08636 1.57696 1.26606 1.13778 1.67622 1.18469 1.13773 
3.05797 -0.783739 -0.321349 -0.07405 -0.428136 -0.152226 -0.0307575 -0.369387 -0.0474619 -0.0554716 -0.00870347 -0.00797844 0.0614593 10.775 -8.873 -1.80731 2.20566 -3.6789 1.60497 2.06946 -1.99619 0.53053 2.93285 1.72758 -0.755775 0.210682 15.3135 2.06542 0.888985 0.478618 -0.559443 -3.42378 -1.52086 2.19952 -0.0658757 -0.190262 -0.669231 1.22133 0.451249 
3.6334 -0.941874 -0.365391 -0.115127 -0.487544 -0.139815 0.0124846 -0.335199 -0.14866 -0.0680667 0.0818433 0.0216452 0.0749376 14.2909 -7.8501 -2.21659 2.15337 -4.50516 -0.486802 1.29445 -0.67713 0.809985 2.28933 1.82973 0.146019 0.312258 8.24937 3.30417 2.40876 0.110581 0.201661 -2.32827 0.681704 2.74269 -0.189233 -1.50555 -1.68816 0.699996 -0.011597 
3.93526 -1.10875 -0.274063 -0.0154005 -0.558755 -0.175695 -0.157643 -0.326601 -0.00667527 -0.0931874 -0.0293575 0.0622021 0.0945848 16.5114 -5.3244 -1.89299 1.9548 -3.95861 -1.83881 1.09314 1.26057 0.725812 1.29269 1.08467 -0.0178896 0.11597 -0.65699 3.93738 2.0423 -0.795047 0.650336 -1.53478 2.09374 3.0311 -0.563725 -2.08606 -1.17775 0.0109196 -0.442713 
4.48008 -1.13853 -0.360767 0.0190815 -0.553367 -0.242637 -0.0309752 -0.403678 -0.00726694 0.144779 -0.012545 -0.0221833 0.13238 18.4427 -3.40767 -0.470511 1.22391 -3.32287 -1.8293 0.899818 1.87106 0.0912452 0.538927 0.740677 0.175849 0.301693 -8.05383 4.33742 0.886046 -1.77964 1.37784 -0.240258 0.298607 2.6912 -0.591039 -2.5336 -0.633296 -0.422147 -0.653439 
4.73261 -1.18178 -0.313742 0.0594279 -0.697597 -0.2614 0.0809595 -0.264898 -0.0858552 0.0779633 0.0765803 0.0329299 0.0714862 15.6084 -1.05996 0.239326 0.503089 -1.79907 -2.02829 0.513265 2.04352 -1.04716 0.443893 0.502302 -0.153314 0.677875 -7.39599 4.05488 0.247493 -1.82205 2.34493 0.528643 -1.53546 0.170904 -1.45001 -1.06805 0.0838862 -0.702718 0.47087 
4.83 -1.20217 -0.355884 0.0229819 -0.794752 -0.361922 0.112517 -0.135291 -0.0491874 -0.155202 0.0391175 0.112055 0.0869696 11.8937 0.614579 -0.347634 -0.14551 -1.01027 -1.85089 0.553401 2.16407 -1.02909 0.486037 0.820243 -0.305586 0.402521 -4.86515 3.08277 -0.365089 -1.62964 3.05087 1.37298 -2.23449 -1.77124 -1.74414 1.49835 0.933981 -0.840505 0.724761 
4.89871 -1.10501 -0.277202 0.0360048 -0.695134 -0.406166 0.0767995 -0.0293225 -0.0071041 -0.0888299 -0.0455344 -0.0239655 0.0728788 8.82434 1.81304 -1.12354 -0.843642 -0.19627 -1.74587 0.516418 1.77734 -1.64639 0.52795 1.23348 -0.541237 0.487029 -3.19505 1.29983 -1.52436 -0.796861 1.92626 0.937929 -1.46953 -2.82889 -1.10466 2.19124 1.27741 -0.0624546 0.694073 
5.10728 -1.04515 -0.317456 -0.0782106 -0.646809 -0.277158 -0.0610709 -0.157113 -0.095914 0.0369866 0.0446024 -0.0246393 0.112731 5.79187 2.40855 -1.19698 -1.01469 0.101452 -1.57881 -0.322 1.6253 -1.49587 0.129855 0.907444 -0.536701 0.302641 -2.95816 0.00664783 -1.88349 0.341037 0.1376 -0.47788 0.66322 -1.25971 0.314816 1.05726 0.40448 0.127491 -0.267299 
5.28545 -0.957231 -0.29712 -0.00264266 -0.629918 -0.411234 -0.000368759 -0.207807 -0.338116 0.0495283 0.139976 -0.00206932 0.224788 3.7118 3.05581 -1.42195 -1.55995 1.14387 -1.31434 -0.64314 0.881774 -1.12569 0.29896 0.376802 -0.24626 0.0312572 -4.26276 -0.522598 -0.972847 -0.00477045 -0.714263 -0.371475 0.972689 0.696234 2.15937 -1.28756 -1.25369 0.772513 -1.66123 
5.23906 -0.96775 -0.465797 -0.106571 -0.640633 -0.372432 0.0489672 -0.0654539 -0.132716 0.0420005 0.161859 0.00890409 0.0873912 1.6746 2.98685 -1.69883 -1.5174 1.38588 -1.13272 -1.19093 0.355737 -0.758769 0.913033 1.11097 0.284662 -0.325834 -4.56405 -0.167851 0.603918 -0.0113155 -0.268464 -0.40757 -0.391503 0.683249 1.79563 -1.94041 -1.42066 1.22875 -1.23305 
5.22637 -0.935106 -0.494094 -0.0757384 -0.613198 -0.46109 -0.00443375 -0.159024 -0.186375 0.0820545 0.11514 -0.0447494 0.166992 0.145424 2.72298 -1.77247 -1.43663 1.02075 -1.00683 -0.943797 0.369866 -0.418162 -0.0454353 1.02832 0.750736 -0.616081 -3.45997 0.295107 1.46668 -0.292821 0.503824 0.654533 -1.06385 0.502343 1.0647 -1.36176 -0.413038 1.08197 -0.963642 
5.25651 -0.875558 -0.464812 -0.0587789 -0.684667 -0.48105 0.00363674 -0.0670559 -0.181328 0.0409836 0.0776483 -0.0519975 0.0982225 -2.10587 2.17512 -1.4045 -0.53689 1.29007 -1.36685 -1.10802 0.73781 0.569742 -0.814728 0.00432697 0.770897 -0.673257 -2.42259 -0.321209 0.967436 0.344341 1.16003 0.91301 -1.45354 -0.73607 0.197501 -0.403357 0.429029 0.664149 0.42469 
5.1439 -0.767091 -0.442003 -0.206278 -0.536705 -0.449358 0.0149418 -0.0536948 -0.169336 -0.0811319 0.0322315 0.0964107 0.0301393 -3.87356 1.75192 -1.25076 -0.388811 1.15648 -1.16804 -1.35664 1.5944 1.00584 -1.51115 -0.498795 0.885961 -0.69103 -1.67485 -1.2654 0.0938354 1.82732 0.0721179 -0.107122 -0.444381 0.134296 -0.309063 -0.181451 0.197216 -0.560718 1.39511 
5.00491 -0.799226 -0.53407 -0.166098 -0.552355 -0.498299 -0.17016 -0.0853024 -0.112434 0.0571525 0.248221 0.117288 0.0592693 -4.46096 1.95915 -0.553449 0.354274 1.14326 -1.365 -1.49876 1.43316 0.244384 -1.86785 -0.977223 0.612918 -0.032016 -1.21247 -0.995117 -0.0983403 1.85108 -0.562502 -0.508408 0.985352 1.21178 -0.224521 -1.0456 -1.85521 -1.31803 1.15185 
5.07826 -0.726828 -0.485663 -0.167367 -0.546385 -0.445803 -0.0736556 -0.0673698 -0.171492 -0.0497288 0.133756 0.0232585 0.0535717 -5.8811 2.07395 -0.481421 0.305899 0.89886 -0.76921 -1.38286 1.67304 0.896869 -2.2694 -0.849946 0.785207 -0.486355 -2.03223 -0.051919 0.0234962 1.02615 -1.00442 -0.56432 0.734226 1.06296 0.137057 -0.936138 -1.61854 -0.622835 0.332755 
4.8739 -0.80044 -0.50606 -0.0264914 -0.450204 -0.532943 -0.178392 -0.0943967 -0.0928472 -0.0590319 0.0278949 0.0596071 0.121104 -7.36495 2.29675 -0.0654407 0.401751 1.05535 -0.00751659 -1.06 1.38794 0.785577 -2.15418 -1.32791 0.207979 0.138585 -2.19931 1.61625 0.869227 -0.883505 -0.960427 1.20527 0.988843 0.499476 0.105326 -0.588855 -0.657684 -0.271254 -0.658007 
4.72788 -0.767956 -0.566514 -0.0872611 -0.550104 -0.586192 -0.090948 0.171235 -0.141223 -0.190635 0.0637985 0.105068 0.0931946 -8.42674 2.4737 0.30162 1.16999 0.573125 0.819436 -0.306639 1.20808 0.349932 -1.32295 -1.20157 -0.583814 0.0417978 -2.6412 1.97959 1.453 -1.02045 0.303057 2.95646 0.64466 -1.74592 0.0384313 1.26312 0.570654 -0.306699 -0.879455 
4.7054 -0.650951 -0.518304 -0.0352319 -0.51695 -0.594798 -0.147672 0.0622302 -0.149185 -0.178287 -0.0444451 0.0122558 0.117436 -9.94171 3.05729 0.580768 0.638837 0.179946 1.86103 0.419152 1.28141 0.557593 -1.13987 -1.42756 -0.781923 -0.761155 -3.20949 0.931748 0.840282 -0.633136 0.0440398 3.38121 0.733431 -1.5843 0.0556442 2.48506 1.80992 -0.535597 -1.02677 
4.41018 -0.584338 -0.519076 -0.111334 -0.533108 -0.491004 -0.181663 0.0520816 -0.0052179 -0.237045 0.0335212 0.113454 -0.0159935 -11.2509 3.63387 0.633746 0.231091 0.600782 2.81812 0.629767 0.708012 0.604826 -0.851786 -0.957699 -0.260996 -0.953078 -1.83934 0.284957 0.263273 0.118754 0.403016 2.35702 1.34771 -0.949291 -0.704312 1.77064 0.717485 -0.636583 -0.341863 
4.20291 -0.50229 -0.411037 -0.115009 -0.440299 -0.368348 -0.12083 0.0671793 -0.097214 -0.22768 -0.0914743 0.0192785 0.128479 -11.0422 4.35737 0.904056 -0.449669 1.18401 2.94204 1.21227 0.634232 -0.185768 -0.942613 -0.409566 -0.286092 -1.6279 -0.301443 -0.0724196 -0.753563 0.00325898 0.733497 -0.44226 0.797719 0.179005 -0.637099 -0.0769707 0.567333 0.596976 -0.925683 
4.01488 -0.479985 -0.439105 0.0220714 -0.467417 -0.303898 -0.0523912 0.0350806 -0.16232 -0.0747736 0.054812 -0.00929563 0.0243808 -10.7037 4.41517 1.5406 -0.529216 1.9607 3.14341 1.35117 -0.695373 -0.857203 -0.561297 -0.042658 0.0927115 -1.43408 1.80801 0.417533 -0.118253 -1.24044 1.29654 -1.99886 0.380675 0.308085 -1.20185 -2.09156 -0.0253501 1.54602 -0.24405 
3.73194 -0.415013 -0.483168 -0.0981905 -0.575795 -0.245565 -0.0874223 0.107213 -0.011732 -0.113105 0.0177929 -0.0357095 -0.0855169 -10.0943 4.07483 1.73474 -0.768158 2.31828 2.08223 1.89777 0.0295833 -1.19156 -0.571603 0.510756 0.52095 -1.6561 3.54797 0.35661 1.17963 -0.82451 2.097 -2.92395 0.204699 -0.434644 -1.76974 -1.58179 0.235417 1.49556 0.417179 
3.60414 -0.288581 -0.434917 -0.0905417 -0.362502 -0.154566 -0.0104302 0.025266 -0.0835656 -0.267703 -0.0818417 0.0849234 0.00191384 -8.58084 3.59647 2.09661 -0.695619 2.80142 1.05195 1.40714 -0.335949 -1.56328 -0.749583 -0.176094 0.289798 -1.01846 3.11303 -0.810241 1.65063 -0.430027 0.874867 -2.53408 -0.644396 -0.507152 -0.746422 0.122529 0.397405 0.244214 0.584747 
3.54172 -0.214685 -0.416305 -0.13832 -0.281902 -0.342546 0.00184345 0.155397 -0.211983 -0.310043 -0.0017081 0.0578628 -0.126028 -7.30901 2.9276 2.27575 -1.37703 2.18508 -0.0374657 0.575696 -0.58829 -1.60571 -1.46264 -0.0638092 0.427761 -1.13872 2.06408 -1.90188 1.39964 -0.00177772 -0.921121 -0.939676 -1.35442 -0.917465 0.255861 0.917958 -0.529105 -1.08567 1.37322 
3.44547 -0.16106 -0.281909 -0.15685 -0.287643 -0.188444 0.0407385 -0.0690842 -0.290622 -0.245457 0.0514459 0.122053 -0.0381815 -6.30828 2.04531 2.5356 -1.53627 2.5438 -0.210731 0.625905 -0.400913 -1.88273 -1.58459 -0.378104 0.0988764 -0.457641 0.917253 -2.61349 -0.257475 0.307626 -1.62142 -0.219894 -1.30977 0.354214 0.892288 0.645768 -0.781098 -1.85772 0.582133 
3.33865 -0.141354 -0.260908 -0.153326 -0.226906 -0.351395 0.0881418 0.118845 -0.195327 -0.225465 0.0590806 0.0931968 -0.147077 -5.28227 1.07974 2.69127 -0.799849 2.16703 -0.77856 0.0365811 -0.640672 -1.78334 -0.457635 0.0166892 -0.280418 0.0346171 0.363354 -2.234 -1.0257 0.247489 -1.7289 0.711487 -1.28547 0.106801 0.745724 0.382416 -0.546767 -1.3269 0.687458 
3.24543 -0.165469 -0.202834 -0.157008 -0.156158 -0.274214 -0.0554882 -0.0306187 -0.20824 -0.291526 -0.11686 0.041397 -0.0225318 -4.85812 0.0370337 2.13069 -1.02937 0.596256 -0.809939 -0.86613 -1.04975 -0.980299 0.560218 0.279128 -0.729768 0.286635 0.647298 -1.28418 -1.39121 0.275931 -1.36939 0.336359 -0.33947 -0.0211728 0.381017 1.11241 0.938714 -0.0290845 0.404481 
3.18906 -0.174988 -0.168685 -0.280812 -0.320632 -0.338594 -0.0751577 -0.0128475 -0.320641 -0.380157 -0.0326383 0.0144638 -0.0802117 -4.25173 -0.315364 1.95392 -0.780975 -0.0798897 -0.372904 -1.21951 -1.73337 -0.396226 0.887175 -0.299633 -0.817861 0.999109 1.17206 -0.227932 -0.904955 0.638797 -0.75555 -0.10897 -0.261648 -0.849564 0.805414 2.08409 0.902856 0.576062 0.594715 
3.07509 -0.228564 -0.195959 -0.188046 -0.139762 -0.224773 0.095841 0.0619776 -0.343148 -0.279866 0.000421495 -0.00927682 -0.0765233 -3.49492 -0.467041 1.53592 -0.768565 -0.570101 -0.608562 -1.55834 -1.49748 0.334522 1.55154 -0.443752 -1.01569 0.797691 1.70559 0.671289 0.0884373 -0.0138275 -1.47317 -0.310579 -1.00996 -1.8916 1.53012 1.93821 -0.0493167 0.708188 0.65624 
3.0345 -0.208837 -0.133147 -0.153739 -0.214598 -0.368084 -0.0954232 -0.00598336 -0.229146 -0.171817 0.0178095 0.00669961 -0.0448553 -2.65857 -0.365677 1.43515 -0.72724 -1.04223 -0.0980507 -1.55054 -2.06584 0.597933 2.23772 -0.273982 -0.796362 0.920828 1.77035 0.786097 0.252371 -0.382844 -0.811732 0.146049 -0.126229 -0.734161 1.3744 0.8494 -0.992155 0.0926695 -0.109251 
2.99261 -0.241549 -0.180644 -0.28885 -0.314425 -0.322933 -0.140739 -0.148745 -0.258176 -0.17544 0.0217441 0.0262021 0.0151477 -1.89185 -0.127242 1.21904 -0.565259 -1.16962 -0.272527 -1.11466 -1.60085 1.18504 2.78732 0.0352343 -0.560932 0.472655 1.52521 0.59862 0.380441 0.131564 0.165659 0.517475 0.461395 0.650271 0.938071 0.0767778 -1.0826 -0.344474 -0.746258 
3.01309 -0.183645 -0.0693731 -0.226597 -0.292041 -0.338921 -0.112976 -0.178934 -0.284737 -0.170501 -0.0630247 -0.018797 0.0461393 -1.23352 0.0488662 1.09396 -0.315132 -0.841482 -0.0942856 -1.15847 -1.60157 1.65008 2.79008 -0.426345 -0.45297 0.511482 0.894518 -0.0184073 -0.483217 0.0927841 0.478478 0.46835 0.928444 1.76099 0.306576 -0.449753 0.183078 -0.0810626 -1.25053 
2.98096 -0.1996 -0.06156 -0.259884 -0.328692 -0.318208 -0.150317 -0.162774 -0.137839 -0.00892234 -0.0498271 -0.0383344 -0.0113498 -0.592577 0.211507 0.998336 -0.581146 -1.16318 -0.19395 -1.20581 -1.38127 1.48273 2.06707 -0.533849 -0.399943 0.250726 0.473793 -0.258574 -0.911774 0.549822 1.07976 0.252363 1.06442 1.60484 -0.719211 -1.25556 0.595902 0.282753 -0.598175 
