2.71691 -0.477545 -0.419536 -0.477877 -0.29284 -0.163128 0.0035034 0.00609462 -0.132489 -0.187178 0.0434451 0.169551 0.0134422 0.00435352 0.550092 1.76745 1.12584 0.218723 -1.2719 -1.59218 -1.11815 -1.04953 -0.744447 -0.671799 -0.773271 0.314026 -0.184808 0.46352 1.4205 0.806079 0.189252 -0.83997 -1.24809 -1.45919 -1.18349 -0.46061 -0.559971 -0.604992 0.449386 
2.74009 -0.463247 -0.3409 -0.404102 -0.2808 -0.248798 -0.0716299 0.0649824 -0.112956 -0.244624 0.0128293 0.116078 -0.0220962 -0.244675 0.575517 2.15676 1.49787 0.259963 -1.38154 -1.80914 -1.40985 -1.08242 -0.713367 -0.931143 -0.742741 0.57024 -0.657987 0.0108021 0.423125 0.329343 -0.000411913 0.00267743 -0.259104 -1.26991 -0.746109 0.162835 -0.391991 0.203697 0.699065 
2.75897 -0.397259 -0.241802 -0.394038 -0.273823 -0.277657 -0.151353 -0.123769 -0.233921 -0.251669 -0.000844883 0.11186 0.0669639 -0.741796 0.262394 2.21041 1.56246 0.382878 -0.88062 -1.27869 -1.325 -0.652756 -0.101316 -0.822101 -1.02537 0.501747 -1.12805 -0.896759 -0.829268 -0.0874197 -0.0652644 1.08829 1.39059 0.617261 1.01342 1.0821 0.0908968 0.461626 0.0493656 
2.68572 -0.41234 -0.195574 -0.34492 -0.243094 -0.274075 -0.182929 -0.170374 -0.270218 -0.255062 -0.0420953 0.0127743 0.0246319 -1.34579 -0.196983 1.96658 1.55971 0.845341 -0.187561 -0.677877 -1.22658 -0.297148 0.572883 -0.949047 -1.29072 0.30632 -1.15444 -1.34176 -1.41639 -0.434804 0.331039 1.90549 2.3728 1.64362 2.10207 1.8456 0.378592 0.362085 -0.394022 
2.71456 -0.432643 -0.254171 -0.356499 -0.287987 -0.319211 -0.158505 -0.0908817 -0.245741 -0.275771 -0.0305506 0.136029 0.0656803 -1.79866 -0.580413 1.54818 1.38912 1.04046 0.409795 -0.117293 -0.626831 0.538375 1.58239 -0.51779 -1.20249 0.102581 -1.18068 -1.21149 -1.00194 -0.410365 0.925305 2.12239 2.06799 1.66734 2.35555 2.41807 0.674289 -0.642077 -0.989255 
2.66258 -0.420016 -0.160785 -0.281881 -0.261116 -0.307344 -0.195346 -0.152935 -0.223932 -0.249011 -0.0800013 0.101818 0.0978485 -1.76445 -0.949989 0.532626 0.700985 0.776023 1.22632 0.692039 -0.0831309 1.14405 2.01655 0.0712656 -0.824041 -0.176718 -0.187571 -0.718484 -1.19087 -0.881457 0.495687 1.43443 1.20579 1.44748 1.54038 1.5552 1.13256 -0.494761 -1.17764 
2.58697 -0.490271 -0.18001 -0.309742 -0.232766 -0.19076 -0.0582036 -0.0985566 -0.131154 -0.119227 -0.0187665 0.00659465 0.0377733 -0.60301 -1.01731 -0.185979 0.559074 -0.275781 1.09078 1.53308 0.851287 1.33061 1.52372 0.433906 -0.45589 -0.392664 1.9883 0.424956 -1.08684 -0.790834 -1.33828 -0.375816 0.0555755 0.424373 -0.472229 -0.821042 0.966678 0.746567 -0.239201 
2.52777 -0.530016 -0.1945 -0.284546 -0.132861 -0.149633 -0.0560397 -0.121326 -0.149334 -0.0867021 -0.0933164 -0.0298238 0.0121225 2.09999 -0.806116 -0.415883 1.01278 -1.28809 -0.202686 1.91374 0.87841 1.29966 1.30739 0.670881 -0.274943 -0.422993 5.16663 1.04231 -0.834689 0.152223 -3.40569 -2.7517 -0.0143489 0.0785705 -1.31208 -2.42751 0.791219 1.35188 0.298625 
2.51827 -0.524147 -0.181883 -0.278171 -0.159703 -0.170185 -0.0809829 -0.0278482 -0.0335667 0.0222447 0.0120441 0.00872724 0.00971469 5.39695 0.0382805 0.328247 1.67652 -1.08397 -0.6541 2.21527 0.132861 0.299542 0.640245 1.21509 -0.36503 -0.668359 8.17415 1.64026 0.409287 1.51218 -2.75056 -3.4453 0.59797 -1.08344 -2.43188 -3.19367 0.284472 1.20029 0.524035 
2.59038 -0.532333 -0.271759 -0.357632 -0.241306 -0.117156 -0.0399178 -0.0503465 -0.0662991 -0.0692374 0.0436435 0.0410752 -0.0101073 12.9489 1.76036 0.589688 1.94917 -2.10785 -2.23968 1.41057 -0.0947104 0.27853 0.0106378 1.64882 -0.130511 -0.909267 12.7733 2.86537 2.20359 2.55973 -0.916579 -3.46385 -0.266868 -1.70149 -1.38369 -1.52522 0.130253 -0.12895 0.00629651 
2.81157 -0.48834 -0.258873 -0.283233 -0.440315 -0.236594 0.051071 -0.0403872 -0.178944 -0.199692 0.025359 0.0732236 0.0442667 20.9646 2.91498 0.814212 2.66437 -3.38134 -3.78208 -0.0913789 -0.594394 0.0959576 -0.902667 1.80919 0.0332736 -0.748998 16.3077 2.98642 2.05929 1.83766 0.613402 -1.95591 -2.14097 -1.44397 0.598406 0.413722 0.591667 -1.11944 -0.786857 
3.19123 -0.507469 -0.240063 -0.116691 -0.479042 -0.486947 0.0663056 -0.0576133 -0.0986152 -0.110528 0.0141678 0.0209808 -0.00406369 26.0905 3.66363 0.943587 2.86376 -4.12406 -4.60105 -0.948665 -0.90347 -0.0396297 -1.06012 2.07181 -0.207933 -0.688562 14.3653 2.41218 0.667003 -0.045213 0.251598 -0.163468 -3.71201 -0.647376 1.14579 0.749067 0.630256 -0.974454 -0.510248 
3.53935 -0.357869 -0.0539052 -0.0562451 -0.264649 -0.333236 0.140406 -0.175987 -0.261707 -0.183706 0.146291 0.0543601 -0.0226646 27.9523 3.88099 1.02257 2.94186 -3.95295 -4.72278 -1.61109 -1.42504 -0.314704 -0.981284 1.8219 -0.759423 -0.742991 5.87221 0.142702 -1.51838 -1.40533 -1.55869 0.00597154 -3.56932 0.52756 1.49177 0.97387 0.0543121 -0.760604 0.0691619 
4.78047 -0.0994511 -0.0659134 -0.0673737 -0.520922 -0.575147 -0.0858462 -0.147261 -0.0454 -0.130596 0.151338 -0.00816056 -0.0846846 26.8355 3.56571 1.26999 2.72476 -3.24738 -4.3446 -2.29891 -1.41465 -0.0149999 -0.39137 1.7054 -1.00719 -0.800546 -8.99902 -2.68866 -1.8761 -1.72123 -0.326835 1.56578 -0.635902 0.443702 -0.550991 0.184137 -0.607663 -0.130512 0.622959 
5.47785 -0.173804 -0.144811 0.0222744 -0.67515 -0.643171 -0.195944 -0.151817 -0.0629661 -0.198676 0.190286 -0.0191273 -0.0621921 23.1268 2.77983 0.890683 2.02497 -2.38348 -3.21664 -2.67648 -1.27432 0.240283 -0.233527 1.61814 -1.0777 -0.786489 -18.2889 -3.12425 -0.630085 -1.27343 1.6959 2.1139 1.85569 0.283338 -1.26428 -0.00501843 -1.05012 0.208601 0.588914 
5.55372 -0.125923 -0.140573 0.00418479 -0.6814 -0.692 -0.206355 -0.171859 -0.126951 -0.15936 0.206874 -0.0315824 -0.0520663 17.0149 2.02199 0.261544 1.5431 -2.10583 -2.0018 -2.62838 -0.836135 -0.0885161 -0.421608 1.01039 -0.710378 -0.468715 -18.0496 -2.48592 0.212863 -0.147122 2.95188 2.35981 2.26017 0.28959 -0.692807 -0.0821444 -1.16211 0.540216 0.167012 
5.5534 -0.117979 -0.125198 0.0208479 -0.689984 -0.694408 -0.197383 -0.214848 -0.138047 -0.150976 0.228339 -0.0731745 -0.0711791 9.31815 0.900959 -0.638544 1.1991 -1.95476 -1.26903 -2.07692 -0.0997554 -0.253866 -0.173979 0.0260101 -0.200749 -0.191665 -12.6745 -0.802257 0.0799507 0.113923 2.51166 2.55806 1.43922 0.80263 -0.433368 -0.249429 -1.1907 1.26932 0.157018 
5.57702 -0.155467 -0.0815363 0.0154309 -0.662095 -0.679936 -0.207887 -0.222082 -0.13624 -0.175459 0.210405 -0.0562703 -0.0897764 -1.66404 0.172834 -0.849436 0.819402 0.115384 0.768254 -0.60214 0.20425 -1.18672 -0.372276 -0.53145 0.518857 0.0730112 -9.06633 0.56811 -1.17793 -0.174466 1.06478 1.98973 0.486363 1.42261 0.0122355 0.0169873 -1.3411 1.42624 0.294431 
5.60359 -0.17071 -0.100786 0.0674819 -0.646109 -0.686213 -0.213383 -0.210037 -0.132098 -0.21855 0.227809 -0.0686412 -0.0719685 -11.2968 0.945617 -0.040115 -0.0476103 2.02204 1.88301 0.0206935 0.363792 -1.40706 -0.393333 -1.30687 0.728116 -0.158747 -12.8382 1.14655 -0.672401 -1.21368 1.61566 2.11281 0.556954 1.03011 -0.730195 0.0205837 -1.42519 1.14149 0.158217 
5.47962 -0.128291 -0.136608 0.135243 -0.645108 -0.657461 -0.264068 -0.187942 -0.153761 -0.17929 0.166581 -0.0267959 -0.0794719 -17.449 1.27894 1.19433 -0.542959 3.04365 2.17817 -0.656983 0.696446 -0.902212 -0.591361 -2.07002 0.677998 -0.340934 -16.3643 1.41848 1.82544 -2.28991 2.77957 1.26681 0.139309 0.249977 -0.406244 -0.146777 -1.21809 -0.0735114 -0.267978 
5.27583 -0.105161 -0.197291 0.0661524 -0.679546 -0.570253 -0.236055 -0.12875 -0.207015 -0.176718 0.121718 0.0490784 -0.0601746 -21.3532 1.60691 2.26812 -1.07251 3.51775 2.45764 -1.01071 0.430047 -0.729434 -0.307777 -2.31551 0.439483 -0.409811 -13.2781 0.980135 4.22623 -1.81663 2.77146 -0.035606 -0.876729 -1.04335 0.596764 -0.0152053 -0.579977 -1.53444 -0.734868 
4.54048 -0.0933585 -0.246997 0.0273804 -0.517893 -0.457091 -0.173441 -0.106661 -0.222126 -0.213274 0.0901815 0.066873 -0.0540448 -23.2494 1.69677 3.14726 -1.2296 3.64491 2.2586 -1.02204 0.0455747 -0.516917 0.174355 -2.4977 0.052311 -0.205829 -2.16881 -0.0105645 4.60573 -0.412873 0.587175 -1.49981 -1.5735 -1.62128 1.34313 0.64303 -0.018752 -1.91011 -0.404213 
3.57671 0.0249738 -0.0252064 -0.0596302 -0.301735 -0.416298 -0.182074 -0.161352 -0.304486 -0.242744 0.0153561 0.020565 -0.108473 -22.6452 1.38252 3.68026 -1.35822 3.73431 2.01654 -1.1074 -0.366312 -0.0869194 0.391091 -2.38759 -0.218548 -0.11575 10.5204 -1.3923 1.39381 1.2745 -2.02264 -1.81392 -1.02315 -1.22616 1.70702 1.11177 0.795769 -1.08861 0.541517 
3.27419 0.0391563 0.189872 -0.0768387 -0.275416 -0.496452 -0.393637 -0.115902 -0.166002 -0.229924 -0.0642583 -0.0233892 -0.130143 -15.5992 0.868034 1.88256 -2.69511 3.17095 1.86345 0.324358 -1.05015 0.148886 0.708402 -1.74661 -0.531392 0.478158 19.3484 -1.82142 -4.34258 0.316226 -3.06171 -0.499545 2.23337 -0.973359 0.390418 1.22682 1.41792 0.264957 1.54095 
3.19045 0.0312058 0.228084 -0.0875554 -0.304546 -0.402661 -0.349058 -0.231634 -0.194798 -0.166478 -0.0192151 -0.0559851 -0.131461 -5.59278 0.515108 0.716412 -3.01491 1.92392 1.28579 0.932882 -2.09633 -0.381199 1.58238 -1.26025 -0.521309 1.02293 22.8443 -1.33743 -7.26561 -1.55659 -2.81459 0.122505 3.85951 -0.664201 -1.17663 1.03057 1.25031 1.27827 1.94964 
3.10202 0.0010305 0.252365 -0.0382038 -0.286338 -0.446942 -0.310352 -0.22236 -0.187955 -0.1291 -0.0867404 -0.0472597 -0.0592037 4.03882 0.344816 -0.440297 -2.37441 -0.0804973 0.704037 1.39034 -3.30658 -0.432126 3.14718 -1.03528 -1.04403 1.34738 19.7108 -0.072069 -6.10165 -1.91545 -2.32321 0.341023 3.33086 -1.75026 -1.81562 1.76497 0.849678 0.409547 1.08632 
3.08475 -0.0233839 0.205644 -0.039079 -0.229729 -0.413923 -0.343969 -0.222048 -0.148321 -0.159377 -0.0700199 -0.0328331 -0.0614393 11.1516 0.170231 -1.95461 -2.3648 -0.673506 0.452816 1.56701 -3.47104 -0.333119 4.1327 -1.13956 -0.987801 1.67756 11.8347 1.12497 -1.46911 -0.838191 -1.33152 -0.531473 0.611243 -2.03486 -1.31513 2.67129 -0.482723 -0.791642 0.00953907 
4.03892 -0.0213673 -0.281173 -0.419837 -0.304809 -0.31733 0.00815856 -0.305086 -0.205067 -0.0763489 -0.0291641 -0.0220066 0.0493425 14.0168 0.216743 -2.83169 -2.1556 -0.539853 0.342338 1.68618 -3.12793 -1.00512 4.85865 -1.68288 -0.816667 1.67081 -0.420042 1.04239 3.86531 2.50936 0.163542 -1.55512 -3.60832 -0.282095 0.216724 2.4758 -1.91574 -1.24874 -1.14313 
4.54282 0.003333 -0.123605 -0.372097 -0.391652 -0.367191 -0.0789079 -0.447052 -0.387702 0.0492937 -0.0555275 0.0180775 0.0767648 14.3279 0.305404 -2.76074 -1.67953 -0.243854 -0.290519 1.01081 -2.47398 -0.762704 4.73088 -2.0232 -0.774615 1.28457 -8.92634 0.20783 3.67384 3.14477 1.80291 -1.24203 -3.70994 2.06277 1.62121 0.471445 -1.84449 -0.737491 -1.45369 
4.46966 0.0529852 -0.0421401 -0.172491 -0.474588 -0.404657 -0.105401 -0.626837 -0.259832 0.275929 -0.120321 -0.198747 0.0366229 13.0268 0.232625 -2.29337 -0.791735 -0.529405 -0.164566 0.2945 -2.07789 -0.489414 4.22307 -1.78059 -0.893148 0.751837 -9.53853 -0.917042 1.2177 1.95224 1.94918 -0.364629 -2.12273 3.82575 1.25358 -2.58325 -0.496905 1.04903 -0.89761 
4.55761 0.0766956 -0.0306215 -0.341413 -0.272562 -0.422078 -0.221202 -0.517521 -0.216664 0.289966 -0.223726 -0.138211 0.0545931 10.3697 -0.192748 -1.55812 0.677134 -0.728414 -0.0926894 -1.09167 -0.759533 0.375502 2.71152 -1.48921 -0.868144 0.709302 -5.49522 -1.61341 -1.3791 1.69109 -0.339687 0.934332 -0.324884 3.15963 1.08476 -4.65399 1.81286 1.24077 -0.182218 
4.70469 0.0265681 -0.0944578 -0.274947 -0.299762 -0.42913 -0.236724 -0.424982 -0.3051 0.387723 -0.318428 -0.10287 0.0655554 7.80995 -0.464859 -1.58228 1.33867 -0.562215 0.568431 -3.22708 2.11208 2.16697 -0.699937 -0.71214 -0.0796339 0.348125 1.15045 -1.11026 -3.13314 -0.101545 -1.91894 2.16375 -0.254821 2.97115 2.11409 -6.65097 3.46754 1.27911 0.441756 
4.7263 0.0197756 -0.14361 -0.240549 -0.291581 -0.462741 -0.184571 -0.469989 -0.249754 0.315884 -0.251607 -0.111057 0.0412759 8.66869 -0.615583 -3.55691 -0.0371034 -0.440066 1.49459 -2.50902 4.1813 3.16691 -3.44633 -0.20033 1.13884 0.115384 5.15081 -0.138764 -2.58944 -1.4059 -1.89057 2.41633 -1.15631 3.39412 2.34937 -6.34466 2.4407 1.71169 0.264009 
4.79098 -0.0154912 -0.175642 -0.165151 -0.404597 -0.381849 -0.198261 -0.478311 -0.226978 0.278018 -0.209017 -0.132375 0.0491555 10.7257 -0.570619 -4.79177 -1.40331 -0.314427 2.085 -1.75833 5.32462 2.69596 -5.45589 0.320238 2.38661 -0.0441708 5.8576 0.979963 -2.29373 -3.22292 0.184725 1.4854 -0.21711 3.17973 1.62025 -4.21108 0.361337 1.91874 -0.487422 
4.96264 -0.0775949 -0.239953 -0.10097 -0.430734 -0.334814 -0.37641 -0.321008 -0.0956702 0.0914838 -0.159866 -0.126495 0.126538 11.1297 -0.236364 -5.23622 -1.85226 -0.430937 2.28863 -0.714427 4.75261 2.41428 -5.77058 0.494949 2.5119 -0.287559 3.42766 1.60994 -1.25323 -4.19509 2.24931 0.0245236 2.39168 0.686475 -1.19025 -0.104489 -1.67163 1.87888 -1.18251 
5.47371 -0.0284179 -0.494485 -0.317402 -0.446292 -0.200744 -0.538213 0.0422553 0.109496 -0.2905 -0.0776273 0.0265395 0.096107 10.956 -0.0379725 -4.83771 -3.17941 0.570362 2.13148 0.0385832 3.98937 2.08364 -5.29281 0.00991006 2.78801 -0.439225 -2.23981 0.807437 1.252 -2.02616 2.81747 -1.67148 4.3941 -3.73569 -3.85228 4.84692 -2.7279 0.246772 -0.952644 
5.73287 -0.00185037 -0.548611 -0.420361 -0.417596 -0.201931 -0.313565 0.0115306 0.0470018 -0.2608 -0.196913 0.135342 0.0291254 10.3635 -0.033897 -4.40037 -3.69271 1.04875 2.13238 0.533995 3.13326 1.3934 -4.08941 -0.810036 2.89334 -0.502237 -6.19693 -0.286444 2.65087 0.372251 1.8641 -1.66954 2.71905 -5.40262 -3.14627 5.59272 -1.61222 -1.34432 -0.0720043 
5.82604 0.0210756 -0.627492 -0.477775 -0.336366 -0.194691 -0.277009 0.0366658 -0.0294105 -0.279758 -0.203707 0.131896 0.00808981 8.73524 -0.0912981 -3.59284 -3.68068 1.39616 1.82822 1.23751 1.68298 0.653698 -2.59904 -1.22401 2.5642 -0.575692 -6.31226 -1.24082 2.99146 2.05044 -0.260633 -0.513559 0.179354 -4.46351 -1.0303 4.02733 -0.376924 -1.78171 0.721597 
5.82506 0.0357686 -0.65769 -0.524388 -0.279412 -0.20143 -0.220111 -0.0465048 -0.052357 -0.221596 -0.246224 0.150761 0.0201401 6.08848 -0.198663 -2.40974 -2.99278 1.12103 1.51178 2.06921 -0.222955 -0.180397 -0.788194 -1.37359 1.85173 -0.591196 -3.94459 -1.30895 2.1086 2.51209 -1.91879 0.558888 -1.74097 -1.69147 0.899556 1.01967 0.87591 -1.49579 0.888332 
5.90953 -0.0321393 -0.615235 -0.62076 -0.203698 -0.219042 -0.176761 -0.0858744 -0.0666887 -0.16541 -0.313381 0.200174 0.0164869 3.07006 -0.572242 -0.993207 -1.58537 0.620045 1.09201 2.16625 -1.83657 -0.60259 0.716042 -1.21539 0.82186 -0.18934 -1.91771 -0.299763 0.817291 2.12734 -2.61327 0.875224 -1.64327 0.255684 1.38725 -0.857861 1.55833 -1.06402 0.507243 
5.95897 -0.0452677 -0.671888 -0.570216 -0.283211 -0.119957 -0.210649 -0.116855 -0.0085502 -0.220042 -0.301144 0.197901 0.0154213 1.64556 -0.669379 -0.511145 -0.772063 -0.13506 1.09258 1.29944 -1.84276 -0.00730338 0.623416 -0.507246 0.233018 0.175548 -1.49885 0.469977 0.628474 1.2914 -1.62386 -0.259063 -0.0407119 0.411583 0.364331 -0.303846 1.09825 -0.771124 0.172268 
5.98658 -0.0701052 -0.662255 -0.555699 -0.322042 -0.0769121 -0.217295 -0.132108 -0.0159612 -0.210443 -0.278856 0.174707 0.0306262 1.13372 -0.620484 -0.121398 -0.398266 -0.569206 0.761456 1.11985 -1.65043 0.385785 0.646539 -0.323743 0.0264641 0.240916 -1.32047 0.855571 0.32185 0.320584 -0.061514 -1.31354 0.541651 0.466919 -0.165167 0.208581 0.445262 -0.49562 -0.01328 
5.96618 -0.060983 -0.657986 -0.559769 -0.344023 -0.0846426 -0.176317 -0.151146 -0.0095807 -0.214574 -0.272807 0.176963 0.0326022 0.99737 -0.401775 -0.116062 -0.20052 -0.591009 0.289358 0.743259 -0.846582 0.515869 0.352569 -0.0879829 -0.191755 0.155006 -0.516912 0.648151 0.0702429 -0.432587 1.12953 -1.71888 0.185401 0.726197 -0.169285 0.46655 -0.253365 -0.129533 -0.125096 
5.9525 -0.0612794 -0.639825 -0.55877 -0.352673 -0.0949657 -0.131808 -0.192904 -0.0163907 -0.181205 -0.273249 0.167598 0.0360759 0.555372 0.0727543 -0.352171 0.0746559 -0.675584 -0.0871519 0.457484 -0.258262 0.685856 0.0577099 0.193611 -0.480326 0.177114 0.323133 0.333373 -0.338665 -0.541867 1.21827 -1.2509 -0.733505 1.35978 0.249036 -0.153589 -0.375848 0.0290141 -0.170408 
5.9596 -0.0495616 -0.655245 -0.551205 -0.377239 -0.0975057 -0.109367 -0.213104 0.00134106 -0.171114 -0.266908 0.160085 0.0422568 0.329077 0.279405 -0.211296 -0.211772 -0.176663 -0.879343 0.342795 0.295523 0.696472 0.270527 -0.137697 -0.37595 0.0152223 0.400339 0.208552 -0.504158 -0.154519 0.604798 -0.570989 -1.36555 1.64828 0.565107 -0.651885 -0.306397 0.0578119 -0.25124 
5.98528 -0.0515488 -0.650856 -0.590836 -0.315607 -0.153136 -0.111162 -0.188904 0.00187079 -0.149455 -0.29628 0.153041 0.0376416 -0.178782 0.527685 -0.093667 -0.300533 -0.0863661 -1.19938 0.0472471 0.527198 1.02091 0.494053 -0.560363 -0.276463 -0.169684 -0.533733 0.274557 -0.0446243 0.220797 -0.368078 -0.0112226 -1.10327 0.975422 0.661514 -0.285293 -0.331712 0.0876642 -0.267807 
6.02579 -0.0501774 -0.673919 -0.605699 -0.288561 -0.185231 -0.155507 -0.117555 0.0203524 -0.177194 -0.299565 0.158857 0.0282453 -1.78478 0.766317 0.140051 0.15115 -0.0152183 -1.57111 -0.147694 0.270698 1.14032 1.25671 -0.95394 -0.425067 -0.176763 -2.83697 0.499338 0.713028 0.731974 -0.753087 -0.14707 -0.0546732 -0.696126 0.429137 1.17123 -0.713377 -0.0355971 -0.16418 
6.00055 -0.022402 -0.708139 -0.560057 -0.363495 -0.150546 -0.17355 -0.106028 0.0714518 -0.224477 -0.258925 0.124428 0.0452262 -4.88374 1.01201 0.777688 0.933933 0.0983498 -1.9386 -0.0465802 -0.925376 0.276942 2.07029 -0.598328 -0.648905 -0.535723 -5.96585 0.532618 1.64812 1.30588 -0.121033 -0.773643 0.910834 -2.8164 -1.02623 2.74661 -0.435477 -0.267213 -0.403106 
5.99276 -0.0190293 -0.679574 -0.58891 -0.333285 -0.21973 -0.173325 -0.0803301 0.0804761 -0.168512 -0.33138 0.154315 0.0100639 -6.76023 1.34775 1.18509 1.10607 0.337934 -1.97656 -0.177647 -1.60527 -0.285396 2.6982 -0.525869 -0.961971 -0.733101 -6.90139 0.663383 1.54918 1.39212 0.542739 -0.656483 0.877123 -3.49422 -2.05607 2.6859 0.473103 -0.812995 -0.394756 
5.88138 0.0110659 -0.630655 -0.59471 -0.368446 -0.225721 -0.175322 -0.120746 0.123049 -0.0983199 -0.374015 0.14447 0.0040366 -6.77035 1.533 1.30676 0.854404 0.319412 -1.7298 -0.391112 -1.67485 -0.326105 3.06699 -0.618952 -1.11173 -0.783346 -3.15721 0.436576 0.581138 0.232349 1.14832 -0.168017 -0.0431684 -1.65082 -1.93666 1.17212 0.866788 -0.840684 -0.340877 
5.55293 0.0537845 -0.603365 -0.483869 -0.346003 -0.31889 -0.133029 -0.224696 0.113955 0.0548941 -0.41282 0.098081 0.0266412 -5.46749 1.5078 1.26071 0.133514 0.599323 -1.34816 -0.645464 -1.39175 -0.332623 3.09482 -0.760127 -1.12414 -0.81904 4.33383 -0.0581046 -0.760934 -1.98349 0.869781 1.17835 -1.38319 1.72591 -0.300364 -1.34644 0.555048 -0.207535 -0.194082 
5.09677 0.0751201 -0.492999 -0.378049 -0.313912 -0.368661 -0.0891727 -0.458939 -0.107236 0.139123 -0.266576 0.0572962 -0.0647953 -3.2912 1.204 1.01236 -0.718876 0.882202 -0.446321 -1.33468 -0.798479 -0.0930321 2.40745 -0.577639 -1.12634 -0.943216 10.8437 -0.653626 -1.92449 -3.51702 0.0563295 2.54376 -2.30731 4.52234 2.40163 -3.1499 -0.518853 0.442044 0.321897 
5.20215 0.132025 -0.532013 -0.486528 -0.264068 -0.344379 -0.181067 -0.354645 -0.0478786 0.139419 -0.335253 0.0167787 -0.0530913 -1.09742 0.96021 0.586561 -1.36991 0.526089 1.00176 -1.92459 -0.200991 0.287664 1.14847 0.112057 -1.13131 -1.02213 10.083 -1.16713 -1.49355 -2.80849 -0.813587 3.05536 -1.74547 3.64207 2.72897 -3.32536 -0.186027 0.889559 0.0889342 
5.47228 0.128086 -0.557219 -0.583877 -0.275735 -0.332377 -0.242033 -0.21725 0.0524919 0.142182 -0.400066 0.0292914 -0.046326 0.979012 0.709513 0.406823 -2.10942 -0.0781 2.15107 -1.90054 0.54896 0.0280575 0.264058 0.834459 -0.922422 -1.21095 3.59061 -0.87242 -0.251262 -0.819049 -1.63739 2.90487 -0.131029 0.646407 0.73999 -2.13429 1.26557 0.554165 -0.309078 
5.64658 0.122366 -0.580127 -0.659811 -0.252791 -0.287838 -0.283177 -0.16037 0.0731653 0.108192 -0.408664 0.0397353 -0.0590649 2.6829 0.501113 0.440997 -2.92628 -0.910576 3.23373 -1.67902 1.16839 -0.137605 -0.436357 1.38279 -0.487782 -1.26086 -3.23745 -0.199625 1.02293 0.877432 -2.05412 1.73808 1.64412 -1.84086 -1.81365 -0.1771 2.34524 0.217335 -0.491191 
5.72963 0.0944808 -0.58419 -0.691351 -0.270153 -0.151345 -0.379466 -0.164878 0.129414 0.0284749 -0.351737 0.00669278 -0.0936168 2.73325 0.450815 0.596133 -3.08314 -1.63846 3.58468 -0.876781 1.30953 -0.449004 -0.489406 1.5979 -0.0238686 -1.00421 -6.40773 0.505946 1.69229 1.17427 -1.74303 -0.104488 3.02391 -2.42934 -3.69574 1.45536 2.14882 0.428579 -0.25069 
5.69152 0.11093 -0.563347 -0.719479 -0.331632 -0.0496706 -0.388076 -0.190064 0.128082 -0.00390395 -0.288779 0.0109928 -0.133994 0.0859032 0.39327 1.56688 -2.38923 -2.31617 3.24576 0.266598 0.479427 -1.62006 -0.347773 2.17604 0.272196 -0.933504 -5.21642 0.649842 1.60028 0.623723 -0.89779 -1.68793 2.80573 -0.952971 -3.01701 1.68484 0.418186 0.643285 0.579272 
5.59465 0.13832 -0.501339 -0.745386 -0.423448 -0.0126614 -0.288498 -0.205079 -0.029117 0.0749236 -0.197498 -0.00125698 -0.162322 -2.4663 0.426451 2.44421 -1.71506 -2.71641 2.38633 1.28222 0.24616 -2.60641 -0.436229 2.32662 0.411023 -0.568462 -2.82946 0.123073 1.30878 0.512681 -0.0393677 -2.6393 1.61647 0.651862 -0.955743 0.294032 -1.19957 0.780936 1.22961 
5.54122 0.150612 -0.464452 -0.796592 -0.459109 0.0299296 -0.265427 -0.218376 -0.0862459 0.0940423 -0.154252 0.0285931 -0.163156 -3.96914 0.517477 2.78953 -0.993007 -3.06482 1.313 2.08471 0.269217 -2.76727 -0.675922 2.14539 0.471128 -0.0417005 -1.1286 -0.312727 0.721023 1.05484 0.255831 -2.66372 0.55679 1.3105 0.832112 -1.42537 -1.64038 0.275466 1.37136 
5.45336 0.171626 -0.426772 -0.820615 -0.483679 0.0273787 -0.195641 -0.23242 -0.163636 0.112456 -0.134108 0.0649281 -0.156569 -4.31088 0.392047 2.84538 -0.281865 -3.0049 0.0081126 2.64058 0.318183 -2.38779 -1.08382 1.75464 0.484192 0.519321 0.31472 -0.668245 -0.0614092 1.68662 0.128999 -1.96865 -0.282348 0.911373 2.24813 -2.49377 -1.04259 -0.472185 1.09542 
5.32423 0.172605 -0.316678 -0.824383 -0.545671 0.00368997 -0.180829 -0.184358 -0.171458 0.0702321 -0.156479 0.0656589 -0.134564 -3.72927 -0.100632 2.73871 0.469915 -2.39794 -0.93174 2.48722 -0.10561 -1.35187 -1.40253 0.941066 0.450393 0.98258 1.62906 -0.812652 -0.961559 1.88912 0.477328 -1.17444 -0.404294 -0.736947 2.54538 -1.69811 -0.465324 -0.648793 0.583813 
5.27317 0.148526 -0.247186 -0.805304 -0.596547 -0.0637025 -0.120814 -0.0968703 -0.215536 -0.00488318 -0.149998 0.0790867 -0.093051 -2.88244 -0.630082 2.32408 1.37428 -1.69357 -1.2945 1.81753 -0.852169 -0.094159 -1.54942 0.223529 0.241232 1.1132 2.26234 -0.871158 -1.36218 1.69537 1.1706 -0.202544 -0.770069 -2.61529 2.17508 0.355303 -0.434144 -0.628281 -0.0873026 
5.2156 0.172037 -0.277474 -0.751339 -0.652125 -0.062009 -0.082825 -0.140089 -0.176539 -0.0822213 -0.105618 0.0593426 -0.0710676 -2.39806 -1.07101 1.76321 2.26847 -0.801378 -1.35964 1.10039 -1.59661 0.409526 -1.3423 -0.15657 -0.100658 0.955439 1.97606 -1.02591 -1.12534 1.19337 2.19186 0.453049 -1.51469 -2.98906 1.09922 1.99117 -0.932841 -0.294165 -0.613221 
5.22383 0.136061 -0.251269 -0.701016 -0.672819 -0.107982 -0.0532504 -0.185422 -0.124555 -0.137887 -0.073641 0.0420402 -0.0527644 -2.26024 -1.43985 1.30375 2.91914 0.253555 -1.24914 0.330573 -2.21095 0.191137 -0.835791 -0.254564 -0.449967 0.805888 0.261896 -0.729781 -0.727003 0.804917 2.64944 0.792158 -1.87991 -1.88599 -0.831572 2.53949 -0.98711 -0.203895 -0.780362 
5.24517 0.0825285 -0.204607 -0.661732 -0.619363 -0.142375 -0.0527132 -0.30424 -0.0801849 -0.0774611 -0.166749 0.0722038 -0.0324401 -2.24615 -1.55386 0.885144 3.11758 1.47316 -1.13405 -0.437517 -2.91141 -0.206606 0.0345964 0.138661 -0.776102 0.435602 -1.53624 -0.125955 -0.302576 0.317183 2.27809 0.591543 -1.85234 0.0512659 -2.19518 1.63001 0.306073 -0.595891 -0.746299 
5.238 0.0497863 -0.212756 -0.581022 -0.605467 -0.122953 -0.0893457 -0.38829 -0.0754728 -0.0205184 -0.175191 0.039366 -0.0498337 -2.30169 -1.62233 0.861663 3.08933 1.91663 -0.576226 -1.46606 -3.13326 -0.340779 0.680344 0.648254 -1.08506 -0.186087 -1.87668 0.319709 0.155924 -0.335209 1.10905 0.338407 -1.42561 1.38816 -2.07637 0.304804 1.72034 -0.711617 -0.695373 
5.15509 0.022394 -0.239175 -0.516567 -0.512198 -0.113129 -0.151 -0.418547 -0.118369 -0.0347033 -0.176536 0.0285894 -0.0654807 -1.172 -1.44534 0.197007 2.5861 1.76759 0.513477 -2.89079 -2.00095 0.355797 0.129883 1.2451 -1.35465 -0.515178 0.48797 0.743299 -0.366587 -1.08736 -0.922541 1.15898 -1.60249 2.13005 0.54698 -1.28495 2.52574 -0.782944 -0.62401 
5.02535 -0.00393087 -0.194394 -0.456235 -0.449125 -0.147577 -0.158632 -0.422768 -0.249789 -0.0111623 -0.154827 -0.00311646 -0.0381748 0.0444813 -0.747818 -0.71106 2.0986 1.03146 1.2961 -4.26415 -0.316001 1.89411 -0.812512 1.46707 -1.1067 -0.52763 3.94922 1.10402 -1.51364 -1.54192 -2.66558 2.011 -2.40009 2.93396 4.41701 -2.67717 1.60729 0.00948163 -0.376292 
4.97528 -0.00512857 -0.163764 -0.454173 -0.374748 -0.187615 -0.218734 -0.477841 -0.238775 0.0304893 -0.0573451 -0.0506692 -0.0703465 1.4229 -0.333976 -1.17841 2.0222 -0.120445 0.86594 -4.42534 1.73106 2.97704 -2.22108 1.97339 -0.581371 -0.303828 5.78305 1.06423 -2.16296 -0.881298 -3.49527 1.31063 -1.8545 3.90363 5.73387 -3.4467 -0.2657 1.35921 0.450289 
4.99975 -0.0391519 -0.136849 -0.414527 -0.46406 -0.101069 -0.308136 -0.479623 -0.181891 0.00661804 0.0189006 -0.0761869 -0.139148 2.64327 -0.162833 -1.27162 2.27594 -1.35404 -0.0869498 -3.80871 3.26284 3.45741 -3.08664 2.22076 0.147007 -0.189395 4.46149 0.737228 -1.62551 0.544236 -2.78688 -1.39928 0.376354 3.94442 3.36315 -2.70606 -1.22678 2.2322 1.07224 
5.27877 -0.000630576 -0.339049 -0.454656 -0.528191 0.0899511 -0.514026 -0.324257 0.0782859 -0.214443 0.0764585 -0.118592 -0.119036 3.35104 -0.140617 -0.939502 2.54024 -2.66258 -0.895162 -2.79311 3.97181 3.45245 -3.33527 2.46328 0.626027 -0.26166 0.0276527 -0.220113 1.03553 1.92535 -1.49387 -4.34256 3.60841 1.90915 -1.87438 -0.129968 -0.866108 2.18236 0.664144 
5.37383 0.0628252 -0.385008 -0.430518 -0.588399 0.0494783 -0.646975 -0.188919 0.31343 -0.268145 -0.0161217 -0.0139468 -0.0738514 3.00925 -0.152663 -0.373888 2.5809 -3.48105 -1.35348 -1.68626 3.86675 3.01732 -3.29511 2.52408 0.822564 -0.336678 -3.8267 -1.03258 3.14129 1.75193 -0.432494 -4.09364 5.25803 -1.19243 -5.92332 1.99467 0.765976 0.39575 -0.303211 
5.44359 0.00957292 -0.334468 -0.310443 -0.650545 -0.168381 -0.521936 -0.0539345 0.257097 -0.361586 0.0373677 0.0587042 -0.0383627 1.37942 -0.165132 0.183496 3.01555 -3.81959 -1.77617 -0.521042 3.64742 1.32117 -2.61469 2.14289 0.938308 -0.247499 -5.83104 -0.683223 3.08479 0.378847 0.239338 -0.79043 3.43971 -3.46773 -5.88679 3.24798 1.18596 -1.33407 -1.09891 
5.43233 -0.0158087 -0.320063 -0.179368 -0.732218 -0.27117 -0.445327 -0.00135869 0.146406 -0.357291 0.116767 0.0759276 -0.0875102 -1.5736 -0.295218 1.05541 3.05668 -2.93807 -2.46598 0.505646 2.79132 -0.599568 -1.71507 1.92968 0.854913 -0.243446 -6.09714 -0.092478 1.7636 -1.11821 1.10303 2.19343 0.478343 -3.51945 -3.28735 2.4665 0.271087 -1.82689 -0.798518 
5.35994 -0.036697 -0.232407 -0.157024 -0.79654 -0.291478 -0.397946 -0.0262801 0.0758304 -0.344196 0.196988 0.0555664 -0.12621 -7.54167 -0.345262 2.31514 2.31012 -0.880679 -2.39852 1.47206 1.01563 -2.99387 -0.926486 1.54485 0.632731 -0.0891203 -7.67048 0.665473 -0.0380597 -2.23365 3.28193 3.14213 -1.56489 -2.2845 -0.91762 0.521565 -1.38339 -1.01902 0.478134 
5.23167 -0.0326428 -0.145922 -0.187505 -0.838375 -0.258415 -0.375215 -0.101463 0.0597346 -0.335185 0.246282 0.00246626 -0.126434 -14.0457 -0.210773 3.1157 1.54299 1.54171 -2.06317 1.42801 -1.02969 -4.04021 0.342626 0.930412 0.169937 0.000412606 -11.3228 0.868781 -0.136138 -2.01079 5.55707 1.07013 -1.71148 -1.72036 -0.0313951 0.285715 -2.77943 0.446144 1.30144 
5.09099 -0.0136018 -0.180643 -0.0821559 -0.87878 -0.242771 -0.407137 -0.0454844 -0.046718 -0.279667 0.214354 0.0153697 -0.134755 -20.1167 -0.810086 3.43269 0.809994 3.78694 -1.02893 0.974139 -2.20524 -3.51073 1.38652 -0.558337 -0.334798 0.414401 -13.9902 -0.490677 0.903238 -1.48074 6.41143 -0.732196 -0.185994 -1.94 0.419886 0.76863 -2.96158 0.547327 1.52798 
4.83918 -0.0439266 -0.136859 -0.0895938 -0.774147 -0.283303 -0.428768 -0.041514 -0.0658653 -0.34406 0.226792 0.0296476 -0.139967 -24.1471 -2.39696 2.68277 -0.0868958 5.70217 -0.202239 1.67737 -1.78605 -2.27689 2.10639 -1.9408 -0.62339 0.97153 -11.7496 -2.70062 0.345762 -0.76383 4.5618 -0.399876 1.72804 -0.889291 1.49232 2.3178 -2.70356 -0.29083 1.02381 
4.0208 0.00891363 -0.066824 -0.244927 -0.468392 -0.226087 -0.384593 -0.160102 -0.212134 -0.435614 0.159614 0.046927 -0.0338019 -25.5541 -3.80315 1.23196 -0.493742 6.68258 0.240349 2.13962 -1.20496 -1.34131 2.52453 -2.51531 -0.313978 1.33812 -2.19599 -4.67372 -1.75569 0.0870191 0.391858 0.752484 2.45329 1.37554 3.02518 2.79472 -1.22239 -0.756237 0.0493108 
3.29331 0.0189116 0.0886409 -0.157511 -0.298061 -0.429146 -0.398962 -0.341838 -0.207928 -0.149715 0.0654428 0.0705595 -0.0488041 -22.2743 -5.59474 -0.225091 -0.404693 5.97196 1.35385 2.33814 -0.316004 -1.41819 2.31054 -2.38125 0.332481 1.59266 10.7558 -5.15305 -4.54081 0.06825 -3.77426 3.39729 1.82826 3.78227 2.13349 0.0537195 0.909197 -0.0827638 -0.135697 
2.78636 -0.238973 0.132119 -0.104863 -0.209559 -0.333606 -0.306464 -0.297962 -0.179453 -0.122711 -0.0401634 -0.0234448 -0.00661283 -11.5158 -6.70945 -1.45299 -1.36246 3.9774 1.73768 2.51864 0.372358 -0.748448 2.17959 -1.75799 0.233017 1.66088 25.1251 -2.49455 -5.38114 -0.704981 -6.47789 3.01657 -0.238118 3.7948 0.260341 -1.94245 2.70486 1.13954 -0.245311 
2.56246 -0.494747 -0.0685025 -0.214516 -0.119664 -0.208939 -0.0883585 -0.0952672 -0.0561697 -0.0505565 -0.086465 -0.0625975 0.00162106 0.715654 -7.21653 -2.17643 -1.45251 1.27815 1.82426 2.1853 1.2477 0.298474 2.4757 -1.25351 -0.00613908 1.46047 32.3616 0.922003 -2.2698 -0.95878 -6.81626 0.567133 -2.63043 1.30679 -0.768327 -2.57601 2.95177 1.19191 -0.16199 
2.5121 -0.54393 -0.195239 -0.231868 -0.118561 -0.186619 -0.13597 -0.130847 -0.0706864 -0.0535984 -0.0146826 0.0350489 0.0254165 12.1029 -6.68623 -2.8217 -0.700415 -0.944859 1.13458 1.02766 2.13943 0.798849 1.42141 -1.54642 -0.0966614 1.51051 28.012 3.40149 1.31608 -0.33054 -4.35456 -2.38245 -3.25302 -0.560843 -0.398624 -1.93407 0.288382 -0.176196 0.243843 
3.04423 -0.746199 -0.275162 -0.148949 -0.3075 0.0276309 -0.183791 -0.0551003 -0.289855 -0.152078 0.0293206 0.134542 0.0740098 18.8013 -4.25752 -3.59572 -0.797582 -1.3624 1.55303 0.928077 2.67212 1.01526 0.0845991 -1.13974 0.425787 1.28537 11.9293 5.72501 2.80968 0.760111 0.214629 -4.10335 -1.73919 -1.39293 1.80783 -0.15587 -1.91262 -0.969887 -0.230841 
4.49531 -0.759423 -0.336669 -0.370533 -0.45393 -0.116337 -0.163173 -0.0184749 -0.174501 -0.0945551 0.0480853 0.034181 0.0777661 21.9511 0.58437 -3.12838 -0.772868 -1.70703 1.00112 -0.043836 1.27089 1.8661 0.226418 -1.00994 0.193804 0.652671 -8.78094 7.71608 1.97957 1.95932 3.46601 -1.53518 -0.110207 -1.65246 2.56958 0.200912 -2.45534 -0.902211 -0.790915 
4.85532 -0.813012 -0.214842 -0.331048 -0.483486 -0.174684 -0.198717 -0.0209562 -0.0056996 0.00297372 0.00875129 -0.00894258 0.0720606 21.6589 4.57966 -1.82226 -1.20347 -1.54261 0.400254 -0.769312 -0.108425 1.91908 -0.0335523 -1.01845 0.147619 -0.171749 -17.4552 9.03186 -0.0805871 0.229022 3.7905 1.14924 0.998971 -1.81233 1.43125 -0.00180719 -0.690384 0.0637586 -1.73322 
4.9001 -0.715614 -0.258579 -0.173435 -0.396394 -0.301066 -0.325649 -0.015692 -0.108147 -0.183477 -0.257544 0.00429031 0.19289 18.8097 7.05036 -1.59897 -2.18217 -0.579807 0.000116339 -0.26333 -1.0332 1.78687 1.09051 -1.37356 -0.227237 -0.845218 -13.5018 7.27203 -0.784382 -2.61221 1.53473 2.34756 1.16979 -2.55011 -0.331804 1.53937 2.05225 0.562791 -2.49245 
4.76611 -0.474983 -0.408738 -0.212545 -0.232782 -0.0999924 -0.0905736 0.0492417 -0.00687305 -0.0995167 -0.119758 0.129594 0.0746034 14.1408 8.27674 -1.76129 -2.8747 -0.344874 0.0817182 0.0426318 -2.43601 2.03033 2.22645 -1.09484 -0.505625 -1.44558 -2.47052 1.49781 -0.347489 -3.68848 -2.02579 1.10741 -0.142011 -2.84524 -2.2624 2.17981 2.13576 -0.198226 -1.49772 
4.97462 -0.00515863 -0.37821 -0.28325 -0.368565 -0.0572333 -0.21719 -0.154736 0.197792 -0.00321041 -0.141107 -0.0678872 0.0185686 9.29661 7.77105 -1.90898 -3.02512 -1.14726 1.20127 0.23033 -3.32559 1.2454 2.76277 -0.434873 -0.229182 -1.67028 4.37979 -5.25861 -0.216001 -2.88631 -3.35453 -0.394271 0.118424 -1.5976 -2.68578 2.37084 1.54122 -0.0925807 -0.0732588 
5.16815 0.0995291 -0.339575 -0.494324 -0.369556 -0.0959212 -0.225761 -0.157324 0.0641622 -0.100786 -0.0953126 0.061456 -0.0652581 8.52243 6.75031 -2.22519 -3.82052 -2.70956 1.81692 0.874122 -3.85322 0.500346 3.25886 0.531455 -0.304982 -1.50034 2.43103 -7.8188 -0.0397224 0.372316 -3.77026 -0.116231 0.512931 -0.664357 -1.1387 1.9563 0.528676 -0.615418 1.51689 
5.40425 0.122724 -0.477427 -0.591647 -0.322329 -0.142151 -0.170352 -0.261898 -0.0753355 0.160511 -0.137873 0.0494545 -0.0524741 8.04582 4.75831 -1.66227 -4.2311 -4.1527 1.99264 1.38252 -3.98078 0.331744 3.76704 1.33297 -0.349229 -1.25733 -2.73049 -5.89838 0.634388 2.397 -3.04766 0.632702 0.872832 0.714834 0.369859 -0.788545 0.116827 -0.1892 2.02952 
5.7227 0.0274917 -0.517642 -0.592698 -0.556341 -0.0329192 -0.181341 -0.37859 0.031938 0.22005 -0.0819969 -0.0204737 -0.0774659 6.73351 2.33768 -0.773328 -3.48486 -5.01321 1.40023 1.01578 -3.50223 -0.36677 2.67606 1.00275 -0.152558 -0.404742 -7.40345 -1.76408 1.39566 2.28037 -0.606556 0.684557 1.26456 1.9379 0.67418 -2.45967 0.286287 0.797728 1.41138 
5.81635 -0.00983591 -0.494682 -0.651025 -0.688943 -0.00281957 -0.162474 -0.406903 0.0744567 0.261655 -0.0585184 -0.0200136 -0.0700126 3.73187 0.450857 -0.330401 -2.51052 -4.68231 1.65507 1.691 -2.50603 -0.694375 1.58557 1.22371 0.702052 0.199238 -8.04637 1.17747 1.97532 1.58398 1.28544 0.0297244 0.356196 1.8611 0.11513 -3.45921 0.0201272 1.15797 0.707405 
5.71304 0.0620236 -0.514807 -0.66081 -0.791245 0.0435531 -0.068894 -0.450145 0.0313101 0.283125 -0.0273429 -0.0212614 -0.0120516 0.796345 0.377345 0.481834 -1.45587 -4.45359 1.78077 1.67366 -2.0309 0.0863468 0.407482 1.43088 0.599207 0.597706 -5.73581 1.10037 1.99625 0.642219 2.66719 -0.687199 -0.48425 1.68589 -0.45035 -3.5446 0.127378 1.54152 -0.117504 
5.64185 0.0915573 -0.491841 -0.68653 -0.808837 0.0464769 -0.0347419 -0.454946 0.0158747 0.258661 -0.0382354 0.0266705 -0.00910897 -2.04184 0.850676 1.76237 -1.36367 -3.53568 1.33573 1.44803 -1.12208 0.105357 -1.30445 1.5276 1.13708 0.631329 -2.78943 0.465222 1.4816 0.0504071 2.63728 -1.00499 -0.845192 0.898928 -0.360791 -1.99375 0.200356 0.731686 -0.272684 
5.57359 0.0887936 -0.424916 -0.683214 -0.853381 0.0677117 -0.0538692 -0.418496 0.0168501 0.155853 -4.85358e-05 0.0792624 -0.0280425 -4.13235 1.44244 2.47395 -1.31562 -2.11247 0.531575 1.20288 -0.483832 -0.317321 -2.47983 1.52915 1.45994 0.708781 -0.69972 0.0458317 1.08229 -0.267153 1.6153 -1.09687 -0.843688 0.224508 0.203368 -1.04987 0.320312 -0.26734 -0.131895 
5.48712 0.122558 -0.390306 -0.704742 -0.874292 0.120377 -0.019276 -0.470951 0.0142337 0.13586 0.0298909 0.10586 0.00243016 -5.26502 1.58388 2.94133 -0.841424 -1.27788 0.353867 0.465259 -0.20684 -0.0573925 -3.73506 1.56042 1.38544 0.59422 -0.596449 0.0527617 0.792363 -0.00823098 0.948677 -1.07995 -1.00461 0.359706 0.450798 -1.12579 0.103834 -0.693631 -0.0185277 
5.42326 0.137991 -0.331531 -0.719334 -0.890487 0.0897369 -0.0163211 -0.476295 0.0407615 0.0524195 0.0905401 0.107415 0.00305258 -6.10841 0.984952 3.34382 -0.0291182 -0.640423 0.147892 0.0231017 -0.0096896 -0.100839 -3.9729 1.16164 1.16682 0.467267 -1.67138 -0.231456 0.308196 1.22496 0.573564 -0.330818 -0.748044 0.357538 0.0309669 -0.794864 -0.632717 -0.710248 0.12458 
5.31784 0.179629 -0.251078 -0.805126 -0.847433 0.0321525 -0.00746406 -0.445028 -0.0218874 0.0548356 0.0635964 0.149742 0.0127456 -7.64643 0.282964 2.93736 1.21215 0.199378 -0.203527 0.234223 -0.0149787 -0.848116 -3.21329 0.682943 0.743592 0.617552 -2.93174 -1.29574 -0.59345 3.02175 0.806868 0.239271 -0.149397 0.150178 -0.683335 0.225475 -1.18672 -0.651559 0.0974884 
5.24706 0.200268 -0.198878 -0.772211 -0.899607 0.0321785 -0.0270304 -0.453879 0.0205503 -0.0987395 0.132732 0.133059 0.0272238 -8.8262 -1.1576 2.13128 2.3108 2.56547 -0.700666 -0.0932253 0.397179 -1.97949 -2.58572 0.51044 -0.66328 0.946829 -3.51743 -2.92632 -1.62869 3.5758 3.1119 -0.0173231 0.166971 0.422364 -2.31756 1.99531 -1.24733 -1.46397 0.311854 
5.04916 0.226116 -0.140023 -0.709502 -0.898567 0.0958341 -0.100583 -0.446322 0.0810816 -0.25794 0.137966 0.142032 0.0303848 -11.9471 -1.63824 2.40684 3.45103 4.06336 -1.20086 -0.983716 0.713559 -2.93498 -1.9437 0.329278 -1.10377 0.748559 -4.65991 -2.92404 -1.38154 2.73097 4.73398 -1.03309 -0.184873 0.45003 -3.42663 3.33707 -0.56193 -1.87155 0.279137 
4.83604 0.137337 -0.0905418 -0.581266 -0.867655 0.083331 -0.0301104 -0.447825 -0.0356246 -0.175097 0.0560991 0.146055 0.0449327 -11.3315 -1.94938 2.08336 3.79706 5.05989 -2.52647 -1.6942 0.849189 -2.9669 -0.174221 -0.202084 -2.00067 0.380842 -1.9215 -1.15211 -0.506978 0.332251 4.30859 -2.70886 -1.73466 0.610165 -1.73374 3.19621 0.25367 -2.13333 -0.389847 
4.54644 0.0585419 -0.166586 -0.444353 -0.73387 0.0105419 0.0493253 -0.454613 -0.185169 -0.0617597 0.025804 0.137977 0.0705274 -8.93003 -1.77205 1.58253 3.59233 5.83357 -3.18496 -2.35281 0.198155 -3.12582 1.61383 -0.434092 -2.71893 -0.0469639 3.93211 1.54912 0.665479 -2.30601 1.60826 -2.89208 -2.85672 -0.233615 0.765732 2.72021 0.250436 -1.50611 -1.22316 
4.43333 -0.163889 -0.208143 -0.393745 -0.315964 -0.0377958 -0.0984523 -0.345366 -0.316018 -0.150411 0.129255 -0.128038 0.132242 -5.71925 -1.29815 1.1515 2.76099 6.1499 -3.8188 -2.78742 -0.292517 -2.77266 2.89108 -1.03456 -2.94162 -0.739609 9.71335 3.75525 0.615764 -3.3267 -2.70708 -1.78758 -1.85973 -1.79847 3.22703 2.16673 -0.816547 0.353307 -2.02135 
3.73125 0.0156831 0.0495323 -0.314298 -0.354115 -0.0861701 -0.231231 -0.387479 -0.356242 -0.120555 0.121229 0.00914035 0.0593597 -1.5755 -0.751541 0.781251 1.52687 5.47774 -3.88499 -2.98059 -0.818114 -1.39432 2.90265 -1.05675 -2.83667 -1.58761 14.2472 2.54622 -1.23206 -3.23673 -3.85687 0.431301 0.0956466 -2.18998 4.1484 0.410514 -1.29071 0.806833 -1.89549 
4.31287 -0.00242342 -0.0248763 -0.39371 -0.3285 -0.396827 -0.273811 -0.359343 -0.215351 0.117198 0.0265739 -0.155739 0.000757806 3.62832 -0.290081 -0.0840414 0.940466 3.16845 -3.04349 -3.36763 -0.0721108 0.862652 1.08745 -0.919619 -1.95533 -1.71016 10.5485 0.324121 -2.2455 -0.988387 -4.40037 3.46303 1.51045 -0.529432 3.39616 -3.21948 -0.625994 2.23751 -0.653356 
4.54561 0.0691576 -0.0513244 -0.4354 -0.227519 -0.32105 -0.328171 -0.521427 -0.337656 0.221476 0.0247718 -0.178423 -0.0154607 8.12857 0.0191358 -0.755143 0.860381 -0.0946606 -1.99666 -3.07482 1.09344 2.7645 -0.684249 -0.746812 -0.467463 -1.53423 5.43598 -1.76089 -2.65097 1.37287 -5.0794 3.75835 1.80511 3.11152 3.27499 -6.0503 0.646188 3.02349 0.902996 
4.6603 0.0740436 -0.0643894 -0.413832 -0.229934 -0.3456 -0.361205 -0.531704 -0.225931 0.13302 -0.0501056 -0.178898 -0.0984149 10.8089 0.090978 -1.69567 1.40125 -3.11663 -1.17805 -1.84012 2.06203 3.34924 -1.76614 -0.521015 1.16851 -1.28542 1.1389 -2.26269 -1.98837 2.67355 -5.01876 2.62053 1.35844 5.29687 1.3706 -5.67458 2.04041 2.95574 2.1708 
4.81762 0.0400268 -0.0677723 -0.457845 -0.257466 -0.298161 -0.364821 -0.55104 -0.0736937 0.0281157 -0.0203816 -0.158295 -0.183142 12.0105 -0.84125 -2.79961 2.11134 -4.11052 -0.296279 -0.850487 3.11527 3.03271 -2.98089 0.108515 1.53807 -0.579461 -2.5458 -0.887363 -0.715783 2.90621 -4.18523 0.409706 1.20293 4.41803 -1.26625 -2.14574 1.86802 2.36997 2.24158 
5.22266 -0.053632 -0.232325 -0.295712 -0.507509 -0.233393 -0.405797 -0.266876 0.0467414 -0.197865 -0.025372 -0.0482539 -0.0583207 8.46781 -0.894894 -2.51653 2.899 -4.59103 0.479226 -0.394028 3.83381 2.14619 -3.87682 0.779588 2.37773 -0.173426 -4.70771 0.459232 0.583464 0.972439 -0.238805 -1.50833 1.21023 0.592138 -3.35967 2.30764 1.09342 0.0496202 0.687858 
5.35654 -0.0506558 -0.268705 -0.225979 -0.686842 -0.248737 -0.400229 -0.115249 0.0952566 -0.275522 0.0450462 0.0507808 -0.0240633 6.33208 -1.05422 -2.52314 3.36831 -4.49458 -0.200444 0.135335 4.43296 1.61214 -3.3995 1.08263 2.39098 0.185922 -6.50245 1.11836 1.22463 -0.479809 3.50033 -1.4372 0.863292 -2.76398 -3.93422 4.10478 0.0361575 -1.50049 -0.514338 
5.39369 -0.0585038 -0.285547 -0.15306 -0.748584 -0.297823 -0.35658 -0.0728611 -0.0143701 -0.26985 0.0933991 0.0740855 -0.0550874 3.91979 -1.10352 -1.99717 3.25292 -3.50346 -0.326692 0.510772 4.11801 0.427946 -2.23697 1.34196 2.18606 0.72252 -6.28099 0.631192 1.43121 -1.36404 4.74141 -0.697291 0.328493 -3.2384 -1.74277 3.19675 -0.737766 -1.74642 -0.624884 
5.37721 -0.0607435 -0.304192 -0.101191 -0.767626 -0.298702 -0.3346 -0.0928197 -0.0334233 -0.244272 0.0819181 0.0740267 -0.049344 0.58654 -1.38668 -0.865173 2.65442 -1.44543 -0.697486 0.738754 3.281 -0.476883 -0.830717 0.672921 1.60752 0.847019 -4.82847 -0.687743 1.65618 -1.75014 4.33589 0.119114 0.0168746 -1.83794 0.226115 1.52191 -1.07252 -1.12566 0.00476357 
5.3047 -0.0397767 -0.303546 -0.107969 -0.704508 -0.330027 -0.360957 -0.0607145 -0.0549964 -0.225352 0.0905018 0.0705944 -0.0786197 -3.07404 -2.1777 1.15954 0.781155 1.49432 -0.831604 0.955317 1.83952 -1.21941 0.606615 -0.330056 0.849673 0.898913 -3.61461 -2.38487 2.4753 -2.10802 3.28703 0.666322 0.0710033 -0.200095 0.771337 0.353827 -1.74835 -0.332254 1.29507 
5.32278 -0.0574301 -0.371226 -0.0367106 -0.679883 -0.366463 -0.321938 -0.044044 -0.0676794 -0.205429 0.10913 0.0854561 -0.0515339 -5.04074 -3.78932 2.00422 -0.540616 3.54445 -0.0451072 0.671363 1.1523 -0.866859 1.30891 -1.30593 0.439976 1.37826 -3.7101 -3.59198 3.22166 -3.00773 2.95508 1.21525 -0.187137 0.0320068 0.635981 0.497059 -2.12074 -0.0778229 1.5169 
5.21519 -0.133149 -0.291608 -0.0415222 -0.67029 -0.315238 -0.304502 0.00886424 -0.0404163 -0.245134 0.121095 0.119567 -2.11711e-05 -5.75019 -5.79971 2.28223 -1.51161 4.05286 0.582111 0.0912659 1.03185 0.444775 1.13105 -1.41101 0.636897 1.54783 -2.29412 -4.26841 1.83788 -2.80779 1.94885 1.22921 -0.756468 -0.47821 0.824784 0.663961 -1.39747 0.0154763 0.684261 
5.00899 -0.248299 -0.183843 -0.0907886 -0.511237 -0.344234 -0.294155 0.0237646 -0.0359216 -0.190283 0.00668054 0.101254 0.00450668 -5.3636 -7.23922 1.89445 -2.39559 4.38853 1.28853 0.0476529 1.30643 0.595265 0.815843 -1.46082 0.393024 1.48873 0.95649 -3.47049 -1.18478 -1.66871 -0.0647223 1.58364 -0.949348 -0.413121 1.07071 -0.124706 0.333515 -0.0703693 -0.315598 
4.81767 -0.413331 0.013702 -0.273705 -0.326715 -0.344023 -0.275727 0.0356863 -0.138139 -0.13221 -0.0997628 0.100711 0.117995 -5.13751 -8.24007 1.25928 -3.57599 3.27023 1.42498 0.0309513 0.777788 0.758327 0.618991 -1.09916 0.28267 1.56789 3.40553 -1.45723 -4.05677 -0.435244 -2.94786 0.866517 -0.664789 -0.412226 1.22274 -1.11033 2.20541 -0.187418 -1.32967 
4.73486 -0.614745 -0.0552467 -0.292462 -0.25388 -0.206294 -0.327363 0.0157292 -0.031027 -0.0735746 -0.106594 0.114949 0.144115 -4.69515 -8.24488 0.82317 -4.13504 2.58999 0.961409 -1.11239 0.883074 1.2431 0.754204 -0.845221 -0.100875 1.32376 3.66109 1.19848 -3.71241 0.0147165 -4.00823 -1.11376 -0.665484 0.0800743 0.418878 -1.19606 2.32715 -0.611861 -1.18123 
4.75987 -0.858436 -0.10717 -0.291121 -0.351738 -0.22016 -0.388751 0.0385373 0.128658 -0.165469 0.00277502 0.18361 0.0744576 -3.70621 -7.3296 -0.324977 -4.24487 1.51703 0.568094 -0.900389 0.713072 1.13634 0.845139 -0.537241 -0.149385 1.0475 1.50703 3.58103 -1.53839 -0.314881 -2.84398 -2.00987 -0.0651532 0.151556 -0.84683 0.00843573 0.691434 -0.804892 -0.143954 
4.83827 -0.907851 -0.21218 -0.376802 -0.233966 -0.131857 -0.306322 0.122758 -0.0162435 -0.179382 -0.0544161 0.0774885 0.0807012 -2.8516 -5.70361 -1.05188 -4.11716 -0.0803028 -0.130925 -0.673049 0.716885 0.793116 1.2333 0.805887 -0.124896 0.691611 -0.962769 4.2715 0.953861 -0.218147 -1.63521 -2.70984 0.104273 -0.158616 -0.915233 1.65156 0.208939 -0.0878785 0.25959 
4.67989 -1.00772 -0.232379 -0.571681 -0.445005 -0.23176 -0.314505 -0.00419624 0.0102476 -0.159149 0.0258495 0.111792 0.142035 -2.46115 -3.92149 -1.35476 -3.4223 -1.31507 -0.908741 -0.251049 0.824622 0.511821 1.60815 1.41392 -0.572577 0.34132 -1.14093 3.83539 1.87679 0.865053 -0.00617316 -1.5372 0.923481 0.340272 -1.18673 2.21705 0.112246 -0.0639253 0.0952916 
4.65028 -1.02167 -0.165469 -0.525491 -0.333731 -0.325874 -0.558194 0.136311 0.12856 -0.0785022 -0.025827 0.0572265 0.145651 -2.92835 -2.30439 -0.860594 -3.39952 -1.10789 -1.03844 0.231525 0.577893 0.126871 2.24345 1.37503 -0.959306 0.0201981 -0.793404 2.33086 0.783062 1.13849 0.169817 0.638518 2.11335 -0.456099 -0.78375 1.61862 0.845497 -0.124225 -0.717489 
4.60071 -1.01505 -0.224359 -0.606639 -0.369997 -0.261725 -0.317442 0.0959068 0.0424183 -0.0777626 -0.0646849 0.119066 0.159829 -3.11472 -0.854236 -0.603264 -2.97741 -0.396265 -0.656275 0.37785 0.252647 0.30852 2.15983 0.729283 -1.2126 -0.115754 0.203217 1.00055 -0.0412374 1.32554 0.832628 1.5932 0.689616 -0.575765 0.669785 -0.212529 0.488293 -0.752105 -1.30282 
4.5211 -0.98213 -0.181855 -0.683723 -0.435609 -0.375998 -0.334278 0.108213 -0.0232518 0.0780917 0.135692 0.103079 0.128372 -2.98638 -0.102147 -0.299493 -1.75838 -0.583202 -0.261644 0.464654 -0.313566 0.261094 1.04282 0.633527 -0.11067 -0.241229 1.03572 0.493519 -0.746887 1.52288 1.35005 2.48863 -0.0667732 -1.01092 0.806467 -2.9072 -1.44914 0.0456648 -0.709638 
4.48928 -1.01141 -0.183116 -0.640902 -0.485114 -0.374643 -0.30599 0.140406 -0.0090964 0.0870048 0.0985853 0.00380643 0.156209 -2.23209 0.454567 -0.779467 -0.304671 0.586514 0.736096 0.639668 -0.619807 -0.332028 0.378711 0.0968256 0.289442 -0.113846 1.16061 0.480138 -0.915968 1.76703 1.36344 1.80612 -1.03208 -1.54336 0.233047 -3.65942 -1.90168 1.83785 0.344743 
4.38409 -1.03715 -0.230603 -0.717808 -0.348749 -0.22048 -0.31684 0.0660475 0.0994683 0.148849 0.0928864 -0.00463882 0.0595674 -0.301865 2.6308 -0.245138 1.20348 -0.289375 1.17637 0.583475 -1.33642 -0.714332 -0.2171 -0.194054 0.0527553 -0.365196 3.08759 2.71801 0.395912 3.41618 -0.146808 0.147361 -1.34365 -0.774826 -1.25689 -2.60502 -1.69361 1.72785 1.01514 
4.44942 -0.983068 -0.264703 -0.70555 -0.319192 -0.233788 -0.346636 0.078955 0.16663 -0.0339113 -0.0021287 -0.0154146 0.0586021 2.92561 5.89285 -0.558108 2.17045 -0.936862 1.18087 -0.826851 -2.13348 0.150138 -0.0288481 -0.73264 -0.494971 -0.403795 5.45537 6.04894 0.613526 3.09388 -2.23005 -0.594942 -0.816868 -1.19044 -1.44708 0.913924 -0.413161 0.154153 0.700101 
4.42548 -0.945052 -0.240553 -0.611272 -0.437837 -0.220214 -0.2896 0.00600934 -0.0408319 -0.167472 0.0247751 0.204974 0.126915 6.87081 8.30251 -1.71723 2.84605 -2.12331 1.86839 -1.52065 -2.48739 1.10806 0.0317908 -1.35949 -0.717217 -0.0673055 8.39902 7.85475 -0.513382 1.46709 -3.4788 -0.60583 -1.67855 -0.727237 1.41283 3.80784 0.483033 -2.76143 -0.163966 
4.40036 -0.953781 -0.338573 -0.525536 -0.267414 -0.179829 -0.345796 -0.0424046 -0.038501 -0.0373588 -0.00847252 0.167512 0.19544 9.89996 9.74489 -2.21523 2.6685 -3.38213 1.78883 -1.73606 -2.44113 1.66682 0.621718 -1.13249 -0.817627 0.0163151 9.02814 6.02824 -1.70881 -0.931322 -4.21954 0.16167 -1.19592 -0.00477182 3.55166 3.20172 0.510534 -3.11901 -0.680824 
4.78284 -0.435542 -0.0913468 -0.305511 -0.523379 -0.20631 -0.403237 -0.0275954 -0.0244746 -0.0100691 -0.0358631 -0.0120612 0.0527736 11.7869 10.0218 -2.58194 2.46594 -4.34567 1.42396 -1.2994 -2.09728 1.90833 1.20072 -1.02955 -1.46682 0.248411 4.5086 -0.77895 -3.28017 -3.31774 -1.56305 0.921535 0.317998 0.57181 3.49224 1.24434 0.372335 -1.11426 -0.0229949 
5.16991 -0.00361432 -0.351551 -0.432002 -0.624963 -0.191249 -0.459343 -0.229192 0.130647 0.122408 -0.0486222 -0.0525772 0.0791266 11.8661 9.22991 -2.83942 1.61426 -4.46006 1.68551 -0.541505 -1.83271 2.32756 1.9683 -0.858896 -2.03321 0.0018227 -2.07719 -6.92353 -1.23268 -2.74784 0.912683 0.604903 2.29849 1.85736 0.698844 -1.48076 -0.0274863 0.665132 0.300613 
5.54121 0.0295306 -0.535996 -0.380038 -0.787179 -0.0670223 -0.556437 -0.159276 0.262209 0.139808 -0.0278156 -0.0759579 0.138545 11.0068 7.70332 -3.06958 0.507936 -3.83426 1.691 0.0682258 -1.19184 2.80207 1.76387 -0.944758 -2.4986 -0.461589 -7.61658 -8.14527 1.28095 -1.69528 3.07111 -0.32632 3.51584 1.44554 -2.39704 -2.31056 -0.234019 1.56364 -0.100537 
5.64684 0.00770542 -0.501757 -0.440319 -0.827552 -0.0672748 -0.475545 -0.138409 0.299455 0.131705 -0.0556041 -0.074271 0.109328 8.82358 5.33625 -2.78976 -0.652529 -3.0444 1.51406 0.966036 -0.71453 2.21135 0.629568 -0.796305 -1.63862 -0.785966 -8.48567 -5.50868 2.13897 -0.565145 3.89325 -0.75069 2.34201 0.776042 -3.1016 -1.78894 -0.177444 1.09477 -0.702982 
5.6825 0.000400172 -0.547334 -0.439245 -0.789838 -0.0631164 -0.383202 -0.165909 0.283123 0.131236 -0.0880623 -0.131713 0.106889 5.2043 2.0337 -2.80719 -1.66847 -0.904612 1.40541 1.49261 -0.228833 1.46117 -0.255594 -0.582985 -0.665174 -0.730991 -5.78478 -1.51016 2.14824 -0.360421 2.74443 -0.854078 0.194626 0.382352 -2.07719 -1.36294 0.305848 0.881746 -1.26696 
5.66034 0.0183097 -0.551718 -0.454982 -0.824187 -0.0213333 -0.308636 -0.169363 0.264904 0.112131 -0.110671 -0.134335 0.0956903 1.98574 0.332778 -1.30275 -1.63337 0.41491 0.777338 2.00521 0.414631 0.283936 -0.770918 -0.407985 -0.426613 -1.172 -2.91008 0.214842 0.666682 -0.915064 2.06117 -0.911617 -1.24742 0.0154436 -0.587065 -0.420035 0.771554 0.775812 -0.800072 
5.66313 0.0309097 -0.582545 -0.468257 -0.794945 -0.0189262 -0.30638 -0.150272 0.236131 0.0884016 -0.106921 -0.128041 0.0517219 -0.412359 0.405994 -0.596889 -1.89629 1.40925 -0.0745261 2.24913 0.103847 -0.536115 -0.486714 -0.272395 -0.355736 -1.38055 -1.51312 0.202275 0.271626 -0.616757 1.00805 -0.933851 -1.13828 0.157946 0.0726868 0.529444 0.7996 0.280172 0.0122757 
5.66551 0.0267641 -0.564696 -0.540317 -0.724562 -0.0277874 -0.295592 -0.157286 0.246526 0.0534617 -0.10817 -0.100339 -0.000631018 -1.64657 0.716323 -0.635245 -1.68071 1.63512 -0.422723 1.52093 0.00985713 -0.671811 -0.0558084 0.0923643 -0.344656 -1.26424 -1.67618 0.266421 0.247155 0.137358 0.0147192 -1.10689 -0.37586 -0.0798362 -0.0922082 1.46769 0.515312 -0.389185 0.619558 
5.64789 0.0467583 -0.597521 -0.593617 -0.671791 -0.0130856 -0.319653 -0.135496 0.275585 0.00833867 -0.0836296 -0.101476 -0.023335 -2.68032 0.980161 -0.249206 -1.5336 1.52314 -1.04775 1.0868 -0.14167 -0.754431 0.515124 0.503355 -0.208417 -1.16432 -2.08314 0.446219 0.370743 1.04246 -0.762728 -1.21244 0.19157 -0.60317 -0.550043 1.99874 0.275912 -0.640575 0.852252 
5.58185 0.0495025 -0.590822 -0.622909 -0.657996 -0.0681579 -0.24481 -0.137839 0.229812 0.0781106 -0.0777606 -0.127976 -0.0236922 -3.21477 1.11817 -0.0563879 -1.2755 1.5534 -1.66554 1.07979 -0.816126 -0.844674 1.21036 0.962481 -0.34722 -0.922846 -1.68422 0.590272 0.455152 1.28966 -0.950593 -0.870646 0.0441396 -1.19219 -0.448055 1.45656 0.481788 -0.285159 0.58701 
5.50288 0.0743885 -0.590081 -0.618649 -0.645964 -0.108393 -0.202242 -0.151967 0.188776 0.134441 -0.0821386 -0.148231 -0.0176362 -3.81835 1.27832 0.368778 -0.831942 0.982289 -1.7412 1.19717 -1.22847 -1.29629 1.83859 1.18834 -0.334678 -0.535009 -0.757023 0.414884 0.656618 0.951325 -0.792319 -0.28892 -0.170007 -1.28941 -0.497188 0.653336 0.737045 0.274091 0.225841 
5.41297 0.111736 -0.605211 -0.61064 -0.640561 -0.117046 -0.259626 -0.165857 0.209945 0.152375 -0.0592336 -0.157867 -0.0348815 -4.42792 1.56599 0.637484 -0.272743 0.255871 -1.28484 1.11831 -1.75065 -1.61301 2.09345 1.36639 -0.227648 -0.251429 -0.0434856 0.198878 0.842407 0.412637 -0.744587 0.725066 0.0443597 -1.18572 -0.607322 -0.0797796 0.62716 0.677399 0.152235 
5.29899 0.147946 -0.559216 -0.610057 -0.637904 -0.198443 -0.213022 -0.20797 0.163591 0.200652 -0.0207946 -0.149164 -0.045817 -4.75966 1.61937 1.27608 0.00790524 -0.447142 -0.566192 1.05663 -2.04498 -1.98908 1.93758 1.30775 0.19523 -0.0312876 0.196133 0.00257209 0.833192 0.113146 -1.0892 2.12231 -0.146742 -0.445553 -0.60063 -0.777162 0.0527287 0.8487 0.353438 
5.29227 0.16068 -0.564914 -0.626087 -0.602075 -0.234624 -0.156042 -0.321717 0.148134 0.249551 0.0405141 -0.164845 -0.0461664 -5.10427 1.67087 1.67135 0.36201 -1.06854 0.372856 0.767295 -2.07255 -2.26225 1.21339 1.37729 0.624109 0.0321553 -0.613482 -0.0480916 0.946167 0.328822 -1.58654 2.68479 -0.356168 0.568775 -0.750042 -1.30686 -0.568053 0.892516 0.410157 
5.20514 0.183901 -0.505742 -0.606762 -0.66254 -0.194197 -0.16136 -0.290824 0.0468164 0.28626 0.0426027 -0.132014 -0.0338405 -5.45327 1.60069 1.72235 0.846632 -1.1531 0.434908 1.12542 -2.0861 -2.70453 0.517838 1.53741 0.881077 0.155635 -1.14786 -0.0783817 0.33458 0.801874 -0.852529 1.36649 0.023653 0.637408 -0.530993 -1.71601 -0.424916 0.546679 0.283324 
5.08635 0.241426 -0.49483 -0.599203 -0.697508 -0.107418 -0.176422 -0.372513 0.0619854 0.26611 0.064281 -0.11568 -0.0373269 -4.71931 0.840885 2.15167 0.40777 -0.819622 0.80462 1.30688 -1.4205 -3.1824 -0.290689 1.76417 0.666185 0.622834 -0.0826912 -0.895223 0.139367 0.325385 0.606192 -0.456234 0.396643 1.18779 -0.701641 -1.72431 0.3071 -0.240135 0.424895 
5.00864 0.240666 -0.402738 -0.611502 -0.755276 -0.0528918 -0.153124 -0.362341 -0.00938281 0.251532 0.0494694 -0.0682542 -0.0100075 -4.21638 0.18408 2.08264 0.190921 -0.164343 1.0988 1.44094 -0.697782 -3.08626 -1.06657 1.3662 0.276752 0.828284 1.33631 -1.57352 -0.304887 -0.454408 2.29067 -1.64986 0.898382 1.24075 -0.327278 -1.31764 0.551302 -1.22505 0.447221 
4.86323 0.268677 -0.38205 -0.544309 -0.808514 -0.0224453 -0.144343 -0.374154 -0.0839571 0.215371 0.090248 -0.0573127 -0.0231463 -4.51688 -0.107201 1.67969 0.0667262 0.821119 1.04493 1.77557 0.0152605 -2.89199 -2.16386 0.513827 0.462031 0.698491 2.02182 -1.67327 -0.752359 -1.36019 3.32573 -1.25425 1.0236 1.24525 0.485414 -1.22793 -0.574346 -1.09659 0.259209 
4.74852 0.290308 -0.422624 -0.462738 -0.72573 -0.175194 -0.0322048 -0.427384 -0.158905 0.187074 0.149028 -0.0561239 -0.00764341 -4.56402 -0.578219 1.3001 -0.263604 2.31682 0.645303 2.44516 0.00537223 -2.72876 -2.68398 -0.363981 0.325259 0.762288 0.876783 -1.08489 -0.679743 -1.57264 2.91097 0.399512 0.657694 0.953573 0.941552 -1.0263 -2.44181 -0.225407 -0.0754534 
4.90964 0.146996 -0.286921 -0.658891 -0.653194 -0.0747434 -0.076429 -0.312324 -0.213688 0.115658 0.227859 -0.130807 0.0747286 -5.14599 -0.829449 1.1729 -0.763615 3.59357 0.542708 2.23679 0.648171 -2.44117 -2.99478 -1.43906 0.447739 0.775633 -2.32764 0.482477 -0.9736 -0.406301 2.03711 0.886939 0.19152 -0.0454205 1.25359 -0.641873 -3.71301 1.10929 -0.594736 
4.81596 0.144213 -0.316804 -0.623459 -0.581304 -0.0743994 0.0149063 -0.320771 -0.197262 0.0967065 0.120542 -0.158041 0.053939 -5.90371 -1.01259 1.21156 -0.74845 3.96327 0.970141 1.63897 1.2944 -1.88893 -2.94863 -2.35254 0.465565 0.704995 -3.69753 0.812343 0.0526582 0.324946 0.372879 1.1467 -1.12374 0.297202 0.713905 0.0421614 -2.86646 1.50041 -0.35314 
4.60833 0.19845 -0.385678 -0.604229 -0.487265 -0.0490011 0.0754239 -0.309276 -0.216589 -0.0579087 0.00383787 -0.0252857 0.00600288 -6.66686 -1.26081 1.29973 -0.0888125 4.00071 1.08509 1.13163 1.77318 -1.10915 -2.77742 -2.82606 0.664484 0.527306 -2.98572 0.136011 0.961985 1.5202 -1.14558 0.509091 -2.10869 0.882442 0.695724 1.10448 -0.447987 0.409223 -0.0391011 
4.50739 0.150225 -0.329331 -0.634269 -0.366832 -0.0528559 0.160053 -0.373152 -0.30007 -0.0393818 -0.0729992 -0.0552279 0.0677921 -7.62672 -1.27697 1.08555 0.804341 3.9213 1.55337 0.434594 1.50968 -0.124284 -2.27212 -2.90277 0.906866 0.375027 -1.28956 -0.504812 0.574171 2.46406 -1.56537 -0.0967579 -2.23504 0.90942 1.49926 1.37839 1.7963 -0.273265 -0.070733 
4.28639 0.173532 -0.281301 -0.702891 -0.287179 0.0163109 0.0262317 -0.261455 -0.254386 -0.105168 -0.153307 -0.00404929 0.0682614 -8.54329 -1.02565 0.0847461 2.14211 4.43759 1.12256 -0.308319 1.02777 0.587898 -1.40531 -2.10245 0.795891 -0.201166 0.965132 -1.03093 -0.854649 2.68265 -0.315234 -0.549891 -1.317 -0.272146 1.7955 1.6699 3.27761 -1.12118 -0.443 
4.16124 0.116056 -0.197368 -0.607578 -0.37639 0.0929717 -0.00540277 -0.151143 -0.282486 -0.0886021 -0.188981 -0.018639 0.0771493 -7.84148 -1.35824 -0.438052 2.2266 4.37737 1.30351 -1.31143 1.07256 1.32206 -0.45055 -0.775668 0.231535 -0.347006 1.78293 -0.407774 -2.83511 1.49858 1.58404 -0.769212 -0.473896 -1.69189 2.04187 1.68851 3.05873 -1.20956 -0.969888 
4.02574 0.0693929 -0.225737 -0.43318 -0.306967 -0.00320981 0.0308463 -0.150378 -0.222507 -0.127792 -0.123793 -0.00838777 0.044856 -6.94893 -1.68647 -1.13801 2.26472 4.3828 1.31495 -2.17088 1.18196 2.18774 0.172048 -0.12916 -0.258522 -0.240048 1.9978 0.152569 -3.15398 -0.937651 2.00121 0.140356 -0.777722 -1.35325 1.4047 1.18395 1.31936 -0.762252 -0.597381 
3.91261 0.0495773 -0.282938 -0.414211 -0.157555 0.0594845 0.0184398 -0.268192 -0.1313 -0.0938989 -0.118877 0.0037678 0.0813479 -6.6104 -1.77473 -1.59689 2.21895 3.74135 1.09694 -1.80951 1.75494 2.97289 -0.499573 -0.0556268 0.130044 -0.198096 1.47609 0.0816457 -1.31328 -2.28972 0.00288721 0.259396 -0.264563 0.82467 0.57023 -0.353248 -0.694528 0.00708886 0.261447 
3.82916 0.0346313 -0.404096 -0.372498 0.0506325 0.0461314 -0.0925063 -0.229768 -0.117622 -0.0454691 -0.0253797 -0.0707873 -0.0178854 -6.23019 -2.16673 -1.5485 2.40283 2.71136 0.246998 -0.554568 1.57753 2.37284 -0.69377 0.730353 0.335707 -0.314292 0.064477 -0.323017 1.38129 -1.70753 -3.33335 -0.301588 1.34087 2.18933 -0.511048 -2.01472 -1.46235 1.40151 0.963202 
3.80252 0.0038763 -0.449591 -0.418064 0.00992264 0.128839 -0.11735 -0.192512 -0.033326 0.0076542 -0.0359017 -0.0944444 -0.0158229 -6.34797 -2.43236 -1.26782 1.91154 1.64334 -0.464216 0.664074 2.13321 1.60591 -1.07377 1.12949 0.689608 -0.519477 -1.23825 -0.960182 2.97226 0.287313 -4.87899 -1.79163 3.46318 2.33305 -2.20678 -2.458 -0.258282 1.82467 0.519132 
3.69053 -0.0273349 -0.497195 -0.413742 0.102253 0.136928 -0.205836 -0.135847 0.024108 -0.0786987 -0.137765 -0.0327365 0.0507259 -6.5677 -2.77182 -0.463693 1.25149 -0.660546 -1.12863 1.11453 2.90014 0.518523 -1.56943 0.909197 0.836116 -0.162573 -1.5756 -1.18969 2.83278 1.20239 -5.13969 -2.90089 3.91362 1.13998 -3.13668 -1.36298 1.52227 0.934962 -0.255795 
3.53019 -0.0780264 -0.395932 -0.406322 -0.00612339 0.100646 -0.0314618 0.0119089 0.0834797 -0.252836 -0.199706 0.0523012 0.0935912 -6.85345 -3.29007 0.454726 1.85278 -2.8998 -2.86165 1.44384 2.99187 -0.513807 -1.7301 1.20493 1.06827 0.231597 -0.823507 -1.01278 1.18469 1.2427 -3.5257 -3.12063 1.11583 -0.963734 -2.99083 0.938591 2.20197 -0.438293 -0.269949 
3.39726 -0.162799 -0.342112 -0.261881 -0.133518 -0.0151031 0.0594224 -0.0155457 -0.083451 -0.20537 0.0235667 0.0633997 -0.00128528 -7.48012 -3.82096 0.769517 1.5813 -4.04727 -3.4948 2.12821 2.28291 -1.64142 -1.75034 0.990995 1.26661 0.470103 -0.178438 -0.631173 -0.727788 -0.295443 -1.05665 -1.88695 -1.56683 -1.87833 -1.54464 1.65411 0.322723 -1.15484 0.353008 
3.27148 -0.238596 -0.34727 -0.2518 -0.184262 -0.0574424 0.192467 0.117505 -0.128124 -0.211086 0.0513834 0.066143 -0.0413885 -7.53903 -3.83735 1.03813 1.36394 -4.08187 -3.60481 1.90278 0.940102 -2.03703 -0.516813 1.49946 0.726719 0.0493856 0.467198 -0.00585178 -1.13882 -1.45546 0.775554 0.210958 -2.97832 -3.28801 0.230796 2.37158 -0.978534 -1.2057 0.604135 
3.1487 -0.288242 -0.337818 -0.300359 -0.355986 -0.160006 0.0815215 0.127168 -0.141545 -0.287186 -0.00771134 0.0500799 0.0606116 -7.15674 -3.64974 1.0857 0.694762 -3.88484 -3.16791 1.09664 -0.479109 -2.02938 1.09028 1.9197 0.0120079 -0.393768 0.710238 0.592204 -0.616883 -1.86289 2.67632 2.27627 -2.18351 -3.42314 1.26075 2.81911 -0.917939 -0.846083 -0.401292 
3.04843 -0.375683 -0.308896 -0.126218 -0.421505 -0.370176 0.0276567 0.02699 -0.167521 -0.204097 0.0851278 0.0758577 0.10616 -6.46662 -3.16453 0.915644 0.0643055 -2.72952 -2.79178 -0.40979 -1.49557 -1.43 2.14978 1.26804 -0.389176 -0.282178 1.03551 1.27324 0.48692 -2.19237 2.83363 3.21576 -0.918276 -1.93748 1.81058 2.14639 -0.835633 -0.600326 -1.10227 
2.86029 -0.465343 -0.409092 -0.29138 -0.363959 -0.265317 0.131131 0.0184267 -0.291604 -0.230434 0.00379803 0.0732708 0.0369552 -5.72328 -2.63644 0.814463 -0.673214 -1.62692 -2.04919 -1.05308 -1.5513 -0.0745348 2.16209 -0.419841 -0.754605 0.147628 1.78719 1.5336 1.20364 -0.618522 1.86062 1.59253 -0.76866 -0.115258 2.22271 1.12999 -0.780713 -0.565332 -0.530168 
2.84346 -0.446765 -0.300726 -0.299283 -0.397579 -0.199043 0.0705361 -0.11641 -0.165776 -0.0116622 0.0981933 -0.000718427 -0.0149072 -4.83574 -2.09591 0.932518 -0.72465 -0.680873 -1.30527 -1.43621 -2.09776 0.124499 1.94016 -0.857187 -0.606066 0.462936 1.76771 1.06237 0.422782 0.320925 1.16234 -0.0566102 -0.287861 1.75186 1.12345 -1.70682 -1.98151 0.193126 1.04572 
2.74064 -0.477671 -0.273278 -0.336977 -0.400835 -0.226993 -0.00282676 -0.153742 -0.18237 0.0237762 0.120184 0.00266596 -0.0223498 -3.70917 -1.25793 1.32812 -0.617909 0.172806 -0.360514 -1.28423 -1.72718 -0.076608 1.47257 -0.923711 -0.740944 0.347196 1.98666 0.947918 0.0117006 1.06307 0.407671 -0.415526 -0.075569 1.88733 -0.33691 -3.20309 -1.91485 0.333114 1.87645 
2.69211 -0.484646 -0.2241 -0.312427 -0.379365 -0.341252 -0.0386594 -0.114194 -0.14349 -0.00114979 0.0185586 0.0281905 0.0315186 -2.91656 -0.669207 1.37571 -0.809044 0.645479 0.124924 -1.69043 -1.02061 0.315684 0.841295 -1.08405 -0.77019 0.431423 1.62674 0.709463 -0.374394 1.00917 0.402686 0.457504 -0.00659425 0.87203 -1.29882 -2.39459 0.0261138 0.245587 0.958886 
2.65623 -0.524886 -0.265186 -0.323139 -0.377477 -0.323832 0.000951398 -0.0532898 -0.0705845 -0.0258888 -0.123989 -0.0539363 0.0526888 -2.12887 -0.507473 1.34422 0.00506234 0.572317 -0.0597005 -1.5542 -0.552096 0.682114 0.239954 -1.39889 -0.743922 0.706933 0.960152 0.496839 -0.352648 0.268633 0.413477 1.39564 0.210959 -0.00562371 -1.14213 -0.837219 1.24943 0.147468 -0.492545 
2.63996 -0.527527 -0.244966 -0.311374 -0.350213 -0.284934 -0.0395099 -0.157958 -0.189544 -0.0870451 -0.0715169 0.0341236 0.132435 -1.84219 -0.582917 0.888255 0.749348 0.78823 0.125619 -0.644872 -0.513018 0.134869 -0.333946 -2.0739 -0.478176 0.963416 0.443465 0.0922216 -0.153083 0.654406 0.0805067 1.05192 0.799825 -0.466838 0.539449 1.20978 0.727481 -0.360934 -1.24854 
2.66762 -0.449599 -0.144846 -0.296804 -0.364048 -0.249257 -0.0967713 -0.130612 -0.260261 -0.111735 -0.0373535 -0.0474793 0.108231 -1.58212 -0.453407 0.642359 0.912364 0.904489 0.508 -0.178442 -0.521766 -0.068171 -0.631348 -1.73709 -0.179162 0.820839 -0.382432 -0.64205 -0.716336 0.718593 0.0727307 0.0973977 1.5167 -0.459974 1.01264 1.08953 -0.434679 0.424337 -0.72909 
2.58664 -0.502607 -0.193055 -0.321825 -0.289591 -0.283835 -0.169945 -0.120723 -0.128169 -0.0326901 -0.00912168 -0.0293977 0.0681281 -0.674098 -0.110704 0.430672 0.82573 0.361046 0.514815 0.242065 -0.403956 -0.27877 -0.767547 -0.809608 -0.215561 0.0890843 0.595325 -0.0935447 -0.547369 0.607477 -0.708868 -0.675104 1.89721 0.109164 0.030097 -0.374251 -0.63928 0.581641 -0.214424 
2.57023 -0.553645 -0.21279 -0.293557 -0.327552 -0.219596 -0.0298733 -0.116987 -0.0988215 -0.0654453 -0.164151 -0.067611 0.0608924 0.561159 0.142484 0.0774505 0.961487 -0.456569 -0.315092 0.894183 0.158053 -0.239772 -0.362443 0.246117 -0.388893 -0.835657 2.23298 0.742238 -0.636853 -0.0624997 -1.48645 -1.56782 1.09689 1.08181 -0.752223 -0.8415 1.44665 0.162321 -0.73661 
2.5606 -0.545354 -0.169636 -0.146395 -0.303728 -0.220539 0.0196767 -0.249636 -0.154961 0.00899933 -0.21485 -0.0403748 0.131325 1.94635 -0.13975 -0.612417 1.37621 -1.08571 -0.276982 1.10663 0.510988 0.227916 -0.182854 0.413075 -0.394851 -1.05686 3.81571 0.774944 -0.943345 -0.538031 -2.02221 -1.1618 -0.182429 1.69539 -0.674067 -0.857744 2.97671 -0.174691 -1.23727 
2.50007 -0.537342 -0.192712 -0.245587 -0.271558 -0.242921 -0.0431682 -0.160062 -0.192034 -0.135483 -0.13455 0.0320171 0.11998 3.90204 -0.48257 -0.818711 1.8938 -1.98391 0.0621373 0.927669 0.320714 0.547734 -0.040478 0.531546 -0.0681937 -0.739184 4.97285 0.00898272 -0.617616 0.629469 -2.25925 0.257869 -0.917449 0.788883 0.566547 0.782189 1.99019 -0.710488 -0.767136 
2.70473 -0.468055 -0.191466 -0.247459 -0.400909 -0.312845 0.00862883 -0.092671 -0.179746 -0.170436 -0.072557 -0.0478828 0.015711 6.2663 -0.771886 -0.796591 2.00939 -3.09137 0.639394 0.702658 0.383792 -0.0196826 -0.279157 0.947571 0.194572 -0.448527 4.13239 -1.6362 -0.423304 1.22245 -1.434 2.08297 -1.38397 -0.685516 1.08905 1.45245 -0.0284348 0.362405 0.880464 
2.83823 -0.479311 -0.26787 -0.200169 -0.496309 -0.400664 0.114186 -0.0157881 -0.165291 -0.052505 0.0383506 -0.126659 -0.090356 7.58424 -1.3158 -0.200761 1.99201 -3.53222 1.30492 -0.566159 0.646539 -0.0817017 -0.405356 1.2134 0.691776 0.183186 2.49503 -2.26731 1.0788 1.02523 -0.623124 3.36646 -1.87363 -1.44981 0.330523 0.16537 -2.13203 1.54652 2.66778 
2.95709 -0.561533 -0.311616 -0.0889733 -0.480786 -0.220288 -0.00703291 -0.119586 -0.154701 -0.0907992 -0.000708941 -0.0208692 0.0285965 8.40082 -1.69803 0.456231 2.01858 -3.3001 2.20578 -1.14991 0.308254 0.354322 0.00447957 0.540958 0.772271 0.551457 0.461595 -1.31554 2.40062 0.0292212 0.490742 2.14295 -1.40489 -1.09516 -0.421184 -0.184162 -2.2733 1.37093 2.31003 
3.19526 -0.582539 -0.227605 -0.0194216 -0.607955 -0.167773 -0.0563059 -0.141127 -0.0639976 -0.0398844 -0.0476006 -0.0395232 0.0576117 9.16831 -1.3964 1.48306 2.71372 -2.44385 3.17725 -0.542106 0.127468 0.0476954 0.643956 -0.0195843 0.569655 0.884598 -1.11081 0.548197 2.52211 -0.743036 2.25555 0.841075 0.10407 0.318887 -1.23392 -0.513223 -1.01849 0.399685 0.682154 
3.40167 -0.680326 -0.291312 -0.0651445 -0.707414 -0.123544 -0.000440063 -0.107764 -0.166024 -0.0924952 -0.00993734 0.0280957 0.0624051 10.6161 0.395134 2.40832 2.25989 -1.79638 2.4401 -0.997239 -0.715021 -0.475167 1.08762 0.217464 1.03613 0.930713 0.505938 3.96546 2.35873 -0.564453 2.63147 -1.57756 0.960029 0.0809254 -0.893348 0.897673 0.624155 -0.947776 -1.29117 
3.42481 -0.735398 -0.124239 -0.00919763 -0.719676 -0.0268263 -0.145841 -0.0644956 -0.18123 -0.158372 -0.0759219 0.082997 0.186341 12.0558 2.64462 2.8785 1.5099 -1.24467 0.51514 -0.981837 -1.08336 -1.28653 0.0149369 1.26733 0.758064 0.164532 3.49417 6.33175 0.370954 -0.806748 1.81646 -4.49705 1.7153 -0.695623 -1.06505 0.894993 3.02656 -1.62556 -3.10004 
3.52953 -0.689378 -0.0670763 0.0446126 -0.611501 0.015963 -0.143638 -0.205367 -0.106669 -0.0148395 -0.133403 0.0546848 0.159079 13.2338 4.22156 2.77035 0.772626 -0.869475 -1.63806 -0.611716 -1.29964 -1.67989 -0.257704 2.33682 0.025253 -0.961233 5.24346 5.63512 -1.23883 -1.25766 -0.0107749 -5.69851 0.526723 -1.19537 -1.23434 -1.00909 3.88857 -1.11075 -2.824 
3.76911 -0.562707 0.00786837 0.112345 -0.556237 0.0936802 0.0638708 -0.0222753 -0.224118 -0.0378338 -0.034368 -0.019564 0.0868028 13.3667 4.96074 2.22375 0.637687 -0.451388 -2.81754 -0.868813 -1.60608 -2.02683 -0.500806 3.0302 -0.369267 -1.76467 3.37011 1.98966 -2.16554 -1.31981 -1.4659 -4.9322 -1.47095 -1.72217 -0.394201 -1.88466 2.50563 -0.527615 -1.72493 
4.31699 -0.204587 0.0556986 0.01378 -0.711772 -0.226939 -0.112258 -0.242828 -0.249125 0.0821081 0.109775 0.0624206 0.0180963 12.716 5.22943 1.98988 0.705801 -0.400436 -3.45972 -1.49522 -1.79269 -1.61924 -0.369829 2.96286 -0.81756 -2.15333 -2.48855 -3.25283 -1.99198 -0.190052 -0.779716 -0.421441 -1.7055 -0.0503596 0.344864 -1.94601 -0.516821 -0.353976 0.0258631 
4.51336 -0.09352 0.00247316 0.00691872 -0.684075 -0.432494 -0.0766431 -0.229222 -0.350883 -0.19889 0.296571 -0.0162369 -0.080112 11.602 4.55327 1.17565 0.686718 -0.856874 -3.78913 -1.4372 -1.75985 -1.51717 -0.529461 2.95615 -0.983739 -2.63406 -6.76985 -5.52077 -0.410764 1.08506 -0.184899 3.46851 -1.69001 0.861854 1.43419 0.517532 -3.32416 0.100895 1.31408 
4.73324 -0.153949 0.00188209 0.0145802 -0.679746 -0.409691 -0.141228 -0.321446 -0.307237 -0.153407 0.255123 -0.0235428 -0.06138 9.06429 3.28624 0.716182 0.827213 -1.36636 -3.26365 -2.03127 -1.17222 -1.29202 -1.19008 2.5768 -0.997027 -2.29987 -8.20456 -4.07718 0.312287 1.50771 0.20062 4.176 -0.33366 1.63516 1.37323 1.398 -3.13351 -0.0124938 1.03349 
4.79713 -0.179274 0.0143856 0.0798565 -0.734286 -0.393988 -0.210362 -0.290658 -0.344354 -0.12338 0.264113 -0.0454281 -0.122245 5.62174 1.60601 0.456942 1.25464 -1.45249 -2.15208 -2.43798 -1.15312 -0.488275 -1.02374 1.37885 -1.00427 -1.56105 -6.49474 -1.43396 0.394527 1.02201 0.085515 2.74862 1.00066 1.57206 0.879235 0.803172 -1.5893 -0.0906537 0.882383 
4.76352 -0.175072 0.0690578 0.0858878 -0.730483 -0.368731 -0.291931 -0.276538 -0.316515 -0.101649 0.198753 -0.0416935 -0.0925285 1.54394 0.199341 0.325652 1.40177 -1.23792 -0.20737 -1.31011 -0.0245504 -0.162051 -0.942542 0.133558 -1.26676 -0.718861 -4.09004 0.657953 -0.306237 -0.182667 -0.477344 0.577091 1.63712 0.572531 0.324643 -0.108382 -0.11333 -0.128088 0.815622 
4.78175 -0.187185 0.0777672 0.147569 -0.76364 -0.396065 -0.249563 -0.297233 -0.328491 -0.123978 0.228421 -0.0562311 -0.159075 -2.82493 0.322807 -0.0183197 0.775311 -0.508461 0.483809 -0.629263 0.507513 0.364424 -0.360729 -0.71291 -0.648011 -0.0551954 -5.1738 1.11367 -1.2034 -1.52546 0.71807 -0.0862155 2.06361 0.684652 0.183255 -1.00408 -0.0733386 0.132687 1.25084 
4.74192 -0.142777 0.0498874 0.170709 -0.775629 -0.37137 -0.293113 -0.25999 -0.319333 -0.17475 0.277331 -0.107717 -0.165633 -8.42024 1.11005 -0.0799896 -0.219843 1.43476 -0.130778 0.162037 0.775304 0.334577 -0.470346 -1.27675 -0.0421146 0.278097 -8.58071 0.912476 -0.952992 -2.60807 3.05355 -0.571306 1.83609 0.276827 0.263874 -0.0490474 -1.43822 1.25432 1.38095 
4.71409 -0.155449 0.0720213 0.220156 -0.818999 -0.36447 -0.285847 -0.274905 -0.302408 -0.15152 0.232846 -0.118493 -0.118395 -12.3465 1.4171 0.111529 -1.0279 3.23961 -0.844861 0.421582 0.667664 0.541996 -0.143894 -1.92873 0.154069 0.843955 -11.0397 0.800408 -0.0435219 -2.68278 5.09386 -1.37072 0.642644 0.197381 0.17124 0.814546 -1.9929 1.57081 0.797943 
4.55193 -0.111914 0.0451026 0.109302 -0.86478 -0.348441 -0.197139 -0.243788 -0.323912 -0.178234 0.188777 -0.132791 -0.0715725 -15.0919 1.39138 0.635284 -1.77886 4.29506 -0.910747 0.0509782 0.377496 0.736311 0.385224 -2.37438 0.220012 1.02299 -9.04433 0.137644 1.58334 -1.46619 5.02682 -1.37602 -1.39026 -0.550611 0.452272 1.67432 -1.80084 0.986529 0.134636 
3.99002 -0.064331 -0.0585473 0.0383501 -0.618772 -0.371579 -0.153988 -0.172601 -0.267539 -0.238107 0.164091 -0.0432655 -0.0699155 -16.2311 1.1501 0.692618 -2.84683 5.19775 -0.173184 -0.329475 -0.100323 0.805478 0.642521 -2.75403 0.613543 1.38973 -1.14411 -0.842337 2.17864 -0.401047 1.59923 0.221976 -2.29813 -1.53335 0.156543 1.62078 -0.598107 -0.255561 -0.232623 
3.35621 -0.00215766 0.0499985 -0.0391045 -0.326703 -0.477237 -0.181325 -0.23812 -0.284026 -0.13977 0.0148321 0.0254207 -0.0517511 -15.1771 0.646506 -0.0385427 -4.11389 5.47872 0.979913 0.0901424 -0.588585 0.727386 0.837562 -2.77492 0.712708 1.45288 7.83893 -1.61092 -0.0863623 -0.664851 -2.47683 3.16813 -1.2114 -1.39184 0.0077087 0.246217 1.14676 -1.14315 -0.102816 
3.20935 -0.023828 0.125916 -0.0134139 -0.277365 -0.5418 -0.259703 -0.218922 -0.262553 -0.0728273 -0.0258256 -0.0574609 -0.0099346 -14.3597 -0.53508 -0.207869 -3.60785 5.46044 1.61446 -0.207741 -0.835679 0.825299 0.984275 -2.25016 0.74705 1.16867 9.90276 -2.31977 -2.22485 -0.478785 -3.75654 4.31868 0.752178 -0.960892 -0.147852 -0.835184 1.91223 -0.451241 -0.11118 
3.04371 -0.0428338 0.224354 -0.0877316 -0.295944 -0.432407 -0.360441 -0.277408 -0.208261 -0.0395492 -0.0557197 -0.0711437 -0.017698 -12.7255 -2.45773 -0.758725 -2.71001 4.74388 2.19773 -0.241178 -0.429686 1.05426 0.880695 -1.69472 0.53849 0.927535 5.96058 -3.17176 -3.61026 0.587946 -2.47124 2.60136 2.33484 0.826902 -0.136097 -1.39243 1.83787 0.185958 -0.199603 
3.04894 -0.0678676 0.0919007 -0.216421 -0.229302 -0.27272 -0.298462 -0.338659 -0.240324 -0.113711 -0.037477 -0.000344084 0.018221 -1.16717 -4.62198 -2.97596 -2.58254 1.95105 2.61153 -0.202236 -0.362872 1.26511 0.991746 -0.470308 0.230744 0.861387 8.26051 -4.16541 -3.88773 1.889 -1.80914 -0.727963 1.41545 1.97169 0.636722 -0.392278 1.6151 0.315215 -0.485047 
3.14578 -0.0915022 -0.110399 -0.418874 -0.217991 -0.110666 -0.153037 -0.33093 -0.243121 -0.104378 -0.043928 -0.045426 0.053193 10.2851 -5.67259 -5.38674 -2.4114 -0.0390519 2.58097 0.0912667 0.135072 1.59832 0.454317 0.512698 0.11796 0.605574 16.6104 -3.6044 -3.12257 2.33098 -2.19011 -3.41869 -0.631683 1.72381 1.02344 0.431036 1.16997 0.153142 -0.634021 
2.72745 -0.29259 0.0178676 -0.146133 -0.141406 -0.199823 -0.253843 -0.325617 -0.189225 -0.0480964 -0.0367428 0.00542666 0.0276174 15.2088 -5.57076 -6.52039 -2.12564 -0.809239 2.28534 0.46603 0.285866 2.33079 0.85857 0.738848 0.421798 0.255569 22.9943 -0.49523 -3.01413 0.153515 -3.19076 -2.71557 -1.10232 0.642128 1.41889 0.947038 0.737007 -0.415725 -0.486386 
2.4628 -0.49947 -0.113187 -0.189202 -0.103205 -0.17838 -0.186996 -0.160108 -0.145092 -0.108043 -0.051985 -0.0135434 0.0276506 17.3947 -5.28382 -6.71722 -1.52357 -1.06079 0.247448 0.0566977 0.760752 2.45272 1.70707 1.06372 0.574262 0.202271 16.2748 3.06724 -0.773638 -0.91278 -2.29938 -1.99904 -1.44029 -0.990012 0.982165 1.71509 0.32637 -0.0198475 -0.279693 
4.58372 -0.700294 -0.542435 -0.345566 -0.386102 -0.194263 -0.255074 -0.2551 -0.0834117 -0.0101234 0.0991379 0.00577047 0.0493811 17.7524 -4.3625 -5.85918 -0.679466 -0.909682 -0.619192 -0.76944 0.926612 2.38914 1.66113 0.696524 0.246519 -0.141243 -7.36968 5.15404 2.94779 0.013612 1.39932 -0.778108 -0.689585 -0.797663 -0.299156 0.666778 -1.01697 0.0983388 -0.230628 
5.26753 -0.628456 -0.608144 -0.359677 -0.373257 -0.237884 -0.259856 -0.239129 -0.0631626 -0.0553752 0.0472332 -0.0227556 0.0301322 16.6166 -2.95205 -5.28093 -0.389113 -0.446943 -0.590869 -0.978757 0.65502 1.80815 0.974999 0.398643 0.147417 -0.0202222 -21.8021 3.98239 4.10513 1.03804 3.37487 0.434124 -0.0169486 -0.293958 -1.59846 -0.650038 -1.31901 -0.0852612 0.138801 
4.74704 -0.559097 -0.561942 -0.333711 -0.371986 -0.138657 -0.231837 -0.26065 0.108358 0.102807 0.0153786 0.00066958 0.00889057 13.9552 -1.43658 -4.9443 -1.20955 -0.0803687 0.0375957 -0.549991 0.145243 1.18327 -0.218197 -0.335032 0.335733 0.586093 -19.4451 1.24274 2.98793 1.44932 3.34225 0.829497 0.237065 0.00823003 -2.6663 -3.26534 -1.44143 0.0451485 0.814573 
4.59387 -0.624963 -0.575622 -0.360398 -0.315322 -0.408873 -0.342517 -0.209257 0.0269735 0.190835 0.0910169 0.0602404 0.045957 8.10091 -0.297532 -3.21715 -0.45581 0.720146 -0.280256 -1.05618 -0.987814 0.813757 0.175077 -0.557867 0.0447252 0.765048 -8.02213 -0.260763 0.738229 0.555147 1.31932 1.80185 0.698282 -0.883633 -1.60209 -3.22776 -1.11151 -0.508742 1.04173 
4.69 -0.592897 -0.610332 -0.293737 -0.200922 -0.21957 -0.341499 -0.210989 -0.014884 -0.00845622 -0.01542 -0.0132825 -0.00291956 -0.999496 0.411055 -1.37469 -0.248077 1.39691 0.0965984 -0.564543 -0.584136 -0.151264 -0.238391 -0.930282 -0.483434 0.758067 2.59177 -0.561683 -0.178664 -0.835009 -1.53768 0.456787 0.485416 -1.35406 -0.535667 -0.242774 0.278291 -0.641055 0.874587 
4.72166 -0.576837 -0.723388 -0.322815 -0.182561 -0.142228 -0.260033 -0.227184 -0.0558143 -0.0680307 -0.0108206 -0.0301567 0.0720097 -2.04447 0.156367 -1.07577 -0.402529 0.93274 -0.0107388 -0.841106 -0.875959 -0.0634052 -0.342147 -0.798581 -0.450369 0.860902 2.65426 0.195194 1.14949 -0.841211 -2.22139 -1.09756 -0.455339 -0.839036 0.81155 2.1003 0.630103 -0.610208 -0.249116 
4.6374 -0.648281 -0.734738 -0.374046 -0.209055 -0.162137 -0.272686 -0.268523 -0.0171641 -0.195041 -0.105041 0.0905973 0.163066 0.0062027 0.121646 -1.01194 -0.571982 0.812783 -0.177939 -1.39558 -0.503224 -0.023439 -0.850688 -0.432553 -0.575386 0.757391 -0.0681267 0.854042 1.67352 -0.341933 -1.34185 -1.36045 -1.24488 0.677255 1.34208 2.88124 1.3195 -0.617785 -1.26738 
4.73497 -0.630223 -0.703528 -0.310219 -0.194068 -0.300138 -0.41033 -0.415382 0.0357982 0.108558 -0.00159097 -0.0587936 0.115663 0.278215 0.649048 -0.290125 -0.773888 0.488708 0.0784959 -0.623295 -0.176015 0.670087 -0.371726 -0.370824 -0.96298 0.0592801 -1.07217 0.83175 1.34576 -0.285078 0.110167 -0.7584 -0.298296 2.37823 0.871875 0.246328 0.686395 0.193835 -1.49209 
4.75614 -0.563645 -0.69123 -0.433907 -0.285922 -0.178344 -0.283552 -0.260526 -0.11199 0.0209697 -0.0111452 -0.110424 0.091149 -0.726019 0.635875 0.272605 -0.490279 0.361043 -0.461137 -0.677997 -0.656985 0.0737655 0.654624 0.385659 -0.0873252 0.0617516 -1.4208 0.352555 0.654665 0.951067 1.60614 0.357826 0.323572 0.835784 0.0994054 -0.995946 0.263369 1.1438 -0.869454 
4.69219 -0.569478 -0.685066 -0.390174 -0.263214 -0.279529 -0.414644 -0.340766 0.0824051 0.00825119 -0.06381 -0.0184805 0.107314 -1.67891 0.805645 0.217264 -0.113173 0.81554 -0.445078 -0.80774 -0.67864 0.600728 1.57177 0.482942 -0.26639 -0.744409 -1.76409 -0.0330017 -0.447856 1.02541 1.64251 1.12057 1.47756 -0.602446 -1.00907 0.00834312 0.302463 0.81826 -0.374195 
4.63846 -0.571579 -0.697361 -0.387438 -0.162495 -0.261285 -0.518036 -0.216007 0.0865748 -0.0317868 0.0189158 -0.0284063 0.0942726 -2.95253 1.06766 0.0178578 -0.447737 1.41125 0.490997 -0.72096 -0.353199 0.930827 1.66212 0.635303 -0.471634 -1.06599 -2.45658 -0.252937 -0.894331 0.260059 0.7977 1.39436 1.2021 -1.97656 -0.482566 1.28308 -0.168541 0.308019 -0.00868261 
4.68713 -0.503528 -0.61292 -0.434949 -0.162422 -0.28526 -0.285916 -0.194706 0.072998 0.0232581 -0.0244203 -0.124744 -0.0117904 -2.67034 2.62289 0.745602 0.00675818 1.34291 0.304663 -0.504382 -0.251503 0.987572 0.797016 0.190162 0.223282 -1.32382 -1.11653 1.41159 -0.249989 0.200475 -0.188482 0.500918 -0.824263 -1.53975 0.568742 1.47173 -0.116171 -0.171267 -0.137676 
4.54456 -0.542447 -0.648336 -0.305521 -0.131759 -0.183158 -0.367832 -0.444506 -0.156573 0.0301828 0.0447707 0.0852505 0.111852 -1.05865 4.89511 0.868376 0.403227 1.44581 -0.69507 -1.35895 -0.617146 0.99009 0.528614 0.653281 0.396433 -1.70158 2.49326 4.63407 0.909621 -0.627683 -1.0477 -1.29608 -1.57743 1.19781 1.56361 -0.801418 -0.232997 -0.71743 -1.07064 
4.42491 -0.516165 -0.777645 -0.351754 -0.0833275 -0.224436 -0.394194 -0.386324 0.130683 0.211832 0.0014553 -0.0802731 -0.0127366 0.860661 6.89266 0.906381 0.0375677 1.21298 -1.39414 -1.23262 -0.306995 -0.00417048 -0.20618 0.965567 -0.0418397 -1.7191 6.05586 6.38775 1.87483 -0.201473 -1.03948 -3.1339 -1.85443 1.7292 -0.25046 -3.3304 0.417968 0.224868 -0.542323 
4.23887 -0.493995 -0.714169 -0.507828 -0.0415778 -0.0923248 -0.45507 -0.323141 0.169022 0.134676 0.0136945 -0.0824731 0.0122926 2.02725 8.28968 0.996315 -0.292125 0.529513 -1.8249 -1.86911 -0.398954 0.223499 -1.10001 0.885869 -0.154684 -1.19993 6.92367 5.42323 0.978135 0.194539 -0.885808 -3.29157 -1.06714 1.32676 -1.72615 -3.65621 0.920093 0.101516 0.282659 
4.61246 -0.060676 -0.46589 -0.292778 -0.139226 -0.335565 -0.455563 -0.351393 0.10858 0.105249 -0.0117767 -0.0214543 -0.100519 2.61147 8.63279 1.44373 -0.64629 -0.404964 -1.77056 -2.80636 -0.0734738 0.564489 -2.05114 1.01977 7.56639e-05 -0.67373 2.19543 0.208587 -0.555976 -1.07617 -0.951425 -0.216988 -0.0403813 0.0978481 -1.35867 -2.27812 0.670821 -0.23637 1.702 
4.81663 0.242899 -0.588933 -0.366751 -0.0976911 -0.409771 -0.597012 -0.305371 0.0602563 -0.0500004 0.109292 0.00682997 -0.137143 3.05139 8.4078 2.50416 -1.27249 -1.6266 -1.71248 -2.21208 0.354524 0.997714 -2.82528 0.917124 -0.0434683 -0.710223 -3.39074 -4.84264 0.136698 -1.09909 -1.93412 2.71709 0.836857 -1.29958 0.254854 -0.0327948 -0.2939 0.212776 2.19266 
4.88749 0.30929 -0.596849 -0.416806 -0.042714 -0.514255 -0.556933 -0.302489 0.00191163 -0.0967525 0.111247 -0.0650818 -0.0796441 2.99692 7.04357 3.03591 -0.975552 -2.67311 -1.09487 -1.57058 -0.171757 0.0908405 -3.34862 1.28902 0.60598 -0.155173 -5.54515 -6.46436 1.10662 -0.696316 -2.81384 3.86376 1.40253 -1.10794 2.02898 1.41719 -0.611488 0.460685 0.740698 
4.81208 0.384683 -0.567976 -0.458205 -0.122957 -0.404674 -0.652119 -0.313208 0.0928754 -0.150045 0.10968 -0.0873188 -0.00837517 2.4396 4.73878 2.63313 -0.700459 -3.16902 -0.623068 -0.695165 -0.510423 0.316345 -2.79066 1.46668 0.395639 -0.0958116 -3.45643 -5.51386 1.51711 0.39176 -2.07705 2.33918 2.19926 -0.618561 1.05716 1.42966 -0.05606 0.754244 -0.711302 
4.76363 0.362371 -0.433964 -0.484752 -0.276543 -0.337491 -0.657436 -0.357908 0.118611 -0.153896 0.103044 -0.02522 -0.0192397 0.73856 1.64917 1.94206 -0.966225 -3.00092 0.517021 0.0542296 -0.420756 0.614462 -2.15449 1.62019 -0.104083 0.214938 0.531094 -2.8744 -0.0462058 1.69587 0.0960383 -0.381464 2.13077 0.206287 -0.388689 1.0637 0.710904 -0.170476 -1.30656 
4.698 0.36877 -0.320414 -0.5177 -0.376935 -0.32564 -0.599553 -0.394379 0.16665 -0.208979 0.119111 0.0464233 -0.0557113 0.268274 -0.0474119 2.15518 -0.281989 -3.00317 1.01891 0.743602 -0.604597 0.789846 -1.12078 1.05358 -0.183726 0.0929906 2.45073 -1.33176 -2.29542 1.50324 2.30128 -1.21461 0.912083 0.796186 -1.19571 0.973688 0.635117 -1.29191 -0.592379 
4.75534 0.350684 -0.335185 -0.469387 -0.425111 -0.323478 -0.563763 -0.370618 0.142002 -0.212997 0.187139 -3.04799e-05 -0.0733589 0.449692 -0.446913 1.44327 0.309359 -2.45248 1.12132 0.766985 -0.568836 0.900717 -0.673124 0.911183 -0.252253 -0.102249 1.71925 -0.333705 -2.64948 0.83978 2.99596 -0.834365 -0.210503 0.485009 -0.670387 0.99663 -0.577958 -1.424 0.495216 
4.83188 0.305973 -0.328895 -0.458025 -0.421339 -0.343413 -0.521315 -0.377969 0.14067 -0.23053 0.228318 -0.0293932 -0.0878477 1.27628 -0.766183 0.38235 0.742771 -0.987036 0.183513 1.22258 -0.45688 0.380678 -0.114226 0.815115 -0.932417 0.0641222 0.201122 0.436816 -2.07778 0.276378 2.43264 -0.129874 -0.957986 -0.0321423 0.107442 1.02761 -1.38972 -0.9847 1.20576 
4.88025 0.287592 -0.368126 -0.424715 -0.392027 -0.371225 -0.508506 -0.347776 0.113396 -0.225121 0.263698 -0.0862688 -0.075065 1.26606 -0.521099 -0.744278 0.95629 0.41049 -0.367225 1.13136 -0.0873151 -0.279622 0.490752 0.552112 -1.551 0.457863 -1.09488 0.726325 -1.00164 -0.141957 1.559 -0.192783 -0.615352 -0.284275 -0.0664119 1.0432 -1.41344 -0.274467 1.07434 
4.8813 0.289596 -0.365915 -0.435249 -0.400165 -0.29645 -0.536253 -0.386997 0.144359 -0.178902 0.178005 -0.0584714 -0.0640637 0.906925 -0.466577 -1.30877 0.937393 1.34815 -0.696625 1.01684 -0.0857929 -0.966143 1.0964 0.0871625 -1.43143 0.521059 -1.56293 0.526948 -0.366229 -0.225094 1.18767 -1.05945 0.331389 -0.0113039 -1.10107 0.78209 -0.452844 0.208531 0.293889 
4.85622 0.321966 -0.418377 -0.401621 -0.379085 -0.293783 -0.546111 -0.398525 0.197581 -0.202391 0.180171 -0.100302 -0.0274932 -0.275631 -0.618928 -0.810771 0.456734 1.61944 -0.323512 0.530964 0.18617 -2.06186 1.76073 -0.309828 -1.01412 0.455024 -1.6897 -0.327738 0.645687 -0.526593 0.572566 -0.659139 0.338836 0.663724 -2.7987 1.11936 0.183936 0.734239 -0.661374 
4.93883 0.278801 -0.453093 -0.387254 -0.289466 -0.394235 -0.475434 -0.406367 0.147115 -0.154238 0.207027 -0.190105 0.0184482 -1.8246 -1.13703 -0.266368 0.361969 1.43752 0.445854 0.104488 0.244648 -2.73001 2.24159 -0.805644 -0.571113 0.299293 -2.61519 -1.23126 1.67643 -0.638493 -0.535541 1.19345 -0.585385 0.759818 -2.81157 0.991072 -0.152483 1.47494 -1.27207 
4.83673 0.318026 -0.469673 -0.383091 -0.267829 -0.40444 -0.472778 -0.354536 0.0346456 -0.0904737 0.191198 -0.178169 0.0107274 -4.83735 -1.87857 0.638279 0.053768 0.885458 1.69928 0.814839 0.505859 -2.98743 1.20813 -1.43528 0.193683 -0.189982 -4.48393 -2.12008 2.31383 -0.601112 -1.53011 3.26896 -0.369312 0.529444 -1.1294 -0.712032 -1.01294 1.63648 -1.21493 
4.81622 0.281611 -0.472079 -0.389233 -0.22703 -0.433025 -0.427121 -0.401003 -0.0186368 -0.0706015 0.169385 -0.0939657 -0.0535523 -8.43544 -2.77002 2.03161 0.98949 0.724952 1.60795 1.00033 0.612493 -3.48048 0.756511 -1.52863 0.739189 -0.682555 -7.28966 -2.20667 2.81748 0.727816 -1.7064 3.19992 0.0594282 0.137368 0.683288 -2.03548 -1.51358 1.19544 -0.643398 
4.70555 0.201705 -0.357921 -0.439608 -0.255756 -0.296094 -0.534736 -0.298577 -0.215296 0.0337496 0.182876 -0.126272 -0.0488486 -11.3697 -3.17147 3.46978 1.50164 0.500998 1.53222 0.912414 0.663772 -3.41616 0.335639 -1.76167 1.29806 -0.968443 -8.07035 -1.09191 2.41326 2.1887 -0.648266 0.211765 1.07272 -0.510859 2.27564 -2.89097 -1.05214 0.719911 -0.161855 
4.54417 0.0911091 -0.337235 -0.384003 -0.278543 -0.192346 -0.548419 -0.3577 -0.173081 0.0535852 0.089076 -0.104955 -0.0474977 -13.6368 -2.89284 4.51628 1.99273 0.270124 1.42799 0.641949 0.459714 -2.40276 -0.193802 -2.07662 1.67065 -0.815796 -5.67719 0.79472 1.99541 2.33028 0.674938 -3.03107 0.894546 -0.495654 2.08618 -1.74637 0.0966815 0.110957 0.424038 
4.02975 0.0262437 -0.255548 -0.430219 -0.339152 -0.0136289 -0.313437 -0.294599 -0.147505 -0.236434 -0.0203687 -0.0140351 -0.106307 -14.3092 -2.46001 4.94907 2.41944 0.608618 0.768271 0.640082 0.298913 -1.27411 -0.588644 -2.1391 1.56838 -0.376556 0.0188694 2.46679 0.774188 1.55185 1.63805 -4.51856 -0.916698 -0.501893 1.51918 1.01172 0.960883 -0.448937 1.08624 
3.62242 -0.0581912 -0.0660006 -0.153924 -0.257356 -0.232608 -0.408694 -0.350141 -0.244363 -0.0992088 0.00730918 0.00607666 -0.127725 -14.0209 -1.77012 4.87083 2.73326 0.967025 0.155762 0.549119 0.227842 -0.283576 -0.516342 -1.89174 0.981609 0.136795 5.3148 2.81301 -1.07122 -0.859398 1.33417 -2.16735 -1.13189 -0.14692 1.59629 1.60531 0.894109 -0.953339 1.34387 
3.4726 -0.0246397 0.0179751 -0.178953 -0.229378 -0.287522 -0.417408 -0.315545 -0.233165 -0.117819 0.0154026 -0.00224259 -0.10297 -12.0771 -1.10252 3.66646 2.81881 1.80912 -0.981496 0.370409 0.129522 0.950631 -0.640447 -1.66541 0.905693 0.433903 7.21997 1.47356 -2.6836 -1.58524 0.949923 0.359971 -1.19098 0.275441 1.45384 1.32311 0.452722 -1.04313 1.06207 
3.31859 0.0263581 0.0816083 -0.162177 -0.214761 -0.295751 -0.421012 -0.347107 -0.156802 -0.10033 -0.0484332 0.0175335 -0.0487765 -6.5321 -1.56409 1.15374 1.81839 1.85048 -1.05641 0.250495 0.606916 0.963556 -0.553506 -0.810658 0.523018 0.538994 9.16794 -1.27968 -5.01321 -1.86685 0.133213 1.91911 -0.105902 0.675283 0.936528 -0.278044 0.561416 -0.710354 0.0447795 
3.22958 0.0449622 0.0965726 -0.136369 -0.143362 -0.309548 -0.410934 -0.313636 -0.153503 -0.101356 -0.0760354 0.0405299 -0.0398755 1.75662 -2.67437 -1.26522 1.09451 1.12842 -1.1915 0.219866 0.543989 0.752538 0.00707064 -0.47908 0.279302 1.64015 12.3003 -3.7452 -5.91538 -1.70904 -1.46557 1.63212 1.2081 0.678417 -0.282536 -1.45132 0.684723 -0.0736771 0.220379 
3.17005 0.00173346 0.126955 -0.107077 -0.128904 -0.263818 -0.420404 -0.332809 -0.122599 -0.0510543 -0.049553 -0.0378573 -0.0262781 8.7699 -3.04151 -2.56121 0.430258 -0.404308 -1.19685 0.27164 1.716 1.70013 -0.586384 -0.3872 0.196146 2.06288 15.3272 -3.71496 -4.26741 -0.568764 -3.0056 -0.891526 0.770756 1.27048 -0.578271 -1.08127 0.733899 0.482847 0.8491 
3.19291 -0.0373909 -0.00241083 -0.0874606 -0.0242498 -0.324119 -0.486318 -0.276105 -0.03439 -0.115141 -0.0877353 0.019681 -0.00924041 13.4453 -2.78365 -3.16371 0.826725 -2.00628 -1.65124 -0.396079 2.48304 2.15389 -0.745361 0.0780611 0.261218 2.02273 13.8887 -0.663026 -0.567949 0.276449 -4.5813 -2.12915 -0.234059 1.74352 0.187923 -0.351764 0.755138 0.311758 1.13378 
3.82571 -0.299549 -0.35478 -0.220545 -0.13783 -0.202471 -0.351899 -0.228985 -0.0978252 -0.203954 -0.0117729 0.0117866 -0.0520463 16.2421 -1.93724 -3.20357 1.14783 -3.75212 -2.02544 -0.786019 2.99856 2.14636 -0.642091 0.347821 0.187325 2.00885 4.7236 4.12123 3.79794 1.89077 -4.18949 -2.70575 -2.07991 1.54622 1.47146 0.88471 0.0846503 0.0694584 0.813798 
4.49341 -0.448799 -0.356412 -0.166147 -0.270719 -0.32379 -0.266764 -0.272763 -0.177212 -0.169765 -0.0739784 0.0543938 0.194482 17.3272 -0.808344 -2.92928 1.2567 -5.01761 -2.64475 -1.00006 3.53264 2.22608 -0.274359 0.330277 0.401279 1.87193 -5.45997 6.50701 4.26129 1.71755 -2.17949 -1.33988 -2.57839 1.37361 1.67031 1.34475 0.0196302 -0.178875 -1.20023 
4.80489 -0.316906 -0.182572 -0.0390084 -0.395671 -0.547618 -0.469478 -0.0216708 0.0794368 -0.151587 -0.0378603 0.0207215 0.158883 16.5152 0.481803 -2.04723 0.799889 -5.52283 -3.15506 -0.881051 3.79068 2.00462 0.586023 0.0413027 0.785662 1.50309 -10.305 4.5542 1.85794 -0.358341 0.270421 0.79915 -0.342126 -0.407271 -0.432666 1.79305 -0.492548 0.133146 -1.80968 
4.92337 -0.140903 -0.22789 -0.0213929 -0.529354 -0.519649 -0.569289 0.0147444 0.13379 -0.193287 0.0165147 0.041328 0.136231 13.617 1.80694 -0.749148 0.253497 -5.60894 -2.95577 -0.562195 3.4182 1.62906 1.69286 0.0271607 0.717442 0.900181 -8.97566 0.702325 -0.292398 -2.41131 2.22758 1.3821 2.07929 -1.28685 -1.94682 1.99026 -0.862525 0.545632 -1.70233 
4.96622 -0.0563805 -0.232673 0.0241858 -0.668295 -0.502718 -0.529102 -0.000156803 0.0990059 -0.127982 -0.0401761 0.0257985 0.177845 8.70662 3.0689 0.18722 -0.347369 -4.08859 -2.95584 -0.37715 3.09924 1.48067 2.12273 -0.410499 1.05121 0.291611 -4.73019 -2.10987 -1.22404 -3.63207 3.32864 1.17606 3.12308 -1.38646 -2.25252 1.1735 -0.518489 0.808292 -1.25465 
5.10423 -0.0574432 -0.296338 0.000940675 -0.676208 -0.60751 -0.508545 0.122781 0.108407 -0.0862689 -0.046102 0.0800505 0.149546 5.03772 2.70334 -0.464071 -1.23478 -2.65175 -1.74343 0.231512 2.60661 0.92103 2.07405 -0.547316 0.997288 -0.623169 -2.5062 -2.45146 -0.358177 -2.38219 3.16327 1.00259 2.12625 -1.505 -1.39952 0.0558104 -0.435461 0.341811 -0.217441 
5.18761 -0.0613351 -0.25759 -0.131959 -0.690752 -0.640952 -0.459763 0.129405 0.0952909 0.0416912 -0.078874 0.109542 0.130021 2.83794 1.58431 -1.59756 -2.06303 -1.31809 -0.716347 1.46448 1.6064 -0.110941 1.94351 -0.802549 1.23995 -0.577987 -2.67488 -1.26461 -0.519464 -0.131775 2.41817 1.07324 0.280247 -0.652721 0.0827625 -1.52032 0.0135894 -0.168879 -0.047995 
5.22999 -0.025126 -0.280102 -0.189867 -0.740893 -0.603566 -0.410172 0.106502 0.0803371 0.076191 -0.0439785 0.111628 0.0969817 1.08751 0.680788 -1.89896 -1.9686 -0.317032 -0.959332 1.52144 1.41238 0.183615 1.69257 -0.95978 1.23744 -0.431745 -3.49316 -0.528498 -1.22892 1.5238 1.34994 0.82206 -0.947424 -0.323417 0.821079 -1.991 -0.0469471 -0.293525 0.438858 
5.21336 0.0012713 -0.310586 -0.248704 -0.623092 -0.662968 -0.358674 0.15883 0.0776002 0.0188667 -0.100736 0.177574 0.105084 -1.41102 0.646818 -1.76671 -2.58569 1.37566 -0.336265 0.493454 1.39728 -0.163722 0.744441 -0.291195 0.95122 -0.94139 -4.5211 0.0117181 -0.843791 1.29967 0.91648 0.785791 -1.97783 -0.0865374 0.327818 -1.39397 0.557962 -0.701682 0.0652999 
5.23783 -0.0682461 -0.344084 -0.194295 -0.651706 -0.596618 -0.388883 0.165244 0.0820781 0.043749 -0.123729 0.129991 0.11062 -5.48103 0.185906 -1.26939 -1.66132 1.34628 -0.00902975 0.0797136 0.843571 0.109055 0.339838 -0.115477 0.490268 -0.419293 -6.56535 0.0345115 0.475602 0.509551 0.738469 -0.117257 -1.86179 0.017558 0.0890695 -0.609962 1.00403 -0.556113 -0.0029797 
5.12352 -0.0122274 -0.45992 -0.240942 -0.63986 -0.589839 -0.34847 0.19163 0.108206 0.0424745 -0.103565 0.180429 0.0831162 -8.39854 -0.356229 -0.838547 -0.0351416 1.80052 0.765801 -0.0951926 -0.0704521 -0.203188 -0.126624 -0.116645 0.0285792 0.0634219 -7.11411 -0.78402 2.36726 0.993264 0.64747 0.480479 -0.911248 -1.25978 -0.763409 0.12215 0.646567 -0.938761 0.476587 
5.00403 -0.0140707 -0.495072 -0.187893 -0.659105 -0.694083 -0.409505 0.195412 0.190381 0.0427103 -0.131609 0.192738 0.125039 -14.5383 -1.52088 0.111529 0.00194678 1.92056 0.164963 -0.420299 -0.973416 0.360153 0.27247 0.0114627 0.0529802 0.569662 -9.56631 -2.06617 3.06767 1.03509 0.258466 0.567546 0.524999 -2.48319 -0.529361 0.725602 0.246819 -0.624586 1.02669 
4.71869 0.0590206 -0.408139 -0.425012 -0.384949 -0.549148 -0.540987 0.248891 -0.0102977 -0.0308872 -0.0165612 0.139054 -0.0190792 -20.1225 -3.23473 1.20758 -0.0567904 2.57803 1.58881 0.509401 -2.18803 -0.0898854 0.404041 0.81984 -0.442621 0.20016 -10.8329 -3.93996 2.35543 1.42862 -0.0440967 0.909434 2.59934 -3.25529 0.411029 0.93866 -0.162498 -0.146091 1.17456 
4.2211 -0.103387 -0.355955 -0.197526 -0.605692 -0.651644 -0.430583 0.191404 0.152189 0.0639627 -0.0771834 0.139215 0.148011 -23.427 -4.51308 1.97461 -0.224852 3.29503 2.64058 1.7609 -2.75288 -0.681955 -0.136091 0.721289 -0.819345 -0.131413 -8.22727 -3.90271 0.987016 -0.528526 1.38518 2.49308 3.02811 -2.23379 -0.429226 -0.216398 0.178289 -0.358075 -0.702819 
4.15043 -0.134115 -0.323814 -0.0484471 -0.459245 -0.445987 -0.371941 -0.00445695 0.00747821 0.0443431 -0.123249 0.0995696 0.166081 -23.6115 -5.30825 2.56939 -0.100313 3.75121 3.64339 2.67204 -2.96225 -1.11734 -0.372798 0.563832 -1.61331 -0.519628 -2.69901 -2.21061 -0.267122 -2.05859 1.62344 2.43794 2.66147 0.401552 -0.61777 -1.23291 0.444777 -0.823954 -2.15879 
3.0022 -0.304048 -0.249309 -0.291941 -0.470374 -0.707721 -0.436317 -0.0417826 0.217537 0.133435 -0.0692521 0.189108 0.200502 -22.0556 -5.56924 2.18244 -0.15189 3.80406 4.18623 3.23158 -2.88522 -1.40014 -0.692668 0.599872 -1.62416 -0.809734 8.54991 0.657327 -1.29956 -0.738278 1.26354 2.59543 1.26573 2.11195 -1.75231 -2.04881 -0.0145909 -1.34849 -2.24556 
2.54175 -0.547287 -0.182604 -0.283507 -0.218245 -0.264975 -0.178743 -0.133862 0.0134461 0.0463652 0.0596014 0.0763912 0.0404864 -18.2938 -5.1645 1.50281 -0.234171 2.82122 3.62246 3.34878 -2.59723 -1.00533 -0.639248 0.718368 -1.08407 -0.669571 14.6276 3.52069 -1.69829 -0.149674 -1.1725 -0.920706 -1.55196 2.64625 -0.632753 -0.920776 -0.319033 -0.0214335 -0.39539 
2.46038 -0.601949 -0.202382 -0.260702 -0.21995 -0.199093 -0.104808 -0.0969217 -0.0353632 -0.0573615 -0.0702883 0.0148686 0.0257176 -13.23 -3.6812 1.19274 -1.01636 3.09889 3.76353 2.70289 -1.53598 -1.40918 -1.09898 0.641485 -1.29047 -1.37295 13.7865 4.04902 -1.18836 0.859997 -2.88474 -3.06552 -2.61184 1.58399 1.00323 0.781252 -0.199217 1.14312 1.31005 
2.52157 -0.545062 -0.176519 -0.258563 -0.148606 -0.1783 -0.0886704 -0.08001 -0.0300311 -0.0316653 -0.0486619 -0.0706384 -0.015205 -8.54442 -2.45189 0.841452 -0.902737 2.02611 2.87333 2.07257 -0.342745 -1.24809 -1.07442 0.43095 -1.1816 -1.27115 8.64289 3.00219 -0.43796 0.568662 -2.68174 -2.97008 -2.49046 0.577457 1.04115 1.14263 -0.271356 1.62533 1.54656 
2.42049 -0.600746 -0.235267 -0.26035 -0.138469 -0.19719 -0.152033 -0.102703 -0.0525693 -0.0697165 -0.00672582 0.0119348 0.0122458 -2.52388 -1.05677 0.476689 0.110627 1.47677 2.3949 1.33642 0.154462 -1.4338 -1.01933 0.0148976 -1.08645 -0.870343 2.63945 1.40154 0.508991 0.0655284 -1.41197 -2.01225 -1.27006 0.522775 0.974176 1.01347 -0.455868 0.66825 0.766164 
2.44557 -0.579137 -0.20833 -0.339189 -0.247988 -0.245374 -0.137216 -0.128274 -0.0260826 -0.00473638 0.073153 0.0921603 0.0496914 -0.505714 -0.0474263 0.315768 0.255482 0.35839 0.373662 0.115032 0.237928 -0.426776 -0.379526 -0.0824361 -0.367026 -0.0379109 0.439144 -0.00282323 0.466717 0.857275 0.439995 0.0288979 -0.0301855 0.260819 -0.0609987 0.0180294 -0.597647 -0.552751 -0.0993479 
2.48813 -0.542129 -0.152925 -0.255592 -0.172774 -0.138154 -0.0955648 -0.0827304 -0.0290118 -0.05289 -0.0683112 -0.0525015 0.000117024 -0.106504 0.178723 0.419885 0.481271 0.506222 0.124634 -0.183366 -0.271013 -0.502117 -0.207909 0.0563858 -0.330407 0.104481 -0.0117798 -0.328179 -0.1644 0.78218 0.624338 -0.361031 -0.122589 -0.467448 -0.288837 -0.264789 -0.171439 -0.297435 0.129865 
2.45794 -0.552903 -0.164654 -0.27364 -0.181418 -0.165104 -0.11832 -0.0607814 -0.0955669 -0.05588 -0.0388839 -0.0217752 -0.00265314 -0.0502958 0.127856 0.399409 0.727715 0.524513 0.116034 -0.155101 -0.554152 -0.68144 -0.412772 -0.327565 -0.447158 0.188421 0.194372 -0.0540588 -0.372626 0.620901 0.668376 -0.355271 -0.183247 -1.22997 -0.0898516 -0.234847 0.0836338 -0.274749 0.255446 
2.43922 -0.58542 -0.160375 -0.254083 -0.127544 -0.1976 -0.140014 -0.0530075 -0.0633157 -0.053683 -0.023106 -0.0158942 0.0118475 0.294351 0.303056 0.462769 0.914293 0.776799 0.1883 -0.0152248 -0.674694 -0.742849 -0.450728 -0.606599 -0.898724 0.068373 0.245167 0.241026 -0.430321 0.143405 0.0993465 -0.0798049 -0.109238 -1.32039 -0.286134 -0.278942 -0.076122 -0.0882811 0.213177 
2.4461 -0.582275 -0.161685 -0.218252 -0.17297 -0.194036 -0.122873 -0.121923 -0.045405 -0.0433744 0.014113 -0.000615796 0.0381675 0.177281 0.198357 0.212768 1.02351 1.02839 0.163815 -0.145102 -0.813749 -0.820361 -0.614818 -0.657541 -0.93021 0.0452795 0.364361 0.408558 -0.135834 -0.404602 -0.11072 0.151562 0.0606856 -0.348338 -0.24172 -0.116847 -0.403591 -0.182664 -0.107015 
2.4779 -0.54358 -0.156901 -0.190138 -0.0972264 -0.175995 -0.135732 -0.174961 -0.126618 -0.0957876 -0.0670737 -0.0778518 0.0250938 0.12816 0.144537 0.0190859 0.668323 0.691141 -0.122787 -0.217196 -1.0084 -0.691392 -0.427936 -0.248741 -0.470782 0.196566 0.0495796 0.0814519 0.000553131 -0.547311 -0.366296 0.245485 0.174599 0.735441 0.253078 0.163673 -0.17297 0.0787212 -0.276436 
