2.56273 -0.478753 -0.253902 -0.475598 -0.407757 -0.239706 -0.0245287 -0.00625742 -0.0670686 -0.0776972 -0.0512721 0.0122461 0.0437071 1.21652 0.53078 -0.0095973 0.689062 0.499507 -0.330705 -0.82367 0.440367 1.07181 0.188714 0.574553 -0.153706 -0.46908 2.42564 1.15172 -0.397725 -0.617056 -0.873605 -0.918412 -0.16153 1.31196 1.43278 0.000455264 0.421064 -0.156088 -0.406529 
2.37611 -0.57293 -0.185461 -0.25182 -0.168858 -0.132781 -0.138266 -0.130435 -0.126812 -0.0458983 -0.0226394 0.00830613 0.021049 1.66713 0.316097 -0.491715 0.765952 0.333176 -0.755668 -1.40289 0.667406 1.53096 -0.0279988 0.55138 -0.149883 -0.420105 4.30452 1.46772 -1.68943 -2.61254 -3.3124 -2.21608 0.00112272 2.10632 1.80182 -0.533893 0.127833 0.0829762 0.0730477 
2.43811 -0.522368 -0.174707 -0.257021 -0.182335 -0.18803 -0.108345 -0.0744953 0.00196854 -0.0393043 -0.0110279 -0.014272 0.00379213 2.00002 0.149518 -0.684999 0.856607 0.432528 -0.369109 -1.18537 0.869048 1.55691 -0.453302 0.100877 -0.26613 -0.220135 2.897 0.200826 -1.86088 -2.00724 -2.62423 -1.16591 -0.138868 1.03711 0.426821 -1.02251 -0.58859 0.225865 0.691942 
2.71414 -0.372313 -0.220631 -0.444248 -0.36095 -0.241113 -0.0148917 0.176206 0.0642224 -0.0685692 -0.0213537 -0.0363545 -0.0469474 2.18832 0.626505 0.27007 1.41483 0.645018 0.10781 -1.10033 0.410553 0.99249 -0.817669 -0.156527 -0.499646 -0.168895 -1.00203 -1.07788 0.37353 1.23616 0.713507 1.13633 -0.430137 -1.76432 -1.51772 -1.05457 -1.05638 -0.0411985 0.937462 
2.86226 -0.380537 -0.337961 -0.492077 -0.490421 -0.373896 -0.167332 0.0321502 0.0828326 -0.0645107 0.0426471 0.0245142 0.02005 1.83841 0.693256 0.677414 1.37865 0.602194 0.238224 -0.810469 -0.196163 0.414313 -0.734978 -0.0787161 -0.245417 -0.00671825 -4.02661 -1.06119 2.8915 3.16341 3.37468 3.03221 0.624053 -2.66762 -2.74281 -0.408704 -0.963616 -0.292461 0.345614 
2.71031 -0.515708 -0.35022 -0.342069 -0.342224 -0.340195 -0.252014 0.0576161 0.120342 -0.108749 -0.00888672 -0.00349585 0.0117297 1.13947 0.508931 0.847025 1.20251 0.647076 0.485234 -0.244189 -0.680472 -0.360532 -0.974054 -0.607581 -0.303174 0.110483 -4.01631 -0.0577495 3.42481 2.41307 3.11722 2.66244 1.43354 -2.78094 -2.91593 0.389388 -0.364368 -0.197956 -0.202546 
2.71777 -0.51292 -0.302091 -0.305246 -0.25942 -0.162438 -0.1097 0.0672353 0.0588919 -0.168659 -0.105123 -0.0374487 0.0414842 -0.100752 0.111594 1.5829 2.16137 1.82345 1.2468 -0.153239 -1.42664 -1.3125 -0.802099 -0.624984 -0.137238 -0.00431829 -1.9923 0.612552 1.81098 0.357666 1.03073 0.225432 1.08566 -1.14232 -1.30954 1.02035 0.558034 0.272485 -0.728022 
2.72038 -0.360571 -0.0270497 -0.145767 -0.194051 -0.12053 -0.164112 -0.0794257 -0.0572091 -0.176166 -0.0703107 -0.0791898 0.00374583 -0.0949821 -0.028765 2.21562 3.1247 2.96142 2.24064 -0.0161232 -2.18571 -1.8269 -0.561384 -0.303109 0.0638833 -0.0612562 1.39714 0.157131 -1.16573 -1.3894 -0.591505 -0.724937 0.64871 0.945495 0.334947 0.864331 0.84565 0.782703 -0.570088 
2.62525 -0.433584 -0.107268 -0.211909 -0.204453 -0.177363 -0.147803 -0.134773 -0.0581839 -0.0890184 0.00873315 0.0198875 0.0214896 4.18069 1.15522 2.82978 2.99125 2.44582 2.17672 -0.428914 -1.46471 -1.33044 -0.420236 -0.438492 -0.0053629 -0.2971 7.32475 0.843799 -1.43131 -0.749578 -1.33634 -0.752162 -1.36096 1.60471 1.58946 0.0637819 0.35059 0.405448 -0.157642 
2.55362 -0.485061 -0.130043 -0.180975 -0.1317 -0.132628 -0.109517 -0.1363 -0.105129 -0.172291 -0.127935 -0.0561985 0.00469153 10.7228 2.73749 2.06571 1.74178 0.80567 0.0386671 -1.63232 -0.841365 -1.27394 0.445757 -0.0449126 -0.0326363 0.185891 13.7832 2.38013 -1.00952 -0.597395 -2.16435 -1.91444 -3.09156 2.05496 1.7196 0.506343 0.368618 -0.0272618 0.658261 
2.6493 -0.422169 -0.0430624 -0.103292 -0.0784381 -0.110877 -0.107425 -0.0790547 -0.0842475 -0.13293 -0.0550254 -0.0124616 -0.0347405 17.1681 3.90231 0.208355 0.784237 -1.3086 -2.7013 -2.9492 0.0425321 -0.0773821 1.02187 0.30796 0.154607 0.612202 17.5704 3.7199 -1.79852 -1.56569 -4.01364 -4.30186 -3.48774 1.60323 1.45771 0.900364 -0.0656976 -0.502822 1.53953 
2.95159 -0.383437 -0.0466944 -0.0585431 -0.048585 0.0217307 -0.125575 -0.139359 -0.125188 -0.14574 0.00718308 0.0193655 -0.0126509 23.9349 4.45336 -2.29132 0.202553 -2.95033 -4.82024 -2.8929 1.41444 1.19738 1.27858 0.00508095 0.406137 1.13137 15.8239 3.35169 -3.44025 -1.88303 -4.83406 -6.89992 -2.07165 1.57439 1.61775 1.38581 -0.308524 -0.287396 1.56564 
3.8024 -0.205187 0.038073 -0.049084 -0.205273 -0.123917 -0.384176 -0.098933 0.0179207 -0.16066 -0.0896713 -0.0122139 0.00193629 28.4482 5.09912 -3.55563 0.205027 -4.7836 -5.64142 -2.41409 2.3767 1.84853 1.10167 0.0468621 0.329192 1.15847 6.7635 0.43368 -5.42449 -1.47031 -3.98406 -5.05793 2.05819 1.67309 1.30629 0.885846 0.156267 0.538003 0.742304 
4.45594 -0.0535562 -0.095144 -0.169512 -0.285652 -0.447171 -0.483601 -0.0120622 -0.12691 -0.00754433 -0.054511 -0.0717714 0.110119 29.7321 4.95827 -4.98098 0.205024 -6.16232 -6.61174 -1.2542 2.76269 2.22895 1.16584 0.356093 0.818429 0.989139 -3.33483 -2.35709 -4.24755 0.71071 -1.95511 -0.138241 5.26196 1.15849 1.35348 -1.02499 -0.043188 1.12208 -1.05598 
5.02006 0.0927928 -0.292439 -0.203398 -0.538236 -0.658094 -0.485182 0.0101901 0.0587846 -0.0104754 -0.02456 -0.00720106 0.128867 27.6974 3.84521 -5.78106 0.285917 -6.53368 -6.82081 0.0135309 2.76307 2.24966 0.42365 0.423236 0.822502 0.701753 -10.8598 -4.03635 -0.713651 2.13552 0.965292 3.90819 5.4386 0.245898 -0.167642 -2.0762 0.514368 0.905221 -2.04753 
5.66857 0.087988 -0.498734 -0.120795 -0.572611 -0.80451 -0.378074 0.108312 0.139757 0.00913127 -0.0721209 0.0503852 0.144173 22.8314 2.56183 -5.64501 0.93244 -6.54812 -5.76086 0.653633 2.96007 1.7261 0.279099 0.710926 1.05831 0.123166 -14.4289 -3.66999 2.78762 2.09424 2.02456 5.66645 2.08183 -1.00691 -1.83372 -1.95735 0.976058 0.209633 -1.93503 
5.83961 0.0714589 -0.582857 -0.127992 -0.780505 -0.692972 -0.271522 0.199496 0.149198 -0.0454437 -0.0212207 0.0424016 0.093999 16.2208 0.926364 -4.54766 1.4139 -5.80773 -3.28152 1.28851 2.41149 0.81329 0.218313 1.24111 1.22925 -0.454052 -12.1267 -2.15495 4.85125 1.15942 2.31951 4.09473 -2.20827 -1.66825 -2.43637 -0.311749 0.711748 -0.382328 -0.894027 
5.93102 0.0740769 -0.661794 -0.0414899 -0.800476 -0.802328 -0.148495 0.194344 0.134336 -0.0614271 -0.0408907 0.0904981 0.0452768 10.2978 -0.0573504 -2.3577 1.65762 -4.57619 -0.988229 1.22411 1.3517 0.343566 -0.155221 1.14628 1.00779 -1.08393 -8.78646 -0.662787 4.88529 -0.65354 1.88078 2.67733 -4.06566 -1.83252 -2.39979 1.30774 0.522835 -0.9306 0.171905 
6.0173 0.0222887 -0.615641 -0.0173281 -0.788585 -0.824172 -0.169561 0.182129 0.151219 -0.152029 0.057016 0.0819675 0.0427071 5.3039 -0.702179 -0.186562 1.47352 -2.60291 0.563348 0.194537 0.301458 -0.669849 -0.610223 0.846445 0.677107 -1.13993 -5.6882 0.322676 3.48627 -1.47815 1.76233 1.73517 -3.20207 -1.95285 -0.98104 1.15174 -0.719114 -0.629884 0.451895 
6.05584 0.0279305 -0.611731 0.0678876 -0.930153 -0.706994 -0.344096 0.239333 0.0531378 -0.0467551 0.0672542 0.119771 0.0287006 1.06729 -0.474654 1.41863 1.01424 -0.924023 0.955492 -0.983124 -0.495871 -1.26093 -1.04849 0.890591 0.357411 -0.878342 -4.02974 0.54216 1.91073 -1.62092 3.36588 0.212494 -0.590148 -1.68153 0.157113 -0.786605 -1.26144 -0.53437 0.573383 
6.09343 0.00401848 -0.509037 0.0134803 -0.991688 -0.666935 -0.381883 0.207916 0.0413457 0.0117431 0.0806878 0.0968279 0.0172913 -0.49118 -0.499706 2.27601 0.472525 1.30843 0.954921 -1.74577 -1.05429 -1.90709 -0.663665 0.836613 -0.128993 -0.33747 -3.38625 0.376328 0.370407 -1.01594 4.46058 -0.441424 0.860298 -0.876248 -0.0467036 -1.88414 -0.712416 -0.555317 0.661979 
5.98731 0.0410082 -0.457426 -0.0397733 -0.908818 -0.703555 -0.297527 0.1164 0.0148653 -0.00842388 0.0638772 0.0575699 -0.00662175 -1.83116 -1.19805 3.42297 -0.862678 3.22027 1.68258 -0.864662 -2.06016 -2.29279 -0.25681 0.706379 -0.712779 -0.173676 -1.93665 -0.845362 0.227909 -0.852722 4.70781 -0.366808 1.80333 -0.656275 -0.703811 -0.863654 0.122795 -0.621361 0.61596 
5.94886 -0.00226038 -0.419487 0.00613387 -0.798796 -0.629824 -0.392877 0.0640317 0.059217 -0.182126 0.00706212 0.122156 -0.000522232 -3.76805 -2.90898 5.47092 -2.72331 4.9726 2.94442 -0.226939 -1.7334 -2.49937 -0.0367039 -0.146109 -0.533593 0.530055 -1.55128 -3.02755 2.49557 -2.57641 3.50476 1.40548 1.97823 0.208579 -1.347 1.44047 0.373343 -0.632561 0.956372 
5.80627 0.0457158 -0.39544 0.0236113 -0.684951 -0.701693 -0.405242 0.118468 -0.0207854 -0.217924 0.0710129 0.0926714 0.0277819 -6.06204 -5.95061 6.5603 -3.82638 6.77791 4.25824 0.642076 -1.41292 -2.34615 -0.558765 -0.406874 -0.958576 0.657533 -2.503 -6.23437 4.13087 -3.60612 1.70776 4.17649 1.44804 0.768825 -0.796496 2.2672 -0.619103 -0.348456 0.618183 
5.86173 -0.0231917 -0.350274 -0.0435022 -0.540269 -0.627751 -0.415387 0.0826126 -0.155666 -0.0885219 0.129826 0.00397963 0.0531981 -7.44908 -8.6076 5.70613 -4.56204 6.53199 4.90218 0.421026 -0.567636 -1.99099 -0.664101 -0.214088 -0.990397 1.02208 -4.04771 -7.62428 2.48364 -3.2313 -0.806334 4.02228 0.247749 1.66011 1.10823 0.486508 -1.07107 0.205942 0.393242 
5.75083 -0.198647 -0.135609 -0.213554 -0.35247 -0.540926 -0.146969 -0.149656 -0.176204 -0.0392084 0.0976236 -0.0219877 -0.00109778 -7.7608 -10.0812 4.68527 -5.22773 4.80213 5.4747 0.364487 -0.0592994 -1.381 -0.395181 -0.221563 -0.791153 1.3529 -3.25863 -5.11417 -2.46659 -0.910154 -3.83791 1.6679 -1.69835 2.4485 2.37352 -1.43554 -0.584252 0.566473 0.457427 
5.46516 -0.522594 0.300119 -0.47443 -0.260373 -0.232675 -0.33046 0.102655 -0.194199 -0.0643578 -0.0286412 0.0925373 0.171015 -7.48669 -10.2308 3.46397 -5.54808 2.52198 5.66956 0.33876 -0.425389 -0.88007 0.0700294 0.0372593 -0.619211 1.41561 0.657766 0.567931 -7.54682 1.97171 -6.12375 -1.89857 -1.60242 0.0471847 2.52335 -1.73806 0.911927 0.445271 -0.214931 
5.15156 -0.939701 0.243264 -0.423475 -0.126967 -0.0499609 -0.291795 0.0934312 -0.207486 -0.137379 -3.16073e-05 -0.0473321 0.0615989 -6.92106 -10.0088 1.9332 -4.90292 0.326485 5.52896 -0.24584 -1.19252 0.344547 -0.114093 -0.145079 0.00373826 1.42555 4.36496 6.04133 -7.26003 2.69525 -6.55613 -3.96016 -1.11994 -2.15397 1.81084 -0.193225 1.3529 1.06904 0.175288 
5.11369 -1.09109 -0.0327836 -0.53968 -0.297411 -0.170352 -0.376702 0.130953 -0.124075 -0.161129 0.0862963 -0.0286209 0.143098 -5.73609 -8.17589 -0.026368 -3.53916 -2.14467 4.20551 -0.220171 -1.28074 1.71049 -0.618864 -0.264204 0.54137 1.13075 5.6243 7.51689 -3.01442 2.93416 -4.21664 -2.93016 0.522063 -3.3283 1.05455 1.09709 0.357154 1.05009 -0.415759 
5.09999 -1.04511 -0.0580859 -0.606071 -0.433291 -0.10412 -0.296492 0.0588921 -0.0899335 -0.16928 0.0241998 0.0207263 0.177526 -3.07155 -5.04056 -1.32411 -1.24999 -3.66188 2.73674 -0.432784 -1.84452 1.9516 -0.5701 -0.538636 0.735198 0.698279 4.75647 5.78844 1.34698 3.18491 -0.936716 -1.80897 1.32549 -2.5679 0.530683 1.11157 -0.996635 0.727048 -1.09522 
5.13074 -1.02263 -0.0599743 -0.608056 -0.534851 -0.0120547 -0.372886 -0.0825757 -0.116915 -0.140255 0.0976654 0.0439481 0.180447 0.208843 -1.48017 -2.77032 0.0390686 -3.77008 0.522175 0.93527 -2.83465 2.04458 -0.065836 -0.0580221 0.812629 -0.511019 3.67171 3.68672 2.6092 2.56119 1.85463 -1.66125 1.79068 0.383653 0.142301 0.473381 -1.53763 0.291938 -1.68794 
5.03753 -1.14156 -0.0853999 -0.566133 -0.557724 -0.0152082 -0.412256 -0.167121 -0.0243785 -0.118418 0.0668411 0.0725622 0.206399 1.4047 1.59534 -1.68352 0.815379 -2.98851 -0.27711 1.06698 -2.20164 1.95874 0.193292 -0.140499 1.26096 -0.842529 2.37801 3.29916 1.37907 1.95252 3.4275 -1.80366 1.7921 2.27288 -0.666378 -0.207957 -0.344189 -0.46532 -2.26575 
5.14278 -1.08361 -0.139139 -0.551395 -0.708677 -0.0674325 -0.249078 -0.123224 0.0900569 -0.137907 0.0176507 0.0756897 0.146566 1.07591 3.40196 -0.250758 2.25559 -1.35952 -0.266111 1.43752 -1.94501 1.4362 0.417647 -0.665815 0.882173 -1.69087 -0.0959492 3.43945 0.456987 1.10928 3.72169 -1.42839 0.159584 2.37738 -1.35957 -0.0820359 0.658116 -0.54047 -1.3932 
5.27748 -0.954212 0.0339351 -0.379904 -0.656974 -0.0376241 -0.256925 -0.25772 0.00516017 -0.141271 -0.108033 0.0963582 0.110072 1.56177 5.81826 -0.0345248 2.97172 0.159702 -1.78357 0.818012 -1.10879 1.10335 0.796564 -0.329329 0.0356413 -2.21649 -1.9945 4.12314 -0.16155 0.255929 2.79661 -1.2422 -1.2621 1.89911 -1.02739 0.504547 1.34632 -1.10587 -0.478822 
5.424 -0.861381 -0.175459 -0.501468 -0.568648 -0.185072 -0.157666 -0.159053 0.0340062 -0.102225 0.0615168 0.122813 -0.00204617 2.45685 8.81312 -1.361 2.85513 1.06827 -3.1928 0.563239 -0.614577 1.44448 0.916438 -0.498106 -0.391392 -2.04275 -1.52733 5.01152 -0.748592 0.413616 1.07746 -1.24731 -2.62508 -0.07059 -0.0644715 0.818084 0.2597 -1.47324 0.92069 
5.17825 -0.743353 -0.0968297 -0.375538 -0.51537 -0.127602 -0.240062 -0.0710066 0.064349 -0.147826 0.0695484 0.108582 0.0020223 3.74792 10.9945 -3.51183 2.76771 0.85695 -3.50427 -0.27728 -0.715705 2.12142 0.989144 -0.31492 -0.392445 -1.91277 2.41977 4.72196 -3.74285 -0.308793 -1.02776 -1.85148 -2.18201 -1.5873 1.81164 0.852592 -0.658639 -0.807126 1.3205 
5.11736 -0.594381 -0.0385068 -0.248535 -0.534022 -0.127156 -0.206086 -0.196988 0.0364185 -0.0861095 -0.052376 0.0806491 -0.0326623 4.20932 11.364 -5.44949 2.54711 0.66273 -3.7545 -1.28848 -0.908812 2.88792 1.12699 0.0255829 -0.392624 -1.38067 5.22927 2.50507 -6.13269 -1.12447 -2.33676 -1.50382 -1.19877 -1.18231 3.17857 0.0466914 -0.314477 0.338223 1.20473 
5.3598 -0.166391 -0.0680227 -0.240562 -0.450171 -0.37808 -0.326039 -0.171596 0.0405525 -0.00496533 0.0420783 -0.02768 -0.0774223 4.41865 10.6273 -6.86787 1.90028 -0.00942031 -3.96148 -1.46382 -0.738466 3.69161 1.01325 0.176344 -0.405734 -0.841425 3.5415 -2.57247 -5.24682 -1.15404 -2.32404 0.567024 0.152617 -0.575572 2.6474 -0.849304 -0.178509 1.48315 0.914845 
5.54077 0.151944 -0.430881 -0.290974 -0.471176 -0.485744 -0.322451 -0.24266 0.207529 -0.0204951 -0.017671 0.015746 -0.000748026 4.80287 9.10495 -6.75122 1.6771 -0.247798 -3.72014 -1.48323 -1.18219 3.68019 0.687525 -0.341908 -0.250218 -0.399919 -0.262527 -6.89869 -0.780368 -1.09558 -0.723744 1.57889 1.07308 0.861978 0.29833 -1.0594 0.691022 1.19187 0.0511637 
5.71152 0.219726 -0.727809 -0.202426 -0.63367 -0.421793 -0.379885 -0.290048 0.399572 -0.0313725 -0.0319802 0.0919687 -0.059907 5.5187 6.9268 -7.00691 0.722323 -0.182063 -3.44463 -1.25825 -1.20224 3.63922 0.467005 -0.150936 -0.055989 -0.292216 -3.69291 -7.49563 4.3678 -0.937449 1.56176 1.6641 1.06306 1.24446 -2.28081 -0.903528 0.45951 -0.00241462 0.0984646 
5.7658 0.226026 -0.809694 -0.186717 -0.625508 -0.504975 -0.375091 -0.25923 0.435416 -0.0151625 0.0134683 0.0684247 -0.0519049 4.85435 4.14685 -6.12689 -0.0319034 0.0852451 -2.34906 -1.38632 -0.771484 3.40055 0.156191 -0.136892 0.227422 -0.0828986 -3.59921 -5.32608 6.00815 -1.01475 2.27663 1.65454 0.326253 0.398635 -2.98219 -0.243236 -0.430828 -0.564604 0.022739 
5.75329 0.218943 -0.793772 -0.216843 -0.573245 -0.551325 -0.36081 -0.246265 0.416617 -0.0278861 0.0141775 0.0602482 -0.0399043 3.03728 1.40099 -4.41481 -0.266637 0.349869 -0.906211 -1.13899 -0.800131 2.66043 -0.0424178 -0.509012 0.349108 0.0504301 -1.84323 -2.04161 4.18097 -0.939787 1.63965 1.46242 -0.762766 -0.217065 -1.82099 0.298298 -0.660573 -0.637272 0.13525 
5.78128 0.186401 -0.790017 -0.241656 -0.495573 -0.597478 -0.339949 -0.262422 0.400599 -0.0491702 0.0031605 0.0727087 -0.0653385 1.63744 0.139718 -2.21216 -0.276052 0.814665 -0.0814244 -1.48643 -0.512796 1.43029 0.131433 -0.361999 0.0113806 -0.0875891 -0.906368 0.140079 1.19341 -0.328553 -0.113511 1.90969 -1.25765 -0.510858 -0.330122 0.508653 -0.722681 -0.155212 0.379588 
5.80698 0.191572 -0.827346 -0.23804 -0.489602 -0.544588 -0.42368 -0.281015 0.456014 -0.0486521 -0.00367245 0.0434066 -0.0524942 0.572109 0.0296944 -0.781852 -0.766413 1.38799 0.358058 -1.70544 -0.651014 0.583335 0.30136 -0.491543 -0.0539124 0.0445545 -0.875164 0.803257 -0.0290692 0.196697 -1.00197 1.6035 -0.886621 -0.368014 -0.0703117 0.508687 -0.200897 0.383288 0.0153963 
5.86486 0.156826 -0.804678 -0.279457 -0.486045 -0.501291 -0.475455 -0.30886 0.474163 -0.000830561 -0.0742411 0.0636384 -0.0447885 -0.630964 0.501069 -0.564137 -0.61827 1.12858 1.20048 -1.95295 -1.14641 0.511974 0.108843 -0.400951 0.27855 -0.185391 -2.1114 1.2287 -0.151443 0.516594 -0.722216 0.719507 -0.0875944 -0.223544 -0.432433 -0.116169 0.824821 0.500266 -0.329865 
5.82445 0.204177 -0.846529 -0.284318 -0.45607 -0.508449 -0.482921 -0.325698 0.486168 -0.0131764 -0.0543239 0.0468876 -0.0321325 -2.21611 0.840985 -0.00670266 -0.597395 1.02611 1.58512 -1.97223 -1.28869 0.0744858 0.150636 -0.299376 0.753279 -0.433196 -3.34177 0.840415 0.922557 0.223453 -0.0214105 0.206426 0.500999 -0.262274 -1.04082 -0.480044 0.869218 0.943476 -0.724495 
5.80247 0.239977 -0.888996 -0.2469 -0.491352 -0.444633 -0.550883 -0.31062 0.470933 -0.00325845 -0.0430957 0.0590055 -0.043887 -4.69557 0.865745 1.27952 -0.997232 1.27075 1.77866 -1.46679 -1.54221 -0.664577 0.129989 -0.0997596 1.05039 -0.585939 -4.74904 -0.0188622 2.50486 -0.650614 1.01939 -0.23203 1.2777 -0.620805 -1.45628 -0.579254 0.520109 0.995186 -0.779705 
5.77057 0.231463 -0.833753 -0.305705 -0.448258 -0.423019 -0.579468 -0.362934 0.465602 0.0155998 -0.0588419 0.0945029 -0.0638053 -7.24505 0.486985 2.52581 -1.437 1.68615 1.87897 -0.601675 -1.4582 -1.85809 0.0934289 0.0856582 1.21763 -0.82051 -5.57902 -0.917371 3.25777 -1.15293 1.27824 0.0240355 1.63722 -0.249785 -1.98954 -0.226146 0.082318 0.4334 -0.408128 
5.58014 0.311964 -0.866458 -0.260447 -0.447597 -0.386542 -0.579059 -0.42306 0.483965 -0.0523911 0.00378594 0.118352 -0.0961431 -9.49084 -0.426121 3.85269 -1.94575 2.16144 1.92363 0.134612 -0.842014 -2.86169 -0.132499 0.398896 0.932403 -0.771144 -4.64675 -2.36237 3.60946 -1.79069 1.30461 0.180716 1.74106 0.87185 -2.4552 0.357189 -0.360411 -0.486592 0.254506 
5.38392 0.294284 -0.713834 -0.326405 -0.372045 -0.388195 -0.577784 -0.406559 0.368727 -0.0193306 -0.0413373 0.189945 -0.11967 -10.9112 -2.17505 5.13374 -1.92211 2.39184 1.73673 0.94604 0.137355 -3.97861 -0.353782 0.864917 0.365689 -0.148045 -2.55537 -3.39314 2.15826 -0.728984 0.522306 0.0768123 1.61374 2.15155 -2.11348 -0.0189063 0.542777 -1.80016 1.25727 
5.08051 0.241413 -0.527575 -0.428849 -0.287231 -0.34884 -0.51513 -0.487406 0.30016 -0.0200779 -0.0314148 0.186143 -0.127846 -10.771 -4.19289 5.13095 -1.16827 2.84115 1.38781 2.06623 1.48736 -4.85757 -0.134542 0.917536 -0.294332 0.665972 1.37774 -4.14976 -0.536423 1.61708 -0.226022 -0.358834 1.2754 3.61485 -1.51411 -0.0262885 0.900417 -2.16201 2.03122 
4.85983 0.186828 -0.475703 -0.460815 -0.270128 -0.263833 -0.489867 -0.443115 0.177455 0.00450083 -0.0325914 0.169569 -0.138496 -8.95344 -5.48629 3.83781 -0.55023 3.11407 2.1125 2.8914 1.70699 -4.95658 0.262195 1.0782 -1.14257 0.667684 5.32312 -3.59926 -3.17653 2.935 -0.0385623 -0.136531 1.29798 2.31193 0.00363562 0.232604 0.857094 -1.83713 1.45102 
4.67326 0.0468843 -0.330315 -0.537373 -0.206255 -0.260447 -0.454889 -0.332001 0.0998805 -0.0300709 -0.00103305 0.117299 -0.101856 -6.80111 -6.43287 1.62884 -0.500621 2.41027 1.847 3.24279 1.93643 -4.95267 0.130359 0.80198 -1.36239 1.02125 6.98574 -1.41268 -6.07446 2.6587 -0.672247 0.138858 0.999651 -0.251863 1.13173 0.263546 -0.0348796 -0.475734 0.203461 
4.52383 -0.15481 -0.24585 -0.427334 -0.20109 -0.301424 -0.379189 -0.219146 -0.0401717 -0.0840414 0.126033 0.0401091 0.0196043 -6.41368 -5.6472 -1.00095 -0.906297 0.650339 1.65453 4.19387 1.92356 -3.85578 0.409398 0.703671 -1.51584 1.20301 4.26374 2.10704 -6.71572 -0.733507 -2.13629 0.35333 0.999682 -2.40302 2.34989 0.815134 -1.49838 0.992693 -1.19342 
4.62924 -0.359138 -0.374789 -0.275679 -0.112592 -0.283014 -0.268598 -0.083012 -0.124269 0.020719 0.0478549 0.0318387 0.0676119 -10.128 -4.62825 -2.05607 -1.49683 -0.672191 1.91499 4.72462 1.71702 -3.07946 0.337623 -0.0380487 -1.38903 1.37277 -5.68013 4.79562 -3.51962 -4.16183 -3.82188 0.446303 0.896846 -3.13307 2.63402 0.0215768 -1.82092 1.34789 -1.16637 
4.77724 -0.363605 -0.526359 -0.354243 -0.0267153 -0.0380232 -0.203822 -0.32378 -0.062848 0.0611696 0.0863745 -0.0341253 -0.0958351 -15.1736 -4.27955 -1.42029 -0.753066 -0.45726 2.04599 4.31436 1.17759 -2.33176 -0.0258605 -0.0530632 -0.657338 1.00343 -16.0286 3.81877 2.00709 -2.92801 -2.99396 -0.342496 -0.0342671 -0.583772 1.41248 -0.828622 -1.19731 1.56882 0.0316605 
4.64451 -0.417152 -0.733711 -0.449679 -0.208604 -0.210937 -0.199768 -0.259226 -0.163899 -0.0784394 0.0292062 0.0553243 0.00403937 -15.6518 -2.77317 -1.7333 -0.421785 -0.446827 1.32165 3.02751 0.948177 -1.31058 -0.147787 -0.411386 -0.309276 0.613049 -14.8304 1.68592 5.79184 0.664254 0.665505 -0.560652 -1.83108 1.22661 0.966825 -0.811737 0.126611 0.499304 0.216772 
4.15981 -0.246871 -0.773023 -0.656066 -0.413552 -0.185253 0.0445661 -0.218719 -0.0709843 0.0857583 0.0174099 0.0323105 0.0184701 -10.8123 -0.0439302 -3.28514 -1.50433 -0.215892 0.594392 2.36128 0.226105 -1.11125 0.277395 -0.289675 0.0499192 0.227876 2.22823 0.521627 2.96179 3.54316 3.98931 -1.56381 -3.61415 1.16867 -0.462699 -0.629824 1.41141 -0.0519692 0.0453395 
3.02455 -0.306159 -0.546778 -0.718738 -0.390129 -0.0196344 0.0937996 -0.236678 -0.145815 -0.00873374 -0.0836328 -0.00862437 0.0735326 -4.02376 1.97098 -4.09634 -1.59987 0.121019 -0.717305 2.54169 -0.638752 -0.818867 0.191874 -0.330743 -0.329333 0.269527 26.4136 2.22607 -4.13143 3.05496 4.13722 -3.08309 -2.25826 -0.612593 -0.271452 0.934083 1.24614 -0.620912 -0.62616 
2.48116 -0.557743 -0.31511 -0.355192 -0.116303 -0.00904908 -0.0518772 -0.17637 -0.1959 -0.0780774 0.0750665 0.0977052 -0.00272055 2.33549 2.93313 -3.83335 -1.19358 0.348197 -1.78052 2.07896 -0.384447 -0.207313 0.988484 -0.0441252 -0.467225 0.406742 36.0221 4.90427 -7.9949 -1.35271 0.534033 -2.83748 0.585887 -2.74481 0.921376 2.27993 0.145449 -1.32012 -0.663392 
3.24902 -0.399882 -0.564033 -0.39994 -0.146074 -0.244199 -0.186791 -0.0764706 -0.0981626 -0.0629115 0.0173303 0.00040526 0.0366128 8.98261 2.78866 -2.5179 -0.511116 1.29586 -1.20384 1.22235 -0.920661 1.08726 1.86449 -0.323941 -0.91758 -0.45662 22.2368 2.83227 -3.27064 -2.677 -2.04326 -0.52593 2.09264 -2.64356 1.94104 2.30203 -1.03687 -0.663546 -0.64656 
4.40895 -0.0659136 -1.07756 -0.642482 -0.139776 -0.24425 0.000412204 -0.246867 -0.275559 0.100227 0.110372 0.0262359 0.0358921 15.0244 1.54126 -2.60639 0.0510229 1.75492 -0.771873 -0.0964416 -1.62717 1.64836 2.54786 -0.543202 -0.532433 -0.573268 -2.04802 -2.46836 5.12712 -0.799844 -2.23498 2.53045 0.0698765 -0.813499 3.49794 1.77651 -1.79718 0.103583 -0.578861 
5.01693 -0.0205793 -1.18479 -0.559556 -0.103119 -0.33509 0.231271 -0.402349 -0.171092 0.0725891 -0.0613049 -0.0846547 0.0252091 18.0051 1.13541 -2.91797 -0.671291 0.977252 -0.801184 -0.797494 -1.57183 2.57697 2.65212 -0.656491 -0.0513998 -0.32895 -18.5507 -6.20178 8.7066 0.730842 -0.792792 3.98941 -3.78008 1.41038 2.36081 -0.0212436 -0.786767 1.64901 0.105016 
4.90111 0.00520094 -0.989804 -0.656722 -0.216682 -0.3044 0.0848621 -0.338527 -0.0189074 0.201329 0.0715049 -0.0451673 -0.00950785 14.2803 0.635381 -2.17037 -0.792337 0.0670109 -0.357769 -1.06161 -1.49573 3.52221 2.12527 -2.23455 -0.537509 0.0262637 -18.3406 -5.92209 5.00597 2.71967 0.99458 2.0953 -4.41471 2.0057 0.674558 -2.18416 -1.13594 1.37825 0.830356 
4.85605 -0.174787 -0.690981 -0.584735 -0.169928 -0.206009 -0.00621183 -0.299075 0.101411 0.215767 -0.11234 -0.0600799 -0.0746236 6.24369 0.442095 1.38063 0.795318 -0.0408089 -0.310618 -1.68372 -0.376015 3.46963 0.466408 -1.94359 0.0654858 0.0520881 -9.66543 0.166709 -0.268076 2.23513 0.364087 -1.7532 -2.29962 2.16769 -0.996044 -3.80774 -0.189591 0.402802 1.45378 
4.89034 -0.336383 -0.823932 -0.553144 -0.100522 -0.0680425 -0.0774211 -0.416166 0.0854214 0.380769 -0.0754203 0.0304952 -0.00748508 3.09092 1.12219 2.65818 2.29758 -0.467082 -1.53499 -2.45783 1.07418 3.90755 -1.44646 -1.53425 0.455336 0.0525745 0.769386 6.34409 -2.32222 1.81694 -0.88311 -4.72484 1.21736 2.07061 -1.41012 -4.87919 0.736892 -0.45679 0.479669 
4.79239 -0.318652 -0.853118 -0.642139 -0.126499 -0.179743 -0.197818 -0.315571 0.123487 0.145547 -0.0603384 0.0770265 0.0618367 5.07421 2.24872 1.24405 2.76833 -1.57693 -2.39563 -2.68552 2.06302 3.53069 -2.53522 -0.654834 0.864913 -0.00932623 8.84335 7.40997 -2.09702 2.10482 -2.33707 -4.61961 3.09916 1.50771 -0.410153 -3.17355 1.50175 -0.611141 -0.89817 
4.69322 -0.286034 -0.891154 -0.410001 -0.117157 -0.267207 -0.210724 -0.312146 0.269801 0.120831 -0.319664 -0.102411 0.0315742 9.07003 3.10162 -1.08437 3.56961 -2.56781 -3.24604 -1.64218 2.59317 2.97738 -3.5747 -0.836256 0.637663 0.0710419 12.4789 4.04469 -2.12213 0.453661 -3.49345 -1.90044 2.35742 1.41035 -0.097129 -0.752206 2.63308 0.660497 -1.24827 
4.7117 0.110164 -0.565983 -0.360074 -0.190591 -0.441398 -0.194253 -0.145495 0.186854 -0.0431008 -0.109791 0.0135058 0.0340537 11.6461 3.80974 -2.57638 3.42457 -3.73045 -3.59552 -0.914342 3.41682 2.43309 -3.8714 -0.372184 0.51738 0.238746 10.3797 -2.70043 -3.74275 -0.513628 -2.75314 1.85961 0.956703 0.570206 0.113148 1.59912 0.252316 0.334471 -0.568962 
5.53046 0.29816 -0.88591 -0.326708 -0.251563 -0.573429 -0.0992074 -0.18003 0.282995 -0.116817 -0.0542424 0.0607948 -0.0122538 12.833 3.49185 -2.50576 3.26828 -4.55695 -2.86249 -0.423548 4.33242 1.84731 -3.94865 -0.510413 0.229608 0.226532 0.518175 -6.47237 -2.2049 -1.2416 -1.24039 4.45398 -0.612439 0.731458 -1.21551 2.38925 -1.29978 -0.178697 0.967116 
5.93492 0.166818 -0.997392 -0.263101 -0.4567 -0.56474 -0.17471 -0.108263 0.396338 -0.128188 -0.0709165 0.0485357 -0.0391664 12.6125 2.34719 -2.84956 2.82691 -4.62823 -1.10672 0.0562754 4.29318 0.819996 -2.95274 -0.38592 0.361777 0.450379 -8.28798 -4.95347 0.37553 -1.68448 0.988119 4.3733 -0.607047 0.823223 -2.57397 1.19748 -1.71761 -0.535529 1.79244 
6.05957 0.0999256 -1.07188 -0.189279 -0.552013 -0.528753 -0.189308 0.00607027 0.389614 -0.138425 -0.166853 0.0335173 -0.00901012 10.8355 0.734359 -3.05057 1.64496 -4.63694 0.934396 -0.255312 4.36453 -0.507402 -2.42559 -0.303972 0.807387 1.01281 -11.0747 -1.64609 2.26754 -1.40736 2.04115 3.45737 -0.193017 0.0928546 -3.03421 0.442472 -0.920764 -0.401531 1.45464 
6.11007 0.0616326 -1.07829 -0.211832 -0.565219 -0.490302 -0.190315 0.101769 0.341815 -0.166409 -0.197878 0.0404426 0.0476653 7.25525 -1.26423 -3.06358 1.13518 -3.99106 2.77128 -0.662623 3.7982 -1.16185 -1.67055 -1.46704 0.448831 1.39444 -8.39778 1.03591 2.6284 -1.15566 1.70873 2.10689 -0.0114706 -0.854723 -2.5283 -0.0161914 0.414641 0.456338 0.551147 
6.12133 0.0442216 -1.08328 -0.193409 -0.626764 -0.389137 -0.204529 0.185519 0.271226 -0.221528 -0.185993 0.0386136 0.0983737 2.33505 -1.70171 -1.17894 0.633458 -2.98452 3.48398 -0.773482 3.36123 -1.93333 -1.57112 -1.50579 0.550073 1.55791 -3.46527 1.01071 1.22564 -0.79847 1.31019 0.528153 0.0796012 -2.06708 -0.592009 0.228209 0.408796 0.71835 -0.538018 
6.04297 0.0942778 -1.11877 -0.206334 -0.638924 -0.351693 -0.167839 0.214318 0.223282 -0.268813 -0.184876 0.0550532 0.116715 -0.444078 -1.00717 -0.20066 0.121261 -1.53616 2.84212 -0.145228 2.36102 -2.16161 -1.7448 -0.963442 0.757372 1.35736 -1.35074 -0.205617 1.13879 -0.341539 1.17754 -1.14226 0.0842759 -2.25981 1.07745 0.330251 0.353106 0.450379 -1.09281 
6.06442 0.0627369 -1.1203 -0.193534 -0.725412 -0.211642 -0.2378 0.273845 0.135145 -0.254373 -0.241728 0.0813888 0.14576 -1.67735 -0.712145 0.498278 0.151772 -0.929399 1.58194 -0.00727811 1.6628 -1.82251 -1.54395 0.138893 0.630167 0.637626 -1.27388 -0.344582 1.19348 0.138997 1.66555 -3.38218 0.753166 -1.69387 1.87169 0.155853 1.24598 -0.214497 -1.41847 
6.05558 0.0208717 -1.09255 -0.203511 -0.72317 -0.161346 -0.255595 0.257496 0.123404 -0.266483 -0.274172 0.105735 0.159366 -3.49399 -0.341297 1.42879 0.603872 -0.411714 0.109102 -0.0234513 1.07207 -1.11105 -1.35318 0.772262 0.403037 -0.140751 -2.60605 0.376659 1.55814 0.696404 1.58495 -4.45287 0.813177 -0.602896 1.71829 0.0428625 2.14382 -0.831159 -1.48172 
6.03808 -0.00737347 -1.07495 -0.212283 -0.692715 -0.198187 -0.213288 0.223933 0.161232 -0.322302 -0.244062 0.127825 0.133677 -4.62605 -0.295943 1.76665 1.65756 0.35989 -1.88193 -0.955538 0.600196 -0.226076 -0.84638 1.735 0.11002 -0.730815 -3.43925 0.922666 1.2312 1.96174 0.992525 -4.13063 -0.844989 0.288089 1.11539 0.561728 2.50077 -1.16655 -1.15834 
5.88149 0.0112524 -1.02887 -0.219662 -0.631576 -0.310986 -0.152075 0.21865 0.170448 -0.368232 -0.20179 0.123808 0.125461 -7.98776 -1.14866 4.55007 0.865787 2.53713 -3.58899 -1.24979 -0.482072 -0.138603 -0.500794 2.2245 -0.0958769 -1.30023 -5.23126 -0.0442657 2.88616 0.969889 2.03312 -2.7726 -2.13083 -0.475598 0.11416 1.09223 1.51377 -0.762195 -0.854641 
5.85014 0.00382354 -0.995095 -0.136733 -0.680558 -0.410818 -0.19349 0.304109 0.142477 -0.32324 -0.0778375 0.0712589 0.0637353 -14.4713 -2.87973 7.12222 0.498605 5.14523 -3.60233 -1.15964 -1.66098 -0.872271 -0.393445 2.42652 -0.582689 -1.36647 -9.95839 -2.86635 5.19785 -1.02839 4.52441 0.282831 -1.89617 -2.36336 -1.421 0.87933 -0.457521 -0.217944 0.0530294 
5.52729 0.0656472 -0.843515 -0.0920201 -0.63965 -0.470484 -0.218468 0.291155 0.180509 -0.361727 -0.0768888 0.0707315 0.0371041 -23.1906 -3.71504 8.74841 0.525435 6.03069 -1.66001 -0.657562 -2.64291 -1.81071 0.370509 1.8584 -0.928568 -1.38649 -16.1875 -4.69211 5.64469 -2.37419 5.0879 4.1266 0.396832 -3.638 -2.76283 0.960277 -2.00685 -0.0918985 0.582486 
5.50224 0.0235702 -0.92658 0.110884 -0.581572 -0.633528 -0.453477 0.27252 0.231359 -0.303566 0.0667267 0.0549067 0.024867 -28.8256 -4.87147 8.98025 -0.215674 5.75738 0.0834014 0.115873 -3.06054 -2.35918 1.1897 1.11637 -1.16429 -1.16158 -18.4546 -4.22185 3.37074 -3.14515 2.13214 6.75303 3.81581 -2.80174 -2.7881 0.861469 -2.99935 -0.246217 0.765992 
4.77879 -0.1887 -0.27102 -0.292833 -0.15732 -0.724798 -0.342041 0.0579207 0.0926067 -0.309259 -0.000288639 0.082589 -0.0390554 -26.8435 -4.50653 5.86952 -2.39372 4.88997 2.6308 0.395572 -4.38588 -2.04782 2.207 0.883333 -0.817341 -0.835002 -5.43955 0.119899 -6.10145 -1.97027 -4.06828 7.07049 3.68659 -0.797833 -0.229763 1.61702 -1.53794 -0.145732 0.898338 
3.76066 -0.529087 -0.0764138 -0.195385 0.0829556 -0.432091 -0.326183 -0.0341382 -0.0974035 -0.331645 -0.0271308 0.0028045 0.0294538 -19.2579 -3.54532 2.2292 -4.2739 3.80979 4.76514 0.791764 -5.4627 -1.28545 2.78434 0.858786 -0.463127 -0.534804 18.8189 5.24809 -13.2127 -2.66077 -7.97097 3.70085 1.38893 0.336488 3.22056 2.15229 0.854441 0.614023 0.231894 
2.60434 -0.421565 -0.0504041 -0.110145 -0.0591264 -0.138337 -0.175334 -0.121417 -0.118596 -0.201252 -0.109161 -0.00794414 -0.0171141 -14.3492 -2.71095 -0.878385 -5.96714 2.88016 6.38363 1.43566 -5.74136 -0.325474 3.4358 1.28188 -0.307321 -0.662136 33.7668 6.12088 -13.4807 -3.79555 -5.52809 -0.0602178 -1.47642 0.211527 4.91672 1.31661 2.77588 1.11495 -0.187163 
2.52143 -0.570587 -0.1662 -0.268811 -0.185046 -0.232608 -0.0696352 -0.0587191 -0.0698646 -0.159027 -0.0789444 -0.0331716 -0.0136067 -9.0674 -0.779189 -1.55156 -6.80621 -0.541535 5.30342 2.62502 -4.37165 0.305239 2.63398 1.05201 -0.00432589 -0.404155 27.8718 4.89783 -5.19578 -2.53532 -2.63953 -3.28236 -2.0651 0.617114 3.39157 -0.638651 2.36305 1.12075 -0.274548 
3.56403 -0.302801 -0.792261 -0.633405 -0.237112 -0.00337514 -0.199463 -0.322749 0.0494919 -0.0128597 0.0594738 0.0501587 0.000679695 0.900649 2.65995 -3.18911 -6.71194 -4.27239 3.38378 2.31414 -2.43146 1.50595 2.01654 1.56316 0.0851942 -0.326656 7.28207 2.2876 7.40581 -0.35063 -1.45608 -5.99101 0.366899 3.02544 0.193251 -3.05383 -0.0886912 0.179406 -0.216382 
4.54212 -0.250876 -0.91158 -0.654993 -0.252825 0.0830605 -0.2434 -0.390685 0.12279 0.0119221 0.134641 0.037579 -0.0288958 5.93099 4.28106 -1.87087 -7.54444 -6.14789 0.128559 2.4448 -0.371643 1.88445 1.46923 1.58285 0.673257 -0.846336 -11.4912 0.853137 12.1088 1.66314 -3.05181 -6.65917 2.17381 5.49625 -2.23367 -3.46981 -1.99494 -0.182555 -0.0394126 
3.57726 -0.338831 -0.791295 -0.820756 -0.0592744 0.177399 -0.152537 -0.450301 0.19524 0.0692515 0.175718 0.0321062 -0.0972103 4.80304 2.79497 0.528876 -5.39037 -4.98287 -1.80438 1.51355 0.619326 0.925903 0.294189 0.819625 0.77552 -0.281923 -13.6034 -0.36487 8.9084 4.27491 -3.32004 -5.31412 1.23985 5.18436 -3.13403 -2.38639 -2.98856 -0.0202603 0.498062 
3.50589 -0.227425 -0.321216 -0.834107 -0.578103 -0.275637 0.0252903 -0.210619 0.0785751 -0.147837 0.0746796 0.0597743 -0.00782915 -0.889008 2.16375 3.13083 -2.04354 -3.49723 -2.00285 1.13056 1.5356 -0.0851171 -0.305683 -0.148338 0.537291 -0.0602315 -9.52513 -2.93884 0.776424 5.84449 2.42217 -0.191373 -1.55005 1.7801 -2.06196 0.179011 -1.96423 -0.0914955 0.524313 
4.2034 0.128746 -0.327906 -1.03992 -0.712604 -0.232978 0.0049325 -0.170149 0.132029 -0.12097 0.118308 0.0234473 -0.0488868 -6.18869 1.31927 5.52509 0.889865 -2.24328 -2.76112 0.946106 1.99824 -1.46402 -0.8661 -0.957702 0.176544 0.0832748 -5.3366 -4.18542 -4.05154 7.03575 6.93987 3.34615 -3.3809 -2.36007 -1.52306 1.26377 -0.833538 -0.0546635 0.761982 
3.54857 -0.034129 -0.258737 -1.05467 -0.811839 -0.35265 0.0906228 0.0173383 0.0750835 -0.0506711 0.0921074 0.105615 -0.136717 -4.33682 3.20648 5.56989 1.72177 -1.5014 -2.4635 1.07111 1.64307 -2.39318 -1.15312 -1.23646 -0.00468825 0.197481 4.91327 0.0173179 -3.46833 4.99102 7.17375 4.27984 -2.41464 -4.38656 -0.947097 0.415402 0.282611 -0.861938 0.634133 
2.97411 -0.346802 -0.22855 -0.6203 -0.515683 -0.294925 -0.0865096 -0.144945 -0.0260457 -0.114977 -0.0469705 0.0896526 0.0242545 4.40718 4.67989 3.43916 2.77108 -1.09973 -1.66511 0.314572 0.687114 -2.99707 -1.30372 -0.946825 0.0709541 0.463965 15.0856 5.92457 -1.63354 -0.850959 1.75633 2.08194 0.492767 -3.01731 -0.528149 -0.54341 1.51935 -0.633061 -0.353101 
3.08185 -0.221917 -0.248544 -0.534892 -0.407585 -0.194209 -0.0780884 -0.0822225 0.00516534 -0.0800076 -0.000576432 0.0396772 -0.00451591 9.16521 4.63714 0.853727 3.31883 1.10952 -0.766812 -0.32806 -1.71322 -2.49871 -0.896939 0.046643 0.518242 0.151656 21.1626 7.08921 -0.791795 -3.78877 -3.47384 -1.72747 1.80849 -1.99121 -0.174266 -1.51161 1.79 0.620304 -0.502938 
3.40296 -0.0390404 -0.205258 -0.546101 -0.395223 -0.230288 -0.136267 -0.264204 -0.116779 -0.0926148 0.0284486 0.0524876 -0.0252969 13.4517 3.75948 -0.176491 3.8846 1.95269 -1.98571 -1.09343 -3.03886 -2.42349 -0.222501 0.674979 0.431053 -0.206122 17.2864 2.26472 -2.49079 -3.09605 -3.13753 -3.24401 0.458128 -1.11929 1.15581 0.234936 1.87183 1.02168 -0.997996 
4.10798 0.442035 -0.0198089 -0.685057 -0.510704 -0.252276 0.0867241 -0.189989 -0.165268 -0.190372 0.0149256 0.0146182 -0.0534025 19.4377 4.08818 -1.54376 4.04474 1.75464 -2.94556 -2.34611 -3.88706 -0.943744 0.197551 1.28366 -0.230685 -0.377104 3.20818 -6.05203 -4.11732 1.32767 0.13137 -3.84216 -3.10658 -1.24173 2.59759 2.35174 1.2258 0.501944 -0.854545 
4.74439 0.459888 -0.221432 -0.61663 -0.644511 -0.297355 -0.00719166 -0.222077 -0.229262 -0.23162 0.0519286 0.0856763 0.00811581 21.0935 3.24424 -2.57647 4.46795 0.458933 -4.7514 -3.03081 -2.63704 0.797458 0.283786 1.09354 -0.0965687 -0.439639 -8.1125 -9.00554 -3.0157 5.22747 2.90072 -3.07692 -4.86715 -0.0454797 3.94585 2.48727 -0.575924 -0.927553 -0.00219751 
5.00454 0.368481 -0.312927 -0.525228 -0.532475 -0.485403 -0.0332429 -0.466499 -0.132274 -0.224825 0.155861 0.197453 -0.0419367 18.2739 0.317647 -2.99416 6.65175 -0.310897 -6.01452 -3.62713 -1.39969 1.40036 -0.0649392 0.542676 0.23469 -0.0722591 -11.8478 -6.53776 -0.766818 6.04854 1.04029 -1.2959 -3.38174 3.56812 3.12479 0.675362 -2.01994 -1.53695 0.832267 
5.33269 0.197325 -0.392129 -0.430153 -0.343761 -0.614108 -0.256387 -0.501478 -0.174109 0.0399322 0.185913 0.0705854 -0.151212 13.7191 -2.58778 -3.11279 8.77725 -1.02953 -5.98385 -3.69072 0.399302 1.6231 -0.092074 0.290365 0.308062 0.0384112 -11.0677 -2.4061 1.77975 4.6996 -2.92472 0.485573 0.68119 5.35149 0.610593 -2.58796 -2.26013 -0.0285522 1.51957 
5.34237 0.15989 -0.485758 -0.173298 -0.377353 -0.687289 -0.423188 -0.50542 0.0470356 -0.0103055 0.15427 -0.0249405 -0.0890363 8.42786 -4.84202 -2.60724 9.90917 -1.47561 -5.60913 -3.28396 1.16176 1.28303 -0.233824 0.293964 0.213729 0.117535 -6.67932 0.367472 3.45673 1.03607 -4.78695 1.90364 4.78218 4.7953 -2.9215 -3.28612 -0.795162 1.26913 0.738837 
5.36311 0.0781076 -0.528043 0.127561 -0.443912 -0.862774 -0.495335 -0.299043 0.162332 -0.153967 -0.00368606 0.059216 0.0378258 4.48775 -4.62222 -0.728737 9.18686 -2.10353 -4.73974 -1.52856 2.50326 0.189876 -0.572778 0.178003 -0.284343 0.195809 -3.25678 1.052 3.32087 -3.06259 -3.52212 2.92266 5.74797 1.31335 -5.00013 -1.30996 1.58857 0.855933 -0.529422 
5.41596 -0.0236535 -0.479347 0.320301 -0.590656 -0.926781 -0.398315 -0.17845 0.0259806 -0.208149 0.0560252 0.116855 -0.012274 2.42602 -3.79861 0.741356 7.61642 -3.40013 -3.23286 0.337393 3.81957 -1.6588 -0.887653 -0.0263554 -0.520772 0.701251 -1.7479 1.47588 2.69034 -5.91548 -0.293733 2.79177 4.27883 -1.55704 -4.1917 1.1165 1.96106 -0.52201 -0.671925 
5.45793 -0.0936811 -0.442289 0.434114 -0.731723 -0.88719 -0.35361 -0.12482 -0.0950647 -0.194756 0.0984202 0.121654 -0.0496206 1.09408 -2.90851 1.8949 5.69958 -4.488 -1.76983 2.73225 3.32694 -2.84851 -1.20627 -0.00750777 0.0210686 0.708337 -0.911188 1.65357 1.65237 -6.11053 1.61792 2.2574 2.1987 -2.4422 -2.13651 2.38818 0.612057 -1.41676 -0.223889 
5.46648 -0.127423 -0.388788 0.441984 -0.760071 -0.929326 -0.23218 -0.167125 -0.108396 -0.236338 0.150865 0.0842085 -0.0428072 1.27925 -2.51653 2.65527 3.0562 -4.26311 -0.128627 4.00833 1.88665 -3.88431 -0.149091 0.198701 -0.0527336 -0.0227485 -0.392385 1.43449 0.494128 -4.14778 1.26663 2.34314 0.467474 -2.38458 0.256015 2.02323 -1.12366 -0.848225 0.0741058 
5.43885 -0.132351 -0.323244 0.399142 -0.75239 -0.952934 -0.197736 -0.0908651 -0.233961 -0.199374 0.168484 0.0385407 -0.0122651 1.2476 -1.91815 2.57894 1.07985 -3.72518 1.58576 4.01474 0.0017767 -3.68207 0.920645 0.358572 -0.74416 -0.57193 0.509207 0.657659 -0.659294 -1.60011 0.251263 2.52999 -0.493486 -2.55225 2.01469 1.10688 -1.82169 0.1392 -0.437353 
5.44566 -0.147309 -0.249176 0.372626 -0.812725 -0.912376 -0.123818 -0.0322693 -0.36002 -0.144045 0.13852 0.0211096 0.0279133 0.136791 -1.2619 2.17542 0.303279 -3.08228 2.22531 3.04832 -1.05183 -2.45715 1.21973 -0.00880836 -0.790149 -0.499617 -0.103054 0.217948 -1.39925 0.253213 -0.144213 2.08734 -1.57694 -2.6427 2.8066 0.210831 -0.739027 0.57798 -1.18303 
5.47824 -0.168232 -0.22088 0.419087 -0.94264 -0.842034 0.0118153 -0.131528 -0.349203 -0.13158 0.0860534 0.0598143 -0.0291606 -1.82984 -0.656705 2.00061 -0.248128 -2.20503 1.59122 1.85605 -1.03961 -1.6649 1.12643 0.106 -0.592037 -0.42775 -2.77456 0.516464 -1.25447 0.500244 0.950052 -0.122586 -3.10103 -0.858001 2.27059 -0.48614 0.836162 0.333048 -0.586368 
5.56575 -0.212992 -0.197159 0.354688 -0.952882 -0.725768 0.0223144 -0.240972 -0.312665 -0.0952666 0.0778778 0.0300785 -0.0739161 -4.16532 -0.345645 1.7972 -0.457076 -0.780037 1.63337 0.142899 -0.39046 -0.904298 0.575464 0.179591 -0.778105 -0.563092 -6.19716 1.03332 -0.410053 0.102793 2.81196 -2.39889 -3.71511 1.8757 1.20458 -1.49417 1.62857 -0.191246 0.383839 
5.55771 -0.217178 -0.240556 0.396587 -0.984914 -0.643911 -0.0169241 -0.282067 -0.314226 -0.0631294 0.0788374 -0.015047 -0.0868354 -10.0829 0.373982 1.23395 -0.91539 1.18602 0.0586662 -1.3883 -0.47499 -0.102846 0.346864 0.265176 -0.3218 -0.703464 -11.1139 1.54662 0.312538 -1.24737 4.72265 -4.31671 -3.47862 3.20117 0.0536797 -1.39201 1.16444 0.0319278 0.827121 
5.31583 -0.194752 -0.208198 0.462928 -1.02737 -0.682417 -0.0683846 -0.276382 -0.29299 -0.0894209 0.125612 0.0435902 -0.0894889 -17.8969 0.114798 1.71027 -2.61985 4.18495 1.15362 -2.71511 -0.256793 0.790757 -0.12652 -0.0231524 -0.211868 -0.286482 -15.3135 0.587714 0.971612 -3.3726 6.28833 -1.39797 -2.20756 2.1129 0.100699 -0.75478 -0.633623 0.0850119 0.944112 
5.024 -0.148526 -0.131927 0.362136 -0.931209 -0.87573 -0.139382 -0.155002 -0.344551 -0.103654 0.203844 0.02866 -0.0588045 -24.8777 -1.33669 1.09702 -4.4358 6.40056 2.64427 -2.63139 0.711466 1.62765 0.0269294 -0.46792 -0.20972 0.375241 -16.3922 -2.14333 -0.102412 -4.31531 5.45143 4.08194 0.451428 -0.230356 1.62405 0.398057 -2.42016 0.457856 0.687238 
4.78134 -0.165745 -0.0985443 0.315943 -0.703077 -0.743398 -0.260752 -0.0569462 -0.293787 -0.208686 0.177501 -0.095432 -0.0755558 -28.6052 -2.56326 0.558661 -5.42774 7.59581 4.00047 -1.74918 1.17048 2.04281 0.262057 -0.930076 -0.033803 0.670528 -11.0963 -4.38175 -1.36697 -3.86199 2.45994 7.18366 3.0693 -1.58463 2.17216 1.68602 -2.47845 0.802723 0.607229 
3.70598 -0.0394415 -0.169447 0.214222 -0.525215 -1.05899 -0.343837 -0.170515 -0.316592 -0.0796004 0.134713 0.0576962 -0.0918142 -28.683 -3.49295 0.193181 -6.19091 7.81138 5.14508 -0.698057 1.1871 2.48721 0.742753 -1.28369 -0.000798977 0.799299 2.53076 -4.88998 -1.91669 -1.27818 -1.543 7.43709 4.33367 -0.658709 1.84191 1.49097 -1.09727 -0.135705 0.436468 
2.82627 -0.255989 0.0633527 -0.100701 -0.217884 -0.394485 -0.363709 -0.191006 -0.188647 -0.147818 0.015174 0.0215596 -0.00290476 -18.4502 -3.42799 -1.5135 -6.55254 5.49165 5.98904 -0.468574 0.959511 2.27772 0.888955 -1.27489 0.035975 0.970391 22.371 -0.988255 -3.48237 2.07771 -6.60993 0.298781 2.61596 0.451556 -0.322469 0.820142 1.27232 -0.162718 -0.113272 
2.37292 -0.566277 -0.204976 -0.220392 -0.20467 -0.206643 -0.144966 -0.101771 -0.0339208 -0.047382 -0.0248088 0.0121574 0.0103974 -5.79789 -3.05082 -2.66548 -5.78099 2.40917 5.69132 -0.694742 0.648919 2.15044 0.792702 -0.952832 0.539922 1.21378 36.6843 4.02259 -2.28684 3.47859 -8.51067 -5.72702 -1.71788 0.728465 -2.44377 -0.820473 2.62167 0.111119 -0.0388544 
2.37732 -0.588635 -0.210574 -0.22072 -0.145353 -0.151753 -0.120174 -0.122384 -0.0713507 -0.0183777 -0.00440482 0.00498072 -0.0142484 2.30171 -2.06208 -2.99635 -4.09077 -0.698175 2.28673 -1.55507 1.28616 1.81487 0.443848 -0.0215023 1.18815 1.78939 32.6238 5.9759 -1.04829 3.73262 -7.73063 -9.36309 -5.00671 1.08854 -2.26183 -2.05885 2.47466 0.900842 0.68143 
2.40515 -0.563567 -0.194428 -0.24298 -0.178147 -0.177412 -0.124065 -0.093892 -0.0402531 0.0259232 0.0103367 -0.00728626 0.00379534 7.02251 -0.952731 -2.46832 -2.81995 -2.65403 -0.932476 -1.41068 2.22861 2.05216 0.378613 0.872968 1.14322 1.27303 10.4666 4.67485 1.00786 2.49923 -3.90931 -9.91894 -4.11905 1.00635 -0.555944 -1.3484 1.52709 1.71486 0.397866 
4.20269 -0.397315 -0.474801 -0.344385 -0.578249 -0.217804 -0.317023 -0.0668039 -0.13367 -0.0675743 0.0828537 0.040722 0.0499524 6.93877 0.75667 -1.78914 -2.01719 -3.74576 -3.89617 -0.844992 2.08615 1.99889 1.41503 1.64638 0.977922 0.191765 -20.6387 0.606572 4.26858 0.61083 2.10654 -4.60088 0.907199 0.650803 2.12605 1.11804 0.213771 0.390569 -1.02765 
4.77116 -0.392331 -0.435131 -0.32926 -0.614204 -0.348568 -0.441634 -0.0408464 -0.0945236 -0.0964349 0.103704 0.0981609 0.105539 3.74426 1.45727 -0.269278 -1.65864 -2.2447 -3.61794 -1.05172 1.86257 2.61349 1.47674 1.25337 0.219902 -0.459989 -33.3383 -2.08832 3.80216 -0.668643 5.65864 1.69353 5.16107 -0.0820828 3.29141 3.11001 -0.974533 -1.75823 -2.76457 
3.86161 -0.346614 -0.38193 -0.17165 -0.637328 -0.80018 -0.604738 0.103271 -0.0325255 -0.143547 0.152756 0.166538 0.198998 0.468775 -0.453285 -0.440306 -2.04913 0.278341 -2.23636 -0.907621 2.33804 3.17227 1.58761 0.632761 -1.15033 -0.775582 -19.0672 -4.00476 1.48601 -1.98182 7.41773 8.32793 5.16154 -0.959532 2.03398 2.81899 -1.86871 -4.02304 -3.07947 
3.02964 -0.344459 -0.271431 -0.352205 -0.56115 -0.900363 -0.318188 0.121573 0.125236 0.0486746 0.163698 0.18283 0.0113958 -3.61133 -1.38758 -0.701739 -2.30877 2.07771 -0.68505 -0.0988651 2.29201 3.02853 1.03128 -0.351636 -1.71533 -0.723878 4.35041 -3.70276 -2.25647 -1.18287 5.17153 9.18609 0.823552 -0.625 -0.677425 -0.755088 -2.38778 -3.84286 -0.253816 
2.73478 -0.397005 -0.188237 -0.509104 -0.531963 -0.481236 -0.123366 0.0369347 0.185863 0.22707 0.183468 0.0308952 -0.0877715 -5.18478 -1.68099 -1.62101 -2.1633 2.43777 1.20481 0.595182 2.15028 3.02588 0.666486 -0.979428 -2.45397 -0.628814 22.9528 -1.08556 -5.62133 0.403979 -0.263263 3.86888 -3.40207 0.413017 -2.69049 -4.28806 -1.82176 -1.25889 2.51148 
2.81392 -0.467912 -0.273765 -0.407334 -0.269616 -0.356946 -0.236511 0.0941307 0.318511 0.145335 0.0534744 -0.0788151 -0.0905192 1.03168 -1.05214 -3.42906 -2.31854 1.70538 3.00545 0.405944 1.1027 2.60152 0.0598569 -1.16109 -3.02716 -0.360137 23.038 2.28265 -5.13103 1.04139 -5.19017 -1.4744 -3.70041 -0.309028 -2.88053 -4.24959 -0.0750551 1.33975 3.3127 
3.35727 -0.78582 -0.445355 -0.52164 -0.0435722 -0.306527 -0.390435 0.228635 0.237939 0.105366 0.0561268 -0.245208 -0.0450103 11.2531 0.540286 -4.53151 -1.61888 0.513556 4.47489 0.555706 -0.00681618 1.49706 -0.570538 -1.303 -3.33455 -0.22275 12.7199 6.3255 -2.19051 2.25493 -7.45244 -3.74887 -0.728594 -2.00023 -1.46882 -1.85852 1.11782 2.49995 1.59115 
3.39671 -0.568694 -0.521053 -0.56383 -0.258361 -0.357679 -0.316627 0.206628 0.17706 -0.0595018 -0.0400903 -0.0992713 0.0637695 17.2874 2.4356 -5.16591 -0.0433614 -1.16816 3.77366 -0.379947 -0.33159 0.133982 -1.43281 -1.12356 -3.07598 0.331714 4.19449 5.9547 1.03181 2.30536 -4.49504 -1.84827 1.99768 -2.73573 -0.376351 1.68274 1.7292 0.7942 -1.41978 
4.24343 -0.434824 -0.783316 -0.520506 -0.605449 -0.292448 -0.389554 0.22934 0.235562 -0.077274 0.0217129 -0.153413 0.071559 18.4782 4.31352 -5.05698 0.663621 -2.22207 1.97942 -0.324053 -0.847172 -0.781268 -1.07581 -0.78526 -2.03866 0.252165 -4.43308 3.53983 3.56231 1.76889 0.687072 0.225158 2.87208 -2.33527 -0.88327 3.28095 0.899202 -0.241529 -2.54105 
4.40356 -0.379886 -0.802265 -0.538308 -0.485259 -0.293022 -0.43555 0.049824 0.315859 -0.0466609 0.045442 -0.208589 0.0742072 16.9803 6.07527 -4.10467 0.955814 -3.13104 1.18604 0.930959 -2.10273 -1.36783 0.218221 -0.0894074 -1.34027 -0.3977 -7.23471 0.99757 3.13011 1.21365 3.03035 0.0822064 1.98485 -0.551007 -1.57605 2.79803 -0.0160231 -0.0033711 -2.08256 
4.74443 -0.140867 -0.75732 -0.391968 -0.531928 -0.231173 -0.224667 0.031052 0.209285 -0.0112982 0.0199662 -0.276269 -0.0220355 13.7885 7.38522 -1.83464 0.653701 -3.30261 1.03511 1.64986 -3.06347 -1.35381 1.1732 0.336789 -0.565072 -0.92109 -7.4769 -1.21714 2.48643 -1.49186 2.52988 -0.799363 -0.0441711 0.00135698 -1.25954 1.59383 0.17041 1.27042 -0.325642 
4.82788 -0.0594243 -0.787356 -0.385694 -0.604927 -0.179977 -0.237899 0.0650645 0.143085 0.0109068 0.0180535 -0.313855 -0.0664832 12.4792 6.22878 -0.669128 0.349618 -2.36534 0.905604 1.60807 -3.60151 -1.24958 2.26698 0.907765 -0.279264 -1.46623 -4.37798 -1.40672 1.88724 -2.47139 0.0515721 -1.46464 -0.630977 -0.901231 0.15943 0.460649 0.641251 2.57477 0.816535 
4.89857 0.00533026 -0.841004 -0.430646 -0.535095 -0.172949 -0.256491 -0.0150662 0.101742 0.11406 0.0104157 -0.25963 -0.0568539 9.90242 4.94258 0.604094 -0.159333 -1.35072 -0.367691 2.10433 -4.04767 -1.59891 2.35538 1.21691 0.731881 -1.6627 0.496195 -2.183 1.45831 -1.91948 -1.48287 -1.87837 -0.519101 -1.30132 1.22656 -0.422255 1.46974 2.13849 0.539427 
5.06217 0.129418 -0.876544 -0.35783 -0.528831 -0.264789 -0.184815 -0.128422 0.102257 0.141672 0.0367707 -0.265061 -0.0925364 9.23485 3.62114 1.10902 -0.431352 -1.49466 -1.55681 2.00374 -3.75329 -2.08298 1.98069 1.86372 1.50694 -1.53317 1.39937 -3.13498 1.4207 -0.782643 -0.55889 -2.06693 -0.0905839 -0.855499 0.616553 -0.90297 1.62175 1.33529 0.0302748 
5.12164 0.236709 -0.61228 -0.595799 -0.671633 -0.205428 -0.192773 -0.167551 0.065692 0.137726 0.0951742 -0.182709 -0.0586743 7.85583 2.13011 1.39305 -0.554655 -1.18376 -2.15986 0.754757 -3.75758 -1.89378 1.29846 2.83359 1.78853 -1.03472 0.433226 -3.1207 -0.0676279 1.87452 0.951805 -1.89101 -0.0972079 0.45011 -0.641115 -1.30579 1.46715 -0.149948 -0.406309 
5.49 0.193651 -0.758552 -0.500525 -0.77748 -0.225216 -0.179606 -0.295428 0.125754 0.220488 0.138478 -0.123039 -0.113036 6.85429 1.30109 2.06237 -0.108116 -0.789961 -2.8977 0.463009 -3.52756 -1.75554 0.640212 3.30656 1.66952 -0.803295 -3.62483 -2.03749 0.252985 2.05139 2.15052 -1.24543 -1.14585 1.84016 -1.35844 -1.73894 1.01132 -1.24441 0.218978 
5.65703 0.134669 -0.7153 -0.493726 -0.673135 -0.426895 -0.0846466 -0.375965 0.0604175 0.204005 0.213879 -0.0935834 -0.178851 5.37422 0.469392 2.59114 0.27216 -0.425949 -2.97397 -0.201841 -2.99867 -1.38447 0.0437186 3.14709 1.11391 -0.75594 -5.91185 -0.46829 0.545149 1.32352 1.83478 0.500323 -2.2919 1.92813 -0.241144 -1.21747 -0.206963 -1.63772 0.932109 
5.641 0.134366 -0.628109 -0.471123 -0.632606 -0.504695 -0.0847061 -0.364868 -0.0755577 0.176328 0.284535 -0.083505 -0.167742 3.59298 -0.523718 2.67216 0.459363 0.746014 -2.65645 -1.17694 -2.52044 -0.922588 -0.162378 2.08282 0.786765 -0.688363 -5.0454 0.148834 0.687296 0.0860078 1.26224 1.5133 -2.32603 0.916262 1.80618 -0.378826 -2.09629 -1.28545 0.709203 
5.61237 0.16559 -0.620842 -0.399346 -0.675925 -0.410522 -0.238097 -0.363692 -0.0853901 0.124574 0.401344 -0.120427 -0.138648 2.01996 -1.27316 2.11138 1.75686 1.82168 -2.79154 -1.81649 -1.89209 -0.25991 -0.600228 0.505561 0.041777 -0.123426 -2.54524 -0.592916 0.559466 -0.566061 0.985288 1.08395 -1.23619 0.185309 2.77425 0.240328 -4.11579 -0.503525 0.630838 
5.58285 0.16869 -0.535348 -0.405069 -0.644531 -0.550903 -0.213028 -0.385031 -0.0652259 0.129176 0.39794 -0.113937 -0.138314 0.199709 -1.65741 2.49743 2.62496 1.53866 -2.30121 -2.42194 -0.570322 -0.108998 -1.42512 -0.665604 -0.444993 0.961934 0.154184 -1.74138 -0.876156 1.34886 0.110869 0.695596 -0.456528 0.623546 2.00218 -0.211555 -4.18788 -0.214811 1.02701 
5.56851 0.143605 -0.477447 -0.432753 -0.588879 -0.529439 -0.286854 -0.456847 0.00710597 0.151977 0.336714 -0.135521 -0.157842 -0.748444 -2.29093 2.2349 3.84708 0.643409 -1.30311 -3.31384 0.529413 0.344599 -1.82679 -1.71938 -0.812555 2.00709 0.449112 -2.15991 -1.13199 3.34378 -1.17487 0.0949508 -0.0547061 2.24316 -0.156902 -1.38232 -2.33136 -0.314077 2.01588 
5.59001 0.0730663 -0.444844 -0.436597 -0.47017 -0.527143 -0.353416 -0.499826 0.0474913 0.155902 0.199724 -0.101601 -0.187663 -4.101 -2.7437 2.06352 4.75532 1.30566 -0.54035 -3.80076 0.672641 1.09694 -1.69848 -2.80865 -1.24856 2.33992 -3.71561 -1.23187 -0.66252 4.00724 -1.53462 0.873932 -0.61619 2.70229 -1.23127 -1.45361 0.0172473 -0.922068 2.30399 
5.61042 -0.00419251 -0.461832 -0.251531 -0.485842 -0.614044 -0.383354 -0.441793 0.0834845 0.0739102 0.0858615 -0.159766 -0.0514217 -12.456 -3.80126 2.72831 4.3407 2.43311 1.01831 -2.84194 1.59435 1.39622 -1.92012 -3.70303 -0.874522 1.84544 -13.5121 -0.611664 0.854154 1.06837 0.488871 3.21422 -0.244164 1.90469 -0.562381 -0.516814 1.10208 -0.357096 0.103718 
5.61134 -0.0804106 -0.451776 -0.0348441 -0.636265 -0.619205 -0.414515 -0.29787 -0.00344412 -0.0348575 0.126653 -0.171828 0.046635 -21.2284 -4.66037 3.04805 3.45189 3.26728 2.61604 -1.11566 2.48582 0.573955 -2.03979 -3.63265 -0.239755 1.52336 -22.6918 -0.648238 2.14293 -3.60136 3.78409 4.09725 2.41238 0.330733 0.195559 0.927246 0.341008 1.00303 -2.36943 
5.49135 -0.168184 -0.390955 0.0748089 -0.64817 -0.570969 -0.558024 -0.226111 -0.0201346 -0.075654 0.10974 -0.213894 0.130863 -19.5145 -6.16952 1.31395 2.66774 1.59103 3.83995 0.137096 2.73157 -0.776628 -2.18718 -2.42595 0.643057 1.64099 -14.8384 -2.01287 -0.0603173 -6.0152 2.39221 3.93425 4.68353 -0.814099 -0.631595 1.20693 0.449499 2.57025 -2.98363 
4.68179 -0.139731 -0.330333 0.131672 -0.356901 -0.464144 -0.670082 -0.347237 0.0997507 0.00341244 -0.000570155 -0.290538 0.0960249 -14.0101 -7.11448 0.467412 0.684969 0.571986 4.28062 1.5356 2.3362 -1.34875 -1.83536 -1.08965 1.30102 1.15647 9.37601 -3.42871 -3.02469 -5.7711 -2.45397 1.28189 5.29963 -0.774396 -2.30957 0.452192 1.7992 3.22097 -1.49902 
3.2074 -0.359146 -0.134038 -0.0709469 -0.212203 -0.177233 -0.454931 -0.159308 0.166286 -0.099627 -0.0937766 -0.149863 -0.0559703 -9.29248 -8.19834 0.731337 -2.32522 0.100722 4.79144 2.45835 1.3886 -0.805698 -1.03241 -0.71211 2.35814 0.436329 33.2471 -2.99813 -4.30391 -3.33312 -6.26836 -2.0892 2.30303 -1.71141 -1.90411 0.494637 2.62327 1.8844 1.05992 
2.53045 -0.471945 -0.105867 -0.179171 -0.12627 -0.203316 -0.163883 -0.116944 -0.0413469 -0.0784313 -0.0931782 -0.0551184 -0.021293 -4.59832 -8.91734 1.66158 -3.2239 -0.107978 4.48028 3.58321 0.399748 -0.379446 -0.212531 -0.91022 2.82116 -0.0752631 35.4157 -1.57085 -0.99192 -0.338565 -5.63331 -2.84617 -1.18118 -2.03331 0.802062 0.823349 1.59704 0.0986988 1.32668 
4.41846 -0.797709 -0.59745 -0.0908094 -0.655707 -0.0694921 -0.295049 -0.190018 -0.187622 -0.141867 0.0715278 0.0151074 0.117555 1.62395 -9.35706 1.30324 -3.02505 -1.36212 3.11112 3.66613 -0.231466 -0.688081 0.159961 -0.624278 3.33214 0.402794 10.4678 0.872391 4.31381 1.39743 0.132846 -3.05558 -2.35021 -1.65569 2.85326 1.55013 -1.02048 -0.960706 0.515841 
5.09289 -0.866909 -0.463462 -0.277293 -0.563764 -0.17178 -0.186834 -0.211771 -0.114021 -0.113325 0.0988558 0.018135 0.0553945 8.59572 -9.21477 0.58601 -1.92904 -2.54495 1.50157 3.58891 -0.238916 -1.22626 0.713163 -0.12749 3.20939 0.762694 -11.7376 2.00555 4.01573 3.6025 3.10604 -1.91436 -1.84997 -0.663761 1.80354 1.72565 -2.09927 -1.03568 -0.119664 
4.75042 -1.06609 -0.223103 -0.490479 -0.568927 -0.0676976 -0.197565 -0.234837 0.0840108 -0.0717746 -0.0290595 0.113941 0.0870744 12.7712 -7.63705 -0.0279675 0.482734 -2.88773 -0.05757 2.8789 -1.88236 -1.11366 1.54244 -0.711049 2.46457 1.47869 -15.8414 2.82348 -0.214335 5.20995 2.53105 -1.67353 0.285999 -0.237454 -1.28217 1.03781 -1.43882 -0.746071 -0.0906689 
4.50914 -1.16309 0.0201461 -0.207406 -0.508384 -0.0497065 -0.0706519 -0.251444 0.018948 -0.0219711 -0.087841 0.0920051 0.0375948 10.3657 -4.71005 0.364135 1.51927 -2.32798 -0.925824 2.00475 -2.2795 -0.172674 1.71025 -1.72665 1.83592 1.45635 -5.48321 4.62919 -4.64319 3.33097 -0.0196306 -2.04231 0.552345 -0.747653 -2.25277 0.30243 -0.571231 -0.581913 0.835407 
4.6147 -1.28772 -0.194074 -0.192848 -0.587353 -0.166668 -0.21401 -0.294351 -0.0722468 -0.0218289 -0.0612431 0.182017 0.18469 2.44649 -0.581341 0.931713 1.37651 -0.712769 -2.56456 1.64602 -0.937825 0.244603 1.33715 -1.56831 1.44644 0.727722 4.73865 7.12933 -4.39577 0.404869 -1.53433 -1.95938 -0.259958 0.231313 -0.442924 -0.926085 0.614499 -0.907542 -0.0317001 
4.70291 -1.33433 -0.295397 -0.145127 -0.542413 -0.173928 -0.0245335 -0.227229 -0.12597 0.0776014 -0.0343645 0.16463 0.0843793 -1.20075 2.95927 -1.22976 2.02627 -0.56008 -2.85056 1.20024 0.902974 -0.0804506 0.0704555 -0.982589 0.985905 -0.0752289 1.28473 9.0772 -1.33129 -2.66121 -0.00778049 -1.82483 -1.58403 2.7023 1.89486 -2.66477 1.13667 -0.962844 -1.4807 
4.81867 -1.30257 -0.321472 0.0577516 -0.670051 -0.195596 0.0907158 -0.485098 -0.139592 0.0861003 -0.20259 0.199547 0.205331 -1.01705 8.07928 -2.40108 1.10439 0.188429 -3.07899 0.519004 1.74743 0.232615 -0.527084 -0.257747 -0.0266819 -0.874369 -5.83407 9.68716 0.910721 -4.65464 2.32214 -0.324322 -2.74258 5.1851 2.97768 -2.90216 1.98999 -1.33304 -3.02122 
5.05064 -0.981692 -0.313106 -0.0512662 -0.703575 -0.314377 -0.0290593 -0.442902 -0.0754994 0.0702057 -0.244596 0.175266 0.238067 1.35103 12.0294 -3.61646 -0.527249 -0.573681 -2.4686 -1.08757 1.53324 2.45342 -0.87224 0.181943 -0.419189 -1.38715 -5.93773 7.46972 0.251523 -2.7713 2.08682 1.77534 -2.5421 3.16978 3.04584 -1.56245 1.91603 -1.36266 -2.96416 
4.9792 -0.695905 -0.349218 -0.205887 -0.669971 -0.508679 -0.157545 -0.132049 -0.00733176 -0.049058 0.0104358 0.19791 0.0916568 2.60502 14.1301 -3.82815 -1.04968 -0.218178 -1.78357 -2.82446 1.7207 4.11453 -1.17407 0.697421 -1.07983 -2.20663 1.25523 3.13284 -1.87981 -0.512918 0.294981 3.21234 -2.91027 -1.63369 2.82967 0.685062 0.342063 -1.11269 -0.784118 
4.29937 -0.491713 -0.477841 -0.124891 -0.50973 -0.414117 -0.0137648 0.0802972 -0.00156703 -0.185819 -0.062699 0.155622 -0.0722457 4.49386 13.7014 -4.28745 -0.908347 -0.498612 -0.873822 -5.17958 1.29436 5.33496 -1.43029 0.882976 -0.968843 -2.12195 11.2777 -2.37275 -2.336 1.50778 -2.18459 2.8116 -3.75745 -5.17357 2.61887 2.2912 -0.384223 -0.169011 1.31242 
4.3843 0.0661356 -0.367884 -0.293215 -0.43921 -0.358019 -0.137579 -0.0740184 0.112476 -0.0651961 -0.0956344 0.0489525 -0.0410427 4.90235 11.8219 -4.46977 -0.851983 0.259087 -0.0707575 -6.43344 1.09711 5.72365 -1.402 1.25629 -0.89675 -2.3322 11.3235 -8.14841 -1.89465 3.12716 -2.30882 1.20176 -3.35115 -4.48185 1.04761 1.04573 -0.708827 1.17332 2.05811 
5.18133 0.255903 -0.655453 -0.208152 -0.779273 -0.324979 -0.343187 -0.27541 0.398495 -0.0420058 -0.0556509 0.0919189 -0.0331608 3.06761 8.62072 -3.8371 -0.196767 1.35548 0.360579 -6.77361 -0.169132 5.13308 -1.29965 1.06956 -0.969952 -1.56175 -0.55076 -9.51548 1.561 1.55925 1.92953 -0.713137 -1.52738 -0.611391 -1.93408 -0.663685 -0.294844 0.979843 1.6019 
5.31214 0.245295 -0.816681 -0.21411 -0.628134 -0.393128 -0.57081 -0.16438 0.418522 -0.0859856 0.0301251 0.0468004 -0.0780471 -0.748873 5.2379 -1.29787 -0.139764 1.56264 1.10751 -5.62618 -1.75612 3.35891 -1.26731 0.163762 -0.368578 -0.629284 -14.589 -7.39208 5.80812 -0.532007 3.77091 -0.748367 2.60182 1.25757 -4.42895 -1.76819 -0.263801 1.03441 0.733018 
5.53965 0.120813 -0.820014 -0.0680433 -0.718345 -0.276599 -0.671211 -0.24243 0.522235 -0.090767 -0.0561113 0.115892 -0.0647849 -7.48477 0.535554 0.119266 -1.49184 3.04979 1.79814 -3.03459 -1.03165 0.925628 -1.04407 -0.21761 -0.155592 0.450232 -25.4484 -5.03149 6.68834 -3.33791 5.27709 0.728065 7.31054 2.40052 -6.45694 -1.21399 -0.947284 0.00526631 0.68786 
5.29054 0.168531 -0.7806 -0.117734 -0.547735 -0.321679 -0.747044 -0.256083 0.530077 -0.16116 -0.0414864 0.11137 -0.0755007 -17.9833 -4.42655 2.3509 -1.06404 4.12789 1.80694 0.627295 0.546217 -2.1943 -1.04537 -0.466075 -0.376813 0.631293 -24.8092 -4.70604 5.735 -3.27404 2.7869 1.90128 9.50265 2.09425 -6.61911 0.937672 -1.21939 -0.879458 1.03407 
4.73194 0.174109 -0.66556 -0.214772 -0.304844 -0.424464 -0.843309 -0.208205 0.466301 -0.212959 0.0270013 0.0180858 -0.0214829 -26.2645 -6.64053 4.76359 -1.34437 5.11513 1.68336 3.43225 1.16283 -4.77037 -0.432126 -0.608755 -0.77538 0.833162 -14.4102 -5.47075 2.09079 -0.464542 -1.15437 1.81893 8.21361 1.26243 -4.70735 2.48021 -0.865676 -0.832111 0.634381 
3.92485 0.0967777 -0.285399 -0.296184 -0.393946 -0.254305 -0.555194 -0.271915 0.241758 -0.285359 -0.0428578 0.171716 -0.0786014 -28.6092 -7.26769 5.50397 -1.2799 4.45565 1.8066 5.27125 1.10031 -5.41853 0.267642 -0.696979 -1.00781 0.963757 0.0562162 -3.86469 -1.7118 2.36793 -2.22358 -0.414107 2.59664 0.7784 -1.02463 2.86623 0.332409 -1.4486 0.192792 
3.00286 -0.320718 -0.513855 -0.516408 -0.0385453 -0.0104871 -0.165083 -0.0398686 0.071086 -0.177444 -0.180107 0.0454254 0.0620057 -21.5287 -6.13067 2.91617 -2.20468 2.88279 2.43101 5.29446 1.34885 -4.74652 0.51302 -0.0408539 -1.48066 0.77439 20.1161 2.19038 -4.17641 3.07782 -5.05902 -1.51072 -4.11128 -1.38675 3.61278 1.1157 1.72214 -0.474154 -0.905834 
2.41791 -0.547102 -0.190612 -0.250312 -0.183253 -0.174599 -0.0791172 -0.0689092 -0.0881765 -0.094725 -0.103098 -0.0483867 0.0348572 -7.08618 -4.8864 -0.437138 -2.73307 -0.114847 3.55933 3.47031 1.30273 -2.90585 1.03003 0.743072 -1.37724 0.221087 36.4642 7.50782 -8.21868 -1.0252 -5.05986 0.369953 -8.13332 -1.45734 6.76783 -0.848464 2.34625 0.518976 -1.4541 
2.3957 -0.571228 -0.210986 -0.248298 -0.212499 -0.217934 -0.154919 -0.153629 -0.116419 -0.0690942 -0.0455818 -0.010389 0.0278314 6.01999 -2.74641 -2.96869 -3.07702 -1.78686 4.14085 1.12167 0.417764 -1.09738 0.952906 1.67244 -1.05249 -0.128499 38.4136 8.61093 -8.17063 -4.0551 -3.89852 2.54997 -7.76064 -1.03167 6.30712 -1.85921 2.29412 0.894166 -1.22085 
2.38638 -0.571074 -0.230378 -0.257197 -0.142422 -0.16251 -0.143737 -0.0915744 -0.0491882 -0.0774258 -0.069434 -0.0373983 0.0173787 15.5347 0.219109 -4.2322 -3.06406 -1.37771 3.25695 -1.09041 -0.764857 0.196779 0.795869 2.11967 -1.23998 -0.0551278 24.6161 6.21224 -3.84477 -3.97728 -1.13376 2.49741 -3.70553 -1.66528 2.3966 -1.36652 1.07495 1.09944 -0.372841 
3.88045 -0.323514 -0.754622 -0.509321 -0.400478 0.0885851 -0.26329 -0.106638 0.143898 -0.144903 0.00598746 -0.0734342 0.00613128 20.7402 2.8263 -3.45421 -2.70688 -1.25132 2.72889 -2.68319 -2.01228 0.976315 0.20648 2.24611 -0.584785 -0.856901 -2.76835 1.18427 3.50582 -0.0744142 4.13168 -0.677062 0.866165 -1.71643 -2.04591 0.0754247 -0.747331 0.438619 0.307223 
5.07864 -0.283298 -0.926315 -0.666613 -0.586995 0.189331 -0.52275 -0.0683069 0.237765 -0.0857484 0.139699 -0.0457877 -0.0803862 19.7462 3.63148 -3.4681 -3.29613 -0.351334 2.59596 -1.95958 -1.02928 1.29353 -0.349779 1.45981 -0.250378 -0.850153 -24.2006 -1.61929 8.39427 4.00617 5.58838 -4.0868 4.44674 -0.810617 -3.89111 0.205451 -2.32491 -0.0216654 0.426958 
4.94069 -0.220045 -0.79672 -0.708028 -0.436014 0.225462 -0.521966 -0.217419 0.148797 -0.145036 0.206731 -0.0252275 -0.0199624 15.5749 4.47383 -0.948064 -2.85711 0.109322 1.54495 -0.676489 -0.307679 0.726142 -0.351272 0.726997 0.0158773 -0.851521 -25.0614 -1.42356 7.38462 4.10519 3.10614 -4.62278 4.76654 1.84906 -2.29457 0.231627 -2.93158 0.210588 -0.188179 
4.65361 -0.11778 -0.62754 -0.645078 -0.191406 0.124374 -0.311224 -0.342015 0.0046199 -0.0962344 0.062641 -0.070829 0.0321394 11.6089 5.32248 0.176264 -2.53709 0.400287 0.0205883 -0.0927577 -0.191661 0.329215 -0.535154 0.661221 0.699405 -0.867048 -10.8188 0.722533 2.06729 1.14451 -1.46516 -2.71506 1.95323 3.72421 0.939966 -0.56609 -1.09799 0.979199 -0.682465 
4.56558 -0.183669 -0.582859 -0.564836 -0.12236 0.137848 -0.383524 -0.312029 0.041221 -0.0846406 0.0786773 -0.0744223 -0.101843 5.76666 5.03145 1.19954 -1.77042 0.862062 -1.37383 0.881422 0.234928 0.243392 -0.54731 -0.0352816 0.993875 -1.07074 6.54795 3.10685 -3.5168 -2.22687 -4.46966 -0.581128 -0.555148 2.62025 2.75279 -0.885788 0.501379 1.3313 -0.340625 
4.32839 -0.182414 -0.569627 -0.593324 -0.305315 0.0298938 -0.249146 -0.0545138 0.0888464 -0.161073 0.0524373 -0.0582925 -0.0812822 4.96409 4.68867 0.406355 -1.61971 0.135884 -1.7881 1.49404 0.595416 0.685448 -0.485907 -0.700097 1.10536 -1.19474 14.4239 2.12658 -5.37618 -2.79836 -3.33721 0.904819 -2.41163 -0.57753 2.34489 0.0163382 1.07605 1.03747 -0.405237 
4.59663 0.144432 -0.35414 -0.688105 -0.300955 0.0156092 -0.237749 -0.0872213 0.0712151 -0.121687 0.0276837 0.0160054 -0.0851975 8.45235 4.03166 -1.32571 -1.63207 -1.33563 -1.72233 0.815765 1.099 1.39096 -0.274384 -0.646441 1.32284 -1.49163 9.35958 -1.85262 -4.95095 -0.683834 -0.965767 1.1007 -1.76285 -2.25641 0.781421 0.443524 0.42196 -0.00663991 -0.101179 
5.22037 0.349052 -0.718482 -0.829825 -0.336246 -0.00100862 -0.357494 -0.137296 0.188981 -0.206063 0.155243 0.0889245 -0.109969 10.4673 3.39388 -2.82565 -1.557 -2.05382 -1.0471 0.00547338 0.804293 1.52797 -0.493346 -0.293008 1.35037 -1.30501 -0.686022 -4.77612 -1.18696 2.24637 1.00163 0.853632 -0.0159528 -2.00005 -1.30954 0.993479 -1.08925 -1.07244 0.257652 
5.46915 0.294007 -0.846381 -0.852417 -0.412077 0.0164303 -0.324504 -0.133138 0.259068 -0.18696 0.0775834 0.0502498 -0.178393 10.3227 2.82347 -3.56771 -1.07133 -1.47392 -0.639195 -0.0393678 0.0354902 1.00258 -0.461678 -0.55266 0.888493 -0.750414 -7.63177 -4.37287 1.25482 3.45488 1.9474 0.647196 0.322407 -0.691214 -2.16479 0.367446 -0.886886 -1.23032 0.711758 
5.63218 0.18789 -0.79919 -0.840057 -0.453908 -0.00766916 -0.310645 -0.141225 0.226744 -0.111606 0.0279825 0.0714602 -0.193356 9.03791 1.32688 -3.68715 -0.0184693 -0.246531 -0.245817 -0.492594 -0.616821 0.61359 -0.272521 -0.792377 0.22522 -0.581035 -9.47052 -1.76817 1.75419 2.74241 2.10606 0.321606 0.444214 0.588283 -1.61869 -0.664439 -0.477161 -1.26913 1.19517 
5.64507 0.186912 -0.830436 -0.766894 -0.420453 -0.0376542 -0.320881 -0.162013 0.195987 -0.139696 0.04596 0.0996251 -0.178301 5.555 -0.59438 -3.43696 1.30479 0.296004 -0.511836 -0.279251 -0.296265 0.556628 -0.404884 -1.17636 -0.431935 -0.206518 -5.96849 0.24084 1.43194 1.24327 1.7976 -0.0559674 -0.00890076 0.720349 -0.156942 -0.716377 -0.280041 -1.07854 0.9791 
5.59079 0.230207 -0.910427 -0.718339 -0.379214 0.0128017 -0.304399 -0.19862 0.154626 -0.186695 0.0136795 0.0627907 -0.157435 1.94969 -1.16733 -1.91076 2.75457 0.71476 -1.01749 -0.0254418 0.0327607 0.368964 -0.3237 -1.68789 -0.78208 0.343781 -1.79907 0.205768 0.404512 0.675045 0.574019 -1.1157 -0.46144 0.804127 1.4501 -0.364967 -0.0879128 -0.529549 0.584417 
5.57229 0.231784 -0.960861 -0.696955 -0.346253 0.019165 -0.322072 -0.156699 0.170705 -0.195454 -0.00774236 0.0194447 -0.164934 0.256935 -0.74187 -1.42845 3.51918 1.0327 -1.88963 -0.159985 0.11535 0.609499 -0.599365 -1.52101 -0.750886 0.948452 -0.297531 -0.360449 0.729023 1.13612 -0.590211 -2.09108 -0.100101 0.351491 1.71654 0.188585 -0.360619 0.0838547 0.506918 
5.62693 0.169987 -0.944388 -0.668428 -0.309397 -0.0276114 -0.336506 -0.11873 0.200575 -0.195378 -0.0403999 -0.00384402 -0.143029 -1.0256 -0.229664 -1.32254 4.05168 0.911938 -2.82182 0.0864901 0.0980048 1.00444 -0.719574 -1.41444 -0.8277 1.27905 -0.913099 0.122231 0.891925 1.60643 -1.16324 -2.51335 0.428304 -0.368574 0.833168 0.422095 -0.0566531 0.632283 0.618811 
5.63923 0.150668 -0.958901 -0.591115 -0.298676 -0.0988828 -0.326081 -0.149083 0.263888 -0.207903 -0.0734354 -0.0048321 -0.127742 -1.95029 -0.191051 -0.418085 4.25952 0.439939 -3.7089 0.4755 -0.0571921 0.947562 -0.182723 -1.40847 -0.713725 1.67446 -2.34153 0.825539 1.1395 1.20835 -1.04641 -2.03506 0.891183 -0.748793 -0.633642 0.55977 0.427455 0.675718 0.842978 
5.60105 0.162458 -1.00658 -0.440458 -0.333412 -0.17313 -0.349445 -0.129724 0.297013 -0.215455 -0.105849 -0.00758697 -0.0905173 -3.12031 -0.417355 1.19444 4.25814 0.0523842 -4.29742 0.356573 0.314048 -0.343626 0.756578 -0.981272 -0.548923 2.11485 -3.31382 0.668011 2.27929 -0.286736 -0.506083 -0.722754 0.787713 -0.320274 -2.70175 1.26404 0.864872 0.220339 0.872454 
5.55061 0.160791 -0.97523 -0.372689 -0.322616 -0.291165 -0.324775 -0.139365 0.313304 -0.222639 -0.129079 -0.0092991 -0.0472906 -5.63399 -0.0305366 2.26811 4.0954 0.361594 -4.78328 0.650481 0.146278 -1.38876 0.891767 -0.443335 -0.236429 2.39775 -4.34319 0.2863 2.93372 -1.43804 0.431888 0.311914 0.255372 0.38944 -3.59724 1.39518 1.23404 0.0139251 0.567436 
5.42476 0.204219 -0.973644 -0.288191 -0.334097 -0.400513 -0.262578 -0.170062 0.295377 -0.211799 -0.118162 -0.0125136 -0.0146089 -9.2974 0.322837 3.65962 3.21828 0.94663 -4.41572 -0.187429 -0.456154 -2.26136 1.19261 0.0483717 -0.204045 1.92781 -5.79491 -0.194173 3.36527 -2.3385 1.58144 1.20291 -1.38414 0.234306 -2.91673 0.940811 1.14846 -0.0574727 -0.391971 
5.29933 0.196019 -0.864813 -0.243751 -0.350121 -0.463349 -0.228786 -0.203648 0.231905 -0.147936 -0.130246 -0.00702036 0.0612444 -11.8435 0.266699 5.29287 2.00237 2.05354 -3.97106 -0.653565 -0.880509 -2.6768 1.17147 0.53751 -0.199581 1.1857 -6.30742 -0.15965 2.75018 -2.51115 2.66203 1.36309 -2.23934 -0.687167 -0.578311 -0.381097 0.912394 0.00181429 -1.87499 
5.13867 0.133045 -0.665142 -0.238433 -0.344882 -0.465147 -0.322511 -0.0616597 -0.0369363 -0.0212938 -0.0869692 -0.0491396 0.117321 -12.9286 0.0836535 6.10735 1.31692 2.42749 -3.08506 -1.20386 -1.15853 -2.42553 0.781318 0.850804 -0.128174 0.324141 -4.11145 0.0776034 1.01257 -1.54516 2.15356 1.31192 -1.87733 -1.85755 2.64925 -1.85843 0.295996 0.24611 -2.81042 
4.744 0.218741 -0.658545 -0.207349 -0.203347 -0.609425 -0.240312 -0.125566 0.0180483 -0.133973 -0.0521658 -0.00336511 0.125772 -12.8374 -0.0498124 6.18114 1.05312 2.07897 -1.71882 -1.99895 -1.03287 -1.91207 0.468507 0.930652 -0.283214 -0.336901 1.22405 -0.36676 -0.206433 -0.336038 -0.282446 2.09551 -1.37881 -1.1373 3.30148 -1.55032 -0.268977 -0.0943711 -2.35334 
4.26801 0.205542 -0.453073 -0.284929 -0.131625 -0.559581 -0.485154 -0.268368 0.00693818 -0.068429 -0.0534073 -0.0357489 0.0177365 -11.4185 -0.224796 5.64695 0.92796 1.90925 -0.884803 -2.29567 -0.993195 -0.959176 0.184667 0.899298 -0.497723 -0.862466 6.77951 -0.398859 -2.21649 1.20478 -2.44522 1.92228 0.61421 0.638837 2.55903 -0.899451 -0.410161 -0.345521 -0.571014 
4.15297 0.173849 -0.28628 -0.302279 0.00642954 -0.62652 -0.414939 -0.299227 0.0429492 -0.117266 -0.0246439 -0.0274165 -0.032021 -8.99494 -0.205607 4.51995 0.881152 1.52007 -0.312951 -1.77484 -1.27018 0.309662 -0.265288 0.721536 -0.389867 -1.16948 8.61674 -0.247859 -3.27399 1.41314 -3.3541 1.66093 1.41135 1.406 1.08803 0.285654 -0.541668 -0.37061 1.04694 
4.13435 0.167236 -0.308304 -0.174767 -0.111254 -0.576824 -0.468617 -0.269828 0.0910804 -0.174332 -0.0233714 -0.0153386 -0.0532388 -5.30738 -0.542964 2.84057 1.86518 -0.195487 0.492729 -0.554535 -1.67922 1.11704 -0.372994 0.527936 -0.3436 -1.08238 7.56288 -0.375222 -3.12757 1.0481 -2.66583 0.899154 2.42549 0.785878 -0.381657 1.06974 -0.262076 -0.214219 1.58986 
4.09992 0.169036 -0.271235 -0.153588 -0.201595 -0.483443 -0.536246 -0.223292 0.0720176 -0.137164 -0.0287003 -0.0711334 -0.0310144 1.24705 -1.19301 1.03413 2.77687 -3.02688 1.25683 0.528916 -0.450269 0.674519 -0.242231 0.721004 -0.156249 -0.636574 7.69296 -0.577417 -3.32881 1.17132 -2.77979 -0.0153155 3.27715 0.0619528 -0.594632 0.283817 0.287526 0.711851 1.05149 
4.11961 0.162385 -0.278575 -0.131923 -0.137437 -0.546531 -0.48919 -0.256129 0.105265 -0.101369 -0.0081754 -0.0997472 -0.036303 5.82662 -1.2681 -0.63143 3.21252 -5.10277 1.48066 1.51945 1.00182 0.104445 -0.391384 0.871172 0.346372 0.0890959 7.77196 -0.853151 -2.46483 0.91712 -4.10322 0.498141 1.91027 1.00642 -1.32165 -0.31329 0.586632 1.29516 0.401986 
4.17036 0.157041 -0.254599 -0.157766 -0.131656 -0.539229 -0.403653 -0.326114 0.154649 -0.12613 -0.0281987 -0.0377497 -0.0197716 7.52722 -1.25094 -1.06315 2.62158 -6.67668 2.15834 1.49579 1.51069 -0.815448 0.144011 0.819364 0.456295 0.375041 6.2472 -0.559782 -1.13075 0.0424938 -4.3909 0.926449 0.216764 2.47902 -1.97165 -0.33579 0.639833 0.960122 0.0722398 
4.32953 0.0663601 -0.348969 0.077001 -0.392609 -0.436906 -0.306294 -0.356156 0.0834414 -0.0989798 0.00543763 -0.0663228 -0.0173476 8.06163 -1.26555 -0.738752 1.6343 -6.95003 2.35751 1.64691 1.78165 -1.54467 0.420429 0.817202 0.503121 0.420582 1.29715 0.432058 0.928642 -2.28472 -2.00279 1.00508 -1.81039 2.60402 -1.72307 0.140641 0.00695352 0.279588 -0.015716 
5.00462 0.0344914 -0.501363 0.132455 -0.68874 -0.438442 -0.242727 -0.162273 0.0699043 -0.185426 0.0819299 0.00677193 -0.0174172 8.07873 -1.31653 -0.407721 0.950719 -6.79528 2.23378 1.79141 1.82191 -1.76823 0.23827 0.746247 0.581011 0.297953 -5.65106 0.858254 2.94876 -3.57895 2.08269 0.584457 -2.04752 0.237863 -0.94048 0.977596 -0.807732 -0.898262 -0.0802165 
4.97072 0.0464705 -0.433444 0.0673115 -0.762747 -0.386488 -0.34876 -0.0517591 -0.00400524 -0.15559 0.0699254 0.0423488 0.00830132 7.67544 -1.3511 -0.199857 0.431006 -6.01304 1.9424 1.50117 2.4423 -2.16639 0.00130029 0.614108 0.385771 0.186092 -6.33691 0.427545 2.2312 -2.46658 4.84355 -0.984598 -0.236766 -1.53693 0.284146 0.448528 -0.834027 -1.30566 -0.352606 
4.90266 0.0429659 -0.32555 -0.0236958 -0.866756 -0.279593 -0.323366 -0.0906082 -0.083086 -0.0717863 0.0515062 -0.00391715 0.00404674 6.31843 -0.988821 -0.404667 -0.130608 -4.14614 1.3295 0.949202 2.96151 -2.14657 -0.0420938 0.209318 0.185113 -0.0329626 -3.35104 0.0560515 -0.339562 -0.197391 5.51189 -2.26256 0.795772 -1.10213 1.18111 -0.777951 -0.71723 -0.539704 -0.4566 
4.91357 0.0339959 -0.313129 -0.0357833 -0.897966 -0.245552 -0.326995 -0.0670731 -0.102938 -0.0763235 0.0541917 -0.022149 0.00272012 3.95433 -0.33126 -0.710959 -1.03601 -1.37547 0.466265 0.719717 2.77946 -1.27476 -0.431572 -0.420328 0.22239 -0.253664 -0.297226 0.175311 -2.86839 1.40012 4.34775 -2.47335 0.920079 0.17669 1.52594 -1.46296 -0.635655 0.285036 -0.524893 
4.99767 -0.00179576 -0.290655 -0.0526263 -0.869933 -0.293153 -0.239568 -0.103458 -0.0731593 -0.1094 0.0551118 -0.0281635 -0.00411481 1.97471 -0.367186 -1.03675 -1.40355 1.08041 -0.248612 0.86575 2.22103 -0.679445 -0.160624 -1.25412 -0.147099 -0.14838 0.982706 0.532936 -3.50143 0.704957 3.03985 -1.75204 -0.044633 1.40143 1.4074 -0.927558 -1.02902 0.700018 -0.120265 
5.15144 -0.0421993 -0.36337 -0.00759659 -0.789806 -0.380877 -0.206452 0.0249962 -0.13404 -0.153329 0.0660976 -0.0299087 -0.0169225 2.08163 -0.0152747 -2.24922 -1.39941 2.06952 -0.544446 1.37576 1.48192 0.175844 -0.380393 -1.46163 -0.212629 -0.170109 -1.22907 1.03864 -1.99717 -0.984441 1.55425 0.0905779 -0.614856 -0.170152 1.40049 0.38062 -1.27988 0.291643 0.352206 
5.15128 0.012518 -0.480398 -0.00865505 -0.745893 -0.356753 -0.248255 0.102822 -0.122618 -0.153721 -0.00402176 0.01481 -0.033587 1.91708 0.194598 -2.39528 -2.20928 3.11961 -0.135392 0.993938 0.59861 0.677133 -0.296451 -1.71304 0.0199268 0.0491672 -2.00984 0.60732 0.678569 -2.57584 0.474231 1.75265 -0.387735 -2.69247 0.889815 1.35719 -0.716138 -0.441484 0.721447 
5.094 0.0555504 -0.586193 -0.0314814 -0.679288 -0.381022 -0.214322 0.104722 -0.0283213 -0.222378 -0.0341681 0.0254366 -0.0539839 1.44793 0.103877 -1.67862 -3.32346 3.48375 0.865491 0.768459 -0.832357 0.90806 0.208433 -1.98675 0.187427 0.0419805 -1.30543 -0.245552 2.92211 -3.06936 -0.157223 2.88804 -0.350381 -4.28783 0.0770262 1.68486 -0.0134639 -0.430794 0.575727 
5.22206 -0.0298421 -0.556006 -0.158904 -0.568705 -0.432283 -0.194809 0.155891 -0.0541786 -0.115272 -0.128743 -0.0247424 0.0159294 -0.275316 0.709357 -1.79429 -3.28852 2.68234 2.30123 0.589913 -2.45998 1.29785 0.492925 -1.83798 -0.0861483 -0.00148964 -1.84937 0.0831537 2.47529 -1.21245 -1.24345 3.37253 -0.10995 -4.76913 0.0933142 0.591702 0.91432 -0.127864 -0.261455 
5.12297 0.0829022 -0.638939 -0.194278 -0.609255 -0.324447 -0.155402 -0.00362023 -0.00666844 -0.133966 -0.101331 -0.0297256 -0.0074179 -1.94326 1.25733 -1.70179 -3.58025 1.92434 3.28301 0.89111 -4.15039 1.68109 0.805994 -1.51634 -0.474115 -0.207648 -2.18093 0.379749 0.536885 0.80276 -1.5953 2.16641 0.167878 -2.77517 0.0908391 -0.113407 1.04157 -0.199426 -0.844146 
5.12705 0.0445215 -0.491632 -0.398035 -0.481631 -0.184669 -0.223988 -0.138151 -0.0219247 -0.082469 -0.143118 -0.00879989 0.0231853 -3.15968 1.40064 -0.988657 -3.59455 0.800127 3.75821 1.32049 -4.86479 1.34593 0.856357 -0.961677 -0.615722 -0.321136 -3.23074 1.297 -1.7095 2.4622 -2.67006 0.363544 0.941835 -0.253573 0.228897 -0.690955 1.00551 -0.347068 -1.05011 
5.17507 -0.0267334 -0.425365 -0.476689 -0.452828 -0.119875 -0.185451 -0.248101 0.0048559 -0.0637075 -0.178928 0.0199816 -0.0243912 -5.10211 1.73012 -0.0191716 -3.40409 0.0435154 4.15198 1.01422 -4.89172 1.0904 0.785434 -0.699469 -0.458672 -0.476003 -4.26109 1.64193 -1.28572 1.97107 -2.3299 -1.02 0.701314 1.75873 -0.0350003 -0.763586 0.707911 -0.335653 -0.429857 
4.916 0.141104 -0.673927 -0.287548 -0.601721 -0.013784 -0.134704 -0.366057 0.0913711 -0.111114 -0.134274 -0.0615227 -0.0389133 -7.37348 1.58252 0.387123 -2.69508 -0.268798 4.54786 1.23161 -4.1712 0.855069 0.0196578 -0.147983 -0.0751125 -0.64278 -3.46024 -0.226309 1.85746 -0.22681 -0.324727 -1.13323 0.105482 3.06332 -1.07511 -0.438455 0.221705 0.525039 0.371157 
4.82531 0.198245 -0.740179 -0.411104 -0.551849 -0.00982842 -0.0759789 -0.41102 0.101088 -0.0713221 -0.139325 -0.0924459 -0.08145 -9.68772 0.689425 1.21279 -1.67888 1.04753 4.07176 1.15085 -2.49734 0.226559 -0.365346 0.064352 0.358655 -0.279696 -4.00098 -1.92691 3.83717 -0.0159325 2.15284 -0.111568 -0.713921 3.04255 -1.51597 -0.866094 0.293904 1.48417 1.0047 
4.70288 0.197594 -0.606505 -0.487651 -0.664039 0.0440121 -0.0444304 -0.404476 0.0411528 -0.0725672 -0.143409 -0.0447452 -0.0616067 -11.4741 -0.242924 1.07148 -0.37766 1.47858 3.40136 1.57384 -0.425975 0.475946 -0.63288 0.33487 0.623488 -0.190973 -3.42714 -3.4636 2.80802 1.23473 4.23066 0.136806 -0.620253 3.14928 -0.610159 -0.742394 0.306004 1.45117 0.925741 
4.40944 0.235687 -0.456918 -0.555154 -0.595589 0.0997213 -0.135584 -0.437256 0.0905782 -0.082209 -0.18125 -0.0296883 -0.062292 -11.9935 -1.26756 1.23692 -0.169447 2.6296 3.25119 2.02511 0.758909 0.274485 -0.444605 0.563002 1.1728 0.110355 -1.06898 -3.57036 -0.506623 2.50285 3.65391 -0.200038 1.0625 2.67924 0.240281 -0.106916 0.581039 1.03132 0.397552 
4.21336 0.118419 -0.459601 -0.533606 -0.530195 0.244702 -0.0189185 -0.387791 0.031057 -0.152222 -0.115555 0.00253106 -0.0469494 -10.7668 -2.43281 1.8282 -0.49373 4.21676 2.70437 2.06091 1.79907 0.140561 -0.473395 0.605261 1.28914 -0.122706 1.93609 -1.50186 -2.85325 1.91864 1.85226 -1.23006 1.40048 1.55967 1.16582 0.605736 0.375288 -0.213577 -0.52616 
3.8224 0.0545027 -0.360844 -0.423061 -0.223989 0.247217 -0.0689942 -0.336543 -0.0200715 -0.173373 -0.102471 0.0720804 -0.000117008 -9.49245 -2.62304 1.45524 0.561629 4.47535 2.24942 1.83451 1.96459 0.241221 -0.560173 0.220255 0.634042 -0.584164 5.77044 0.548966 -2.82565 -0.151199 -0.861545 -1.64868 1.00902 -0.0610523 0.986879 0.9023 -0.477793 -1.64769 -1.58353 
3.72832 -0.0751545 -0.450131 -0.373629 -0.308442 0.233722 0.0391369 -0.160888 0.148542 -0.135164 -0.115622 0.0602816 -0.0435349 -7.61278 -2.30447 0.668393 1.24764 4.7053 1.53529 1.50273 1.73212 -0.306321 -0.657213 0.0282446 0.0519681 -0.77409 6.27882 2.34149 -0.572025 -0.842612 -1.59739 -1.4128 -0.996023 -1.89556 -1.1678 0.0508606 -1.01665 -2.05557 -1.2844 
3.6913 -0.0897645 -0.510377 -0.437022 -0.212779 0.328598 0.180576 -0.253661 0.0937028 -0.0858823 -0.0775573 0.127746 -0.0376671 -5.28438 -1.88007 0.330266 1.53082 3.69611 0.662982 0.712723 1.22328 -0.57591 -0.389277 -0.425457 -0.558409 -0.559465 4.26489 2.47705 1.32477 0.0245717 -1.98611 -1.45535 -3.32912 -2.08398 -1.78343 -0.606792 -1.51595 -2.05476 -0.161608 
3.70886 -0.0694217 -0.491435 -0.481576 -0.0725305 0.276761 0.129676 -0.181282 0.106018 -0.164453 -0.0628729 0.017664 -0.127007 -3.73056 -1.07506 0.501242 1.05362 2.44027 -0.247932 -0.0828861 0.727996 -0.929447 -0.328424 -1.13273 -1.09026 -0.0568405 1.33255 1.19095 1.61528 0.715127 -2.36341 -0.981141 -2.96232 -1.49618 -2.03077 -0.479508 -1.34232 -0.623605 1.84676 
3.67805 -0.0461346 -0.438311 -0.374313 -0.123485 0.266272 0.0794744 -0.235793 0.0818106 -0.144879 -0.196494 -0.0738972 -0.191607 -2.21196 -0.588646 0.171341 0.288029 1.22332 -0.909062 -0.576027 0.256615 -1.17093 -0.252398 -1.43267 -1.40323 0.0887214 -0.636485 -0.111587 0.459694 -0.229301 -1.5585 -1.16831 -1.56212 -0.113742 -0.765773 0.0689219 -0.38931 0.759826 2.58922 
3.63326 -0.0371706 -0.400062 -0.333896 -0.0734262 0.266548 0.0332689 -0.246519 -0.094776 -0.205625 -0.157485 -0.0200793 -0.108727 -2.41943 -0.580567 -0.0463908 -0.484846 0.787302 -1.58476 -1.38625 0.0168903 -1.28112 0.163653 -0.865865 -0.467031 1.19067 -0.987888 -1.17848 -1.62936 -1.97385 -1.6227 -1.28757 0.441259 0.997717 1.6369 1.27142 0.754169 1.73177 1.97279 
3.60046 -0.0687526 -0.369946 -0.319617 -0.123368 0.228795 -0.0934131 -0.282666 0.000665334 -0.146401 -0.222343 -0.0686896 -0.0392121 -2.83094 -0.997404 -0.288611 -0.914338 -0.417652 -2.13504 -1.93329 0.51552 -0.711708 0.0372936 -0.65391 -0.0284573 1.81646 -0.818429 -1.19655 -2.47258 -2.90644 -0.945051 -0.878963 1.43851 1.15457 1.84437 0.981734 1.84757 2.21903 0.754685 
3.49801 -0.0878038 -0.370515 -0.383327 -0.135423 0.195704 0.00688349 -0.207851 -0.0922254 -0.204578 -0.258168 -0.073865 0.0392428 -3.23251 -1.33931 -0.965701 -2.02467 -1.35205 -2.15609 -1.81348 0.345655 -0.618964 -0.0238796 -0.300857 0.736141 2.0924 -0.271568 -0.743038 -1.9432 -2.51916 -0.903905 -0.425514 0.166272 0.470944 1.59064 0.0861427 1.8155 1.50345 -0.677146 
3.50645 -0.101741 -0.470779 -0.439403 -0.0924045 0.10092 -0.0277146 -0.206355 -0.0355113 -0.14386 -0.257683 -0.0704629 -0.0438174 -2.86679 -1.51377 -1.76802 -3.41195 -1.92889 -2.09416 -0.930741 1.12108 -0.0558272 -0.0107243 0.350406 0.94637 1.60622 0.251534 -0.0811931 -0.570307 -1.51811 -1.65392 0.671059 0.0996821 0.133039 0.263326 -0.900376 0.800698 0.244463 -1.22964 
3.38691 -0.196469 -0.568978 -0.555854 -0.170481 0.058189 -0.0465896 -0.167142 0.0445799 -0.0303243 -0.0928837 0.136643 0.137521 -2.9668 -1.80997 -2.05413 -3.25069 -1.92369 -2.37024 -0.627873 1.75325 0.975418 -0.209771 -0.0332605 0.578856 0.96727 0.756367 0.424007 0.655236 0.312323 -0.682687 0.781104 0.275614 0.42482 -0.430411 -1.78907 -1.07948 -1.6788 -1.89581 
3.34463 -0.203369 -0.515525 -0.564995 -0.24377 0.0591541 -0.110356 -0.159772 0.0198778 -0.177927 -0.162761 0.0431266 0.107166 -2.89165 -1.8254 -2.0469 -2.95636 -1.79769 -2.27303 -0.549771 2.01872 1.09041 -0.120536 0.181408 0.248661 0.713547 0.660179 0.225485 0.703195 1.49919 0.468849 0.187183 0.588721 0.899892 0.446455 -0.190449 -1.45252 -2.08194 -1.11874 
3.29747 -0.198427 -0.565283 -0.703805 -0.279544 0.0292255 -0.157815 -0.21065 -0.062907 -0.233923 -0.186852 0.0360134 0.0500402 -2.75786 -1.73364 -1.41467 -2.22425 -1.77599 -1.63742 -0.392771 1.85552 1.204 -0.150436 0.259031 -0.055267 0.233042 0.0608501 -0.102869 0.971552 2.54371 1.35578 0.143621 1.13481 1.08606 0.921529 0.885598 -0.660468 -1.32375 -0.0776161 
3.36888 -0.209159 -0.633995 -0.784047 -0.382155 0.0399235 0.011942 -0.0540481 0.000144527 -0.154137 -0.157979 0.0120906 -0.0068848 -2.66787 -1.49517 -0.594319 -1.45295 -1.59958 -0.944955 0.181208 1.79248 0.796734 -0.437561 0.0888572 -0.44664 0.0685872 -0.540823 -0.0911026 1.24347 2.43538 1.62457 0.507081 0.288877 -0.387686 0.401447 0.976091 0.434786 -0.000517549 0.506693 
3.20597 -0.303639 -0.606988 -0.606608 -0.250358 -0.0906773 -0.099706 0.0100834 0.120963 -0.229076 -0.273462 -0.0192869 0.0657007 -2.16965 -1.10347 -0.0848808 -0.668015 -1.00515 -0.53719 0.59799 1.53781 0.523746 -0.445613 -0.183393 -0.887745 -0.508937 0.125465 0.514913 1.14879 0.646672 0.308271 1.65176 0.655247 -1.4548 -0.991353 0.628323 1.54161 1.08981 0.241484 
3.18772 -0.309027 -0.623632 -0.681935 -0.314449 -0.086937 -0.142936 -0.00671384 0.12242 -0.102123 -0.191881 -0.0635772 0.122735 -1.89468 -0.976443 0.0237074 -0.227387 -0.555145 -0.248641 0.901592 1.2816 0.558635 0.150214 0.264338 -0.356661 -0.260599 0.896179 0.934899 0.902433 -0.000205994 -0.0212498 1.65793 0.722888 -1.55266 -1.59469 -0.764312 0.687885 1.00596 -0.683157 
3.132 -0.310716 -0.560922 -0.677348 -0.338353 0.00648219 -0.00890994 -0.00874545 0.0570677 -0.180061 -0.153668 -0.007122 0.0370116 -1.57622 -0.769667 0.391506 0.289027 -0.30372 0.0964409 0.848684 0.903838 0.457526 0.157765 0.423467 -0.149394 -0.0635265 1.46052 0.855701 -0.104963 -0.443532 0.0524075 0.501256 -0.0669073 -0.978128 -0.905107 -0.472519 -0.116919 0.463048 -0.437677 
