2.52318 -0.509775 -0.285404 -0.348025 -0.188668 -0.0770579 -0.0173932 -0.0814822 -0.213115 -0.252412 -0.0557301 0.072827 0.0584923 0.55915 -0.281454 -0.260171 0.254552 0.0411671 -1.0302 -1.80661 0.299107 1.79125 1.19252 -0.175796 -0.292757 0.379824 0.0524759 -0.281508 0.23634 0.686139 0.315424 -0.405871 -0.779115 0.179804 0.705989 0.584315 -0.0957037 -0.511884 -0.0636074 
2.60426 -0.519422 -0.379581 -0.411955 -0.222234 -0.192659 -0.231154 -0.0521855 -0.00511761 -0.128945 -0.0786254 0.110241 0.16245 0.680998 -0.326133 -0.261414 0.435058 -0.12013 -0.975955 -1.42967 0.50954 1.58296 0.935858 -0.0108951 -0.271224 0.33264 -0.791704 -0.351139 0.973804 1.37805 0.538753 0.789156 1.60556 0.455136 -1.29306 -0.729925 0.212007 -1.01737 -0.881967 
2.65543 -0.490736 -0.337787 -0.405951 -0.256361 -0.203792 -0.186156 -0.111645 -0.0377924 -0.158289 -0.0518682 0.12049 0.0737165 0.913671 -0.488162 -0.154382 0.788797 -0.770342 -1.03512 -1.46497 0.527786 1.44454 0.755659 0.410782 -0.339207 0.277873 -0.737807 -0.477839 0.738572 1.2669 -0.259931 0.992671 1.9776 0.744497 -1.6646 -1.16327 0.635245 -0.887001 -0.597751 
2.55412 -0.539026 -0.312164 -0.294013 -0.149937 -0.157468 -0.227468 -0.0844636 -0.0830708 -0.149157 -0.0862526 0.0884335 0.150073 1.39718 -0.944899 -0.465862 1.39873 -1.19522 -1.04831 -1.39425 1.46264 1.2458 0.00700482 0.72393 -0.298636 0.184356 0.835789 -0.497626 -0.331002 0.554831 -1.73231 0.262367 1.22656 1.21715 -0.960015 -1.61927 1.10553 0.0828264 -0.420724 
2.55338 -0.565308 -0.28064 -0.279951 -0.165186 -0.182033 -0.173667 0.00328763 -0.00249538 -0.109652 -0.0729944 -0.0452524 0.0511617 1.84767 -1.03904 -0.563961 1.70047 -1.79192 -1.1572 -0.958026 1.93532 1.0477 -0.0948931 1.58842 -0.162466 -0.31182 2.0224 -0.346673 -1.24658 0.099476 -2.32042 -0.613552 -0.331078 1.08687 -0.0817148 -1.06547 1.57792 1.39309 0.0668572 
2.62226 -0.539793 -0.327854 -0.302841 -0.238754 -0.170427 -0.110376 -0.00864326 -0.0841935 -0.200676 -0.03121 0.0738615 0.0975541 2.12508 -1.11205 -0.175908 2.57498 -2.0523 -0.501363 -0.0334521 1.59628 0.119221 -0.857078 2.07665 -0.116314 -0.691958 2.00791 -0.291291 -0.817049 0.635239 -1.41054 -0.646982 -1.03052 0.368043 0.638615 -0.112939 1.32202 1.03688 -0.170691 
2.67473 -0.576635 -0.311398 -0.248237 -0.373504 -0.222122 -0.236684 -0.0384804 -0.0344929 -0.168626 0.0391141 0.0517408 0.105424 3.14916 -0.936332 -0.216183 2.91924 -2.62789 -0.974165 -0.243985 1.82383 0.115869 -0.424924 2.37741 0.205689 -0.408126 1.47429 0.368338 0.356635 1.1437 0.0630473 -0.153777 0.244009 -0.390504 -0.270846 0.536638 0.632707 0.529571 -0.479499 
2.77533 -0.667026 -0.422524 -0.159241 -0.363379 -0.246893 -0.265 0.201423 -0.00491771 -0.289794 0.0356931 0.0736079 0.107469 4.8124 -0.14224 0.378337 3.22229 -3.1593 -0.865249 0.153866 1.41064 0.29477 0.119098 2.10423 0.126082 -0.451622 1.22817 1.4901 2.11384 1.3174 0.675522 0.627496 1.27077 -1.8211 -0.716628 1.78623 -0.609549 -0.617106 -0.0554838 
2.83011 -0.61569 -0.403459 -0.189094 -0.450014 -0.313278 -0.235524 0.156605 0.0472902 -0.13745 0.196384 0.097703 0.0190486 7.94253 1.70209 1.73534 4.14376 -2.97365 -0.889726 -0.0412509 0.567788 -0.225272 0.316502 1.35271 -0.569266 -0.99556 4.00785 3.11357 3.24491 1.5309 0.636775 0.695161 1.17491 -1.85549 -0.973321 1.20463 -2.33671 -1.97831 -0.285233 
2.86357 -0.636886 -0.311435 -0.00616627 -0.43127 -0.18115 -0.167971 0.013195 -0.0702014 -0.273781 0.165349 0.0814174 0.0381974 12.8399 3.28222 2.2662 4.97338 -2.90835 -1.01521 -0.0411851 0.602221 -0.196158 0.559019 0.586794 -1.63802 -1.41384 9.2099 4.4364 2.2546 0.976787 -0.244085 -0.294852 0.0401635 -0.530594 -0.356335 0.651951 -2.57621 -2.24633 -0.578246 
3.034 -0.594425 -0.307303 0.0266446 -0.528763 -0.344832 -0.222191 0.141893 -0.063189 -0.134873 0.202369 0.10576 0.0691691 17.0439 4.55456 1.89289 4.78031 -2.76793 -0.901914 0.173006 0.369856 -0.758015 0.097413 -0.186429 -1.54792 -1.54886 12.0157 3.81077 -0.00937474 0.371084 -0.428123 -0.272657 -0.948593 0.0955632 -0.0946336 -1.20174 -2.0173 -1.57164 -0.995779 
3.23725 -0.494438 -0.182777 0.118489 -0.551693 -0.22353 -0.124101 0.104552 0.0087001 -0.0717077 0.0956857 -0.00857422 0.0749338 20.4181 5.11747 1.28951 4.23542 -3.14713 -0.472478 -0.32209 -0.217966 -1.02409 0.108536 -0.799567 -1.51704 -1.32555 10.4319 1.15461 -3.30665 -1.03315 -0.520773 -0.313636 -1.69782 0.957451 -0.412591 -2.21228 -0.505079 0.658679 -0.464116 
3.87607 -0.172442 0.0145668 0.264283 -0.579291 -0.319718 -0.20519 0.0172083 -0.0978144 -0.148132 0.0559707 -0.154704 -0.145318 22.8158 4.83406 0.0504057 2.794 -2.75979 -0.300426 -0.918707 0.31292 -0.439142 -0.65617 -1.52862 -1.27478 -1.12117 3.18457 -2.57909 -5.19523 -3.50309 -0.110599 0.630753 -1.18622 0.821794 0.53623 -1.38906 0.576731 2.66359 1.09037 
4.64931 -0.113994 -0.149688 0.363313 -0.697656 -0.354825 -0.218076 0.152259 -0.0649308 -0.185979 0.0713533 -0.141733 -0.0641114 23.3229 4.47679 -1.22709 -0.114912 -1.7781 -0.668683 -0.91594 0.277851 0.928559 -0.58831 -1.66 -0.958266 -0.852067 -5.24437 -4.04319 -3.57489 -5.73422 1.80183 1.02774 -0.125607 -0.552371 1.67748 -0.348855 0.190253 2.41762 1.59526 
4.91384 -0.110005 -0.283979 0.297072 -0.720035 -0.352836 -0.25476 0.137716 -0.12616 -0.267312 0.0533839 -0.025031 -0.0801054 22.2151 3.36267 -2.23567 -2.9215 -0.425108 0.44114 -0.564972 -0.852833 2.01187 -1.16139 -1.75568 -0.84725 -0.295396 -8.24391 -3.20608 -0.908548 -6.86812 3.21273 0.96092 1.0261 -1.48193 3.49311 1.09933 -0.240809 0.296418 1.64125 
5.21367 -0.133865 -0.351098 0.29084 -0.80182 -0.254784 -0.310293 0.122738 -0.12483 -0.20585 0.0266488 -0.0369106 -0.0447773 18.9094 2.3316 -3.62822 -4.98553 -0.218912 1.82856 -0.797915 -1.10403 2.39537 -0.422138 -1.91954 -0.391419 0.476632 -8.13299 -0.921322 0.782636 -5.54851 3.08819 2.01831 1.58605 -2.16821 3.17614 1.54461 -0.985814 -1.42956 1.04285 
5.47857 -0.12176 -0.381045 0.09023 -0.729922 -0.296333 -0.318681 0.14284 0.0283697 -0.257654 -0.00117114 -0.0335615 -0.0896136 13.9392 1.20771 -4.19259 -6.17086 -0.447455 4.0111 -0.369231 -1.84635 2.69633 0.694795 -1.91259 -0.3126 1.29301 -6.27087 0.763249 0.772136 -1.46031 0.214584 3.71991 0.822323 -2.20437 0.238056 1.92113 -0.688604 -1.81248 0.54531 
5.61321 -0.068083 -0.404104 -0.176956 -0.564676 -0.360788 -0.2191 0.0427278 0.167121 -0.231907 -0.0618301 -0.0719078 -0.0121798 8.90568 1.42716 -3.23136 -6.43689 -0.351289 5.31068 -0.0591279 -3.15434 2.27296 1.62213 -1.99856 -0.638986 0.931167 -5.71311 0.861972 -0.0443881 2.82246 -3.0478 4.73687 -0.286049 -1.18071 -2.67561 1.99254 0.115762 -0.526728 -0.0292793 
5.86347 -0.0938957 -0.452066 -0.377003 -0.523945 -0.168306 -0.212385 -0.0803824 0.272845 -0.245342 -0.0786657 -0.145329 0.0279696 5.26824 1.7859 -2.15058 -5.78563 -0.48141 5.68529 0.526486 -3.98964 1.77528 2.37534 -1.67359 -0.791277 0.553744 -7.37099 0.759085 0.680258 4.76475 -3.50682 2.43375 -0.317034 -0.800966 -4.1461 1.64317 0.894027 1.09299 -1.14389 
5.85091 0.00953554 -0.588383 -0.325083 -0.711948 0.108907 -0.301691 -0.0447772 0.174891 -0.0837856 -0.20299 -0.146241 0.0405375 1.29598 2.15144 -1.33843 -4.69025 -0.674702 5.72767 0.502153 -4.39395 0.848735 2.62142 -1.23712 -0.263747 -0.183248 -7.48282 0.171555 2.33641 3.60744 -0.974793 -1.43329 0.254519 -0.879214 -2.646 0.366909 1.7197 1.72827 -1.94782 
5.88497 0.0123387 -0.607263 -0.308148 -0.837766 0.269495 -0.278772 -0.16755 0.123912 -0.0555494 -0.128273 -0.160576 0.0372621 -2.32471 2.00115 -0.314602 -3.04167 -0.721659 5.0861 0.389596 -4.57236 -0.0747219 2.60138 -0.429109 -0.0911113 -0.704808 -6.86026 -0.196001 3.19842 1.20143 2.39359 -4.73026 0.495874 -0.232356 -0.13757 -0.964961 1.57422 1.37098 -2.02876 
5.73253 0.0723721 -0.578668 -0.367225 -0.79361 0.292243 -0.245724 -0.267814 0.104777 -0.00337956 -0.15785 -0.117214 0.00860148 -5.81872 1.40011 1.04895 -1.17689 -0.388954 3.35169 0.214021 -3.95894 -0.818904 2.00529 0.502422 -0.320342 -1.18422 -5.35792 -1.04618 3.04248 0.454183 3.64788 -5.53031 0.261995 0.756166 1.1114 -1.86096 1.53161 -0.373001 -0.87243 
5.57912 0.0953379 -0.491768 -0.419567 -0.755805 0.257878 -0.170872 -0.389709 0.0957403 0.0365886 -0.1278 -0.0805324 -0.0583207 -9.21134 0.215119 2.82654 0.256443 1.35496 -0.0545546 0.74322 -3.24331 -2.12405 2.15558 0.476066 -0.594927 -1.00847 -3.96229 -2.39185 2.41929 1.56337 3.44443 -5.02042 -0.112573 2.02201 -0.218138 -1.27755 0.476242 -2.02542 0.847692 
5.39721 0.144386 -0.476583 -0.421455 -0.758161 0.325509 -0.265703 -0.399276 0.105231 0.0671098 -0.127248 -0.0411542 -0.126773 -11.2833 -1.12263 4.59477 1.26803 2.71799 -3.33117 1.29317 -2.49644 -2.54751 1.57097 0.515127 -0.943491 -0.842298 -3.22748 -3.1892 2.24047 3.27629 1.9542 -4.97288 0.546482 2.62985 -2.4161 -0.101791 -0.756879 -2.35673 1.92366 
5.23116 0.108851 -0.387914 -0.454997 -0.628878 0.201542 -0.221078 -0.458324 0.162188 0.007361 -0.0461031 -0.119059 -0.128742 -13.1866 -1.22162 4.70573 2.98618 2.73183 -5.53593 1.7713 -0.971478 -3.23284 1.05983 0.510202 -1.43429 -0.0952077 -2.64693 -2.08204 1.13399 4.32381 -0.430944 -4.17868 1.3572 2.62432 -3.6012 0.459516 -1.15593 -1.21952 2.11846 
4.93608 0.0417098 -0.274754 -0.336642 -0.580599 0.094352 -0.204044 -0.430761 0.0872609 -0.0185939 0.00136388 -0.244249 -0.0831517 -13.1891 -1.34864 4.14734 4.34248 2.05378 -6.33643 1.9076 0.0758618 -3.63847 0.806276 0.558952 -1.95883 0.666937 -0.724049 0.405606 -0.991038 3.20628 -2.2791 -2.14952 1.39162 1.88302 -2.18083 0.334273 -0.920492 0.46095 1.34321 
4.6575 -0.130506 -0.11585 -0.217241 -0.397023 -0.145369 -0.123668 -0.42347 -0.211698 0.195582 -0.16165 -0.260327 -0.0145353 -12.0084 -1.54673 3.75576 4.23747 2.07062 -6.17354 1.53869 0.683533 -3.80911 0.85464 0.179637 -1.8418 0.934451 2.53992 2.4839 -2.78963 0.156841 -2.93851 1.46217 -0.0217416 0.784093 1.1448 -0.876615 0.451803 1.3488 -0.0652082 
4.43592 -0.152036 0.013829 -0.08269 -0.501246 -0.299709 -0.103014 -0.37832 -0.218134 0.135523 -0.149207 -0.23415 -0.067707 -9.88073 -1.43754 3.10335 3.2446 1.86205 -5.70145 1.83124 0.847042 -3.72519 0.798232 -0.0319894 -1.14328 0.856975 5.75761 2.35256 -3.34852 -3.54643 -0.972637 4.13256 -1.2449 -0.306178 2.73516 -0.795518 0.668286 1.60466 -0.86252 
4.13688 0.0138304 -0.113619 0.10263 -0.597862 -0.41111 0.018004 -0.302789 -0.283904 0.0471611 -0.0224328 -0.290776 0.0378936 -8.99675 -0.44156 2.00547 2.48895 1.1746 -4.44941 1.46782 1.80681 -3.25893 0.456364 -0.386837 -0.0746272 1.04107 6.03914 0.632955 -1.61369 -5.51483 1.28985 4.31278 -1.78653 -0.298043 2.81139 -0.486537 -0.256333 1.74571 -1.03074 
4.14101 0.00439294 -0.138665 0.0979252 -0.585044 -0.390787 -0.0161787 -0.333231 -0.264953 0.108998 -0.0572707 -0.317424 0.0450906 -8.44887 0.044367 1.45159 0.875876 1.3251 -2.86024 0.264506 2.57333 -1.45628 0.370386 -0.153743 0.433948 0.820378 1.75276 -0.509203 0.269843 -4.29136 2.02794 2.78674 -1.85043 1.28812 1.98892 -0.123569 -0.562 1.2714 -0.358762 
4.19135 -0.0904033 -0.0155594 -0.0920361 -0.403335 -0.343445 -0.118141 -0.359237 -0.279506 0.160403 -0.109566 -0.250447 -0.0407842 -8.90801 -0.289247 0.743655 -0.735742 1.74879 -0.573195 -0.364485 2.99933 0.41078 -0.710745 0.448915 1.17957 0.756103 -3.96745 -1.16127 0.514727 -1.30075 1.23319 1.49987 -0.92326 2.4468 1.58924 -0.48161 -0.175762 0.889428 0.787675 
4.23457 -0.0829831 -0.0486146 -0.179778 -0.409375 -0.382107 -0.0144467 -0.340766 -0.300638 0.125195 -0.0931354 -0.184235 -0.0557254 -10.294 -1.91448 -0.404396 -2.20825 2.54186 0.823349 -0.174111 3.41428 1.51964 -0.729881 0.0476919 1.71104 1.18376 -7.72475 -2.25156 -0.699618 0.438337 0.180348 1.5479 -0.196643 2.33102 2.44693 -1.08679 0.416191 0.463352 1.27033 
3.8149 0.0328219 -0.068173 -0.0581628 -0.43954 -0.431659 -0.0207943 -0.117505 -0.316011 0.0378306 -0.120964 -0.166849 0.0958823 -11.2669 -3.65883 -1.94753 -3.66646 2.81201 1.7427 0.0130975 3.70399 2.37745 -1.76252 -1.42343 1.85187 1.62633 -5.48579 -3.65663 -3.58395 -0.698686 -0.14083 2.0581 1.1967 0.264357 2.39729 -1.74003 -0.533712 -0.00818427 1.14515 
3.54286 -0.0781623 0.059092 -0.139771 -0.312004 -0.381708 -0.22532 -0.0215651 -0.158421 0.169169 -0.073839 -0.240911 0.0528081 -12.9473 -4.14531 -3.09304 -4.17703 1.90417 2.32447 0.981933 4.00216 2.86501 -2.51285 -1.58704 1.28276 1.72007 -0.890463 -3.156 -5.09268 -2.14534 -1.23426 1.90998 2.82885 -1.44059 1.06178 -2.14272 -2.02112 -0.450454 0.524261 
3.23788 -0.245875 -0.00911946 -0.208543 -0.224834 -0.219063 -0.104094 -0.031962 -0.128813 -0.00672333 -0.0477157 -0.0556245 0.0803136 -11.8271 -4.43984 -3.20182 -2.84814 1.35467 1.91725 0.147372 2.48119 2.81002 -1.91088 -1.26037 0.766563 1.56928 4.94128 -0.805579 -2.58162 -1.15022 -1.61583 -0.273921 0.708163 -3.00134 -0.677565 0.040297 -1.80556 -1.61626 -0.74727 
2.92984 -0.425407 -0.25137 -0.290993 -0.273021 -0.220393 0.0252653 0.0558654 0.00131663 -0.00597668 -0.107188 -0.04191 0.158392 -3.0328 -4.17331 -2.4665 -1.65514 1.72022 1.45105 -0.874428 1.63891 3.34843 -0.662697 -0.739427 0.522101 0.427248 15.1058 2.5955 2.32835 2.2844 -0.815369 -2.27298 -2.31528 -3.18995 -1.44737 2.57691 0.65072 -1.59764 -2.41813 
2.87819 -0.501996 -0.546119 -0.474044 -0.242469 -0.16552 0.03589 0.0879492 -0.000144687 -0.234668 -0.376601 -0.117686 0.271819 6.28028 -2.79955 -2.37249 -0.29474 1.48522 1.62266 -0.553949 0.778691 2.00554 -1.04287 0.36937 1.06547 -0.746991 21.8882 5.00723 5.85864 6.19441 0.205429 -2.50057 -3.60088 -1.78107 -2.01601 3.60594 4.24277 0.188728 -3.37882 
2.68567 -0.482355 -0.427392 -0.566622 -0.351504 -0.07712 0.11475 0.112217 0.0440023 -0.146187 -0.265039 -0.195272 0.13749 13.2445 -0.965969 -2.70012 2.16522 -0.0805601 0.941148 -0.908991 -0.077559 0.114558 -1.47153 2.07108 2.41238 -1.19406 22.6376 4.65774 3.78419 7.27905 0.282317 -1.49164 -3.10112 -0.617551 -2.64966 1.28646 5.53887 3.05374 -2.37417 
3.01787 -0.546615 -0.215342 -0.268192 -0.216353 -0.266272 -0.269184 -0.200764 -0.0333477 0.0662565 -0.159574 -0.12486 0.0922608 19.3443 1.50304 -1.08457 4.38977 -1.92555 -0.710282 -2.46725 -0.259971 -1.03398 -0.700286 3.27987 1.64793 -1.55986 13.2627 4.02393 -0.386036 4.58794 -2.77336 -0.141683 0.413934 1.47101 -2.88613 -2.47548 3.98745 3.09395 -0.146122 
4.59266 -0.425607 -0.17737 -0.15624 -0.122552 -0.309065 -0.251792 0.034535 0.191094 0.152866 -0.0712135 -0.0925053 -0.0364143 23.1057 2.96354 0.852305 6.29372 -3.94507 -1.75457 -3.437 -0.617123 -1.89607 -0.604032 4.33524 1.51477 -1.86243 -3.69471 1.91606 -1.93848 1.51156 -6.26015 -0.794722 0.978295 0.574637 -2.87488 -3.32351 0.833197 0.445516 1.97478 
4.76867 -0.241874 -0.336833 -0.020765 -0.194945 -0.0926894 -0.0792534 0.105405 -0.135166 -0.212098 0.0648009 0.0611715 -0.0246968 22.7219 3.37462 1.74929 7.67556 -5.48827 -2.84883 -3.52449 -0.253364 -2.34419 -0.446 4.76678 1.43785 -1.66805 -11.846 -0.45303 0.175932 -0.821132 -6.27965 -2.85817 -0.449951 -0.243438 -0.275983 -0.510709 -2.45162 -3.10539 2.19828 
4.83958 -0.3114 -0.489848 0.141859 -0.436324 -0.171677 -0.256401 -0.061137 -0.211604 -0.199335 0.287299 0.301679 -0.0246571 19.3328 3.05372 1.08321 7.60941 -6.0409 -3.31144 -3.24545 0.363626 -2.5876 -1.4278 3.46864 0.964407 -0.87358 -13.1807 -1.5827 2.87521 -1.69274 -2.45411 -2.74038 -0.377874 0.319906 1.54027 1.54887 -4.10394 -4.86504 0.991412 
5.21966 -0.0998678 -0.268551 0.235024 -0.664745 -0.4116 -0.360449 0.0014896 -0.196878 -0.122825 0.20723 -0.0164549 0.0193684 12.5048 2.37213 0.793266 6.16015 -6.54673 -2.80274 -2.23957 1.03027 -2.29421 -1.90349 2.10614 -0.124412 -0.459034 -10.8764 -3.05508 1.89186 -1.53959 2.8174 -0.382102 -0.0577833 0.289335 1.82644 1.57133 -3.46292 -2.15908 -0.163911 
5.43551 -0.147781 -0.184869 0.334538 -0.905524 -0.470593 -0.398638 -0.0234357 -0.171893 -0.144705 0.206487 -0.0341241 -0.00756488 4.52667 1.22648 1.15776 5.05193 -5.40388 -3.26293 -2.26978 -0.0303468 -1.561 -1.67562 0.781899 -0.753988 -0.0741186 -7.54169 -2.25712 -0.470241 -2.17071 6.47142 1.80267 1.48965 0.762306 1.92214 0.127311 -2.12069 0.353108 -0.584032 
5.33365 -0.161196 -0.185964 0.442844 -0.896382 -0.544307 -0.413408 0.0491394 -0.24183 -0.164689 0.188421 -0.0318336 -0.00289502 1.30667 0.753823 1.29173 3.60717 -3.06446 -2.72293 -2.27254 -0.039511 0.30545 -0.559698 -0.803472 -1.06751 -0.214436 -6.95923 -0.662656 -2.2976 -2.77841 6.34161 3.52311 1.84266 -0.450688 1.47171 -1.02003 -1.00856 2.1318 -0.294895 
5.24787 -0.182405 -0.191944 0.493117 -0.842771 -0.535964 -0.444723 0.0706609 -0.249614 -0.203462 0.166666 -0.0337239 -0.0349791 -4.07841 0.989165 0.873259 1.33379 -0.0517396 -1.20195 -0.919459 -0.300471 1.37507 -0.404885 -2.13337 -1.44521 0.196396 -7.34849 0.856297 -2.31301 -3.70232 4.48374 2.82385 1.35637 -1.92866 2.16207 0.161648 -0.835485 1.59833 0.66229 
5.22118 -0.217226 -0.157775 0.504855 -0.844853 -0.496245 -0.481742 0.0484167 -0.232967 -0.179733 0.146945 -0.0695962 -0.038748 -13.3328 0.185371 1.12364 -1.18041 3.47686 1.19461 1.09061 -1.39384 1.6965 0.318978 -2.10476 -0.130273 -0.17026 -11.9255 1.55486 0.268745 -4.80769 3.85462 2.53408 2.449 -2.21207 1.88281 1.74122 -1.12647 0.0866287 0.707197 
5.1523 -0.186637 -0.191822 0.484943 -0.724958 -0.606812 -0.40997 -0.00812159 -0.0955636 -0.277784 0.127672 -0.0113803 -0.0336787 -18.9942 -0.665037 1.10238 -3.20775 5.46528 2.92369 2.52194 -2.7135 1.62665 0.909529 -2.10351 -0.0545937 -0.231905 -15.3443 -0.73041 1.97072 -4.76425 2.89569 3.47223 3.25824 -2.51653 -0.0451714 2.70155 -0.438337 -0.528457 0.0472234 
4.90695 -0.0796549 -0.291039 0.449155 -0.67022 -0.388405 -0.460043 0.00877834 -0.10836 -0.250042 0.0237506 0.0555595 -0.0356279 -19.3868 -1.43407 0.390747 -5.83623 5.71976 3.20145 2.55309 -2.6435 1.63616 0.864968 -2.06385 -0.37398 -0.1125 -9.99521 -3.30717 1.67106 -4.41827 1.69149 1.60403 2.49132 -1.10071 -1.57117 1.51557 0.738206 -1.014 -0.470257 
4.22424 -0.045833 -0.258239 0.224003 -0.548318 -0.433465 -0.38882 -0.149198 0.0253943 -0.134842 -0.0586584 -0.115566 0.0877092 -15.9222 -2.10759 -0.150635 -7.96057 5.89912 3.73805 2.27154 -2.22771 1.5745 1.23754 -1.8379 -0.475932 0.0771611 6.43513 -4.09893 -0.738148 -3.05707 -0.436513 0.456189 -0.442359 1.46345 -2.12501 -0.554128 1.51781 -0.173028 -0.895731 
3.03217 -0.169698 0.119893 0.0217094 -0.205969 -0.201032 -0.0805296 -0.212772 -0.0259674 0.01078 -0.0280178 -0.0372242 -0.0786108 -12.6835 -2.14945 -0.778224 -9.07414 4.74014 3.83489 2.09865 -1.91115 0.992664 1.21351 -1.46935 -0.170304 0.367827 22.4681 -1.57083 -4.30442 -1.34431 -4.0328 -1.65617 -3.80661 2.92433 -1.11056 -2.17421 1.19829 0.280599 0.602571 
3.00345 -0.410342 -0.0722032 -0.00306582 -0.247899 -0.0753354 -0.0511884 -0.385539 -0.0957831 -0.0656568 -0.0136012 -0.0340974 -0.0708786 -8.23476 -1.62244 -1.18713 -8.85268 1.83105 4.61903 2.02209 -1.89125 0.0766005 1.7988 -0.711149 -0.0673178 0.54799 23.1333 2.95724 -3.70868 0.445333 -6.042 -1.49974 -3.41672 2.57393 0.0176918 -1.06538 0.813861 1.00367 1.37442 
3.49679 -0.407727 -0.300313 -0.33727 -0.276198 -0.280358 -0.27618 -0.103723 -0.0819012 -0.182793 -0.0582765 -0.115188 -0.0145109 -2.1634 -0.189085 -0.248397 -7.34237 -0.864054 3.88197 2.28925 -1.64926 -0.484653 1.89772 -0.233084 0.279273 0.344454 11.2471 5.96487 0.600156 3.89354 -6.74609 0.78307 0.215884 -0.547604 -0.250169 1.47743 0.429443 1.48151 0.818851 
4.10372 -0.432065 -0.285242 -0.514567 -0.149076 -0.0759498 -0.305278 -0.128065 0.010225 -0.0630517 -0.0553138 -0.0839587 -0.00452101 5.91749 2.26748 -0.684087 -5.02117 -4.14644 3.6911 1.9356 -1.54042 -0.713697 1.43746 0.529566 0.67374 0.0702332 -0.671062 6.80444 3.5793 5.98502 -6.63479 0.508101 3.14458 -2.63975 -0.650835 1.91942 0.739089 0.543615 -0.281639 
3.84702 -0.315354 -0.324138 -0.564068 -0.363846 -0.079225 -0.211938 -0.224078 -0.0470772 -0.088324 -0.0534036 0.00726827 0.060429 11.6955 4.54374 -1.42514 -3.24134 -7.15365 3.16436 1.35043 -2.05886 -0.0546761 1.30865 1.13322 0.553316 0.556691 -1.9619 4.53308 3.7761 5.65214 -4.10189 0.456962 2.98446 -2.55679 -0.149232 1.06986 1.42353 -0.271833 -1.52022 
3.83266 -0.16285 -0.345228 -0.509281 -0.67904 0.157133 -0.0833835 -0.344121 -0.100807 0.0631246 0.0136424 0.011696 0.0613664 11.4858 5.93047 -0.497714 -1.85385 -7.84997 2.71243 2.02533 -2.34194 0.298458 1.78641 1.77052 0.68911 0.438078 2.72209 0.8635 0.363109 3.01605 -0.815929 -1.70844 0.14874 -0.916169 0.958479 -1.18377 1.51884 -0.821002 -0.921465 
3.97729 0.0390952 -0.0126213 -0.41571 -0.733959 0.0783902 0.012419 -0.316059 -0.150819 0.124814 -0.0656248 0.0201504 -0.0158665 8.94811 5.89053 0.159614 -0.00855401 -7.7469 2.43788 2.94049 -3.36963 0.193083 1.89636 2.13468 0.880426 0.285097 3.55936 -2.33717 -3.17376 -0.364562 2.05294 -2.50646 -2.01595 0.707528 1.58812 -1.94517 1.32722 -0.626018 0.46406 
4.49261 0.217603 -0.187406 -0.393418 -0.951451 0.113226 0.0254046 -0.447457 -0.065585 0.0509901 0.0870984 -0.0436725 -0.0266482 5.54079 5.20436 0.524058 0.686481 -6.43909 0.786878 2.8097 -2.79075 0.117422 1.21356 1.89073 0.543473 0.19053 -3.50535 -4.22786 -1.69867 -1.41367 5.05742 -2.36374 -1.60666 1.57503 0.650364 -0.907566 -0.420944 0.27378 1.03126 
4.6667 0.204564 -0.278839 -0.457964 -1.10534 0.210994 -0.000139656 -0.520867 -6.79319e-05 0.0651104 0.166197 0.0167033 0.011595 1.75827 3.26987 1.17291 0.650662 -2.73601 -0.573555 1.93191 -1.32879 0.0588822 0.438516 1.19034 0.404445 -0.00311626 -13.1224 -3.97536 1.33315 -0.527795 6.91228 -2.8765 -0.466485 2.46789 -1.18193 -0.688056 -2.2766 0.477017 0.557868 
4.77046 0.199611 -0.339534 -0.473672 -1.09481 0.100266 0.026683 -0.475474 -0.018703 0.0847121 0.192523 0.015898 0.0491989 -5.76073 0.236383 2.08515 1.97083 2.89114 -1.9375 0.412499 0.643451 -0.090428 -1.13999 -0.447138 -0.146298 -0.162344 -19.447 -4.05164 4.41037 2.19215 9.33062 -1.85215 -0.791377 3.36354 -1.84164 -1.28724 -3.84268 -0.401607 -0.727176 
4.65893 0.236077 -0.281795 -0.452097 -1.06477 0.0628168 0.0768745 -0.511346 -0.0442448 0.106792 0.161352 0.0391507 0.0628939 -13.4677 -3.17328 1.61534 2.38988 6.35728 -1.88909 -0.477361 2.09641 -0.468188 -1.63733 -1.13459 -0.253319 0.00977364 -19.0416 -5.13226 3.99335 3.47385 9.72626 -0.815993 -1.8735 4.07482 -1.41819 -2.05388 -3.50154 -1.09851 -1.31506 
4.23873 0.232854 -0.122277 -0.434166 -0.932422 0.00952084 0.128644 -0.493423 -0.0412838 0.0981329 0.108906 0.0267585 0.0404811 -19.6272 -5.87572 1.77315 2.50021 8.54653 -2.69116 -1.33522 3.29071 -1.03522 -1.54345 -1.94196 -0.106888 0.0937874 -11.2153 -5.9468 -0.700532 2.37001 5.65063 0.264608 -2.94301 2.84511 -0.371843 -1.64215 -1.12016 -0.962837 -0.51499 
3.57175 0.111343 -0.0255038 -0.419481 -0.656566 -0.100878 0.0794717 -0.339653 -0.142007 -0.00437059 0.0328883 0.0726898 0.0169719 -21.3504 -7.0489 1.28708 2.43056 8.80366 -3.08589 -1.79695 3.72922 -1.12475 -1.70453 -2.09613 -0.308187 0.0581188 0.675148 -4.39222 -4.49735 -0.537044 -1.46963 0.825487 -2.16439 0.261577 0.815496 0.304901 1.36883 -0.184526 0.704093 
2.82551 -0.173444 0.153896 0.00516327 -0.0339591 -0.103893 -0.101421 -0.144961 -0.13113 -0.158976 -0.18172 -0.10511 -0.0502378 -15.6019 -7.31391 0.0526946 1.85952 7.27392 -2.64289 -2.63736 3.31658 -0.798083 -1.47544 -1.73134 -0.262595 0.258108 16.2913 0.156293 -6.23347 -4.49011 -9.01565 0.215135 -0.305685 -2.5355 1.08275 2.30654 3.2705 1.18259 1.64955 
2.5411 -0.42264 -0.0457434 -0.146293 -0.0977458 -0.0524212 -0.0770978 -0.104948 -0.142093 -0.095659 -0.0601004 -0.0278094 0.00376009 -6.027 -6.26858 -1.50251 1.28295 5.96273 -2.39617 -3.18825 2.6716 -0.327347 -0.455278 -0.547031 -0.467059 -0.317714 26.7742 5.19713 -3.62749 -3.95212 -9.04459 -0.198588 0.469611 -3.72408 1.1124 2.87596 2.80146 0.768249 0.348079 
2.42428 -0.563214 -0.229727 -0.24969 -0.202997 -0.218999 -0.187279 -0.144898 -0.137218 -0.0646596 -0.00943031 0.0151094 0.0638737 3.86736 -4.14987 -2.92522 0.527531 4.0026 -1.68615 -3.91435 1.11601 -0.0319397 0.534787 -0.306094 -0.616245 -0.159413 27.4586 7.80168 -0.0651901 -1.46734 -4.19857 0.872594 0.216305 -3.27248 0.684889 2.31104 0.765272 -0.37412 -1.07268 
2.50096 -0.55461 -0.226494 -0.281045 -0.28142 -0.235056 -0.154404 -0.126809 -0.120984 -0.0834906 -0.0229878 0.00669523 0.0673652 12.4691 -1.75587 -4.68414 -0.586141 2.29522 -1.12208 -4.56151 0.000161633 1.57125 1.24996 -0.32441 -0.729385 0.00602611 17.9793 6.4961 0.516848 0.689788 1.81453 1.44177 -1.63602 -1.618 1.24829 1.00147 -1.37581 -1.14096 -1.44873 
3.65334 -0.504321 -0.309051 -0.297616 -0.368264 -0.234906 -0.262095 -0.167669 -0.112681 -0.0372174 -0.0196416 0.00554022 0.101979 18.1003 0.753405 -5.45454 -1.20264 0.675578 -1.00816 -3.62459 -0.401413 2.13777 1.38339 -0.203125 -0.358917 0.200735 0.708971 3.11199 -0.1599 2.01919 4.48807 1.44467 -1.19238 0.436372 1.88682 -0.745849 -2.43761 -1.13929 -0.606962 
4.22692 -0.347767 -0.32094 -0.239277 -0.142518 -0.257041 -0.288732 -0.194197 -0.0815232 0.110466 0.105871 -0.058758 -0.116382 17.3697 2.54308 -4.25793 0.221944 1.95935 -1.21048 -3.28275 0.576722 2.73143 0.227888 -1.20184 -0.387547 -0.167579 -12.4717 -0.10035 -1.00574 1.14394 1.88194 0.295028 0.631653 2.38858 1.89668 -2.67981 -2.19646 0.581649 1.35923 
4.31031 -0.261851 -0.355343 -0.252359 -0.104237 -0.183729 -0.474128 -0.306693 -0.109133 0.081781 -0.112671 -0.0926685 0.00863384 9.05854 1.24578 -2.19855 2.22607 2.09873 -0.239776 -1.51772 1.43042 2.15682 -0.851904 -0.803198 -0.198384 -0.472773 -21.4004 -3.34504 1.36087 2.22153 -1.19849 -0.768853 3.96722 3.53147 0.280396 -3.43545 0.562113 1.68145 0.907602 
4.42525 -0.31348 -0.657181 -0.314401 0.0336496 -0.215235 -0.656855 -0.167996 0.197889 0.0176281 -0.180433 -0.101121 0.0248696 -2.1715 -0.164846 -0.611301 1.8084 1.38201 0.0955112 0.0652779 1.30674 1.04856 -1.10641 -0.492847 0.112161 -0.327452 -25.1157 -4.37215 5.69962 1.85081 -3.84481 -0.101539 6.34028 1.60784 -3.42575 -2.0847 2.45931 1.65389 -0.023159 
4.56297 -0.269354 -0.664742 -0.178522 -0.0477165 -0.245962 -0.395745 -0.100284 0.124418 -0.0198037 -0.122845 -0.0696036 0.0576707 -13.2518 -1.55287 0.886786 0.959944 0.44385 0.36134 1.62674 1.07423 0.0246006 -1.27816 0.00791885 0.477587 -0.11997 -21.6593 -4.14121 6.56197 -0.830272 -3.78805 1.03904 4.26306 -1.50565 -4.64163 0.48971 2.8273 0.730583 -0.769512 
4.15313 -0.188448 -0.557048 -0.138818 0.0520911 -0.357524 -0.437203 0.0611209 0.184213 -0.152638 -0.17352 0.0172991 0.0111017 -11.2079 -2.08307 0.536752 0.696399 -1.72291 1.16731 2.46207 -0.314344 -1.04059 -1.17705 0.732175 0.799278 0.538602 -3.94055 -1.68877 2.40043 -2.86693 -3.16829 2.46545 1.36785 -5.03249 -3.99756 3.01642 2.28103 -0.597464 -0.418593 
2.94539 -0.652446 -0.269542 0.159393 -0.132762 -0.192015 -0.195755 0.0315165 -0.0153144 -0.211273 0.0258469 0.00572324 -0.0252808 -3.21014 -2.40386 1.00503 0.500076 -3.29594 1.57944 3.21195 -1.18579 -2.04084 -0.749036 1.58251 0.961189 0.0524467 23.5296 2.54966 -3.35907 -4.07013 -1.92108 1.89803 -2.48099 -5.22069 -0.959446 2.92651 -0.435688 -0.768889 0.716403 
2.46278 -0.562512 -0.213547 -0.240391 -0.223978 -0.177546 -0.1332 -0.128775 -0.123125 -0.0726035 -0.0380773 -0.00919642 0.00494571 2.5862 -2.17792 1.9648 0.491526 -4.76019 1.65338 2.96687 -1.79203 -2.89616 -0.683766 1.64902 1.57025 0.245486 37.7708 3.16105 -5.34627 -0.249446 -1.22994 0.296014 -3.59629 -1.49037 1.95253 0.277136 -1.06832 0.394972 0.875755 
2.414 -0.567441 -0.235832 -0.306567 -0.186553 -0.164477 -0.166158 -0.174562 -0.11882 -0.0303632 0.0193117 0.00896497 0.00138968 6.83262 -0.460559 2.05769 0.700948 -4.34941 1.25504 0.967447 -1.52512 -1.87721 -0.529589 1.10723 1.44028 0.229601 28.1281 3.5463 -1.85052 3.37815 -0.528555 -1.67274 -2.6979 2.62308 2.66316 -1.94327 -1.45326 1.13808 0.44204 
4.2328 -0.419054 -0.597001 -0.146005 -0.361433 -0.0119848 -0.216016 -0.424442 -0.138966 -0.00670489 0.0815762 4.23611e-05 0.0544011 12.7582 2.35636 1.02812 1.39352 -4.39488 -0.000626516 0.0193638 -0.788623 -0.565184 0.35359 0.75507 0.895344 0.480388 -1.75408 3.55519 3.14001 4.05301 1.23392 -4.05826 -1.76472 6.01723 3.10159 -1.86681 -1.37993 0.726823 -0.342368 
5.14918 -0.541076 -0.449551 -0.164221 -0.493474 -0.0270428 -0.192564 -0.326193 -0.168248 -0.101957 -0.0184897 0.0390956 0.0292765 17.1936 5.4922 -0.28247 1.81452 -3.36244 -1.77914 -1.48407 0.346002 0.895733 0.215887 0.0760842 0.917517 0.65689 -22.362 4.35001 3.08129 3.03091 2.3481 -4.1923 -0.959943 4.5272 2.35659 0.195073 -0.104414 -0.641501 -0.333099 
4.72515 -0.560117 -0.315824 -0.082162 -0.601869 -0.145735 -0.185515 -0.152272 -0.119184 -0.209892 0.0276407 0.217734 0.0792195 15.8481 4.99235 0.600238 3.05376 -2.64625 -2.35579 -1.85655 1.74868 1.37708 -0.30103 0.160199 0.757971 0.631172 -18.9135 3.53267 0.572947 -0.637856 2.83738 -2.37782 -0.746769 0.98831 0.973319 2.1078 0.0538439 -2.09412 -0.120366 
4.2977 -0.197292 -0.145371 0.0924334 -0.42988 -0.214921 -0.323541 -0.0687472 -0.036908 -0.180393 -0.00465274 0.121144 0.0243401 10.4892 2.95075 2.64279 1.99695 -2.18102 -1.73787 -1.10946 1.7905 1.68652 0.0308975 0.259554 0.394606 0.12124 -4.65507 -3.0038 -0.699107 -3.47992 1.21481 1.39994 0.780534 -2.28952 -0.39938 1.8684 0.81228 -1.46074 -0.115398 
4.51346 0.0514891 -0.288578 0.14508 -0.558115 -0.390766 -0.303764 -0.0111809 0.0694992 -0.000857692 0.014714 0.0335721 0.0498744 2.05253 -0.435066 3.74216 -0.493705 -0.345471 -0.268945 -0.0507869 1.77208 1.45821 -0.125046 0.0440336 -0.212756 -0.35642 4.97309 -10.1006 0.435366 -5.44179 1.02908 5.89582 2.32203 -3.74395 -1.77339 -0.476613 0.446349 -0.460914 -0.615324 
4.64085 0.110295 -0.399412 0.108459 -0.540998 -0.418225 -0.367783 -0.0911284 0.018249 -0.0852987 0.0307406 0.092514 0.0875652 1.37026 -2.36279 2.81323 -2.73918 0.769322 0.685212 0.0428236 1.14997 0.889108 -0.243219 0.732679 -0.776503 -0.521477 4.3482 -12.0597 2.14892 -6.12451 1.29447 6.07437 2.76929 -1.63146 -1.79025 -1.92568 0.181558 -0.0685382 -1.18811 
4.8272 -0.143944 -0.17106 0.0020734 -0.537264 -0.339822 -0.369499 -0.0251715 -0.0187246 -0.0899742 0.0233727 0.0803577 0.101605 4.03689 -5.05022 1.77171 -4.8637 0.935746 1.29909 0.418486 0.711426 0.0517847 0.0166829 1.45623 -1.02712 -0.744538 -0.959068 -6.96307 -0.109336 -4.37867 1.35801 2.3424 1.4475 0.567215 -1.2151 -1.72645 0.972054 0.26911 -0.935577 
4.89759 -0.514673 0.0735275 -0.111539 -0.587112 -0.0962176 -0.211237 -0.179195 0.0722103 -0.0207747 0.106469 0.0667112 -0.025511 4.62994 -7.54314 1.03047 -6.92587 0.367032 2.27709 0.402954 0.034063 -0.931778 -0.405948 1.67105 -0.217626 -0.0925905 -3.01996 1.19882 -3.34162 -1.9981 0.711753 -2.14845 -1.60996 1.78173 -1.267 -0.565324 0.880288 0.380978 0.767052 
4.79782 -0.832605 -0.0626412 -0.355067 -0.382095 0.12053 -0.111655 -0.149625 -0.0187777 -0.182586 -0.00784905 0.00198721 -0.0206122 2.85204 -7.95208 0.851268 -7.17004 0.449373 2.84042 0.26565 -0.0379051 -1.53788 -1.19974 1.02283 -0.0178586 0.482708 -2.07436 6.26901 -4.00472 0.992449 -1.91221 -4.32127 -2.83355 0.920269 -0.741838 0.986774 0.406941 0.854173 2.29864 
5.05887 -0.719857 -0.07496 -0.506599 -0.392571 -0.127526 -0.276971 0.0180357 -0.0537794 -0.240772 0.133572 0.0222997 -0.0142258 1.02877 -6.69748 0.0270404 -5.92722 -0.176771 1.81896 0.085726 0.279113 -0.514718 -0.461474 0.245531 -0.233471 0.625131 -3.13858 5.49121 -2.46059 3.54564 -2.62358 -2.15609 -1.62161 -1.10157 0.613334 1.44146 -1.87933 0.693448 2.2992 
4.95714 -0.83246 -0.156908 -0.54374 -0.472396 -0.222657 -0.251012 0.0517361 -0.0629366 -0.0857042 0.280379 0.0573299 -0.0144781 -0.803694 -3.81728 -1.60512 -3.46951 -0.715627 0.768132 0.441258 0.0784676 -0.153632 -0.226621 -0.616835 0.10979 1.00673 -2.98899 3.52501 0.0270605 5.40661 -1.83692 0.379706 0.850139 -1.72035 1.85574 0.674261 -3.81156 0.0534844 1.01418 
4.92077 -0.832875 -0.175837 -0.725606 -0.515417 -0.032167 -0.372233 -0.130888 -0.134498 -0.117355 0.170251 0.103618 0.130907 -3.13844 -0.355642 -1.81376 0.45174 -0.442098 -0.463684 0.55563 -0.431988 -1.12924 0.0746773 -1.10315 -0.098713 1.09952 -3.92574 2.63137 1.36271 7.87323 0.302108 0.409606 3.32742 -1.35278 1.32967 0.419031 -2.65109 -0.844325 -1.49943 
4.91125 -0.833599 -0.213397 -0.65021 -0.546027 -0.0209601 -0.276824 -0.0785991 -0.146808 -0.223885 0.0305104 0.0433959 0.193265 -8.31097 2.16635 -1.02951 3.29847 -0.389209 -1.01624 0.947824 -1.06906 -1.17497 0.704342 -1.25583 0.0605799 0.929379 -7.78399 3.48075 1.30466 6.99356 2.53852 -0.616298 2.76264 -0.688295 -0.809982 0.287839 -0.19353 -0.61036 -2.2625 
4.78359 -0.887769 -0.21265 -0.529931 -0.591891 -0.14886 -0.300521 -0.0557734 0.100026 -0.0761641 -0.0171775 0.0295784 0.09536 -16.3518 2.56595 -0.650298 4.15386 1.21897 -0.26129 1.81714 -1.17476 -0.475946 0.909904 -2.09564 -0.59953 0.209314 -13.3546 3.9348 1.12387 2.99563 3.81933 -1.1567 0.938019 0.317322 -2.28878 0.0344914 1.83565 -0.526026 -1.66641 
4.68959 -0.789691 -0.257109 -0.349187 -0.599909 -0.0614016 -0.0858219 -0.0964031 0.00620037 -0.115292 -0.0664505 0.0946208 0.119413 -21.0577 3.10264 -0.337556 4.06988 2.57347 -0.555458 1.82621 -0.852175 -0.284396 0.526331 -1.83588 -0.620853 -0.464434 -16.145 1.31915 0.500315 -2.59089 3.58873 -0.955445 -1.47518 0.931118 -0.884292 0.305233 2.28592 -0.330668 -0.860965 
4.34326 -0.551528 -0.151095 0.0352695 -0.416208 -0.115447 -0.0734766 -0.25762 -0.284767 -0.100334 0.012476 -0.0275981 0.0376221 -23.3453 2.99346 -0.265315 3.53734 3.13963 -1.37128 1.71537 -0.135194 -0.221127 0.820843 -0.879116 -0.775671 -1.11002 -9.95126 -2.19149 -0.539938 -7.32268 1.27087 0.0639989 -2.47894 1.66157 1.88617 -0.0648979 0.855945 0.281461 0.278088 
3.42485 -0.424926 -0.203614 -0.0830451 -0.378795 -0.194044 -0.127843 -0.154856 -0.232479 -0.107332 -0.0107141 0.0544201 0.114788 -23.3688 2.60146 -0.1572 1.79938 3.38232 -1.2481 0.883598 -0.00388954 -0.299102 0.869034 -0.500506 -0.936143 -1.16963 3.93938 -4.05137 -0.614159 -6.10041 -0.970015 0.431561 -1.65566 1.29275 2.43843 -0.244653 -0.201016 -0.268451 0.125268 
2.4643 -0.535671 -0.203948 -0.269348 -0.194163 -0.162557 -0.112191 -0.0528938 -0.00872688 -0.0327336 -0.0688897 -0.0725984 0.00625857 -16.8491 2.43962 -0.839001 0.364536 3.15154 -0.617599 0.276267 0.625987 0.0307229 -0.0378705 -0.451886 -0.634771 -0.691063 20.4026 -2.37275 -0.928497 -1.8186 -2.93653 0.550188 -0.841913 0.422601 1.29155 -0.770226 -0.449083 0.44799 0.507049 
2.38835 -0.5681 -0.240494 -0.293345 -0.197507 -0.18554 -0.120743 -0.131213 -0.0893303 -0.0698217 0.013964 0.0430614 0.0165727 -6.20178 1.73392 -1.52404 -0.578528 1.95702 -1.29233 -0.807496 1.26195 1.11128 -0.308866 -0.215227 0.129018 -0.348378 29.4806 0.45231 -1.19827 1.97882 -3.10971 0.294809 -0.133988 0.328103 0.115064 -1.29461 -0.476131 0.925187 0.897848 
2.45244 -0.550875 -0.239568 -0.305747 -0.246043 -0.211542 -0.144112 -0.112053 -0.118842 -0.0513974 -0.0251967 -0.0289098 0.0316287 4.21239 1.32312 -2.15198 -0.555372 0.272157 -1.02826 -1.01994 1.76037 1.78145 -0.725901 -0.623064 1.02223 0.0156203 27.2769 2.33051 -1.18887 3.95208 -2.25846 -0.262406 -0.363874 0.319998 -0.371423 -1.33951 0.0249883 1.80217 0.781835 
2.43777 -0.550665 -0.227603 -0.320271 -0.216547 -0.212127 -0.146092 -0.0711389 -0.0786771 -0.0648369 -0.108468 -0.109744 0.00791665 15.1557 2.44053 -1.941 2.09019 -1.53043 -0.902201 -1.0748 1.58468 0.734761 -0.583415 -0.405067 0.595619 -0.15857 17.848 2.93107 -0.755231 4.07503 -2.54491 -0.594505 -0.616516 0.643544 -0.588843 -0.301665 0.561641 1.68068 0.482371 
3.46472 -0.421666 -0.391074 -0.237401 -0.221933 -0.144295 -0.152709 0.00308035 0.0526149 -0.157319 -0.0859693 0.0276548 0.0337668 23.3744 4.09035 -2.22423 3.95665 -3.89094 -1.32635 -1.59126 1.92855 -0.0575941 -0.456331 0.00823937 0.748378 -0.0616563 4.18203 2.18311 0.557364 3.22291 -3.27502 -0.790766 -0.759548 0.514508 -1.38281 1.34419 0.754681 -0.513992 -0.622212 
4.29456 -0.386936 -0.437236 -0.161604 -0.324515 -0.341561 -0.211167 -0.00351087 -0.0183875 -0.166352 -0.0084698 0.156596 0.0823028 24.8402 4.63407 -1.73656 4.61074 -5.40716 -1.59093 -1.70743 2.79132 0.0185077 0.081527 0.315266 0.321179 -0.49339 -5.51832 1.35462 1.52585 1.7537 -3.82219 -0.103092 -0.446295 0.728147 -1.52925 1.99895 0.857161 -2.16929 -1.34815 
4.23152 -0.310601 -0.423532 -0.0538965 -0.370233 -0.264358 -0.239372 0.025957 -0.0333064 -0.176499 -0.105826 0.139404 0.0543008 23.3671 4.36258 -1.05485 4.71444 -6.32876 -1.87806 -1.58775 2.80901 -0.195203 0.434299 1.12809 0.464262 -0.949393 -8.2 -0.401814 1.86663 -0.639098 -3.06775 -0.451381 0.100679 0.81254 -0.628227 1.73614 1.33177 -2.17898 -1.39107 
4.68218 -0.10648 -0.387929 0.194957 -0.571873 -0.282045 -0.253796 0.0895404 -0.108689 -0.070617 -0.0578688 -0.0265849 0.00571392 19.3456 3.67784 -0.215433 4.39595 -6.95303 -1.84123 -1.44378 2.19914 -0.609855 0.941595 1.80649 0.136519 -1.15949 -9.65722 -2.78519 1.63796 -3.03458 -0.426813 -0.181912 0.690279 -0.255412 0.601517 0.348858 1.24897 -0.289184 -0.714691 
5.2338 -0.0203684 -0.505036 0.187996 -0.797036 -0.362999 -0.346316 0.177768 -0.0664463 -0.0582907 0.00235981 0.0159891 -0.0309441 12.5501 2.48227 0.884137 3.535 -6.76232 -1.73083 -1.17295 1.57345 -0.830397 1.20566 2.03232 -0.576658 -1.43918 -9.35631 -3.72975 1.58839 -3.01846 2.31926 0.479793 1.22555 -1.80171 0.779248 -0.745473 0.896976 0.949827 0.195086 
5.19847 -0.0573216 -0.387253 0.185543 -0.921311 -0.404705 -0.320428 0.263194 -0.0875136 -0.036585 0.0517777 0.0201652 -0.0638773 7.87889 1.42586 1.43784 2.54064 -5.79925 -1.0877 -0.84578 1.34514 -0.677089 0.972514 2.15636 -0.768343 -1.34574 -7.97336 -3.04147 0.922187 -1.90764 3.63045 0.803763 0.777251 -2.53466 0.0912381 -1.11222 0.158186 0.939321 0.925989 
5.24223 -0.101002 -0.338887 0.191664 -0.950267 -0.44215 -0.302836 0.228843 -0.0789091 -0.0374593 0.104828 0.0413519 -0.100371 5.29094 0.240388 1.7234 1.52082 -4.48992 -0.893614 -0.8209 0.821834 -0.734414 0.444539 2.42367 -0.420302 -0.794862 -6.63755 -1.344 0.331871 -0.566774 3.43534 1.52455 -0.0177892 -1.51781 -0.533138 -1.08804 -0.721471 0.0100351 1.24971 
5.2385 -0.10907 -0.325217 0.222872 -1.00345 -0.39281 -0.313074 0.138018 -0.0896499 -0.013768 0.142887 0.0131817 -0.0869497 1.22382 -0.908193 2.01541 0.809085 -2.59469 -0.245904 -0.700523 0.114555 -0.794004 -0.40002 2.00995 0.0605477 -0.377066 -3.57717 -0.0549595 -0.00653118 0.268067 2.5153 1.15702 -0.52147 0.0561823 -0.853869 -1.02717 -0.894989 -0.405301 0.980172 
5.25986 -0.126587 -0.296546 0.237566 -1.02593 -0.419006 -0.321126 0.14544 -0.0840302 -0.0483691 0.175854 0.028389 -0.104354 -2.06826 -1.09854 2.3206 1.16761 -0.828765 0.427866 -0.453265 -0.767174 -1.04943 -0.810905 1.30538 -0.235599 -0.0507225 -2.5411 0.334511 -0.237413 0.348051 1.93786 0.857548 -0.498381 0.250528 -0.561304 -0.903139 -1.14876 -0.259656 0.585261 
5.21275 -0.147029 -0.245909 0.240084 -1.02846 -0.422331 -0.342528 0.206155 -0.156021 -0.0529526 0.193366 0.0215469 -0.0714516 -4.58207 -0.715701 1.77209 1.25281 0.730913 0.470386 -0.134745 -1.28825 -0.598398 -1.00518 0.429471 -0.26419 0.489796 -4.32124 0.428343 -0.2106 0.388545 2.2032 0.235743 0.608746 -0.711926 0.558395 -0.49429 -1.52043 -0.0630454 0.269058 
5.13329 -0.154046 -0.218953 0.258346 -1.01529 -0.357518 -0.392483 0.191412 -0.172085 -0.0892772 0.202143 -0.0062247 -0.0440673 -10.46 -0.413917 2.0729 0.258685 2.76985 0.543791 0.515441 -1.8062 -0.200575 -1.46521 -0.381242 -0.107558 0.625734 -8.74772 0.54738 0.0122821 -0.787854 3.36917 -0.505021 1.88964 -1.91791 1.54381 -0.253583 -1.71329 0.376831 0.00662512 
5.05197 -0.18202 -0.179898 0.30572 -0.984365 -0.344605 -0.37868 0.157316 -0.192427 -0.136471 0.206232 0.00776224 -0.0739274 -16.275 -0.242084 2.81503 -1.07809 5.86112 0.862362 0.631944 -2.43896 0.0230903 -1.38742 -1.32244 -0.11758 0.260109 -13.2613 0.662718 0.805354 -2.73556 5.32769 -0.232271 1.70761 -2.3211 1.6338 0.277627 -1.81956 0.29029 -0.217323 
4.88751 -0.165467 -0.160196 0.352121 -0.918174 -0.336043 -0.363757 0.0670641 -0.186937 -0.150397 0.151586 -0.0119114 -0.0681137 -20.9162 -0.625608 3.01702 -2.08994 7.85291 1.37159 0.952296 -3.54537 -0.312222 -1.52196 -2.23131 -0.228146 0.360193 -13.6749 -0.207105 1.40092 -3.94553 5.81556 0.535736 0.749089 -1.78999 0.216388 0.10779 -1.52478 0.137585 -0.34093 
4.44389 -0.144557 -0.170306 0.331782 -0.774857 -0.406163 -0.257782 0.0413247 -0.0826901 -0.131599 0.0858322 0.00542835 0.0127955 -23.8505 -1.77093 2.02275 -3.43301 8.55588 1.8145 1.58549 -3.76675 -0.276043 -1.23042 -2.74288 -0.552136 0.422113 -7.67787 -2.02235 0.236918 -3.67484 3.24911 1.79193 -0.380803 -0.532021 -1.68752 0.18301 -0.856002 -0.642813 -0.324661 
3.44954 -0.149677 -0.0215232 0.100965 -0.494155 -0.3571 -0.185091 -0.0987885 -0.0737179 -0.243494 0.0612261 0.0438737 -0.0362482 -24.3595 -2.85681 0.824816 -4.61408 8.30957 1.99468 1.95373 -3.2382 -0.302651 -0.425523 -2.49875 -0.567846 0.480012 3.80568 -3.39025 -2.77247 -1.45097 -1.81477 1.75357 -0.664984 1.4419 -1.93638 1.16687 0.318677 -1.04379 0.306347 
2.97335 -0.150654 0.119784 -0.0134925 -0.0880866 -0.237102 -0.306669 -0.175048 -0.124564 -0.159675 -0.0353468 -0.018346 -0.109114 -21.6347 -3.65672 -0.418499 -5.70286 6.91432 1.57146 1.88507 -1.96737 0.35958 0.475982 -2.00215 -0.54338 0.693595 12.6898 -3.3446 -5.11262 0.0796269 -6.9582 -0.305253 0.383495 3.36775 0.0822073 1.72768 1.77983 -0.328208 0.910701 
2.70426 -0.291821 0.0823266 -0.0225626 -0.0809295 -0.199849 -0.243867 -0.280901 -0.262296 -0.272926 -0.109881 -0.0231936 -0.0116498 -16.6925 -3.62565 -1.26932 -6.06161 4.04473 0.876654 1.8058 -0.578782 0.808726 1.15115 -1.16336 -0.215824 0.57647 15.7616 -0.532957 -4.27743 0.449169 -8.49768 -2.49692 0.591942 4.27005 2.79444 2.50491 2.61212 0.695041 0.383873 
2.47069 -0.506061 -0.150691 -0.185091 -0.144403 -0.135443 -0.138289 -0.173651 -0.21961 -0.187944 -0.114957 -0.104653 0.0193904 -11.2361 -3.70039 -1.90059 -4.95572 1.81161 0.676098 1.28462 -0.0386863 0.639904 1.50584 -0.466746 0.146057 0.664065 12.4049 2.51743 -0.615467 1.51501 -5.84733 -3.26545 -0.171797 2.38164 2.98471 1.42931 2.1492 1.87247 -0.0407059 
2.43863 -0.560517 -0.228438 -0.253404 -0.158187 -0.126083 -0.132067 -0.141837 -0.179213 -0.0887696 -0.0206249 -0.0522904 0.00819279 -5.21726 -3.14932 -2.41313 -3.34664 -0.564186 0.308476 0.917127 0.563202 0.989943 1.52377 0.286218 0.442152 0.719977 5.98587 3.65098 2.5993 2.39966 -1.93242 -1.60938 -1.12953 -0.372 1.04874 -0.799548 0.84177 1.60003 -0.608768 
2.65288 -0.583625 -0.269111 -0.376532 -0.24431 -0.283885 -0.126234 -0.0248343 0.00727908 -0.0281655 -0.0219769 -0.0259912 0.0327943 -1.68933 -2.86115 -2.4108 -1.57794 -2.66216 0.112401 0.443947 0.862634 1.70727 0.521711 1.14818 0.778633 0.560226 1.23212 2.16321 3.23841 4.17863 0.797088 1.44539 -2.11151 -2.32291 -1.41527 -2.71015 0.0753008 0.416768 -0.796225 
2.68878 -0.448309 -0.232345 -0.41196 -0.458806 -0.349512 -0.0795765 -0.00683718 0.0242766 -0.0104797 0.00243175 0.027356 0.00665811 1.52945 -1.97492 -1.33511 0.121843 -3.00466 0.0342587 -1.04148 0.905087 2.48196 0.0547509 1.76368 0.892634 -0.0944522 0.905018 -0.6453 1.7288 4.72358 1.27623 2.68652 -2.60799 -2.05348 -1.4545 -3.42559 0.184686 -0.732737 -0.542607 
2.43209 -0.562021 -0.215199 -0.283224 -0.251041 -0.23788 -0.13393 -0.147183 -0.0829026 -0.0416947 -0.0157576 0.0654276 0.0707171 3.79609 -1.12186 -0.48454 1.67193 -2.5353 0.615791 -1.20744 -0.0703513 1.7478 -0.846843 2.42497 1.10896 -0.222979 3.9549 -1.209 -0.279205 2.88117 -0.209152 1.99983 -1.30759 -0.238737 -0.0944141 -1.96574 1.31688 -1.12588 -0.644782 
2.51337 -0.530848 -0.186628 -0.290838 -0.299071 -0.167456 -0.170522 -0.153123 -0.057487 -0.122205 0.0386874 0.0466413 -0.00363227 5.42791 -1.04537 -0.774997 2.32347 -2.87077 1.07894 -0.542679 -0.296263 1.07307 -1.36876 2.44146 0.495991 0.0428707 5.98599 -0.493288 -1.52421 0.738557 -1.08577 0.184233 0.946601 0.762114 0.298997 0.2364 1.5167 -0.734863 0.214851 
2.65095 -0.686744 -0.24797 -0.118066 -0.461548 -0.126221 -0.265992 -0.102207 0.0294199 -0.234985 0.0849087 0.0189843 -0.000350334 6.14042 -0.226272 -0.385695 2.69042 -2.40361 1.16871 -0.531305 -0.216669 0.313212 -1.94725 2.28075 0.134307 -0.0828303 4.80906 2.08047 -0.797589 -1.80334 -0.410385 -1.62774 2.70568 1.01805 -0.469391 1.37617 0.307714 -0.269931 0.637255 
2.96926 -0.670276 -0.212874 -0.0469809 -0.522112 -0.189016 -0.387309 -0.0719823 0.133103 -0.203857 0.14993 0.0349165 -0.0240254 9.5617 0.877156 -0.789663 2.29835 -1.88905 1.02157 -0.176354 0.833591 0.0662262 -2.21407 1.9594 -0.14775 -0.490021 2.67361 3.90644 -0.108874 -2.5901 0.666911 -1.48457 3.03836 1.21584 -1.88646 0.563371 -1.34503 -0.112903 0.183012 
3.06656 -0.632013 -0.305499 -0.0814393 -0.4366 -0.0586414 -0.156102 -0.168372 -0.00752608 -0.181998 0.300864 0.0798733 0.00695432 14.6541 2.78247 -0.837793 1.44791 -2.52048 0.123308 0.0921624 1.92175 -0.0776874 -1.88968 1.77176 -0.0967939 -0.957428 4.25811 4.19221 0.928063 -1.65856 1.18254 -1.39986 0.103517 1.82479 -1.52622 -0.550932 -2.51962 -0.0880801 -0.875675 
3.29039 -0.643405 -0.396439 -0.117634 -0.647382 -0.133442 -0.058454 -0.0869206 0.017664 -0.170575 0.248693 0.000139552 0.0713991 16.0654 4.31726 -0.757303 1.64998 -1.878 -0.47661 -0.568409 2.39819 -0.486717 -1.53067 0.983033 -0.11492 -0.965987 5.69802 3.80738 1.238 0.212836 1.40103 -0.633323 -2.94149 1.7765 -0.532149 -0.947611 -1.88429 0.166806 -1.8232 
3.30557 -0.424018 -0.190754 -0.0865269 -0.555241 -0.23799 -0.209619 -0.0286298 0.00520583 -0.304341 0.177393 0.0237061 0.000510688 15.7914 5.45577 -0.428005 1.57047 -1.16556 -0.437868 -1.39683 2.69619 -0.775584 -1.4692 0.0211948 -0.0878835 -1.15158 4.28275 1.10917 -0.0838634 1.86014 0.363982 0.446995 -3.88418 0.988714 0.577361 -0.0143729 -0.876736 0.105217 -1.00504 
3.93168 -0.289926 -0.328807 -0.0806529 -0.534999 -0.127939 -0.150405 0.0960855 -0.0535871 -0.356073 0.188427 0.0297382 -0.102534 13.4342 5.48339 -0.0541293 1.63912 -0.53151 -0.171425 -2.35125 2.55935 -0.495548 -1.73676 -0.830173 -0.154975 -1.10837 -3.83347 -1.15094 0.282563 1.82852 0.427229 0.548359 -3.47571 -0.856242 1.42557 0.833841 -0.477983 0.033507 0.581997 
4.6243 -0.185175 -0.300729 -0.0769904 -0.62605 -0.194699 -0.236378 0.113294 -0.0642824 -0.312356 0.243946 0.0602397 -0.11875 9.91457 4.98694 0.599239 1.93231 0.133521 -0.645304 -3.00307 1.87542 0.273029 -1.41867 -1.87028 -0.379083 -0.756806 -13.3802 -2.74548 0.395729 0.595158 1.45728 0.684045 -0.273078 -2.49859 1.29617 0.902969 -1.09045 -0.372508 1.89825 
4.50875 -0.0698818 -0.307104 0.108959 -0.609091 -0.220951 -0.439908 0.165831 -0.0187272 -0.34015 0.176787 0.00360071 -0.115464 6.17751 4.01871 0.769577 1.61958 1.02093 0.0453045 -2.85836 0.725924 0.492996 -0.924936 -2.03744 -0.215538 -0.521473 -14.3244 -3.28164 0.794293 -1.74249 1.49394 0.338491 2.593 -3.03213 0.907956 0.860148 -1.43267 -0.347486 1.90809 
4.505 -0.0848853 -0.303592 0.146126 -0.621075 -0.145083 -0.512624 0.206897 -0.00441221 -0.388513 0.11359 0.0229174 -0.113331 3.2911 2.30779 0.449257 0.980685 0.450336 0.813402 -2.1957 -0.0504234 1.07805 -0.228489 -2.23721 -0.186567 0.169921 -8.90567 -2.34038 0.895344 -2.751 0.980712 0.328782 3.28383 -2.43242 0.454721 0.779881 -0.957695 0.0366301 0.955526 
4.31011 -0.056246 -0.24501 0.0764434 -0.518076 -0.134109 -0.510312 0.124547 0.0424486 -0.396371 0.102157 0.0280257 -0.0876573 -0.124107 1.12367 1.05895 0.409077 -0.172537 1.126 -1.48274 -0.756659 1.17422 0.147651 -2.17939 -0.138344 0.407784 0.625528 -1.66204 -0.13447 -2.12401 -1.48667 1.16196 2.64179 -0.55582 -0.288111 0.863345 0.286631 0.372474 -0.344157 
4.03643 -0.0502246 -0.218268 0.0923502 -0.448759 -0.242667 -0.344097 0.00668189 0.0382369 -0.329214 -0.0219921 -0.0288833 -0.00280168 -0.688848 0.30129 0.251541 0.170729 -0.0915366 1.01619 -0.308471 -0.442359 1.19114 0.212038 -2.0978 -0.0130459 0.553934 7.55856 -0.952135 -1.15296 -0.481582 -2.89131 0.987401 0.366561 1.63711 -0.32197 0.410442 1.59826 0.773713 -0.982019 
4.12723 -0.0609833 -0.224592 0.0187748 -0.481716 -0.127926 -0.423171 0.0304452 0.0531544 -0.343966 -0.0354039 -0.00411603 -0.065278 2.29789 -0.109052 -0.801037 -0.290828 -0.796972 0.617891 1.24486 -0.240882 0.8456 0.910437 -1.49923 0.23818 0.686551 8.03701 -0.216849 -2.33261 1.43239 -2.32568 -0.579722 0.27981 2.34546 -0.429913 0.434623 1.69986 0.447161 -0.303369 
4.32527 -0.08966 -0.213355 0.00753213 -0.594019 -0.0323751 -0.482508 0.0716216 0.128109 -0.34806 -0.0624092 0.0409102 -0.0498771 5.19108 -0.201744 -1.7838 -0.163728 -1.74503 0.451922 1.87256 0.366583 0.0768332 1.7584 -0.728906 0.257418 0.709297 5.91288 0.145581 -2.92189 1.59141 -0.854703 -1.71605 1.33898 1.79681 -1.26795 1.04022 1.49641 0.0168837 0.436246 
4.43283 -0.0937587 -0.192187 0.0167605 -0.708923 0.00970052 -0.386993 0.0559216 0.0490718 -0.3053 0.0133377 0.0264578 -0.104968 8.00428 -0.438899 -2.78959 0.093901 -2.39598 0.38655 2.00871 1.32453 -0.554506 1.92375 -0.105177 0.472118 0.538935 2.77092 0.190155 -2.53801 0.586219 0.628561 -1.81416 1.53577 0.847595 -1.35853 1.20643 0.741397 -0.0935176 0.94963 
4.64462 -0.088373 -0.374254 0.118555 -0.596678 -0.171539 -0.390025 0.176299 0.113716 -0.318812 -0.0355285 0.0388745 -0.0254602 9.97231 -0.683172 -3.5976 0.0748249 -2.12108 0.49366 1.66522 1.88302 -0.826464 1.49187 0.152384 0.931481 0.457092 0.273682 -0.311348 -0.88567 -0.831893 0.745834 0.0685408 0.823543 -0.256954 -1.43108 0.486575 0.0197376 0.187687 0.324924 
4.84494 -0.0659139 -0.482006 0.107976 -0.694893 -0.171114 -0.247698 0.146636 0.0782969 -0.20564 -0.0316689 0.0345135 0.0106951 9.07174 -0.509947 -3.91848 0.152656 -1.2654 -0.111117 2.26988 1.51623 -1.26029 1.15814 0.0154036 1.00299 0.750789 -1.63448 -0.526271 0.578995 -1.38162 1.37498 1.30414 -0.915599 -0.510666 -0.648736 -1.48095 -0.470868 0.737407 -0.507015 
5.02115 -0.100802 -0.501902 0.0689455 -0.793958 -0.0743197 -0.227524 0.190798 -0.0488092 -0.106829 0.0263155 0.0408837 0.0114811 7.60442 -0.290809 -3.93829 -0.252834 -0.316597 -0.0142062 2.33523 0.905364 -1.88156 0.792704 -0.0740389 0.829542 0.64059 -3.36756 -0.0268074 1.143 -0.963873 1.97551 1.04748 -1.25973 -1.17021 0.230323 -2.62711 -0.895602 0.574495 -0.66594 
5.13395 -0.125894 -0.560751 0.0451157 -0.75092 -0.107347 -0.206422 0.233326 -0.0398664 -0.158698 0.0310439 0.0749243 -0.00772642 6.33485 -0.347076 -3.42439 -0.902283 0.385056 0.640382 1.69825 0.353058 -2.02728 0.316882 -0.229735 0.723293 0.779004 -4.13971 0.527392 1.30202 -0.505163 1.75761 0.711924 -0.850532 -1.6915 -0.0633802 -1.83551 -0.500901 -0.323395 -0.224642 
5.32351 -0.173725 -0.648821 0.0377901 -0.680665 -0.068511 -0.252669 0.24301 -0.0174607 -0.240727 -0.0668426 0.142706 0.00871267 4.56973 -0.225333 -2.48146 -1.57676 0.869595 1.31681 1.37477 -0.71968 -1.76306 -0.271592 -0.0582679 0.538397 0.557255 -3.86162 0.90845 1.12558 -0.395717 1.25935 0.048453 -0.253766 -1.79227 0.152719 -0.387479 0.370934 -1.18015 0.355952 
5.2018 -0.106247 -0.661419 0.0324701 -0.662764 -0.0943847 -0.158993 0.188634 -0.0676391 -0.261227 -0.052542 0.145548 0.0206209 2.6598 0.142499 -1.96703 -1.91846 1.64571 1.234 0.62679 -0.972876 -0.795737 -1.07962 -0.000676476 0.3039 0.567638 -2.21928 0.62997 0.949869 -0.854078 0.288606 0.264819 -0.441077 -1.19128 1.01858 0.502637 0.90628 -1.26857 0.467275 
5.23795 -0.0953256 -0.689033 -0.0113611 -0.651787 -0.0253185 -0.148697 0.143401 -0.159617 -0.233716 -0.0315303 0.0969596 0.0035976 0.971622 0.50164 -1.25899 -2.84234 2.18505 1.02993 0.847273 -1.43603 -0.166081 -1.19541 -0.28733 -0.154233 0.38344 -1.60587 0.302821 1.14522 -1.58996 0.0965716 -0.0559185 -0.346868 -0.170824 1.91556 0.349135 0.505526 -0.706171 0.0335344 
5.31752 -0.136916 -0.685765 -0.0658314 -0.615715 0.0203139 -0.181493 0.134809 -0.187616 -0.228633 -0.0133687 0.0827444 0.0637189 -1.07368 0.706202 -0.327895 -3.6677 2.38595 1.00359 1.29963 -1.86072 -0.690712 -0.625182 -0.438042 -0.39714 0.073688 -2.60737 0.295336 1.293 -1.9485 0.471109 -0.660506 0.514205 0.257119 1.27827 0.0591518 -0.59599 0.0213006 -0.93704 
5.30725 -0.0991047 -0.723069 -0.101964 -0.531787 -0.0136476 -0.147257 0.040122 -0.065268 -0.280389 -0.0140013 0.0916068 0.0709407 -3.57678 0.847697 1.30471 -3.71531 3.05526 -0.172626 1.68478 -1.45945 -0.619097 0.446593 -1.01823 -0.718034 -0.218954 -4.23898 0.0633872 2.42225 -1.17315 1.04753 -1.49347 1.14556 0.907884 -0.667241 1.07131 -1.94152 0.216327 -1.29643 
5.22492 -0.0456509 -0.735328 -0.175694 -0.554914 0.017253 -0.189659 0.0905856 0.00112079 -0.31216 0.0117778 0.0799727 0.0735661 -5.96858 0.0642188 3.55029 -3.32589 3.73463 -0.961154 0.963038 -1.49119 0.120369 1.08409 -0.665522 -0.927644 -0.269212 -6.05578 -0.758094 4.33736 0.726933 1.73662 -2.35769 0.83471 0.233025 -1.48868 2.18426 -1.23457 -0.160335 -0.840748 
5.17502 -0.0652172 -0.642506 -0.381578 -0.4809 0.033607 -0.0753595 0.0537456 -0.0671721 -0.278901 -0.0672814 0.0397897 0.00448313 -8.20173 -0.969008 4.97428 -2.71 3.56265 -1.73427 0.225478 -1.90803 0.438952 1.2207 -0.121624 -0.614035 -0.0660457 -5.64277 -2.04639 4.44249 2.95235 0.904202 -2.24364 -1.51987 -0.587686 -0.399044 1.89099 0.983445 -0.123436 0.542396 
4.948 -0.060077 -0.601997 -0.43055 -0.388181 0.00822636 0.000477223 -0.0150626 -0.233228 -0.249228 -0.11468 0.0869524 -0.0294407 -10.1717 -1.79572 6.01664 -1.95828 3.17202 -2.03289 0.0527591 -1.72429 0.0870516 1.63217 0.146108 -1.00103 -0.314042 -3.23403 -2.90289 3.05624 3.35757 -0.808551 -1.00641 -2.94437 -0.64444 1.32855 0.645329 2.6925 -0.544869 1.3041 
4.67427 -0.0342981 -0.378082 -0.331198 -0.223432 -0.217323 0.0142956 0.0868028 -0.14145 -0.0946034 -0.263207 0.0364221 -0.0113844 -10.4051 -2.71483 6.58698 -1.39145 2.21269 -1.5955 -0.0824256 -1.50112 -0.296834 2.05568 0.5991 -1.06407 -0.131217 0.60936 -2.60384 -0.264149 1.55437 -3.05976 1.65549 -2.10445 -0.741385 1.187 -1.02914 3.18511 -0.263882 0.951722 
4.35023 -0.182854 -0.069083 -0.306861 -0.176861 -0.196439 -0.149437 -0.0701858 -0.0278902 -0.0846135 0.0188108 -0.0301095 0.0277485 -8.65477 -3.41495 5.86021 -0.319001 1.44068 -1.673 -0.46733 -1.10953 0.223389 2.51929 0.548801 -0.786749 0.113248 5.24371 -0.860741 -3.89116 -0.03445 -3.74934 2.38964 0.217313 1.24097 0.165857 -0.787501 0.111671 0.36823 0.0294078 
4.29871 -0.331921 -0.1138 -0.329758 -0.286126 -0.192228 -0.24468 -0.176789 -0.0729955 -0.145183 0.0701463 0.0539387 0.0809782 -6.02992 -3.76335 4.31913 0.800781 0.967699 -1.57272 -1.09147 -0.621141 0.131573 1.45156 0.638954 -0.563479 0.41025 7.73861 0.756467 -4.74045 -0.2927 -1.56506 1.41967 1.85478 2.35328 -0.917172 -0.573092 -2.38923 0.486511 -0.710139 
4.09353 -0.350363 -0.0377861 -0.331567 -0.26035 -0.184395 -0.137761 -0.0614594 -0.126982 -0.0818431 0.00551258 -0.0833801 0.00455592 -3.04817 -3.40738 2.99294 0.667105 0.0955411 -0.678363 -1.09843 -0.868132 -0.165433 0.455129 0.177636 -0.768714 0.423524 7.84843 1.68484 -4.00541 0.29215 0.257415 0.139534 1.08062 0.967771 -1.37553 -1.21948 -2.99535 0.894213 -0.282285 
4.14212 -0.385232 0.00293741 -0.389755 -0.349755 -0.0972027 -0.0846478 -0.0920751 -0.0918219 -0.0472209 0.0383861 -0.0297039 0.0373493 -0.196869 -2.13993 1.27469 -0.245137 -0.931826 0.375955 -0.0640754 -0.593443 -0.340643 -0.228109 -0.256174 -0.534382 -0.139432 5.01371 2.49848 -1.89067 0.282844 1.06853 -0.615355 0.372827 -0.0429134 -0.63289 -1.65051 -2.115 0.0969617 -0.359526 
4.35704 -0.43983 -0.102536 -0.299164 -0.341344 -0.212854 -0.165662 0.0116659 0.00521894 0.0728551 -0.0737071 0.0161928 0.0371396 0.244734 -0.0364541 -0.0511031 -0.967606 -1.37117 -0.138263 0.472838 -0.770276 -0.630227 -0.201803 -1.4694 0.138195 -0.167776 -0.727144 3.33292 0.181065 -1.45971 -0.264214 0.122253 0.0909595 -2.2703 -0.259564 -1.74998 0.28494 -0.018659 -0.132897 
4.44102 -0.503897 -0.135655 -0.244468 -0.190069 -0.256833 -0.177069 -0.0343287 -0.213155 -0.181956 -0.0857445 -0.00162983 0.0385418 -2.44812 1.97894 -0.178704 -0.894327 -1.45811 -0.336416 0.305094 -1.34924 -0.350789 0.00112896 -0.92579 -0.048056 -0.657023 -6.8259 4.28398 0.51627 -2.16999 -2.29976 0.34424 0.0631398 -2.39419 1.08607 0.611913 1.60713 0.209608 -0.481255 
4.39664 -0.417908 -0.0480419 -0.317671 -0.291169 -0.147281 -0.162503 -0.203352 -0.232656 -0.173156 -0.149169 -0.0789277 0.0452073 -4.64106 3.1641 -0.952044 -1.31576 -1.30557 0.0470899 0.280328 -1.67149 -0.145241 -0.306729 -0.421251 0.200642 -0.706296 -9.91226 3.59029 -0.428648 -1.3853 -1.41584 0.141619 0.322356 -0.381318 1.36102 1.76548 2.06194 0.335839 -0.779504 
4.45321 -0.284637 -0.0480742 -0.435121 -0.398437 -0.120786 -0.0187539 -0.0511954 -0.0360072 -0.105512 -0.103516 -0.0576687 -0.0462642 -4.62852 5.26093 -1.25167 -2.67489 -2.64847 1.07429 0.358294 -2.28944 0.689871 -0.0425788 0.587876 0.326532 -1.04506 -5.75087 2.52493 -1.386 -0.867034 -1.1302 1.13588 -0.36194 -0.283558 1.07366 1.50203 2.07917 0.617029 -0.331565 
4.06925 -0.163992 -0.091377 -0.51301 -0.459933 -0.263236 -0.165196 -0.300441 -0.130018 -0.0854775 -0.109918 0.0789001 0.0606124 -3.326 6.47253 -1.53698 -3.7194 -4.18473 2.57473 0.961133 -2.85557 1.38949 0.45645 1.61984 0.456814 -1.12056 4.67272 1.16027 -1.86444 -0.667963 -1.30623 2.91315 0.469399 0.838755 1.49836 0.751386 1.49121 0.0494152 -0.472394 
3.53944 -0.032742 -0.1064 -0.389948 -0.48917 -0.221802 -0.181567 -0.301548 -0.126854 -0.0515267 0.0150882 -0.042023 -0.0855302 -0.959528 6.70857 -2.2249 -3.68431 -5.31895 3.26162 1.26354 -2.56677 2.56654 1.82344 1.78162 0.468048 -1.07071 13.7456 -0.21206 -1.44024 -1.16292 -2.01854 3.33905 1.21516 0.280639 1.3309 0.118238 0.21061 0.0934592 0.443129 
3.52612 -0.0164393 -0.221268 -0.505777 -0.370795 -0.0879935 -0.0348016 -0.161957 -0.113687 -0.095241 -0.0597784 -0.0413242 -0.0703933 2.39738 5.78535 -3.31033 -2.90642 -4.84623 3.79309 1.0614 -2.1864 2.64629 2.12807 1.75373 0.341832 -0.913077 14.4326 -1.35067 -0.69905 0.172978 -2.2186 2.08619 0.522635 -0.660895 1.19636 1.0312 -0.575242 -0.363597 0.69409 
4.14082 0.313402 -0.224724 -0.781942 -0.798042 0.0891987 -0.0902977 -0.376335 0.101015 -0.0189279 0.11468 0.0758065 -0.0850805 5.58335 4.27412 -3.43167 -1.94276 -4.05553 4.35698 0.444531 -1.93555 2.41626 2.03491 1.13216 -0.309724 -0.610128 6.42694 -3.8673 -0.394483 2.89127 1.57875 -0.467092 -0.39405 0.89358 -0.20488 0.909897 -1.92293 -1.24752 0.65841 
4.4144 0.301619 -0.318785 -0.743149 -0.869049 0.166915 -0.0136051 -0.403831 0.0801902 0.0122426 0.106589 0.0496059 -0.0826663 9.37373 2.62783 -3.46221 -0.884165 -3.33223 5.00795 -0.0236011 -0.359084 2.74639 1.99492 0.354676 -1.23086 -0.491618 -1.61749 -4.46791 0.142636 3.95248 4.12461 -1.71478 -2.55094 1.87913 -1.19656 0.102125 -2.27611 -1.69664 0.667652 
4.47981 0.297693 -0.368026 -0.674834 -0.90888 0.174123 0.0303164 -0.397713 0.121252 0.0940036 0.0462095 -0.0176996 -0.0810707 11.2003 0.862804 -2.9506 0.102702 -2.74702 4.60636 -1.27402 0.653348 2.40884 1.35959 -0.818388 -1.40956 0.163632 -4.52478 -3.86038 0.995877 3.42791 4.22792 -1.09431 -3.47202 3.37301 -1.29737 -1.51058 -1.83003 -1.6829 0.252074 
4.65312 0.272339 -0.492375 -0.651422 -0.838118 0.286984 -0.0325693 -0.419671 0.148901 0.152215 0.0438186 -0.0382568 -0.0854302 10.2597 -0.883224 -2.33595 2.22078 -1.70291 3.28126 -2.66001 1.81537 1.80024 0.797015 -1.75515 -1.99534 0.666552 -2.77194 -2.65918 1.7123 2.14476 2.15767 -1.11688 -2.8552 3.87528 -0.940144 -2.60673 -1.8005 -0.815077 0.798241 
4.71889 0.211914 -0.45005 -0.615215 -0.794264 0.294103 -0.118332 -0.337109 0.186347 0.125311 0.00706818 -0.0821261 -0.0884259 8.03158 -2.85886 -1.71785 4.00349 -0.0208656 1.84459 -2.92819 3.52445 0.872619 -0.228007 -2.75914 -2.2727 1.16779 0.147791 -1.22127 1.71835 1.36517 -0.693333 -1.62628 -1.17702 2.35867 -0.622366 -2.36434 -1.01107 0.430113 1.18957 
4.87985 0.169013 -0.527814 -0.519055 -0.802799 0.393102 -0.249792 -0.229339 0.185325 0.128663 -0.0499151 -0.176895 -0.0536043 6.90773 -3.04196 -0.940801 4.63448 -0.0958339 0.164078 -2.59262 3.50421 0.687863 -0.581852 -2.45874 -1.81566 1.61843 -0.188698 -0.631 1.41904 1.42923 -1.27509 -3.47412 1.91465 0.0857562 -0.758244 -1.1431 -0.0203587 1.35107 1.22614 
4.97551 0.101934 -0.458079 -0.460609 -0.861545 0.436497 -0.32007 -0.103327 0.191254 0.0133294 -0.127408 -0.191802 -0.0548503 4.32955 -2.81414 -0.0779928 5.18307 -0.327013 -2.21721 -0.920461 2.31786 0.142194 -0.451979 -1.89721 -1.29769 1.98581 -3.41562 0.563008 0.855603 1.25851 -0.802824 -5.31374 4.69831 -3.13446 -0.762136 1.24179 1.43871 1.54926 0.921712 
5.17252 0.00910379 -0.505218 -0.318535 -0.810675 0.328759 -0.37222 -0.0152676 0.199855 0.0137827 -0.228963 -0.210095 0.0608799 -1.89873 -2.94931 0.644218 4.49919 1.10525 -4.75455 0.796523 1.49744 -0.710099 -1.02021 -1.3717 -0.0241529 1.5995 -10.4672 1.14497 0.776357 -0.712602 1.54237 -5.44896 5.477 -4.72617 -1.20247 1.53827 2.62728 2.10593 -0.671005 
5.27559 -0.0582148 -0.460474 -0.239735 -0.879537 0.271247 -0.323885 0.0185787 0.185315 -0.0308597 -0.2132 -0.175881 0.07814 -2.37216 -2.85819 0.607167 3.27579 2.03388 -6.01752 1.90122 0.953157 -0.704887 -1.10601 -0.206538 1.24801 1.23714 -10.8138 0.883258 0.445405 -2.9408 3.72275 -3.83412 3.45053 -3.18326 -0.797772 0.576062 2.66156 2.24212 -1.71158 
5.22064 -0.0328283 -0.47622 -0.115948 -0.911916 0.0786057 -0.175848 -0.100645 0.177405 0.0576387 -0.14353 -0.172334 0.120983 -2.17263 -2.20509 1.03911 3.19049 1.53356 -5.81357 1.6224 0.824418 -0.433085 -1.43196 0.834249 1.88376 0.651446 -3.67315 0.373344 0.197526 -3.22359 2.76474 0.80529 -1.28747 0.767552 0.150166 -1.54154 1.71435 1.71531 -2.13056 
4.78504 -0.00192398 -0.400077 -0.0185427 -0.890679 -0.196381 0.0410438 -0.288878 0.132306 0.158747 -0.132686 -0.186387 0.148667 -0.977583 -1.57377 0.758733 2.91101 0.833736 -5.2487 0.826801 1.37216 -0.546971 -1.2539 1.72049 2.03864 -0.134633 8.09334 0.16704 -0.345706 -1.70393 -0.911057 4.9773 -5.49651 4.66614 1.02137 -2.58077 0.848848 0.669971 -1.86067 
3.88341 -0.163653 -0.393999 -0.2309 -0.430437 -0.33523 0.0110113 -0.176306 0.0173516 -0.0813549 -0.126036 0.0276397 0.0160826 0.821285 -1.40468 0.773951 2.20447 0.287278 -4.33931 -0.34632 2.71637 -0.878114 -1.39408 2.38357 2.27755 -1.02562 16.9688 0.730661 -0.662604 1.41197 -5.54367 5.66741 -6.02492 5.31185 1.03117 -0.552657 0.34813 -1.17505 -0.557542 
4.95638 -0.190723 -0.434871 -0.284063 -0.52519 -0.285051 -0.0682795 -0.0244744 0.171191 -0.0773506 -0.00619504 0.0643263 0.0518104 2.41842 -1.17849 0.681163 1.89998 -0.391499 -3.26646 -1.72513 4.09964 -1.02194 -1.51564 2.60251 2.18138 -1.61206 8.84541 0.867279 -0.209645 2.37386 -5.56112 2.95686 -3.22145 3.22778 -0.729706 0.945219 0.013533 -1.56179 -0.449062 
5.11823 -0.0904603 -0.356152 0.0470413 -0.859009 -0.070228 -0.315884 0.0750094 0.196604 -0.16115 -0.00385453 -0.0142923 0.0340286 3.19449 -0.999551 1.21138 1.76334 -1.34213 -1.82145 -2.64286 4.92224 -1.2013 -1.78401 2.59206 1.77017 -2.23995 -2.46716 0.349045 0.399856 0.214972 -1.51476 -1.05245 1.28967 -0.15625 -1.80984 1.91676 0.133292 -0.876592 -0.600668 
5.26574 -0.117874 -0.413553 0.043864 -0.914404 -0.19483 -0.330139 0.212448 0.104024 -0.110952 0.0260064 0.00090943 -0.0289799 2.69987 -0.759624 1.26777 2.43783 -1.46262 -1.01174 -2.94445 4.28706 -1.61796 -1.85328 2.30052 1.05788 -2.18073 -12.2737 0.0910117 1.3381 -0.748502 2.68797 -2.07345 3.34885 -3.58689 -1.70114 0.722007 -0.321598 -0.483649 -0.373901 
5.39359 -0.221306 -0.398257 0.00476932 -0.830531 -0.309925 -0.35676 0.364496 0.0219736 -0.106249 0.0860637 0.0850001 -0.0474946 -2.32091 -0.534201 1.77682 2.74103 -0.707329 -1.38754 -1.94108 1.81594 -1.91095 -1.0572 2.1633 0.53299 -1.1636 -17.2938 -0.0622756 1.45548 -1.22541 5.47734 -1.05216 3.01715 -5.87443 -0.69547 -0.767808 -0.675751 -0.181538 0.613821 
5.20142 -0.171802 -0.35138 0.0440325 -0.919444 -0.320997 -0.352168 0.381142 0.0157312 -0.132055 0.15534 0.0932991 -0.114179 -14.2118 -1.54708 2.03742 0.604524 3.08418 -1.92891 0.00170359 -0.580908 -2.58151 -0.789624 0.956452 0.269698 -0.70565 -16.2646 -1.03405 0.673331 -2.1866 6.70224 0.378568 2.32757 -6.16854 0.370561 -0.467386 -1.63611 -0.62565 2.23374 
4.87455 -0.144693 -0.213099 0.0781384 -0.928525 -0.318502 -0.292304 0.297769 -0.0210083 -0.149416 0.174366 0.0476189 -0.189883 -20.9726 -3.22263 1.70406 -1.52005 6.45511 -1.9103 1.85336 -2.39046 -2.23894 -0.709458 0.25634 0.263417 -0.194942 -14.8076 -2.7316 -0.813091 -3.0861 6.49302 1.37033 1.69001 -4.14364 0.88983 0.0679942 -2.30514 -0.585822 2.65573 
4.52529 -0.182799 -0.250029 0.205657 -0.692759 -0.383966 -0.31542 0.152151 -0.122027 -0.2399 0.113896 0.0237907 -0.138665 -20.7425 -4.05738 -0.0344741 -1.87359 7.05024 -1.5568 2.26834 -3.43117 -1.41847 -1.02144 0.140109 -0.275731 0.618752 -4.25568 -3.68982 -3.21394 -3.94103 3.18726 0.873575 1.62731 -0.423771 1.47245 0.850416 -1.25053 -0.445015 1.62384 
3.76442 -0.262548 -0.175495 0.0714778 -0.445574 -0.45225 -0.295185 -0.00834422 -0.109593 -0.224334 0.203277 0.137236 0.00129556 -13.9731 -3.61812 -1.6434 -2.22698 6.21279 -0.73279 2.25386 -3.24863 -0.587619 -0.307651 -0.0347916 -0.838269 1.13114 15.3564 -1.70195 -4.87786 -1.67204 -2.52861 0.986679 0.442472 3.21279 1.72245 1.16391 -0.0177009 -0.929246 -0.0934767 
2.91876 -0.435118 -0.18906 -0.250498 -0.150544 -0.384049 -0.106852 -0.0603562 -0.120768 -0.152102 0.0115497 0.0160093 -0.00961268 -5.12275 -2.88528 -2.49431 -1.8451 5.09374 -0.242797 1.69082 -2.38444 -0.456745 0.339403 -0.183756 -1.10835 1.59631 31.6766 2.7021 -3.91948 2.85055 -7.79273 0.762846 -1.90239 4.31633 1.21492 0.99084 1.774 -0.710726 -0.731197 
2.61894 -0.634815 -0.235226 -0.18596 -0.0672773 -0.318984 -0.059984 -0.0743351 -0.0943141 -0.221648 0.022828 0.0314961 -0.0475059 0.727114 -1.46048 -1.80696 -0.884748 2.95392 0.509567 1.14496 -1.22861 -1.04729 0.502853 -0.645518 -1.07045 1.52421 30.0538 6.39253 0.429667 4.84662 -8.42543 0.842112 -2.88629 3.16285 -0.831928 0.868281 0.994193 -0.457165 -0.560598 
3.57996 -0.660966 -0.635006 -0.132556 -0.229473 -0.512272 -0.107575 -0.0189458 -0.0729809 -0.251009 0.173128 -0.0116547 0.0256386 8.56423 0.941085 -1.20013 -0.859564 -1.16394 0.992909 0.46695 0.739521 -0.780863 1.38354 -0.428734 -0.967094 0.688318 12.3427 7.18732 5.36886 3.3808 -6.01104 1.50497 -2.42527 1.64321 -1.97304 0.925907 -0.840055 0.459308 -0.715526 
4.64585 -0.450823 -0.600567 -0.173447 -0.36099 -0.349404 -0.145042 0.0915814 -0.0220589 -0.0797802 0.16538 -0.035845 0.0269743 15.5369 3.08998 -1.2129 0.199665 -4.06434 1.38121 -0.798918 2.49798 -0.224059 1.12359 -0.767362 -0.851263 -0.168805 -6.85791 4.37863 5.50161 0.305392 -2.9586 0.733888 -1.36321 0.933444 -0.987194 -0.188212 -1.72161 1.26917 -1.03762 
4.85129 -0.331373 -0.476935 0.00491213 -0.397877 -0.327683 -0.202633 0.0417193 -0.12601 -0.0945487 0.131636 -0.0770334 0.0523035 18.3709 4.48145 -0.848801 0.577044 -5.32997 1.23373 -2.12069 3.49213 0.50445 0.870481 -0.775692 -0.212915 -0.145106 -12.4687 0.485532 1.37628 -3.11842 -0.420197 0.0413142 -0.530611 1.7868 1.82655 -0.697264 -1.79469 1.25076 -1.24363 
4.20581 -0.247782 -0.170636 0.100487 -0.433767 -0.25269 -0.165545 0.0131249 -0.335558 -0.180267 -0.0217657 -0.0509203 0.0262893 15.7484 4.74939 -0.640986 -0.043507 -5.31902 1.27539 -2.22836 3.72838 0.902281 0.877879 -1.19994 -0.261141 -0.0949217 -5.17136 -2.61052 -4.09003 -3.27474 1.04705 -0.884521 -0.541767 1.93403 4.17831 -0.837575 0.0550075 0.593461 -0.396288 
4.86231 -0.0564722 -0.318434 -0.161824 -0.795505 -0.305987 -0.226757 0.228412 -0.163212 0.00868968 0.0798122 -0.0135089 -0.034909 9.41026 3.71342 -0.230782 -0.393174 -4.29616 1.38159 -1.99755 3.55106 1.40563 0.46612 -1.41765 -0.0200788 -0.259322 -1.47888 -4.1925 -5.08592 -0.639495 3.0616 -1.09313 -0.0257682 0.1158 2.90081 -1.3082 0.890809 -0.385455 0.90867 
5.07972 -0.0499533 -0.453502 -0.122702 -0.752591 -0.244789 -0.32844 0.340679 0.000104318 -0.123836 -0.00709104 0.00411164 -0.0654971 4.70203 2.34971 -1.48471 -0.514634 -3.13232 0.218953 -1.60501 3.20279 1.86156 -0.23685 -0.831558 0.268047 -0.192613 -2.60373 -3.11955 -2.12904 1.20238 3.13822 -1.00057 1.11138 -1.78917 0.0261397 -0.309878 1.54665 -0.61976 1.23812 
5.13474 -0.10641 -0.503322 -0.20753 -0.667841 -0.258585 -0.370964 0.39735 0.0580209 -0.112569 -0.0664896 -0.0119852 -0.0019508 3.37981 1.54005 -2.55213 -0.670083 -2.13991 -0.453866 -0.924083 2.84177 2.22759 -0.484565 0.208797 0.510292 -0.534591 -6.37388 -1.06201 0.904916 2.6624 2.11548 -1.26692 1.94728 -2.90861 -2.35497 -0.440563 2.04298 -4.03197e-05 0.0743828 
5.17026 -0.132546 -0.607393 -0.124295 -0.773048 -0.248135 -0.321802 0.374316 0.0312237 -0.10979 0.00174718 -0.0694006 0.0174946 1.9078 0.729777 -2.70204 0.335168 -0.763593 -0.556944 -0.394825 1.10611 1.6409 -1.23588 1.24846 0.599141 -0.45997 -8.29685 0.540129 2.95489 2.08413 1.5718 -0.840206 1.85195 -3.12438 -3.03677 -1.03697 1.70289 1.05279 -1.05963 
5.17901 -0.13326 -0.603671 -0.105696 -0.77978 -0.279351 -0.349503 0.397065 0.0625328 -0.117069 0.0368336 -0.0377898 0.0179916 -5.37452 -0.783354 -0.509614 1.50377 2.62024 -0.885795 1.56596 -1.4538 0.327386 -2.51846 0.827868 0.367232 -0.38601 -8.17141 0.0674335 3.25207 0.733912 2.75315 -0.4533 2.41635 -3.37046 -1.93858 -1.65487 0.613966 0.815949 -1.32717 
5.02524 -0.0571143 -0.612091 -0.095332 -0.719918 -0.345043 -0.321962 0.402939 0.0632243 -0.127026 0.0534118 0.0105932 0.000712827 -12.0955 -2.14663 1.05318 0.975231 4.74276 -1.43544 3.16922 -3.00175 0.36074 -2.18903 0.262817 0.383721 -0.776804 -10.9877 -2.78226 3.21538 -0.410298 5.35044 0.124343 2.83037 -3.56993 0.0753341 -1.77958 -1.79258 -0.119797 -0.774718 
4.90069 -0.0303215 -0.602783 -0.0434101 -0.720989 -0.384366 -0.256628 0.367065 0.0111497 -0.196252 0.146732 0.034923 -0.10936 -19.1926 -3.31787 2.29473 0.156992 5.84379 -0.721734 2.99328 -3.98904 -0.310953 -1.31201 -0.129591 0.547658 -0.657291 -14.5561 -4.8613 2.69733 -2.37581 5.66236 0.873206 1.54968 -2.66759 0.907524 0.782721 -3.23839 -0.831944 0.886161 
4.67015 -0.0746582 -0.528502 0.0563252 -0.668904 -0.277823 -0.250453 0.154604 -0.0887912 -0.332811 0.184076 0.0657513 -0.0709555 -23.4737 -4.07482 3.46736 -1.04454 6.4058 0.0760226 2.38957 -4.70006 -0.658318 -0.18698 -0.966074 0.294781 -0.179675 -12.8529 -4.02017 1.41281 -3.56472 2.29664 1.31403 -0.806936 -0.48522 0.781549 3.96394 -2.83448 -1.17687 1.61437 
3.97914 -0.290684 -0.338682 -0.0094529 -0.18992 -0.415543 0.0491146 0.0125048 0.000741851 -0.418043 0.0238767 -0.0113831 -0.0694177 -23.3014 -3.81527 2.87501 -3.31754 5.25088 1.0244 1.89496 -5.04119 -0.963031 0.923682 -1.13879 0.0514916 0.441316 -2.02024 0.317034 -1.21821 -4.38944 -4.40088 2.47365 -4.12286 1.38465 -0.770137 5.29835 -0.224009 -0.300742 1.86291 
3.24217 -0.503083 -0.353356 -0.133333 0.00788748 -0.444832 0.0899116 -0.00376901 0.206102 -0.310682 -0.127801 0.0138361 -0.133035 -18.1107 -2.54462 1.69694 -5.41887 3.63649 1.71121 1.02252 -4.86918 -0.928431 2.28191 -1.46584 0.200051 0.913909 14.0893 5.51991 -3.31858 -4.1042 -8.35945 2.36185 -4.38512 1.67851 -2.25812 3.70761 1.96655 0.511737 1.45982 
2.47138 -0.574876 -0.27356 -0.247539 -0.100279 -0.240204 -0.148614 -0.0619825 -0.0819765 -0.0879686 -0.0279142 0.0355089 0.0082453 -14.5663 -2.24395 1.342 -5.91144 1.92514 1.73072 0.64272 -3.72019 -1.25669 3.77708 -1.4622 0.235378 1.39373 23.2194 6.23555 -3.58542 -1.78792 -7.22774 0.200163 -1.02643 1.74966 -1.1003 0.684407 2.00341 0.830259 -0.0809073 
2.45449 -0.531963 -0.18353 -0.268535 -0.177894 -0.2008 -0.157449 -0.164418 -0.0938107 -0.0310849 -0.0698904 -0.0407244 0.0367739 -11.347 -1.61979 1.02494 -4.51878 0.570086 1.84468 0.00293133 -2.07005 -1.15609 3.72465 -0.857835 -0.0288838 1.02335 16.7343 2.69843 -1.66644 2.39555 -2.23427 -1.14029 1.46247 2.07295 0.254046 -2.03754 1.16675 0.5762 -1.08525 
2.85337 -0.351557 -0.414738 -0.6557 -0.35313 -0.161762 -0.138247 -0.183597 -0.0876088 -0.0177789 0.00990549 0.0262572 0.0579921 -0.115395 -0.287428 -0.419623 -2.46177 -2.1463 2.18972 -0.699798 -0.263796 -1.28741 2.80136 0.542945 0.287906 1.03196 7.87976 -2.04657 0.943892 7.28754 2.11027 -1.81308 2.42271 3.10332 1.53827 -3.31751 0.230046 -0.377128 -1.33302 
3.51782 -0.152642 -0.517657 -0.76888 -0.354606 -0.166538 -0.152189 -0.223226 -0.0716253 0.0762154 -0.0704971 0.10862 0.0303955 11.8233 -0.0510944 -0.00714195 -0.509707 -2.57905 1.90003 -0.718142 1.43542 -1.44437 1.15462 1.46978 0.352317 1.00238 5.94123 -4.53813 2.24674 8.25775 2.3246 -0.685807 0.515508 4.15418 1.35377 -3.61638 1.00419 -0.769114 -0.583224 
2.88318 -0.495165 -0.279845 -0.545443 -0.347377 -0.223049 -0.0141255 -0.141398 -0.196743 0.171217 -0.0353801 0.056436 0.0569017 18.7434 -0.741508 0.560888 1.60224 -1.71237 0.950652 -0.755559 2.69189 -0.868856 -1.14378 1.33049 0.587534 0.260536 13.6568 -2.02233 1.43059 4.77033 0.569404 0.517803 -2.60114 3.24659 0.0772361 -3.794 1.39035 -0.00815495 0.141268 
2.42206 -0.557293 -0.198952 -0.251565 -0.16383 -0.119782 -0.0838317 -0.10735 -0.0894276 -0.0545897 -0.0240467 -0.037413 -0.00400839 18.4879 -0.82021 0.867069 3.90099 -0.872488 0.330624 -1.09915 3.18098 -1.16222 -2.23276 0.921645 0.140402 0.099127 15.2318 1.31402 0.219283 0.444788 -0.975468 -0.439562 -2.70516 0.974377 -1.13089 -2.22511 0.0913718 0.307192 0.356446 
4.09365 -0.456568 -0.472717 -0.262185 -0.429981 -0.129044 -0.0640867 0.0786512 -0.047626 -0.0661917 0.0856821 0.0512305 0.0690687 14.9621 -0.634227 1.27475 5.71534 -0.784567 -0.0259766 -1.48338 3.27921 -0.895378 -2.17183 1.11324 -0.279372 -0.604921 -2.50333 3.23829 -0.137147 -1.56032 -0.318926 -1.20613 -1.5873 -1.76915 -1.14074 -0.0415272 -1.04244 -0.116694 -0.888795 
4.99007 -0.556019 -0.231786 -0.285825 -0.398069 -0.078382 -0.220858 0.210528 -0.155662 -0.0738569 0.142848 0.0809238 0.0926064 13.4613 1.28397 0.833142 5.69743 -1.86928 -1.14692 -1.84165 3.48264 -0.344212 -2.45793 1.02315 -0.346763 -0.688283 -17.9664 4.86184 -1.47289 -0.60841 -0.646767 -2.5941 0.692173 -2.73535 0.592835 1.72306 -1.82504 -0.654846 -1.52708 
4.90935 -0.588542 -0.147833 -0.160098 -0.372509 -0.122403 -0.344116 0.169687 -0.268343 -0.284928 0.0956536 0.115178 0.0345676 14.0211 4.00444 -0.446652 4.24153 -2.84121 -1.62992 -2.48267 2.72925 0.58485 -1.79832 0.518629 -0.133244 -0.815137 -19.7751 4.42686 -1.97814 -0.232533 -1.59427 -2.34231 1.84319 -1.58356 2.66718 3.21861 -0.970163 -0.878684 -0.93899 
4.49574 -0.367237 -0.261659 0.0226679 -0.339099 -0.215242 -0.231009 0.093976 -0.244076 -0.254524 -0.0407282 -0.0571649 0.0449768 9.45849 5.00768 -0.79681 3.12712 -3.12007 -2.56023 -1.98781 1.62135 1.02525 -0.389962 -0.1088 -0.324594 -0.510359 -8.11761 2.6676 -1.65814 -1.33367 -1.71952 -1.07696 0.734833 -0.390484 3.48158 2.36193 0.0600477 0.0657718 0.253582 
4.20535 -0.302798 -0.345845 -0.00463388 -0.489776 -0.192401 -0.250726 0.163293 -0.129756 -0.0797926 0.158648 0.0217976 -0.117161 -0.0620823 5.3971 -0.617201 2.54289 -1.63768 -2.77643 -1.11581 -0.212854 1.57375 0.481084 -0.888536 -1.18786 -0.5349 3.38047 0.441379 -0.699359 -2.48145 0.224711 -0.0865233 0.504849 -1.07192 1.75761 1.13724 -0.652703 -0.181387 2.00227 
4.65076 -0.0379598 -0.309738 0.0872323 -0.641861 -0.430184 -0.291555 0.295493 -0.0754143 -0.195359 0.0456163 0.0417973 -0.0269956 -4.09603 5.7847 -1.58775 0.943696 -0.845541 -2.59353 -0.296952 -1.65758 2.16252 1.85499 -0.872117 -1.96351 -0.0290462 0.399878 -2.50393 0.698556 -3.61043 3.80019 1.8167 0.520361 -3.2285 -0.604871 1.38285 -0.41283 -1.30602 1.82193 
4.78467 -0.00763587 -0.364385 0.0549433 -0.683999 -0.331835 -0.383143 0.225599 0.00212867 -0.12082 0.0514407 0.0129558 -0.0246199 -4.08633 4.93477 -1.20386 -1.23864 0.0489812 -1.60859 -0.228957 -2.36461 2.15674 2.98203 -0.575484 -1.98308 0.391179 -5.822 -3.16615 1.27958 -3.70191 5.08942 2.04704 0.928691 -3.84593 -2.17403 1.13243 -0.247849 -1.52704 0.82478 
4.61407 0.0274621 -0.390924 0.0669751 -0.602121 -0.414347 -0.32949 0.146893 0.0547993 -0.101642 0.0073012 -0.0469472 0.0364013 -3.99434 3.3179 -0.233026 -2.88633 1.21789 -0.788991 -0.498636 -3.08417 1.55874 2.89412 -0.538498 -1.59562 0.5324 -7.1459 -2.55875 1.32348 -3.33637 3.50023 2.13011 0.551568 -2.45147 -2.13895 1.19785 0.310526 -0.64643 -0.474168 
4.38371 0.0823238 -0.387368 -0.0147232 -0.454926 -0.412727 -0.226916 -0.00517148 0.0105636 -0.0219271 -0.0342717 -0.123461 0.0250845 -4.47461 2.02523 0.15604 -3.43941 2.55848 -0.312241 -0.282357 -3.71168 1.00433 2.42796 -1.38842 -1.49833 0.804817 -2.49375 -2.16433 1.09339 -1.80077 0.333338 1.3437 -0.680611 0.484149 -0.762941 -0.039241 0.510463 1.55271 -1.13777 
4.1563 0.115865 -0.379805 -0.195981 -0.367574 -0.374611 -0.300651 -0.114759 -0.00662088 0.126455 0.0250493 -0.233872 0.0736097 -5.48434 0.655688 0.00809431 -3.432 2.68344 0.479275 -0.0391173 -3.44991 0.580962 2.49835 -1.27369 -0.994276 0.618206 4.16535 -1.42258 0.321529 1.33848 -2.16009 -0.0738162 -0.609555 2.84388 0.293747 -2.05479 -0.799804 2.84117 -0.578293 
4.06234 0.0739074 -0.31913 -0.295662 -0.366267 -0.298819 -0.351544 -0.143532 -0.0099632 0.122482 0.00848805 -0.153246 0.0239159 -3.64638 0.374817 -0.129294 -2.20986 1.7074 0.00565884 0.149149 -2.23985 0.51217 1.59343 -1.28699 -0.138417 0.645691 7.35716 -0.730241 -1.16502 3.89639 -3.07822 -0.961541 0.094405 3.35137 0.936501 -2.40777 -0.958452 2.26257 0.353543 
3.95188 0.0803064 -0.299172 -0.32162 -0.321669 -0.34024 -0.314563 -0.18413 0.0192575 0.13167 -0.031021 -0.152848 0.00954051 -0.567678 -0.000567518 -0.419727 -0.301784 -0.0691335 -0.209626 0.394087 -1.07831 0.6919 0.716805 -0.887384 0.37097 0.589841 7.51912 -0.110426 -1.80139 5.36338 -3.38538 -1.47549 1.12345 2.77353 0.726361 -2.12317 -0.104743 0.840379 0.991448 
4.08646 0.0519385 -0.340167 -0.316806 -0.307802 -0.364361 -0.327069 -0.154932 0.071724 0.103251 -0.113939 -0.0769676 0.0230715 0.98423 -0.700777 -0.00350463 1.46919 -1.46221 -0.863675 0.745452 0.0585316 0.416628 0.186641 -1.23647 1.0387 0.692977 3.61412 -0.0845661 -0.478249 4.52907 -2.76023 -1.31578 1.71042 1.27603 -0.542763 -0.72898 0.682213 -0.494252 0.702227 
4.21476 0.0569633 -0.388814 -0.227424 -0.415541 -0.351501 -0.319697 -0.0814838 0.0405324 0.108416 -0.1403 -0.0789323 0.10551 0.492413 -1.16341 0.347932 3.01706 -1.72932 -1.84289 0.657451 0.151994 0.88209 -0.66721 -1.52967 1.78788 0.99807 -2.48682 -0.752459 1.48662 2.06573 -0.692257 -1.33201 0.536225 -0.67526 -0.474114 0.0234584 0.753894 -0.305216 0.145926 
4.37228 0.0880248 -0.44205 -0.0942699 -0.482123 -0.41033 -0.299647 -0.070859 0.103822 0.0561023 -0.105754 -0.0411622 0.101995 1.4541 -0.980619 0.116603 3.69236 -2.16175 -1.90895 0.43417 0.413656 1.27847 -1.31115 -0.786889 1.59946 1.09077 -5.04746 -1.0412 2.27443 -0.574307 0.853965 -0.403403 -0.936611 -1.22502 0.0370796 -0.272112 0.45176 0.403808 -0.388127 
4.44546 0.0579876 -0.44508 0.072197 -0.589639 -0.46372 -0.173016 -0.0872063 0.113832 0.0328647 -0.0476516 -0.112468 0.11044 2.55051 -1.18203 0.338849 3.65465 -2.81806 -1.11832 -0.0207834 1.22341 0.874215 -1.52536 0.314436 1.26895 0.537602 -2.59974 -0.516652 1.33305 -2.36536 1.25908 1.07076 -2.32617 0.00262808 0.437745 -0.715052 0.809249 0.6228 -0.92929 
4.1922 -0.0506853 -0.255417 0.027197 -0.572535 -0.503243 -0.160944 -0.0732013 -0.0378306 0.13393 -0.204423 -0.0293593 0.107674 3.09247 -1.37619 0.470357 3.32202 -3.09553 -0.692635 -0.287316 1.9814 0.287848 -1.60934 1.44225 1.00277 -0.367032 4.03452 0.359371 -1.15626 -1.87551 -0.201686 2.26228 -2.12975 2.13213 0.458347 -1.30255 2.46825 -0.178965 -1.58495 
3.86376 -0.0794041 -0.242182 0.0635967 -0.467638 -0.608784 -0.356867 -0.198989 0.17949 0.0122569 -0.191415 0.0910421 0.190128 3.71897 -1.6095 0.306818 2.74668 -2.7812 -0.634692 -0.68868 2.82133 -0.199579 -1.88754 2.14341 1.18575 -1.29356 8.38921 0.54155 -2.28761 -0.631513 -1.8037 2.21257 -0.150759 4.06609 -1.67568 -0.516692 2.96006 -1.08547 -2.28522 
4.38141 -0.000408825 -0.361031 0.0916081 -0.621338 -0.477154 -0.331006 -0.0684082 0.225931 -0.112196 -0.0458587 0.04828 0.117635 4.1004 -1.74727 0.336656 1.93079 -2.53155 -0.346114 -1.06657 3.46879 -1.0491 -1.81363 2.41319 1.19904 -1.73567 4.46892 -0.204917 -1.19008 0.16366 -0.893741 0.0424341 0.866176 2.85683 -2.81145 0.582615 1.45222 -0.610461 -1.75138 
4.58882 -0.0730802 -0.318787 0.109854 -0.742381 -0.383357 -0.332896 0.116169 0.0880903 -0.0594623 0.0467527 -0.017484 0.0292896 4.47788 -1.57331 0.364312 1.31705 -2.11958 -0.53295 -1.03047 3.65394 -2.04657 -1.5092 2.41829 1.25726 -1.91206 -1.70567 -0.420562 0.484606 0.0165518 1.02672 -2.10722 1.33821 -0.229321 -2.64503 1.09664 -0.869843 0.298127 -0.160096 
4.7199 -0.116012 -0.366332 0.16995 -0.797446 -0.44395 -0.327356 0.218899 0.0305484 -0.0838742 0.112327 0.032039 -0.0392632 4.35496 -1.08154 0.242281 1.45457 -2.08054 -0.551925 -0.50012 3.05802 -2.60714 -1.52118 2.87945 0.680677 -1.88023 -6.77973 0.0148314 2.15346 -0.779213 2.3632 -2.11334 0.805654 -3.22035 -1.65387 1.13329 -2.26321 0.489968 1.36343 
4.76481 -0.139419 -0.405641 0.22615 -0.785777 -0.531663 -0.34863 0.303644 -0.00747678 -0.150792 0.145149 0.0957023 -0.0738511 2.84438 -0.944215 1.08692 1.01136 -1.88614 -0.388752 0.0351991 2.06953 -3.49106 -0.771872 2.36632 0.277491 -1.52088 -7.33059 0.837144 2.40549 -1.18259 1.95294 -0.385461 0.0878273 -4.83494 0.182392 0.704041 -1.7179 -0.288742 2.16999 
4.71276 -0.169654 -0.312857 0.190022 -0.786765 -0.531905 -0.357366 0.278362 -0.0788107 -0.132731 0.135027 0.0989014 -0.0800255 -1.28997 -0.687962 1.86545 0.66439 -0.491815 -0.917589 0.122944 0.241987 -3.25267 -0.0669755 1.24887 0.379 -0.630081 -4.59545 1.49797 1.1954 -0.845364 0.921394 1.3447 0.173196 -3.78557 1.22506 0.515144 -0.701187 -1.08774 1.74233 
4.63937 -0.187204 -0.227868 0.178479 -0.755765 -0.622323 -0.28835 0.239464 -0.224746 -0.0699959 0.0945043 0.107381 -0.0555858 -3.91963 0.0393098 2.17009 0.168605 0.4801 -0.30225 -0.0567056 -1.44534 -1.9257 -0.53107 0.777191 0.130357 -0.148672 -3.03105 1.34344 0.090336 -0.555531 0.543117 2.54067 -0.419896 -2.02679 2.47798 -0.116149 0.0259882 -1.24506 0.653191 
4.48957 -0.139013 -0.207956 0.226396 -0.783011 -0.566618 -0.320249 0.14221 -0.210176 -0.151577 0.185958 0.0749486 -0.053482 -6.26038 0.513284 2.84361 -0.606222 1.10343 0.594807 -0.0909246 -2.62128 -1.17774 -0.239377 0.5679 -0.283436 0.224988 -2.33748 0.771556 -0.328209 -0.813149 1.0571 1.88546 -0.382768 -0.530324 2.58288 -0.124531 -0.17944 -0.480408 -0.160337 
4.47025 -0.141032 -0.144087 0.176015 -0.813896 -0.497402 -0.370906 0.0839171 -0.182438 -0.133695 0.196753 0.0612655 -0.00912676 -8.1081 0.729572 3.28642 -1.35218 1.47062 1.35242 -0.0174885 -2.83013 0.0435296 -0.116451 0.189988 -0.189663 0.353182 -2.97484 0.189037 0.0847214 -1.15319 1.47455 0.840861 -0.0231632 0.563517 2.20887 -0.274633 -0.585381 0.488197 -0.633595 
4.29437 -0.0979889 -0.149324 0.19178 -0.705377 -0.537018 -0.290386 0.0706669 -0.209662 -0.0596135 0.129705 0.0595936 -0.00852991 -8.50016 -0.234069 3.34329 -1.6599 1.71031 3.05125 -0.323217 -2.40551 0.88422 -0.16483 -0.0973811 -0.0294511 0.700537 -2.08136 -1.50938 1.11097 -1.49192 0.696995 1.62074 -0.263018 0.982266 1.29017 -0.128844 -0.718757 0.952395 -0.0182306 
4.13113 -0.0836245 -0.0960231 0.151607 -0.678288 -0.397571 -0.372941 0.00990967 -0.0928537 -0.214263 0.189482 0.0176459 -0.0699264 -7.96751 -1.78861 3.3362 -1.65993 2.15211 4.3344 -0.64375 -1.97968 1.09055 -0.365752 -0.347871 0.53644 0.93113 0.426844 -3.42653 1.05289 -0.584766 0.228203 1.96396 -0.0491926 1.23494 -0.501928 0.543478 -0.993068 1.45643 1.07783 
3.88154 -0.0769135 0.00964493 0.0740389 -0.628368 -0.424491 -0.344705 -0.0733856 -0.145004 -0.11675 0.198151 0.0509049 -0.0333222 -5.9576 -3.56131 2.80759 -1.83876 2.23898 4.09135 -0.634941 -1.14659 0.969631 -0.217685 -1.21585 0.91265 1.08938 4.63646 -4.6534 -0.578845 0.6626 -0.444155 1.89282 -0.464831 1.48481 -0.909541 -0.073152 -1.06222 0.990251 1.25455 
3.66412 -0.0886281 0.0935084 -0.00281762 -0.595067 -0.393894 -0.327668 -0.00741515 -0.013024 -0.142748 0.111877 0.13299 -0.0246506 -3.89419 -5.10349 1.30823 -2.39412 2.32187 4.23186 -0.384331 -0.767857 0.941489 -0.29046 -1.17848 1.04143 1.1941 7.71412 -4.43154 -3.06309 0.58735 -0.424754 0.555777 -0.22732 0.846201 -1.26024 -0.059336 -0.420062 0.00814143 0.807627 
3.70795 -0.347506 0.161117 -0.00669941 -0.590935 -0.0364334 -0.395945 -0.0115561 -0.0715292 -0.116646 0.0933734 0.0952585 0.0770274 -0.459116 -6.50013 -0.266794 -2.84397 1.49739 4.39683 -0.574961 -0.445917 1.2684 -0.656789 -0.893187 1.26556 0.892108 7.71691 -1.92448 -5.04731 -0.436991 -0.545852 -2.18566 0.471065 0.34876 0.0875019 -0.522966 0.370406 -0.304522 -0.908403 
3.73998 -0.509458 0.170838 0.0571705 -0.490462 -0.0162463 -0.400555 -0.058453 -0.156966 -0.168821 0.102302 0.192568 0.0932746 3.2352 -7.08564 -1.6853 -2.97476 1.20836 3.71018 -0.33084 -0.395806 1.072 -0.23679 -1.20639 1.21726 1.03858 6.37627 0.601999 -4.65507 -1.791 -1.1119 -2.51444 0.505907 -0.259611 1.537 -0.407754 0.798115 -0.828029 -1.54848 
3.95783 -0.627011 0.0551437 -0.00631492 -0.543867 -0.155859 -0.415286 0.00778216 -0.0758956 -0.169016 -0.00959929 0.157965 0.0879653 6.0681 -6.85148 -2.82875 -3.23184 -0.0377526 2.74846 0.133461 -0.0164423 1.51397 -0.685265 -1.28198 0.437316 0.719079 3.37893 2.33817 -1.94351 -1.79531 -1.74326 -1.86956 0.983016 -0.461536 1.41149 0.0402098 0.682969 -0.871704 -1.07623 
3.98808 -0.739572 -0.141678 -0.206542 -0.457831 -0.012983 -0.346697 -0.0421596 -0.0337032 -0.147005 0.0763965 0.149296 0.10784 7.37786 -5.47773 -3.27405 -3.62149 -0.93193 1.33646 0.356306 -0.255796 1.22916 -0.675664 -0.789365 0.158622 0.586246 0.991922 3.37475 1.47494 -0.403686 -2.48947 -1.85068 0.606931 0.0880578 0.468909 -0.00557686 -0.202485 -0.644355 -0.101476 
4.22977 -0.850804 -0.223863 -0.22542 -0.564774 0.0450197 -0.400297 -0.0295847 0.0645066 -0.241603 0.0974915 0.208821 -0.00895269 7.89652 -2.80625 -2.9988 -3.37313 -1.29715 -1.07279 -0.462928 0.408112 1.99912 -0.215255 -0.842461 -0.169963 0.306212 -0.900829 4.16508 3.32015 1.09252 -1.53347 -2.44437 -0.708726 0.846876 -0.658331 0.835355 -0.572532 -0.921454 1.13395 
4.4543 -0.879269 -0.19813 -0.265724 -0.504278 0.0172429 -0.399607 -0.109355 0.0294436 -0.164599 0.00686351 0.179694 0.102463 6.73775 -1.27667 -2.25937 -3.30683 -1.20335 -1.1438 -0.917881 0.794648 2.23833 0.323022 -0.819436 -0.961848 0.148663 -3.0915 3.97838 2.78662 1.75806 0.134434 -2.47846 -1.80929 1.56748 -0.507989 0.911254 -0.0737109 -0.770485 0.37762 
4.48299 -0.887626 -0.208194 -0.361454 -0.727136 -0.0872706 -0.268673 0.00389967 0.102805 -0.214653 -0.0391656 0.0792426 0.0904613 5.40442 0.335048 -0.824369 -2.54344 -0.710019 -0.851966 -0.740408 0.912053 1.5637 0.941854 -0.491859 -1.20711 -0.0394595 -3.23795 3.06026 1.56453 1.71142 2.49015 -0.627441 -2.00987 1.08338 -0.389846 1.58354 0.460793 -0.573383 -0.536128 
4.50216 -0.812117 -0.193786 -0.425901 -0.713763 -0.0886166 -0.338266 -0.0481634 0.0352091 -0.222123 0.0348863 0.178381 0.131471 3.42156 0.93674 0.382386 -1.22306 -0.0904596 -0.57764 -0.652478 0.628412 0.765768 1.10957 -1.10728 -1.4659 0.0859727 -3.70927 0.61464 0.567229 1.56327 3.3074 2.33668 -0.0117448 -0.271195 -0.581322 1.21791 0.182523 -0.772616 -1.04855 
4.73131 -0.656842 -0.169334 -0.295313 -0.644501 -0.292204 -0.618472 0.101495 0.178983 -0.103266 -0.034514 0.0951705 0.125029 0.893967 1.06192 0.49631 -1.09874 0.66274 -0.306934 -0.708931 0.725584 0.687144 1.51937 -0.666327 -1.32063 0.110228 -4.28681 -1.89211 -0.00222385 0.530305 1.83625 3.89776 2.25975 -1.60783 -1.08142 -0.0528035 0.309306 0.268268 -0.876823 
4.52396 -0.760773 -0.203511 -0.409101 -0.547267 -0.129049 -0.514757 0.0645553 0.167426 -0.106556 -0.028952 0.0170549 0.0659733 -0.861929 0.662525 0.332728 -0.677246 0.873569 0.537664 -0.848575 0.0745684 0.378618 1.74061 -0.226721 -1.04816 -0.254774 -3.04967 -2.25409 -0.154594 0.316512 -0.234001 2.2755 1.85209 -2.10512 -1.1435 -0.224541 0.154864 1.03477 0.335778 
4.6443 -0.641117 -0.132924 -0.415265 -0.56206 -0.0867239 -0.380591 0.0749215 0.105504 -0.0186763 0.00544438 0.0125215 0.0352572 -1.77687 0.035512 0.0651856 -0.674804 0.988295 0.83044 -1.27805 -0.420524 0.0689513 1.7016 -0.284924 -0.431761 0.0802483 -2.40803 -2.13562 -0.897918 -0.440509 -2.11053 -0.379593 -0.392917 -1.16759 -0.200415 -0.808066 0.106161 1.46352 1.05668 
4.43567 -0.779596 -0.12131 -0.31477 -0.481646 0.0657938 -0.379571 -0.0747902 0.0389549 -0.0936758 -0.114644 0.00738444 0.105778 -2.76346 -0.524917 -0.169576 -0.571881 0.166919 1.11077 -0.261254 -0.849398 -0.18862 1.27296 -0.479155 -0.154678 0.31881 -0.285673 -0.211138 -0.986023 -0.775354 -2.59187 -2.25119 -1.53502 -0.00095363 0.213696 -0.431621 0.481024 1.54608 1.04186 
4.38114 -0.796169 -0.192604 -0.440614 -0.540225 -0.0582921 -0.492475 0.0621972 0.194755 -0.0418341 0.0156945 0.0815876 0.0600941 -4.33832 -0.699368 -0.719121 -0.357048 -0.75141 1.69211 0.672441 -2.05271 -0.753657 0.214737 -0.436796 0.287343 0.645499 0.0597725 1.15371 -0.731247 0.61393 -1.75844 -1.33522 -0.389717 -0.486233 -0.31268 -0.99334 -0.576575 0.277601 0.815899 
4.37021 -0.802422 -0.171981 -0.401243 -0.562738 0.00134982 -0.482717 -0.114479 0.0716321 0.0555679 -0.0261865 0.0220553 0.096834 -4.96298 -0.0239953 -1.26802 0.62351 -0.351662 1.20499 -0.497547 -2.32004 -0.108876 -0.186887 -1.24488 0.132239 0.734951 -1.70315 1.56629 -0.901999 1.4273 0.424922 0.58261 0.796988 -0.713257 0.197519 -1.82664 -1.26568 -0.648607 -0.127672 
4.33489 -0.811649 -0.217166 -0.499581 -0.661875 -0.112802 -0.576641 0.00299079 0.116957 -0.0314565 -0.0682734 0.0977553 0.159017 -6.50959 0.949337 -2.48362 0.877196 0.62413 1.61487 -0.706842 -1.8088 -0.129455 -1.24782 -1.04543 0.309296 0.693297 -3.04694 2.37425 -1.33663 2.35094 2.97742 2.4483 1.25364 -0.76592 0.014493 -1.82834 -0.838706 -1.00644 -0.85063 
4.25128 -0.767653 -0.201151 -0.413262 -0.656727 -0.0177823 -0.423001 -0.0939364 0.0601576 -0.0330131 -0.0635281 0.118006 0.164043 -7.31596 2.80181 -3.18018 0.314577 1.4684 1.54995 -0.421111 -1.58832 -0.465525 -1.9258 -0.48643 0.506393 0.457208 -3.8718 2.56793 -2.04099 0.696881 4.17514 1.92556 -0.297565 0.223344 0.0359268 -1.85805 0.170722 -0.347126 -0.832294 
4.02231 -0.735552 -0.296096 -0.317678 -0.680078 0.0765249 -0.395367 -0.246927 0.0571238 -0.13566 -0.103036 0.0450086 0.153208 -8.87454 3.77118 -3.06945 0.308365 2.66405 1.72687 0.196005 -1.87954 -1.32202 -3.18632 -0.722277 0.203014 0.230144 -2.65423 2.63306 -1.17888 -1.96281 3.36635 -0.389356 -0.735426 1.69924 -0.624668 -1.33039 1.5882 0.702415 -0.686047 
3.85346 -0.698047 -0.352077 -0.262426 -0.428716 0.105178 -0.585305 -0.249693 0.18534 -0.0984663 -0.263378 -0.0336032 0.107385 -9.77809 4.35678 -3.02651 -0.980511 2.96363 1.00548 0.603119 -1.06608 -0.870297 -2.68501 0.316275 0.341863 -0.0869356 -0.851192 1.67998 0.572272 -3.87958 -0.00432417 -2.30527 0.859585 1.46312 -1.5712 -0.00286158 2.69941 1.09885 -0.0169515 
3.6627 -0.503945 -0.521717 -0.293687 -0.352301 0.224831 -0.466484 -0.0966745 0.035036 -0.25798 -0.075662 0.114888 0.144017 -9.83221 4.49142 -2.34756 -1.70235 3.11458 0.346949 1.12167 -1.22216 -0.98375 -1.3392 1.00393 0.35134 -0.294199 1.01436 -0.568443 2.67359 -3.71416 -2.51662 -3.79144 1.34598 0.296589 -0.259948 2.48642 1.61214 0.328642 0.0893535 
3.48203 -0.369524 -0.559741 -0.461205 -0.31795 0.141692 -0.498367 -0.22263 0.000467293 -0.309948 -0.0404472 0.150023 0.153315 -8.56329 4.37253 -1.76386 -2.57625 3.23854 -0.937255 0.825255 -1.25337 -1.25798 -0.393081 1.25826 0.772861 0.260117 2.96571 -2.04324 3.11356 -1.0662 -2.4434 -2.70708 1.57729 -0.857578 0.404789 4.20825 0.348089 -0.196048 0.516035 
3.26419 -0.3493 -0.479139 -0.459207 -0.269594 0.0686121 -0.446239 -0.237804 -0.0727123 -0.434654 -0.100522 0.0657009 0.0969342 -7.16327 3.67515 -0.733042 -2.79308 2.87558 -1.7012 1.17088 -0.932069 -1.55465 0.417012 0.89024 0.663409 0.708344 3.93941 -2.34784 1.78713 1.24657 -0.961732 -0.813865 0.29231 -1.18186 0.758289 3.84095 -1.21221 -0.425632 1.16234 
3.20324 -0.316954 -0.496427 -0.658677 -0.367374 -0.000153991 -0.374277 -0.173619 0.0316768 -0.144238 0.058685 0.0980833 0.129324 -5.84324 2.67286 0.411305 -2.22216 1.60732 -1.82736 2.4732 -0.951039 -1.88902 1.16513 0.880733 0.350039 0.54534 3.42426 -1.8738 0.888668 3.34025 0.903701 1.05303 -0.224542 -0.465642 -0.267302 0.739795 -2.47895 -0.700522 0.637239 
3.13479 -0.302075 -0.43916 -0.620647 -0.333179 -0.044458 -0.329066 -0.254115 0.00351628 -0.0804711 0.0340608 0.144279 0.128161 -4.25778 1.48425 1.33305 -0.919878 1.75467 -1.61075 2.12515 -1.34631 -1.47444 2.06018 -0.331421 -0.605315 0.378958 2.21585 -1.06122 0.136977 3.30157 1.05561 2.21292 0.0851462 0.749025 -1.03352 -1.62971 -1.88834 -1.0697 -0.138481 
3.20083 -0.228835 -0.473286 -0.590593 -0.158615 -0.0696382 -0.376989 -0.404642 -0.110363 -0.10562 -0.00660347 0.183221 0.248658 -2.91856 0.745503 1.57108 0.485109 1.45967 -1.52855 2.1232 -0.532043 -1.10926 2.20266 -0.570133 -0.689529 0.0652369 0.73818 -0.977369 0.526461 2.22207 -0.531536 1.17973 0.329126 1.70715 0.0583281 -1.66788 -0.777423 -1.28915 -1.6566 
3.05462 -0.28275 -0.445556 -0.556976 -0.160964 -0.0475562 -0.358617 -0.297265 -0.101804 -0.156223 -0.152702 0.0465319 0.238264 -2.0337 0.472564 1.493 0.812954 0.970965 -1.39633 1.66242 0.112659 -0.162095 2.42028 -0.406751 -0.806672 -0.499063 0.625658 -0.563218 0.579663 0.602963 -1.62033 -0.436184 -0.0859061 1.71947 1.6634 -0.0391681 1.07348 -0.477536 -2.21844 
3.02166 -0.277879 -0.359593 -0.515445 -0.23416 -0.0134397 -0.137889 -0.241927 -0.147928 -0.0742109 -0.0359828 0.06893 0.117556 -1.74465 0.159683 1.41106 1.191 0.77643 -0.931295 1.51632 0.816971 0.202748 1.28177 -0.818102 -0.930251 -0.816328 0.755013 -0.26012 -0.297657 -1.20863 -1.78521 -1.2331 -1.229 1.48189 2.95392 0.937287 1.34193 0.454975 -0.940422 
3.04892 -0.256921 -0.361143 -0.451113 -0.0829806 0.0139467 -0.24869 -0.331294 -0.172221 -0.0686079 -0.119454 0.0126794 0.165077 -1.47076 -0.0583946 1.10522 0.647605 0.0515768 -0.655841 1.44745 1.71676 0.980618 1.159 -0.452927 -0.879571 -0.982142 0.496876 -0.149017 -0.793847 -1.90427 -1.63305 -0.68647 -0.788849 1.25033 2.49108 0.381198 0.92852 1.14482 0.107343 
3.02467 -0.276801 -0.322287 -0.433532 -0.202654 -0.192029 -0.226535 -0.240582 -0.0860836 -0.0498937 -0.0747574 0.0564207 0.096875 -1.31052 -0.236661 0.93099 0.170809 -0.641504 -0.516421 1.39401 2.1528 1.61315 1.20915 -0.0711784 -0.553181 -1.13188 0.462864 0.0164944 -1.22705 -1.66854 -0.181137 1.33079 -0.327432 0.316269 0.589618 -0.676623 -0.104799 0.894595 1.35981 
2.97742 -0.27159 -0.303925 -0.528381 -0.256605 -0.179816 -0.241405 -0.161506 0.0723443 0.0858747 -0.0180264 -0.0103473 0.0108228 -0.659851 -0.068431 0.48866 -0.241239 -0.566769 -0.461719 0.935542 1.69446 1.6436 1.0514 0.22232 0.0588435 -0.658411 0.354202 -0.0881923 -0.961804 -0.398476 0.572332 1.90804 0.267226 -0.472445 -1.36922 -1.64113 -0.799948 0.619088 1.6298 
2.97461 -0.282371 -0.341692 -0.535124 -0.228172 -0.0856398 -0.16365 -0.112355 0.0362077 0.00167688 -0.08101 0.0533541 0.107434 -0.51405 -0.116241 0.0533828 -0.540671 -0.434224 -0.280606 0.355594 1.48071 1.57028 0.533349 -0.140266 0.117289 -0.0956839 0.524261 0.0822131 -0.281073 0.489378 0.696064 0.957463 0.0110222 -1.32566 -1.8371 -0.973052 -0.219348 0.157477 0.646945 
