2.85473 -0.449193 -0.393468 -0.410365 -0.27373 -0.2579 -0.200514 -0.143695 -0.206828 -0.206765 0.0250633 0.10015 0.036406 -1.28608 -0.114096 0.335534 -0.210306 0.518862 0.590702 1.27555 1.09781 0.000647038 -0.633375 -0.505005 0.0754372 -0.0880033 -1.31359 -0.324351 0.312538 -0.0801989 0.355976 0.554077 0.838731 0.819862 -0.300607 -0.805346 -0.344993 -0.276482 -0.271612 
2.84491 -0.415392 -0.397731 -0.458633 -0.231467 -0.210889 -0.0867236 -0.0682588 -0.141936 -0.153109 -0.000877512 0.144938 0.0519925 -1.737 -0.207429 0.692132 -0.223949 0.339895 0.847798 1.66049 1.15613 0.19261 -0.777329 -1.08173 -0.316232 0.335655 -1.50395 -0.69768 0.676715 -0.0733004 -0.416869 0.621023 0.305896 0.0504951 -0.237506 -0.88519 -1.04224 -1.19246 0.439282 
2.81062 -0.423338 -0.36305 -0.343307 -0.222899 -0.320613 -0.162463 -0.0839426 -0.244825 -0.312834 0.0315621 0.19118 0.0225501 -2.62917 -0.584641 1.31098 0.228784 0.215042 0.793661 1.44341 0.811422 0.383765 -0.218324 -1.16426 -0.63828 0.387804 -1.55647 -0.851127 1.12113 -0.0552063 -0.927488 0.646325 -0.0605248 -0.799088 0.683501 0.762214 -1.36234 -1.5638 1.10072 
2.73399 -0.464587 -0.40736 -0.454538 -0.174468 -0.122181 -0.0303226 0.0152951 -0.221619 -0.216524 0.0618711 0.0632015 -0.0831259 -3.22208 -0.926508 1.78152 0.777531 0.491751 0.653523 0.68055 0.346305 0.672955 0.413945 -1.0218 -1.05646 0.399131 -1.04189 -0.633381 1.50922 1.18942 -0.60744 -0.752088 -1.61033 -1.80099 1.07281 1.70362 -0.654915 -0.776527 1.26004 
2.64827 -0.48755 -0.31331 -0.451275 -0.254442 -0.19241 -0.0567455 -0.0372213 -0.192798 -0.318169 -0.125558 0.0900088 0.107086 -3.01451 -0.829435 2.22731 1.38483 0.757179 0.764243 0.454966 0.134597 0.951146 0.823367 -0.874334 -1.15809 0.185833 0.233478 0.00803331 0.981941 1.93657 0.780333 -0.716503 -1.75364 -1.29296 0.964347 2.45843 1.27851 -0.0238943 -0.569507 
2.64672 -0.47105 -0.281213 -0.430349 -0.265561 -0.147249 0.0121715 -0.0289495 -0.152304 -0.286148 -0.152431 0.0244149 0.13054 -2.37165 -0.795681 1.92822 1.5327 0.277981 0.287425 0.260251 -0.098557 0.754762 0.873009 -0.7953 -1.25801 0.23474 1.53302 0.515852 -0.278167 1.39721 1.04113 -0.897577 -1.05116 -0.2109 0.0610612 1.24875 1.85609 0.849743 -1.42445 
2.4844 -0.547484 -0.187588 -0.318751 -0.24999 -0.197395 -0.0851616 -0.101024 -0.138875 -0.130254 -0.0732564 0.0228863 0.0611963 -1.12916 -0.504811 1.37852 1.65136 -0.120183 -0.0982847 0.56272 0.0881836 0.992537 1.26566 -1.01048 -0.940992 0.159263 3.35878 1.07379 -1.85078 0.139174 -0.0192892 -0.775438 0.703185 1.12915 -0.848369 -1.15043 0.658621 1.08362 -1.15248 
2.46664 -0.56322 -0.173193 -0.271844 -0.143664 -0.203769 -0.192768 -0.120457 -0.0973775 -0.0928097 -0.04159 -0.0204636 0.0571884 -0.0782537 -0.0121232 1.35363 1.66393 -0.702904 -0.623934 0.218058 0.148713 1.35004 1.08995 -0.422086 -0.392376 -0.122111 3.40386 1.13762 -2.04558 -1.55178 -1.94916 -0.154487 2.10949 1.72601 -0.435529 -1.78555 -0.413695 0.835875 -0.476133 
2.56973 -0.481992 -0.124311 -0.222575 -0.113968 -0.127521 -0.0565134 -0.0512951 -0.0727647 -0.120032 -0.057001 0.0285234 0.00622774 4.19129 1.95028 1.35431 1.56428 -0.984761 -0.989421 0.115426 0.49563 1.39743 0.928481 0.517022 -0.410506 -1.28773 5.18458 2.18946 -0.582994 -1.62881 -2.82892 -0.969604 0.657216 0.740528 0.346008 -1.53585 -0.48718 0.243191 0.0887919 
2.60731 -0.506022 -0.243243 -0.290484 -0.260184 -0.241811 -0.0127959 -0.0335569 -0.157892 -0.188294 -0.0946251 0.0110416 0.0642345 11.3007 3.68635 0.346102 1.92438 -2.30772 -1.9753 -0.526668 0.641755 1.42288 -0.208369 0.830658 -0.232964 -1.33135 10.8095 3.80329 0.501298 0.162756 -2.24231 -1.15149 -1.45754 -0.220935 1.29481 -0.685959 0.949542 -0.346866 -0.546262 
2.70763 -0.498201 -0.263013 -0.207484 -0.289368 -0.273776 0.0161914 0.00465612 -0.118234 -0.164995 -0.165675 0.0370145 0.0206124 18.18 4.92429 -0.587729 1.67302 -3.90122 -2.56776 -0.676284 0.881288 1.14467 -0.801486 1.19633 -0.155543 -1.50973 15.8081 4.02475 0.119516 1.2507 -1.9828 -1.6833 -2.99222 -0.917386 0.575583 -0.193267 2.37981 -0.488653 -0.951192 
2.66828 -0.458517 -0.141479 -0.315375 -0.360693 -0.187328 -0.0251891 0.0109369 0.0462345 -0.110398 -0.0465294 0.0101306 -0.00190378 22.4988 5.29342 -1.13293 1.95713 -4.56582 -3.23786 -1.15131 0.867097 0.801266 -1.27438 1.54234 -0.0347707 -1.57155 15.9903 2.20072 -1.81079 2.04438 -1.05431 -2.01377 -2.44869 -0.571001 -1.20172 -0.835315 1.65888 -0.0647175 -0.539833 
3.53314 -0.0483208 -0.0243084 -0.197409 -0.380464 -0.362005 -0.0955381 -0.0177937 0.0124647 -0.176619 -0.0162607 -0.016845 -0.0969838 24.1475 5.305 -1.74012 2.1225 -4.00273 -3.50371 -2.54551 0.642371 0.858666 -1.39698 1.8703 -0.185921 -1.39045 5.13664 -1.86927 -3.09578 0.796064 0.340729 -0.459797 -0.955991 0.245458 -1.5995 -0.793726 0.313345 0.484455 0.477665 
4.55003 0.0278646 -0.298329 -0.0222676 -0.592269 -0.489274 -0.213679 -0.0106181 0.0294735 -0.283431 0.0421248 -0.0214474 -0.0577131 23.3954 5.38077 -1.95608 1.89844 -2.7231 -2.5321 -3.46862 0.0909982 1.38569 -1.34155 2.01966 -0.370213 -1.20582 -9.72511 -3.65207 -1.60355 -1.55139 2.88221 1.65708 -0.16228 0.0104987 -0.619719 -0.0815683 -1.06376 0.218908 1.14495 
4.9699 0.011564 -0.316111 -0.0940381 -0.730466 -0.521585 -0.215939 0.00904485 -0.0414926 -0.17884 0.130647 0.00765027 -0.161919 19.8432 4.99951 -2.44874 0.807033 -1.6913 -1.38961 -3.87203 -0.820959 1.32696 -1.00307 1.85037 -0.854209 -0.648171 -18.1992 -2.51728 0.139146 -2.66557 4.61758 3.6919 -0.337304 -1.1698 1.42009 0.618204 -1.76097 -0.695132 1.62651 
5.11346 0.0105545 -0.344709 -0.0155915 -0.63393 -0.571897 -0.232653 0.0452054 -0.0468727 -0.316825 0.0975295 0.016208 -0.119217 14.2062 3.8903 -2.69662 -0.250355 -0.398515 -0.406671 -3.16011 -1.60009 0.599128 -0.0895747 1.2061 -1.12667 -0.117323 -17.8611 -0.499244 1.58933 -3.75124 3.60615 4.26885 0.101298 -2.5326 1.62915 2.36956 -0.99357 -1.49271 1.18719 
5.12543 0.0803466 -0.417481 -0.028118 -0.5559 -0.556494 -0.364811 0.0534204 0.0244567 -0.322698 0.0961335 0.000745038 -0.098579 6.03358 2.07646 -1.935 -2.1737 0.750395 1.29443 -2.19386 -1.9745 -0.0794022 1.16119 1.19445 -1.14917 0.120888 -10.9055 0.298225 2.28835 -3.31344 1.45745 2.82275 1.67046 -2.53104 -0.848172 3.0273 -0.00662879 -1.16705 0.177163 
5.06103 0.155754 -0.441846 -0.126135 -0.516942 -0.430618 -0.460368 -0.0712245 0.141555 -0.301635 0.105176 -0.0634721 -0.0729362 -0.12747 1.49191 -0.161346 -3.70648 1.80969 2.56441 -0.998707 -2.56548 -0.944193 2.0928 0.916576 -0.685112 -0.123253 -4.3119 -1.17132 2.14958 -2.18263 -0.610079 0.917954 3.23152 -0.925177 -3.5635 2.60026 0.639494 0.623343 -0.755748 
4.93686 0.230967 -0.441742 -0.233971 -0.496874 -0.320812 -0.486053 -0.188525 0.155107 -0.190947 0.11309 -0.139545 -0.0719827 -2.61044 0.898603 0.415515 -3.60325 1.99947 2.5433 -0.0417614 -2.90746 -1.45528 2.23145 0.728154 -0.226099 -0.301343 -0.633636 -2.63442 2.04823 -0.33237 -1.17641 -1.01373 3.62441 0.876166 -4.1519 0.834995 0.584691 2.44607 -1.52926 
4.87265 0.223452 -0.405458 -0.315089 -0.454319 -0.340491 -0.361767 -0.241828 0.0165071 -0.0769793 0.135086 -0.156773 -0.0582089 -3.09116 0.150007 0.921019 -3.49969 1.41986 2.11658 0.641673 -2.77381 -2.04605 2.91167 0.859753 -0.153513 -0.693317 1.15749 -2.60619 0.976745 1.88553 -0.820658 -1.97321 1.66958 1.76937 -1.72486 -1.27465 -0.16032 2.33575 -1.19029 
4.82919 0.178103 -0.340612 -0.423614 -0.442371 -0.285692 -0.340951 -0.210119 -0.143068 -0.0389037 0.219497 -0.109125 -0.122928 -1.92496 -0.640083 1.05835 -2.63235 0.970313 1.19829 0.860044 -1.96955 -2.2192 2.75414 0.678624 -0.105728 -0.548802 2.47697 -1.33024 -0.655295 3.24055 -0.476843 -2.37286 -0.940703 1.66118 1.80412 -1.73681 -0.981166 0.396457 0.155306 
4.79124 0.131835 -0.28385 -0.500494 -0.460481 -0.199715 -0.274729 -0.283613 -0.194746 -0.018043 0.181614 0.0164193 -0.154922 0.297758 -1.1203 0.609672 -1.25518 0.481234 0.203371 0.217874 -0.794752 -1.06079 1.85701 0.104025 0.164258 -0.0348056 3.97618 0.169418 -1.89925 3.37895 -0.406697 -2.05553 -3.14232 1.5924 4.56129 -1.59772 -1.25797 -1.81519 1.71203 
4.75417 0.079452 -0.305408 -0.386187 -0.433106 -0.322829 -0.231403 -0.296787 -0.179383 -0.0431251 0.180463 0.0292274 -0.201983 2.84719 -1.21711 -0.354831 0.372122 -0.192641 -0.0143788 -1.70316 0.636365 0.769126 0.646684 -0.545151 0.480068 0.572937 5.33045 1.17724 -2.38753 2.37916 -0.952255 -0.267584 -4.59797 2.00921 5.12339 -1.24877 -1.38855 -1.90954 2.58803 
4.78093 0.0739028 -0.30279 -0.387372 -0.412917 -0.342231 -0.301386 -0.274 -0.162811 0.0216063 0.1844 -0.0910828 -0.161264 4.95061 -1.10452 -1.35828 1.88072 -0.806599 -0.189286 -3.30513 1.9003 2.4638 -0.474022 -1.03862 0.640461 1.14464 5.38366 0.949573 -2.21252 1.87848 -1.45722 0.756112 -3.84911 2.54074 3.64008 -1.71448 -1.10117 0.225909 1.98908 
4.96597 0.0803764 -0.355756 -0.367817 -0.421685 -0.357398 -0.418121 -0.222309 -0.0820096 0.03476 0.161053 -0.132663 -0.0803555 6.46128 -1.15025 -2.02844 3.02168 -0.970799 -0.82152 -3.74633 2.67801 3.40382 -1.0853 -1.49192 0.653633 1.92579 3.11912 -0.0877028 -1.14764 1.46177 -1.21525 0.756229 -1.39482 2.31025 0.86728 -1.85382 -0.474203 2.12344 0.570405 
5.17826 0.0880606 -0.414052 -0.312762 -0.476043 -0.342181 -0.514426 -0.206822 0.152932 -0.0548999 0.0803115 -0.0950021 -0.00406702 7.13283 -1.68974 -1.83673 3.33074 -0.844219 -0.971491 -3.73174 3.30889 3.18155 -1.3238 -1.72777 0.761506 2.48117 -0.298487 -1.51627 0.62617 0.726759 0.0228744 -0.196308 1.78363 1.14222 -2.44779 -0.804016 -0.00727879 2.33741 -0.37029 
5.35365 0.0915781 -0.511697 -0.198865 -0.550975 -0.251657 -0.7521 -0.0519968 0.206557 -0.0925799 0.046409 -0.0272115 0.0109441 6.29592 -2.67566 -0.354866 2.08011 -0.279625 -0.36301 -3.07154 3.43058 2.16853 -1.45045 -1.89576 1.2168 2.64685 -3.71971 -2.76493 3.17376 -1.34938 1.9251 -1.17242 4.36285 -0.676237 -4.0919 0.356093 0.235754 0.801833 -0.485642 
5.4705 0.0338715 -0.539025 -0.11193 -0.56959 -0.333463 -0.71316 0.0576404 0.172058 -0.156271 0.0607508 0.0380901 0.0217118 3.80977 -4.46261 1.36516 1.46587 0.252493 0.145231 -1.6738 2.835 1.17525 -1.62487 -1.81527 1.7743 2.31106 -6.24261 -3.57327 4.99414 -3.27934 2.68108 0.155074 4.01839 -2.2421 -3.45801 1.25755 0.128091 -0.824378 -0.196958 
5.53599 -0.0455885 -0.52538 -0.0719316 -0.528522 -0.426359 -0.635103 0.0642541 0.160879 -0.162705 0.0302143 0.0672292 0.0802803 -0.148315 -7.04239 2.98419 0.766036 0.854548 1.17686 0.975483 2.30853 -0.5474 -0.894317 -1.83779 1.06965 1.75119 -7.82992 -4.50437 4.7904 -3.42175 1.91696 2.50369 3.38881 -2.27884 -2.12442 1.49379 -0.09079 -1.93956 -0.44297 
5.54637 -0.179604 -0.42095 -0.0834586 -0.489314 -0.395759 -0.615507 0.0644304 0.105869 -0.138535 -0.0471575 0.0873449 0.139361 -3.29051 -9.12696 4.07329 -0.0213363 1.13897 2.1222 3.57592 1.37759 -1.78506 0.0895415 -1.37892 -0.0400009 0.977122 -7.32374 -4.48693 2.32279 -1.71903 0.091714 3.73899 3.46305 -1.72278 -0.454596 1.32632 0.312392 -2.43365 -1.3029 
5.39599 -0.322803 -0.189449 -0.292245 -0.368908 -0.341134 -0.605521 0.0976379 0.0350135 -0.161557 -0.0494989 0.0663866 0.147498 -5.2422 -10.2194 4.41355 -0.946963 0.869208 2.08122 4.84424 -0.420204 -2.90577 0.177412 -1.66687 -0.82566 1.5975 -4.0175 -2.89742 -1.47862 0.755156 -2.07395 2.35605 2.77096 -1.63219 -0.579114 0.800937 0.146184 -1.98503 -0.67755 
5.18121 -0.571241 -0.0793591 -0.223968 -0.388353 -0.247657 -0.557994 0.0301015 0.0781859 -0.178024 -0.0437197 0.0884223 0.156562 -6.3349 -10.3992 3.48081 -1.65284 0.0327025 2.59868 4.54816 -1.20496 -2.81321 0.61119 -1.134 -1.25168 1.85382 0.399647 0.27413 -4.19221 0.768546 -2.85354 -0.55059 1.0129 -1.37114 -0.825075 0.272508 0.518982 -0.946936 0.591314 
4.88654 -0.925187 -0.0513701 -0.203332 -0.384918 -0.0737632 -0.239276 0.100616 -0.060481 -0.0664216 -0.130441 -0.0619318 0.139281 -7.79706 -9.29229 2.54729 -1.68265 -0.565397 2.35773 3.77916 -1.36625 -2.74864 0.732257 -0.346773 -1.26385 1.36716 2.5918 4.30448 -4.26116 -0.0713287 -2.13923 -3.2549 -2.9304 -1.27222 -0.0394767 -0.513623 1.32736 0.97142 1.24451 
4.88561 -1.05925 -0.0547911 -0.203649 -0.446365 -0.0092612 -0.0900407 0.0285395 -0.0146522 -0.0415435 -0.0596176 -0.103917 0.059731 -9.66407 -6.45771 1.48728 -1.56837 -0.710814 1.59971 3.63958 -1.26229 -2.53664 0.923327 0.280964 -0.755892 0.637773 -0.353228 7.10453 -2.1637 -0.952589 -0.0637859 -3.49936 -4.51471 0.178209 0.381235 -0.365027 1.44463 2.2281 0.379282 
4.89779 -1.10572 -0.0938866 -0.26599 -0.523134 -0.187827 -0.22067 -0.144821 -0.262251 -0.172541 -0.200564 -0.0628095 0.348004 -13.4764 -2.95258 0.507219 -1.20141 -0.452839 0.867092 3.10086 -1.09397 -1.82935 1.4202 1.05165 -0.539257 -0.273093 -7.5687 8.07435 0.496363 -0.80291 2.28497 -1.27116 -2.51611 1.94009 2.09528 0.923624 2.24317 1.68854 -2.95764 
4.82318 -1.18041 -0.210042 -0.341731 -0.582928 -0.122783 -0.241239 -0.0695932 -0.129761 -0.0683749 -0.023201 -0.0495901 0.326244 -18.1634 0.826793 -0.0913691 -1.25143 0.922336 -0.0149418 2.05641 -0.88546 -1.17274 1.02473 1.03525 -0.0674532 -0.8419 -13.9166 7.37914 1.64604 0.723293 3.79716 0.177189 0.130326 1.545 2.05715 0.600813 0.524205 0.641538 -3.8808 
4.45213 -1.1046 -0.100661 -0.317098 -0.508046 -0.177911 -0.280429 -0.0551697 -0.177716 -0.0608882 0.0050607 -0.0333481 0.205864 -20.9994 3.8481 -0.436963 -0.861579 2.32614 -0.565676 0.911556 -0.497225 -0.128681 0.387216 0.87614 0.562202 -1.2791 -12.7112 4.70277 0.226371 1.47826 3.69868 1.08864 1.7838 0.904608 1.75678 -0.222624 -1.26871 -0.526137 -2.28757 
4.01446 -0.857968 -0.03975 -0.382364 -0.430823 -0.15217 -0.11246 -0.0253295 -0.214327 -0.011499 -0.0105649 0.0423986 0.118009 -22.6523 5.0516 -0.474949 -0.100005 3.44979 -0.238536 0.919748 0.0271808 0.483207 0.656892 0.511554 0.41436 -1.9367 -3.98064 0.867382 -1.41489 2.09319 2.14899 0.650766 0.46477 -0.305856 1.40548 -1.17021 -1.94806 -1.02739 0.114517 
3.13476 -0.725905 -0.0288929 -0.382397 -0.354561 -0.115522 -0.106081 -0.0318548 -0.115545 0.0725416 0.111691 -0.0617835 0.00822058 -16.8458 4.89313 -1.23388 0.632424 3.74202 0.453561 0.29455 0.146413 0.986343 1.0939 0.47615 0.860369 -2.42447 13.5542 -2.63265 -2.70866 1.68779 -0.255555 -0.045432 -2.00507 -0.896036 -0.255134 -1.18328 -2.10154 0.414192 2.51014 
2.50118 -0.614922 -0.124886 -0.300392 -0.19208 -0.151098 -0.117638 -0.0873885 -0.0949972 -0.0689993 -0.0424397 -0.00907562 0.0507787 -6.23769 4.2475 -1.92354 0.612836 3.06915 0.422521 -0.272958 -0.224881 0.597488 0.582965 -0.204911 1.23643 -1.58786 29.867 -4.42643 -2.38157 0.0402652 -2.94205 0.286021 -2.91052 -0.305988 -0.692322 0.510033 0.137664 1.29397 2.14782 
2.50869 -0.566921 -0.183109 -0.277807 -0.116409 -0.13761 -0.0801784 -0.00429315 -0.0846043 -0.0857861 -0.0835761 -0.0160229 0.0481722 4.50725 2.85813 -2.79583 0.506084 1.36173 0.0333479 -0.754299 -0.186127 0.522563 -0.199958 -0.43757 1.31558 -0.25523 33.4234 -3.72374 -0.937768 -1.17276 -4.50876 -0.414058 -2.48739 -0.203386 -1.26093 0.343747 1.03452 1.58655 1.64918 
2.50469 -0.57786 -0.167131 -0.224132 -0.122757 -0.107997 -0.0708597 -0.0669923 -0.0600106 0.0245678 -0.0365083 -0.0485659 -0.0124271 13.937 2.08089 -3.43482 0.868758 0.273849 0.13168 -1.42973 -0.123934 0.456593 -1.27117 -0.974989 1.69952 1.10692 24.1241 -0.883195 -0.222214 -1.46149 -3.83317 -0.470907 -0.571815 0.50043 -0.820218 -1.49359 0.249055 1.29702 1.86468 
3.77523 -0.663948 -0.372031 -0.236222 -0.188263 -0.105944 -0.373648 -0.120092 -0.144367 0.0580515 -0.0192588 0.15572 0.0915441 21.692 3.05607 -3.33006 0.61742 -0.469117 0.452126 -1.20783 0.321437 0.651593 -1.98908 -1.61169 2.01049 1.08096 3.24231 2.96362 1.04724 -0.475015 -1.29359 0.0424316 2.16576 1.15645 0.944626 -2.95194 -1.11069 -0.668709 0.531591 
4.68283 -0.628824 -0.385156 -0.354443 -0.269049 -0.0876922 -0.26684 -0.0631809 -0.0902945 0.00970998 0.00559936 0.151757 0.0702473 24.843 4.53442 -2.88786 -0.81127 -1.11189 0.784001 -0.825368 0.419844 0.65991 -1.97325 -1.43835 1.91439 0.223509 -11.7753 5.51007 1.1062 -0.104545 1.41751 0.700422 2.43214 0.716136 1.27297 -2.62758 -2.25771 -1.02573 -1.02963 
4.75655 -0.602167 -0.358435 -0.303671 -0.389423 -0.233496 -0.23113 -0.0342933 -0.134435 -0.142931 -0.0524627 0.114648 0.152017 23.5833 5.80513 -3.22911 -1.56349 -0.994442 0.562733 -0.388747 0.0452407 0.442387 -2.05332 -1.63376 1.6625 -0.158414 -13.2549 5.28965 0.095855 -1.18729 2.72959 1.32807 1.61549 -0.163601 0.794069 0.237491 -1.25424 -0.940413 -2.73696 
4.87491 -0.399341 -0.473933 -0.20759 -0.279766 -0.0703885 -0.228138 -0.0376383 -0.0734222 -0.243002 -0.171296 0.211603 0.266314 20.3848 6.13555 -3.17647 -2.30453 -0.631085 0.379576 0.296593 0.00587023 0.253842 -1.73936 -2.17457 1.297 -0.562234 -7.42794 1.25003 -0.362716 -2.53314 1.40492 -0.056394 0.298761 -1.25823 -0.750967 3.13446 0.405739 -0.840711 -3.09797 
5.10901 -0.0932084 -0.457455 -0.252134 -0.232995 -0.0201562 -0.200694 0.0252389 0.0636583 -0.26194 -0.220674 0.159914 0.0442173 14.2175 5.82241 -2.75544 -2.45633 -0.246543 0.331666 0.981795 -0.321264 0.351477 -1.01166 -2.23308 0.569098 -1.09761 -0.629227 -3.9861 -1.01945 -2.09511 -0.411438 -1.26217 -0.925553 -1.78426 -2.07704 3.76468 1.25681 -0.073363 -0.447282 
5.33124 0.0586936 -0.491089 -0.513873 -0.253817 -0.0301045 -0.190584 -0.0407031 -0.0369939 -0.246164 -0.22351 0.217754 -0.0448669 11.0621 4.64197 -2.92921 -2.34104 -0.0566162 0.244778 0.19528 -0.719055 0.0429292 -0.0915831 -1.89958 0.503227 -1.12559 0.0536442 -6.45092 -0.29025 0.382782 -1.35819 -1.4213 -0.853085 -0.80812 -1.12891 2.3356 1.2073 -0.409822 1.60719 
5.5697 0.0642053 -0.682511 -0.480131 -0.241679 -0.102567 -0.183724 -0.0917509 -0.0995007 -0.172892 -0.206834 0.182804 0.00754506 10.3608 3.01897 -2.85356 -2.41977 -0.151624 0.197119 -0.181209 -0.786554 -0.0480733 0.737018 -1.29443 0.440273 -1.12559 -3.01637 -5.37129 1.11613 2.04007 -1.32542 -0.627298 -0.923264 0.387532 0.192472 -0.0569444 0.595794 -0.241393 2.17993 
5.8427 -0.0610852 -0.650667 -0.550502 -0.287189 -0.0977652 -0.184891 -0.112902 -0.106373 -0.079376 -0.282862 0.211057 -0.00547929 8.49614 1.12427 -2.32524 -1.89778 -0.976823 -0.565894 -0.265099 -0.705845 -0.384535 0.92014 -0.6374 0.115427 -0.703704 -5.55333 -1.7247 1.23096 2.79718 -0.433332 0.368697 -0.5531 1.13606 1.08543 -1.73414 0.559203 -0.152168 1.53227 
5.93904 -0.0818451 -0.695431 -0.538458 -0.316653 -0.0910086 -0.222752 -0.133622 -0.0710125 -0.112278 -0.270943 0.217904 0.0239674 5.98002 -0.22201 -2.14666 -0.450644 -1.37498 -0.792823 -0.349624 -0.478859 -0.461055 0.519779 -0.253666 0.0995295 0.370108 -5.9073 1.01064 1.20922 2.25432 -0.102431 0.22399 0.225254 1.34101 0.869589 -1.76647 0.634911 -0.338548 0.0571617 
5.9624 -0.0670551 -0.72008 -0.535156 -0.331899 -0.0990726 -0.25017 -0.101569 -0.0698636 -0.140251 -0.253113 0.194672 0.029951 3.43689 -0.298658 -1.6789 1.19556 -1.59079 -0.767093 -0.216293 0.124103 0.11364 -0.0163236 -0.0437328 -0.184726 0.512837 -4.79655 1.74052 0.554511 1.66355 -0.245208 -0.243271 0.839226 0.688374 0.0422324 -0.95921 0.617903 -0.202023 -0.428399 
5.98823 -0.0723755 -0.728332 -0.510618 -0.338058 -0.110362 -0.250303 -0.0855038 -0.0644419 -0.152268 -0.274734 0.210094 0.0481698 0.995377 0.462443 -1.12006 1.70627 -1.64373 -0.862222 0.015816 0.594031 0.362208 -0.606731 0.15853 -0.318167 0.194372 -3.19802 1.43275 -0.128426 1.48218 -0.27145 -0.696326 0.947991 0.288264 -0.221261 -0.119055 0.517437 -0.446819 -0.524673 
5.93161 -0.0345119 -0.734359 -0.462948 -0.38739 -0.112613 -0.217657 -0.090142 -0.0641681 -0.163331 -0.259272 0.205591 0.0459093 -1.17181 1.45379 -1.17329 2.24665 -1.36399 -1.36171 0.352567 0.647059 0.654711 -0.969339 0.470017 -0.727115 0.0780703 -1.88406 0.847074 -0.0406115 0.610501 0.109151 -0.915438 0.595415 0.00774414 0.234194 0.210825 0.121846 -0.568156 -0.517291 
5.91455 -0.00902386 -0.771405 -0.391581 -0.417192 -0.152256 -0.218187 -0.0633537 -0.0578817 -0.189213 -0.230757 0.18437 0.0394922 -2.9013 1.92877 -0.6615 2.1089 -0.845746 -2.02275 0.726538 0.419487 0.776529 -0.415732 0.427673 -1.23802 -0.194811 -2.11187 0.718777 0.442666 -0.4949 0.957358 -1.1133 0.274645 -0.477611 0.69601 0.536572 -0.108246 -0.881243 -0.318611 
5.87508 0.0232968 -0.794073 -0.332133 -0.464427 -0.172348 -0.19554 -0.0543851 -0.0625436 -0.186029 -0.227349 0.175083 0.027637 -4.90976 1.91214 0.457692 1.33069 0.141958 -2.34913 0.354971 -0.134275 0.540044 0.607676 0.533213 -1.78036 -0.722607 -3.26144 0.242687 1.78781 -1.90813 2.19918 -1.02375 -0.514471 -0.99244 0.385491 1.45896 -0.0871238 -1.24222 -0.520255 
5.81421 0.071983 -0.813415 -0.30883 -0.45554 -0.228176 -0.182195 -0.0251219 -0.0498103 -0.200347 -0.22739 0.14428 0.0195489 -6.74608 1.68629 1.65934 0.647292 1.08761 -2.17314 -0.361035 -0.956801 0.0743723 1.35135 0.493816 -1.97497 -1.20723 -4.1439 -0.620416 3.11908 -2.42596 2.69175 -0.05685 -1.44993 -1.79118 -0.656967 2.24888 -0.107771 -0.837964 -0.862713 
5.70546 0.125976 -0.807736 -0.292333 -0.437974 -0.288205 -0.162511 -0.061642 0.0361026 -0.223533 -0.221899 0.100722 0.0206786 -7.65988 1.0803 2.94875 0.0350008 1.63303 -1.61845 -0.873259 -1.93963 -0.422011 2.49631 -0.112312 -1.8748 -1.0545 -3.37755 -1.52744 3.5848 -1.87885 1.84772 1.4337 -1.88964 -2.19776 -1.97592 2.76257 -0.523288 0.0989925 -0.625913 
5.50757 0.168942 -0.737594 -0.32695 -0.370533 -0.381007 -0.146445 -0.0978253 0.0359231 -0.124035 -0.219088 0.0193962 0.00109757 -8.46728 0.392982 4.51835 -0.144977 1.47382 -1.01096 -1.17191 -3.0816 -1.04277 3.70597 -0.400201 -2.11506 -0.59851 -0.967381 -2.05874 3.00134 -0.1314 -0.337781 2.49315 -1.47294 -2.2328 -2.2759 2.23907 -0.863587 0.753965 0.483345 
5.23362 0.129496 -0.551519 -0.446232 -0.237174 -0.376595 -0.275891 -0.149704 -0.0622795 0.0233775 -0.181072 -0.0449375 -0.0977954 -8.59099 -0.167591 5.37804 0.0128727 1.16115 -0.731266 -1.33122 -3.65277 -1.41348 4.17942 -0.510204 -2.09216 -0.134035 1.87306 -1.4915 1.1246 1.8584 -2.62738 1.87806 0.241878 -1.45606 -1.09672 0.757516 -0.984583 0.856294 1.94504 
5.0711 0.111539 -0.464116 -0.403598 -0.20876 -0.31232 -0.341014 -0.260982 -0.118829 0.0223255 -0.217126 0.00532529 -0.124922 -8.23851 -0.537185 5.47108 0.550328 0.594983 -0.669628 -1.17317 -3.78192 -1.62875 3.90302 -0.327341 -1.62258 0.0850798 3.02767 -0.398302 -0.76572 2.38036 -3.0722 -0.191879 1.60425 0.171819 0.4574 -0.859665 -0.0236002 0.32622 2.07435 
5.04662 0.0678033 -0.367871 -0.383606 -0.270335 -0.256845 -0.312613 -0.360993 -0.145526 0.17831 -0.322787 0.0124064 -0.0270756 -6.77605 -0.850491 4.2809 1.72023 0.182846 -1.2319 -0.701141 -3.03962 -1.25395 2.37579 -0.174598 -0.608868 0.396792 2.80009 0.562538 -2.94671 2.36932 -1.44816 -2.52078 1.90262 2.04861 1.91259 -3.5964 1.28471 0.691312 0.711782 
4.90859 0.0351841 -0.200172 -0.303362 -0.367896 -0.277455 -0.315606 -0.463852 -0.197233 0.290961 -0.274567 -0.116495 0.0327529 -3.71795 -1.06492 2.29095 3.06166 -1.07942 -1.58337 -0.190142 -1.36855 0.0329117 -0.208298 0.542335 0.341966 0.724701 3.8114 0.676445 -4.92101 1.79498 0.0351671 -3.05483 1.3428 4.06345 2.92305 -5.884 1.92937 1.96712 -0.745559 
4.84509 0.0524355 -0.197797 -0.268218 -0.364134 -0.351057 -0.304594 -0.448066 -0.175844 0.252834 -0.269564 -0.104699 0.0396071 -0.376127 -0.977983 0.43562 3.96943 -2.33358 -2.36128 0.598293 0.582202 1.43957 -2.68514 1.82063 0.878237 0.545502 5.50887 -0.0139028 -4.75812 1.18448 -0.177983 -1.79751 0.407181 4.76547 2.94602 -6.26114 2.59233 2.27674 -1.65026 
4.7461 0.0751442 -0.217721 -0.216785 -0.355203 -0.430157 -0.275164 -0.444949 -0.160649 0.1719 -0.210308 -0.0536908 -0.00688516 1.53916 -0.736163 -0.710184 4.02368 -2.91878 -2.73312 0.38509 2.7514 1.87052 -4.38811 3.50409 0.806218 -0.291609 6.24423 -0.391167 -2.94553 0.48127 -1.53482 0.342932 -0.621739 4.43394 1.74907 -4.49725 2.83662 1.1123 -1.62343 
4.81744 0.0413206 -0.370263 -0.0589657 -0.300496 -0.580803 -0.233258 -0.361307 -0.0535731 -0.0334237 -0.213527 0.0636562 0.0177438 1.9009 -0.569391 -1.21026 3.84269 -2.77361 -2.75981 -0.0117284 4.13092 1.73062 -5.81823 4.95956 0.709659 -1.32575 3.16762 -0.175937 0.560927 -1.01565 -2.10736 2.03717 -1.28421 2.56147 -0.758829 -0.684472 2.9251 -1.26487 -1.51247 
5.1031 -0.00911845 -0.466515 0.0257614 -0.496224 -0.541222 -0.260885 -0.167509 0.0661108 -0.226927 -0.0758777 0.0822269 0.0199296 0.383703 -0.590649 -1.03815 3.20576 -2.44902 -2.15232 -0.106098 4.49017 0.930105 -6.34793 5.55702 0.725006 -1.66811 -4.22522 0.332923 3.36117 -2.01407 -0.133362 1.97216 -1.0813 -0.548366 -3.43649 2.23359 1.84563 -2.54548 -1.01621 
5.2708 -0.0212557 -0.435232 0.0401411 -0.593063 -0.595084 -0.236203 -0.078828 0.103786 -0.325337 0.0974538 0.0756195 -0.0825586 -3.62333 -0.681056 0.271794 2.61614 -2.09545 -1.05549 -0.600208 3.77696 -0.407175 -5.60853 5.67328 0.382389 -1.65132 -11.648 0.510813 3.96235 -2.05794 2.2867 1.73967 -0.739011 -2.99809 -4.44959 3.20955 -0.442508 -1.72406 0.197074 
5.19741 0.0192222 -0.414854 0.0676361 -0.648153 -0.552601 -0.347244 0.0453828 -0.000422474 -0.366459 0.230363 0.0180203 -0.144334 -7.11361 -0.74059 1.2852 2.03006 -1.52685 -0.229307 -0.991482 3.19934 -1.39207 -4.23047 4.87663 -0.217873 -1.33889 -13.4903 0.0173295 2.7539 -1.23233 3.37082 0.97425 0.131014 -3.84272 -2.95266 2.85731 -2.73711 -0.124185 1.32634 
5.00312 -0.00466165 -0.328509 0.0840015 -0.603824 -0.590658 -0.329582 0.0358304 -0.0569835 -0.394391 0.321288 -0.0352039 -0.171319 -9.17897 -0.576084 2.03635 0.982538 -0.407473 0.359931 -1.74012 2.81112 -2.58137 -1.76706 3.19684 -0.818289 -0.444277 -7.48934 -0.283063 0.204419 -0.510423 2.83107 0.527622 -0.373591 -1.77119 -0.749974 2.80773 -4.59557 0.881352 2.41836 
4.547 -0.0260502 -0.246868 0.0669262 -0.580767 -0.571043 -0.286613 -0.0200188 -0.173305 -0.468445 0.373468 -0.0262112 -0.13228 -8.70447 -0.241903 2.04949 -0.207499 0.796555 1.0014 -2.15098 1.578 -2.6044 -0.0509622 0.787662 -0.52605 0.419445 4.52329 -0.000632887 -1.85298 -0.970119 1.08334 0.83221 -1.34166 0.451336 1.72623 3.09405 -5.13367 0.865082 2.28581 
3.97216 -0.0260267 -0.141781 0.0910811 -0.529177 -0.501492 -0.376307 -0.074315 -0.249807 -0.453675 0.366957 0.03577 -0.143581 -5.19707 0.198087 1.20285 -1.19699 1.54789 1.28448 -2.55307 0.534276 -1.13821 0.930508 -0.965737 -0.340931 1.22532 15.6746 0.815205 -2.98969 -2.15626 0.0244632 0.451635 -1.37179 0.791828 3.67247 2.65306 -3.95504 0.11092 1.45823 
3.94663 -0.0551755 -0.204288 0.146647 -0.520442 -0.533163 -0.379538 0.0372328 -0.201591 -0.432505 0.292854 -0.00531942 -0.122318 0.111412 0.702233 0.124315 -2.53701 1.79085 1.26 -2.39491 -0.558605 1.10869 1.83594 -1.90322 -0.398782 1.5495 18.3107 1.72597 -2.59758 -3.36402 -0.324848 0.437718 -0.837087 -1.25681 4.5411 1.58197 -1.3562 -0.469696 0.230328 
4.20197 -0.054454 -0.246569 0.0707117 -0.432991 -0.53905 -0.524402 0.202011 -0.278121 -0.23134 0.138606 -0.0442737 0.040858 5.72068 1.50507 -1.37399 -3.80515 1.56167 1.30793 -2.42769 -0.893078 2.58648 3.02855 -2.15742 -0.813945 1.70164 12.7781 1.98079 -1.89724 -3.23741 -0.518794 -0.0913393 0.981195 -3.43361 4.44666 0.251204 1.6583 -0.96457 -1.13691 
4.61173 -0.00215546 -0.247605 -0.0903168 -0.499657 -0.364908 -0.554651 0.0479739 -0.149768 -0.262321 0.047511 0.0345606 0.0142858 10.7991 2.09573 -2.58995 -5.17436 1.56506 0.962384 -1.78327 -1.34376 3.49533 4.11299 -1.76008 -1.27474 1.4896 3.43047 1.40381 -1.5107 -2.20331 0.0366848 -1.19505 2.26891 -2.75537 1.8033 0.679092 3.27533 -1.41084 -1.13289 
4.96146 0.0764768 -0.311571 -0.153928 -0.41796 -0.450008 -0.598273 -0.0446058 0.0488843 -0.261323 0.104653 -0.0227065 -0.00377174 13.4468 2.37607 -3.32761 -6.17797 1.50236 0.562268 -0.28226 -2.2292 3.67422 4.35414 -0.886815 -1.5107 1.08919 -3.68913 0.234227 -0.978128 -1.04253 0.0908075 -1.04102 3.08342 -1.02758 -1.60579 1.33176 2.66963 -0.754238 -0.79633 
5.16669 0.129086 -0.369913 -0.304457 -0.404442 -0.436766 -0.573412 -0.137019 0.192661 -0.165921 0.1371 -0.101423 -0.00201314 12.2853 2.39146 -3.41532 -6.21915 1.29593 0.72482 0.970796 -3.26342 3.13873 4.16012 -0.0141245 -1.3342 0.271629 -5.90895 -0.908675 -0.499605 0.668319 -0.0471475 -0.533644 3.08614 0.591018 -3.70065 0.755571 1.01679 0.329905 -0.650294 
5.3076 0.190746 -0.483998 -0.407002 -0.406457 -0.432189 -0.566645 -0.117229 0.152862 -0.00286888 0.151697 -0.163013 0.0523342 9.67327 1.98397 -3.64348 -5.09858 0.784017 0.820244 2.20726 -3.36467 2.33534 3.68674 0.514392 -1.31018 -0.615855 -5.33789 -1.59064 0.308322 2.25151 -0.473101 0.58241 2.12699 0.880762 -3.50417 -0.722345 -0.600152 1.20735 -0.9951 
5.44529 0.210439 -0.538629 -0.571389 -0.3433 -0.452883 -0.474273 -0.174993 0.11965 0.0959026 0.181258 -0.153149 0.0441887 7.07026 1.19032 -3.81456 -3.55659 0.379863 0.868018 2.6428 -2.15623 0.932433 3.61884 0.280405 -1.45181 -0.707464 -3.71476 -1.65884 0.542757 3.82947 -1.53139 1.65142 0.505189 0.976758 -1.66933 -2.21236 -1.50734 1.03965 -1.25713 
5.51832 0.21337 -0.573637 -0.622491 -0.323516 -0.456601 -0.350009 -0.266576 0.126719 0.10022 0.200008 -0.137668 0.00217309 5.15842 0.433631 -3.60806 -2.10274 -0.643421 1.54435 2.93766 -1.00956 -0.278286 2.9744 -0.537821 -1.12402 -0.70881 -2.12344 -1.31319 0.273993 4.20541 -2.0278 1.43515 -1.06021 2.04848 -0.282838 -2.15349 -1.69371 -0.00310635 -0.471949 
5.52737 0.206958 -0.624199 -0.584433 -0.359621 -0.374262 -0.31573 -0.297541 0.118758 0.115129 0.164637 -0.139893 -0.0543754 4.18802 -0.211271 -3.23295 -0.540015 -1.37137 1.85042 2.73647 -0.00174925 -0.593163 1.72941 -1.18177 -0.828458 -0.66638 -0.715849 -0.903535 0.24325 2.87074 -1.97032 0.689498 -1.47064 2.7029 0.373422 -1.59518 -1.37583 -0.596881 0.762488 
5.58548 0.195919 -0.701781 -0.532332 -0.404521 -0.319648 -0.300694 -0.259542 0.0836541 0.161031 0.120643 -0.170567 -0.0761328 3.70667 -0.834155 -2.54452 0.47745 -1.90871 1.98903 2.51135 0.694102 -0.352202 0.539767 -1.71205 -0.669063 -0.558603 0.0834751 -0.611365 0.76391 0.952749 -1.15762 -0.296131 -0.928117 2.31538 0.425692 -1.31145 -0.760373 -0.311458 1.46789 
5.67826 0.16125 -0.759034 -0.501801 -0.457916 -0.270823 -0.300136 -0.212284 0.10075 0.159327 0.079774 -0.204599 -0.0695881 3.39368 -1.20189 -1.90846 0.930532 -2.16639 1.99929 1.89601 1.47448 -0.195978 -0.0991909 -2.22083 -0.560854 -0.141577 0.158087 -0.44653 1.57526 -0.830787 0.206476 -0.956327 -0.130504 0.933686 0.306957 -1.1335 -0.238809 0.530784 1.20501 
5.70792 0.159045 -0.79146 -0.465679 -0.535597 -0.264303 -0.241426 -0.138753 0.083073 0.151584 0.0328749 -0.225866 -0.0414185 3.13079 -1.31178 -1.29807 0.565461 -1.82521 1.63277 1.23709 1.98476 -0.106736 -0.310805 -2.58263 -0.305502 0.443157 -0.25255 -0.312659 1.884 -1.73208 1.47815 -1.00211 -0.204716 -0.452573 0.275359 -0.734546 -0.0993317 1.14788 0.59044 
5.78017 0.129001 -0.805316 -0.452786 -0.572869 -0.225344 -0.232605 -0.104427 0.116928 0.103676 0.00135681 -0.227449 -0.0218287 2.53211 -1.13953 -0.632787 -0.318029 -1.20158 1.20731 0.572155 2.03922 0.290357 -0.724355 -2.57051 0.288825 0.860621 -1.30879 0.201155 1.49445 -1.95219 1.99 -0.666027 -1.04845 -0.90889 0.25463 -0.131297 -0.160105 1.40603 0.125172 
5.85058 0.081875 -0.777491 -0.475656 -0.580842 -0.227595 -0.178249 -0.081854 0.0931779 0.0895105 -0.0366076 -0.214279 -0.0122046 0.980549 -0.9067 0.148398 -0.967174 -1.28036 1.20006 -0.153247 1.68987 0.910073 -1.02454 -1.9712 0.709611 0.787514 -2.81619 0.806915 0.790287 -1.42697 0.962988 0.0181988 -2.06877 -0.768173 0.831975 0.134925 0.463687 1.01619 -0.210786 
5.8875 0.0567836 -0.749876 -0.531369 -0.552509 -0.213109 -0.18547 -0.0716685 0.0968718 0.0872247 -0.0929065 -0.178302 -0.00537411 -2.15354 -0.596269 0.467324 -1.57069 -1.34133 1.07774 -0.542046 1.56149 1.72789 -0.784381 -1.39195 0.616247 0.479644 -5.40067 1.05801 0.0903177 -0.644531 -0.792172 0.402956 -1.90649 -0.182998 1.75684 0.249767 1.38962 -0.0992896 -0.54615 
5.87289 0.0631391 -0.75447 -0.561516 -0.518254 -0.22667 -0.216539 -0.0556006 0.107643 0.0931197 -0.154262 -0.157668 0.0323076 -5.81968 -0.285585 0.979846 -1.65492 -0.919874 0.70914 -0.874334 0.36457 0.922469 -0.138477 -0.633235 0.742394 0.11618 -8.00101 0.870767 0.189247 0.295117 -1.55985 0.11072 -0.64712 -0.749525 0.580384 0.749381 2.18283 -0.806849 -0.930245 
5.80455 0.0931867 -0.75095 -0.624775 -0.516108 -0.180202 -0.308935 -0.0252238 0.172768 0.0365436 -0.168101 -0.0934057 0.0400391 -11.2791 -0.0972458 0.9045 -2.16709 -0.67341 -0.315359 -1.05619 -0.52734 0.641146 1.48264 0.598735 0.486303 -0.106451 -10.5679 0.142211 0.168374 0.346726 -0.6813 -1.39897 0.814181 -1.84529 -1.13469 2.48887 2.61039 -1.25853 -0.87598 
5.62658 0.0862989 -0.7031 -0.614331 -0.694729 -0.109475 -0.356634 -0.027135 0.249887 0.03033 -0.0691152 -0.122944 -0.00245145 -19.1221 -1.1219 2.42929 -1.22991 0.195722 -0.811514 -1.24526 -1.50763 -0.463606 1.37178 1.35956 0.316617 -0.645713 -13.7778 -1.51084 1.61321 0.774372 2.2275 -2.62607 1.3487 -2.73783 -3.48127 2.38729 1.68611 -0.612656 -0.664746 
5.18312 0.0893337 -0.741411 -0.675525 -0.717927 -0.140312 -0.301504 0.0482094 0.376075 0.0868371 -0.0775782 -0.208902 -0.0209643 -25.6655 -2.85825 4.11085 0.902838 1.72524 -0.875649 -0.636489 -1.94762 -1.82079 0.170863 1.23796 0.372363 -0.586618 -13.9991 -3.65445 3.69664 2.80585 4.62498 -1.83067 0.930751 -2.46503 -4.62452 -0.492395 -0.00751194 0.663005 -0.0181672 
4.83353 0.106087 -0.631354 -0.619666 -0.608929 -0.218079 -0.288277 -0.201058 0.0220009 0.171855 -0.0311799 -0.121068 -0.0292517 -29.2957 -4.68628 4.93684 2.52779 3.25317 -0.247142 0.707385 -1.64975 -2.60669 -0.390405 1.12912 0.339437 -0.446441 -9.81398 -5.12864 3.7412 4.35477 4.83682 0.923182 1.23657 0.641539 -1.99323 -3.66964 -1.69286 0.802523 0.649909 
4.13695 0.0644658 -0.705868 -0.80127 -0.593329 -0.377018 -0.321092 -0.213914 0.155434 0.428469 0.118019 -0.169162 -0.0191713 -26.7792 -4.47702 5.70966 3.66772 3.93978 -0.651696 1.32479 -2.7924 -3.88559 -0.063104 1.04114 0.299987 -0.418574 3.30552 -2.8181 2.75838 4.91241 2.64388 2.90607 1.47149 1.32375 -0.797175 -4.61195 -2.35306 0.74683 0.701322 
3.05802 -0.224873 -0.267116 -0.538944 -0.405505 -0.32181 -0.353835 -0.297707 -0.0746512 0.12458 0.0609158 -0.131406 -0.117254 -19.9523 -3.29813 6.00534 4.40048 4.54538 -0.432001 1.67063 -4.007 -4.55078 0.220974 0.675662 0.65231 -0.435208 20.4849 2.90204 -1.14749 1.8483 -1.23329 2.37195 1.49096 -0.0641319 1.02595 -0.130173 -0.894943 -0.00506046 0.487242 
2.61435 -0.432356 -0.128156 -0.233007 -0.188601 -0.235108 -0.252631 -0.239167 -0.155967 -0.124999 -0.097345 -0.0674994 -0.00355182 -10.3426 -1.58398 5.29554 4.97049 3.11652 0.493753 1.4231 -4.18164 -4.43708 -0.666075 0.932828 0.595979 -0.22726 30.106 7.96544 -3.9758 -2.02182 -4.89671 0.521847 0.0629198 -2.1925 1.35556 3.55247 1.43412 -0.840564 -0.365781 
2.48746 -0.55247 -0.214234 -0.229651 -0.126352 -0.081932 -0.0784231 -0.106763 -0.0800486 -0.015858 -0.0389643 -0.0979434 0.0103438 0.167265 0.0454376 3.65464 4.53855 1.31398 1.3536 1.28044 -3.34227 -3.30611 -1.12821 0.938475 0.350916 -0.0229426 28.6772 8.6124 -4.30713 -3.40245 -5.94808 -0.937632 -1.86739 -2.97411 0.29218 3.05661 2.18566 -0.548193 -0.45817 
3.19235 -0.203408 -0.0878703 -0.237794 -0.272965 -0.290452 -0.194443 -0.495752 -0.260992 0.173145 0.0564296 -0.105277 -0.0609064 11.4162 1.79721 1.60607 3.10552 -0.450438 2.02311 0.73921 -2.28784 -2.46405 -1.95928 0.577134 0.14253 0.152167 16.34 3.42206 -4.60322 -3.86238 -4.32295 0.258993 -2.17856 1.81244 2.00473 -0.95011 0.924408 -0.556455 0.285237 
3.68527 -0.0651935 -0.0449077 -0.179583 -0.234575 -0.208421 -0.141314 -0.661749 -0.281132 0.253066 0.0570276 -0.0745639 -0.104999 20.3234 3.80047 -2.02146 -0.591017 -1.73318 1.95753 0.123776 -0.746938 -0.216764 -0.813805 0.235712 0.16135 0.142359 4.19479 -1.621 -4.20012 -4.29767 -1.32458 1.14118 -1.86146 5.99448 3.12211 -4.10701 -1.63474 0.0128546 0.607219 
4.0736 0.0376352 -0.179582 -0.122027 -0.449532 -0.127369 -0.188128 -0.558499 -0.296281 0.0221815 0.145238 -0.135094 -0.0320005 23.8091 4.22585 -3.87693 -3.27684 -2.04214 1.86389 -0.736943 0.757262 1.25442 -0.899979 -0.703408 0.289615 -0.0973082 -2.09871 -3.80838 -3.79725 -5.11389 2.3329 1.04226 -0.616212 6.94968 4.29383 -2.65848 -4.10224 0.822904 0.429936 
4.46474 0.000491917 -0.233585 -0.172945 -0.452655 -0.109774 -0.188696 -0.532019 -0.336243 0.0557382 0.146525 -0.0778664 -0.0171543 22.8362 3.38711 -4.99855 -3.71319 -1.29758 1.65384 -1.21953 2.48901 2.07806 -2.08422 -2.26843 0.755951 0.439426 -5.00283 -2.74014 -2.93011 -3.85691 3.5775 0.101553 0.199808 4.83234 3.79288 -0.160707 -4.31353 0.938089 0.167045 
4.90689 -0.0120711 -0.346118 -0.367396 -0.513055 -0.0525148 -0.276672 -0.311727 -0.143957 -0.15054 0.052806 -0.145731 -0.0131444 18.2932 1.43997 -5.85702 -3.498 -0.235937 1.49914 -0.606896 5.1453 3.02883 -2.8425 -3.32148 1.09099 1.02687 -6.62256 -0.767741 -0.454938 0.530241 3.03064 -1.88124 0.866229 0.625765 0.50888 1.98718 -2.49861 1.21951 0.3088 
5.21051 0.07329 -0.576406 -0.643201 -0.388167 0.00377889 -0.251303 -0.201707 -0.000930002 -0.0577726 -0.107716 -0.0349786 -0.0679477 14.0807 0.697542 -5.57893 -2.78393 0.20788 -0.0999251 -0.404351 6.04882 3.00682 -2.60149 -3.56573 1.37322 0.966038 -8.72314 -0.4749 2.17532 5.4186 0.857924 -3.10914 1.2503 -1.17529 -2.16935 1.28111 0.486655 0.515588 0.656328 
5.47221 0.0426978 -0.649466 -0.678913 -0.328211 0.0229501 -0.254247 -0.103089 0.0535606 -0.107383 -0.242196 -0.0212664 -0.0150025 9.93733 0.368059 -4.54076 -1.12554 0.756943 -1.68859 0.122241 5.78293 2.49771 -1.51234 -3.36633 1.55337 0.743783 -9.47555 -0.260259 3.25079 7.05365 -1.54367 -3.85119 1.07956 -1.27077 -3.31288 0.468277 3.13398 -0.217177 0.312471 
5.51567 0.0529139 -0.735292 -0.533958 -0.316636 -0.0283361 -0.261321 -0.0707212 0.0253686 -0.127917 -0.276622 0.0109032 0.0625325 5.69985 0.377573 -3.32171 1.22785 -0.0057337 -2.38078 0.156955 5.35229 1.70775 -1.54695 -1.96139 1.1986 0.658065 -7.74236 -0.379882 3.50752 5.10182 -2.54276 -2.72486 0.383887 -0.790343 -2.47323 0.0897638 4.11822 -0.794594 -0.692819 
5.5071 0.0472731 -0.71369 -0.450505 -0.347186 -0.154278 -0.20745 0.0370179 0.00759099 -0.158583 -0.266425 0.0357336 0.0743612 0.961866 0.302996 -1.22766 2.93765 0.0329755 -3.32595 0.342774 4.23641 0.346987 -1.09142 -0.460223 1.4608 0.307433 -5.90053 -0.106989 2.96652 1.50687 -1.58926 -0.576122 -0.622924 -0.69891 -0.849857 -0.244092 3.30318 -0.757803 -1.35432 
5.46352 0.0620604 -0.71237 -0.370821 -0.373585 -0.272806 -0.197203 0.12101 0.0124836 -0.180696 -0.240333 0.0651183 0.01736 -3.33903 -0.296783 1.59904 3.50897 -0.131431 -3.41979 0.422885 3.19136 -0.58852 -1.01793 1.27309 1.39669 -0.248404 -5.41361 -0.282208 3.31985 -1.83269 0.580444 1.59385 -0.619416 -1.63546 -0.232649 0.464344 2.07702 0.143606 -1.43287 
5.43246 0.0588956 -0.732176 -0.240761 -0.420416 -0.368332 -0.183293 0.190343 -0.0157479 -0.157021 -0.204359 0.043806 0.0516868 -6.6307 -1.92366 3.97345 2.9715 -0.0043081 -2.43482 0.807836 1.62556 -0.928389 -0.129145 2.04581 1.41252 -0.296006 -5.53128 -2.17296 4.64989 -3.32091 2.12011 3.08299 0.109402 -3.08319 -0.231007 1.10076 0.640645 0.772464 -0.553559 
5.3603 0.0461313 -0.690431 -0.154251 -0.526114 -0.285506 -0.25824 0.233117 -0.000675845 -0.251877 -0.0785824 0.0153332 0.0337438 -8.65803 -4.74713 5.66814 1.90576 0.451559 -0.623702 0.71813 -0.0464751 -1.12829 0.809905 2.00132 0.889948 0.0173214 -4.99256 -5.17941 4.60381 -2.99061 2.5678 3.38913 0.974683 -4.17546 -0.695606 2.41091 -0.891368 0.42573 0.945751 
5.06793 0.0736614 -0.53189 -0.259558 -0.34101 -0.41028 -0.237282 0.226609 -0.0195252 -0.239802 -0.112091 0.135646 -0.0346062 -9.52747 -7.32068 6.09375 0.494736 0.755415 1.05029 0.864424 -1.07599 -1.40986 1.547 1.76291 0.0699249 0.499044 -1.7253 -7.46492 2.04698 -1.74281 0.557343 3.60869 1.1759 -3.21753 -0.794374 2.52591 -1.32239 -1.52422 2.15273 
4.7753 -0.0236428 -0.282636 -0.322766 -0.288378 -0.344149 -0.165885 0.15861 -0.0743888 -0.151351 -0.00155814 0.192276 -0.0952831 -9.12658 -9.19996 6.1133 -0.722632 1.09282 2.17966 0.426795 -1.43784 -1.50806 1.35337 1.45493 -0.0890274 1.05775 2.63774 -6.33996 -1.96024 -0.766407 -0.976038 2.32476 -0.280373 -0.622598 -0.31758 0.60876 -1.47321 -2.43229 2.30171 
4.61519 -0.390012 -0.0919801 -0.24405 -0.315437 -0.217719 -0.0936902 0.00848033 -0.0868705 -0.0636889 -0.0546466 0.158324 0.0797454 -7.88263 -10.3133 5.26371 -1.98981 1.04923 2.771 0.360131 -1.50293 -1.55856 0.482798 1.0568 0.274035 1.30026 5.60684 -1.55591 -4.97935 -1.22635 -1.50786 0.263302 -1.51286 2.2735 0.0692781 -2.37096 -0.496823 -1.17451 0.650973 
4.45533 -0.766746 -0.0494775 -0.231689 -0.290013 -0.0905225 -0.169271 -0.0888033 -0.141477 0.00941196 -0.0775812 0.0549079 0.140719 -5.9919 -10.3127 3.98862 -2.72989 0.309407 1.98173 -1.15258 -1.18915 -1.12557 0.681795 0.762477 0.222155 1.9545 6.12396 3.85123 -4.8488 -1.86417 -1.68866 -2.17154 -2.93269 3.40913 1.02616 -3.57612 0.501757 1.15525 -0.564402 
4.43625 -0.919396 -0.109469 -0.387397 -0.332935 -0.0890647 -0.0801842 0.0349372 -0.175414 0.0137894 -0.0418747 -0.0406224 0.12483 -3.34218 -9.28715 2.20921 -2.45641 -1.18129 1.61569 -2.14247 -0.559572 -0.526321 0.187638 0.798545 -0.662683 2.2004 4.23339 6.37046 -2.58866 -0.987086 -1.32952 -3.32209 -3.30646 1.8351 1.60723 -2.20963 0.484859 2.03433 -0.804622 
4.49469 -0.981855 -0.0815281 -0.40666 -0.290434 -0.0829723 -0.248219 0.0935959 -0.157546 -0.145134 -0.0133265 0.0807258 0.144865 -1.34133 -7.22244 -0.0470338 -2.61897 -1.69602 0.910253 -3.07951 0.475727 0.641533 -0.72783 0.793398 -0.36689 1.49121 1.78245 5.45654 -1.2602 0.225297 -1.54731 -2.24526 -1.82306 0.108479 2.08529 0.437305 0.435671 0.681292 -0.917591 
4.50684 -1.06613 -0.142427 -0.507755 -0.338496 -0.0514964 -0.178479 0.0769395 -0.193018 -0.283365 -0.00520225 0.185747 0.154691 -0.518095 -4.21156 -1.06202 -3.0596 -1.9338 -0.413511 -3.02407 1.00505 0.827763 -0.876269 0.946612 0.185043 0.819152 -0.00394249 3.42376 -0.565057 1.29903 -0.986317 -1.08593 0.0402979 -0.795099 1.60518 2.26312 -0.183915 -0.941152 -0.517201 
4.46819 -1.06575 -0.0815542 -0.572792 -0.445246 -0.221913 -0.552698 0.0739745 -0.0882336 -0.0712335 0.0345616 0.138808 0.249049 -0.140057 -1.69834 -1.65991 -2.36753 -2.03989 -1.3414 -1.65817 0.767272 1.18407 -0.414387 0.827699 0.387764 0.431302 -0.768652 2.07316 -1.27281 1.58125 0.407615 0.194591 3.94706 -0.803522 0.0746495 1.50111 -0.60601 -1.11861 -1.06109 
4.50706 -1.07471 -0.0971627 -0.510546 -0.507047 -0.183033 -0.420659 0.070363 -0.0836307 -0.104506 0.0196698 -0.0100892 0.218735 0.733023 1.81651 -0.960518 -0.13279 -1.87127 -1.26848 -0.949719 -0.781649 1.38702 0.624394 -0.0954617 -0.62013 0.280978 0.247658 4.05343 -0.400464 2.21072 1.27926 0.1776 4.55696 -1.2627 -0.850983 1.1252 -1.21403 -0.842926 -0.800564 
4.49699 -1.12954 -0.26623 -0.576996 -0.489668 -0.0862962 -0.47425 0.13924 0.0613439 -0.188084 0.0758144 0.128321 0.111647 3.40091 5.97824 -1.75041 1.08356 -2.28599 -1.11616 -0.533475 -1.63987 2.0573 1.76961 -0.766879 -1.72303 -0.112836 3.96811 7.91228 0.530354 3.38898 0.706983 -0.104769 2.35707 -2.30912 -0.664065 1.13506 -1.89594 -1.41099 -0.0581303 
4.42564 -1.07217 -0.201067 -0.646862 -0.523386 -0.242547 -0.374618 0.075902 -0.095265 -0.0939616 0.0242154 0.119738 0.233339 6.63638 8.79546 -2.3815 1.77614 -2.4038 -0.474922 -0.636394 -1.69905 2.84922 1.77748 -1.19433 -2.05871 -0.606526 8.14147 9.13236 -0.310067 3.0241 -0.621599 1.06679 -1.29193 -1.78284 1.61128 0.409867 -1.54247 -1.45096 -0.509543 
4.42706 -1.00076 -0.314723 -0.543107 -0.515393 -0.276214 -0.189427 0.0511132 -0.0423636 -0.0366114 0.0289875 0.05674 0.167761 9.09466 10.2036 -3.14001 1.80277 -2.33221 0.43435 0.532018 -1.46604 2.79847 0.834115 -1.86561 -1.56892 -0.963942 9.08423 6.1235 -1.09488 0.437637 -1.61174 1.69152 -3.84629 0.101856 2.50741 -0.575825 -0.967102 -0.334158 -0.393965 
4.70362 -0.432121 -0.0992134 -0.247654 -0.528482 -0.199631 -0.28325 -0.144411 -0.00131773 0.0230067 -0.122498 -0.142039 0.172929 10.3959 10.6007 -3.38014 1.2547 -2.14578 0.623821 0.187793 -1.19154 2.7033 0.789895 -2.36202 -1.11623 -0.876691 4.74331 -1.82444 -2.69817 -3.18365 -0.974029 1.71455 -1.57678 2.62213 1.29959 -2.03873 0.0189074 1.82636 -0.568686 
5.23825 0.0040667 -0.408979 -0.311609 -0.680285 -0.208881 -0.496154 -0.140312 0.192979 0.0475422 -0.115424 -0.0956148 0.139971 10.5822 10.0142 -3.16839 0.632961 -2.00687 1.24856 0.108751 -0.882599 2.37587 0.285562 -2.39824 -1.24082 -1.09407 -3.1923 -8.15266 -0.91146 -4.32859 1.04294 1.35977 1.57986 3.03521 -1.35286 -2.36861 0.473459 2.51766 -0.471217 
5.50759 -0.0231208 -0.479084 -0.399526 -0.746018 -0.124222 -0.519895 -0.0576907 0.293148 -0.0297016 -0.108504 -0.0692421 0.0937432 9.76757 8.06214 -3.39804 -0.341522 -1.63493 2.37901 -0.323874 -0.240593 2.39403 -0.517709 -1.82014 -0.758149 -1.73247 -8.32576 -8.42048 1.18972 -3.01546 2.25148 0.40325 2.938 1.29006 -3.36686 -1.04155 0.717672 1.30626 -0.123508 
5.55133 -0.0303702 -0.534204 -0.437861 -0.752488 -0.10687 -0.357156 -0.00164044 0.239497 -0.0658632 -0.203414 -0.0316447 0.102748 7.46858 5.34779 -3.14226 -1.73262 -1.28719 2.70926 -0.298945 0.221251 1.45884 -0.817089 -1.15354 -0.206814 -1.63713 -8.35283 -5.17852 2.07371 -0.771486 2.0722 0.407874 1.40276 -0.600147 -2.63257 0.22651 1.55783 -0.355205 -0.413521 
5.5715 -0.024658 -0.578645 -0.482765 -0.693837 -0.0876429 -0.312211 -0.00720947 0.205538 -0.0518661 -0.258952 -0.0365942 0.0829822 4.03272 1.99707 -3.18791 -2.95613 -0.538658 2.6651 0.855167 0.537393 0.239807 -0.592182 -0.272612 0.219252 -1.60904 -5.13915 -1.14835 1.91904 0.5906 0.865868 0.431115 -0.476106 -1.63451 -1.39927 1.18579 1.83224 -1.16094 -0.120755 
5.52002 0.000917465 -0.570437 -0.556484 -0.690615 0.00614226 -0.350842 -0.0143792 0.215161 -0.120462 -0.198669 -0.0386414 0.00319923 0.8533 0.579003 -1.97238 -2.81252 0.547652 2.49251 1.87248 -0.0266268 -1.07136 0.232099 -0.109864 -0.136008 -1.35739 -1.6404 0.462231 0.138659 0.389625 0.155257 -0.430163 -0.527774 -1.23707 -0.567246 2.10783 1.21518 -0.653948 0.557046 
5.53561 -0.00301726 -0.587771 -0.573092 -0.699975 0.0589419 -0.354795 -0.0383955 0.195042 -0.094713 -0.169852 -0.0669785 -0.0220776 -1.01912 1.16198 -1.86454 -2.57832 1.14448 1.85905 1.81846 -0.827476 -1.26696 1.46778 0.0584103 -0.421277 -1.33373 -0.88101 0.668848 -0.484797 -0.000111997 0.542279 -1.23439 0.560303 -0.661387 -0.188008 2.32278 -0.0248582 -0.0654013 0.71816 
5.51336 0.0163186 -0.628251 -0.588938 -0.716451 0.0905152 -0.335083 -0.0486722 0.185889 -0.0630505 -0.144647 -0.0879077 -0.0241893 -2.34594 1.77611 -1.85164 -2.47591 1.29689 1.34656 1.75336 -1.44598 -0.993618 2.25299 0.371205 -0.477841 -1.35369 -1.75753 1.08996 -0.542215 -0.123084 1.03141 -1.827 1.46125 -0.576494 0.0247807 1.98479 -1.03223 0.414721 0.41948 
5.49929 0.0400841 -0.668334 -0.662252 -0.674512 0.122261 -0.274391 -0.0852552 0.119088 0.0040613 -0.139246 -0.0923892 -0.0234125 -3.44029 2.22438 -1.65678 -2.57325 1.60068 0.644635 2.04001 -1.51944 -1.38354 3.20178 0.0374059 -0.116631 -1.18435 -2.75801 1.29062 0.0577271 -0.091722 1.07695 -1.80848 0.935771 -0.378821 0.157384 1.37691 -1.24205 0.712393 -0.158434 
5.48576 0.0726592 -0.710831 -0.719574 -0.613485 0.0940455 -0.212554 -0.094983 0.0851106 0.0895501 -0.171492 -0.0765291 -0.021777 -3.73955 2.08742 -1.25774 -1.95419 1.62766 -0.241801 2.82796 -2.11419 -1.53373 3.19418 0.187354 0.12736 -0.683383 -2.42659 0.538004 1.10043 0.579702 0.139149 -1.15869 0.454819 -0.674587 0.04696 -0.278901 0.00221342 0.686856 -0.176986 
5.33976 0.15388 -0.75345 -0.734964 -0.567354 0.0638082 -0.196581 -0.146957 0.142742 0.178366 -0.191201 -0.100684 -0.0862511 -4.65042 2.19158 -0.499486 -1.18027 1.35396 -0.197258 2.69808 -2.32192 -1.68361 2.29152 0.135855 0.708185 -0.405047 -0.897024 -0.600055 1.99723 1.58377 -1.00405 0.0371353 -0.099208 -0.606767 -0.720861 -2.07853 0.866746 0.884157 0.641364 
5.16487 0.233108 -0.775671 -0.763854 -0.568058 0.0563988 -0.0947841 -0.206308 0.122203 0.19501 -0.182665 -0.0777411 -0.0959284 -6.60782 1.67166 0.803654 -0.545182 1.21788 0.415738 2.32799 -2.17311 -1.54437 1.41101 0.122016 0.88301 -0.309677 -0.826336 -1.73499 2.71543 2.14697 -1.34854 1.49659 -0.949539 -0.0325698 -0.580892 -3.04762 1.01999 0.580104 1.0323 
5.08261 0.26476 -0.735429 -0.856955 -0.477637 0.0325078 -0.10399 -0.177264 -0.0192825 0.337284 -0.244217 -0.0224192 -0.107277 -9.25421 0.280557 2.70922 1.19045 1.3721 -0.0734011 1.60617 -1.1683 -2.18821 -0.356015 0.482326 0.609043 0.157897 -3.28159 -2.78579 3.34768 3.10515 -0.712721 1.38226 -1.46882 1.2001 -0.443752 -3.99792 0.89257 -0.340206 1.15538 
5.139 0.185096 -0.679138 -0.726496 -0.551438 -0.00281107 0.0284424 -0.344532 0.0184025 0.181478 -0.0640583 -0.0432306 -0.0521678 -11.0233 -2.70273 3.15172 2.61544 1.98363 0.161488 1.18218 -0.126334 -2.13818 -1.42864 1.10672 -0.0936662 0.478717 -6.01293 -4.51541 2.21322 2.80554 1.45948 0.521496 -1.85015 3.22517 -0.250789 -2.41909 -0.00695698 -1.42405 0.550278 
4.94233 0.265845 -0.62472 -0.656569 -0.595039 0.13391 -0.0675619 -0.323144 -0.0403323 0.101792 -0.141051 0.041878 -0.0418852 -10.7528 -5.63265 2.7871 3.11918 2.47226 -0.0135662 0.0198039 -0.162573 -2.48793 -2.256 1.80525 0.0537105 1.07017 -4.16908 -6.52977 -0.411556 1.5979 2.89799 -1.43941 -1.61856 2.3952 -0.0163079 -0.581118 0.706937 -1.73014 0.271354 
4.51679 0.180975 -0.480401 -0.695537 -0.525039 0.241966 -0.051853 -0.281182 -0.00677886 0.13071 -0.153252 -0.00407103 -0.0673021 -9.39235 -7.23696 1.63796 2.93015 3.04496 -0.287579 -1.31324 -0.420526 -1.99559 -2.64574 1.75749 0.224108 1.45905 2.49215 -5.64585 -3.91299 -0.365306 2.47948 -2.3789 -1.74987 -0.244257 0.188748 0.534645 0.875799 -0.22482 0.566349 
4.11765 -0.0149933 -0.252351 -0.431206 -0.388135 -0.0272785 -0.0886889 -0.115031 -0.241561 -0.0741425 -0.0870714 -0.0743805 0.0170824 -8.01956 -7.90028 0.709373 2.68972 2.84938 -0.404754 -1.47413 -0.026436 -0.973722 -2.65421 1.41706 0.14808 1.29761 8.80965 -1.76756 -5.57595 -3.02389 0.116156 -0.647205 -1.19141 -2.49851 1.83987 1.87346 -0.110566 1.46577 0.0809941 
4.00564 -0.450573 -0.474038 -0.377788 -0.244153 0.0845982 -0.0285013 -0.0766038 -0.0914533 0.0127957 -0.0134089 -0.172583 -0.0102591 -6.27958 -8.16064 -0.397526 1.51307 1.96598 -1.14465 -1.59858 0.663783 0.294679 -1.49583 1.22458 0.330782 0.740656 9.73207 3.24074 -3.17624 -3.51526 -3.45843 -0.275445 -0.162835 -2.24918 2.87496 1.32235 -0.765937 2.16319 -0.490408 
4.15901 -0.600615 -0.574123 -0.465334 -0.243568 0.00796598 -0.228919 -0.331832 -0.201565 -0.0305675 0.0768941 6.5507e-05 0.0586429 -3.33935 -7.55433 -0.895653 1.3804 1.11169 -2.29097 -1.48636 0.672531 1.01819 -1.26357 1.6367 0.568229 0.7081 5.11436 5.70631 0.517568 -1.51781 -4.59543 -0.0706692 1.20267 1.26824 3.08357 0.874812 -1.29625 0.908816 -1.19871 
4.28233 -0.539057 -0.682803 -0.555728 -0.187739 -0.000496987 -0.295644 -0.381506 -0.134747 -0.0622099 -0.022947 0.0551631 0.108698 -0.689793 -5.78709 -0.77706 1.48721 0.385601 -2.06567 -1.26163 1.45687 1.67886 -0.879411 0.948804 0.463833 0.413923 -0.204084 4.3476 3.76119 1.34076 -3.14146 -0.336115 1.91588 4.0396 1.70092 0.518914 -0.597876 -1.12793 -1.37452 
4.23967 -0.576077 -0.582226 -0.487657 -0.284024 0.031898 -0.154616 -0.202944 -0.0460665 -0.0478444 -0.0647188 0.00383974 0.0319504 0.0738678 -3.54757 -0.422185 0.389894 -0.557519 -0.990132 -1.17994 0.819434 1.82628 -0.439339 0.147783 0.894978 0.418545 -2.78553 2.32197 3.65864 2.18945 -0.0854138 -0.284504 0.476558 2.58598 -1.18249 -0.332517 -0.230814 -1.37419 0.0681249 
4.20299 -0.717199 -0.628746 -0.536286 -0.497996 -0.100043 -0.14896 -0.164375 0.150358 0.00531547 0.0786938 0.019765 -0.0207709 -0.718433 -1.63191 1.16686 0.383381 -1.10529 -1.07968 -0.631286 1.2593 1.14047 -1.23278 -0.713046 1.08518 0.885739 -2.66199 1.0659 1.87891 0.891777 2.46011 1.53692 -0.148903 -0.258173 -2.96287 -0.928707 -1.36232 -0.53129 1.45713 
4.21266 -0.646443 -0.520246 -0.358197 -0.403557 -0.19064 -0.266573 -0.122435 0.0094401 -0.114451 0.0853729 0.0700116 0.0630679 -1.79089 -0.880844 1.73636 0.904481 -0.523958 -0.403228 0.355845 1.74043 0.428086 -1.61694 -1.02043 0.580515 0.644977 -1.34503 0.704147 -0.293346 -1.50976 2.2642 2.26251 0.170777 -2.8959 -3.06876 -1.17045 -1.64103 0.731565 1.39488 
4.15424 -0.665032 -0.394365 -0.293662 -0.280037 -0.065594 -0.192193 0.100253 0.0649058 -0.0508522 -0.056032 -0.0935242 0.0136186 -2.56729 -0.797403 2.04157 1.26246 0.258728 0.166578 -0.0361974 1.03007 -0.332034 -1.23302 -1.06631 0.129486 0.68115 -0.249471 0.739879 -1.60971 -1.85862 1.10778 1.54631 0.198239 -3.60099 -1.70045 -0.685695 -0.885326 1.05722 0.61839 
4.01767 -0.673593 -0.458105 -0.455256 -0.343043 -0.0379779 -0.278748 -0.201796 -0.0790387 -0.111181 -0.0478081 0.0639467 0.133965 -3.09334 -0.376568 1.49826 0.803463 1.02662 -0.252381 -1.03359 0.476699 -0.498978 -0.656438 -1.22116 -0.173375 1.12323 0.121212 0.373854 -1.14732 -0.163542 0.222414 -0.336439 -0.0124335 -0.345535 0.98002 1.21494 0.245494 -0.829581 -0.920427 
4.00283 -0.723238 -0.429049 -0.452899 -0.369836 -0.0626811 -0.172687 -0.120313 -0.0119339 -0.223965 -0.119124 0.108602 0.194445 -3.19894 -0.184944 0.945654 0.551843 1.43214 -0.316855 -0.936469 0.107536 -0.563262 0.0631842 -1.36865 -0.170986 1.12286 -0.0728741 0.0339954 -1.01861 0.676895 -0.241634 -2.04115 -1.29339 0.986098 2.10667 3.13651 1.47138 -1.63749 -1.33653 
4.0441 -0.646974 -0.451005 -0.393192 -0.262966 -0.0198771 -0.159301 -0.159349 -0.148804 -0.267777 -0.0808536 0.103384 0.0959729 -3.20845 -0.448203 0.243253 0.312473 0.484569 -0.754296 -0.822916 -0.77142 0.194843 1.5097 -0.445369 -0.217686 0.480398 -0.469009 -0.327099 -0.38657 0.967402 -0.898407 -2.58552 -1.51555 1.00894 2.1642 3.74126 1.62797 -1.22061 -0.591858 
3.93601 -0.675428 -0.386209 -0.328391 -0.218059 0.0231326 -0.286272 -0.158875 -0.0374367 -0.0916926 -0.14522 -0.0300259 0.105637 -3.06987 -0.236642 -0.14437 -0.0497782 -0.399931 -1.28915 -0.355619 -0.69943 0.670191 1.84978 0.790784 0.357509 -0.141407 -0.173729 -0.289875 -0.453432 -0.462306 -1.82545 -1.3808 0.784209 0.317519 1.05938 1.93889 1.94851 0.696598 -0.701349 
3.7887 -0.68673 -0.415514 -0.385405 -0.285167 -0.209688 -0.368542 -0.0142951 0.0683665 -0.0192567 -0.103188 -0.0693787 0.156292 -2.79214 -0.15346 -0.139783 0.0688029 -0.378211 -1.1683 0.0570219 0.663834 1.70787 2.53147 1.0999 -0.099646 -0.801473 0.609282 0.0528237 -0.470702 -1.39388 -1.6608 1.18925 2.32285 -0.988946 -0.124163 -0.40137 1.50923 2.15832 -0.800251 
3.82373 -0.734676 -0.476735 -0.37607 -0.279763 -0.213858 -0.289422 -0.0996431 0.0339597 0.00928497 -0.0691931 0.0399526 0.153515 -2.89359 0.0391241 -0.0426736 0.220649 0.208792 -0.34607 0.105339 0.353277 1.38537 2.73541 1.18734 -0.510426 -1.23642 0.676752 0.646043 0.333029 -0.791095 0.225187 2.88858 2.30648 0.139119 -0.38866 -1.88926 0.0854957 0.672611 -1.10182 
3.78962 -0.711645 -0.429661 -0.284325 -0.349502 -0.203614 -0.326087 -0.249478 0.0140335 0.138841 0.0181152 0.016802 0.0892837 -2.88093 0.0747409 0.196599 -0.0207851 -0.000690877 0.200862 1.1579 0.0759729 0.813887 1.9345 0.583731 -0.525869 -0.684667 0.42734 0.861211 0.632061 -0.108822 2.12505 3.08259 1.59067 0.793197 -1.23519 -2.55873 -1.77498 -1.09431 -0.23082 
3.71122 -0.679996 -0.43682 -0.474666 -0.414661 -0.140614 -0.134916 -0.0854414 0.08541 0.04532 0.0728396 0.108727 0.017163 -2.85774 0.201448 -0.26027 -0.245915 0.0849597 0.832495 2.18645 -0.320346 -0.371215 0.411096 0.187913 -0.496372 -0.569888 -0.370631 0.232388 0.360338 1.16016 2.31131 1.50078 -0.0419102 -0.298316 -1.98029 -1.81673 -2.83999 -2.55694 1.23195 
3.69366 -0.697243 -0.475263 -0.464244 -0.345282 -0.120487 -0.20864 -0.0317349 0.175654 0.0911684 0.0147023 0.0647377 0.0579331 -2.51559 0.240407 -0.740534 0.0389506 -0.0335722 1.53135 2.45342 -0.798096 -1.06455 -0.238836 -0.234005 -0.751028 -0.154793 -0.560406 -0.23493 -0.797885 0.972702 0.0510969 -0.682064 -0.0234491 -1.25125 -2.46411 -1.4369 -1.68294 -1.57276 1.92467 
3.65443 -0.667243 -0.392681 -0.296581 -0.141515 0.00661358 -0.195639 -0.105625 0.0432248 0.0826481 -0.0333108 -0.0809414 -0.0251425 -2.44769 0.580475 -0.897033 0.0154516 -0.241247 0.921322 2.31097 -0.0434744 -0.996654 -0.19693 -0.616668 -0.968492 0.317487 0.194101 -0.338515 -1.89265 -0.214423 -2.54854 -2.2829 0.16808 -0.839774 -0.964555 -0.164878 0.0978538 0.825225 1.8324 
3.6107 -0.642842 -0.377105 -0.358178 -0.256764 -0.0201839 -0.0563788 -0.175123 -0.0723343 0.0208701 -0.113306 -0.0741485 0.106158 -2.61925 0.465424 -1.43503 -0.0880077 -0.214923 0.535065 2.02298 0.547785 -1.20229 -0.686945 -1.25218 -0.730514 0.918178 0.38328 -0.0879626 -1.79221 -0.595308 -2.50007 -2.11123 -0.696709 0.894453 1.02809 0.884728 1.20187 1.90547 0.415496 
3.46371 -0.6953 -0.510709 -0.405055 -0.2883 -0.0418897 -0.0500359 -0.169785 -0.0697525 -0.0437771 -0.107741 -0.102078 0.0979318 -2.49802 0.507232 -1.35889 0.436723 -0.500384 -0.428264 1.29335 -0.196313 -1.69423 -0.145537 -1.0176 -0.596791 1.35847 0.71031 0.500715 -0.110366 -0.596563 -0.970343 -1.39883 -0.934014 1.82185 1.54779 1.29165 1.0939 2.0082 -0.250931 
3.53347 -0.69375 -0.61248 -0.361524 -0.401812 -0.0843484 -0.0544015 -0.193344 -0.0662569 0.0104844 -0.04053 -0.05772 0.16142 -2.76632 0.645078 -1.10349 0.230009 -1.04299 -1.08276 1.11486 -0.0691147 -1.8745 0.183934 -0.234301 0.0764702 1.06881 -0.265755 0.569208 1.69142 0.109186 1.23689 -0.475967 -1.42076 1.10043 0.494572 1.07834 0.412036 0.709143 -0.82455 
3.54841 -0.608926 -0.551474 -0.37563 -0.386152 -0.147415 0.00405116 -0.0745932 -0.0154079 0.118443 -0.0570837 -0.00615469 0.126343 -2.72401 0.849675 -0.993899 -0.0703838 -1.56579 -1.35335 -0.0388651 0.60974 -1.06948 0.26651 0.476911 0.669315 1.1651 -0.929558 0.32291 2.09234 0.733384 1.51701 0.514621 -1.86523 -0.488105 -0.825691 -0.146815 0.591204 -0.493135 -0.584934 
3.38469 -0.643323 -0.604313 -0.404845 -0.359654 -0.0706904 -0.0380873 -0.0238232 -0.0617259 -0.015789 -0.151264 -0.013152 0.154431 -3.3152 0.953269 -0.421179 0.246291 -1.12084 -1.07873 -0.83515 0.979629 -0.642478 -0.083898 1.37122 0.547566 0.0235428 -1.03437 0.23068 1.54658 0.482849 0.140779 0.380855 -1.36704 -0.907191 -0.516012 -0.858611 1.62254 -0.661292 -0.781527 
3.39076 -0.610059 -0.541514 -0.369673 -0.370398 -0.191972 -0.0398328 -0.151414 -0.132316 0.0738528 -0.0633934 -0.023554 0.194849 -3.94915 1.39575 0.665164 -0.0275252 -0.802515 -0.888036 -1.24575 0.937789 -0.205553 -0.91973 1.35793 0.70382 -0.308256 -1.59107 0.158 0.444776 -0.358211 -0.537809 0.803449 -1.08077 0.16896 1.13462 -2.25501 1.31029 -0.207072 -1.24163 
3.29167 -0.600214 -0.515715 -0.335945 -0.35846 -0.190603 -0.0694487 -0.11412 -0.180207 0.121523 -0.0149964 -0.0136644 0.128902 -5.08476 1.33594 1.07881 -0.392438 -0.116812 -0.209692 -1.31602 0.600366 0.853323 -1.3295 0.522452 0.16279 -0.887049 -1.44572 0.215451 -0.0171597 -1.05837 -0.253647 0.986316 -0.0608939 0.308301 2.90227 -2.09653 -0.491014 -0.0521731 -1.08056 
3.28638 -0.542023 -0.523838 -0.337712 -0.426181 -0.132282 -0.204733 -0.0505084 -0.113092 0.0215392 0.0176945 -0.00937996 0.202362 -5.698 1.2388 1.38137 -0.709145 -0.267983 -0.195258 -1.40847 0.00176271 1.15869 -1.42584 0.332433 -0.0692109 -0.848563 -1.66125 0.0637593 0.498803 -1.4519 0.736012 0.345823 1.18998 -0.214869 2.61785 -0.343204 -2.30139 -0.132291 -0.803445 
3.07522 -0.565967 -0.523426 -0.361391 -0.459177 -0.157806 -0.130649 -0.0400805 -0.114247 -0.0934634 0.124234 -0.0244589 0.0328537 -5.81278 1.43558 2.14984 -0.630733 0.217058 -0.380736 -1.02026 -0.0549523 1.34787 -0.634032 0.4775 -0.262915 -1.36369 -0.712337 -0.0284418 1.1299 -0.646719 1.59334 -0.0771565 1.04404 -0.911718 0.767598 1.90958 -2.63063 -0.521685 0.316196 
2.97439 -0.48643 -0.447177 -0.44822 -0.42619 -0.186394 -0.192054 -0.0397537 -0.00668561 -0.181625 0.0367138 0.0506713 0.0856652 -6.21177 1.07251 2.50919 -0.533891 0.608661 -0.228972 -0.626707 0.0147433 1.30385 -0.700459 0.144576 0.176789 -1.37673 0.392384 -0.513713 1.47146 0.970495 1.31925 -0.764276 1.02819 -1.18676 -1.82498 3.2027 -0.365419 -0.327709 0.477663 
2.87363 -0.507325 -0.465863 -0.434908 -0.33728 -0.0789021 -0.148823 -0.0864801 0.161987 -0.0449236 -0.138286 -0.0575322 0.0290768 -5.96724 0.598006 2.77676 -0.237315 1.223 -0.725451 -0.38264 -0.483989 0.711563 -0.148586 0.172375 0.561306 -1.05043 1.00703 -0.862109 1.22909 1.77963 0.699929 -1.32126 0.183024 -0.415274 -3.60723 1.7954 2.18425 1.01004 0.56625 
2.7695 -0.471602 -0.35521 -0.484734 -0.416853 -0.201059 -0.173605 -0.1015 0.0271754 -0.0346808 -0.06857 -0.0245864 0.0868217 -5.45988 0.0222645 2.89705 0.519391 1.97172 -0.955976 0.169554 -0.66266 0.279195 0.615295 -0.0604055 0.630606 -1.00194 1.50029 -1.2889 -0.099403 2.10719 0.736703 -0.47325 -0.0562336 0.256855 -2.03835 -0.0952939 2.04738 1.33316 0.282576 
2.68445 -0.448613 -0.250673 -0.399124 -0.281136 -0.201382 -0.156307 -0.0915055 -0.0420746 0.0411177 0.0288837 -0.0711855 -0.0263849 -4.2288 -0.302026 2.66344 1.2006 2.19982 -0.853428 0.106431 -0.538453 -0.012191 1.00678 -0.133575 0.665363 -0.456528 1.63301 -1.34852 -1.40837 1.21038 0.203704 0.135802 0.139305 0.497922 0.207147 -1.35053 0.286228 0.97937 0.338607 
2.60206 -0.505503 -0.211702 -0.363872 -0.311364 -0.226469 -0.142387 -0.127593 -0.049144 -0.0249829 0.0486027 0.0796555 0.0258472 -3.30865 -0.727353 2.11049 1.69498 2.01321 -0.778714 0.339553 -0.313672 -0.436835 0.850782 0.354798 0.573045 -0.555584 2.0379 -0.48157 -1.8496 0.185047 0.10011 0.822834 0.151594 0.68966 1.81692 -0.970456 -1.49244 -0.591384 0.274361 
2.5597 -0.540487 -0.214994 -0.347659 -0.230177 -0.275872 -0.203652 -0.136154 -0.0948284 0.0152416 0.0789121 0.102063 0.0280122 -2.35893 -0.760251 1.61778 1.66312 1.70881 -0.772675 0.265553 -0.0283954 -0.452306 0.166514 0.540958 0.789617 -0.357013 1.9593 0.259016 -1.55039 -0.492035 -0.632693 1.18302 0.507274 0.533779 1.93137 -0.35977 -1.83783 -1.52741 0.0501163 
2.54151 -0.560709 -0.202435 -0.269284 -0.17645 -0.232069 -0.130555 -0.098942 0.0143875 -0.00599708 -0.0111525 0.0423013 -0.000716308 -1.48013 -0.823347 0.786911 1.51887 1.59922 -0.183502 0.346212 0.0824374 0.354513 -0.00987618 -0.100014 0.473541 -0.355002 1.47157 0.779128 -0.763084 -1.16225 -1.30036 0.4276 0.00535116 0.139711 0.198635 -0.0302167 -0.370028 -0.923191 0.159127 
