3.0544 -0.421577 -0.643298 -0.541621 -0.288158 -0.338827 -0.116693 0.0519719 0.134211 0.0578789 0.0248998 0.139136 0.0333965 -3.36729 -0.369766 4.05951 2.67937 0.769477 1.40926 -0.411399 -0.457171 -1.26608 -1.34111 -0.617905 -1.54178 -0.117563 -2.18198 -0.0104783 3.53321 2.276 0.788713 1.37301 -0.68671 -0.654727 -1.23429 -1.14886 -0.372664 -1.1703 -0.416696 
2.81764 -0.483988 -0.499711 -0.425203 -0.277576 -0.345684 -0.0832696 0.0878656 0.131946 0.0387382 -0.0125338 0.0699659 0.0752925 -2.85125 0.108772 4.66653 2.89986 0.501659 1.45995 -0.813536 -0.790664 -1.19193 -1.17642 -0.522564 -1.88445 -0.140127 2.1012 1.31905 1.89514 1.13494 -0.329592 0.155441 -1.54056 -0.228756 -0.0453577 -0.342291 0.495975 -0.362983 -0.87364 
2.58956 -0.524425 -0.370317 -0.413521 -0.179343 -0.0835769 -0.0517386 -0.0876778 -0.069334 -0.0996633 -0.0979898 -0.0322802 0.092925 -3.05521 0.104696 4.60411 3.14754 1.35774 1.89053 -0.803196 -1.51601 -1.3278 -0.945985 -0.651434 -2.31876 -0.420833 4.60996 1.6507 -0.87806 -0.0837845 -0.658508 -1.50989 -1.34012 0.364093 1.6088 1.12804 1.00769 0.279425 -0.943722 
2.59106 -0.477195 -0.178672 -0.234803 -0.107199 -0.15412 -0.159932 -0.105765 -0.0488657 -0.00310933 -0.0399162 -0.00665394 0.00327195 -1.94825 0.969217 5.05936 3.6057 1.75412 1.83052 -0.962407 -2.01232 -1.70364 -0.951523 -0.685584 -2.14396 -0.530016 4.14968 1.46168 -2.48865 -1.15371 -0.065171 -1.11154 0.00613818 -0.363725 1.03836 1.10247 0.327893 0.40689 -0.110919 
2.85169 -0.405277 -0.14928 -0.195047 -0.288561 -0.250951 -0.227946 0.116833 0.057335 -0.148102 -0.0101613 -0.0339664 -0.0136389 1.22596 2.92976 5.57711 3.99438 1.3358 0.270882 -1.95789 -2.3911 -1.38093 -0.937308 -0.524993 -1.12478 -0.732733 2.87191 2.05413 -1.16825 -0.448901 1.11512 -1.21306 0.233599 -2.08018 -0.303645 0.970871 -0.407776 1.24892 0.324607 
2.8415 -0.353087 -0.14774 -0.26202 -0.280125 -0.195911 -0.231256 -0.0805592 0.0363099 -0.0118597 -0.016315 -0.086401 0.0338216 4.98802 4.39019 4.58485 4.01682 0.776774 -1.88 -2.70089 -2.56194 -0.959565 -0.881773 -0.532179 -0.0412984 -0.765816 3.87715 2.76286 0.529469 1.25523 0.490328 -2.97492 -0.660913 -1.31536 -0.762687 -0.683546 -0.810146 2.22079 0.319889 
2.60827 -0.456618 -0.19121 -0.185326 0.00285934 -0.065209 -0.156778 -0.211656 -0.0406723 -0.0128611 -0.0826717 -0.165695 -0.0306075 7.6237 5.00704 3.21612 4.08927 0.195462 -3.47023 -2.59455 -2.45237 -0.920267 -0.914789 -0.657936 0.751202 -0.643389 6.50745 3.11967 0.497642 1.46952 -1.85535 -4.30644 -1.52241 -0.109655 -0.644008 -1.60079 -0.511063 2.70613 0.330209 
2.82447 -0.248229 0.0512312 -0.0436292 -0.0393129 -0.119452 -0.209186 -0.220302 -0.144386 -0.0895381 -0.0858842 -0.0896265 -0.00372793 8.49365 4.92944 1.97941 3.59649 -0.088992 -3.65562 -2.19878 -2.97827 -1.40201 -1.12122 -1.08303 0.834171 -0.38656 5.34274 0.71146 -2.17105 0.274643 -2.51249 -3.56493 -0.913679 0.825753 0.339434 -0.728819 -0.1125 1.35027 -0.0680272 
3.2838 0.0691126 0.240486 0.0634997 -0.180776 -0.439516 -0.441376 -0.258989 -0.0393987 -0.121454 -0.064895 0.0642785 -0.0363925 7.89602 4.28249 1.51527 3.37743 0.104202 -3.53661 -2.26544 -3.0708 -1.51728 -0.696204 -1.08599 0.964207 -0.302392 -0.285157 -3.0695 -4.27076 -1.70377 -1.31031 0.681733 1.12045 1.29217 0.229997 0.328381 0.0209951 -1.1446 0.149394 
3.48812 0.0667581 0.0839305 0.123218 -0.189106 -0.612499 -0.459428 -0.284745 -0.0581349 -0.155958 -0.129288 0.0616407 -0.0114312 12.8528 2.31859 -0.983492 2.71626 -2.07657 -2.47692 -0.841816 -1.00669 -0.97194 -0.776582 -0.593924 1.09381 0.158856 -0.573896 -5.65514 -4.82887 -3.02791 -1.04434 5.29179 3.30329 1.60431 0.338057 1.75917 0.699328 -2.12677 0.640699 
3.6109 0.0559594 -0.00786557 0.15641 -0.183142 -0.532182 -0.374558 -0.343689 -0.198908 -0.207629 -0.150686 0.0559833 -0.0361308 19.6048 0.946658 -3.53259 1.69759 -4.11996 -2.7077 -0.397674 0.654975 0.293339 -0.00612545 -0.195566 1.22003 0.893196 6.55851 -5.63202 -4.58058 -2.63201 -1.86181 4.81892 3.1319 3.09223 1.81933 2.16945 1.07111 -1.26584 1.28042 
3.65288 0.067882 -0.0136392 0.145902 -0.208111 -0.555232 -0.414432 -0.391015 -0.160282 -0.139571 -0.153238 0.00291229 -0.0524265 23.423 -0.818094 -6.41068 0.0218376 -4.3393 -1.85153 0.935566 1.64102 2.13746 0.603587 -0.342546 0.797378 1.10103 15.3203 -2.92581 -4.1445 -2.03665 -2.97286 1.58292 2.27845 3.91596 3.48318 1.20796 0.752259 0.640384 1.54893 
3.54994 0.0145832 0.029115 0.130791 -0.186071 -0.508866 -0.485474 -0.335899 -0.116986 -0.112381 -0.134107 -0.00855547 -0.0198636 24.8629 -1.68569 -7.81989 -1.91957 -4.07878 -0.365071 2.31303 2.11825 3.29879 1.18358 -0.556277 0.503474 1.19541 15.9637 0.638458 -3.39103 -2.29974 -2.03286 -1.80443 1.19363 2.21961 4.3868 0.421297 -0.351076 1.57856 0.594561 
4.85247 -0.281609 -0.464333 0.061964 -0.572579 -0.241342 -0.10927 -0.132518 -0.101614 -0.0848053 -0.0710946 0.0250004 0.0897615 25.3546 -1.08513 -7.72582 -3.56623 -4.00581 0.829462 2.64397 1.98452 4.30717 1.86528 -0.742402 -0.0998049 1.00282 1.26076 3.71166 0.133643 -2.87091 1.97928 -2.28567 -0.683465 -1.37073 3.05879 0.137915 -1.70387 0.0544314 -0.989914 
5.81423 -0.167935 -0.557607 0.120561 -0.619782 -0.630359 -0.320334 -0.0487279 0.0649144 -0.0265753 -0.102062 0.104442 0.124559 24.1922 -0.358938 -7.42765 -4.77718 -3.69846 1.50906 2.40752 1.50392 4.61731 2.44681 -1.04664 -0.712678 0.617915 -13.9631 3.60768 2.84972 -3.39639 3.74354 2.23935 -0.304955 -3.95604 -0.399483 0.426747 -1.65992 -2.17681 -2.10685 
6.11547 -0.0904394 -0.687982 -0.0439336 -0.602415 -0.63061 -0.213427 -0.0458026 0.313002 -0.0691887 -0.176887 0.11405 0.096152 20.5861 0.648487 -6.65834 -5.80772 -3.11068 2.43738 2.58785 0.323807 3.69161 2.60223 -0.96538 -1.15723 -0.319264 -19.9728 2.04667 4.32049 -2.27354 2.96052 4.75535 -0.63925 -4.38509 -3.90302 1.26244 -0.201576 -3.21725 -2.33013 
6.12745 -0.0350918 -0.748008 -0.252121 -0.581053 -0.546585 -0.151023 -0.120738 0.360368 0.00514674 -0.213113 0.121088 0.0658811 14.2094 2.0255 -4.92968 -6.47467 -2.49419 3.52567 2.23186 -1.38811 2.3882 2.5436 -0.583677 -1.54698 -1.32845 -16.4014 0.414371 3.97247 -0.29407 0.655533 4.9256 -0.610918 -2.89321 -5.24705 0.695177 1.61235 -2.20038 -1.79998 
6.14198 -0.0114459 -0.808567 -0.364465 -0.586546 -0.326269 -0.107874 -0.200228 0.317084 0.0941385 -0.264255 -0.0959578 0.0523699 4.722 3.05537 -1.58246 -7.01015 -0.766598 4.26135 1.33001 -2.91176 0.235696 1.81222 0.270212 -1.4028 -2.01939 -8.27584 -0.357317 3.23029 0.706114 -0.871195 2.14584 -0.183336 -0.956011 -4.75396 -1.08276 3.12652 1.17461 -0.854837 
6.18763 0.00276608 -0.824109 -0.437179 -0.618982 -0.210464 -0.143782 -0.240058 0.255064 0.166124 -0.263131 -0.135118 -0.00471929 -0.702946 2.38677 0.655973 -7.21978 -0.316882 4.91964 2.25588 -3.00856 -2.53654 1.08462 1.15231 -0.986661 -2.42498 -3.85971 -0.0404596 4.05601 0.866578 0.149101 -2.35612 -0.121163 0.546288 -3.4358 -2.68903 2.85693 3.44669 -0.096181 
6.09808 0.0705743 -0.818589 -0.573667 -0.663796 -0.148168 -0.0667635 -0.330086 0.20037 0.204704 -0.173472 -0.135157 -0.110235 -2.6805 1.87012 2.87235 -5.97204 -0.374828 3.25791 2.12642 -2.20836 -4.81211 0.355425 1.55265 -0.344876 -2.3086 -1.87967 -0.625919 4.41508 1.06203 1.25437 -4.78516 0.606358 2.08309 -2.54282 -3.26546 0.844846 3.43149 0.740136 
5.97476 0.151722 -0.774215 -0.652151 -0.745573 0.0166391 -0.0740531 -0.400479 0.15748 0.169206 -0.100867 -0.1029 -0.126394 -3.20993 1.46313 4.20608 -4.51493 -0.171437 1.49347 2.02641 -1.42169 -5.87157 -0.560842 1.56673 0.415709 -1.70856 -0.28933 -1.3815 3.47209 1.9067 1.74404 -5.66966 0.798566 2.6756 -2.13642 -1.92913 -1.35158 1.61319 1.31195 
5.90622 0.152519 -0.613163 -0.799907 -0.629712 0.0134949 -0.0366203 -0.424672 -0.0294723 0.0442226 0.00635926 0.0184627 -0.106028 -3.11856 1.0886 4.49312 -3.01452 0.373965 -0.474473 2.14956 -1.11758 -6.18336 -0.829192 1.27091 1.38482 -0.818174 1.20663 -1.40981 0.427765 3.59585 0.81304 -4.08055 0.33693 1.71568 -0.622884 0.51753 -2.81822 -0.87106 1.72385 
5.88274 0.132627 -0.434119 -0.865087 -0.576957 -0.209666 0.0622672 -0.344382 -0.181742 0.0498501 -0.0302385 0.0512611 -0.193263 -2.30456 0.696258 3.44298 -1.18395 1.23821 -1.75098 2.02111 -1.03534 -5.75485 -0.783888 0.687567 1.45919 0.149746 2.31823 -0.780705 -3.53736 4.51306 0.34877 -0.94591 -0.804769 -0.461912 1.44995 1.89572 -2.15646 -1.50186 2.15938 
5.79997 0.13208 -0.315486 -0.805756 -0.645963 -0.29548 0.105152 -0.277833 -0.285769 0.0103276 -0.101754 0.0149371 -0.177023 -1.32729 0.147067 1.76783 0.926626 2.48888 -2.22077 0.543897 -1.22174 -4.24902 -0.0149566 -0.522412 1.04527 1.06643 2.53232 -0.167408 -6.19237 4.03514 1.3992 1.48071 -2.32767 -2.45431 3.71125 2.55232 -0.949762 -1.03104 1.8231 
5.78188 0.137631 -0.312651 -0.77937 -0.608882 -0.237123 0.0852486 -0.342147 -0.379522 0.0260521 -0.10471 0.0102501 -0.0959938 -1.03336 -0.849468 0.049907 3.42282 4.09407 -2.3779 -1.02877 -1.868 -2.16926 1.28077 -1.41774 0.60577 1.75479 1.27473 -0.629297 -5.71736 3.79005 2.94519 2.0066 -3.78929 -2.69397 5.28834 2.30344 -0.442023 -0.256045 1.1206 
5.83871 0.133577 -0.405455 -0.692174 -0.5517 -0.29466 0.137706 -0.443206 -0.424941 0.118922 -0.11886 0.027634 -0.0336067 -1.82184 -1.66107 -0.511345 6.0038 3.77606 -2.77088 -2.30328 -1.8328 0.245194 2.58576 -2.06087 -0.236624 2.11474 -1.51175 -1.74016 -1.49334 3.5459 2.62162 0.295121 -4.06441 -0.700417 5.27392 1.57399 -0.530846 -0.220467 0.198098 
5.92902 0.141733 -0.578416 -0.579215 -0.457783 -0.334215 0.0930482 -0.47993 -0.382091 0.11454 -0.103249 0.0518917 -0.0222056 -2.32953 -2.07966 -1.00214 7.17782 3.50374 -2.6634 -3.04264 -1.19557 1.91315 2.10684 -1.94553 0.000409912 2.49912 -3.6375 -2.19823 2.94752 2.71673 -0.0130855 -1.79992 -2.11845 2.22116 3.52472 0.1729 -0.764799 -0.230163 -0.349584 
5.85953 0.123052 -0.657702 -0.472008 -0.288443 -0.279278 -0.149024 -0.567224 -0.210029 0.210565 -0.221061 0.0157343 0.0177035 -0.107784 -2.26976 -1.73512 6.95518 2.42202 -3.29898 -2.88616 0.235888 3.58194 0.117583 -1.73074 0.554175 2.43812 -0.655186 -1.25979 3.73822 0.498144 -4.11867 -2.95497 1.57444 4.82036 1.17685 -3.47349 0.11429 0.411592 -0.317544 
5.71861 -0.0434728 -0.633693 -0.213701 -0.0611589 -0.296186 -0.270473 -0.651447 -0.11445 0.305149 -0.243955 0.0470995 0.0981225 2.08352 -2.05479 -1.56102 5.99185 0.439199 -3.84282 -2.0031 2.01708 3.93143 -2.06182 -1.17708 0.70026 1.40419 5.31717 1.12695 1.20407 -3.32099 -6.93274 -2.08047 4.32409 5.4476 -0.989285 -6.60614 1.39144 0.909501 -1.08663 
5.50729 -0.127187 -0.353769 -0.00440841 -0.289081 -0.598162 -0.237746 -0.473432 -0.0558709 0.376949 -0.289283 -0.0483811 0.0883072 3.71538 -1.71478 -0.814363 4.296 -1.58232 -3.43851 -0.974274 3.595 3.1866 -3.8171 -0.411409 0.55493 0.260345 9.71375 2.6643 -2.46033 -6.04211 -5.5685 1.02159 4.55885 3.2757 -2.42917 -6.8789 2.39166 1.07707 -2.07229 
5.5463 -0.0996549 -0.432359 -0.00951996 -0.30836 -0.62282 -0.191677 -0.31092 -0.0621427 0.139134 -0.280801 0.0834024 0.122634 4.93265 -1.27826 -0.14866 2.4452 -3.26015 -2.80855 0.478827 4.54656 1.82506 -4.91698 0.434811 0.358965 -0.681492 7.72899 2.3515 -2.48317 -5.67753 -2.7409 3.20886 2.67157 0.297181 -2.94332 -3.01284 2.45474 -0.397446 -2.90244 
6.16802 -0.0807113 -0.671509 -0.0796093 -0.496315 -0.688709 -0.130088 -0.184289 0.120236 -0.221754 -0.281982 0.137822 0.177498 5.93067 -0.670253 -0.126153 0.716626 -4.34576 -1.93005 1.93702 4.89289 0.139593 -5.53661 1.21835 0.305344 -1.47132 -0.668245 0.877439 0.413801 -3.03213 1.01623 4.14998 0.277154 -2.11331 -3.53006 2.62614 1.42175 -1.54986 -2.57659 
6.3352 -0.0320968 -0.652378 -0.14258 -0.615173 -0.67827 -0.0501393 -0.140018 -0.00406021 -0.287789 -0.170806 0.102947 0.00665466 6.03198 0.0681368 -0.686027 -0.75541 -4.17556 -0.454479 2.13986 4.58626 -1.05041 -5.53552 1.41801 0.208513 -1.98743 -6.69154 -0.679001 2.00799 0.118565 3.34761 3.06018 -1.2145 -2.54364 -2.4706 4.90448 -0.220674 -1.22864 -0.427007 
6.35175 -0.0488186 -0.597005 -0.192895 -0.663501 -0.609872 -0.0276391 -0.0759902 -0.0900223 -0.275944 -0.131372 0.0579551 -0.0761906 5.02317 0.175074 -1.35271 -1.37148 -2.38253 1.25268 1.66814 3.38275 -1.72142 -4.66482 1.27058 0.228723 -1.90534 -7.76275 -0.866849 1.52337 1.64443 3.50321 1.07955 -1.49583 -1.70069 -0.793729 3.73622 -1.53361 -0.194796 1.42888 
6.31954 -0.0662354 -0.572327 -0.194011 -0.662712 -0.574728 -0.0153652 -0.039715 -0.115053 -0.30368 -0.100212 0.0354925 -0.0987217 2.47687 -0.0754838 -0.666956 -1.30301 -1.1567 1.83524 1.08439 2.56904 -2.09709 -2.53977 0.542836 -0.18863 -1.76768 -4.59304 -0.309058 -0.518363 1.02673 3.01505 0.262914 -1.27791 -0.756534 0.526515 1.40071 -2.17692 1.01462 2.16998 
6.27205 -0.0835128 -0.558643 -0.180111 -0.659804 -0.533167 0.00346217 -0.0442472 -0.172123 -0.283789 -0.130734 0.0427211 -0.0912489 -0.517221 -0.133106 -0.279449 -1.22399 0.158085 2.45596 0.409508 2.07988 -2.07671 -0.872269 -0.120261 -0.313717 -1.2138 -0.550421 0.308098 -1.71884 -0.38514 1.53401 -0.0132135 -0.908326 -0.0468564 1.68633 0.0517536 -1.74709 0.793653 1.66735 
6.22048 -0.0838771 -0.600187 -0.15021 -0.608034 -0.502307 -0.0301818 0.0105514 -0.210843 -0.348222 -0.136312 0.0748228 -0.089967 -0.904634 -0.115302 -0.910366 -1.54826 0.913465 2.71127 -0.316937 1.9957 -0.807626 -0.41792 -0.803366 -0.290639 -0.0347705 1.14557 0.628867 -1.18701 -1.74047 0.232069 0.392355 -0.606354 0.0885024 1.87863 0.718501 -0.751477 -0.284662 0.719957 
6.20935 -0.0853162 -0.642522 -0.178653 -0.56633 -0.479033 -0.0172997 0.0360541 -0.200772 -0.38875 -0.173276 0.0796487 -0.0678601 -0.343666 0.0987342 -1.50767 -2.07795 1.30713 2.8174 -1.10907 2.2139 0.131493 -0.180888 -0.952839 -0.328723 0.610009 1.75409 0.507671 -0.482234 -2.07017 -0.354181 0.815505 -1.10355 0.43439 1.89919 1.28796 0.274219 -1.03934 0.440966 
6.2118 -0.0805085 -0.656524 -0.260372 -0.549516 -0.428425 -0.0229239 0.0828634 -0.221743 -0.338383 -0.244028 0.0977458 -0.0831922 0.421665 0.267627 -1.69668 -2.73255 1.42842 2.87944 -1.58071 2.29046 0.903495 0.109612 -0.698254 -0.59921 0.892634 1.71564 0.233951 0.0181966 -1.33368 -0.232719 0.542516 -1.35068 0.360943 1.76611 0.878183 1.28247 -1.22703 0.583912 
6.22723 -0.0550198 -0.708538 -0.315335 -0.568291 -0.345627 -0.0495877 0.0999321 -0.156356 -0.334337 -0.227154 0.0426149 -0.0649201 1.12196 0.35511 -1.55939 -3.15341 1.2187 2.89957 -1.85004 2.21537 1.59784 0.361448 -0.0797731 -1.0862 1.10427 1.23028 -0.116393 0.568701 -0.269693 0.030886 -0.136523 -0.990059 0.0491428 0.897454 0.36641 1.53306 -0.736967 0.57295 
6.27198 -0.0486839 -0.733252 -0.404999 -0.53818 -0.285322 -0.103942 0.1456 -0.0957089 -0.304882 -0.217268 0.00143442 -0.0241029 1.48392 0.381095 -1.08189 -3.15634 0.900422 2.67979 -1.95221 1.87928 1.88106 0.888161 0.300262 -1.29757 1.2657 0.341351 -0.213163 0.938654 0.882692 -0.0721354 -0.870051 -0.135055 -0.53956 -0.0390347 -0.076262 1.19604 -0.0173957 0.263733 
6.32609 -0.0523873 -0.764196 -0.458989 -0.490504 -0.234817 -0.213764 0.248331 -0.0768155 -0.29745 -0.206652 -0.00435965 0.00548937 0.765179 0.385296 -0.100206 -2.66691 0.999403 1.86991 -1.90356 1.33504 1.71884 1.25156 0.499993 -1.16176 1.26099 -1.25398 -0.105474 1.70028 1.47663 -0.21856 -1.70433 1.08092 -1.56052 -0.709923 0.214655 0.235492 0.522553 -0.116813 
6.35421 -0.0478435 -0.759296 -0.506423 -0.467018 -0.220473 -0.20267 0.229973 -0.0293307 -0.301304 -0.16389 -0.0330467 0.018216 -1.38812 0.21671 1.00746 -1.65318 2.01008 1.23366 -2.43725 0.885199 1.36329 0.938627 0.738881 -0.922032 1.14878 -3.88326 -0.0848949 2.36328 1.90818 0.752775 -1.77258 0.462806 -1.52846 -1.27841 0.347426 -0.638404 0.938467 -0.506616 
6.37883 -0.046181 -0.74914 -0.524978 -0.501638 -0.177535 -0.211195 0.223206 -0.0022843 -0.282641 -0.119996 -0.0818439 0.0522349 -4.48412 -0.747683 2.7548 -0.468905 3.99564 0.718737 -2.51458 0.43918 0.231533 0.996434 0.521633 0.0773479 1.22097 -6.83039 -0.933101 3.1446 2.24273 3.31384 -1.29314 -0.560739 -1.03252 -1.79614 0.116472 -0.969822 1.58356 -0.383874 
6.36844 -0.0349454 -0.725395 -0.520611 -0.492144 -0.190162 -0.241896 0.229353 -0.00553414 -0.233525 -0.146401 -0.0513101 0.0680815 -8.3454 -2.90143 5.86008 0.618622 4.30734 0.848285 -1.70033 -0.270421 -0.545275 1.23945 0.785266 0.467994 0.928216 -8.91189 -3.3716 5.02629 2.10558 3.96471 0.178366 -0.449227 -0.540531 -1.86829 -0.0338366 -0.143643 1.38809 -0.238462 
6.18681 -0.0277941 -0.589108 -0.520024 -0.410626 -0.29051 -0.223476 0.177216 -0.0268494 -0.181246 -0.188422 -0.0281503 0.0647753 -11.774 -5.69065 7.24091 1.22365 4.21683 0.730399 -1.05856 -0.252726 -0.401186 1.04109 1.11215 0.691695 0.391218 -8.07947 -6.29678 4.63803 1.4408 1.80434 1.48444 0.464785 0.441331 -0.713957 -0.415933 1.12152 0.703648 -0.434832 
5.83367 -0.0551712 -0.501924 -0.445848 -0.185479 -0.223248 -0.433485 0.210605 -0.0417699 -0.257926 -0.145454 -0.0339449 0.0489524 -13.9228 -8.00388 7.87132 1.09077 3.89757 0.439163 -0.518289 -0.264246 -0.85196 0.828096 1.2581 1.16279 0.163352 -3.96065 -7.22589 2.43876 -0.356701 -2.42112 0.857578 2.71622 0.339145 0.384377 -0.254143 1.55707 0.0757002 -0.596337 
5.50101 -0.252596 -0.289353 -0.367861 0.132435 -0.19223 -0.416413 0.196686 -0.169859 -0.195493 -0.164093 0.104948 0.143421 -14.3094 -9.54418 7.56643 0.577693 3.46038 0.410888 0.189392 -0.139496 -0.951184 0.69598 1.57685 1.11393 -0.189737 1.69197 -4.52378 -1.8639 -2.16685 -5.5472 -0.313673 2.95991 0.390963 1.33771 -0.411886 1.32583 -0.973633 -1.06279 
5.11271 -0.624818 0.206941 -0.350216 -0.0920729 -0.0755601 -0.25856 0.13791 -0.149884 -0.118525 -0.0449818 0.0234783 0.0859993 -13.1712 -10.1058 5.95801 -0.0220264 1.89207 0.121202 0.03292 0.176857 -0.755543 0.505586 2.10335 0.793433 -0.187516 6.54525 0.873562 -6.88318 -2.76126 -4.36297 -1.99237 0.524228 0.591079 0.877155 -0.525654 0.14046 -0.674701 -0.424431 
4.8863 -0.934054 0.0355927 -0.36748 -0.111208 -0.145283 -0.285979 0.272144 0.0061493 -0.211737 0.00401667 0.0284333 0.0116458 -9.96228 -9.29332 3.23131 -0.528188 -0.133547 -0.602901 -0.696199 0.488101 -0.766092 0.0554315 2.52873 0.869392 0.395082 8.67409 5.6965 -7.37054 -1.81257 -2.46975 -2.40819 -2.23721 0.0447629 -0.675902 -0.307236 -0.34984 -0.144052 1.05601 
4.79222 -1.03177 0.0788781 -0.475091 -0.121249 -0.216742 -0.219588 0.168062 -0.140719 -0.201396 0.000833959 0.104275 0.0608757 -5.99761 -7.17993 0.666329 -0.857128 -1.98706 -1.50649 -1.50478 0.759119 -0.191774 0.206919 2.12621 0.218923 0.783759 7.99605 7.36559 -6.04137 0.398448 -0.893977 -1.55522 -4.79512 0.711408 -0.210202 -0.263533 -0.493175 -0.468729 1.78735 
4.81414 -1.08906 0.0496966 -0.514874 -0.0877755 -0.164413 -0.193057 0.20501 -0.128163 -0.152347 0.0424533 0.037302 0.0275082 -3.29689 -4.01241 -2.36735 -0.514217 -2.43389 -1.42847 -2.15609 0.735027 0.425781 0.0252787 1.7796 -0.542252 0.560524 4.79478 6.37514 -3.43338 2.19016 0.0426287 -0.257801 -3.70491 0.321701 0.431979 -0.0291448 -0.79849 -0.54114 1.49692 
4.77954 -1.10677 -0.0866341 -0.515453 -0.232469 -0.269424 -0.396037 0.255129 -0.112963 -0.153007 0.0911086 0.0479773 0.0761348 -2.05423 -0.441969 -4.95867 0.00409228 -2.53321 -1.05341 -2.78855 0.537307 1.01261 0.556019 1.32164 -0.684566 0.56413 0.457621 4.53311 -1.0868 2.47354 -0.269236 1.93405 -0.0517965 -0.468232 1.91008 0.759821 -0.778808 -1.3021 -0.464506 
4.9104 -1.04245 -0.230256 -0.495141 -0.291371 -0.385216 -0.547032 0.254148 -0.188117 -0.246933 0.151611 0.141379 0.207396 -2.28184 2.48007 -4.48984 1.46269 -2.09998 0.575451 -1.88361 -0.778456 1.2921 0.618545 0.578784 -0.702202 0.0424018 -3.66719 3.28489 0.117371 2.34639 0.694962 3.86961 3.67473 -1.71405 2.64923 0.939672 -1.34759 -1.10593 -2.69665 
4.96186 -0.978033 -0.236403 -0.445203 -0.300051 -0.353417 -0.666208 0.315462 -0.0609022 -0.165223 0.0716655 -0.0210048 0.197877 -6.0097 4.25036 -4.11638 3.00521 -1.35488 1.55659 -0.984134 -1.7929 2.00797 0.453093 -0.283383 -1.17666 -0.686574 -8.00451 2.71915 1.62191 1.95739 1.50019 3.76595 5.56375 -3.53916 0.988234 0.283036 -1.50331 0.138534 -2.95254 
4.78105 -0.917839 -0.374379 -0.351254 -0.202167 -0.207817 -0.475062 0.23451 -0.0399558 -0.148649 0.0969555 -0.0396517 0.0979533 -11.5105 5.47975 -3.07417 3.2847 -0.0523114 1.47383 1.1816 -4.03999 -0.318214 0.914011 -0.16899 -0.963285 -0.669586 -11.1082 2.03574 3.00465 0.913686 2.30874 1.04308 4.49686 -4.33915 -2.70901 0.0133327 -0.763199 0.736216 -1.10066 
4.56921 -0.785994 -0.497618 -0.38124 -0.516855 -0.168474 -0.502082 0.214478 0.112929 -0.0212761 0.153019 -0.0599787 0.0488283 -13.3301 6.72646 -0.482938 4.17141 1.32328 1.08433 2.73676 -5.08537 -1.41951 1.41565 -0.434437 -1.40742 -1.35065 -8.76386 1.42692 4.63966 0.859729 3.75388 -2.69773 2.09326 -3.50544 -5.80627 -0.259764 -0.0803014 0.511217 0.809782 
4.45407 -0.616167 -0.405016 -0.171568 -0.265408 0.00507888 -0.336465 0.0128847 0.0818198 -0.190986 0.0121838 0.0317956 -0.0343763 -9.88151 8.04382 0.635066 4.56351 1.43451 -1.11647 4.14978 -5.51728 -2.84951 2.4772 -0.918568 -1.42519 -2.2208 2.20626 1.42899 3.71154 -0.0150588 1.62261 -6.73172 0.0153731 -0.674365 -6.12872 1.62244 0.723355 -0.381803 1.30654 
3.69735 -0.515395 -0.36766 -0.0843478 -0.206854 -0.0495371 -0.323036 -0.110835 0.0537995 -0.14958 -0.0646007 -0.0865232 -0.0233405 -4.51012 8.6807 0.980587 4.1555 1.04515 -3.41998 4.28671 -5.7081 -4.65441 2.19379 -1.11469 -0.780543 -1.91487 17.6928 1.45817 1.42409 -0.651421 -1.19824 -7.0817 -0.938377 2.06579 -3.45738 1.96997 0.263101 -0.40036 0.24959 
3.07448 -0.423808 -0.355392 -0.194805 -0.078845 -0.202254 -0.0987234 -0.384636 -0.511214 0.00962568 0.166363 -0.0381085 0.0928667 2.88628 8.44076 0.929415 3.41972 0.107394 -4.91754 2.98744 -4.77971 -4.43856 1.11538 -1.38807 -0.913689 -1.35406 27.2217 0.55422 -1.96304 -0.8277 -4.1064 -3.85955 -2.15324 4.08173 2.70833 -0.631801 -1.31733 -0.13329 -0.958518 
3.53795 -0.195874 -0.0402286 0.0767977 -0.0918325 -0.340725 -0.254315 -0.26857 -0.313311 0.0112488 0.0607613 -0.154365 -0.0319388 10.0962 7.10145 0.412989 2.90725 -0.84244 -5.4135 2.38202 -3.25205 -3.57498 -0.316368 -0.899253 -1.04852 -1.26236 21.8473 -2.16334 -4.84792 -2.30211 -5.28353 0.75541 -1.95972 3.58877 5.28955 -3.60235 -0.619122 0.586115 -0.364216 
4.5792 0.0672147 -0.260603 0.101789 -0.228069 -0.706368 -0.051437 -0.296246 -0.460777 0.192953 -0.0501516 -0.109033 -0.154857 15.8836 5.27331 -0.562511 1.9004 -3.58296 -5.12604 1.27721 -0.980019 -1.85803 -0.673491 0.0454751 -1.11687 -1.26182 6.24095 -5.25168 -3.11978 -1.99454 -3.59285 5.53322 -2.1639 2.91505 6.00291 -5.59447 1.07839 0.458474 0.574338 
4.84624 0.110203 -0.317689 0.0306809 -0.278489 -0.69654 -0.0955671 -0.372594 -0.547509 0.0606074 -0.089094 -0.0994352 -0.0826595 20.2922 3.36513 -0.969369 1.34286 -5.07895 -3.73015 0.868509 0.538654 0.220236 -1.42194 0.364035 -0.578612 -1.46145 -6.45824 -6.16228 -0.378208 -1.14651 -2.22634 5.62964 -1.10317 2.49269 4.42455 -2.80682 2.61217 0.0880921 0.573829 
5.27213 0.0986339 -0.431037 0.0177705 -0.401519 -0.612633 -0.192782 -0.326116 -0.291191 -0.163392 -0.0686513 -0.151107 -0.0795558 19.6673 1.39622 -1.16337 0.775756 -5.78202 -2.13219 0.472234 1.46517 2.57352 -1.81396 0.174057 -0.321375 -1.53052 -12.0758 -4.61387 2.36289 -0.600564 -0.175354 2.96834 0.717667 1.15037 0.570264 1.80397 2.46101 0.593885 0.275381 
5.52909 0.0177136 -0.423538 0.0719054 -0.552259 -0.609034 -0.139895 -0.235502 -0.213012 -0.271989 0.055207 -0.160746 -0.141287 13.9231 -0.653787 -1.34296 -0.410547 -5.36472 -0.595012 0.754479 1.32694 2.18633 -1.43842 0.998899 0.372212 -0.999019 -10.4176 -1.72276 3.09071 -0.275404 1.67228 0.353814 0.83396 -0.00882451 -0.978794 4.41562 0.0660114 0.917588 -0.135467 
5.62527 -0.0354117 -0.396548 0.0915845 -0.694093 -0.562665 -0.147177 -0.141874 -0.234041 -0.193383 0.0886678 -0.148988 -0.162479 7.71144 -1.96112 -0.0474505 -0.362767 -3.98023 0.574412 0.095413 1.67998 2.51028 -1.40416 1.4887 0.601523 -0.699713 -7.20177 0.317482 1.3106 -0.706083 3.33475 -1.30159 0.744295 -1.26236 -1.97612 3.44724 -1.25346 1.2692 0.0666843 
5.6885 -0.0800594 -0.344872 0.0600265 -0.74158 -0.601044 -0.0914422 -0.167309 -0.191568 -0.122103 0.0920815 -0.134308 -0.161344 3.13593 -1.90237 0.282188 0.208432 -2.62645 0.0976135 0.0906176 1.97189 2.07541 -0.802673 1.46111 1.10509 -0.541358 -6.83084 1.04352 -0.309567 -0.0927309 3.94505 -0.742176 -0.905159 -0.835179 -1.57222 -0.241972 -1.13069 1.07626 0.811669 
5.68465 -0.0871775 -0.323316 0.00650866 -0.735585 -0.63379 -0.0438673 -0.205748 -0.156134 -0.0675331 0.0809022 -0.0981899 -0.17424 -5.04347 -0.691536 1.19186 0.641209 0.297922 -0.442199 -0.168814 1.03171 0.45779 0.0266817 0.0174027 1.04697 0.302718 -9.96829 1.82907 -0.564508 1.34257 4.47805 -0.157897 -2.05169 -0.267895 -0.962632 -2.57969 -1.35453 -0.042786 1.53204 
5.68023 -0.114884 -0.323963 0.012495 -0.747685 -0.604151 -0.0848359 -0.153412 -0.187468 -0.0541377 0.0822781 -0.0525377 -0.207082 -11.6311 0.406704 1.51292 1.33343 3.41998 -0.618045 -0.905137 -0.122633 -0.313517 0.103343 -1.64643 0.980378 1.55808 -14.0523 2.34534 0.416064 2.47803 5.24026 -0.185463 -1.77833 -0.914729 -1.11577 -2.1585 -2.1809 -0.917954 2.41445 
5.63545 -0.136902 -0.341286 0.0333375 -0.656865 -0.623476 -0.122203 -0.11787 -0.176126 -0.15743 0.109498 -0.0268935 -0.184111 -12.9879 0.196282 1.18827 0.679307 4.21897 1.58824 -1.05768 -0.712047 -1.1113 -0.770722 -1.62163 0.468845 2.35168 -11.1389 1.33112 0.954118 0.989084 3.46006 2.26345 -0.662958 -1.76425 -1.76929 -0.182615 -2.1123 -1.5543 2.49795 
5.26731 -0.109499 -0.38255 0.122088 -0.635507 -0.648666 -0.179204 -0.0608823 -0.147202 -0.284921 0.130977 0.0168746 -0.103745 -9.96056 -0.119526 0.561939 1.03074 3.21292 1.71278 -1.14214 -0.58617 -1.28094 -1.00015 -0.959299 0.450172 2.13919 2.42429 -0.848047 0.294551 -0.967767 -0.689541 2.9012 0.887548 -1.75174 -1.29257 1.52054 -0.172724 -1.10906 0.654659 
4.20457 0.0806104 -0.196671 0.181442 -0.28169 -0.662277 -0.219643 -0.214629 -0.256083 -0.181991 -0.129093 -0.104069 -0.00978257 -5.53148 -0.652062 0.360928 1.27759 1.85707 0.807043 -0.478469 -0.826358 -1.40014 -0.531647 -0.492973 0.582868 1.67488 19.9499 -3.34804 -1.61618 -1.96378 -6.34584 1.09531 2.20149 -0.0785957 0.110212 1.57407 3.16129 0.672738 -2.00952 
3.90972 0.0595238 -0.171883 0.300131 -0.0792841 -0.667605 -0.248365 -0.286777 -0.292045 -0.150814 -0.219676 -0.0427555 0.107377 -1.14355 -1.13079 0.388067 1.16343 0.355996 0.0213336 0.409049 -1.15687 -1.42863 0.393385 -0.214417 0.629267 1.16583 25.2464 -3.3281 -1.98874 -1.48283 -8.54758 -2.21145 2.50446 1.29275 1.02206 1.39411 4.09136 1.44339 -3.74943 
4.55565 -0.176269 -0.277899 -0.0335321 -0.391064 -0.0903124 -0.182425 -0.248977 -0.3966 -0.249605 0.00990233 -0.114854 0.115835 2.15689 -1.80791 0.814693 1.07144 -1.20254 -0.373267 1.4191 -1.1172 -1.4742 1.29526 0.218408 0.483444 0.277432 12.9405 -0.932881 -0.0936443 1.34892 -4.49619 -6.25195 1.93786 1.17435 1.40593 1.40272 1.56475 1.30799 -3.18163 
5.28809 -0.184704 -0.350644 0.166898 -0.624736 -0.53903 -0.166934 -0.190558 -0.259176 -0.181107 0.116132 0.00513608 -0.0449152 3.14168 -2.65009 1.6209 1.06287 -2.46487 -0.614202 1.82723 -0.646574 -1.53335 1.72513 0.983104 0.107078 -0.628111 -7.81584 0.64316 2.61311 1.69559 0.860844 -3.02508 0.680774 0.481768 -0.0835221 0.727063 -1.04701 -0.706392 -0.727151 
5.47519 -0.2204 -0.297434 0.199027 -0.635487 -0.742717 -0.0545098 -0.262451 -0.30594 -0.0926564 0.0697301 0.0631597 -0.0798979 -0.0474863 -3.23384 2.10274 0.708111 -2.99925 0.11394 1.83215 0.378657 -1.00651 1.39923 1.7342 -0.0986385 -0.878916 -23.7463 1.16653 3.95926 0.673432 4.50156 2.49919 -0.995614 0.447099 -0.735122 -0.183526 -1.96587 -2.53346 1.34787 
5.41639 -0.233136 -0.255482 0.210423 -0.652762 -0.707195 -0.048783 -0.260769 -0.35615 -0.0393744 0.0311742 0.0458048 -0.0546049 -9.14257 -3.65741 1.95087 -0.0655959 -1.13644 0.520462 1.0278 0.570421 -0.888695 1.78232 0.699083 -0.420729 -0.0306479 -27.0048 -0.574314 1.77703 -1.52402 5.36729 5.82982 -2.25439 0.638718 -0.39751 -0.769898 -1.47265 -2.11404 2.77202 
5.08297 -0.284589 -0.137842 0.259463 -0.631298 -0.664819 0.031831 -0.247399 -0.371254 -0.0548686 0.0555893 -0.0233174 -0.078477 -20.1233 -3.15903 1.84291 -1.10493 2.01992 1.17489 0.316038 0.725565 0.629352 2.00122 -0.723661 -0.506399 0.448489 -19.9529 -1.53477 -1.98172 -4.5759 4.28669 6.32111 -2.55361 0.8651 1.65273 -0.546314 -0.899079 -0.492023 2.35207 
4.41072 -0.34076 0.0252376 0.316005 -0.641672 -0.617413 -0.0427727 -0.207583 -0.434773 -0.0439367 0.0978596 -0.105703 -0.0793271 -21.7351 -3.87517 -0.00283933 -3.14613 2.57026 4.6233 -0.230748 0.745449 1.34555 1.48812 -1.22538 -0.556103 1.30437 -2.23691 -1.4456 -5.94943 -4.92422 1.95821 3.02173 -1.42875 0.316169 3.82417 0.0835584 -1.1533 1.87376 1.01285 
3.52122 -0.361368 0.0873549 0.189186 -0.482587 -0.342141 -0.0524654 -0.162596 -0.389093 -0.0451439 0.0647006 -0.137454 0.0100955 -14.8177 -4.01225 -2.10493 -4.36272 1.55879 5.48393 -1.12641 0.602452 2.16731 0.989812 -1.24059 -0.104217 1.66138 20.2065 -0.674513 -7.01562 -3.45919 -2.09734 -0.384919 -0.297272 -0.834503 3.37492 0.0640108 -0.884249 2.7082 -0.378888 
2.93664 -0.621928 -0.185944 0.0270311 -0.28733 -0.3289 -0.17255 -0.204208 -0.415722 0.0633887 -0.073333 -0.0539494 0.195871 -6.58451 -3.75647 -2.75664 -5.09507 0.608287 4.46209 -1.59322 1.34058 3.22582 0.543077 -0.950884 0.612478 1.40204 34.0491 1.39548 -3.10789 -0.437445 -5.67438 -2.58422 0.415015 -0.0589133 2.03674 -1.02083 0.708254 1.75837 -1.78974 
2.51681 -0.540718 -0.203272 -0.22634 -0.21836 -0.176921 -0.101728 -0.120572 -0.0606207 0.0447126 -0.0430712 -0.0589564 0.00855179 2.94854 -3.14752 -2.60934 -5.37734 -0.871841 3.49874 -1.67078 1.17936 3.59 0.555772 -0.765157 1.39451 1.19104 32.5057 1.89785 2.12992 2.58735 -6.21775 -4.14667 0.153207 0.172956 -1.22648 -1.1805 1.57198 0.631261 -1.03844 
3.7034 -0.699668 -0.513044 -0.191343 -0.514909 -0.07737 -0.106249 -0.160086 -0.0725323 0.0340828 -0.0556374 0.0361086 0.0674584 11.8131 -2.30544 -2.4156 -5.20425 -2.34121 2.17119 -1.6032 0.262973 3.06366 0.788691 0.0856143 1.93731 1.22213 12.6313 2.56355 6.45244 2.66988 -2.79641 -3.95891 -0.448349 -0.078378 -2.82514 -0.213486 2.20796 -0.427121 -0.0955963 
4.7071 -0.675207 -0.544985 -0.275184 -0.644233 -0.16018 -0.193788 -0.251607 -0.136905 0.0230819 -0.0831804 0.0492587 0.131586 16.8438 -1.2599 -1.19119 -3.55037 -3.26235 0.913792 -1.58608 -0.43042 1.74982 0.232513 0.540191 1.80761 0.975126 -8.23704 2.01559 5.96353 2.24002 1.25694 -1.43131 -0.19252 -0.909531 -3.04447 0.328627 1.53738 -0.67969 0.732192 
4.65692 -0.654999 -0.297487 -0.304804 -0.620428 -0.281479 -0.233819 0.0432774 0.0113038 -0.0235418 0.00122185 0.053962 0.0653516 16.5128 0.469457 0.582747 -1.28237 -3.17412 -0.114523 -1.04696 -0.193176 0.315096 0.102763 1.16252 1.12443 0.687033 -16.3599 1.51416 1.51738 2.44224 3.34362 0.130232 0.404527 -2.29367 -3.31359 0.81829 0.181468 -0.774886 1.06013 
4.85082 -0.659436 -0.150187 -0.332488 -0.727474 -0.195949 -0.188493 -0.107229 -0.0202022 0.0419918 0.00629493 0.0896906 0.0821317 12.9227 2.3728 1.3907 0.990143 -1.39824 -1.59586 -0.267379 -0.104046 -1.37916 0.0512337 0.138999 0.695451 0.592796 -14.3008 3.02907 -1.77641 3.49394 4.35546 -0.336292 1.7011 -0.470302 -1.94315 -0.203787 -1.53036 -1.11806 -0.572432 
4.95909 -0.643411 -0.259305 -0.415673 -0.770293 -0.212155 -0.287903 -0.274349 -0.139968 0.136757 0.135817 0.127256 0.206679 8.36096 4.65631 1.09488 1.65005 0.888649 -3.4544 0.532712 0.581049 -1.03639 -0.194321 -0.24129 0.610266 -0.463945 -3.0785 4.1789 -3.47601 3.98323 3.70617 -2.74746 2.67714 2.1364 -0.0740379 -1.27614 -2.9011 -0.627949 -2.31421 
4.80994 -0.612041 -0.235853 -0.284939 -0.655016 -0.140711 -0.287195 -0.275107 -0.199622 -0.0262756 0.00398773 0.0997578 0.209507 8.10658 5.70774 -1.41508 2.16344 1.22148 -4.15221 0.646472 1.3612 -0.304987 -0.275265 -0.409422 0.605411 -1.18821 7.30095 4.32206 -4.22819 1.45035 1.42654 -4.71598 1.60934 3.55483 2.28962 -0.748483 -1.71678 0.125206 -2.99722 
4.68121 -0.483143 -0.24139 -0.12312 -0.604866 -0.308354 -0.205686 -0.115564 -0.228155 0.086256 0.0639075 0.0524397 0.159666 10.6085 6.43031 -4.40373 2.07676 0.804685 -4.48699 0.04806 1.88407 0.413237 -0.353604 -0.587331 0.349684 -1.25921 11.3977 2.05152 -4.61143 -1.90946 -1.43815 -3.06752 -1.07947 3.18111 4.02128 -0.602487 0.159077 0.632768 -1.83549 
4.88717 -0.144391 -0.223449 0.00262321 -0.457594 -0.429713 -0.0337706 -0.0888185 -0.219516 0.00299512 -0.175213 0.0590848 0.0133027 11.1362 6.74549 -6.20004 1.52307 0.817743 -4.50248 -0.969017 3.62088 1.93929 -0.978236 -0.348972 -0.127139 -1.23286 7.90504 -1.76051 -4.66262 -4.14008 -3.73166 0.975967 -4.08968 1.44087 3.69836 0.138827 2.65448 0.0814623 1.13753 
5.65666 -0.0314772 -0.487109 -0.0899167 -0.458621 -0.739192 -0.0824753 -0.0155255 -0.105087 -0.0372645 -0.0777015 0.17955 -0.0388161 11.4681 6.27611 -6.82953 0.628271 0.37989 -3.40224 -1.81372 4.36697 3.21608 -1.25267 -0.10819 -0.664482 -1.26855 -2.64465 -3.73643 -2.20503 -3.54168 -2.97499 5.34339 -4.69316 -0.0514883 1.81816 0.212852 2.61403 -1.51733 2.96249 
6.03523 -0.0135017 -0.724387 -0.136183 -0.636515 -0.714015 -0.243593 0.0838929 -0.00415518 -0.00331887 -0.0176119 0.140428 -0.0411724 11.3208 5.07232 -7.08616 -1.17237 -0.0538478 -2.12386 -2.77114 3.74995 3.72995 -0.837222 0.812423 -1.10227 -0.784671 -10.3212 -3.63826 1.60237 -1.86581 0.322954 6.15322 -2.25867 -1.30351 -0.201272 -0.30729 1.06213 -2.20391 2.47337 
6.05266 0.0452481 -0.85697 -0.16761 -0.692667 -0.678908 -0.346549 0.194969 0.0901108 0.00173333 0.0238788 0.0873517 0.0148261 9.30331 3.35319 -6.47253 -2.62637 0.168911 -0.251804 -3.51816 2.59284 3.60741 -0.965887 1.15439 -1.62875 -0.104693 -10.4598 -2.53517 4.06196 -0.777699 2.80703 3.86666 0.762761 -2.45601 -1.76745 0.0562454 -0.205584 -1.78204 0.630187 
5.9582 0.0982569 -0.946253 -0.220448 -0.62707 -0.577142 -0.439366 0.241494 0.16356 -0.0818975 0.0492078 0.0357218 0.092767 5.47859 1.44121 -5.1646 -3.07528 0.466702 1.12649 -3.65959 1.63803 3.03554 -0.453609 1.59322 -2.18104 0.433022 -5.43793 -1.55985 4.50974 -0.195633 3.15481 0.566623 2.71894 -3.10627 -2.27076 0.583647 -1.24116 -0.546045 -1.14164 
5.99219 0.0959749 -1.00086 -0.250028 -0.60765 -0.479038 -0.504318 0.231499 0.178692 -0.0908533 0.0554688 -0.0286289 0.0631347 1.22697 0.736042 -3.06519 -2.36269 1.20143 2.05178 -2.74287 0.784801 1.86853 -0.191562 0.830441 -2.40091 0.490058 -1.0153 -1.16779 3.15856 0.400002 1.58176 -1.95193 2.64975 -2.16709 -1.92606 1.00942 -0.955661 0.858812 -1.15382 
6.02241 0.0811944 -0.983921 -0.351893 -0.523141 -0.485018 -0.487191 0.184302 0.187392 -0.0700523 0.075817 -0.0802769 0.0325954 -0.190258 0.388585 -1.52433 -1.6407 1.87838 1.12372 -1.40077 0.106118 0.926319 -0.0952271 0.349097 -1.80157 0.351744 0.0679817 -0.664847 1.55934 1.83282 -0.714231 -2.32284 1.69762 -0.44309 -1.37046 0.897318 -0.811419 1.56007 -0.256465 
6.0071 0.094299 -0.976824 -0.412705 -0.441326 -0.494121 -0.485296 0.164893 0.184697 -0.053991 0.0809436 -0.11996 0.0345629 0.131994 -0.275481 -0.353145 -0.576214 1.45292 0.0891668 -0.434795 -0.137967 0.122711 -0.004594 -0.0166057 -1.00124 0.211739 0.042532 -0.428709 0.790601 2.98538 -2.17364 -2.03643 0.994653 0.993543 -0.898919 0.120456 -0.595709 1.92984 0.662082 
6.01551 0.0615482 -0.981571 -0.395648 -0.431832 -0.49636 -0.485311 0.126037 0.204111 -0.0413488 0.0494957 -0.122196 0.0175628 0.817806 -1.00023 0.701827 0.599266 0.276926 -0.885356 0.185175 0.086939 -0.49268 0.224813 -0.0681282 -0.0989392 0.20757 0.443958 -0.650984 0.953724 2.96929 -2.66125 -1.36363 0.529221 1.58279 -0.754904 -0.584799 -0.0333237 1.81839 1.01549 
5.98491 0.0759861 -0.991175 -0.330583 -0.463428 -0.504913 -0.505574 0.178402 0.152596 -0.0317316 0.0443935 -0.0910536 0.0448213 1.01698 -1.55068 1.6038 1.76202 -0.835542 -1.31969 0.477642 0.423825 -0.978689 0.0201977 0.0905365 0.824011 0.336318 1.28065 -1.35682 1.69018 2.08261 -2.45503 -0.496528 0.362542 0.928467 -0.651958 -0.749298 0.515913 1.36919 0.326166 
6.00608 0.0793644 -0.993166 -0.295859 -0.478049 -0.600201 -0.4563 0.197227 0.158784 -0.0315169 0.0477638 -0.0743701 0.0690123 1.21883 -2.06637 2.34676 2.62208 -1.92045 -1.28226 0.794723 0.663997 -1.44123 -0.236247 0.284726 1.43348 0.225588 1.21882 -1.67455 2.25656 0.767162 -1.68894 0.544281 0.344177 -0.0268387 -0.806498 -0.538802 0.863871 0.845249 -0.579626 
6.0551 0.00545325 -0.915503 -0.203888 -0.536141 -0.623549 -0.442389 0.234792 0.133239 -0.0739374 0.0329284 -0.0386959 0.0984917 1.18177 -2.38819 2.99676 2.86547 -2.64236 -1.00589 1.31517 0.702682 -1.84023 -0.353101 0.54244 1.62415 -0.0818572 0.0916138 -0.921574 1.68385 -0.507528 -0.678323 1.22418 0.647967 -0.768275 -0.813062 -0.0218141 0.850896 0.111932 -1.25932 
6.12917 -0.0784152 -0.826606 -0.153783 -0.62849 -0.629808 -0.449895 0.250919 0.0968091 -0.0632138 0.0722451 0.00835729 0.0973686 0.928284 -2.45318 3.38604 2.57955 -2.75002 -0.584617 1.87814 0.591432 -1.92742 -0.548766 0.652343 1.39174 -0.445409 -1.27379 0.235535 0.39566 -1.18805 0.363129 1.35804 1.18859 -0.940974 -0.353856 0.0850298 0.161655 -0.721823 -1.3438 
6.14472 -0.13202 -0.74566 -0.0874599 -0.678561 -0.609694 -0.441586 0.234746 0.0390177 -0.0834176 0.105222 0.0583097 0.0538075 0.543091 -2.37939 3.36446 2.10448 -2.55843 0.00909621 2.37726 0.304569 -1.75456 -0.580991 0.341649 0.92382 -0.938369 -1.9698 1.2287 -0.977238 -1.4108 0.989388 1.01777 1.40898 -0.392756 0.345585 0.133243 -0.771019 -1.40329 -0.762305 
6.14953 -0.178043 -0.667004 -0.0929132 -0.70882 -0.622519 -0.354797 0.221373 -0.00516594 -0.0855602 0.120281 0.0660242 0.0212385 -0.020113 -1.92945 2.84282 1.57501 -2.25393 0.773997 2.53514 0.210622 -1.57169 -0.543822 -0.104054 0.392495 -1.27592 -1.61126 1.58573 -1.94987 -1.06924 1.13682 0.755221 0.798865 0.14914 1.07566 -0.0111593 -1.48982 -1.55081 -0.140853 
6.09136 -0.179607 -0.627959 -0.0804687 -0.748997 -0.591183 -0.287983 0.227467 -0.0461203 -0.0753404 0.12693 0.0495484 -0.000240309 -0.517872 -1.22475 2.03961 0.659579 -1.47056 0.854226 2.87936 -0.0487316 -1.1895 -0.447206 -0.668058 -0.00528755 -1.4617 -0.467407 1.20106 -1.98429 -0.891252 1.17581 0.299845 -0.0241033 0.238756 1.27098 -0.150245 -1.72628 -0.926856 0.220264 
6.07362 -0.196979 -0.613015 -0.0689259 -0.75417 -0.570116 -0.229922 0.225035 -0.0231755 -0.116442 0.0963472 0.0258393 -0.0249352 -1.22276 -0.411591 1.27545 -0.0381706 -0.4951 0.726644 3.03024 -0.641641 -0.949606 -0.816109 -1.43117 -0.215011 -1.24554 0.0336723 0.977207 -1.43018 -1.04316 1.29378 -0.307672 -0.581289 -0.528578 0.621775 -0.24399 -1.31595 0.0511996 0.459098 
6.04682 -0.194167 -0.618847 -0.0515891 -0.769434 -0.543207 -0.182021 0.244738 -0.0344005 -0.106997 0.0343584 0.0062054 -0.0509117 -1.85356 0.109378 0.748427 -0.31943 0.434607 0.614831 2.53048 -1.58709 -0.666007 -1.40122 -1.86626 -0.181933 -0.276316 -0.407021 0.7641 -0.530794 -0.905499 1.74276 -0.755197 -0.984588 -2.01217 -0.0300265 -0.970535 -0.503746 0.862844 1.22801 
6.04839 -0.182104 -0.641173 -0.0605079 -0.786114 -0.501431 -0.166179 0.257185 -0.0271325 -0.118083 0.00319982 -0.0164731 -0.0632503 -2.32673 0.345735 0.448772 -0.162578 1.14636 0.651682 1.4163 -2.41423 -0.278198 -1.76751 -2.17026 -0.0532591 0.908855 -1.26476 0.409403 0.277198 -0.197393 1.85402 -0.743292 -1.49887 -2.88758 -0.184573 -1.30342 0.0399564 0.993296 2.35118 
6.05415 -0.187161 -0.62158 -0.132882 -0.728788 -0.552619 -0.096338 0.211998 -0.029968 -0.125077 -0.0408868 0.0147034 -0.0825654 -4.07567 0.583125 0.546321 0.142666 2.03151 0.899254 0.235337 -3.32427 -0.272054 -1.66273 -2.42974 -0.0330371 2.06589 -3.1902 0.255367 0.608383 1.17589 1.46754 0.432587 -2.48649 -2.54135 -0.0667421 -0.720094 0.184067 0.242827 3.14381 
5.95312 -0.134287 -0.615997 -0.152682 -0.670839 -0.563491 -0.0720694 0.085346 -0.0807998 -0.211821 -0.0942827 0.0393936 -0.0568232 -7.05062 0.637242 1.44018 0.927468 3.65106 0.779492 -0.814524 -4.96793 -0.759779 0.0271634 -2.63038 -0.649681 2.21765 -5.36016 -0.200841 1.31278 2.30212 1.8751 0.983918 -2.82219 -1.95561 -0.0359997 2.12177 -0.147638 -1.23349 1.88851 
5.85355 -0.137434 -0.592958 -0.0983889 -0.600514 -0.536711 -0.132769 -0.0603093 -0.0778457 -0.313749 -0.0932247 0.0608 0.0940161 -7.92548 0.689399 1.26656 0.801527 4.58597 1.24497 -1.35251 -5.59802 -0.718448 0.970319 -2.69607 -1.18483 2.28522 -4.89025 -0.166773 0.817807 1.42404 1.97687 1.2193 -1.66335 -0.704808 -0.227264 4.51517 -0.668025 -2.26633 -0.752018 
5.80462 -0.156336 -0.578887 -0.0579165 -0.585418 -0.501413 -0.217479 -0.0883213 -0.0232174 -0.296421 -0.143042 0.0353691 0.201617 -6.7088 0.728017 0.450879 0.141996 4.45475 1.80845 -1.64562 -5.00264 -0.17494 1.70947 -2.32324 -1.94586 2.18788 -0.395967 0.090599 -0.84562 -1.01505 1.08736 1.03778 0.187945 0.808388 0.0890427 4.21853 -0.124785 -2.3604 -2.68849 
5.39464 -0.104629 -0.536213 -0.00661586 -0.480963 -0.405631 -0.286635 -0.1731 -0.078963 -0.22923 -0.212802 -0.0071222 0.272247 -4.68369 0.966592 -0.397619 -0.852753 3.36756 2.37186 -1.46327 -4.07117 0.332283 2.34583 -1.70171 -2.38637 1.72525 7.10895 0.301187 -2.7386 -3.79236 -1.5561 0.418526 1.97426 2.48173 1.12224 1.48515 1.1196 -1.10555 -2.89646 
4.97213 -0.130138 -0.353245 0.119292 -0.190174 -0.482412 -0.320335 -0.462739 -0.169687 0.11836 -0.289671 -0.164031 0.110528 -2.55809 1.31601 -0.870694 -2.5775 2.03431 2.63428 -0.446212 -3.27609 0.609893 2.84824 -0.877849 -2.09791 0.273071 11.4381 0.972529 -3.69812 -5.58709 -4.97955 0.594507 2.89777 3.70579 1.76413 -2.5688 2.46331 1.2927 -1.59833 
5.23952 -0.0965458 -0.570114 -0.072882 -0.215165 -0.335242 -0.27303 -0.378859 -0.096995 0.0314765 -0.321857 -0.167416 0.148043 -0.353977 1.69823 -1.06445 -4.58188 0.389567 3.21396 0.603486 -2.29847 0.336087 2.76973 0.270371 -1.33775 -1.60046 7.96617 1.01401 -1.09445 -4.442 -5.63942 0.467168 2.37351 2.38116 0.630366 -3.19072 3.22218 2.87612 -1.51112 
5.58738 -0.0783368 -0.712616 -0.228939 -0.327865 -0.28566 -0.282466 -0.248091 0.0241256 0.00564918 -0.239294 -0.247655 0.182529 1.59287 2.00897 -1.06516 -5.89015 -1.71089 3.8982 1.42844 -1.35473 0.308115 1.67737 1.73823 -0.212731 -2.75628 0.784529 0.785084 1.96058 -1.94348 -4.3177 1.00425 1.38495 0.516296 -1.06485 -2.20177 2.74642 3.5772 -2.11758 
5.67267 -0.0144693 -0.716354 -0.345933 -0.435614 -0.273513 -0.208513 -0.302838 0.0206007 0.0219705 -0.206583 -0.202644 0.164991 3.53948 2.00575 -0.738115 -6.74945 -3.90591 4.31178 1.95823 -0.184524 0.757672 0.465042 2.88458 1.08797 -3.28817 -4.27314 0.076531 3.4394 0.488953 -2.1613 1.53532 0.0324961 -0.0115388 -1.46999 -0.908093 1.83304 2.72188 -2.10841 
5.59665 0.0614718 -0.665784 -0.509321 -0.481162 -0.227794 -0.097722 -0.420455 -0.0213248 0.0322385 -0.153336 -0.105917 -0.00119172 3.69263 2.10774 -0.26195 -6.70491 -5.633 4.73861 2.23844 0.720343 0.539974 -0.499123 3.69435 2.1877 -2.91335 -4.21764 -0.739241 2.72436 2.34604 -0.756745 1.08152 -0.841733 0.636011 -0.744431 0.142288 0.747522 0.931551 -0.374209 
5.6282 0.0657368 -0.613985 -0.648588 -0.569566 -0.053683 -0.120243 -0.374619 -0.0934784 0.0347659 -0.0336148 -0.0490054 -0.118365 1.44112 2.03485 1.03531 -5.2394 -5.3345 4.07895 2.09792 -0.0344259 -0.223234 0.263791 3.77078 2.38542 -2.50004 -1.60599 -0.652661 0.440499 2.87268 0.13837 -0.499821 -0.570979 0.866809 0.338816 0.374461 -0.544513 -0.447282 2.40139 
5.60712 0.101808 -0.594019 -0.666406 -0.746083 0.0664358 -0.112598 -0.316013 -0.0388819 -0.0296369 0.0601383 -0.00665109 -0.14287 0.735857 1.56884 1.44358 -3.72576 -4.45182 3.28146 1.86878 -0.709842 -0.718335 1.14098 3.17556 2.43727 -1.59544 0.928358 -0.67592 -0.860191 2.84707 1.76546 -2.67131 -0.275074 -0.434547 0.0951718 1.74449 -1.54653 -1.34044 3.81228 
5.60661 0.106755 -0.529934 -0.746757 -0.824984 0.105432 -0.0754592 -0.288305 0.0219559 -0.0102634 0.0803758 0.052197 -0.180613 2.10452 0.707845 1.05369 -2.15751 -3.41328 2.12003 1.01115 -0.679601 -0.365337 1.95927 2.60645 1.56828 -0.535171 2.76403 -0.886579 -1.4314 2.85215 3.01522 -3.85334 -0.533855 -1.91 -0.415927 2.59343 -1.92125 -1.71929 3.38612 
5.62122 0.134198 -0.533758 -0.757131 -0.898463 0.140728 -0.0159041 -0.298663 -0.0638828 0.0393284 0.139284 0.0592727 -0.137779 4.0086 -0.213681 0.537898 -0.441489 -2.43431 0.395711 0.241603 -0.539106 0.152261 2.69357 1.72069 0.428002 0.591611 4.17202 -1.59632 -1.17657 2.53985 3.2715 -3.8969 -1.35875 -1.71133 0.26261 2.29369 -1.8814 -1.83551 1.34907 
5.60484 0.18207 -0.556582 -0.746905 -0.859926 0.101673 -0.0112801 -0.382914 -0.0830856 0.103751 0.140056 0.0465077 -0.0285129 5.32728 -0.802233 -0.125005 0.942971 -0.912804 -1.49813 -0.57098 -0.696285 1.00635 3.12515 0.488954 -0.550337 1.14404 4.57495 -2.12824 -0.81777 2.22052 2.37271 -2.82418 -2.33432 0.239682 1.53519 0.856935 -1.56217 -1.87304 -0.723031 
5.81534 0.119851 -0.558576 -0.711204 -0.85008 0.0292761 -0.0153013 -0.447969 -0.0852729 0.237271 0.119809 0.0669047 0.0126532 6.1899 -1.38042 -0.394835 1.88724 0.305708 -2.92399 -1.39666 -0.220227 1.39512 3.0421 -0.543605 -1.2007 1.39654 2.05067 -1.43354 -0.380177 1.78139 1.18506 -1.72973 -2.33266 2.27392 2.39117 -1.37321 -1.44275 -1.54384 -1.32493 
6.04295 0.0524434 -0.577104 -0.66206 -0.828971 -0.0325582 -0.096197 -0.452292 -0.0217187 0.306281 0.133549 -0.00442722 -0.025384 6.47654 -1.7339 -0.637866 2.70037 0.988471 -3.7424 -2.18312 0.559169 1.99638 2.3426 -1.23631 -1.66932 1.61191 -1.29089 -0.252308 0.0551395 0.935501 0.501438 -0.835717 -1.33633 3.03282 1.90262 -2.68488 -1.48014 -0.506495 -0.407672 
6.18408 -0.00982865 -0.57003 -0.587154 -0.834452 -0.12519 -0.120049 -0.407346 0.0123764 0.340037 0.106708 -0.0677054 -0.038811 5.8933 -1.84112 -0.595927 3.12117 1.02041 -3.75594 -3.01847 1.61482 2.65155 1.32344 -1.53717 -1.8496 1.64864 -3.68614 0.892992 0.148288 0.225537 -0.161503 0.402772 -0.580182 2.47089 0.559139 -2.91209 -0.73991 0.391491 1.03802 
6.2606 -0.0203513 -0.633438 -0.526115 -0.741593 -0.187638 -0.247182 -0.36087 0.146851 0.33104 0.0319787 -0.114395 -0.0256211 4.22882 -1.49271 -0.513039 3.45845 0.507612 -2.89133 -3.7924 2.50684 2.34345 0.552278 -1.43972 -1.8829 1.70851 -4.65965 1.42587 0.385097 -0.0662379 -1.09178 1.72516 -0.252101 1.06734 -1.30265 -1.76981 0.43282 0.787934 1.7301 
6.27314 -0.0435482 -0.591832 -0.466278 -0.771944 -0.278241 -0.259669 -0.244959 0.162756 0.273924 -0.0215503 -0.10566 0.0397543 1.12402 -0.617416 -0.1885 3.55877 0.310889 -1.91001 -4.04183 2.67926 1.37645 -0.142512 -1.21911 -1.8835 2.05309 -4.71819 1.51616 0.427964 -0.0432944 -1.20997 2.80845 -0.527953 -0.703677 -2.63327 -0.0534741 1.3721 0.429172 1.07474 
6.31673 -0.0597803 -0.604553 -0.431211 -0.735829 -0.332667 -0.294278 -0.209968 0.211692 0.260103 -0.0507632 -0.127331 0.100635 -1.41996 0.0211295 0.168706 3.42306 0.451212 -1.0291 -3.82545 2.22818 0.279775 -0.586962 -1.17878 -1.5467 2.40764 -4.58512 1.3008 0.629364 0.0457087 -0.538877 2.82504 -0.468627 -1.77996 -3.12412 0.67257 1.32854 -0.0507348 -0.0700845 
6.27731 -0.044795 -0.61605 -0.370058 -0.797344 -0.279972 -0.398343 -0.149028 0.211765 0.228408 -0.00582154 -0.158974 0.164028 -3.33563 0.37455 0.660559 3.04843 0.752369 -0.484258 -3.25926 1.4831 -0.545678 -1.07645 -0.881797 -1.10226 2.30544 -3.76113 0.647198 0.988572 -0.293529 1.01451 1.15618 0.81656 -2.22884 -2.31247 0.220048 0.292253 0.121518 -1.00581 
6.15641 -0.0030797 -0.622561 -0.283794 -0.834773 -0.200907 -0.538155 -0.142168 0.125699 0.288084 -0.00143038 -0.183868 0.202433 -4.14143 0.558094 0.749289 2.85656 1.10554 -1.05701 -2.02227 1.15613 -1.2307 -1.54137 -0.859367 0.0415646 1.76053 -1.44617 -0.109054 0.638381 -0.771203 2.29329 -1.68239 2.64685 -1.32484 -0.318094 -1.30467 -0.839763 1.46524 -1.50193 
5.9506 0.0344798 -0.555819 -0.237484 -0.788001 -0.208316 -0.543369 -0.177631 0.032372 0.288839 -0.00678492 -0.220522 0.222078 -4.20308 0.641503 0.579314 2.57569 1.57468 -2.38488 -0.824339 1.03538 -1.2337 -1.63954 -0.998333 1.51118 0.741478 1.52841 -0.653074 -0.171174 -0.923228 1.79648 -4.21927 3.76231 0.475623 1.33711 -1.92853 -1.23911 3.40512 -1.78218 
5.91412 0.0161704 -0.54497 -0.213762 -0.698066 -0.220422 -0.554914 -0.200867 0.0315525 0.230796 -0.0632548 -0.228424 0.235763 -3.7807 0.323971 0.771553 2.48554 1.47134 -3.63253 0.388108 1.41071 -1.47441 -2.23516 -0.625966 2.89632 -0.653384 3.12158 -0.761211 -0.689748 -0.491227 0.051199 -4.78816 3.39441 1.90967 1.43448 -1.49307 -0.124169 4.25229 -2.31809 
5.81138 0.00322855 -0.484746 -0.210561 -0.64624 -0.28957 -0.501245 -0.207185 0.0491214 0.131656 -0.0620322 -0.186184 0.224899 -2.97904 -0.156147 0.82375 2.49048 1.35517 -4.61548 1.41947 1.74147 -1.56237 -2.70252 -0.347499 3.78337 -1.7679 3.06296 -0.70519 -0.733617 0.377019 -1.84175 -2.74377 1.53696 2.24615 0.128625 -0.375841 1.26344 3.04116 -2.43666 
5.85454 0.0262956 -0.57128 -0.145631 -0.580703 -0.517431 -0.404993 -0.0975683 0.0593204 0.0519458 -0.146015 0.022323 0.193576 -1.8489 -0.727298 0.662135 2.72466 0.468168 -4.48815 1.85717 2.23568 -1.62664 -3.02963 0.314242 3.83711 -2.13096 1.44576 -0.87062 0.112091 0.988412 -3.0769 1.48107 -0.746388 0.998212 -1.47741 0.633418 2.50878 -0.464814 -1.46518 
5.86254 0.0234464 -0.557008 -0.133799 -0.604347 -0.726211 -0.327076 -0.02666 0.0734685 0.0828558 -0.156133 0.18464 0.116651 -0.990265 -1.02177 0.18602 3.075 -0.419416 -3.87073 1.63035 2.56281 -1.81601 -2.80632 0.861563 3.46631 -2.07022 -0.0792599 -0.792616 0.23936 1.22931 -2.49364 4.62166 -2.0114 -0.47665 -2.05108 0.686142 2.27417 -3.5892 0.473624 
5.86837 -0.0368433 -0.499355 -0.0628338 -0.675216 -0.727546 -0.327813 0.0360231 -0.0241862 -0.0321579 -0.00841697 0.227359 -0.023454 -0.765106 -1.08624 -0.129091 3.21439 -1.05536 -2.65418 0.836551 2.72047 -2.24163 -2.0981 1.31933 2.45089 -1.59518 -0.550774 -0.275442 -0.497865 0.574888 -0.799084 4.93246 -2.31917 -1.15938 -0.994168 1.18517 0.43697 -4.50913 2.58053 
5.8075 -0.0555237 -0.495345 0.0179651 -0.699387 -0.705664 -0.346858 0.051386 -0.0939049 -0.0593371 0.00790785 0.213182 -0.0452694 -0.975384 -0.743107 -0.875702 3.11537 -1.0825 -1.06606 -0.568053 2.50089 -2.08195 -1.18637 1.17707 0.950768 -0.571097 -0.648565 0.671037 -1.46164 -0.538233 0.942306 3.04126 -2.14235 -0.888871 0.761241 1.52106 -1.17866 -3.3278 3.3628 
5.81159 -0.0959493 -0.507125 0.111129 -0.806089 -0.587212 -0.378337 0.0814118 -0.16447 -0.0645145 0.0622169 0.129534 0.0268747 -1.8132 -0.199266 -1.24777 2.16614 -0.553143 0.726786 -1.42997 1.20063 -1.48675 -0.205092 1.0714 -0.949073 0.387779 -0.869694 1.73966 -2.03232 -2.04445 2.56444 0.524305 -1.412 -1.05391 2.35592 1.93076 -2.15392 -1.39797 2.38451 
5.77841 -0.0917129 -0.550379 0.152634 -0.761636 -0.64033 -0.364702 0.0886791 -0.182224 -0.0747365 0.0451325 0.126645 0.0505315 -2.56388 0.635882 -1.79188 0.599429 0.766879 1.67616 -1.55801 -0.487086 -0.480321 0.781197 0.602147 -2.2675 1.05285 -1.38304 2.17961 -1.34762 -3.59558 2.91373 -0.174677 -0.38099 -2.33774 3.03093 2.28993 -1.50865 -0.740921 0.625378 
5.78281 -0.103319 -0.575511 0.151119 -0.738905 -0.591142 -0.456567 0.148351 -0.201607 -0.0451565 0.0410787 0.0889352 0.0915737 -3.2661 1.71061 -2.22646 -1.33463 1.96921 1.74267 -0.88581 -2.02239 0.4539 1.84624 0.316204 -2.63558 1.11704 -1.8707 2.16729 -0.288835 -4.3163 2.4866 -0.0387973 1.5153 -3.88639 2.29848 1.76923 0.103778 -0.555586 -1.31967 
5.67759 -0.0129813 -0.70187 0.159013 -0.686852 -0.578825 -0.573135 0.16458 -0.112754 -0.00522521 -0.026376 0.0550028 0.179103 -3.44315 2.50806 -2.3481 -3.0008 2.64633 1.64106 -0.0372969 -3.04449 0.882499 2.34095 0.648776 -2.44032 0.34498 -1.12704 1.40851 0.820153 -3.94782 1.28156 0.220319 3.18387 -3.93033 0.424744 1.0019 1.57056 -0.127147 -2.62869 
5.59 0.0460849 -0.72274 0.0356527 -0.609704 -0.53081 -0.509104 -0.00632806 -0.0619102 0.0770827 -0.0095374 -0.0268714 0.162217 -3.29099 3.05298 -2.38301 -4.12554 3.07465 1.34875 0.778324 -3.78233 1.08923 2.54896 0.954897 -2.01057 -0.624335 0.566328 0.453476 0.858648 -1.9057 -0.347317 0.047674 2.9168 -1.55498 -1.18672 -0.178744 2.01623 0.810911 -2.55525 
5.50249 0.100792 -0.717081 -0.138328 -0.484825 -0.51716 -0.447914 -0.19 0.000390138 0.164329 0.0176703 -0.102322 0.112249 -2.37524 3.07303 -2.23302 -4.56818 2.70521 1.29548 1.3871 -3.94683 1.1191 2.5473 1.32321 -1.73895 -1.19642 2.53517 -0.456766 0.234096 0.656749 -1.61985 -0.560277 1.35846 1.50661 -1.63957 -1.10462 1.17319 1.65853 -1.43238 
5.4166 0.182872 -0.743988 -0.243128 -0.460724 -0.476834 -0.355982 -0.263641 -0.0500797 0.173477 0.117067 -0.0987948 0.037853 -0.916199 2.64588 -2.16242 -4.24299 2.14137 0.910022 1.72775 -3.40863 1.14933 2.2062 1.24979 -1.37054 -1.42054 4.14372 -1.41121 -0.358882 2.46404 -2.01068 -0.896557 -0.970145 3.50073 -0.462146 -1.15157 -0.647248 1.34227 0.427505 
5.42912 0.228773 -0.784565 -0.292194 -0.467534 -0.454852 -0.318208 -0.272937 -0.0853037 0.197314 0.15535 -0.0822176 -0.0157778 1.33719 1.53408 -1.99882 -3.15142 1.07176 0.709578 1.60464 -1.72736 0.92332 1.53948 0.694002 -0.957069 -1.15986 4.58562 -2.08811 -0.605659 3.20867 -1.86527 -0.89274 -2.20148 4.06311 0.995605 -1.04416 -2.34713 0.495115 2.01357 
5.4777 0.255393 -0.839196 -0.315176 -0.4476 -0.461703 -0.300223 -0.298318 -0.068901 0.216982 0.169273 -0.0832666 -0.035903 3.54838 0.366839 -2.0791 -1.56296 -0.102556 0.332075 1.16979 0.734868 0.957738 0.448576 -0.434185 -0.483805 -0.49694 4.23984 -2.59087 -0.0833955 2.85065 -1.70491 -0.513774 -1.64623 3.9031 1.36892 -1.26502 -3.08456 -0.173612 2.29094 
5.58103 0.252436 -0.864211 -0.34439 -0.450716 -0.489019 -0.300928 -0.279939 -0.0186618 0.240117 0.157276 -0.0923493 -0.0244344 5.22109 -0.597223 -2.08436 -0.0487934 -1.27494 0.0472845 0.987515 2.79863 1.27589 -0.767487 -1.64673 0.154418 0.227931 2.84165 -2.29207 0.375034 2.26248 -1.64433 -0.137493 -0.213916 3.44859 0.883877 -2.01292 -2.83226 0.1753 1.58369 
5.70068 0.222438 -0.919261 -0.318194 -0.466039 -0.481121 -0.365651 -0.203688 0.0400764 0.24419 0.0919624 -0.120015 0.0201591 6.43002 -1.5312 -1.69295 0.754443 -1.91417 -0.210594 0.943827 4.05423 1.73158 -1.64623 -2.59299 0.537092 0.772267 1.13816 -1.40386 0.896446 1.28498 -1.53979 -0.0460892 1.41931 2.43114 -0.0426281 -2.52105 -1.44988 1.11507 0.325985 
5.87434 0.144321 -0.956818 -0.242413 -0.546995 -0.45655 -0.366996 -0.0656013 0.0558172 0.205543 -0.0118546 -0.123275 0.0824636 6.68506 -2.05235 -1.16977 1.10885 -2.3976 -0.153794 1.09773 4.76332 1.68466 -2.30827 -2.8979 0.88115 0.923054 -0.615946 -0.237381 1.21785 0.026859 -0.839741 -0.0713726 1.72931 0.704342 -0.581466 -1.88197 0.263493 1.58354 -0.772551 
6.01819 0.079449 -0.955164 -0.226442 -0.590262 -0.482563 -0.276831 0.0558643 0.0742154 0.112259 -0.0838693 -0.118965 0.0713326 6.36307 -2.30821 -0.518021 1.1247 -2.85157 0.13095 1.44199 4.91668 1.22506 -2.71691 -2.5872 1.1917 0.57288 -1.80042 0.526423 1.26126 -0.83189 -0.17602 0.276151 0.803465 -1.06106 -0.917402 -0.351164 1.71651 1.18783 -1.20451 
6.07821 0.0795181 -0.973647 -0.187176 -0.662066 -0.495339 -0.219647 0.142703 0.128336 0.0074545 -0.140382 -0.0188743 0.0809861 5.70374 -2.37407 0.0780127 0.844621 -2.8828 0.415265 1.76581 4.41016 0.696532 -2.85998 -1.89884 1.42039 0.0469036 -1.88069 0.432369 1.21764 -1.31097 0.434951 0.683561 -0.287702 -2.07998 -1.19373 1.12877 2.3664 -0.0477402 -1.2256 
6.19371 0.0270146 -0.944279 -0.203141 -0.697966 -0.496804 -0.189125 0.207511 0.132408 -0.0346813 -0.140529 0.0135514 0.0780045 4.66745 -2.25087 0.709098 0.342817 -2.52641 0.53255 2.05999 3.27668 0.226968 -2.64947 -0.994368 1.47075 -0.39497 -1.83318 0.173352 0.853718 -1.00876 0.821944 0.82589 -0.749831 -2.4576 -1.0583 1.58954 1.96549 -0.921172 -0.797464 
6.23541 0.00917551 -0.934502 -0.200551 -0.742429 -0.463454 -0.189944 0.262311 0.102846 -0.0416931 -0.143987 0.0284564 0.0640514 3.24454 -1.8871 0.958376 -0.00190465 -1.92972 0.795564 1.78406 1.93651 -0.0952535 -2.25315 -0.172596 1.27685 -0.550557 -1.74078 -0.0156663 0.402368 -0.406615 1.09241 0.560958 -0.506281 -2.38533 -0.5889 1.01399 1.1058 -1.08212 -0.0692581 
6.2802 -0.0253005 -0.899267 -0.213216 -0.796976 -0.430601 -0.148065 0.266488 0.0819366 -0.0619295 -0.103202 0.0311699 0.0123992 2.22365 -1.75493 1.06638 -0.290505 -1.10738 0.907902 1.40367 0.770865 -0.266607 -1.85844 0.195539 1.01018 -0.350147 -1.80593 0.124798 -0.0803308 -0.0612714 1.62758 -0.0878679 -0.210665 -1.97259 0.0519705 0.112916 0.0383952 -0.625781 0.728093 
6.34791 -0.0745968 -0.873583 -0.238724 -0.79857 -0.416081 -0.13312 0.268101 0.0860133 -0.0849348 -0.0908295 0.0403646 0.000649561 1.51489 -1.70692 1.11773 -0.634624 -0.162576 0.859404 1.16278 -0.0492181 -0.384199 -1.58434 0.308465 0.524543 -0.188566 -1.79749 0.457981 -0.414911 0.0113099 1.80865 -0.496984 -0.183562 -1.32395 0.41253 -0.402078 -0.606551 -0.106664 1.08814 
6.34206 -0.106131 -0.842148 -0.238525 -0.785512 -0.412287 -0.0978705 0.229992 0.0766831 -0.100937 -0.0868307 0.0380419 0.0164776 0.63834 -1.28744 0.762682 -0.605337 0.365282 0.856245 0.799804 -0.370585 -0.341089 -1.41043 0.0694958 0.340485 0.0720814 -1.20981 0.682111 -0.658721 -0.182635 1.43747 -0.445451 -0.5686 -0.234296 0.33785 -0.190623 -0.796636 0.00775482 0.800677 
6.2861 -0.0981325 -0.863271 -0.205534 -0.789984 -0.366545 -0.108731 0.210488 0.0639322 -0.144842 -0.0868905 0.0441588 0.042535 0.0668163 -0.915214 0.533172 -0.659547 0.850333 0.612514 0.508497 -0.477475 -0.264795 -1.14509 -0.198741 0.214214 0.346739 -0.551817 0.785283 -0.556803 -0.384479 0.725061 -0.376238 -0.772136 0.61834 0.056086 0.581204 -0.665019 -0.13507 0.18615 
6.31588 -0.138529 -0.837645 -0.258065 -0.713363 -0.406284 -0.0689335 0.185053 0.0879373 -0.19419 -0.115242 0.0710826 0.059248 -0.451975 -0.46802 0.350559 -0.648496 1.16852 0.242485 0.189041 -0.357984 -0.242815 -0.69429 -0.456866 0.108985 0.557341 -0.405039 0.920196 -0.377775 -0.0858644 -0.275474 -0.205153 -0.840245 0.941654 -0.27178 1.35595 -0.198359 -0.393753 -0.294107 
6.32449 -0.149193 -0.824084 -0.295821 -0.670252 -0.40141 -0.0722502 0.182277 0.0864096 -0.207673 -0.114872 0.0595438 0.0576505 -0.803137 -0.124388 0.353751 -0.53297 1.06755 -0.183922 -0.0208643 -0.177674 -0.341119 -0.135642 -0.334647 0.018773 0.446869 -0.400595 0.724169 0.00635099 0.339145 -0.805228 -0.539422 -0.540801 0.672888 -0.359836 1.63702 0.269696 -0.345571 -0.394296 
6.28409 -0.113569 -0.86981 -0.268896 -0.704732 -0.353818 -0.123108 0.230011 0.0619834 -0.181698 -0.139956 0.0544522 0.0669298 -0.921076 0.12763 0.445878 -0.370638 0.712866 -0.75791 -0.218944 0.0547807 -0.48386 0.552229 0.0980341 0.035708 0.0255827 -0.397047 0.289207 0.598656 0.553229 -0.793788 -1.25902 0.0696233 -0.0472778 -0.298014 1.38623 0.973187 -0.0905909 -0.576741 
6.26745 -0.108029 -0.849176 -0.290244 -0.681225 -0.376749 -0.119207 0.224447 0.0486005 -0.153458 -0.146982 0.0466984 0.0706452 -1.18865 0.10784 1.0302 -0.0620632 0.400897 -1.65322 -0.304163 0.221984 -0.975943 1.40427 0.621627 0.0377878 -0.396042 -0.514097 -0.152484 1.0348 0.830089 -0.713112 -1.76835 0.220051 -0.272043 -0.544922 1.03517 1.4373 0.247672 -0.778577 
6.24694 -0.100747 -0.825897 -0.298943 -0.663179 -0.419997 -0.107741 0.216776 0.051023 -0.128022 -0.141746 0.0416145 0.0702329 -2.3202 0.0800878 1.63525 1.27673 -0.212926 -2.04952 -1.21026 0.263329 -1.79887 1.68844 1.63609 -0.137988 -0.296399 -1.1874 -0.559845 1.45129 1.63511 -0.634521 -1.63243 -0.653309 -0.190549 -1.22693 0.434435 1.86608 0.233384 -0.431749 
6.23574 -0.111024 -0.796339 -0.28159 -0.679969 -0.464294 -0.112152 0.215376 0.0341331 -0.0973469 -0.0970804 0.0452662 0.0560748 -4.41355 -0.123365 2.57443 2.57741 -0.326043 -2.27427 -1.9 0.0230004 -2.49382 1.434 2.3868 -0.192709 -0.144502 -3.31524 -0.572039 1.76279 2.66628 -0.362401 -0.540317 -1.85812 -0.114297 -1.85551 -0.431803 1.75439 -0.137342 0.295673 
6.19829 -0.0937373 -0.780478 -0.255098 -0.712155 -0.527762 -0.118898 0.213618 0.00597678 -0.0451388 -0.0334001 0.0640838 0.00397732 -7.72891 -0.503681 3.50841 4.02421 -0.17038 -1.81129 -2.55442 -0.276634 -2.79742 0.665558 2.75983 -0.77057 -0.15627 -6.55357 -0.569918 1.80645 3.56149 0.117042 1.36184 -2.56683 -0.189104 -1.58544 -1.67628 0.844815 -1.01408 0.951926 
6.13079 -0.127056 -0.673448 -0.222879 -0.696195 -0.640756 -0.131189 0.231321 -0.0897047 0.025855 -0.00131341 0.0692031 -0.0150603 -11.5219 -0.43069 3.64968 5.02068 0.355962 -0.846283 -3.12911 -0.805529 -2.62533 -0.467522 2.36617 -1.1307 0.143236 -9.01273 -0.0936242 0.830902 2.94299 1.05707 3.06569 -1.9144 -0.933543 0.104892 -2.94036 -0.717725 -1.46868 1.09795 
5.93193 -0.144277 -0.599686 -0.00265226 -0.743739 -0.630298 -0.331163 0.224567 -0.198074 -0.0295331 0.142858 0.0248834 0.0748001 -16.2932 0.02404 4.0841 4.50746 1.2854 0.328711 -2.52924 -1.52365 -2.47561 -1.42652 2.07772 -1.28754 0.117481 -9.99737 0.790227 -0.048165 -0.449029 2.25522 3.42357 1.07402 -1.64566 1.81278 -2.79191 -2.20469 -0.967727 0.0676094 
5.56571 -0.149243 -0.482289 0.104204 -0.702778 -0.603672 -0.382428 0.189462 -0.261589 -0.0736738 0.169796 0.0166734 0.0750388 -16.2107 -0.919701 3.64705 2.98392 3.40248 1.68497 -2.84035 -1.88525 -1.95245 -1.45907 1.23797 -1.22804 0.0635237 -3.93221 0.0803655 -1.37435 -4.36424 3.69096 2.77651 2.29847 -1.51982 2.49928 -0.887738 -2.55097 0.138325 -0.757561 
5.06191 -0.182806 -0.4117 0.278496 -0.686825 -0.487183 -0.447827 0.179209 -0.249222 -0.155191 0.146174 -0.11329 0.0400673 -13.4284 -1.45634 3.16934 1.344 4.43189 2.18854 -3.13389 -1.7815 -1.43609 -1.53646 0.640455 -0.940073 -0.0366008 6.85146 -0.981349 -1.88461 -6.89548 3.7157 0.583794 1.64416 -0.410031 1.60462 1.46481 -1.50822 1.72364 -1.03908 
4.67736 -0.122413 -0.449628 0.275838 -0.555199 -0.442607 -0.458215 0.0614595 -0.183673 -0.265699 0.0511182 -0.095702 0.101891 -9.2493 -0.603703 2.08725 -0.986381 3.42018 3.04672 -2.22386 -3.02959 -0.545528 -0.00254909 0.596247 -1.26753 -0.134519 16.1104 -1.07911 -1.67035 -6.37483 0.267219 -0.620879 0.35762 -0.0177624 0.272812 4.24647 0.530703 1.20242 -0.778493 
4.05189 -0.0361146 -0.297084 0.0612839 -0.446425 -0.383645 -0.25323 -0.0210305 -0.233954 -0.27848 0.13397 -0.0727239 0.0246715 -3.10324 0.114176 1.43513 -4.09084 1.56178 4.00689 -1.54187 -3.8213 0.660283 1.87673 0.473936 -1.09433 -0.298495 20.3606 0.250156 -1.6825 -3.68305 -5.02812 0.0529798 -1.47933 -0.585108 0.513684 5.11382 1.56338 -0.0846842 0.410658 
4.7371 -0.376855 -0.406028 -0.0925428 -0.113373 -0.285992 -0.52881 0.0163198 -0.21426 -0.109917 0.0598384 -0.0421432 0.00664276 3.02702 0.945769 0.506569 -5.96382 -0.916942 4.66562 -1.50605 -3.65471 0.852473 3.55544 0.891686 -0.843073 -0.0203863 12.5621 3.65439 -0.823072 -1.38551 -9.60477 1.40194 -0.0288711 -1.25424 0.759851 3.84289 1.85691 -1.0453 1.05935 
5.04858 -0.331261 -0.348174 -0.0917268 -0.226851 -0.410293 -0.624176 0.0842937 -0.261168 -0.154944 0.114963 -0.0105272 -0.00309886 8.30987 1.49172 -0.213727 -7.11478 -2.7217 4.63111 -0.860881 -3.44251 0.713925 4.74115 1.31289 -0.539241 0.418188 3.34361 3.88089 -0.88883 -0.359566 -8.03263 2.66431 1.61161 -1.00141 0.907531 1.9098 0.792531 -1.07245 1.3166 
5.1478 -0.0606107 -0.407054 -0.249992 -0.583619 -0.228804 -0.442852 -0.284241 -0.206247 0.16822 0.226699 -0.201855 0.0477811 11.8154 1.53403 -1.17075 -6.889 -3.86458 4.19043 -0.033218 -2.61445 1.06982 5.13269 1.06461 -0.904429 0.467877 -1.97377 0.970522 -1.29966 0.575595 -1.26088 0.534501 2.22332 1.8999 0.473717 -1.57422 -1.18869 0.477306 0.719282 
5.46129 -0.0443688 -0.339994 -0.48251 -0.783107 0.0126749 -0.56549 -0.316738 -0.0608895 0.219161 0.23209 -0.149573 0.0660147 12.7858 1.94914 -2.87482 -5.70898 -4.29206 3.58217 0.636297 -1.22287 2.0132 4.37577 -0.505025 -1.17547 0.78586 -4.0271 -1.52303 -2.57104 1.95882 4.86236 -2.67927 3.06267 4.0797 0.0754986 -3.21933 -3.0175 0.619128 -0.246038 
5.53854 0.0262569 -0.417941 -0.51483 -0.900486 0.0875995 -0.585638 -0.205735 -0.171629 0.286579 0.245242 -0.129355 0.0844791 9.74929 2.47258 -3.6346 -4.69222 -4.03584 3.26489 1.95609 0.187386 2.41498 2.64175 -1.76549 -1.10933 0.902633 -1.71356 -3.13792 -3.19502 2.762 7.1938 -3.77892 1.75076 4.54548 1.11252 -3.86524 -4.35952 0.321546 -0.597684 
5.68612 0.003688 -0.467185 -0.59594 -0.822384 0.0604826 -0.43284 -0.25803 -0.16831 0.297533 0.238029 -0.144508 0.126717 8.27445 1.26848 -4.51812 -3.71016 -1.92492 3.10621 2.04007 1.80077 2.6597 0.953138 -3.22892 -0.591234 0.814527 -1.80314 -1.89192 -2.23525 3.08575 4.28409 -2.39489 -0.131259 3.83807 1.31979 -3.85256 -3.79271 0.271721 -0.586398 
5.90163 -0.0420368 -0.610828 -0.644656 -0.706755 -0.0206339 -0.31807 -0.203118 -0.0368379 0.29369 0.117243 -0.189604 0.0861293 7.22157 -0.181153 -4.71454 -2.02898 0.205294 1.75859 1.61169 3.67709 2.4774 -1.37732 -4.2322 0.253997 0.701343 -2.58287 -0.548953 -0.126132 2.46111 0.359397 0.353041 -1.59984 1.45636 0.366955 -2.84175 -1.47028 0.617389 0.118153 
5.9585 0.0108659 -0.799961 -0.633561 -0.69742 -0.00161099 -0.312183 -0.0106349 0.0811955 0.25693 -0.101508 -0.207132 0.0874392 5.73985 -0.717028 -4.60344 -0.596279 1.30195 0.326878 2.11911 3.55372 2.30927 -2.38954 -4.46479 0.382503 0.759851 -2.27029 -0.711466 2.375 1.63024 -1.15227 0.729183 -1.84747 -0.87059 -0.932443 -2.04375 1.29717 1.40408 0.512629 
6.05886 -0.0366072 -0.842153 -0.633532 -0.698019 0.107682 -0.369335 0.0791239 0.0748629 0.159286 -0.165936 -0.179415 0.130048 4.60194 -1.08731 -3.71617 0.357734 1.21663 -0.322524 1.85946 3.17513 2.44289 -3.11842 -4.09697 0.739584 0.803843 -2.47448 -0.477087 3.03971 1.50068 -1.15892 -1.18935 -0.284846 -2.21925 -1.62286 -0.605677 2.81161 1.23132 0.444816 
6.09452 -0.042686 -0.873175 -0.623631 -0.713558 0.148097 -0.362842 0.108255 0.0881832 0.0693788 -0.198991 -0.131324 0.127708 3.05327 -1.11274 -2.59216 1.4362 0.457384 -0.935199 1.25029 3.12805 1.79873 -3.33916 -3.09418 1.233 0.782893 -2.18705 -0.415344 2.69848 1.39656 -0.410137 -3.02795 1.02199 -2.20209 -1.26533 0.605287 2.92654 0.559698 0.183089 
6.15002 -0.0775234 -0.890502 -0.582639 -0.716932 0.114759 -0.330231 0.112008 0.115676 0.0100247 -0.217567 -0.111357 0.163882 1.52062 -1.04277 -1.34227 2.30375 0.0290265 -2.08109 1.09747 2.5999 1.06085 -3.13946 -1.68529 1.69679 0.777079 -2.16187 0.0896224 1.56849 1.42904 -0.0363596 -3.61746 0.916995 -0.645185 -0.595316 1.26572 2.08396 0.115088 -0.485979 
6.19414 -0.123961 -0.875606 -0.569658 -0.651882 -0.00186126 -0.249451 0.0796809 0.144778 -0.0231307 -0.247695 -0.0765853 0.18495 0.208729 -1.01579 -0.240471 3.11547 -0.283978 -3.60809 1.21427 1.87616 0.539688 -2.44207 -0.017919 1.75578 0.282903 -2.60272 0.76319 0.667571 1.6547 -0.614863 -2.65087 -0.259589 0.847941 -0.403742 1.45359 1.65643 -0.145135 -1.05321 
6.14981 -0.118704 -0.882527 -0.478598 -0.715081 -0.0513969 -0.23957 0.147478 0.126273 -0.063807 -0.222932 -0.0534762 0.192822 -1.35574 -0.553841 0.361498 3.97413 -0.623675 -5.34452 1.25438 1.66135 0.0733911 -1.39452 1.25889 1.68802 -0.516573 -2.58087 0.890937 0.639805 1.4314 -0.730392 -1.9099 -1.00472 0.647038 -0.673365 1.59299 1.93774 -0.137104 -1.56238 
6.12269 -0.139355 -0.861542 -0.406109 -0.719834 -0.151889 -0.220285 0.207656 0.117046 -0.0917873 -0.194385 -0.020641 0.185207 -2.72074 -0.439953 1.24251 4.65732 -0.681053 -6.56327 0.990751 1.37338 -0.758191 -0.605279 2.50929 1.67964 -1.10393 -2.56562 0.721431 1.11102 1.13385 -0.606894 -1.52231 -1.02442 -0.532818 -1.25723 1.57875 2.35765 -0.0626232 -1.69248 
6.08826 -0.128696 -0.879414 -0.330268 -0.689576 -0.31117 -0.205857 0.256106 0.161634 -0.0949635 -0.193749 0.0180701 0.161376 -4.85419 -0.462171 2.49906 5.10046 -0.397475 -6.79259 0.544749 0.555113 -1.67105 -0.443304 3.43729 1.46265 -1.67461 -3.06976 -0.0774153 2.30276 0.707975 0.118265 -0.633469 -0.700265 -2.12816 -2.08364 0.816164 2.35422 -0.267218 -1.16937 
5.9746 -0.115384 -0.839944 -0.216914 -0.772072 -0.397962 -0.225167 0.267101 0.133959 -0.0638609 -0.0860904 0.0138882 0.0986845 -9.70108 0.184303 4.44554 4.30425 1.02521 -6.37998 -0.00219513 -0.891013 -2.85524 -0.0709725 3.57606 1.16025 -2.1327 -6.34683 -0.114246 3.82314 -1.02146 2.55672 0.535554 -0.338411 -3.52995 -2.56884 -0.0478648 0.737788 -0.398921 -0.361489 
5.85861 -0.0911088 -0.785762 -0.112109 -0.806742 -0.568432 -0.228474 0.271284 0.042833 -0.0197563 0.0388745 0.0549801 0.0238609 -16.6894 0.329486 6.48109 3.46018 2.64484 -5.30854 0.562619 -1.78877 -3.65324 0.500585 3.33342 0.546772 -2.23264 -12.5773 0.168887 4.71993 -2.49376 4.31281 2.73187 0.475051 -3.12745 -2.07207 -0.312326 -1.33953 -1.06519 0.464237 
5.75806 -0.144276 -0.659713 -0.0256533 -0.762745 -0.717333 -0.212041 0.211277 -0.0501631 -0.031451 0.147901 0.100711 0.00773477 -24.0878 -0.405923 7.5635 2.29696 4.50048 -2.39707 0.300217 -3.41871 -3.60074 0.855418 2.60099 -0.313762 -1.87305 -17.9459 -0.117909 3.53597 -3.50828 5.07085 5.62409 0.554352 -2.34081 -0.202796 0.3339 -3.07558 -1.85364 0.969158 
5.44616 -0.19762 -0.481438 0.0539292 -0.674264 -0.72675 -0.226428 0.0753249 -0.118388 -0.123568 0.187082 0.0584731 -0.0157481 -29.0688 -1.8166 7.0769 0.433984 5.63068 0.610094 0.0384137 -4.23878 -2.76912 0.763215 1.36102 -0.793202 -1.24892 -16.0923 -1.60569 -0.468304 -3.9013 3.41788 7.12628 0.149342 -0.700532 2.40799 1.06292 -3.59514 -1.64763 1.32505 
4.53634 -0.0256345 -0.189365 -0.137759 -0.375445 -0.743305 -0.258323 -0.0945625 -0.272231 -0.0450229 0.109512 0.0596113 -0.0686834 -30.1108 -2.2769 5.65872 -2.23045 5.50039 2.81733 0.251967 -3.99729 -1.3306 0.904207 0.23322 -0.719071 -0.607665 -3.63463 -3.2089 -5.35398 -3.51383 -1.2457 6.44328 -0.228457 1.26373 4.64114 0.769202 -2.15193 -0.554285 1.4465 
3.5424 -0.0799377 -0.010432 -0.0547303 -0.32215 -0.647336 -0.0633821 0.0312959 -0.309039 0.0324659 0.133587 -0.0188796 -0.0636213 -28.8314 -2.78379 3.94959 -3.72175 4.71953 4.51742 0.433154 -3.43177 -0.0090443 0.910798 -0.674722 -0.917741 -0.264725 11.645 -2.62253 -7.65959 -3.34527 -4.44393 2.89363 -0.878213 1.75493 4.52012 -0.159395 -0.736381 0.97032 0.867092 
2.83237 -0.295652 -0.0237738 -0.11961 -0.101717 -0.28678 -0.23602 -0.248593 -0.186735 0.043029 0.0755066 -0.095104 -0.0207225 -25.5212 -3.30005 2.13038 -3.76098 3.61239 5.36453 0.250739 -2.8084 0.829315 0.675305 -1.47511 -0.925481 0.226358 20.0183 -0.385964 -5.65073 -1.07119 -5.70223 -1.89356 0.0657555 2.59187 1.83372 -1.09845 0.23653 1.67271 0.323171 
2.64126 -0.48289 -0.227569 -0.295413 -0.123793 -0.196088 -0.259089 -0.220364 -0.0586727 -0.0070454 -0.01245 -0.0512816 0.00154694 -19.6571 -3.72666 0.230299 -3.31966 2.14998 4.8947 0.583101 -1.5566 1.45358 0.478872 -1.53332 -0.536674 0.330286 17.2244 1.60098 -1.18109 2.27963 -3.57638 -4.15393 0.846062 1.94506 -1.19747 -1.25611 0.630519 0.920298 -0.275616 
2.79868 -0.344505 -0.279631 -0.562905 -0.327729 -0.208018 -0.167986 -0.122544 -0.00661398 0.0764092 0.0602791 0.0310621 -0.0102992 -11.8061 -3.96188 -0.985001 -2.05476 0.821065 3.94347 0.805193 -0.668474 1.21121 -0.531257 -1.29536 0.0189123 0.482622 8.30689 1.3913 2.06221 4.92882 0.393745 -3.76242 0.869488 0.787602 -3.20296 -1.4929 -0.0175629 0.0823648 -0.300419 
2.69875 -0.426746 -0.251759 -0.469474 -0.296789 -0.200524 -0.142472 -0.14994 -0.0433217 0.0467737 0.0441781 -0.0286624 -0.0494324 -5.07824 -3.07158 -1.01765 -1.26891 0.473642 2.15338 0.463358 -0.256826 0.54903 -0.804065 -1.26901 0.419952 0.168263 3.02899 0.768627 2.46151 4.48512 1.90549 -2.2119 0.51796 0.674895 -2.61609 -0.841104 -0.087326 -0.0796008 -0.143764 
2.53243 -0.537272 -0.199959 -0.300601 -0.2162 -0.151325 -0.208565 -0.244969 -0.0945341 -0.0412194 -0.0525731 -0.0429328 0.0441034 -0.101857 -1.36613 -0.0819428 0.288696 0.46017 0.312084 0.88125 0.785451 0.0671065 -0.680127 -1.08306 0.926102 0.0369436 3.82307 1.28604 1.21428 1.69762 1.91337 -0.962291 -0.397726 0.532218 -0.384681 0.316895 0.124865 0.49669 -0.349578 
2.46508 -0.55994 -0.23129 -0.335659 -0.21238 -0.190155 -0.0954345 -0.141915 -0.0661546 -0.0222017 -0.0261718 -0.0254374 -0.027467 9.71719 1.15936 -0.310926 2.10615 -0.0344564 -1.06684 -0.157693 1.28914 -0.241499 -0.66384 -0.716328 0.529824 0.47153 13.9785 3.69769 -1.02869 0.24052 -0.603468 -1.50395 -1.89834 1.12393 1.19104 0.850531 0.348931 0.554147 0.426515 
2.52841 -0.549329 -0.175832 -0.306742 -0.152015 -0.166942 -0.0758674 -0.151191 -0.201528 -0.108167 -0.0446256 0.0375174 0.00518823 19.9944 2.20792 -1.7032 2.89228 -1.10669 -2.17073 -1.59007 1.9934 0.330841 -0.543948 -0.540869 0.50355 0.996836 24.8758 5.266 -3.31417 -0.235319 -3.88369 -2.60009 -2.98868 1.9167 2.54496 1.45968 0.971857 0.061989 1.03704 
2.65546 -0.570858 -0.168859 -0.277061 -0.149604 -0.21601 -0.13934 -0.114581 -0.134965 -0.0181681 -0.0584931 -0.00778103 -0.0400822 28.9782 3.41086 -3.26234 1.86879 -3.21827 -3.06838 -1.94291 3.16099 1.32656 -0.0702141 -0.128548 0.735921 1.27073 27.4843 4.01652 -4.57088 -0.231525 -5.6037 -2.64067 -2.48595 2.10817 2.21766 0.563487 0.986603 -0.3425 1.48234 
2.98981 -0.435497 -0.145309 -0.222735 -0.0762755 -0.216948 -0.163338 -0.119251 -0.0095736 -0.00912869 -0.0906872 0.0997623 0.00650015 34.3852 4.13517 -4.51637 0.910332 -4.89786 -3.40216 -1.79238 4.07521 1.99335 0.137431 0.186847 0.482384 0.997066 17.1494 0.541132 -4.10428 -1.19573 -5.43056 -1.42153 -0.508531 1.99923 0.959644 -0.241525 0.649506 -0.906704 0.655554 
4.94986 -0.0497371 -0.453524 -0.118674 -0.410636 -0.444454 -0.336739 0.0583258 -0.0442575 -0.0596442 -0.0289586 -0.000904011 0.111884 35.807 3.97901 -5.0655 0.461672 -5.78219 -2.94829 -1.74014 4.10874 2.18086 0.0383959 -0.00965098 0.0329384 1.08685 -6.37979 -3.61005 -0.752016 -2.5842 -1.66679 1.49895 2.61821 0.656817 0.0449875 -0.394082 -0.204612 -0.565458 -1.10834 
5.83266 -0.12344 -0.59704 -0.156519 -0.604672 -0.528478 -0.431441 0.149913 0.0515206 0.00318188 0.00705183 0.0603693 0.139878 33.523 3.23331 -5.20899 -0.360456 -5.96829 -2.42376 -0.979567 4.11174 2.30065 -0.0867246 -0.0441926 -0.316961 0.730534 -22.3409 -4.25083 2.42174 -2.33282 2.44925 3.48256 3.89345 -1.10168 -1.28288 -0.902594 -0.996559 -0.64504 -1.85109 
6.11038 -0.167964 -0.666047 -0.239834 -0.72981 -0.545103 -0.318522 0.236041 0.11984 -0.0101191 -0.0197689 0.0500133 0.126416 27.9254 2.04831 -4.58005 -1.11699 -5.30841 -1.24051 0.0927545 3.59314 1.45169 -0.675923 -0.163749 -0.4087 0.431177 -24.4129 -2.98537 3.75779 -1.12986 4.67516 3.69963 2.64432 -2.27487 -1.76035 -0.700027 -0.95502 -0.48598 -1.56905 
6.16903 -0.140686 -0.721214 -0.259596 -0.761007 -0.497776 -0.262208 0.296588 0.115105 -0.0612289 -0.0438859 0.0079299 0.0726216 19.2499 0.352072 -3.49376 -1.74448 -3.84162 0.103208 1.14037 2.69581 0.599976 -0.943041 -0.422445 -0.602216 -0.123524 -15.8872 -1.21049 3.2258 -0.0776332 4.55577 2.5402 0.956438 -2.61458 -1.66969 -0.532014 -0.475929 0.202878 -0.363449 
6.24819 -0.151132 -0.727102 -0.290768 -0.778981 -0.436673 -0.234097 0.306834 0.0989091 -0.0549084 -0.0729361 -0.0140611 0.0770771 8.47145 -1.00002 -1.81499 -2.00522 -1.32215 1.7092 2.12907 1.30445 0.0506703 -1.17929 -0.832241 -0.184905 -0.511061 -5.39503 0.0221077 1.37614 0.588311 2.84259 0.938927 -0.34138 -1.99832 -1.40993 -0.522025 0.113615 0.535094 0.44377 
6.33487 -0.173646 -0.718314 -0.337855 -0.749895 -0.441808 -0.204811 0.308333 0.0948645 -0.0886241 -0.0705395 -0.00382599 0.0632584 4.03085 -0.671233 -1.04915 -1.73973 0.240423 2.42952 2.30595 0.23036 -0.783654 -1.58044 -0.919113 -0.107698 -0.427663 -2.09453 -0.0597992 0.268881 0.591202 1.62269 0.507243 -0.500782 -1.56287 -0.779765 -0.225407 0.181129 0.914207 0.643516 
6.39476 -0.20016 -0.716285 -0.358153 -0.748237 -0.369059 -0.178676 0.302094 0.0621494 -0.113792 -0.0798179 -0.0125765 0.0593606 2.52441 -0.543321 -0.799978 -1.39959 1.14498 2.64052 1.9058 -0.695792 -1.24917 -1.66464 -0.8042 0.385732 -0.0871303 -1.78683 0.261126 -0.310948 0.429558 0.899158 0.139901 -0.0967182 -1.18079 -0.338499 -0.220786 0.0491377 0.928835 0.55541 
6.43304 -0.213767 -0.745777 -0.375845 -0.698576 -0.318135 -0.131213 0.274969 0.0441759 -0.147177 -0.106066 0.00607878 0.0656559 1.8182 -0.543454 -0.863222 -1.23611 1.53382 2.59575 1.73634 -1.28445 -1.39001 -1.6219 -0.80076 0.795889 0.395011 -1.77131 0.529818 -0.443427 0.347076 0.317786 -0.0638574 -0.160338 -0.808995 -0.179921 -0.0692737 -0.0132976 0.627608 0.513447 
6.43378 -0.207659 -0.771325 -0.376761 -0.664311 -0.276926 -0.113913 0.254685 0.00782399 -0.183013 -0.115492 0.0278216 0.0756534 0.965467 -0.305972 -1.29054 -0.879031 1.75832 2.53219 1.39581 -1.48969 -1.44711 -1.61136 -0.813398 0.920527 0.704293 -1.3014 0.451888 -0.522426 0.313155 -0.0395536 -0.252965 -0.463545 -0.389291 0.0363826 0.269641 -0.09623 0.193643 0.635829 
6.42917 -0.21268 -0.770791 -0.413786 -0.632593 -0.228955 -0.0877634 0.205515 -0.0157264 -0.204562 -0.118123 0.0506429 0.0789461 -0.123295 0.0679252 -1.77365 -0.448001 1.81688 2.53844 0.875914 -1.57505 -1.44869 -1.35892 -0.834856 0.991452 1.05685 -1.14988 0.458463 -0.816344 0.616759 -0.112211 -0.393628 -0.97408 0.185377 0.173488 0.484338 -0.0836217 -0.162404 0.686967 
6.42904 -0.211505 -0.799881 -0.421594 -0.61004 -0.19738 -0.0513976 0.164814 -0.036113 -0.240089 -0.134981 0.090994 0.100002 -1.14071 0.563767 -2.1103 -0.277856 1.7962 2.26637 0.43557 -1.51269 -1.23527 -1.06391 -0.779477 0.940932 1.23347 -1.48301 0.679187 -0.905062 0.714368 -0.121164 -0.260004 -1.31277 0.58064 0.299319 0.727318 0.0227141 -0.516791 0.476389 
6.43104 -0.209878 -0.842436 -0.427887 -0.58389 -0.157767 -0.0398615 0.145253 -0.0622528 -0.252544 -0.164832 0.0907768 0.142263 -1.80245 0.907072 -2.2364 -0.194958 1.67915 2.07913 -0.0266883 -1.44458 -0.989378 -0.710132 -0.753358 0.708334 1.23327 -1.69522 0.869873 -0.580393 0.443592 -0.0312271 -0.274154 -1.15533 0.482607 0.517233 0.753024 0.154448 -0.499002 -0.0449761 
6.40126 -0.19505 -0.908594 -0.401796 -0.549498 -0.124789 -0.0833587 0.142725 -0.0809247 -0.257313 -0.174971 0.0821922 0.170253 -2.12264 0.979615 -1.98128 -0.495852 1.94846 1.63292 -0.227239 -1.53532 -0.721834 -0.330431 -0.729411 0.5934 0.975841 -1.18723 0.594667 0.457209 -0.484244 0.235368 -0.579822 -0.374347 -0.0752293 0.601233 0.658478 0.203487 -0.232542 -0.699347 
6.30136 -0.16148 -0.962025 -0.379894 -0.51564 -0.0904696 -0.118625 0.121423 -0.0958031 -0.253761 -0.173634 0.114818 0.199911 -2.39652 1.07238 -1.68055 -0.469383 1.88617 1.3456 -0.582883 -1.49562 -0.548052 -0.0888939 -0.631156 0.314553 0.809026 -0.0133495 -0.0360663 1.40601 -1.05744 0.242003 -0.77345 0.225115 -0.518946 0.507678 0.414739 0.159365 -0.251892 -0.999092 
6.22413 -0.105439 -0.995129 -0.408537 -0.50597 -0.0670817 -0.106478 0.110125 -0.0856789 -0.250687 -0.182595 0.103883 0.203908 -2.62085 1.09097 -1.11095 -0.717888 1.92726 0.874439 -0.777023 -1.4797 -0.422387 0.12948 -0.571062 0.209297 0.467922 0.787437 -0.628131 1.76633 -0.904154 0.230684 -0.980247 0.25113 -0.540109 0.151843 0.152049 0.0542924 -0.0824617 -0.828556 
6.21051 -0.0933776 -1.01423 -0.422648 -0.471156 -0.0431261 -0.120041 0.0698107 -0.0818001 -0.245049 -0.206326 0.096229 0.199738 -2.5223 1.00155 -0.495794 -0.820682 1.75069 0.333672 -0.881042 -1.33721 -0.345868 0.18927 -0.583918 0.169039 0.192778 0.799904 -0.674663 1.44679 -0.225144 -0.197812 -1.03857 -0.124817 0.121001 -0.183096 -0.0358556 -0.0362337 -0.0755471 -0.317326 
6.20199 -0.117365 -0.956546 -0.512604 -0.367371 -0.090042 -0.0992837 0.00593592 -0.0899088 -0.229652 -0.205685 0.129527 0.162655 -2.28411 0.823627 0.0493302 -0.850201 1.5909 -0.443478 -0.634144 -1.30927 -0.376501 0.215792 -0.765371 0.345119 0.0250883 0.281515 -0.245798 0.502108 0.786222 -0.8084 -1.0453 -0.378712 0.788923 -0.310623 -0.141729 -0.275927 0.0568644 0.202506 
6.15487 -0.095842 -0.965899 -0.463809 -0.410301 -0.0448067 -0.1517 -0.00336002 -0.10143 -0.240017 -0.200231 0.0922324 0.197062 -2.29629 0.645696 0.516616 -0.391098 1.02837 -0.708248 -1.00589 -0.882409 -0.466108 0.191093 -0.754124 0.250036 0.0180927 -0.405319 0.0567998 0.0799458 1.16834 -1.01366 -0.937406 -0.440255 1.10538 -0.252574 -0.0658081 -0.316788 0.31591 0.284546 
6.1033 -0.0801582 -0.947993 -0.508032 -0.360602 -0.0927 -0.153458 -0.0123541 -0.111335 -0.233123 -0.227667 0.123207 0.179726 -3.29208 0.571004 0.993418 -0.0136389 0.734798 -1.23603 -0.944629 -0.508932 -0.327408 0.154258 -0.618728 0.142239 0.0527459 -1.5504 0.205866 0.201088 1.19822 -1.08415 -0.63034 -0.109902 0.993815 0.162432 -0.0272349 0.0280929 -0.0474285 0.224087 
6.10272 -0.075496 -0.944544 -0.485406 -0.375209 -0.115507 -0.192809 0.0156978 -0.122041 -0.2355 -0.252218 0.107158 0.195091 -6.07271 0.896736 1.6277 0.151717 0.664951 -2.11045 -0.589104 -0.348423 0.0949577 -0.0895001 -0.682688 0.064208 0.0530248 -4.35274 0.384924 1.00434 0.498201 -0.292873 -0.878271 0.565402 0.236645 0.808433 -0.187675 0.272349 -0.284256 -0.090426 
6.05354 -0.0656554 -0.945022 -0.475174 -0.344994 -0.203651 -0.154852 -0.025767 -0.137636 -0.227101 -0.286363 0.165555 0.1929 -8.67564 1.35027 1.89998 0.337062 0.755986 -2.90875 -0.286145 -0.677424 0.512347 -0.318035 -0.724993 0.130531 -0.191342 -6.67933 0.687243 1.57511 -0.372589 0.662684 -1.34927 0.986316 -0.716119 1.29094 -0.46835 0.387763 -0.414948 -0.55451 
5.9338 -0.0481356 -0.907431 -0.397454 -0.428945 -0.12825 -0.283888 0.0343684 -0.147885 -0.227584 -0.255898 0.127189 0.210746 -14.9809 0.805948 3.42017 -0.471523 0.843126 -4.00227 -1.11579 -1.07379 0.814328 -0.100825 -0.196902 0.111299 -0.36569 -10.8848 0.119968 2.32324 -1.56817 1.1543 -2.36562 0.225526 -1.6197 1.20201 -0.27379 0.507612 -0.160557 -0.66517 
5.69591 -0.0275603 -0.837973 -0.444158 -0.373891 -0.237768 -0.181688 0.0205603 -0.0889508 -0.227626 -0.246763 0.0944775 0.194209 -20.6374 -0.472753 4.65129 0.0431006 1.40007 -3.41774 -0.883195 -1.49028 0.331686 0.526011 0.452782 -0.8026 -0.519098 -12.8841 -1.77341 2.66558 -0.971738 1.27841 -0.988923 -0.876112 -1.63937 -0.351632 0.755413 0.87922 -0.49665 -0.564055 
5.19487 0.0359741 -0.72621 -0.477445 -0.294609 -0.390486 -0.139071 -0.0437744 -0.0289766 -0.276666 -0.303682 0.110503 0.179193 -20.961 -1.00981 5.65993 0.99607 2.22299 -2.68063 -0.372496 -2.20158 -0.191239 1.04614 0.419239 -1.5811 -0.618364 -6.37861 -3.13847 2.24535 1.3042 0.995747 1.84811 -0.956471 -1.03773 -2.07896 1.89287 0.930704 -1.5428 -0.0733598 
4.999 0.0882026 -0.725606 -0.472037 -0.245065 -0.48225 -0.143407 -0.154234 -0.0208935 -0.286402 -0.298877 0.157814 0.117066 -21.5051 -0.801825 6.74956 2.31903 2.51148 -1.80751 -0.34532 -2.33113 -0.361704 1.49909 0.528869 -1.87375 -1.06125 1.77522 -2.18958 1.90488 3.84422 0.630883 3.99798 0.0819774 0.0685141 -2.36683 2.12707 0.383274 -1.88204 0.0466946 
3.78119 -0.0858846 -0.413576 -0.620421 -0.319248 -0.607192 -0.458345 -0.147244 -0.0243832 -0.20455 -0.180217 0.110198 0.160256 -20.6368 -0.97662 6.95484 3.274 2.66481 -1.22369 -0.57152 -2.85642 -0.897475 2.03142 0.817683 -1.94312 -1.35501 11.9414 0.747845 -0.156386 5.20451 0.299395 4.29697 1.49343 0.303141 -1.4579 1.13137 -0.362912 -1.06843 -0.450648 
3.39709 -0.288511 -0.338409 -0.377567 -0.136104 -0.373513 -0.217031 -0.178947 -0.189755 -0.0829117 -0.15027 -0.0716818 0.121883 -16.8027 -0.653621 6.22958 4.0682 2.65276 -0.121861 -2.11844 -3.25685 -1.31168 2.72129 0.890433 -2.02156 -1.188 14.0612 3.54705 -1.8142 2.35398 -0.504914 1.1173 -0.743542 -0.315565 0.655064 -0.00350059 -0.595613 0.902075 -0.422888 
4.10534 -0.170872 -0.259539 -0.191141 -0.063185 -0.357676 -0.16164 -0.285307 -0.209527 -0.078929 -0.27429 -0.117529 0.138293 -12.0113 -0.430384 5.09419 4.75117 2.325 0.926256 -1.43563 -2.56239 -1.70191 2.6875 1.5005 -1.38218 -0.993418 7.09211 2.94961 -3.12918 -0.980602 -1.02118 -0.900701 -1.70207 0.0455644 1.20014 -0.738359 0.677831 2.4904 -0.072743 
3.55144 -0.0131187 -0.0714907 -0.0477022 -0.104177 -0.361411 -0.235378 -0.243173 -0.132577 -0.0542055 -0.219465 -0.0361867 0.0228256 -6.99607 0.0683631 3.45061 5.20131 2.62534 1.88698 -0.44793 -1.89453 -1.28199 2.05837 0.957449 -0.662812 -0.556181 5.12186 0.436801 -4.39875 -2.67301 -0.243804 -0.672867 -0.475335 0.528729 0.724483 -1.23655 0.633686 2.47825 1.118 
3.3282 -0.10552 -0.0737189 -0.0430665 -0.10798 -0.38503 -0.35681 -0.354992 -0.207044 0.000465846 -0.123798 -0.0892018 0.0197759 -2.0136 0.89996 1.86253 4.80334 2.71555 2.02921 0.44052 -1.28571 -0.859183 0.808549 0.678758 0.687921 -0.277294 2.8326 -1.17742 -3.05456 -2.33645 0.483192 0.538113 1.93825 2.10232 0.448527 -2.00498 -0.0285653 2.24172 1.70595 
3.53797 -0.0129375 -0.135513 -0.0723793 0.0148687 -0.395124 -0.576183 -0.481253 -0.181193 0.0973435 -0.175255 -0.107202 0.0693842 -2.13596 0.256862 1.22027 2.59455 1.69057 1.53531 0.440448 -0.42641 -0.337843 -0.192262 0.99699 1.38621 0.0782747 1.52821 -2.57587 -1.14337 -1.31488 0.121982 1.71652 4.76058 2.94041 -0.0463338 -2.61629 -0.411639 1.03059 1.04892 
3.47572 -0.0547974 -0.131891 0.0394613 -0.0219256 -0.338373 -0.219578 -0.319176 -0.257193 -0.00228415 -0.0321834 0.0545451 0.0616045 -3.64219 -1.8325 0.340961 0.471428 0.62034 0.943575 0.688959 0.601942 -0.09615 -0.651903 1.50352 1.22717 0.536645 0.516178 -2.85378 0.386173 -2.54626 -1.47988 -0.00246032 1.7794 1.86231 0.632437 -1.76052 -0.724016 -0.791825 0.466407 
3.60294 -0.0721471 -0.222119 0.143766 0.12399 -0.194476 -0.206096 -0.330344 -0.171686 -0.0334854 -0.19567 0.044529 0.107888 -1.20821 -3.29741 -0.227236 -0.754555 0.00366043 0.993335 1.74152 1.98718 -0.00891718 -0.857236 1.73497 0.519192 0.594315 -2.53636 -3.04318 1.24122 -3.75149 -3.44197 -1.8506 -0.585569 1.82214 0.593457 -0.0693071 1.22273 -1.96962 -0.723237 
3.44159 -0.0812507 -0.0829797 0.0802814 0.114179 -0.235388 -0.242246 -0.27867 -0.216744 -0.115693 -0.108582 0.126737 0.128134 -0.858378 -3.98114 0.208351 -1.65475 -1.2752 0.878896 2.43024 2.52668 0.37429 -1.2149 1.19497 -0.128201 0.406308 -0.677538 -2.70426 0.177629 -3.33873 -3.68233 -2.02475 -1.47345 0.634271 0.539352 1.33873 0.973316 -2.96726 -0.96313 
3.29829 -0.274679 -0.0759048 -0.0488634 0.017918 -0.176533 -0.0954139 -0.255896 -0.236712 -0.113077 -0.060104 0.0153756 0.0960827 -1.29401 -4.63041 0.552832 -2.18219 -1.93287 1.26547 3.02121 2.72874 0.45813 -1.29238 1.49129 -1.07686 -0.235814 2.27484 -0.265898 -0.337848 -0.952734 -1.55457 -0.457871 -0.83 -0.134654 0.466238 1.31975 0.137664 -2.04768 -0.981021 
3.31173 -0.430161 -0.144707 -0.188123 -0.138031 -0.385423 -0.244177 -0.201167 -0.15299 -0.106965 -0.0204339 0.0046902 0.153707 -0.743858 -4.21744 0.716904 -2.7868 -2.33918 0.419494 1.85066 2.12127 0.479572 -0.37726 0.647522 -2.47794 -0.66082 2.68496 1.99852 0.0997239 1.59155 0.728938 1.4489 1.40795 -0.805595 -0.391818 0.689717 -1.28525 -1.1938 -1.14909 
3.39012 -0.456507 -0.117091 -0.149511 -0.116274 -0.247824 -0.119192 0.0154476 -0.1577 -0.0543793 0.0982785 -0.0561445 0.0409747 -0.726649 -3.7271 0.550947 -2.80795 -2.73235 -0.119052 1.21008 1.50995 0.244028 0.50411 1.18324 -2.48379 -0.905406 1.34114 2.85005 -0.0720379 1.98071 1.81527 0.847826 -0.0233534 -2.5158 -0.521623 0.632092 -2.06966 -0.118341 -0.236203 
3.38265 -0.529812 -0.0655935 -0.236954 -0.243852 -0.256742 -0.107364 -0.173463 -0.166936 -0.117228 -0.0699716 -0.127329 0.0995602 -0.247292 -2.80834 0.150773 -2.26593 -2.07911 -0.0157407 0.158918 0.433412 0.105015 0.769736 0.804547 -2.43984 -0.747619 -0.886122 2.62223 -0.117558 1.24202 1.91913 -0.569773 -2.18042 -2.10295 -0.78814 0.806042 -0.245563 1.03991 0.284623 
3.42314 -0.534872 -0.0841106 -0.196875 -0.11872 -0.0757987 0.0519888 -0.100625 -0.157284 -0.131277 0.0568979 -0.159164 0.00902751 -0.915318 -1.59012 0.501871 -1.08593 -0.857953 0.19382 -0.332849 -0.204744 0.542292 0.692511 -0.0424236 -1.50152 -0.368895 -2.78664 1.23919 -0.102 0.465739 0.979525 -1.66214 -3.41155 -1.74802 0.082335 0.623234 -0.138181 1.76696 1.25291 
3.43111 -0.492375 -0.0545679 -0.217979 -0.212125 -0.294009 -0.0119742 -0.0815873 -0.192758 -0.0371616 -0.11863 -0.267257 -0.00139117 -1.89851 -0.717009 0.809919 -0.393031 -0.210476 0.41607 -0.357699 -0.904205 -0.133328 0.248791 0.12757 -0.643678 -0.105857 -3.01874 0.258904 0.0939895 0.481963 0.790978 -0.630277 -2.42 -0.817832 0.449125 -0.789381 0.988122 2.63448 1.53837 
3.34897 -0.540569 -0.121366 -0.248312 -0.219595 -0.262812 -0.184186 -0.18523 -0.164895 0.04531 0.0615584 -0.160648 0.0357446 -2.78158 -0.088755 0.727653 -0.471126 -0.366046 -0.23613 -0.885865 -1.79898 -0.284187 0.128035 0.306985 0.551818 0.487697 -1.8482 0.530056 0.777671 0.743254 0.34184 0.521219 0.877727 0.154358 -0.0445329 -1.65207 0.406179 2.14511 0.828488 
3.2738 -0.533221 -0.0645049 -0.309847 -0.189805 -0.263328 -0.294834 -0.254088 -0.224572 -0.0577259 0.0607507 -0.189477 0.0720185 -3.14895 0.419094 0.603577 0.179056 0.32429 -0.282781 -0.745912 -0.784967 -0.308536 0.433695 0.870382 0.773087 0.145349 -0.184793 0.794551 0.395717 0.957563 -0.0258964 0.70694 2.92517 0.818691 -0.37163 -0.78926 0.0575978 0.927021 -0.281048 
3.10636 -0.562241 -0.0112071 -0.184397 -0.114011 -0.202839 -0.131984 -0.190022 -0.0373988 -0.0467398 -0.101074 -0.127145 0.092978 -3.45795 0.30234 0.47129 0.336286 0.0433137 -0.744655 -0.476354 -0.461653 -0.639167 0.392154 0.951508 1.05157 0.242001 1.46725 0.808173 -0.588701 0.431875 -0.214278 -0.0391205 2.40299 1.50455 -1.44422 0.534365 1.09139 -0.544493 -1.31583 
3.12288 -0.526984 -0.0128701 -0.210911 -0.194152 -0.265098 -0.171229 -0.211653 -0.245827 -0.124394 0.0944465 -0.0715339 0.0953316 -3.18223 0.136242 0.25777 0.390045 0.260164 -0.193946 0.559476 -0.154295 -0.163267 0.411518 1.61351 1.19063 -0.294639 1.48854 -0.0108177 -1.05816 -0.024473 -0.0735333 -0.780739 1.07314 1.43434 0.0690937 1.91835 0.28731 -1.4896 -1.57402 
3.08727 -0.456921 -0.00868737 -0.270097 -0.252995 -0.244739 -0.130058 -0.317832 -0.221568 -0.0541238 0.085852 0.00450924 0.105743 -2.15612 0.172952 0.177912 0.286049 -0.160024 -0.196612 1.40412 0.613077 0.341902 0.768456 1.03471 0.467301 -0.766311 1.32052 -1.12196 -1.05061 -0.364793 -0.00278545 -0.34579 -0.258523 1.21798 1.45971 1.56468 0.246383 -1.52575 -1.10743 
3.06208 -0.460779 -0.0196555 -0.156786 -0.0974558 -0.23018 -0.0907305 -0.140569 -0.201197 -4.11258e-05 0.0600283 -0.163049 0.000691206 -0.546975 0.386545 -0.313239 -0.124891 -0.507194 0.344417 1.91089 0.853811 0.234895 0.967668 1.11589 0.378145 -0.989246 1.92702 -0.787055 -0.412083 -1.30827 -0.8527 0.727432 -0.254547 -0.137106 1.56342 -0.041493 -0.441345 -0.251392 0.0818865 
3.004 -0.526367 -0.0617207 -0.17254 -0.176107 -0.318428 -0.065998 -0.11611 -0.277097 0.00530479 0.140211 -0.0864919 0.0271387 0.718357 0.308199 -0.321163 -0.283085 -0.134244 0.913545 1.43391 0.913841 -0.0783623 0.500094 0.823907 -0.125022 -0.867555 2.60051 0.148487 0.419369 -0.735078 -0.137618 2.22303 0.156638 -0.488671 1.03396 -1.41537 -1.54591 0.141021 0.779555 
3.00491 -0.531517 -0.0579142 -0.232402 -0.191129 -0.306882 -0.0632795 -0.196808 -0.115069 0.0687253 0.179388 -0.0713427 -0.0361241 1.16282 0.0154375 -0.148413 0.215234 0.346566 1.00566 0.933575 0.877155 0.664432 0.632006 0.00697726 -0.498105 -0.539235 2.47224 0.721803 0.729046 0.406882 0.567475 1.70047 -0.535232 -0.446686 -1.19767 -1.92851 -1.34507 0.0494348 1.36648 
3.07799 -0.533097 -0.0548783 -0.254343 -0.251734 -0.230234 -0.0599393 -0.129648 -0.052856 0.0854748 0.119219 -0.129871 -0.0181464 1.28248 -0.389539 -0.124087 0.212827 0.0762968 1.04074 0.872224 1.17977 0.918887 0.194371 0.0279713 -0.674356 -0.55729 0.43215 0.262224 0.569072 1.22971 1.05874 0.178721 -0.639136 -0.153321 -1.15284 -1.02197 -0.701 -0.201957 0.710966 
3.23814 -0.438815 -0.074281 -0.302254 -0.234045 -0.117363 0.058866 -0.143768 -0.205752 -0.0263868 0.118442 -0.0702417 -0.00657087 1.32997 -0.171773 0.0861172 -0.456374 -0.473763 0.723646 0.753923 0.837287 0.84233 0.351432 0.299029 -0.315194 -0.353621 -1.91441 -0.729382 0.256877 0.968462 0.416619 -1.97735 -0.930965 0.71898 0.237682 0.991239 0.571832 -0.795497 -0.36819 
3.21844 -0.495546 -0.0127795 -0.175635 -0.0948648 -0.0733305 0.0120007 -0.0925073 -0.192933 -0.0822129 0.0403826 -0.115106 0.0236646 0.849251 -0.172864 0.0685365 -0.283503 -0.0573785 0.886966 0.597634 0.764198 0.432156 -0.574364 -0.402392 -0.311599 -0.14343 -2.76375 -0.854892 -0.50837 -0.810321 -1.22006 -2.39807 -0.258931 0.2223 0.509712 0.966309 1.12231 0.193983 -0.633768 
3.20869 -0.503455 -0.0213021 -0.134765 -0.138907 -0.220697 -0.120692 -0.156373 -0.154977 0.0478042 0.106334 -0.141908 0.0370337 0.36309 -0.243207 -0.0717795 -0.253205 -0.119808 0.743409 0.439682 1.10999 -0.27125 -1.12415 -0.64671 -0.508394 0.0474716 -1.82359 -0.278825 -0.644801 -1.79365 -1.22508 -0.339655 0.637644 0.138464 0.0984034 -0.710838 -0.00393042 0.476714 -0.406772 
3.13241 -0.560884 -0.0588531 -0.214396 -0.232725 -0.161595 0.0409337 -0.036097 -0.0459216 0.0261219 0.123266 -0.165904 -0.066488 -0.949134 -0.250624 -0.142385 -0.0572855 0.00908367 -0.0270947 0.100193 0.550736 -0.464782 -1.12859 -0.398282 -0.0701924 -0.126954 -0.683943 0.59104 -0.334292 -0.685439 -0.0339588 0.667626 -0.126231 -0.752349 -1.41301 -1.85864 -1.05997 0.769814 0.597689 
3.16127 -0.501252 -0.0291076 -0.307983 -0.238761 -0.249212 0.0282727 -0.0207594 -0.109023 0.124587 0.20373 -0.150697 -0.0645257 -1.9621 -0.331642 -0.301595 0.0739013 -0.273549 -0.608446 -0.384035 -0.0559414 -0.153421 -0.562365 -0.556985 -0.149945 -0.105047 -0.477772 0.707995 -0.183725 1.07553 0.851808 0.881114 -0.674272 -1.60378 -1.48527 -1.65976 -1.48076 0.519689 0.814128 
3.0792 -0.562227 -0.0774488 -0.248575 -0.188017 -0.148425 0.00919925 -0.100721 -0.189753 -0.169054 0.0223597 -0.0689427 0.0258521 -2.42225 -0.0952989 -0.726774 -0.232112 -0.374751 -0.624233 -0.377716 -0.452205 -0.182848 -0.4339 -0.842372 0.104423 0.120866 -0.887657 0.465591 0.0308074 1.64269 0.928292 -0.560863 -1.22654 -1.3185 0.126419 1.33784 -0.42811 -0.267809 0.362797 
3.15472 -0.522917 -0.0699995 -0.287474 -0.232047 -0.0943964 0.00285057 -0.0166131 -0.165326 -0.123987 0.0269903 -0.19121 -0.00573949 -2.83348 0.180067 -0.55729 0.440442 0.112041 -0.519823 -0.170985 -0.331736 -0.18287 -0.681311 -0.875052 0.210613 0.0485471 -1.55247 0.105423 -0.0476108 1.52696 0.472333 -1.72775 -0.703665 -0.789341 1.28562 2.50515 0.692611 -0.0236616 -0.161489 
2.98475 -0.499886 -0.0593995 -0.199974 -0.179423 -0.209557 -0.02872 -0.117127 -0.21245 -0.0992486 0.0729001 -0.0775773 -0.0262122 -2.98276 0.727245 -0.0229456 1.46084 1.08247 -0.372664 -0.779366 -0.722264 -0.481046 -0.602448 -0.861046 0.144438 0.365957 -0.738998 0.209541 0.359151 0.718378 0.483214 -0.361918 0.426817 0.794052 1.39503 1.41205 0.831944 -0.413155 -0.374657 
2.96317 -0.508403 -0.085717 -0.180624 -0.203621 -0.233747 -0.0604398 -0.193013 -0.188338 -0.0195121 0.0197062 -0.135464 0.00287669 -3.53679 0.847737 -0.0300598 1.52658 1.40607 -0.11938 -1.13872 -0.907486 0.0948429 -0.555863 -1.20897 0.285535 0.455816 -0.198898 0.701118 0.783893 -0.0213981 1.05489 0.843614 0.238713 1.10323 0.401168 -0.614378 0.362664 0.238817 -0.00901094 
2.87248 -0.540743 -0.135666 -0.211606 -0.168346 -0.234324 -0.086435 -0.1386 -0.116285 -0.015372 -0.0358719 -0.127868 0.0446644 -3.54584 0.81342 -0.212761 0.79829 1.08754 -0.491759 -1.33795 -0.362297 0.260227 0.17297 -0.868164 0.024321 0.21566 0.311875 0.505606 0.427783 -0.74928 0.593946 1.48961 -0.33874 0.601629 -0.74117 -1.96835 -0.54504 0.286426 0.187592 
2.81793 -0.485555 -0.0792228 -0.102577 -0.178899 -0.288555 -0.0140756 -0.0722015 -0.102591 -0.0368049 0.0863012 -0.12324 -0.0548789 -3.28193 0.479194 -0.621519 0.45832 1.03303 0.0679629 -0.945 -0.491203 -0.0272485 -0.155114 -0.919459 0.500674 0.429392 0.953114 -0.301604 -0.770666 -1.94981 -0.381122 1.41988 -0.61202 -0.188486 -1.06248 -0.94462 -1.00991 0.22094 0.541806 
2.79547 -0.405217 0.00603468 -0.0484386 -0.023946 -0.147466 -0.0585068 -0.115042 -0.201988 -0.106406 0.0270132 -0.134862 0.00620597 -2.05358 0.432797 -0.695512 0.0038962 0.738259 0.69252 -0.856691 -0.122768 0.25319 -0.332475 -1.24079 -0.012092 0.393406 1.39313 -1.15735 -1.65163 -1.8321 -1.62698 0.0122757 -0.108745 -0.524948 -0.157474 0.537494 -0.578661 0.0945265 0.107088 
2.68633 -0.415543 -0.075557 -0.165981 -0.0396396 -0.176505 -0.182735 -0.203728 -0.131545 -0.125925 -0.104466 -0.0512868 0.0710134 -1.5022 0.149174 -0.926979 -0.462198 0.276134 0.483345 -0.728318 -0.127161 0.171823 -0.0123886 -0.660717 0.162682 0.247542 2.19771 -1.28546 -1.21223 -0.680483 -1.86552 -0.592348 0.9713 -0.0618026 0.455668 1.77938 0.829817 -0.648965 -0.431204 
2.67498 -0.49245 -0.160812 -0.235403 -0.144355 -0.227127 -0.182796 -0.0822048 -0.1767 -0.116456 -0.0897944 -0.142219 0.0204322 -0.844692 -0.342602 -0.850031 -0.867716 -0.429704 0.653251 -0.67103 -0.260554 0.406166 0.283424 -0.741161 -0.078433 0.192887 1.76724 -0.736249 0.241098 0.31959 -1.02328 -0.390262 1.06922 0.0397908 1.32819 1.60265 1.17152 -0.462843 -0.438168 
2.72424 -0.489008 -0.189825 -0.194436 -0.118181 -0.114564 -0.0636768 -0.166138 -0.205922 -0.073895 -0.0344887 -0.0579005 0.0421715 0.127272 -0.877373 -0.740217 -0.859692 -0.6887 1.0862 -1.32852 -0.566028 0.597999 0.491973 -0.625507 0.0899721 0.275195 1.11005 -0.283844 1.61117 0.918281 -0.294087 -0.0518929 -0.468791 0.214342 1.12419 0.435722 1.05018 -0.279801 -0.506754 
2.78221 -0.447883 -0.14354 -0.160892 -0.105749 -0.157426 -0.15012 -0.163292 -0.0985187 -0.0687583 -0.121998 -0.149586 0.0233112 0.844378 -1.13004 -0.396775 -0.379179 -1.021 1.03835 -1.39888 -0.468427 0.845383 0.64112 0.0840238 0.213013 -0.112916 0.512997 -0.209937 1.77401 0.887184 0.463147 1.14298 -1.47506 -0.18467 -0.115228 -0.754456 0.666419 0.654222 -0.0194789 
2.7323 -0.51722 -0.214543 -0.241538 -0.181792 -0.237665 -0.138883 -0.167526 -0.113363 0.0384879 0.00871873 -0.109336 0.0286954 1.41262 -0.919674 0.380811 0.408395 -0.609617 1.43208 -1.3937 -0.447548 0.596553 0.468592 0.6023 0.214063 -0.267847 0.517731 0.172384 1.37389 1.05234 0.908739 1.53382 -1.76427 -0.398488 -0.682258 -1.5902 -0.156829 0.921096 0.0685957 
2.72269 -0.562945 -0.143329 -0.260973 -0.213065 -0.119684 -0.144545 -0.117518 -0.0398044 -0.032817 -0.105964 -0.148889 0.0288634 1.37607 -0.619246 0.843552 0.698768 -0.152842 1.55784 -1.7564 -0.775461 0.601318 0.155197 0.509078 0.557486 -0.109901 0.495676 0.59009 0.309977 1.0009 0.962885 0.499877 -0.693892 -0.359778 -1.29433 -0.971612 0.31121 0.679373 -0.0428594 
2.85454 -0.546905 -0.0870793 -0.138948 -0.147809 -0.0246873 -0.311773 -0.20968 -0.103365 -0.0631339 -0.0188844 -0.0593598 0.017366 1.11455 -0.571989 0.891543 0.614996 -0.111473 1.27867 -1.99035 -0.489807 0.352125 -0.173643 0.403632 0.454322 -0.151214 -0.405382 0.721524 -0.539292 0.0757791 0.513797 -0.72345 1.14298 0.0332299 -0.655083 -0.0851877 -0.0989526 -0.0469251 0.088343 
