2.82605 -0.4002 -0.423894 -0.561137 -0.36414 -0.186618 0.0553552 0.113275 -0.113445 -0.182383 0.0131938 0.108706 0.11605 -2.22141 -0.826421 1.43364 1.1787 0.0789952 -0.532906 -0.883243 -0.684461 0.867404 0.678167 -0.472695 -0.972654 -0.965688 -1.67349 -0.508613 1.45897 1.09403 0.735765 0.584829 -0.153125 -0.894484 0.0545757 0.314538 -0.402587 -0.889514 -0.535529 
2.71831 -0.461238 -0.411019 -0.512823 -0.462878 -0.384508 -0.0843466 0.14707 0.0453567 -0.131194 -0.0222371 0.0694549 0.031989 -3.18092 -1.19007 1.80274 1.87445 0.796437 -0.388116 -1.26937 -1.29764 0.908976 1.1908 -0.552826 -1.20383 -0.977732 -1.41357 -0.343344 1.31426 1.36459 2.19819 2.18268 0.449887 -1.76871 -1.15002 0.244241 -0.330313 -0.884569 0.26189 
2.65578 -0.462239 -0.346937 -0.556346 -0.45453 -0.310777 -0.0223601 0.116777 -0.0195054 -0.0748171 0.0421333 0.113925 0.0282343 -3.64445 -1.38375 2.05492 2.42787 1.59241 -0.00719568 -1.41928 -1.75 0.685765 1.23785 -0.856528 -1.50589 -0.94201 -0.920984 -0.37474 0.426021 1.53499 2.55299 1.78272 -0.0705603 -1.73717 -1.06866 0.0997403 -0.641374 -0.877868 0.601188 
2.66498 -0.44962 -0.257232 -0.399446 -0.291451 -0.182491 0.0092483 0.0757287 -0.0383249 -0.182501 -0.0649133 0.000811915 0.0380883 -3.44118 -1.16192 2.18282 2.76307 1.99296 0.576051 -1.09217 -1.79866 0.287384 0.87102 -1.0223 -1.46641 -0.679799 -0.0141087 -0.0471322 -0.61278 0.513321 1.12486 0.484096 -0.243396 -0.574247 -0.676925 0.119819 -0.178575 0.203584 0.689417 
2.50356 -0.523462 -0.232177 -0.402205 -0.329029 -0.211389 -0.0570922 -0.0398808 -0.0396043 -0.079334 -0.0520117 -0.0463351 -0.00197767 -2.29384 -0.616696 2.0409 2.20087 1.3885 0.462723 -1.03598 -1.35051 0.477564 1.00481 -0.473495 -1.19758 -0.545415 2.36376 1.03804 -1.05142 -0.837696 -0.98241 -0.762404 0.0428538 1.55007 0.327424 -0.384279 0.541649 1.11728 0.521687 
2.39578 -0.565053 -0.219567 -0.293768 -0.205111 -0.236094 -0.135169 -0.0783706 -0.00262623 0.0111956 -0.0442899 -0.0233294 0.0210725 -0.951784 -0.197938 1.35502 1.24472 0.579512 0.502227 -0.689226 -0.957676 -0.00647678 0.82477 0.141863 -0.685588 -0.0493098 3.99889 1.6231 -1.25715 -2.63846 -3.62047 -1.51687 0.555032 2.68438 0.614323 -0.747418 1.38321 1.43414 0.216197 
2.41221 -0.563772 -0.197716 -0.262507 -0.145723 -0.18943 -0.123746 -0.0860787 -0.0411177 -0.0568025 -0.114554 -0.0740608 0.00926959 -0.624318 -0.433386 0.593147 1.08072 0.405922 0.111801 -1.1943 -0.93777 0.0503809 0.26616 0.26198 -0.579149 -0.117285 3.09893 0.944959 -1.25666 -2.70936 -3.29466 -0.976299 0.432597 1.64864 0.143245 -0.699499 1.84924 1.21177 0.0758016 
2.47545 -0.500788 -0.172239 -0.242405 -0.189971 -0.139551 -0.049266 -0.0349894 -0.0668283 -0.12888 -0.112007 -0.0343654 0.0391968 -0.472725 -0.527418 -0.00134856 0.442841 -0.0968387 -0.104652 -0.890236 -0.507183 -0.216409 0.184613 0.597381 0.0235076 0.0321877 0.279247 -0.66832 -1.13557 -1.13511 -0.762675 -0.165741 -0.123938 -0.226256 -0.517538 -0.504434 0.799738 0.190392 -0.0269856 
2.62381 -0.445087 -0.176781 -0.387071 -0.397685 -0.301928 -0.143154 0.0521441 0.0919664 0.00965244 0.0353355 -0.0127968 -0.0119734 0.303234 -0.309726 -0.133156 0.317901 -0.0102065 -0.00336702 -0.599441 -0.461996 -0.255572 -0.42703 0.532617 0.466143 0.236623 -2.46775 -1.74861 -0.577411 1.05999 2.29082 0.987917 -0.0982758 -2.0495 -1.33493 -0.712801 -0.865863 -0.110327 0.21534 
2.62194 -0.487925 -0.250994 -0.442043 -0.4572 -0.292548 -0.120137 0.0230338 -0.0252363 -0.0207977 0.0575096 0.0176196 0.0464513 6.16494 -2.08037 -1.23815 1.16124 0.267359 -0.577439 -0.0862872 -1.42414 -0.43893 -0.752524 1.01952 0.510302 0.27437 3.37798 -2.8204 -0.610331 3.20252 3.79347 0.468809 0.39688 -2.56086 -0.577733 -0.575314 -1.08459 -0.0805519 0.236272 
2.45194 -0.597111 -0.242859 -0.274627 -0.198194 -0.17915 -0.20234 -0.135002 -0.0664615 -0.139029 -0.0109331 -0.0574778 -0.00689247 9.54023 -3.02745 -1.4308 2.50633 1.07877 -1.12155 0.194366 -2.06261 -0.24467 -0.483995 1.30969 0.36529 0.167391 10.9878 -2.40488 -0.634027 3.29227 1.97906 -1.11114 1.44252 -1.39901 0.41307 0.0666242 -0.0412685 0.090353 0.208105 
2.41954 -0.594473 -0.239078 -0.27914 -0.224751 -0.176481 -0.107039 -0.0649838 -0.0942501 -0.0921935 -0.034749 -0.0207446 0.0424427 6.76675 -2.14444 -0.247337 3.05315 2.04 -0.0392809 0.258702 -1.83651 -0.435218 -0.658743 0.500666 -0.144305 -0.0240431 8.59812 -0.0282232 0.699135 2.17222 0.358746 -0.725915 1.06902 0.208701 0.944333 0.149409 0.488145 -0.370947 -0.345727 
2.50506 -0.565375 -0.208572 -0.277731 -0.223808 -0.223831 -0.171035 -0.155464 -0.0325054 -0.094457 -0.0202025 0.0469742 0.0474179 4.50956 -0.290743 1.44973 3.77272 3.11397 1.0542 0.790518 -1.65425 -1.19779 -1.14083 -0.421761 -0.290072 -0.107451 -1.99543 3.75655 3.00003 0.23847 -0.39457 0.971097 0.571353 2.05158 0.0438251 0.188794 -0.178976 -0.970644 -0.800644 
3.93829 -0.999095 -0.471023 -0.00178222 -0.11219 -0.366882 -0.0775908 -0.320583 -0.0655001 -0.129867 0.112765 0.0178298 0.0581605 3.20517 2.1691 3.37148 3.80459 2.83641 0.831041 0.0592834 -1.29862 -0.882361 -0.589296 -0.545643 -0.285078 -0.323182 -17.2473 8.47559 6.01366 -2.01166 -0.593667 2.85923 -1.10152 2.6528 -1.08064 0.0991878 -1.82615 -0.675828 -0.650419 
3.8101 -0.860124 -0.31841 0.0882128 -0.0794154 -0.367385 -0.0432449 -0.261728 -0.0237918 -0.107157 0.0951236 -0.0421793 0.00820109 1.93008 4.22248 4.48197 3.12504 1.77074 0.26143 -0.59216 -0.847087 -0.894986 -0.133614 -0.561568 -0.052466 -0.18623 -16.8382 7.71049 5.1022 -2.388 -0.532151 1.84499 -2.56503 1.04388 -1.32522 0.172958 -1.93253 0.235804 -0.0341524 
2.60596 -0.477969 -0.0264083 -0.0549346 -0.0847749 -0.0519414 -0.0886214 -0.0817897 -0.0771712 -0.162567 -0.0569922 -0.0746229 -0.00137702 -0.474099 5.265 5.06558 2.76351 1.62284 0.356401 -1.60078 -1.02019 -1.08875 -0.193288 -0.715123 -0.242537 -0.39524 -2.72211 2.4008 0.929995 -1.19977 -1.08873 -1.78555 -2.62788 -1.22477 -0.43659 0.830363 -0.162876 1.03018 0.530972 
2.70442 -0.292577 0.112975 0.0150188 0.0139597 -0.0771157 -0.0560705 -0.155537 -0.197053 -0.175746 -0.0741351 -0.0334258 -0.0144411 2.61536 4.74835 3.09845 0.471868 0.155069 1.15563 -1.42361 0.479385 -1.16817 -0.0212655 -0.767748 -0.580464 -0.160424 12.7129 -4.22395 -5.12236 -1.91937 -2.46772 -2.40673 -1.38714 -0.767651 1.01033 0.743937 1.32273 0.446332 0.758089 
2.8144 -0.158615 0.246125 0.0882811 -0.0132992 -0.187694 -0.256175 -0.251251 -0.158601 -0.102222 -0.0492096 -0.0224614 0.0030314 6.86719 4.15959 1.87807 -2.33108 -2.28333 1.09667 -1.94228 1.35646 -0.803373 0.268034 -0.672691 -0.419321 0.353905 23.7633 -8.43332 -8.73333 -3.69284 -3.95548 -1.0088 1.21177 1.31708 1.26959 0.125112 1.83891 -0.515382 0.825869 
2.87172 -0.135065 0.241804 0.0979807 -0.0398348 -0.257475 -0.293252 -0.266735 -0.156754 -0.116092 -0.0710743 -0.00599348 0.0219223 16.8937 2.14235 -0.529732 -2.75855 -3.56908 -0.857037 -2.51705 1.37489 -0.167444 0.509728 0.116788 -0.146804 1.02231 22.9213 -6.33794 -7.06231 -4.28269 -4.42743 -0.258627 1.55365 3.12375 1.49124 0.0856026 1.40075 -0.840305 0.891284 
2.86439 -0.163082 0.223114 0.10322 -0.0298097 -0.224309 -0.323071 -0.297792 -0.183386 -0.120965 -0.052074 -0.0236958 -0.00402054 26.4562 0.793317 -3.57477 -2.66393 -4.43959 -3.44601 -2.55592 1.51267 1.57624 0.795707 0.855609 0.153056 1.31237 15.8016 -1.06994 -3.65857 -2.44739 -3.15117 -1.92095 0.404384 2.85476 2.23915 0.134742 0.52085 0.0334916 0.994739 
4.38141 -0.447665 -0.302803 -0.279204 -0.284485 -0.0628699 -0.175935 -0.00784214 -0.149295 -0.117069 -0.00735723 -0.0981309 0.045985 28.5383 0.890827 -5.22719 -3.68224 -4.8097 -4.12171 -2.47767 2.55761 3.07883 0.578431 1.02084 0.106395 1.27038 1.20047 4.5067 1.06982 1.84655 0.712204 -4.75968 -1.43634 -0.0606521 2.84106 0.0985749 -0.00127892 1.16931 0.23257 
5.05557 -0.465364 -0.17018 -0.408807 -0.543255 -0.189827 -0.287123 -0.0360813 -0.129183 -0.0911393 0.0182285 -0.0773584 0.11053 27.8646 1.63605 -5.89999 -4.31369 -4.30819 -4.20451 -1.58304 2.80594 3.90421 0.208683 0.839931 0.21896 0.814355 -11.2336 6.28566 1.6523 3.10005 3.90163 -3.70301 -1.03577 -1.43588 3.00816 -0.276372 -0.514588 1.18506 -1.05769 
5.34532 -0.25533 -0.129372 -0.192645 -0.474476 -0.476199 -0.446975 -0.014499 -0.0443264 -0.0579486 0.0352321 -0.0441674 0.151398 25.0325 2.72417 -5.75289 -4.02521 -3.38196 -4.56027 -1.02151 2.679 4.12266 0.635961 0.538759 0.0987319 0.62827 -16.1241 3.53938 0.579209 0.831263 4.11945 0.291066 1.48535 -1.46515 1.1 -0.357747 -0.986842 0.158384 -1.70551 
5.74132 -0.076051 -0.394037 -0.222328 -0.502206 -0.661718 -0.448279 0.018291 0.18577 -0.0572852 0.0252364 0.0221802 0.142571 19.9269 3.52965 -4.97803 -2.94364 -2.38352 -4.64793 -0.548586 2.19652 4.00591 0.821071 0.288707 0.00214826 0.539536 -13.9546 -0.792736 0.549458 -0.48555 2.59975 3.78413 2.99773 -0.867932 -1.91571 0.138355 -0.793682 -1.22093 -1.18426 
5.85921 0.00390891 -0.42979 -0.399265 -0.476104 -0.651284 -0.463535 0.0901641 0.244613 -0.101369 0.0545105 -0.00780576 0.105123 11.8473 3.8591 -3.35272 -1.18213 -1.17089 -4.02416 -0.282221 1.05562 3.48317 0.792296 0.0229455 0.0402819 0.122597 -6.64549 -3.87505 0.384926 0.233635 -0.0691741 4.34992 2.91937 -0.372968 -3.26851 0.754549 -0.462699 -1.41912 0.0427904 
5.86049 0.0545661 -0.459959 -0.476073 -0.479449 -0.621428 -0.393858 0.0261825 0.305606 -0.107713 0.017282 -0.00279098 0.0445709 8.15986 2.50529 -3.59825 -0.507681 -0.926673 -1.89048 0.142887 1.42311 2.51402 0.649483 -0.176916 -0.150458 -0.0269809 -2.72081 -4.1353 1.6891 2.50318 -1.64505 2.91432 0.242364 0.038005 -3.18799 0.623314 0.0569362 -0.591356 1.03653 
5.97243 0.0596256 -0.564656 -0.460442 -0.462549 -0.687524 -0.31145 0.0974379 0.231474 0.0166464 -0.0210875 -0.0670363 0.104967 5.12041 0.97606 -2.67191 -0.404994 -1.41944 0.11498 -0.00422341 1.43996 0.86154 0.77239 -0.145337 -0.522191 0.195172 -2.2298 -2.45008 2.2857 3.47636 -1.54418 1.82644 -2.44995 0.204462 -1.94455 -0.26216 0.484727 0.426378 0.913017 
6.12192 0.0140886 -0.60501 -0.411473 -0.523637 -0.658229 -0.301074 0.11508 0.242885 0.00315844 0.0260541 -0.0928538 0.131175 1.45468 0.193859 -0.731339 0.496613 -1.04129 1.06008 -1.12348 1.19642 -0.806446 0.868533 0.0448474 -0.850249 0.622038 -4.37307 -0.306284 2.43061 1.88464 -0.145476 1.10394 -3.67911 0.183936 -1.28732 -0.573955 0.397785 0.633027 0.497308 
6.20011 -0.03261 -0.580739 -0.375401 -0.603574 -0.622019 -0.317394 0.0847503 0.274586 -0.0144088 0.0226584 -0.0587617 0.108866 -1.56522 -0.801881 1.64434 0.591155 0.000634968 1.57916 -2.28557 0.337233 -1.50107 0.384854 -0.240339 -0.202472 0.437694 -7.5749 0.442233 3.98565 -0.920713 2.51907 0.885394 -3.41227 -0.668541 -1.40326 -0.905978 -0.0395226 0.506319 -0.266866 
6.23583 -0.0650811 -0.592015 -0.288794 -0.670773 -0.545767 -0.46021 0.195047 0.234866 -0.0211491 0.00192055 -0.0317025 0.14142 -4.70568 -2.067 4.21044 0.401294 0.443454 2.23927 -3.08439 -0.417223 -2.58177 -0.201447 0.347349 -0.205434 0.266511 -8.936 -0.667115 5.47652 -2.68364 3.64803 0.614284 -1.14509 -2.5038 -1.64546 -0.99281 0.0761013 0.0915669 -1.00811 
6.01872 0.00883636 -0.537128 -0.272127 -0.62813 -0.539849 -0.535349 0.193406 0.13493 0.0368486 0.0301178 -0.0863094 0.177531 -9.16101 -4.10418 6.46536 0.278632 1.15966 3.76061 -2.10373 -1.54911 -3.48533 -1.1562 0.387089 -0.186899 -0.325646 -7.76262 -3.96308 5.42531 -2.20148 2.72586 1.57668 2.32964 -3.08897 -1.81492 -1.43511 0.0669856 -0.120618 -1.38224 
5.74075 0.0516005 -0.426319 -0.308429 -0.517591 -0.53448 -0.640626 0.158705 0.0910123 0.0206665 0.051487 -0.119117 0.194375 -11.798 -6.30762 6.92618 -0.593168 2.39677 4.35051 -0.718283 -1.44495 -3.63135 -1.20925 0.43801 -0.0826231 -0.697885 -4.18609 -6.75618 2.52021 -0.86113 0.744364 2.43121 5.08462 -1.60046 -0.901388 -1.21903 0.383451 -0.0220295 -1.28768 
5.50608 -0.14915 -0.0609465 -0.502037 -0.327765 -0.423659 -0.698118 0.00710517 0.0805675 -0.105465 -0.0507972 0.0231698 0.06335 -11.0516 -7.66043 5.76853 -2.08837 2.54757 4.02857 1.35988 -0.679302 -2.89685 -1.44364 0.967338 0.0122085 -0.918541 1.67203 -5.57053 -3.46755 -0.040872 -1.56656 1.14563 6.16143 1.87945 0.995185 -0.108787 1.10217 -0.233254 -0.226281 
5.26976 -0.334719 0.114621 -0.421894 -0.466558 -0.341926 -0.650689 -0.0593497 -0.115807 -0.0880601 0.11182 -0.101785 0.093645 -8.26513 -8.03247 4.37049 -2.46902 2.57471 3.75464 3.04034 -0.565967 -1.72848 -1.66155 0.915517 0.540616 -0.902762 8.17439 -1.13512 -7.6189 -0.533046 -1.27878 -0.98912 4.14519 4.08967 3.59877 0.469571 0.240585 0.937545 0.611944 
4.79209 -0.675715 0.21064 -0.314741 -0.391644 -0.0866017 -0.339707 -0.111108 -0.237868 -0.168915 0.0356963 -0.126174 0.0612223 -4.30961 -7.22991 3.07189 -1.49676 1.88531 3.75408 3.80919 -0.0487438 -0.198689 -1.6306 0.197192 0.422393 -1.10084 12.801 5.12723 -7.11914 -0.359094 -1.0285 -3.0937 -0.110047 3.44642 4.96054 0.998417 -0.604171 0.894483 0.815524 
4.83964 -0.906172 0.0606376 -0.481232 -0.260592 -0.103133 -0.327979 0.0745103 -0.0916863 -0.11424 0.0910569 -0.0552784 0.0448695 -1.70969 -5.51778 0.00603604 -0.224933 1.61348 3.78043 3.54671 -0.128003 1.04868 -1.02815 -0.590817 0.450232 -0.493692 9.76621 8.46892 -3.88304 1.98977 -0.434757 -1.99549 -3.28346 -0.489235 3.54067 0.686818 -2.24262 0.232022 0.881534 
5.21543 -0.878044 -0.137215 -0.70349 -0.405318 -0.221615 -0.171904 0.212098 0.0333898 -0.175438 0.179768 -0.0224282 0.0349807 -4.00683 -1.84156 -3.12186 1.49212 1.8724 3.14453 2.61196 -0.548192 2.44964 0.283267 -1.09153 0.380668 -0.340436 -2.63644 8.06922 -0.782402 4.80922 1.31494 0.478486 -4.86047 -4.31617 1.29081 1.41711 -3.13033 -0.353112 0.152565 
5.40108 -0.797511 -0.110701 -0.542949 -0.306734 -0.145721 -0.218634 0.111186 0.0498586 -0.194005 0.0771538 0.0609572 0.0979275 -11.9833 0.562957 -3.70694 2.08411 2.93324 2.1803 1.99732 -1.12519 2.8866 1.1064 -1.89714 0.473165 -0.357315 -19.7487 4.58706 0.0602205 4.52175 1.70293 0.8993 -2.64225 -4.42074 -1.14691 2.33909 -1.53205 -1.37576 -0.282766 
5.44893 -0.654496 0.0457625 -0.354866 -0.327659 -0.0536197 -0.243331 0.0808972 0.133682 -0.168267 -0.049926 -0.104595 0.00103485 -18.7164 2.57988 -3.2116 2.68891 2.73826 0.671471 1.01808 -1.55265 1.87157 1.33921 -1.7531 0.298948 -0.346411 -29.0089 0.289155 0.0721618 1.45088 1.78663 -0.853339 0.569237 -1.89416 -3.05786 1.63532 0.566794 -0.315029 -0.286187 
5.1847 -0.666855 -0.305217 -0.317326 -0.190793 0.0687493 -0.353018 -0.0947097 0.162699 -0.134667 -0.115555 -0.0180435 0.122107 -25.0166 3.12247 -1.82227 3.58691 2.40588 0.336508 1.24804 -2.13638 0.294661 1.25942 -1.55429 -0.0385075 -0.502734 -22.4086 -2.01471 2.30328 -1.7344 -0.173189 -3.38572 2.73931 2.10648 -3.51642 0.158125 2.52677 0.0226834 -0.734733 
4.09939 -0.398212 -0.401259 -0.171941 -0.0869455 0.0486219 -0.343906 -0.208595 0.262937 0.0199243 -0.106861 0.0156818 -0.0262766 -27.6419 2.51888 -2.23048 2.3948 3.38777 1.42341 0.685242 -3.45841 -1.61781 1.57735 -0.492901 0.161038 -0.771253 -1.12883 -3.17668 2.06624 -4.54496 -1.49363 -2.07333 2.1823 2.40328 -4.07696 -1.73441 3.28787 0.440217 -0.129346 
2.56256 -0.577652 -0.216008 -0.177075 -0.0160864 -0.0262093 -0.117833 -0.150122 0.0779752 0.0553313 -0.094816 -0.0879622 0.0398079 -24.1242 1.52018 -4.05819 0.535469 3.17009 0.56355 1.20536 -2.44083 -2.68259 1.34508 0.964014 0.425102 -1.06361 22.9613 -1.68822 -1.51426 -4.2783 -1.09967 0.531852 -0.627403 0.802439 -2.43684 -1.9714 2.64759 1.16295 -0.269023 
2.4329 -0.549716 -0.204124 -0.192812 -0.0786301 -0.165163 -0.123199 -0.0689754 -0.0402042 -0.0738075 -0.071682 -0.0262294 0.00299941 -12.1357 2.76845 -6.29803 -1.39818 3.42004 -1.92959 1.98037 -1.67465 -3.29955 0.835826 1.75165 0.640399 -0.674969 36.4156 1.59364 -5.93898 -3.42288 0.562706 0.47293 -1.3935 -0.664562 -0.06445 -0.613452 1.26447 0.341541 0.047426 
2.42902 -0.545801 -0.180341 -0.196181 -0.109639 -0.146661 -0.0777556 -0.0457514 -0.00919754 -0.0473246 -0.00870941 -0.0176639 -0.0209404 2.57743 3.33345 -5.98804 -2.77249 2.703 -2.44579 1.56303 -0.881372 -2.97354 0.673949 1.78648 -0.127272 -1.06006 36.7506 3.68812 -7.0723 -2.23674 1.3448 -1.20321 -1.61505 -0.685625 1.74266 0.520076 -0.554581 -0.542255 0.364418 
2.69754 -0.511799 -0.539965 -0.480955 0.125612 0.214454 -0.225115 -0.446011 -0.218646 0.0141591 0.126633 0.055094 -0.0490892 16.5463 1.82907 -5.59329 -3.62432 1.47188 -2.27384 0.589338 -0.93113 -2.15971 1.29277 2.35101 -0.0722761 -1.08169 24.6007 2.29071 -0.803929 0.34367 -1.09819 -3.75507 -0.463055 1.52421 3.63547 1.79041 -1.27148 -1.49166 -0.216418 
3.22804 -0.54714 -0.797674 -0.36987 0.10318 -0.0447367 -0.123765 -0.163224 -0.19481 -0.0147939 0.12352 0.0577541 -0.0661779 25.7036 1.12471 -5.43749 -3.52117 1.32859 -1.63799 -1.43853 -1.66819 -0.317064 2.18416 1.99051 0.412766 -1.18393 7.10689 -2.33529 6.17847 0.818652 -2.39038 -1.14229 -1.60693 0.382024 3.43593 2.39156 -1.02626 -0.979185 -0.183649 
4.61682 -0.0033378 -1.09897 -0.505719 0.223981 -0.503707 0.0104082 -0.193765 -0.160489 -0.0206683 0.0704055 -0.0386239 9.98298e-05 25.9491 0.00743109 -4.06355 -3.20842 0.902972 -1.33565 -2.6874 -1.71293 1.05402 2.34215 0.894389 0.226875 -0.418324 -10.4259 -7.40147 9.29082 1.55271 -3.19189 3.26668 -3.86199 -0.447969 2.6906 1.30883 -0.775784 0.852055 0.0821328 
5.04208 -0.154384 -0.904152 -0.591682 0.141068 -0.214092 -0.19955 -0.225365 -0.0821155 0.0773356 0.0393677 -0.102321 -0.0966742 22.5011 -0.737804 -1.96661 -1.83923 0.264222 -1.65957 -3.15981 -1.31157 1.97393 2.18241 0.115487 0.268943 0.00972234 -19.2226 -6.05578 6.1593 2.3436 -1.40282 3.31733 -2.91985 -0.929403 1.39455 -0.476582 -0.822114 1.82104 1.29226 
5.08461 -0.53125 -0.681719 -0.567189 -0.0413503 -0.235134 -0.190585 -0.293182 -0.0503779 0.291911 0.276153 -0.00427513 -0.181578 16.2734 -0.558861 1.57299 1.03545 -0.404919 -1.94325 -2.78005 -0.419728 2.71804 0.968803 -1.43196 -0.0749189 0.344135 -17.8443 0.50794 1.51954 3.56627 1.33143 1.76165 -0.690023 -0.273088 -0.231274 -3.50643 -2.81018 0.692798 2.01323 
5.21333 -0.633147 -0.715527 -0.572644 0.138156 -0.169972 -0.42491 -0.37227 0.0282593 0.27346 0.131955 0.0645219 -0.0921723 9.79358 0.729602 3.84425 3.27344 -1.81777 -1.60686 -2.90519 -0.529515 2.06837 0.0354836 -1.66801 0.309804 0.778882 -10.2782 6.88106 0.0752879 5.81632 -0.366079 -2.68844 3.14281 2.32535 -1.44873 -4.37898 -2.41708 -0.718785 1.29976 
5.18489 -0.570812 -0.721126 -0.613999 0.0352756 -0.214458 -0.533003 -0.313199 0.0829004 0.109233 -0.00730475 0.0385534 0.0257107 4.65318 1.56283 3.57507 6.72637 -4.04051 -2.19366 -2.29279 0.500482 1.65541 -1.96307 -1.54671 1.13368 0.822396 -0.491962 9.32684 -0.765447 7.10815 -2.93459 -4.87992 4.59442 2.64304 -1.92883 -3.64806 -0.409135 -0.647434 -0.235997 
5.07918 -0.511011 -0.681509 -0.439451 0.0730136 -0.244394 -0.435972 -0.343876 0.119062 0.204702 0.0649616 0.0500061 -0.0161931 4.62181 4.10019 2.1746 8.7764 -5.63072 -4.23696 -0.77777 1.37212 0.800127 -3.77235 -1.38535 1.33192 0.917633 4.915 5.51055 -0.929624 5.50274 -6.19814 -3.74389 2.78685 2.38213 -1.85808 -2.79276 1.53759 0.356571 -1.29847 
5.05069 -0.275184 -0.469919 -0.120526 0.142088 -0.277269 -0.357927 -0.319011 0.0761713 -0.0222439 -0.171731 -0.0381242 -0.0144749 5.79003 5.52688 1.8982 9.03154 -6.63372 -4.88836 0.269196 1.85122 0.0186964 -4.62268 -1.56833 1.08459 0.474497 6.3756 -0.813271 -1.81394 0.703809 -6.3127 -2.02405 0.910052 0.876244 -1.19147 -0.330534 3.37825 1.59692 -1.64453 
5.30741 0.0273483 -0.409866 0.0951811 -0.274972 -0.606298 -0.369995 -0.137409 0.0108786 -0.0227551 -0.0538124 0.0479596 0.047411 6.23196 4.98072 2.41317 8.59762 -8.04751 -4.82732 1.43307 1.82425 -0.673207 -4.05101 -0.590381 0.994982 -0.271991 3.14371 -5.61197 -1.27363 -4.32125 -1.38703 2.00738 -0.432679 -1.44342 -0.37022 1.17528 1.63552 0.815623 -1.31263 
5.63161 0.0925039 -0.690318 0.404095 -0.54955 -0.718295 -0.34852 -0.128797 0.0976424 -0.262101 -0.00569557 0.152638 -0.0049113 6.47506 3.54063 2.56327 6.93657 -7.60299 -4.08272 1.59132 1.37511 -1.42095 -2.71159 -0.0798072 0.960356 -0.680217 -2.48422 -6.43499 1.64103 -7.80148 3.38316 4.12069 -0.474018 -2.21239 -0.792436 3.57847 -0.192156 -0.887125 -0.394422 
5.77379 -0.0013065 -0.569685 0.416674 -0.705601 -0.677097 -0.346768 -0.121603 0.0172737 -0.269268 0.0384064 0.140425 -0.0595112 6.14346 1.84976 2.33415 4.0755 -6.70076 -3.24772 1.1078 1.07913 -1.79158 -1.7329 -0.0330541 0.789814 -0.576448 -5.76884 -3.88592 2.16316 -6.98357 6.25365 3.61882 -0.0137721 -1.8842 -0.754381 4.32271 -1.1743 -1.59999 0.389265 
5.83136 -0.0896594 -0.399865 0.306003 -0.687553 -0.734487 -0.290629 -0.162196 -0.0177898 -0.214182 -0.0168794 0.153414 -0.0880394 4.84738 -0.0360705 1.88795 1.09601 -4.83798 -2.2452 0.811803 0.546576 -1.65775 -0.109116 0.534106 0.758442 -0.710103 -5.2763 -0.393082 0.677063 -3.97974 5.5952 1.76615 -0.252779 -0.410868 -0.470171 2.73569 -0.984229 -1.37295 0.818982 
5.79394 -0.0956048 -0.353993 0.327543 -0.769384 -0.660172 -0.295378 -0.188149 -0.0189985 -0.199781 -0.0366906 0.134222 -0.0555892 2.83549 -1.0137 1.78615 -0.974813 -1.68826 -1.42828 0.766972 0.040993 -1.08986 0.385715 0.216447 0.479974 -0.95543 -2.15716 1.48551 -1.69052 -1.62647 3.47481 -1.19633 -0.455349 0.905493 0.619241 0.732702 0.568115 0.10457 0.258866 
5.76066 -0.0828069 -0.321016 0.251259 -0.711198 -0.676995 -0.280075 -0.168574 -0.12341 -0.107704 -0.0514978 0.0965953 -0.0512837 1.50479 -0.625072 1.7315 -2.41063 0.0399619 -1.98686 0.269811 0.733344 -0.575374 0.877821 0.529596 0.342093 -0.522748 0.577806 1.4189 -3.24112 0.0970886 1.51488 -2.43588 -0.779944 1.40948 2.34627 -1.70409 1.58005 1.19314 -0.309298 
5.78937 -0.0858362 -0.310198 0.208926 -0.680506 -0.725544 -0.269193 -0.1532 -0.135352 -0.0878941 -0.0392415 0.103095 -0.0604163 1.39407 0.218661 0.12028 -2.89312 0.75379 -2.54419 -0.385545 1.68298 0.168678 0.594271 0.893399 0.378297 0.305693 1.5083 0.860649 -2.72198 -0.156474 0.235495 -2.01759 -1.23655 1.84382 2.44233 -2.01692 1.62213 0.948694 0.310667 
5.83151 -0.088083 -0.311257 0.16687 -0.666487 -0.774017 -0.277648 -0.133998 -0.108999 -0.0952385 -0.0074569 0.139707 -0.0889245 1.78606 0.733233 -1.37964 -3.23456 0.903257 -2.02946 -1.10121 2.39557 0.895711 0.162985 1.21416 -0.137985 1.06414 1.26793 0.504954 -2.03764 -0.916078 -0.331714 -0.0409715 -1.44717 1.69703 1.72296 -1.1525 0.609219 -0.489556 1.70677 
5.87625 -0.0500839 -0.39708 0.146957 -0.615972 -0.911726 -0.272832 -0.105867 -0.00388886 -0.168779 0.0490988 0.210521 -0.137173 2.34725 0.808665 -2.05251 -4.34382 1.40284 -1.2514 -1.2119 2.32072 1.58675 0.315521 0.949243 -0.957625 1.11105 0.511326 0.132531 -1.01943 -1.91501 -0.384196 3.16123 -1.06683 0.529207 0.381118 0.701529 -0.901317 -2.54713 2.20956 
5.93204 -0.0304114 -0.442149 0.102946 -0.639534 -1.00293 -0.349556 0.0199004 0.0443636 -0.205455 0.114611 0.200225 -0.0757027 2.28717 1.25973 -2.90749 -5.0304 1.12665 0.289621 -0.953459 1.56722 2.39277 0.666625 0.780905 -1.84913 0.914252 -0.463085 0.249162 -0.527497 -2.50452 0.211452 5.15149 0.513729 -1.79059 -0.260306 2.30244 -1.8366 -3.44447 0.597262 
5.98793 -0.0125186 -0.488798 -0.0429229 -0.641051 -0.961779 -0.410838 0.112785 0.00167066 -0.145862 0.109234 0.150964 0.0578617 2.08292 1.64817 -3.4745 -5.75775 0.650861 2.18395 -0.267698 0.587433 2.26412 1.63836 0.760635 -2.65472 0.51051 -1.00495 0.552888 -0.448884 -1.76073 0.022336 4.98983 2.26637 -3.69874 -0.047143 2.63712 -1.20083 -2.52468 -2.05232 
6.02497 -0.00380166 -0.561384 -0.135138 -0.609954 -0.806134 -0.443686 0.104926 0.0738836 -0.144778 0.0720777 0.0276903 0.124307 1.56878 1.845 -3.54161 -6.08795 -0.0830331 3.65019 1.02068 -0.3628 1.33422 2.58853 0.820523 -3.04413 0.0207661 -1.29468 0.814939 -0.291295 -0.400027 -1.09034 2.64373 3.52798 -3.6343 -0.841412 2.19683 0.462968 -0.121152 -3.48911 
6.05811 -0.00376931 -0.564822 -0.32671 -0.521074 -0.700822 -0.386845 0.0154399 0.122867 -0.0365572 0.00318405 -0.0925697 0.0280365 0.694485 1.7364 -2.7126 -6.13489 -0.767557 4.5697 2.35003 -1.12757 -0.0317284 3.20468 0.797895 -2.99124 -0.501993 -1.53197 0.55102 0.426313 1.29912 -2.28523 -0.224822 3.40062 -1.58151 -2.25934 0.612741 1.83866 2.16447 -2.40878 
6.00625 0.119043 -0.708929 -0.406141 -0.571106 -0.594559 -0.31268 -0.0773747 0.188287 0.0394904 0.0571081 -0.148041 -0.0444345 -0.107914 1.52987 -1.87725 -5.35907 -1.32495 4.6129 3.44666 -1.70796 -1.06127 3.1172 1.0993 -2.50377 -1.26359 -1.30556 -0.710706 2.20919 2.25804 -2.28093 -2.17982 1.94537 0.963923 -3.51322 -0.973496 1.73238 2.75651 -0.224906 
6.06489 0.141052 -0.76689 -0.504399 -0.644171 -0.4688 -0.229304 -0.130719 0.136956 0.139368 0.136084 -0.150096 -0.0987634 -0.915142 1.22996 -0.967542 -3.87518 -2.01801 3.81054 3.79684 -1.73871 -1.73607 2.38483 1.72021 -1.70367 -1.87127 -1.47779 -1.45545 3.15089 2.86087 -1.22449 -2.81382 -0.124947 2.16711 -2.89651 -2.29209 0.695711 1.90324 1.26614 
6.02758 0.1529 -0.766907 -0.541112 -0.730304 -0.463089 -0.0795585 -0.133085 0.0166622 0.170985 0.187699 -0.115846 -0.120718 -1.76647 1.02074 -0.252253 -2.139 -2.7091 2.93408 3.29147 -1.46322 -2.21119 1.43755 2.3248 -0.678606 -1.8777 -1.39009 -1.33071 2.44048 3.27836 -0.0247219 -1.78011 -2.38851 1.48836 -0.339181 -2.83074 -0.0642941 0.590068 1.193 
5.94442 0.139035 -0.65573 -0.605233 -0.747935 -0.473564 -0.011341 -0.105693 -0.0872887 0.161378 0.184074 -0.105773 -0.108412 -2.70533 0.792295 0.356743 -0.302196 -3.09088 2.40779 2.05246 -1.18383 -2.1724 0.142562 2.57062 0.301015 -1.34629 -1.2968 -0.411871 0.563932 3.3331 0.428585 -0.340991 -3.5804 -0.169725 2.06721 -2.34076 -0.164958 0.245647 0.246411 
5.93469 0.123834 -0.632985 -0.567679 -0.799658 -0.445395 -0.00896151 -0.0876868 -0.129145 0.141551 0.24227 -0.147016 -0.112684 -3.93551 0.541776 1.25939 0.971053 -2.55584 1.87564 0.874903 -1.68858 -1.56117 -0.825351 2.04444 1.04146 -0.829662 -2.03976 0.714554 -0.675181 2.67718 0.639459 0.499362 -3.24083 -1.97392 3.18715 -1.47793 -0.387565 1.04976 -0.0697556 
5.87837 0.119379 -0.617034 -0.514308 -0.850045 -0.426197 -0.0337049 -0.102939 -0.132091 0.103757 0.288549 -0.145371 -0.144917 -6.59418 0.925967 1.69764 1.95168 -1.16933 1.73588 -0.232113 -2.32842 -0.948163 -1.96483 1.61086 1.711 -0.603661 -3.76105 1.23219 -0.387283 1.31307 1.76115 0.672981 -1.81687 -2.63329 2.12526 -0.909044 -0.757989 1.92075 0.156428 
5.78405 0.157132 -0.65105 -0.423212 -0.900284 -0.351974 -0.0920235 -0.173196 -0.0729177 0.0528412 0.334676 -0.113954 -0.178867 -11.4674 1.09379 1.97149 1.23028 1.25424 2.72952 -0.663081 -2.59954 -1.24252 -2.7137 0.736495 2.09486 0.230901 -8.0736 0.875475 0.909709 -1.35113 4.1472 0.766483 0.375997 -1.47921 -0.82833 -0.831075 -1.66553 1.83349 1.29885 
5.6649 0.18384 -0.627453 -0.37786 -0.926636 -0.306538 -0.15467 -0.233891 -0.0533545 0.0142342 0.347788 -0.0374516 -0.186645 -17.2211 0.601434 3.11032 1.44788 3.68306 2.49423 -0.869069 -2.43818 -2.38576 -2.82912 0.246416 2.4053 0.652639 -12.6659 -0.536546 2.72441 -2.44305 6.27494 0.215944 1.49488 0.73795 -3.85445 -0.608354 -1.88816 0.62465 1.89127 
5.46064 0.225193 -0.566261 -0.339963 -0.8877 -0.314745 -0.138107 -0.402775 -0.00328084 0.000480095 0.309833 0.0367948 -0.147739 -22.0747 -0.330087 4.7148 1.04047 5.31471 2.32517 -0.550661 -1.87714 -2.79457 -2.48483 -0.665219 2.49611 1.09617 -13.4457 -2.42689 3.73951 -1.99447 5.61631 -0.15297 1.38062 3.0915 -4.38232 0.160621 -1.50739 -0.892664 1.50218 
5.01897 0.287596 -0.502587 -0.317145 -0.703949 -0.252956 -0.150991 -0.42508 -0.116151 -0.128213 0.34224 0.120746 -0.173751 -25.6064 -2.10262 5.50645 0.925747 6.23608 1.96561 -0.43566 -0.96573 -2.50053 -1.72932 -1.46244 2.16102 1.79532 -8.69903 -4.39526 3.09339 -0.131429 1.94126 -1.06339 0.372652 3.54611 -1.10726 1.82419 -1.22734 -1.83252 0.946705 
4.1452 0.24813 -0.419649 -0.597577 -0.386564 -0.0414045 -0.0457769 -0.353149 -0.354938 -0.197333 0.204607 0.119094 0.013971 -27.7965 -4.59266 5.28886 1.03413 6.76155 1.47249 -0.0844236 0.474923 -1.6895 -1.02184 -2.57317 1.11722 1.86794 0.197327 -5.42145 0.214774 2.69792 -2.53809 -2.02164 -0.828165 2.56213 4.09901 2.73071 -0.918939 -2.12446 -0.672229 
3.49183 0.0950473 -0.116573 -0.340234 -0.213184 -0.248926 -0.130833 -0.297676 -0.539764 -0.162664 0.25329 0.125226 -0.0336083 -27.1785 -6.4021 4.26109 0.781604 5.80023 0.720616 -0.082699 1.82265 -0.259492 -0.14862 -2.95233 0.000118329 1.59013 7.76623 -4.39269 -4.04631 1.51414 -5.24045 -1.24056 -0.756095 1.36961 7.34484 2.38276 -1.13193 -1.99191 -1.12635 
3.18682 -0.0118776 0.0234513 -0.366114 -0.261157 -0.165736 -0.0978241 -0.273144 -0.365324 -0.119143 0.16883 0.117991 -0.0217638 -19.2643 -6.17365 1.11438 -1.3404 4.75874 1.02004 -1.17852 2.30048 1.2365 0.479661 -2.43193 -0.887129 1.10019 15.4135 -0.60997 -7.93187 -2.1208 -4.05145 -0.221665 -1.27769 -0.0270876 5.7294 1.04169 0.0453355 -1.56061 -1.29269 
2.84007 -0.240856 -0.0383915 -0.280104 -0.252381 -0.171614 -0.173271 -0.249924 -0.2068 -0.0616831 0.120879 0.119013 0.0691411 -4.93797 -5.5687 -1.71185 -2.5175 3.02985 1.44609 -2.23656 2.06216 2.70991 0.874027 -1.83627 -1.71102 0.907224 25.5204 4.02951 -8.34482 -5.7689 -1.7157 1.63309 -1.72289 -0.808538 1.31681 -0.690992 1.73079 -1.12428 -1.10459 
2.47224 -0.505839 -0.161992 -0.219148 -0.15155 -0.160557 -0.12436 -0.139106 -0.093285 -0.077257 -0.0456957 0.00628583 -0.00174357 9.06482 -4.2957 -4.13897 -3.26226 1.43696 1.55372 -3.09638 1.26001 3.95422 1.07407 -0.590811 -1.98736 0.529271 32.1206 6.73309 -5.46914 -6.67423 -0.248225 2.47469 -2.16729 -1.86986 -2.24555 -1.01274 3.44927 -0.231171 0.275257 
2.44061 -0.539182 -0.208256 -0.349457 -0.285826 -0.251613 -0.161504 -0.0835594 -0.00280336 -0.0174299 -0.00402343 -0.0133982 -0.0111209 18.853 -2.16685 -5.17133 -4.65285 0.14841 2.34352 -2.85923 0.787969 4.01571 0.860198 -0.259029 -2.14124 0.656476 28.2386 5.84075 -0.205822 -2.38227 -0.24108 1.72246 -1.25773 -2.04164 -3.133 -0.728261 2.9668 0.288372 0.658967 
3.57775 -0.237175 -0.656788 -0.855077 -0.119316 -0.020493 -0.374951 -0.202755 0.00676693 -0.0479748 0.119802 -0.0264225 -0.0124947 23.8574 -0.285254 -4.74976 -3.76311 -0.107123 1.73978 -2.36165 0.597676 2.9289 0.840692 0.048891 -2.23879 0.687113 9.07435 2.01132 5.38294 4.2806 -1.85826 -0.795114 1.77781 -0.616641 -1.50973 0.290354 0.186838 0.341403 0.825373 
4.91432 -0.299995 -0.660492 -0.785524 -0.138003 0.092931 -0.441281 -0.162903 -0.0464423 -0.104813 0.129065 -0.100634 0.0566554 24.6878 0.765052 -3.37586 -1.98291 0.785841 1.55318 -2.11023 -0.0641384 1.93582 0.300019 -0.422364 -2.24073 0.807756 -14.1646 -0.888929 6.42766 7.91057 -0.625916 -2.83077 3.03022 0.0760013 -0.0198067 0.552213 -2.55553 0.261059 0.361128 
5.24894 -0.342284 -0.663865 -0.817356 -0.146268 0.0380096 -0.451413 -0.216012 0.0265798 -0.0188505 0.205813 -0.103041 0.094022 23.4187 2.71245 -1.20312 0.108613 0.326947 0.594182 -1.23245 -0.602764 1.46141 -0.183474 -0.479423 -1.42215 0.91235 -23.162 -0.469907 4.95985 7.8448 0.602572 -3.20808 3.12994 0.490433 0.232949 -0.654635 -3.68171 0.375268 -0.54963 
5.34499 -0.236456 -0.459169 -0.753323 -0.327495 0.0168567 -0.383795 -0.171131 0.0650431 -0.00858986 0.115329 -0.12631 0.0526019 19.7398 3.28505 -0.0706353 2.5237 -0.275945 -1.15549 0.329526 -0.998027 1.79045 -0.35833 -0.925134 -0.902192 0.622237 -16.0997 1.36083 0.832479 4.06741 0.989677 -3.17451 1.93062 -0.579882 0.419465 -1.27489 -1.54185 1.10032 -0.757954 
5.26571 -0.228065 -0.484411 -0.543856 -0.271198 -0.0575624 -0.296874 -0.124531 0.113995 0.0438521 0.0261891 -0.181243 0.0975921 12.5456 3.13488 1.05906 4.29014 -1.41537 -3.6708 1.49008 -0.989243 2.26417 0.102362 -1.57033 -0.290287 0.0417887 -2.10956 3.07215 -2.21067 -1.1197 -0.537873 -2.70562 0.457498 -1.58648 0.466028 -0.96114 0.973837 1.8105 -1.21594 
5.04693 -0.383009 -0.513317 -0.339798 0.0613884 -0.0094266 -0.441181 -0.22979 0.0828193 -0.0892112 -0.119805 -0.224913 0.138088 6.9688 3.79203 0.706589 3.89633 -1.91649 -4.96786 1.30227 -1.47341 2.73442 0.13945 -1.59135 0.291058 -0.346759 5.71528 2.63772 -2.20517 -3.56449 -3.81042 -2.98871 0.0729795 -1.05629 0.955602 0.687984 2.41047 1.73434 -1.10163 
5.42052 0.0347032 -0.370496 -0.362899 -0.20691 -0.156098 -0.276125 -0.217179 0.126366 -0.139259 -0.028475 -0.106787 0.0604072 4.74246 3.84918 0.480645 3.74904 -1.97607 -4.91683 0.135022 -1.77559 2.56357 -0.230405 -1.4378 0.74873 -0.390422 0.844435 -0.897646 -1.36547 -3.07694 -2.6504 -1.30409 -2.10464 -0.689824 0.776667 1.60368 1.5063 0.717219 -0.183943 
5.92298 0.0911231 -0.559085 -0.378902 -0.35758 -0.36371 -0.191926 -0.311675 0.268625 -0.0620259 0.0452417 -0.0969825 0.0481531 0.834684 3.40418 0.226145 2.53163 -1.2066 -4.10519 -1.19149 -1.848 1.99847 -1.07578 -0.389537 1.55715 -0.278022 -9.90408 -2.74578 1.40356 -1.2504 0.584624 2.2305 -3.75994 0.563368 -0.921269 -0.223005 0.152005 0.317415 0.594576 
5.94638 0.10135 -0.601225 -0.418117 -0.375377 -0.492088 -0.262743 -0.323239 0.282171 0.0258849 -0.0339868 -0.0752091 -0.000234882 -7.06938 2.70645 1.36775 1.58011 -0.00589709 -2.56227 -1.69671 -1.05763 0.49511 -1.36531 -0.693853 1.81661 -0.47023 -20.2999 -3.38484 3.07713 0.704919 4.84515 5.25567 -3.0393 1.70494 -3.06026 -2.18898 -0.919751 0.0323879 1.05051 
5.80574 0.0858061 -0.509345 -0.34332 -0.446324 -0.536543 -0.358338 -0.357402 0.340584 -0.0310062 -0.0402126 -0.0820211 0.052179 -16.6965 0.85434 3.59965 2.10797 0.634994 -0.714452 -0.786944 -0.241323 -1.37805 -0.961742 -0.619122 1.71572 -0.327377 -25.3734 -3.41052 4.46398 1.7113 6.47674 6.33127 0.220367 2.14034 -5.15944 -2.25379 -1.16397 0.0300826 0.450839 
5.52964 0.0950731 -0.436222 -0.240691 -0.394333 -0.470315 -0.51613 -0.40038 0.330277 -0.0574521 -0.0481548 -0.0340744 0.068131 -26.0717 -2.6869 4.31024 2.78458 2.72239 1.28309 -0.346225 0.704737 -3.18314 -1.19783 -0.857749 1.13896 -0.132952 -21.1071 -3.51092 3.79863 1.31293 3.81335 4.19134 4.58316 2.51093 -5.11183 -0.583566 -0.325797 -0.386889 -0.44552 
4.84484 0.121165 -0.383077 -0.332223 -0.24082 -0.352321 -0.561992 -0.335922 0.234616 -0.271946 0.0352846 0.0732616 0.0633073 -21.3014 -5.2727 2.95261 1.69986 2.58202 1.30138 0.725698 2.20904 -4.94817 -1.59167 0.598986 1.40239 0.146707 1.69936 -5.50012 -1.20565 -0.199277 -1.00002 -0.567468 5.86465 2.10109 -3.17285 1.8951 1.62525 -0.835957 -0.355664 
3.62468 0.0415612 -0.219725 -0.22451 0.0698814 -0.240643 -0.468837 -0.206307 0.00397981 -0.209082 -0.232388 0.00918043 0.0312516 -11.5905 -6.63181 0.909152 0.952331 2.15562 0.731299 2.09549 3.09945 -5.33081 -1.39127 1.91597 1.10504 0.162323 30.571 -5.06334 -6.72751 -2.69676 -5.17188 -4.58355 3.5557 1.36238 0.272671 2.08744 4.33047 -0.472156 0.0454998 
2.86293 -0.188019 0.144263 0.0157058 -0.0410976 -0.135768 -0.245003 -0.266866 -0.164926 -0.151485 -0.11313 0.0216345 0.0534416 -2.16734 -6.62934 -1.00291 0.484185 1.12344 -0.876566 3.22376 3.55038 -4.87118 -0.130061 1.90615 0.493998 -0.162691 45.5396 -1.0718 -9.84837 -4.02204 -5.44267 -6.52965 -0.239804 0.88149 3.46401 1.5531 3.35197 -0.558272 0.22666 
2.5987 -0.406611 -0.0427649 -0.0622867 -0.0376785 -0.178059 -0.168913 -0.138438 -0.178668 -0.193905 -0.0438073 0.00797492 0.00467756 5.74027 -5.71341 -1.4334 0.44429 -0.950284 -2.48415 3.55034 3.97989 -3.25689 1.3009 1.87184 -0.764775 -0.553506 34.7204 4.2734 -5.09495 -1.74676 -3.7473 -4.72483 -2.70918 -0.0597458 4.83371 1.81967 0.204598 -1.35722 -0.15244 
5.05602 -0.695791 -0.620707 -0.404369 -0.284015 -0.531693 -0.149365 0.00819867 -0.288458 -0.196955 0.28487 0.128584 0.0897339 13.1357 -3.1436 -0.968321 1.24764 -2.47703 -4.18399 2.46819 3.01135 -1.91007 2.19247 1.96272 -1.1702 -0.639341 -0.704287 9.03963 4.56078 2.92259 -0.29828 -0.661136 -3.34455 -1.61048 4.14909 1.54692 -3.59605 -2.08364 -0.973627 
5.57199 -0.642267 -0.61898 -0.310432 -0.186463 -0.513167 -0.148456 0.0291876 -0.224393 -0.159359 0.236122 0.0349789 0.0463728 19.8451 -0.125184 -1.24575 1.17879 -3.68327 -5.97242 1.52714 2.06102 -0.394701 1.32414 2.14371 -0.768193 -0.471133 -21.0986 8.95182 8.86197 4.63884 0.634731 0.462142 -2.0688 -2.45519 1.67502 0.259595 -4.04064 -0.938087 -0.642776 
5.38304 -0.498003 -0.54843 -0.174451 -0.272879 -0.649506 -0.109447 0.0189891 -0.15401 -0.0283808 0.0511785 -0.0376714 0.0212551 20.0406 2.61341 -1.0357 1.46846 -3.45841 -6.50023 -0.066229 1.21767 0.777765 0.284361 1.1618 -0.235839 -0.553841 -18.8707 5.10853 6.53116 3.08802 0.38171 0.529929 -1.19885 -2.83185 -0.177832 -2.63049 -0.819826 1.62202 0.146697 
5.03913 -0.400046 -0.279689 -0.0999684 -0.418958 -0.633221 -0.152054 0.141896 -0.0474058 0.071605 0.0741297 -0.181705 -0.0553402 13.6415 4.48943 0.874408 3.23965 -3.30471 -5.89559 -0.774007 0.376434 0.577029 -0.327561 0.366752 0.119873 -0.18425 -5.23013 0.507602 -0.828857 0.326276 0.476331 -0.47238 -0.653669 -1.97105 -1.51495 -4.43805 1.16681 3.48167 1.20618 
5.06455 -0.119622 -0.0897842 0.0433947 -0.34036 -0.763239 -0.255424 -0.0290696 -0.19839 -0.00453264 0.14394 -0.0532229 -0.0259146 2.13804 4.98574 2.51892 5.04893 -2.4999 -4.60426 -0.726935 -0.238233 -0.0766053 -0.985851 -0.616847 0.258467 -0.274237 3.64159 -3.67384 -5.46324 -0.931234 -0.0684662 0.127797 0.202789 0.126109 -1.59668 -3.09295 1.2547 2.41252 1.23079 
5.63277 -0.0937617 -0.255234 0.010783 -0.438634 -1.00611 -0.097646 -0.0122626 -0.16884 -0.163161 0.110192 0.00967906 0.0201142 -1.68859 3.99396 1.54596 4.23272 -2.26519 -3.24909 -0.0972107 -1.19026 -1.04246 -1.39775 0.188892 0.372757 -0.240137 -4.74046 -3.99044 -3.69222 -0.116666 1.10948 3.52109 0.628956 0.118754 -1.54772 0.296432 0.198267 -0.650551 0.00484273 
5.72649 -0.117943 -0.305594 0.05152 -0.518687 -0.994 -0.261082 -0.0666231 -0.067136 -0.257405 0.172784 0.106471 -0.0133435 -3.14724 3.25412 -0.242348 3.27107 -1.6328 -1.4348 0.330887 -1.74139 -1.37172 -1.60346 0.684845 0.247266 -0.366373 -12.0374 -1.93803 -1.25015 -0.322735 1.50437 5.00198 1.98467 -0.43144 -1.2452 2.95369 -0.797295 -3.08206 -0.966867 
5.55546 -0.0864879 -0.357031 0.19064 -0.544896 -1.03032 -0.267538 0.044527 -0.217083 -0.234519 0.17172 0.0710659 0.0608448 -4.47207 2.51442 -1.8012 2.35587 -1.00645 -0.182394 0.919828 -2.06407 -1.31956 -1.10901 0.206774 -0.0832008 -0.423066 -11.0736 0.229385 0.499476 -1.87496 1.44228 4.85164 1.94952 -1.48753 0.484249 3.14468 -0.685057 -3.14188 -1.62374 
5.28279 -0.132792 -0.31497 0.341387 -0.512342 -1.02942 -0.179572 0.0184815 -0.32617 -0.213845 0.109142 0.0462186 0.00875649 -7.28332 1.92833 -2.17487 1.48441 -0.849034 1.30203 1.18599 -1.48673 -0.608732 0.033835 -0.304862 -1.0525 -0.785033 -3.61145 1.92238 0.211819 -3.01905 0.907503 2.44714 0.585159 -1.25882 1.85943 1.70899 -0.425387 -1.25574 -0.819433 
4.80137 -0.074884 -0.31496 0.213534 -0.465613 -0.784262 -0.0610087 -0.209925 -0.303863 -0.153418 0.183866 -0.101058 -0.0655226 -9.84634 2.33785 -1.36729 0.898688 0.0510879 2.12844 1.02886 -1.58481 -0.524642 1.12149 -0.506861 -1.53028 -0.966787 4.57748 1.32721 -0.312757 -2.30493 0.142463 -1.2562 -0.80258 1.00319 2.17813 0.190327 -0.80059 0.890385 0.358526 
4.68475 0.0764218 -0.444521 0.214229 -0.53353 -0.755782 -0.0904621 -0.190466 -0.228646 -0.137983 0.142104 -0.101407 -0.0902194 -8.94868 2.27756 -0.425575 -0.691588 1.21692 1.62495 1.41324 -1.48489 -0.459244 1.80225 -0.904905 -1.64142 -0.863282 6.61296 -0.556159 1.25159 -1.6728 1.08221 -2.824 -1.5417 1.73248 0.807191 -0.0568534 -0.504817 1.62855 0.960853 
4.73258 0.0757995 -0.431731 0.187031 -0.513789 -0.786481 -0.0845142 -0.17552 -0.222334 -0.121321 0.106273 -0.0959349 -0.0755848 -6.38705 1.61925 0.755428 -2.40523 2.12006 0.946116 0.973345 -1.34605 -0.0281158 2.00555 -0.959338 -1.21935 -0.785866 4.94672 -1.96817 2.76787 -1.51987 2.22285 -2.85136 -0.977551 1.59059 -1.0563 0.41658 -0.197848 1.08402 0.99464 
4.62825 0.135207 -0.442184 0.195232 -0.508651 -0.783076 -0.105716 -0.152774 -0.208003 -0.10744 0.0829667 -0.090167 -0.080369 -4.43126 1.63545 0.700833 -2.18541 1.9161 0.286004 0.362952 -0.630534 0.0123047 1.88129 -0.811943 -0.841277 -0.233313 2.27211 -2.21173 2.60371 -0.726004 1.8776 -1.42773 -0.106614 0.471642 -1.64149 0.516668 0.242418 0.215002 0.540489 
4.55582 0.167391 -0.424878 0.161265 -0.443645 -0.822523 -0.0707437 -0.18159 -0.216106 -0.0708255 0.0753229 -0.105004 -0.0783547 -2.56635 0.751894 1.33233 -1.06117 0.853698 0.374528 -0.358143 -0.0226032 0.118617 0.947157 -0.536137 -0.294601 0.0168269 0.260765 -1.44843 1.11725 0.877 -0.949783 1.43214 -0.266943 -0.349128 -0.457763 -0.65874 1.00917 -0.279258 0.0601162 
4.58353 0.0893667 -0.268304 -0.019643 -0.280198 -0.866229 -0.0864183 -0.191232 -0.262146 0.00916118 0.0513417 -0.104919 -0.0776862 -0.577059 -1.35409 2.77437 -0.789518 0.182602 2.27694 -1.41372 -0.496882 0.30794 0.703896 -0.224391 -0.240711 0.179958 1.34145 -1.38247 -0.309142 3.10702 -4.25635 4.19717 -1.63258 -0.5085 1.30742 -1.86946 1.0278 -0.00432442 -0.00513459 
4.62005 0.0158708 -0.148799 -0.109013 -0.206192 -0.890233 -0.0853857 -0.158291 -0.32117 0.0506831 0.0442916 -0.121255 -0.0668362 0.249226 -2.2768 3.46526 -0.473541 -1.09486 3.94571 -2.13358 -0.889036 0.789956 0.254122 -0.134365 -0.0627397 0.185298 2.61644 -1.86709 -0.0718506 3.12951 -5.31228 5.53766 -2.49712 -0.916922 2.4137 -2.18774 0.530965 0.493474 0.000754014 
4.40577 0.178633 -0.354204 0.160321 -0.372084 -0.814208 -0.0760157 -0.175977 -0.294921 0.0172058 0.0639563 -0.14493 -0.0541608 0.491049 -2.61931 3.66595 0.468708 -2.72732 4.80427 -1.62405 -1.16164 0.928132 -0.771693 0.61718 -0.135111 0.0660993 2.9273 -2.2575 1.56056 0.853918 -3.57327 3.89055 -1.34162 -0.885985 1.70863 -1.72396 0.421983 0.565191 -0.153411 
4.43646 0.0778554 -0.234552 0.190412 -0.584185 -0.574146 -0.165768 -0.225443 -0.161549 -0.148173 0.14734 -0.125719 -0.0934048 2.13348 -3.09581 3.02948 1.02902 -3.64846 5.44137 -1.64893 -1.32667 1.21204 -0.939646 0.262429 0.276409 0.437548 2.45877 -1.07984 0.755296 -0.869919 -0.149298 -0.170129 1.01383 -0.467029 -0.240224 0.1636 -0.485349 0.505583 0.362297 
4.85775 -0.247475 -0.0118214 0.099338 -0.562729 -0.313304 -0.394142 -0.271469 -0.127525 -0.03457 0.0724694 -0.107803 -0.0478485 2.78566 -2.75802 2.1968 2.05562 -4.22249 4.70612 -1.23317 -1.28304 1.24169 -1.23032 0.26894 0.608819 0.477084 -0.0794678 1.61227 -1.50582 -0.4462 1.72527 -4.5419 3.35505 0.361596 -1.67475 0.589665 -0.409508 0.433586 0.36856 
4.72688 -0.183938 0.0381242 0.0810016 -0.653704 -0.289577 -0.356679 -0.290646 -0.104288 -0.0757805 0.0413929 -0.0780328 -0.0520067 3.53758 -2.1893 1.45554 2.2632 -3.77077 2.80585 -0.663357 -0.44992 0.794548 -1.44648 0.244414 0.9003 0.468724 0.0745983 2.58508 -3.34084 0.931806 2.39217 -6.38535 3.02279 1.66069 -2.09831 0.558697 -0.193419 0.361902 0.340484 
4.5315 -0.103199 0.0202485 0.23826 -0.797172 -0.337203 -0.123319 -0.304487 -0.167048 -0.225068 0.226383 -0.141616 -0.0918818 4.50025 -1.5315 0.640532 1.78751 -2.26346 -0.0923834 -0.125727 0.721571 -0.0315948 -1.21155 0.388743 0.996002 0.404392 1.14367 2.62835 -3.94875 1.40275 2.37679 -6.04611 0.451159 2.7101 -1.29756 0.43976 -0.257706 0.48871 0.0857756 
4.9618 -0.255706 -0.0629798 0.145332 -0.696612 -0.284503 -0.240123 -0.338266 -0.13471 -0.0538898 0.00897019 -0.0392727 0.0326861 4.65859 0.00403202 -1.50712 2.27235 -0.797627 -3.2543 0.500786 1.93844 -0.636885 -1.05866 0.384342 1.20138 0.236721 0.783436 2.2206 -2.71809 1.13877 1.72826 -4.93693 -0.880364 3.20337 -0.447882 -0.908393 1.04124 0.156381 -0.944074 
4.88816 -0.190091 -0.0388648 0.291888 -0.738081 -0.453642 -0.207279 -0.296456 -0.16982 -0.116951 0.0903413 -0.0277798 -0.024546 4.80009 1.12736 -2.94836 2.10475 0.13852 -5.2405 0.712716 2.57585 -0.277575 -1.57709 0.614828 1.3664 0.0172711 1.94752 0.835579 -1.66202 -0.877966 2.00924 -2.53147 -1.6198 2.07386 0.717995 -0.721218 0.624654 0.10345 -0.772764 
4.96155 -0.1242 -0.115222 0.345921 -0.759564 -0.598042 -0.183306 -0.115746 -0.219897 -0.209837 0.116313 -0.0188128 -0.0239034 6.04917 1.0426 -3.33032 1.08281 1.26175 -5.54546 -0.240574 2.62552 0.325768 -1.15326 0.353642 1.26281 0.124061 1.04083 0.172547 -0.550556 -2.53122 1.77863 -0.00397739 -1.17065 -0.56923 1.87982 -0.0557502 -0.0780248 -0.0541628 -0.302839 
5.06308 -0.0634513 -0.244771 0.37821 -0.708012 -0.750482 -0.216865 -0.053458 -0.230306 -0.203715 0.183582 -0.0258101 -0.0380135 5.9465 1.28702 -3.11366 -0.448361 2.00447 -5.14767 -1.44768 2.33403 1.19947 -0.518479 -0.276746 1.14014 0.328133 -0.130106 -0.496461 0.97617 -3.56801 1.10127 2.49693 -0.854507 -2.54915 2.33738 0.911842 -1.13242 -0.35218 0.600247 
5.24061 -0.0673003 -0.345169 0.403478 -0.636472 -0.876496 -0.239226 0.0062012 -0.185187 -0.245979 0.156642 0.0550616 -0.0724866 4.17768 1.77941 -2.55849 -1.46539 1.99653 -4.07072 -1.90153 1.6604 2.0952 -0.522041 -0.278375 0.733536 0.311415 -1.69414 -0.523841 2.08804 -3.7926 0.339155 4.19424 -1.51079 -3.22485 2.18759 2.09429 -2.06012 -0.666908 1.41374 
5.40675 -0.105864 -0.315872 0.263546 -0.569865 -0.898216 -0.271484 -0.0312866 -0.0833193 -0.272883 0.134305 0.0709585 -0.0409577 3.34403 1.60759 -2.21853 -2.69295 2.2724 -2.05099 -2.86832 0.670499 2.96984 0.219249 -0.970424 0.30988 1.02824 -4.43172 0.531911 1.88356 -1.62178 -0.709306 3.99992 -1.62109 -2.04321 1.10973 1.7313 -1.27481 -1.11535 1.21071 
5.3996 -0.0471533 -0.349793 0.182086 -0.546334 -0.884977 -0.30375 -0.0721498 -0.0452831 -0.210497 0.101716 0.0305801 -0.00323144 1.35338 1.43299 -1.01187 -3.30996 2.1733 -0.226861 -3.25959 -0.579029 3.13848 0.838165 -1.07486 -0.22841 1.36091 -4.91087 0.607397 1.4594 0.224523 -0.957883 3.11364 -1.2299 -0.615302 -0.126833 0.663352 -0.0484691 -1.11157 0.718364 
5.36072 0.00580317 -0.347067 0.0983857 -0.523644 -0.881864 -0.391437 -0.0836377 0.0138222 -0.15023 0.055573 0.0231919 0.0374412 -0.622358 0.882584 0.559039 -3.5219 1.63224 2.10441 -3.24094 -1.43071 3.21504 0.313019 -1.10179 -0.474112 1.40581 -3.87943 -0.403542 1.54751 1.36012 -0.811719 2.79406 -0.104067 -0.362595 -0.872712 -0.989806 1.12896 -0.730509 -0.168536 
5.34686 0.0143064 -0.336389 0.0346955 -0.499458 -0.800616 -0.503509 -0.11012 0.127306 -0.141818 -0.0149297 0.056994 0.0544496 -3.01865 -0.299461 2.55564 -3.23418 0.818414 3.91334 -2.51243 -2.2302 2.23771 0.41611 -0.957006 -0.711704 0.909319 -2.8615 -2.33431 2.94499 1.46479 -0.952998 2.58969 1.85902 -0.863272 -1.94759 -1.65243 1.38701 -0.14195 -1.25501 
5.24662 0.0682615 -0.375317 0.0473292 -0.479779 -0.746647 -0.580789 -0.0983725 0.155197 -0.148765 0.0239032 -0.0255456 0.118708 -4.91739 -2.42129 3.89265 -2.25849 0.23217 5.36175 -1.76076 -2.59824 1.90221 0.438965 -1.79452 -0.0773967 0.373534 -2.09377 -4.85331 4.23545 0.866739 -1.15208 2.79822 3.02121 -1.61013 -1.59433 -1.00603 -0.456118 1.19642 -1.88565 
5.12062 0.0665437 -0.266872 -0.00772717 -0.467478 -0.699662 -0.56313 -0.155568 0.0950633 -0.124251 0.0728248 -0.0651383 0.115714 -6.2661 -5.72691 4.86388 -1.95767 0.607646 6.34399 -0.384447 -2.85938 1.82358 0.076009 -2.20572 0.279658 -0.0338401 -2.04401 -6.94196 3.16155 0.501701 -0.387791 2.36079 3.17968 -1.30716 -0.305001 0.12537 -2.38258 1.77163 -1.49847 
5.09073 -0.0456159 -0.137362 -0.0489046 -0.48346 -0.453881 -0.57958 -0.246773 0.20086 -0.295985 0.0553595 -0.0125396 0.0780356 -7.21905 -8.44408 4.96051 -2.51401 1.33158 6.96097 1.41131 -2.91933 1.15214 -0.174992 -2.23823 0.02583 -0.0486094 -2.08218 -6.90281 0.253119 -0.617463 1.3607 0.570626 2.92901 -0.0221632 0.0886696 1.32438 -2.56276 0.783307 -0.051279 
4.89097 -0.259815 0.12546 -0.0630577 -0.547067 -0.357875 -0.459235 -0.344341 0.0555876 -0.168114 -0.00103768 -0.000197184 -0.0141912 -7.31679 -9.90825 4.27232 -3.29946 1.14347 6.58996 2.24766 -1.88647 0.393044 -0.409061 -1.56397 0.0485243 -0.0491381 -0.492071 -3.81213 -3.63415 -1.98397 2.11547 -1.14939 1.35142 2.18712 0.362089 0.221978 -0.113155 -0.552882 1.41896 
4.75042 -0.539039 0.17862 -0.0329681 -0.53936 -0.192335 -0.486086 -0.383773 0.231122 -0.126443 -0.259093 0.123091 0.0250324 -3.88601 -9.81868 2.2156 -4.17114 1.26738 5.47389 1.13794 -0.845197 1.01965 0.189876 -0.647542 0.0538726 0.11348 4.26368 1.75097 -6.21697 -2.88028 1.34919 -3.2432 -1.3047 3.65319 -0.352315 -0.256 4.11919 -2.07234 1.67097 
4.55771 -0.90472 0.181499 -0.135881 -0.357911 -0.110689 -0.351315 -0.407682 0.27208 -0.159382 -0.228524 0.0509144 0.0421037 -1.35241 -7.95138 -0.591904 -4.55132 1.79998 3.41984 0.19787 0.416933 1.30959 0.617262 0.129955 -0.410091 0.456779 8.50464 7.41903 -6.56711 -2.02081 -0.460488 -4.71756 -3.97291 3.64951 -0.365575 0.0992815 5.20818 -1.66858 0.85485 
4.45333 -1.03071 0.129594 -0.348203 -0.247222 -0.02167 -0.22608 -0.400406 0.165181 -0.181001 -0.183825 -0.0563445 0.113862 -1.4128 -4.57568 -2.5293 -4.01746 2.40678 2.58152 0.828752 1.79076 0.195987 0.453631 1.51153 -1.28112 -0.147397 7.05271 9.93828 -4.41022 1.07914 -1.10531 -3.43561 -3.38405 2.47768 -0.255177 0.0250074 3.74553 -0.645696 -1.30783 
4.47917 -1.02954 0.0498264 -0.433429 -0.428816 -0.0567308 -0.336906 -0.194905 0.122004 -0.244727 -0.0208392 0.000290192 0.0958553 -6.93049 -0.387742 -4.13791 -3.7057 3.37103 2.40515 1.31288 2.4999 -0.128861 0.775179 2.07773 -1.94264 -0.490008 -5.36909 9.15769 -1.09674 3.22318 1.02382 -0.449365 0.95106 0.00600167 -0.975478 1.2474 -0.115596 -0.57283 -2.48644 
5.15823 -0.910574 -0.206429 -0.508325 -0.357339 -0.138274 -0.6697 -0.187517 0.35362 -0.0706148 0.10873 -0.0520243 0.129985 -13.5009 2.43114 -4.03359 -2.22461 2.82311 0.812025 1.80237 2.69979 -1.26979 1.10821 2.37777 -1.68763 -0.837821 -21.8052 4.89021 2.46749 4.48583 1.52286 1.415 5.41994 -1.16807 -2.32523 0.617929 -3.31438 0.433243 -2.10385 
5.01207 -0.764804 -0.312975 -0.536997 -0.244235 -0.274647 -0.572237 -0.166337 0.291169 -0.0870176 0.0563697 -0.0934323 0.113716 -18.3441 4.33837 -3.2206 -0.20808 1.99017 -0.109801 2.10144 2.53313 -2.04427 1.11913 1.11106 -0.758872 -1.04966 -25.7226 -0.0211226 4.17763 3.99204 0.357066 1.07655 5.39093 -1.44363 -2.612 0.105464 -3.73979 1.32542 -0.474393 
4.46244 -0.593822 -0.215418 -0.385749 -0.182174 0.0885581 -0.199435 -0.0839091 0.0494414 -0.249978 0.154353 -0.162678 -0.120658 -15.6513 4.44884 -4.0606 1.25394 2.30291 -0.596189 1.49106 1.79076 -1.24109 0.940243 0.824095 0.297716 -1.16422 -7.71939 -3.38403 1.23464 1.8406 -1.17562 -2.35735 -0.29001 -1.38959 -0.0152508 -0.0389083 -2.21605 2.60813 2.00047 
2.97093 -0.415654 -0.282247 -0.484309 -0.00150776 0.143874 -0.124638 -0.118159 0.102979 0.0545522 -0.00727648 -0.200437 -0.0672622 -7.49093 3.41961 -4.76466 1.36268 2.2142 -0.833061 1.71145 1.11401 -1.34487 -0.69045 -0.071397 0.931753 -0.46681 25.7941 -4.62664 -2.69746 0.0797739 -2.83872 -3.8678 -5.04288 -0.402461 1.78904 -3.12724 0.645059 3.035 2.53079 
2.42751 -0.58268 -0.218763 -0.283134 -0.179555 -0.180886 -0.159991 -0.0913598 0.0560797 -0.0147816 -0.0189783 -0.0337051 0.0103965 0.0546741 2.3876 -4.01971 1.38003 0.136721 -1.94316 1.40112 1.376 -1.25758 -1.73685 -0.111142 1.69271 -0.241112 45.8571 -2.28197 -4.62588 -2.22398 -2.48857 -2.5127 -6.05111 0.162844 3.13402 -3.45519 2.17894 1.24148 1.42551 
2.41913 -0.542279 -0.1941 -0.241907 -0.168563 -0.175737 -0.0992227 -0.0704599 -0.0716031 -0.109062 -0.0925817 -0.0277562 0.00150735 9.68505 1.69773 -3.29787 1.55927 -1.484 -3.25044 -0.731327 1.46444 0.00681928 -1.48797 0.665918 2.20281 0.174311 38.6798 0.135273 -1.81551 -2.03482 -2.66282 -1.49799 -3.64268 0.773498 2.64072 -1.91807 2.44654 -0.192908 -0.100279 
3.96119 -0.535179 -0.704127 -0.304126 -0.0162571 -0.164787 -0.398333 -0.106175 0.195931 -0.110997 0.155771 0.056711 -0.00139356 18.4096 1.12462 -2.95245 1.65581 -2.17131 -4.96723 -2.15226 1.68678 1.00243 -1.15724 0.805723 2.0499 0.442163 8.65867 1.62611 4.60023 0.346933 -2.63486 -0.529657 0.923615 1.31311 0.139199 0.890988 0.508706 -1.6491 -1.47707 
5.30942 -0.570233 -0.826665 -0.419106 -0.169567 -0.227205 -0.358937 -0.0234848 0.083781 -0.434829 0.0438395 0.0865955 0.101027 24.3408 1.41389 -2.22382 1.68766 -2.12613 -4.78951 -2.38518 2.00725 0.668663 -1.717 0.709702 1.68708 0.553413 -19.3341 1.95753 6.77998 2.06722 0.0283953 -0.422393 2.0299 0.589767 -0.613553 4.3481 -1.29412 -1.76236 -0.978576 
5.33746 -0.457266 -0.603772 -0.353149 -0.420354 -0.45307 -0.3863 0.0485524 0.165167 -0.272555 0.11096 0.0832682 0.00239878 21.3603 2.28589 -1.41137 1.26892 -1.24784 -3.75707 -1.99867 2.13595 0.934678 -0.469918 0.351736 0.696866 0.349003 -25.792 0.486983 4.08161 2.08425 2.85521 0.73909 1.85558 -0.111415 -1.4026 3.17542 -2.32033 -1.15733 0.400521 
5.2244 -0.377374 -0.452626 -0.198983 -0.393393 -0.499522 -0.438186 0.0567946 0.180715 -0.173332 0.186149 0.106691 -0.0161962 12.4613 2.38909 -0.595921 1.18639 -0.720929 -3.27042 -1.49115 1.81643 0.935644 0.748088 -0.138787 0.529015 0.461774 -18.9426 -0.279475 -0.82162 -0.49741 4.02787 2.43313 1.01537 -0.853243 -0.967484 1.2202 -2.32613 -0.55937 1.18761 
5.19718 -0.397094 -0.475101 -0.106482 -0.310437 -0.521744 -0.324256 0.124871 0.148358 -0.158046 0.11164 0.0323761 -0.069298 1.58972 3.8533 1.96188 1.81306 -0.742945 -1.79344 0.0232001 0.910174 0.553618 0.692222 -1.4573 -0.0182439 0.0672759 -7.62614 0.871588 -2.58911 -2.0143 2.1436 3.56203 -0.122856 -2.04772 0.775026 -0.944848 -0.976032 0.218674 0.831784 
5.23218 -0.303301 -0.541774 -0.204087 -0.22144 -0.563897 -0.431261 0.119171 0.0824679 -0.194726 -0.0559776 0.0979092 0.138766 -1.50768 5.06092 1.0205 1.11641 -0.180651 0.205503 -0.292775 -0.401079 1.39372 1.04241 -1.22722 -0.0373119 -0.591181 0.890797 2.29825 -1.4444 -2.06583 -1.42014 3.99712 0.350175 -2.59656 1.71958 -2.10821 0.437891 0.149802 -1.38476 
5.06107 -0.307698 -0.518874 -0.148119 -0.248811 -0.582476 -0.427856 0.164811 0.173749 -0.109864 0.0279903 0.0534061 0.0579618 0.96837 5.51731 -1.06256 -0.712671 0.0598525 1.43033 -0.568778 -1.43494 1.60381 0.609064 -1.29613 -0.205774 -0.454252 6.24065 3.42265 -0.668262 -2.21506 -3.03966 2.81092 -0.119898 -2.77833 1.79023 -1.15858 1.10407 -0.0480873 -2.17967 
4.78322 -0.264126 -0.656633 -0.231491 -0.175922 -0.494561 -0.429218 0.0900004 0.183804 -0.0715698 0.0182952 0.114042 0.0714895 3.50117 5.64764 -2.28604 -2.14019 -1.05701 1.87802 -0.943383 -2.32373 2.30352 0.751572 -1.02715 -0.382437 -0.696049 10.0087 2.01545 -1.04473 -2.00687 -2.89311 0.752323 -0.887458 -1.87379 1.29624 0.331585 1.26945 -0.617963 -1.59203 
4.88952 0.105264 -0.361344 -0.0928103 -0.325986 -0.331832 -0.320775 -0.0374688 0.27959 -0.286384 -0.0873785 0.0486914 -0.0289431 5.09892 5.45089 -2.61585 -2.79928 -1.81698 1.92314 -1.38574 -3.04087 2.90687 1.10611 -0.293179 -0.310828 -1.00006 7.68172 -2.02501 -3.02653 -2.34811 -0.843788 -1.82636 -1.51682 -0.25605 0.24136 2.39966 1.15107 -0.518915 0.150583 
5.52307 0.194128 -0.640414 -0.308594 -0.409647 -0.254055 -0.459858 -0.0858267 0.338503 -0.226783 -0.00937198 0.094267 -0.0989192 5.8661 4.65803 -2.74249 -2.68756 -2.09009 1.71947 -1.20649 -3.0972 3.03253 1.35081 0.29629 -0.585822 -1.48928 -0.513844 -4.14874 -1.42217 -0.463706 0.968145 -2.87285 -0.797325 0.796928 -0.521391 2.16528 0.379053 -0.303947 1.571 
5.62162 0.232461 -0.756734 -0.449093 -0.396805 -0.391877 -0.514491 -0.114754 0.356829 -0.0468214 0.0145093 0.0289518 -0.0524804 6.42353 3.61178 -2.74785 -2.81852 -1.61735 1.0834 -1.34496 -2.8942 2.59152 1.14667 0.225335 -0.578143 -0.944757 -6.178 -4.32307 0.911618 1.71927 1.78379 -1.62758 0.497677 1.31489 -0.711771 0.0929995 0.170987 0.125675 1.07181 
5.67881 0.210415 -0.802974 -0.438645 -0.479473 -0.344999 -0.543827 -0.19135 0.445763 -0.00869891 0.00774993 0.0166496 -0.0622531 5.48625 2.17595 -2.5079 -2.28016 -1.0535 0.145131 -1.47584 -2.03322 2.14495 1.22161 0.515803 -0.783447 -0.599546 -7.45648 -2.42552 2.20449 2.30501 2.25188 -0.482965 1.12235 1.50724 -1.28186 -1.77171 -0.0992253 0.321052 0.606223 
5.6717 0.195699 -0.818289 -0.460621 -0.438728 -0.360559 -0.535288 -0.218717 0.472388 -0.0137555 0.00420741 0.0327848 -0.0707267 2.65668 0.310125 -2.50913 -1.82162 0.0447589 -0.567788 -1.50929 -1.18076 1.31337 1.6128 0.505478 -0.562829 -0.0445283 -4.56735 -0.422003 2.55953 2.12546 1.38039 0.26014 0.847768 1.39609 -1.41721 -2.14113 -0.35118 0.0723675 0.0898032 
5.60991 0.214588 -0.830817 -0.448953 -0.432045 -0.360238 -0.546576 -0.207486 0.466333 -0.0204301 0.0157328 0.0205509 -0.0642816 -0.37966 -0.238132 -0.905852 -0.364667 0.773248 -0.85216 -0.803559 -0.598656 0.746571 0.6571 0.0894118 -0.59604 0.169061 -1.00882 -0.124871 1.09 0.955056 0.864567 -0.105384 0.0836182 1.16278 -1.25764 -0.958122 -0.270487 0.088904 0.0069137 
5.61691 0.186921 -0.806086 -0.473234 -0.38723 -0.375268 -0.547828 -0.21862 0.486517 -0.052387 0.0361725 0.00634652 -0.0646739 -0.951721 -0.491988 -0.234906 0.631426 0.930276 -0.763128 -0.503115 -0.110239 0.29576 -0.257463 -0.174696 -0.22129 0.137668 0.02985 -0.192752 0.380413 0.907216 0.159337 -0.727726 -0.00827163 0.783547 -0.926513 0.0642618 -0.601199 0.160542 0.238701 
5.5533 0.217579 -0.839462 -0.443153 -0.371685 -0.380439 -0.579331 -0.19562 0.472041 -0.053108 0.0446059 -0.014161 -0.0643562 -0.979887 -0.642206 0.0934579 1.15636 1.05162 -1.41916 -0.315749 0.408453 -0.175764 -0.540335 -0.279933 -0.0946802 0.419806 0.836653 -0.638406 0.303325 1.16651 -0.507779 -0.970059 0.346504 0.310944 -0.275472 -0.0482596 -0.659889 0.484235 0.388879 
5.5506 0.186933 -0.807704 -0.432649 -0.359913 -0.383486 -0.591138 -0.194347 0.437792 -0.00772345 -0.0143196 -0.000367506 -0.0593935 -0.262047 -1.03485 0.236602 1.82584 0.545754 -1.83733 -0.128894 0.689313 -0.302558 -0.775629 -0.374793 0.17366 0.698277 1.29575 -0.7994 0.136197 1.3202 -0.890899 -1.20509 0.69171 0.252578 0.166195 -0.676671 -0.148677 0.699585 0.572329 
5.55787 0.167353 -0.813456 -0.406688 -0.310773 -0.451991 -0.582376 -0.173685 0.447752 -0.059969 0.00818346 -0.0107388 -0.0519307 0.512873 -1.52457 0.36269 2.5841 -0.141082 -2.23299 0.173427 1.0309 -0.531322 -1.06623 -0.385166 0.592133 0.933291 1.49621 -0.871351 0.168773 1.43418 -1.55214 -0.82384 0.725569 0.4552 0.00117877 -0.842698 0.227961 0.818502 0.653861 
5.54909 0.145396 -0.81073 -0.330642 -0.345259 -0.485901 -0.575245 -0.170714 0.445148 -0.0675811 -0.0274446 0.0194247 -0.031453 1.01615 -1.78 0.398788 3.56318 -1.36406 -2.14532 0.0934662 1.73728 -1.27252 -1.06317 -0.322594 0.864925 1.14594 1.49087 -0.759335 0.183996 1.40156 -2.06339 0.00495666 0.221202 1.07233 -0.836176 -0.588401 0.615008 0.582268 0.464647 
5.56839 0.111206 -0.793554 -0.278319 -0.354136 -0.557851 -0.564069 -0.148208 0.443723 -0.09481 -0.0220965 0.020323 0.0057477 1.01335 -1.72279 0.617986 4.18307 -2.22379 -2.46908 0.49434 2.25069 -1.96695 -1.05978 -0.151752 1.13528 1.05339 0.300072 0.0273488 0.13642 1.35629 -2.238 0.527009 -0.037187 1.51845 -1.90135 0.184372 0.536098 0.376349 -0.13641 
5.6701 0.0478431 -0.791265 -0.21255 -0.396935 -0.598478 -0.539922 -0.120284 0.440462 -0.142566 -0.0202048 0.0689761 0.0316038 0.386002 -1.5537 1.52443 4.20652 -3.01775 -2.73061 0.960287 2.5596 -2.36578 -1.19285 0.39148 1.24426 0.589873 -1.62983 0.786775 1.12731 0.457346 -1.72713 0.281669 0.232786 1.22389 -2.10225 0.759695 0.526192 0.0123283 -0.992014 
5.69107 0.00132437 -0.773458 -0.106359 -0.472475 -0.636768 -0.520753 -0.0531269 0.380363 -0.183539 -0.00164321 0.0994219 0.0547957 -0.299417 -1.58968 2.53391 4.4914 -4.47315 -1.9921 1.11992 2.71201 -3.21353 -0.618357 1.01479 0.832286 0.118841 -2.81726 0.959124 2.15465 -0.372509 -1.47176 0.341572 0.632336 0.247498 -1.48156 1.0747 0.968422 -0.716217 -1.57418 
5.70524 -0.0123047 -0.769088 0.0228255 -0.6233 -0.58539 -0.598579 0.0654293 0.236818 -0.144225 0.000723403 0.0949534 0.0725281 -1.83317 -1.12334 3.47895 3.58066 -4.47986 -1.95919 2.0551 1.93704 -3.94454 0.156141 1.3525 0.500019 -0.335291 -3.56768 0.79434 2.83847 -1.79481 -0.342191 -0.00275171 1.86008 -1.78564 -0.437667 1.2789 1.02333 -1.00386 -1.49772 
5.5938 0.0437134 -0.738794 0.0813225 -0.636322 -0.72575 -0.489807 0.0993345 0.165901 -0.135145 -0.00151093 0.1307 0.030923 -4.29935 -0.272561 4.2639 2.38967 -4.32039 -1.38511 2.53129 0.937553 -4.11295 0.572377 1.60034 0.040461 -0.745266 -3.83547 0.653666 2.37674 -2.86381 0.541292 0.867875 1.68943 -3.10997 0.318965 1.08622 0.879088 -1.30015 -0.649122 
5.5114 -0.00244074 -0.50844 0.0332512 -0.701583 -0.791347 -0.419655 0.0989471 0.177742 -0.189051 0.0716238 0.147079 -0.0383181 -5.40219 -0.256633 4.90593 1.52778 -4.25841 -0.408287 2.74736 0.157638 -4.0491 0.802459 1.90572 -0.68586 -0.857825 -2.7308 0.429316 0.424034 -2.50334 1.09309 1.97421 0.827344 -2.95456 0.41838 0.686897 0.212569 -1.2618 0.474419 
5.48979 -0.0704071 -0.439621 0.204578 -0.964133 -0.640255 -0.441556 0.131873 0.0347484 -0.102874 0.172055 0.0399092 -0.0398904 -5.7116 -0.260176 4.96148 0.378873 -3.60877 0.399295 2.94053 -0.732324 -3.3685 0.975743 1.66416 -1.0125 -0.695136 -0.995888 0.253132 -1.04799 -2.2826 2.01675 1.91911 -0.103163 -1.74416 1.13667 -0.270343 -0.82268 -0.478512 1.08093 
5.25341 0.015316 -0.356521 0.0325311 -0.814439 -0.795216 -0.221225 -0.0442465 -0.0492801 -0.011354 0.119118 0.0828688 -0.040118 -5.9625 -0.202993 4.51661 -0.625307 -2.45084 0.827449 3.43167 -1.44365 -2.63405 0.922711 1.30985 -1.21019 -0.363062 1.5509 -0.421528 -2.02432 -0.665425 1.35886 2.08584 -1.19292 0.447032 1.51694 -0.880312 -1.10917 -0.199225 1.12595 
4.95517 0.10086 -0.285718 -0.0227871 -0.855705 -0.703341 -0.254599 -0.0717273 -0.0296309 -0.0792508 0.168922 0.0367436 -0.0517229 -5.67663 -0.848813 4.14589 -0.929996 -1.93082 2.20138 3.27437 -1.49627 -2.55978 0.529643 1.21296 -1.51997 -0.161228 3.03584 -1.35155 -1.66081 0.29979 1.23998 1.15204 -0.296888 1.3159 0.965063 -0.865574 -0.965923 0.16965 0.485703 
5.1234 -0.0762473 -0.211663 0.0710501 -0.996592 -0.56708 -0.253438 -0.020221 -0.08848 -0.0946707 0.225712 -0.0267401 -0.0289372 -6.36837 -1.41238 3.34514 -0.98249 -0.629243 2.71668 3.00217 -0.922215 -2.2421 0.414629 1.02498 -1.55572 -0.0815312 0.320276 -1.33398 -0.665467 0.179398 1.8112 0.28565 0.292577 1.34196 0.459404 -0.517846 -0.250349 0.2502 -0.404949 
5.08337 -0.0487753 -0.215675 0.0044256 -0.956793 -0.560913 -0.211687 -0.0506409 -0.0632669 -0.0491405 0.148566 0.000597008 -0.0011164 -7.28282 -2.13007 2.32885 -1.00833 1.00103 2.98622 3.29953 0.0407365 -1.73071 -0.493811 0.604689 -1.57505 0.183703 -2.87339 -1.65506 -0.623456 0.70205 2.08455 0.493558 0.703974 1.58318 -0.44672 -0.640461 0.500935 -0.398339 -0.506235 
4.9251 0.000399896 -0.219139 -0.0378869 -0.87526 -0.598517 -0.0790998 -0.0725173 -0.100614 -0.0311465 0.139368 -0.0223163 0.00405967 -7.40713 -2.52051 1.26687 -0.464514 1.43809 3.59634 3.15008 0.714798 -1.99977 -0.538316 -0.395406 -1.89736 0.704773 -4.29334 -1.03855 -1.21097 0.292022 2.41915 0.460103 0.594302 1.05792 -0.688375 -0.486413 -0.682742 -0.532631 0.3207 
4.85009 -0.158545 -0.067483 -0.00737662 -0.9469 -0.416732 -0.0335106 -0.0608841 -0.20647 -0.1272 0.236018 -0.075189 -0.0633495 -8.28658 -2.92819 0.500239 -0.0375346 3.75919 3.66052 3.92122 0.651338 -2.79396 -0.735531 -0.812877 -1.4236 0.542249 -3.53857 0.0987287 -2.41595 0.526959 3.27344 0.428547 0.379469 0.388241 -0.749865 -0.379332 -1.82819 -0.0468711 1.00621 
4.53119 -0.244565 -0.0374589 -0.0249998 -0.816135 -0.413774 -0.0569356 0.0218248 -0.167793 -0.0647804 0.274861 -0.0938974 -0.075847 -9.9426 -2.19795 -0.111497 -0.364747 4.89003 3.07875 2.84379 0.435644 -2.69977 -0.702149 -0.656926 -0.941532 0.42703 -0.229362 1.11552 -2.35159 0.436673 2.44104 -0.0734616 -0.65945 -0.834968 -0.885148 -0.120373 -1.66464 0.867106 0.864168 
4.31287 -0.297474 -0.203953 0.0151718 -0.697339 -0.315226 0.10598 0.100156 -0.217591 -0.178163 0.194458 -0.166418 0.0303962 -9.89002 -1.81351 -0.666536 -0.404147 4.75426 2.42847 1.79473 0.447257 -2.2081 -0.706849 -0.862139 -0.358434 0.481932 1.76493 2.14054 -0.861152 -0.540291 0.766764 -1.72242 -2.50832 -1.64655 0.402448 0.704921 -0.453171 2.15786 -0.300876 
4.23778 -0.204458 -0.225276 -0.0610912 -0.666391 -0.299914 0.153065 -0.0129216 -0.332796 -0.0671792 -0.0453234 -0.186575 0.113499 -9.0024 -1.35083 -1.4308 -0.829056 3.70934 1.66157 0.999001 0.595785 -1.36206 -0.486691 -1.6026 0.0587963 0.344729 2.4231 1.53701 0.0444276 -1.03839 -2.10666 -2.63237 -3.11189 -0.441521 2.21162 0.439863 1.14249 2.00124 -1.39592 
4.03146 -0.349438 -0.20173 0.0583404 -0.308066 -0.157615 0.256454 -0.0133512 -0.450928 -0.210833 0.112159 -0.0978766 -0.0187674 -8.34706 -0.567366 -2.11402 -1.43982 2.78012 0.793192 0.420277 -0.059993 -1.0793 -0.331898 -2.02957 0.287178 0.7183 2.50207 0.932536 0.166599 -1.81324 -5.52607 -2.51795 -2.65149 0.202114 2.73202 0.556753 0.33791 0.413141 -0.510363 
3.90464 -0.263076 -0.212811 -0.0546077 -0.427455 -0.274544 -0.0445519 -0.00933521 -0.353804 -0.118182 0.191521 -0.0833311 0.0129025 -7.30759 -0.327058 -2.2321 -1.84094 1.3899 0.346815 0.0894829 -0.871061 -0.810008 -0.390653 -1.74679 0.845881 0.483318 1.22949 -0.241052 -0.542477 -1.24353 -4.50112 -1.00021 0.407514 -0.0364121 1.38618 -0.0101904 -0.713321 -0.498013 0.257636 
3.85887 -0.219126 -0.272978 -0.107906 -0.460934 -0.354799 0.0136026 -0.00129317 -0.261921 -0.11816 0.0358921 -0.00873694 0.0431068 -6.59169 -0.300664 -1.85759 -2.91404 0.476852 -0.0241633 -0.895904 -1.19688 0.0782853 -0.0972613 -1.52277 1.29901 0.331789 0.22349 -0.845104 -0.703884 -1.00041 -1.7329 0.908924 1.37159 -0.915508 -0.366213 -0.436666 -0.616987 -0.770642 0.906502 
3.80154 -0.269625 -0.335598 -0.165742 -0.604058 -0.338593 0.0915051 0.0756926 -0.248201 -0.124731 -0.0489422 -0.0798747 -0.0216841 -5.6201 -0.779362 -1.48343 -3.62951 0.274252 -0.196227 -0.764286 -0.410343 0.500848 -0.767248 -1.20373 1.64798 -0.374526 0.496445 -0.752422 0.541228 -1.08452 1.92883 1.27936 0.784441 -1.05238 -1.09367 -0.617544 0.0979232 0.655326 0.120936 
3.62085 -0.306112 -0.340988 -0.201856 -0.588866 -0.261377 0.0558213 -0.0664553 -0.388573 -0.182462 -0.00845118 -0.118563 0.0943972 -5.11704 -0.518045 -1.22628 -3.46609 -0.366336 -0.629347 -0.296958 -0.361929 0.646727 -0.567216 -1.88259 1.56009 0.284627 1.07708 -0.418768 1.47847 -0.108687 3.32143 0.213624 0.266046 0.637063 -0.0110712 -0.589229 0.666725 1.65649 -0.994431 
3.48458 -0.319846 -0.419735 -0.228576 -0.542965 -0.298823 0.0945473 -0.118304 -0.331608 -0.153612 0.0112209 0.00604642 0.0491047 -5.10891 -0.56488 -0.597425 -2.09884 0.502062 -0.372208 0.432679 -0.298984 0.386274 -1.24788 -1.88045 1.1888 0.0257994 1.31302 0.682869 2.08448 1.44056 1.6032 -1.10215 -0.609316 1.74002 0.788062 -0.504492 0.192082 0.386753 -0.774755 
3.46093 -0.306126 -0.422182 -0.429843 -0.486145 -0.254193 -0.00780513 -0.114732 -0.256489 -0.150202 -0.108221 0.0233483 0.113704 -5.37281 -0.523234 -0.040725 -1.29522 1.45235 0.0386379 0.322814 0.214302 0.459035 -1.55639 -1.3169 0.723556 -0.0486296 0.159995 0.918916 1.47091 3.61027 0.118308 -1.09852 0.556369 1.88028 0.742074 -0.683519 0.00973064 -1.20816 -0.374243 
3.53019 -0.381652 -0.310331 -0.491859 -0.374531 -0.287754 0.0800837 0.0313026 -0.332848 -0.270674 -0.0797339 0.11727 -0.110409 -5.38364 -0.336205 0.372264 -0.320178 2.3914 -0.303375 -0.151648 0.247343 0.884714 -1.42738 -0.912501 0.503754 -0.34232 -1.52657 0.745176 0.0789262 3.91368 -0.645643 -0.144396 0.0915797 0.313084 0.733672 0.025961 0.261287 -2.72907 0.612678 
3.31125 -0.333963 -0.339523 -0.303567 -0.44201 -0.36529 0.0986815 -0.0290934 -0.286827 -0.215027 -0.0980318 0.104173 0.0918775 -4.97312 -0.219492 0.6769 0.388881 2.48022 -0.11539 -0.0198736 0.48884 1.03783 -1.12788 -0.607723 0.4983 -0.681184 -1.08422 -0.0647096 -0.397638 1.51144 0.40158 1.30596 -0.389525 -0.982368 -0.139552 0.366748 1.0542 -1.72392 -0.0262841 
3.21378 -0.262151 -0.304593 -0.212517 -0.456576 -0.386943 0.021426 -0.0289669 -0.229253 -0.292596 -0.137811 -0.00486385 0.0223103 -5.00943 -0.342779 0.892841 0.735417 1.92231 0.132524 -0.0998283 0.773392 0.79722 -1.16584 -0.511133 -0.0912448 -0.287903 0.0804148 -0.924975 -0.576296 -1.16595 0.580552 1.47804 -0.260462 -0.931172 -0.507505 1.00209 1.099 0.459549 -0.0773772 
3.09988 -0.326163 -0.334496 -0.279953 -0.323995 -0.259687 0.129051 0.0746946 -0.211936 -0.33581 -0.159151 -0.0232798 0.039092 -5.32514 -0.457061 0.850405 1.11124 1.46508 0.0105073 -0.721083 0.230067 0.794894 -0.856104 -0.163909 -0.374309 -0.150507 1.18176 -0.763377 0.165548 -2.17681 -0.556931 0.28975 -1.34055 -0.896111 -0.55419 0.994016 0.482245 1.33995 0.0821152 
3.01917 -0.360526 -0.325636 -0.226812 -0.25909 -0.343869 0.0086098 -0.0344119 -0.203094 -0.280867 -0.0920739 -0.0401496 -0.0469314 -5.38391 -0.481559 0.730319 0.830622 1.50258 0.64499 -1.03772 -0.0468586 1.27174 -0.0120933 -0.106912 -0.567318 0.0902386 1.17457 -0.323839 0.701472 -1.49328 -1.15129 -0.0637614 -0.609222 0.3568 -0.0167195 0.625797 -0.227455 1.04487 0.247768 
2.98625 -0.350332 -0.287614 -0.250739 -0.242282 -0.228895 0.0615423 -0.0868099 -0.273676 -0.270705 -0.0429267 0.0945064 0.000254392 -4.40859 -0.839163 0.808026 -0.61629 1.19625 0.739627 -1.05683 0.491485 1.52142 0.430875 0.0204869 -0.392783 -0.511501 0.401232 0.173943 0.291914 -0.528892 -1.53197 -0.81024 -0.454792 1.02571 1.41407 0.893735 -0.741034 -0.690463 0.355572 
2.89659 -0.384899 -0.291055 -0.317476 -0.33251 -0.283009 0.0457242 0.0610133 -0.203013 -0.319401 -0.144083 0.0404395 0.0436734 -3.84686 -1.02192 0.407097 -1.16117 0.714117 0.485665 -1.12835 0.662572 1.08936 0.442757 0.238416 0.265958 0.0344316 0.607785 0.330643 -0.390139 -0.212088 -0.579433 -0.353927 0.000708912 0.804637 0.93235 0.463908 -0.00131691 -0.780698 -0.178234 
2.816 -0.385177 -0.244732 -0.305661 -0.300627 -0.334091 -0.140533 -0.0492784 -0.168257 -0.302775 -0.139923 0.00104845 0.0236369 -3.62408 -1.04091 0.343429 -0.84233 0.1513 0.0931704 -1.36623 0.653695 1.22262 0.49155 0.0987461 0.271794 0.0797025 0.676309 -0.259731 -1.13739 -0.213277 0.00907542 0.168553 1.09201 0.906874 -0.0670881 -0.0869203 0.42469 0.0532792 -0.0543286 
2.74266 -0.396214 -0.217335 -0.237457 -0.187384 -0.209571 0.00479222 0.0301127 -0.101526 -0.210759 -0.100964 0.000685157 -0.0376413 -2.94321 -0.871458 0.215498 -0.914832 -0.0902485 0.161425 -0.996758 0.971893 1.47035 0.511874 -0.0195509 0.399186 0.175019 1.13984 -0.279815 -1.04208 -0.048088 -0.353519 -0.47259 0.159062 -0.335851 -0.941166 -0.616773 0.490893 0.967859 0.220037 
2.73503 -0.407605 -0.256488 -0.403415 -0.338172 -0.291425 -0.0275374 0.0875983 -0.0241258 -0.17557 -0.117157 -0.0304961 -0.00595775 -2.26002 -0.764118 0.0526749 -0.652494 -0.0446085 -0.166942 -1.00841 0.773801 1.58302 0.665378 0.11745 0.321191 -0.114888 1.34479 0.0650184 -0.145035 0.866448 0.140617 -0.040114 0.0885166 -1.05787 -1.06697 -0.553622 0.262555 1.3797 0.152804 
2.70652 -0.429992 -0.326196 -0.39116 -0.28868 -0.282573 -0.0907929 0.0853532 -0.174909 -0.329124 -0.0810086 0.0699849 0.0542148 -1.41623 -0.530465 0.00963163 -0.387515 0.112638 0.0196641 -0.654765 0.233854 1.17237 0.783096 0.487178 0.778566 -0.209994 1.46397 0.542318 0.758554 0.897232 -0.0510948 -0.164446 0.14813 -0.993055 0.275182 0.551424 -0.204144 0.330578 -0.36531 
2.59244 -0.502824 -0.282212 -0.310941 -0.252313 -0.26946 -0.0831826 0.0688155 -0.0775658 -0.251459 -0.116428 0.0345076 0.00659264 -0.728539 -0.384117 -0.0829272 -0.357873 -0.136882 -0.0092207 -0.226642 0.300759 0.874026 0.580905 0.38726 0.962353 -0.0819479 1.68922 1.03571 0.745635 0.352731 -0.0456423 -0.0610391 0.164366 -0.791366 0.208663 0.630006 0.0122863 -0.159779 -0.373774 
2.694 -0.435867 -0.255303 -0.349088 -0.286656 -0.283972 -0.0920263 0.0454533 -0.0326743 -0.194274 -0.0790646 0.0977595 -0.00580249 -0.241177 -0.188189 0.0203772 -0.237545 -0.272838 -0.292556 -0.592052 -0.168234 0.579125 0.336715 0.243125 0.891866 -0.00460895 0.777508 0.545362 0.183875 0.0345593 0.0516318 0.211145 0.611088 0.0536684 -0.203883 0.102764 -0.0924579 -0.676087 -0.117539 
