2.45349 -0.575953 -0.223174 -0.27151 -0.119115 -0.148547 -0.124414 -0.0527637 0.00886686 -0.0762028 -0.032886 0.00732693 0.0153477 0.599498 0.131317 0.0188756 -0.432918 -1.13089 -0.483939 -0.459244 -1.35978 -0.806387 0.574019 0.69825 0.141507 -0.0851006 0.382499 -0.0169826 -0.199971 -0.466431 -1.01538 -0.571746 -0.450296 -0.916699 -0.56909 0.126327 0.550118 0.194494 -0.0397227 
2.50777 -0.542007 -0.177072 -0.261432 -0.159013 -0.133064 -0.128886 -0.164787 -0.0385212 0.0248853 0.00184765 -0.00271897 0.0127133 0.557137 0.0749744 -0.0172651 -0.311953 -0.826937 -0.684987 -0.50765 -1.12688 -0.645377 0.425693 0.600263 0.085297 -0.155398 -0.0868349 -0.314247 -0.51552 -0.384523 -0.21967 -0.694396 -0.25572 0.690618 0.478146 -0.350215 0.398965 0.182414 -0.230492 
2.47311 -0.570904 -0.221795 -0.294751 -0.165192 -0.183319 -0.165437 -0.163715 -0.106997 -0.106244 -0.0363134 0.0123483 0.0187214 0.420433 0.0383784 0.0690337 0.0202414 -0.413796 -0.512378 0.00130383 -0.593384 -0.765415 -0.105504 0.470347 -0.0250426 -0.383989 -0.335588 -0.245526 -0.129248 0.350358 0.953084 0.00352512 0.699329 2.00171 1.11738 -0.343638 0.165474 -0.119534 -0.559476 
2.52752 -0.549474 -0.210128 -0.277873 -0.24918 -0.19371 -0.178852 -0.280747 -0.106641 -0.0484958 -0.0107771 0.0151056 0.0509277 0.16011 -0.0652078 0.037425 0.0990497 -0.0775002 -0.369367 0.161969 -0.256458 -0.529153 -0.219277 0.121236 -0.0449144 -0.295193 -0.843614 -0.247471 0.158588 0.787669 2.02577 0.673234 1.20456 2.50372 0.97684 -0.757111 -0.741756 -0.330648 -0.468834 
2.52446 -0.573993 -0.240456 -0.365866 -0.271276 -0.222145 -0.176766 -0.13824 -0.0363203 0.0362706 0.118125 0.0368705 -0.0336408 0.167049 0.0953209 0.189109 0.183623 -0.0332889 -0.24548 0.196617 0.160809 -0.331547 -0.444002 -0.0822533 0.00440473 -0.0591351 -0.569614 0.220549 0.619492 1.08865 1.5239 1.04339 0.912027 0.907853 0.0499877 -1.02765 -1.60737 -0.322368 0.48237 
2.49762 -0.57318 -0.221398 -0.269739 -0.135178 -0.233321 -0.174587 -0.128646 -0.0318672 -0.0604776 -0.00627639 0.00134882 -0.00539403 0.118536 0.0845234 0.186055 0.40777 0.25854 0.0429205 0.0884703 0.528931 -0.0999269 -0.800282 -0.426873 -0.275614 0.0552291 0.168984 0.45972 0.522314 0.299675 -0.267934 0.908646 -0.151447 -0.71244 -0.513067 -0.258529 -0.921593 -0.204932 0.882578 
2.48507 -0.56755 -0.190344 -0.216489 -0.111896 -0.1611 -0.0477903 -0.0724692 -0.112313 -0.152264 -0.00760594 -0.0136781 -0.0501526 0.213032 0.229775 0.562317 0.533631 0.303301 0.0223811 -0.132536 0.543766 -0.310041 -0.721973 -0.580993 -0.532759 0.121992 0.615511 0.372 0.197777 -0.525622 -1.36486 -0.264692 -1.69896 -1.4329 -0.548482 0.199181 -0.250684 -0.182473 0.958939 
2.46206 -0.582197 -0.211613 -0.26608 -0.129302 -0.171638 -0.115707 -0.126538 -0.0535327 -0.0669232 -0.0560847 0.00368765 0.0128187 0.548978 0.835528 1.30693 1.03438 0.705113 -0.349473 -0.924171 -0.191131 -1.12869 -1.30606 -1.35805 -0.845204 0.235613 1.19092 0.819584 0.826544 0.0419195 -0.962953 -1.1403 -2.1285 -1.65737 -1.14188 -0.0648091 0.0725421 -0.556763 0.16293 
2.53102 -0.51773 -0.162899 -0.263282 -0.20487 -0.182192 -0.145034 -0.124896 -0.078797 -0.0923414 -0.025479 0.0200756 0.0490023 4.88407 1.33656 1.88279 1.40077 0.0653946 -0.49627 -1.8485 -1.68819 -2.00093 -1.58703 -1.74682 -0.956469 0.604239 4.74726 0.834885 1.19195 0.636596 -0.0382858 -1.35908 -2.02192 -1.68724 -1.54097 -0.454461 -0.274771 -0.655886 -0.510194 
2.53654 -0.546005 -0.186515 -0.226332 -0.164404 -0.149475 -0.185888 -0.155216 -0.092209 -0.129265 -0.0589098 -0.0590718 0.0269924 12.3593 2.14104 1.53191 0.871871 -1.47019 -1.60149 -2.07546 -1.45346 -1.81615 -0.688831 -0.833714 -0.693703 0.23715 12.5093 1.55119 0.851022 0.704852 -0.664578 -1.79769 -0.801615 -0.877645 -1.07004 -0.0902809 -0.105866 0.0677036 -0.616301 
2.52521 -0.541939 -0.14015 -0.252206 -0.187621 -0.246296 -0.223881 -0.129121 -0.168677 -0.160243 -0.061208 -0.0573955 0.0212961 20.3125 2.97784 0.379867 1.02763 -3.64426 -2.84061 -1.72498 -0.540689 -1.58835 0.599191 -0.13831 0.0457931 -0.216597 20.0508 1.96388 -1.37343 0.341602 -3.39394 -1.68849 1.28211 1.14846 0.326764 1.81031 1.17342 1.33325 -0.890856 
2.63326 -0.390675 0.0170725 -0.11453 -0.0977867 -0.299614 -0.344597 -0.308978 -0.267755 -0.208212 -0.185005 -0.103724 0.0276463 27.2547 3.2149 -0.699036 0.849956 -5.77757 -3.2014 -0.494788 0.237765 -1.67131 1.34128 0.511682 0.733902 -0.612114 21.0322 0.90766 -4.13519 -1.18536 -6.38619 -1.35002 3.26636 3.46199 1.8292 3.67276 2.59095 2.50877 -0.747398 
3.60507 -0.398585 0.0200174 -0.124159 -0.236333 -0.259435 -0.405792 -0.389543 -0.321786 -0.230111 -0.157025 -0.0858936 0.0533709 31.3721 2.97696 -1.79149 0.26837 -7.30412 -3.12349 0.671253 0.813374 -1.4113 2.33294 0.842499 1.0331 -0.537105 10.161 -0.23862 -4.53352 -1.70506 -6.03755 -0.426737 4.14446 3.89813 1.7962 3.58638 2.31481 2.03251 -0.335578 
4.66332 -0.254351 -0.116221 -0.199563 -0.429467 -0.479928 -0.290794 -0.16193 -0.199219 -0.0866804 -0.029248 -0.0448416 -0.0242363 32.755 2.63639 -2.49735 -0.414677 -8.4102 -2.63804 1.70716 1.39108 -1.0662 3.11463 1.21439 1.16744 -0.131887 -5.42199 -2.13536 -2.28792 -1.47026 -2.37914 1.97405 2.68428 1.17202 0.31814 1.41012 0.339871 0.113058 0.837382 
5.35104 -0.16738 -0.309276 -0.106982 -0.798761 -0.56388 -0.177663 -0.0103333 -0.234754 0.100973 0.034986 0.0983148 -0.0788582 30.8676 1.91183 -3.16572 -0.926874 -8.5818 -1.50438 2.42215 1.59718 -0.338448 3.36965 1.3236 0.932995 0.0960369 -16.209 -2.82279 1.08938 -1.39526 2.69246 3.35142 0.252252 -1.74293 -0.275003 -1.3759 -1.3795 -2.05235 1.65356 
5.82737 -0.2229 -0.351778 -0.216212 -0.983566 -0.517211 -0.117001 -0.0845561 -0.262609 0.119585 0.0356105 0.128493 -0.0267188 25.4946 0.940359 -3.39356 -1.48643 -8.01732 -0.577783 2.8798 1.86485 0.196255 3.16242 1.34515 0.61303 0.352781 -18.4012 -1.81667 2.81127 -0.119709 5.60076 3.10532 -1.56476 -2.62783 0.0327036 -2.60784 -1.93146 -2.75776 1.27342 
5.98549 -0.23718 -0.368937 -0.255132 -1.02804 -0.483392 -0.0654459 -0.0707032 -0.287916 0.143265 0.0272194 0.0451005 0.0180573 17.0868 0.449744 -2.56381 -1.23953 -6.14498 0.256995 2.48599 1.10461 0.307791 2.45085 0.682524 -0.00218743 0.676652 -13.1464 -0.688694 2.46453 0.660346 5.04221 1.75605 -2.06348 -1.92676 0.781636 -2.36616 -1.15519 -1.52378 0.331553 
6.09652 -0.257165 -0.372514 -0.281259 -1.05315 -0.446253 -0.0487539 -0.0582734 -0.29366 0.175091 0.0200554 -0.00624383 0.0566896 9.83716 -0.134618 -1.36844 -0.668993 -4.058 1.3962 1.37272 -0.39168 0.0717899 1.32657 0.0110803 -0.495616 1.14023 -7.62757 0.541878 1.25057 1.38258 2.97761 -0.0640447 -1.61058 -0.759866 1.02641 -1.25251 -0.1909 0.171275 -0.497414 
6.16344 -0.252679 -0.386023 -0.289229 -1.08217 -0.391112 -0.0538479 -0.0966182 -0.234947 0.156438 0.00756066 -0.0060875 0.0418002 5.07428 -0.0734295 -0.4738 -0.218387 -1.92969 1.26185 0.500407 -1.02192 0.13511 0.686591 -0.0834296 -0.886209 1.24838 -4.38119 0.86862 0.368396 1.86101 1.15858 -1.15101 -1.09361 -0.308642 -0.105071 -0.0665738 0.376375 1.12485 -0.387121 
6.21293 -0.246158 -0.383725 -0.284449 -1.09858 -0.382262 -0.0376783 -0.0991942 -0.223309 0.151022 0.00513404 -0.0163162 0.0598276 1.91782 0.48035 -0.412661 1.07174 -0.897255 0.322889 -0.058764 -0.813625 -0.170665 0.798263 0.255956 -0.626499 0.901466 -3.14821 0.716838 -0.0546845 1.78299 0.695291 -1.74769 -0.798293 -0.269503 -1.18988 0.534189 0.718147 0.987119 -0.112771 
6.24109 -0.241078 -0.376749 -0.262991 -1.11165 -0.372559 -0.0530999 -0.123872 -0.218911 0.162715 0.00542063 -0.0219492 0.0783047 -1.22094 1.07297 -0.575183 1.99376 0.232169 -0.768045 -0.458712 -0.654227 -0.525978 0.549475 0.551459 0.0121912 0.398578 -4.39119 0.883058 -0.472833 1.73841 1.50985 -2.32009 -0.435155 0.440859 -1.66867 0.4431 0.829819 0.542083 -0.3774 
6.21781 -0.217228 -0.387482 -0.207162 -1.13827 -0.364913 -0.083596 -0.160898 -0.226046 0.179643 0.015849 0.00665396 0.0937405 -6.45116 1.89225 -0.365383 2.04767 2.89105 -1.3569 -0.679564 -0.219533 -0.551515 -0.55257 0.403055 0.637362 -0.0709419 -8.05354 1.25802 -0.255734 0.65457 4.05371 -1.95947 -0.147782 1.2243 -0.901755 -1.08254 0.24117 0.506695 -0.936894 
6.16988 -0.190794 -0.394239 -0.163639 -1.112 -0.434056 -0.086557 -0.171742 -0.280489 0.223869 0.0435794 0.00418479 0.111983 -11.7703 2.46834 0.104737 2.02399 5.17248 -1.43785 -0.629532 -0.0641342 -0.297049 -1.28786 0.0336704 0.607434 -0.4064 -11.8005 1.47287 0.54556 -0.624977 5.95521 -0.269379 0.106979 1.11264 0.920865 -2.77077 -0.873224 0.393376 -1.35275 
6.08847 -0.160471 -0.430801 -0.0605049 -1.09498 -0.518799 -0.098625 -0.154057 -0.348662 0.254852 0.0899676 7.16265e-05 0.100552 -15.366 2.18038 1.1819 1.74345 6.83676 -0.735879 -1.0347 -0.126605 0.325337 -1.85024 -0.340849 0.130929 -0.788245 -11.5513 0.478295 2.1904 -1.82963 5.78601 2.07866 -0.108545 0.249289 2.5132 -3.07986 -1.75621 -0.392737 -1.04455 
5.68185 -0.0796338 -0.46397 -0.0043738 -0.913785 -0.603859 -0.114887 -0.109434 -0.354704 0.179943 0.0919618 0.032533 0.0412354 -16.9383 1.32294 2.27139 1.25203 7.59832 0.333689 -1.45767 -0.0817193 0.661659 -2.18365 -0.541555 -0.345184 -1.3413 -4.73618 -1.71627 3.3661 -1.97085 2.16657 3.92228 -0.733757 -0.865904 2.44476 -1.26555 -1.47605 -1.43802 -0.498388 
4.92495 0.0306974 -0.377488 -0.119794 -0.458385 -0.542276 -0.134028 -0.0641457 -0.26365 -0.0478832 0.00556171 0.109404 0.010596 -19.0349 1.01622 3.396 0.566177 7.66696 1.27432 -1.68885 0.246915 0.901204 -2.42851 -1.16169 -1.14525 -1.78554 3.38786 -3.02326 3.0265 -0.848659 -3.30489 3.4661 -1.12048 -0.985528 0.625357 1.51503 -0.52822 -2.38865 -0.228989 
4.49881 0.0618521 -0.310075 -0.0726969 -0.378948 -0.476442 -0.104318 -0.147867 -0.180404 -0.0437645 -0.0461427 0.0258856 -0.0060443 -20.7328 1.22242 4.46314 -0.196588 7.07909 1.96587 -1.70394 0.212283 1.47519 -2.82649 -1.80949 -1.51052 -1.59851 5.69118 -1.83064 1.84488 -0.50626 -5.38501 1.21167 -0.854635 0.0716507 -1.0334 1.99523 0.0208721 -1.66702 0.19275 
4.44656 -0.0800139 -0.125819 -0.0748077 -0.328401 -0.357187 -0.22564 -0.176802 -0.1335 -0.0319348 -0.0483577 -0.0779219 -0.0147128 -17.4246 0.48673 3.21547 0.129751 6.07864 1.55749 -0.756693 -0.224175 1.56192 -2.20283 -1.86233 -1.91438 -1.49441 5.09494 0.4374 -2.02167 0.572065 -4.23767 -2.15581 1.31658 0.59642 -1.56093 1.36527 0.166196 -0.206286 0.35339 
4.46137 -0.187369 -0.06056 -0.0798995 -0.345137 -0.267869 -0.293254 -0.166789 -0.194202 -0.0150124 -0.0158505 -0.0829966 -0.094178 -8.50659 -0.948839 1.78566 0.122261 2.93921 0.601896 0.26255 -0.86634 1.2948 -1.50323 -1.43785 -1.8146 -0.849 8.2845 0.947513 -5.06089 0.806282 -2.62434 -4.46646 3.35231 -0.102283 -0.532127 0.0756525 0.1988 1.17808 1.08829 
3.85719 -0.0413414 0.020294 -0.104191 -0.313672 -0.283632 -0.289921 -0.0819033 -0.216617 -0.0490022 -0.126312 -0.173615 -0.128572 1.50278 -1.9523 0.0497955 0.50336 -1.10169 -0.155422 1.1567 -0.852306 0.781815 -0.685937 -0.0477448 -1.4771 -0.345975 17.7882 -1.25861 -6.11492 0.708821 -3.32679 -3.64502 3.78193 -1.11032 0.404599 -0.216574 1.75732 2.10827 1.52126 
3.38998 0.10701 0.118603 -0.153506 -0.245029 -0.333231 -0.256984 -0.115945 -0.123515 -0.161373 -0.179198 -0.138585 -0.0417676 9.34072 -2.24301 -1.64001 0.0684035 -3.48806 -0.10454 1.58317 -0.210322 0.0486755 -0.409291 0.83745 -0.473095 0.137873 24.8952 -3.43358 -4.80854 0.20575 -5.97098 -0.323047 2.01909 -0.688782 -0.265868 0.991115 3.01602 1.74815 1.10987 
3.99448 -0.0804465 -0.325134 0.0777809 -0.157698 -0.513864 -0.056045 -0.191608 -0.151641 -0.0464966 -0.113883 -0.181454 -0.119182 14.9305 -2.18067 -3.25193 -0.294566 -5.12099 0.103619 2.25029 0.0252562 -0.36883 -0.226846 1.44187 0.291695 0.570839 18.7613 -2.45538 -0.246132 -1.78231 -6.53759 3.65288 -1.13494 0.892086 -1.05595 0.961481 2.68521 1.31773 0.880073 
4.95481 -0.265733 -0.307687 -0.0742393 -0.475139 -0.564689 -0.0153334 -0.270108 -0.122677 -0.133833 -0.0919019 -0.0968153 -0.0273545 19.3645 -2.49499 -4.3131 -0.515925 -6.03436 0.769293 2.29668 0.245659 -0.665932 -0.0335392 1.95189 0.623805 0.884478 3.62053 0.329302 1.24932 -1.6239 -2.66093 4.96131 -2.46224 2.21172 -1.84106 1.01248 1.17073 0.353109 -0.15451 
5.45253 -0.285067 -0.311964 -0.0506897 -0.772045 -0.420267 -0.00545668 -0.19085 -0.120092 -0.107945 0.101544 -0.102182 -0.0207831 22.7462 -3.13775 -4.91528 -0.838436 -6.3482 1.70174 1.90012 0.648671 -1.20166 0.192435 2.49602 0.868079 0.828176 -8.91657 2.15345 0.873816 -1.15815 2.54465 2.73138 -1.91577 1.91944 -1.57889 0.148968 -1.26305 -0.397397 -0.563509 
5.79847 -0.296153 -0.370548 -0.122008 -0.892223 -0.249299 -0.0710924 -0.110827 -0.230296 -0.0302955 0.0857118 -0.065324 -0.00278253 21.6099 -2.85763 -4.79491 -1.32661 -5.74875 2.55593 1.07131 1.53703 -1.87128 0.328801 2.32598 0.615121 0.732223 -12.5834 2.08393 -0.310328 -0.0808253 5.57906 -0.555094 -0.508193 0.793279 -0.41362 -0.811725 -1.8342 -0.784825 -0.431082 
5.98748 -0.328546 -0.433608 -0.163435 -0.911619 -0.219027 -0.0323334 -0.119446 -0.247108 -0.0545975 0.100186 -0.0644115 0.00195277 15.817 -1.42448 -3.79759 -1.94794 -4.1148 3.12375 -0.175071 2.41964 -1.96981 -0.16901 1.56316 0.717759 0.97333 -9.05663 1.11129 -1.31825 0.705922 5.46325 -2.29678 -0.158139 0.401516 0.185728 -0.816996 -1.53053 -0.560811 -0.115363 
6.13602 -0.342977 -0.557125 -0.148079 -0.928082 -0.189364 -0.0178677 -0.0799661 -0.292313 -0.0693771 0.115936 -0.0653966 -0.0150443 9.98128 -0.272505 -4.41207 -1.46533 -0.983464 2.19034 -0.534976 2.72072 -1.87191 -0.239385 0.879794 0.5849 0.83619 -5.47902 0.941741 -0.220468 0.116312 3.72268 -2.48643 -0.75308 0.231288 0.851207 -0.868905 -0.992523 0.202342 0.668984 
6.27678 -0.356633 -0.631776 -0.18532 -0.907199 -0.192362 0.00785693 -0.0226214 -0.315796 -0.0917241 0.124905 -0.0778808 -0.00828079 6.50015 0.367386 -4.69528 -1.52669 1.59678 0.322308 -0.618688 2.32562 -1.05485 -0.858126 -0.0573564 0.960094 1.00652 -4.29924 1.43318 0.306253 0.103752 2.71077 -2.18862 -1.12914 -0.0099081 1.44954 -0.544322 -0.53168 0.929417 0.752298 
6.35638 -0.350765 -0.695013 -0.222726 -0.858725 -0.173347 -0.029097 0.0286509 -0.351646 -0.0908167 0.119627 -0.0876369 0.0462732 3.70358 1.19394 -4.64506 -1.41775 3.11388 -1.24579 -0.758079 2.09003 0.00648786 -1.12425 -0.405331 1.06537 1.31354 -4.00113 1.75639 0.346662 -0.107936 2.35333 -2.36083 -0.785453 -0.581302 1.91442 -0.229525 -0.772386 1.17822 0.50879 
6.40104 -0.325305 -0.777487 -0.224007 -0.822167 -0.15537 -0.109453 0.0974037 -0.35901 -0.119352 0.0990248 -0.0210304 0.0657439 1.0677 2.00538 -4.12365 -1.66137 4.05754 -1.86919 -1.62757 2.18184 0.454222 -0.450436 -1.10925 1.09525 1.80628 -4.36306 1.6424 0.656759 -0.41861 1.93019 -2.20437 -0.341591 -0.928473 1.82654 0.585534 -1.05839 0.327438 0.481746 
6.38747 -0.269353 -0.849787 -0.254754 -0.701267 -0.26042 -0.102125 0.099937 -0.333619 -0.145582 0.106799 0.00306961 0.0948282 -3.13265 2.62807 -2.7426 -2.14899 5.10585 -1.6991 -2.64126 1.65675 0.764281 0.13277 -1.17332 0.397204 2.00189 -6.17134 1.11905 1.74591 -0.727303 1.19969 -0.152672 -1.12401 -0.769575 0.71403 1.59375 -0.823175 -1.28024 0.336631 
6.37395 -0.212994 -0.919943 -0.283854 -0.578132 -0.367183 -0.0954869 0.0969043 -0.235528 -0.198274 0.0710477 0.0704157 0.110415 -8.83702 3.01235 -0.761958 -2.0679 6.05063 -0.814651 -3.53688 0.217771 0.707912 0.503883 -0.710431 -0.335771 1.33688 -9.76955 0.358271 3.80262 -0.639425 0.860895 2.6592 -2.17168 -1.45449 -0.98794 1.99573 0.408233 -2.76655 -0.469762 
6.27773 -0.128976 -0.984303 -0.323121 -0.498534 -0.423351 -0.141791 0.12946 -0.205902 -0.158591 0.0172715 0.0514521 0.170813 -13.0712 2.78276 1.43041 -1.97704 6.19643 0.00435458 -3.50493 -1.41101 0.720636 0.348292 -0.39468 -0.776084 0.0535264 -11.2826 -0.747988 5.49707 -0.0100659 0.462558 4.21853 -1.80764 -2.95938 -1.66407 0.669442 1.64931 -2.49095 -2.22263 
6.09177 -0.0798735 -0.961362 -0.390222 -0.423294 -0.401656 -0.276353 0.191361 -0.243001 -0.0333292 -0.0729916 0.0249387 0.242643 -15.0429 2.13332 3.24554 -1.87527 5.51243 0.685485 -2.8628 -2.8975 0.58334 0.405255 -0.197153 -1.11633 -1.0314 -7.56648 -1.69607 5.09437 0.883068 -0.719427 3.19726 0.590274 -4.16982 -0.939778 -1.32244 2.04177 -0.712607 -3.7062 
5.53772 -0.0324998 -0.815327 -0.46649 -0.255653 -0.279214 -0.41217 0.123456 -0.259581 -0.0263628 0.0292016 -0.135616 0.223797 -14.4878 1.36871 4.28096 -1.75181 4.24412 1.49812 -2.41159 -3.75367 0.532613 0.407468 -0.100902 -0.920696 -1.66056 2.17347 -2.13493 2.18437 1.17205 -2.66731 0.286075 3.19977 -3.3048 0.434194 -1.9515 0.577231 1.86974 -3.03891 
4.86359 -5.44509e-05 -0.606464 -0.419274 -0.0969648 -0.152748 -0.495693 -0.0936416 -0.297801 -0.0538528 0.123506 -0.160919 0.0853505 -11.8595 0.876286 4.26832 -1.7841 2.86376 1.86177 -2.26656 -3.56326 0.663667 0.0737795 0.448826 -0.657782 -1.96113 12.6084 -1.61305 -2.02212 0.244902 -4.23249 -2.09556 3.39781 0.330485 1.69 -1.32097 -0.809385 2.89349 -0.358659 
4.73708 -0.0507181 -0.472553 -0.438078 -0.115036 -0.156209 -0.41541 -0.216192 -0.252545 -0.153714 0.0774045 -0.0960292 -0.0525919 -7.31428 0.727861 2.99582 -1.60655 1.58681 1.39744 -2.26111 -2.09863 0.891793 -0.506268 1.13805 -0.457974 -1.74556 16.2975 0.038638 -5.36592 -0.495066 -3.79074 -2.58407 0.543103 4.71394 1.39225 0.150538 -0.4197 1.47149 2.69513 
4.81829 -0.0865397 -0.448012 -0.451779 -0.185036 -0.205409 -0.322492 -0.293101 -0.229425 -0.117207 0.0425705 -0.0633535 -0.0822544 -1.49075 0.895203 0.774948 -1.02453 0.0195797 0.52947 -2.36507 0.196244 1.14628 -0.770773 1.34617 -0.230909 -1.04045 13.3545 1.52901 -6.31292 -0.317918 -2.22108 -1.61611 -2.90086 7.66103 0.342217 0.762341 0.640555 -0.613778 3.913 
5.00962 -0.0811005 -0.478094 -0.502021 -0.208391 -0.20302 -0.343125 -0.301899 -0.168023 -0.101824 0.0237402 -0.00657247 -0.0247833 4.67655 1.02416 -1.69087 -0.393954 -1.5943 -0.428639 -2.69547 2.91399 1.13846 -0.367518 0.733194 0.160679 0.272312 6.89354 1.83299 -4.987 0.941211 -0.942819 -0.576702 -3.97624 7.38432 -0.887682 0.73904 1.13192 -2.01903 3.04532 
5.19706 -0.0219415 -0.574887 -0.572029 -0.234084 -0.195863 -0.487248 -0.143248 -0.106569 -0.148628 0.108571 -0.016262 -0.00162418 8.69915 1.12375 -3.44477 -0.100267 -2.37176 -1.08665 -2.96282 4.9874 1.07866 -0.0322413 0.415495 -0.0663086 1.58787 1.39165 0.679472 -2.15278 2.21889 -0.3797 -0.191987 -1.80347 3.6609 -1.45624 0.651021 -0.0822641 -1.40151 1.37772 
5.39556 0.0554614 -0.733432 -0.562513 -0.245352 -0.253268 -0.626719 0.118301 -0.148152 -0.145115 0.188577 -0.121054 0.0838145 8.90408 1.2841 -3.97704 0.43239 -1.92368 -1.45287 -3.01301 5.38965 0.887754 0.234592 0.523868 -0.533114 2.21671 -1.87556 -0.96811 0.959642 2.01259 0.0681764 -0.395165 1.81441 -1.5374 -0.630115 0.251796 -1.53201 0.198719 -0.300475 
5.59083 0.0964955 -0.843449 -0.481975 -0.334227 -0.255488 -0.729002 0.290518 -0.156749 -0.102543 0.164904 -0.138403 0.124053 6.33906 1.13615 -2.98546 0.817381 -0.770132 -1.70076 -2.48344 4.26267 0.875023 -0.14851 0.515011 -1.03227 1.9005 -5.28342 -1.73377 3.51108 0.620053 1.73486 -0.814169 4.15083 -5.77694 0.419899 -0.398126 -1.40753 0.651933 -1.30944 
5.73749 0.0818887 -0.898147 -0.425672 -0.398862 -0.263176 -0.764213 0.359123 -0.163666 -0.0781688 0.109366 -0.111594 0.174488 1.44009 0.681641 -0.283036 1.48454 0.356844 -2.14709 -1.47652 1.45078 0.810401 -0.502396 -0.141512 -1.59537 0.647944 -9.4009 -1.34221 5.76414 -0.415187 3.41567 -0.998489 3.83493 -7.84786 1.10306 -1.1822 -0.695048 -0.174134 -2.37784 
5.80532 0.0557702 -0.886908 -0.423423 -0.3932 -0.306584 -0.700642 0.324862 -0.136101 -0.115081 0.101033 -0.0996775 0.181705 -2.53834 0.0696095 2.4592 1.94763 0.953121 -2.52907 -0.591353 -1.17208 1.25775 -0.715826 -1.1375 -2.03163 -0.0951081 -10.995 -0.500148 6.39918 -0.34988 3.15225 -0.842722 1.26329 -6.33935 1.20974 -1.28637 -0.435492 -1.57993 -2.50379 
5.76045 0.0524707 -0.860473 -0.411935 -0.319561 -0.398561 -0.614068 0.228797 -0.0902322 -0.120009 0.107629 -0.119019 0.172561 -5.27625 -0.437422 4.51387 1.94282 1.14705 -2.41065 -0.116256 -2.97984 1.74612 -1.09303 -1.73249 -2.06473 -0.634818 -8.01323 -0.0370359 4.93165 0.340733 0.819656 -0.0348216 -1.37216 -2.49755 0.633307 -0.799118 -0.845892 -1.95227 -1.42492 
5.45032 0.0518577 -0.710403 -0.423512 -0.176256 -0.426106 -0.599073 0.0802839 -0.0503668 -0.174205 0.131979 -0.197742 0.13053 -6.91843 -0.614361 5.67948 1.64819 1.01817 -2.14184 0.131233 -3.56426 1.575 -1.35527 -1.72541 -2.22286 -0.875645 -1.05124 -0.0253368 1.52574 0.697753 -2.41779 0.949948 -2.1284 1.67302 -0.260554 0.108629 -1.13763 -0.654587 0.204461 
4.94364 0.045637 -0.37283 -0.332202 -0.110703 -0.481689 -0.641801 -0.170688 -0.0416954 -0.217658 0.0272481 -0.280004 -0.0206991 -7.15721 -0.577276 5.89809 1.54983 0.337217 -1.80391 0.374662 -3.37159 1.04952 -1.12589 -1.73015 -2.1387 -0.99183 6.02851 -0.154263 -2.64392 -0.0182751 -4.02427 1.56445 -0.585988 4.34636 -1.27229 0.918145 -0.295371 1.18992 1.749 
4.96594 0.0325027 -0.306481 -0.29052 -0.195601 -0.537659 -0.726275 -0.0818289 0.0564783 -0.226886 -0.0379121 -0.373432 0.0502272 -5.98149 -0.612076 5.26489 1.70573 -0.812052 -1.40682 0.648584 -2.72807 0.33662 -0.461646 -2.01215 -1.64279 -0.780741 7.50227 -0.180719 -4.21345 -0.578156 -3.17999 1.38484 1.96873 3.09678 -2.25279 1.42596 0.505242 2.49738 1.35829 
5.03085 0.0132047 -0.314476 -0.267113 -0.260875 -0.505166 -0.744426 -0.0213497 0.04604 -0.240589 -0.0591117 -0.352245 0.0908665 -3.77939 -0.728036 4.06875 1.75114 -1.98014 -1.12664 1.23953 -2.0111 -0.254177 0.0726353 -2.12021 -0.971074 -0.427808 5.03489 -0.101037 -3.473 -0.536764 -1.2846 0.248641 3.37631 0.325996 -1.9582 1.57847 0.641842 2.20484 0.338724 
5.0151 0.00776058 -0.273457 -0.275232 -0.334188 -0.473136 -0.691284 -0.0119755 -0.028703 -0.239232 -0.0505218 -0.336506 0.0819113 -0.334696 -0.951497 1.96042 1.70233 -2.91874 -1.00468 2.41111 -1.1046 -0.971928 0.129541 -1.72902 0.193308 -0.339876 2.39533 -0.241815 -2.27981 -0.0292847 0.330579 -0.657098 3.06402 -1.4516 -0.951706 0.609891 0.494813 1.48008 -0.69383 
5.02675 -0.00195127 -0.257691 -0.255016 -0.383323 -0.508048 -0.580586 -0.0655449 -0.0766821 -0.193069 -0.0836621 -0.308111 0.0622986 5.40961 -1.67327 -1.16019 0.958147 -3.85636 -0.0496356 4.0448 0.0776576 -2.06546 0.286923 -0.494865 1.99138 -0.42524 4.39964 -0.960368 -2.65705 -0.110277 0.0520361 0.0554699 2.03824 -0.556073 -0.6137 -0.54773 1.04949 1.67545 -1.24757 
5.05603 -0.0262757 -0.255832 -0.205093 -0.431883 -0.546789 -0.491845 -0.127605 -0.0948748 -0.137452 -0.145697 -0.281115 0.0656343 8.76862 -2.49278 -2.71754 0.320755 -4.22855 1.29559 5.28136 -0.242175 -3.04478 0.392997 0.432841 3.22741 -0.921166 8.6612 -1.80254 -3.92301 -1.07678 -1.11797 2.18923 1.13719 1.49115 -0.930438 -1.11862 2.17756 2.21002 -0.843809 
5.05748 -0.0409586 -0.25004 -0.18038 -0.45192 -0.59266 -0.423963 -0.188097 -0.0816068 -0.138624 -0.155559 -0.294436 0.064861 11.4022 -3.15997 -3.51755 -0.472958 -4.43471 2.45619 5.64556 -0.40432 -3.2418 0.420298 0.95113 3.61563 -0.823507 10.0975 -2.16932 -3.7131 -2.13967 -1.76769 4.26469 0.480968 2.07351 -1.46755 -0.635957 2.40941 2.30662 -0.0466664 
5.23724 -0.0878918 -0.35191 -0.157533 -0.501275 -0.588762 -0.317851 -0.148873 -0.157058 -0.257693 -0.10314 -0.195784 -0.0191709 13.1414 -3.47865 -4.02238 -1.24011 -4.29649 3.49708 5.43445 -0.368627 -3.0602 0.305113 1.26182 3.73843 -0.499981 5.84757 -1.31473 -1.15674 -2.54203 -0.978004 4.23855 -0.422028 0.644589 -0.716492 0.621716 1.1959 0.668988 1.13514 
6.06901 -0.246795 -0.665429 -0.253307 -0.725593 -0.393611 -0.147012 0.0112909 -0.317541 -0.19925 0.0244706 0.0418531 -0.0578886 13.5028 -3.4174 -4.06221 -2.06172 -3.86949 4.15956 4.97625 -0.33132 -2.80834 0.0445067 1.63843 3.57169 -0.229495 -3.37499 0.69062 2.46817 -1.62721 1.47159 1.31603 -1.51278 -1.67477 1.1488 0.706137 -0.718817 -1.88157 1.65583 
6.26072 -0.338115 -0.685337 -0.298194 -0.803508 -0.218462 -0.0798687 -0.067766 -0.366622 -0.164022 0.0518949 0.0640661 -0.0185974 12.5887 -3.03856 -3.62541 -2.74201 -3.16742 4.30984 4.44621 -0.506036 -2.4388 -0.0835872 1.75867 3.1594 -0.0128777 -8.54187 2.22583 3.63528 -0.514982 3.09163 -2.00233 -1.85391 -2.12087 2.2593 0.0872127 -1.55521 -2.76543 1.04654 
6.38074 -0.379556 -0.657066 -0.380875 -0.829079 -0.128849 -0.0518829 -0.113688 -0.374996 -0.158771 0.0371528 0.0549178 0.0416661 10.4583 -2.39462 -2.76814 -3.01538 -2.22401 3.83982 3.83821 -0.908306 -1.79779 0.00172028 1.45989 2.44377 0.340662 -8.92581 2.58677 2.70034 0.474223 3.28988 -3.77238 -1.40934 -1.37292 2.22716 -0.637228 -1.10832 -2.236 -0.0366517 
6.42972 -0.371321 -0.660923 -0.426082 -0.819763 -0.0971919 -0.00442613 -0.147792 -0.375161 -0.160236 0.0305178 0.0691672 0.0451937 6.97425 -1.45717 -1.52611 -2.91135 -0.966054 2.67273 3.07115 -1.4462 -0.826307 0.0592719 0.923829 1.22941 0.745021 -5.55253 1.78327 0.933658 0.886704 2.21883 -3.45212 -0.767088 -0.00718043 1.33696 -0.934202 -0.27477 -1.13039 -0.582802 
6.45469 -0.365662 -0.682555 -0.469292 -0.795649 -0.129836 0.0523756 -0.190716 -0.369466 -0.178199 0.0586698 0.0824606 0.0317093 2.99578 -0.457217 -0.342953 -2.44834 0.426341 1.03859 2.34882 -1.71498 0.0344701 -0.497724 0.390335 0.0286328 0.845009 -1.70486 0.678701 -0.219183 0.786942 0.851565 -1.80929 -0.434633 1.03136 0.452313 -0.5376 0.0737137 -0.524706 -0.216671 
6.48114 -0.367482 -0.685383 -0.507744 -0.780824 -0.128423 0.0819591 -0.221446 -0.365264 -0.187516 0.0632991 0.0903217 0.0302076 2.01009 0.0119692 -0.418182 -1.93302 0.958972 -0.165137 2.03005 -0.991203 0.306432 -0.739458 0.357466 -0.350715 0.586994 -0.626728 0.114855 -0.136174 0.849224 0.283062 -0.744119 -0.527222 1.22152 0.119156 -0.248634 -0.0547724 -0.829236 0.2354 
6.50404 -0.362187 -0.68951 -0.531601 -0.759169 -0.140165 0.117177 -0.239734 -0.346803 -0.202298 0.0728292 0.0803477 0.0522459 1.46078 0.141402 -0.582629 -1.09146 1.14541 -0.922237 1.70044 -0.378773 0.53851 -0.629325 0.464193 -0.64134 0.191587 -0.198896 -0.0965362 -0.0296078 1.08613 0.0206307 -0.489872 -0.722024 1.32784 0.0935932 0.157366 -0.159397 -0.89304 -0.00310725 
6.52583 -0.35443 -0.708983 -0.549771 -0.737306 -0.155436 0.144818 -0.226058 -0.34375 -0.223985 0.0804666 0.0626842 0.0625701 0.964758 0.0644163 -0.406587 -0.58379 1.15448 -1.10282 1.02881 0.161423 0.799602 -0.279805 0.562312 -0.834238 -0.132221 -0.467573 -0.143981 0.173877 1.25894 -0.0813102 -0.419384 -1.02802 1.06756 0.354264 0.758863 0.0265933 -0.477538 -0.744893 
6.54461 -0.358507 -0.711096 -0.58093 -0.713349 -0.167767 0.165553 -0.217299 -0.342649 -0.250125 0.0745922 0.0320442 0.0909446 0.445078 0.00716394 -0.214101 -0.153235 0.861553 -0.95481 0.596854 0.94597 0.9096 0.425898 0.623575 -1.03926 -0.596955 -1.01823 -0.132701 0.352338 1.14351 -0.379433 -0.152344 -1.0763 0.949485 0.529758 1.50832 0.372241 0.0136654 -1.50495 
6.57994 -0.360224 -0.723591 -0.553986 -0.700911 -0.198854 0.173746 -0.186471 -0.335646 -0.242472 0.0846676 -0.00268759 0.0773699 -0.486721 0.0203224 -0.152834 0.21465 0.426789 -0.791907 0.29454 1.68123 0.803233 0.917367 0.63916 -0.924177 -0.946708 -1.88317 -0.0451176 0.456157 0.524719 -0.82375 0.528324 -0.824966 0.989254 0.243892 1.63974 0.346598 0.540995 -1.39135 
6.57714 -0.359369 -0.735551 -0.491486 -0.683893 -0.257444 0.167295 -0.164927 -0.288792 -0.209345 0.100336 -0.0194085 0.0277224 -2.54778 0.475355 -0.223085 0.42285 -0.127969 -0.919323 -0.190216 2.1226 0.550008 1.31927 0.528662 -0.761797 -1.07988 -3.4295 0.52996 0.167099 -0.229169 -1.26786 0.728447 -0.479755 0.992958 -0.537688 1.02973 -0.019193 0.676199 -0.353659 
6.51953 -0.364485 -0.698322 -0.519931 -0.666371 -0.235076 0.1086 -0.149874 -0.251614 -0.167393 0.128721 -0.0044099 -0.0181273 -5.10356 0.555428 0.301134 0.00298163 -0.951792 -1.03312 -0.357312 2.67149 0.212361 1.73688 0.35189 -0.563535 -1.07765 -5.04423 0.798721 0.131718 -0.862582 -1.70438 0.0777007 0.0884731 1.067 -1.29111 0.173487 -0.588359 0.437315 0.787266 
6.48709 -0.366079 -0.699704 -0.517464 -0.712837 -0.219055 0.149318 -0.0552028 -0.258335 -0.0786716 0.150694 -0.0400837 -0.0727165 -10.8335 0.251712 0.623315 -0.257507 -2.29296 -1.22886 0.616303 3.27363 0.224179 1.99272 -0.0306088 -0.52176 -1.5352 -9.21622 0.241271 0.467531 -1.1388 -2.16823 -0.838906 1.13164 0.801589 -0.974017 -0.547999 -1.11931 0.0845232 0.874709 
6.36719 -0.354239 -0.715163 -0.501965 -0.751707 -0.204993 0.149162 0.00927719 -0.290339 -0.0893849 0.134128 -0.0039889 -0.0565934 -17.7307 0.767366 1.08875 -0.087199 -2.13724 -1.08987 -0.0672576 1.94638 0.666252 2.05649 -0.409615 -0.480684 -1.35745 -13.7811 0.0185678 1.06252 -0.398771 -1.11736 -1.03728 0.679576 -1.10775 0.530085 -0.301172 -1.06965 -0.417914 0.150195 
6.02994 -0.23864 -0.75266 -0.501989 -0.789251 -0.298128 0.0907687 0.0242174 -0.312524 -0.0779266 0.115685 -0.0236022 -0.0226458 -21.8665 1.3414 1.47755 0.299476 -1.78002 -1.13653 -0.851832 0.560977 0.713769 1.68379 -0.547293 -0.405687 -1.25168 -13.1335 -0.00123057 1.41622 0.976979 0.781921 -0.24456 -0.683286 -3.30048 1.70833 -0.169505 -0.452563 -0.307266 -0.767657 
5.76483 -0.306788 -0.615702 -0.627746 -0.885693 -0.322471 0.128364 0.135372 -0.343521 -0.0281259 0.1003 -0.0306453 -0.0295589 -28.1075 0.987385 3.04655 0.562729 -0.210051 -1.68085 -1.75343 -0.545363 0.589522 0.575709 -0.854699 -0.0490098 -0.280127 -10.9638 0.279394 1.982 2.05723 3.81833 0.209937 -2.93348 -4.69368 1.5111 -1.12301 0.0918546 0.403521 0.0964671 
4.75925 -0.398582 -0.623419 -0.589226 -1.07399 -0.369448 0.381787 0.225368 -0.25915 0.00208443 0.0461894 -0.0754359 -0.177859 -31.9158 -0.173114 4.32245 1.75774 2.54968 -0.732558 -2.43374 -1.51591 1.37162 -0.307001 -1.27693 0.335011 0.384861 -3.42202 -0.571579 2.71821 2.56555 6.93978 1.37275 -4.2134 -3.66306 0.551904 -2.11377 0.161008 1.20163 1.99676 
4.00232 -0.199681 -0.563575 -0.452442 -0.813885 -0.323853 0.000817086 -0.155074 -0.131813 0.0432586 0.0458363 -0.0718409 -0.114608 -30.531 -2.44708 4.95883 3.55375 3.90105 0.68675 -2.8596 -2.51101 2.0005 -0.416203 -1.41061 0.608039 0.57295 5.29303 -4.14902 2.30007 2.70627 5.39682 2.48493 -1.37306 -0.00501778 -0.32274 -2.17517 -0.338821 1.49487 2.37412 
4.01293 -0.143234 -0.530233 -0.399908 -0.804191 -0.370426 -0.0758616 -0.192592 -0.186497 -0.0020777 0.0863851 -0.0459169 -0.167024 -27.319 -3.69454 4.79892 4.27938 5.0156 1.8467 -3.07398 -2.92586 2.59587 -0.371442 -1.20433 0.96551 0.682681 9.53195 -5.61746 0.428701 2.03782 2.31674 3.20809 1.20697 1.91896 0.445309 -0.372182 -0.565609 0.864568 1.4859 
2.8484 -0.322066 -0.171892 -0.470368 -0.548094 -0.464501 -0.159456 -0.151285 -0.250718 -0.167235 0.0247972 0.034597 0.0503824 -22.5867 -3.45368 4.01264 4.0194 6.24056 1.99554 -3.25107 -2.78187 2.05571 -0.682498 -1.20697 0.702561 1.32761 15.0726 -2.97861 -2.95191 0.252149 -1.65683 2.42772 2.81219 2.18284 0.555521 1.73435 -0.106558 -0.673516 -0.705751 
2.59637 -0.507967 -0.150789 -0.196595 -0.238609 -0.171069 -0.112451 -0.132744 -0.0610866 -0.152805 -0.0582741 0.0361859 0.0367183 -15.5287 -3.61763 3.32835 2.67104 6.1118 2.0725 -3.23683 -1.51588 1.05014 -0.580043 -0.777987 0.569445 2.02683 13.1986 1.65634 -4.29676 -3.34004 -4.2598 -0.980385 1.97401 1.72898 -1.0985 2.01249 0.917089 -1.56957 -1.11497 
2.95443 -0.820213 -0.17206 0.0314074 -0.425676 -0.0573404 -0.155002 -0.252937 -0.0433564 -0.0666819 -0.0603528 0.0631788 -0.000558605 -10.6365 -3.55246 2.21751 1.37045 4.85295 1.71823 -1.26744 0.0836838 0.309038 -0.148351 -0.585549 0.177053 1.41907 7.33933 5.97333 -3.25491 -5.64873 -2.20551 -3.24116 0.440915 1.24906 -2.42858 0.902399 1.35588 -1.64551 -0.46178 
2.67792 -0.691918 -0.219899 -0.118343 -0.364503 -0.0993289 -0.178015 -0.237909 0.0420135 -0.0118021 -0.00741672 0.0649869 -0.0222625 -7.18539 -2.30532 1.08807 0.341001 3.72381 1.22986 -0.266716 0.474575 0.190713 0.466906 -0.453965 -0.346939 0.860091 4.14197 4.98219 -1.06199 -4.26799 -1.26554 -3.29872 0.884466 1.42295 -2.86866 -0.345464 0.836482 -0.965645 -0.280129 
2.55725 -0.548757 -0.205802 -0.268813 -0.193168 -0.209271 -0.177495 -0.178668 -0.131048 -0.0956833 -0.0719792 -0.0483578 0.0776853 -2.5763 -0.471408 -0.154934 -0.327086 2.04996 0.448927 -0.0275708 0.676308 0.163886 0.70264 -0.0811782 -0.646822 -0.00732132 0.660899 1.71847 0.713385 -0.729146 -1.00928 -1.41773 1.06964 0.791459 -0.376754 -0.62934 0.201164 0.404853 -0.700727 
2.60187 -0.642305 -0.214787 -0.325414 -0.262026 -0.1746 -0.243723 -0.0878364 -0.163284 -0.058996 0.00824283 -0.0132844 0.124982 -2.12781 0.799531 -0.183777 -1.59155 1.07483 -0.894339 -0.0173753 0.539692 -0.658764 0.384553 0.413014 -0.307337 0.139138 0.948386 -0.251831 0.592628 2.25072 -0.939976 0.353281 1.14578 -0.714828 1.57921 -0.409696 -0.343421 1.01755 -1.21351 
2.52667 -0.554159 -0.211549 -0.286041 -0.153261 -0.186716 -0.164737 -0.172737 -0.157574 -0.022167 -0.00627045 -0.0177749 0.0222475 -2.60567 1.4966 0.0837232 -1.55984 1.34438 -1.28778 -0.0610892 0.688324 -0.366469 -0.0501764 0.265603 -0.282618 0.253111 1.63202 -1.37591 0.197701 2.43588 -1.79248 0.492872 -0.343057 -1.16063 1.84809 -0.339916 -0.201707 1.02236 -0.269175 
2.55442 -0.546189 -0.188038 -0.313439 -0.215781 -0.231552 -0.0673204 -0.0988801 -0.135655 -0.0338064 -0.0341573 -0.0407534 0.00540718 -1.18772 0.711529 0.405694 -0.171555 0.85252 -0.809533 -0.00212412 0.186133 -0.377261 -0.32686 -0.0998969 -0.238191 0.053338 0.470269 -0.659131 -0.0659245 1.31613 -0.503218 0.334202 -1.40968 -1.26089 0.680046 -0.423857 -0.110512 0.33642 0.563735 
2.46868 -0.556682 -0.164222 -0.254015 -0.214551 -0.223402 -0.178902 -0.0852232 -0.0453868 -0.091283 -0.044541 -0.00935926 0.0238212 1.98134 -0.00317055 0.107009 -0.631699 -1.1781 0.480374 -1.05103 0.222358 0.192571 -0.0675205 -0.0594734 0.557656 -0.181153 3.39254 -0.451486 -0.352968 -1.00386 -1.10961 1.05042 -1.84356 -0.236769 -1.06356 -0.115784 -0.242506 -0.0963277 0.83601 
2.49812 -0.577246 -0.217105 -0.27856 -0.212581 -0.209635 -0.157407 -0.194603 -0.128789 -0.0455926 0.0300637 0.0589796 0.0532426 3.20134 0.10963 0.260895 -0.804229 -1.82675 0.751532 -1.83841 0.186611 -0.311152 -0.336534 -0.472305 0.400501 0.296564 5.17742 -0.416891 -0.0244749 -1.89328 -2.24453 1.70923 -2.14122 1.10138 -1.40938 0.0316863 -0.560643 -0.280706 0.577901 
2.49401 -0.552132 -0.180702 -0.248782 -0.204391 -0.275252 -0.229128 -0.157296 -0.0566098 -0.0623807 -0.0251815 -0.0156023 0.0629162 5.02792 0.335627 1.54399 -0.0336625 -2.60653 0.821128 -3.02285 0.335348 -1.30995 0.297843 -0.394583 -0.231029 1.19629 5.40476 0.425716 1.33203 -0.76218 -2.45715 1.44997 -1.68721 0.999117 -2.03489 0.872692 -0.351354 -0.508971 0.581653 
2.49479 -0.543403 -0.147973 -0.207687 -0.152355 -0.225538 -0.179438 -0.175899 -0.153425 -0.107917 -0.068832 -0.0573634 0.0376253 9.32846 1.93294 2.80006 0.271254 -3.60018 1.28013 -3.05771 -0.0560274 -2.19418 0.753019 -0.272538 -0.8615 1.27398 6.48614 2.25005 3.01175 0.961715 -2.61658 0.308723 -0.750631 0.363898 -1.67781 1.41855 0.196207 -1.09404 0.812745 
3.1633 -0.616975 -0.237317 -0.542381 -0.54518 -0.0121854 -0.433749 -0.040821 -0.142498 -0.0528194 -0.0356411 0.0980959 0.0656216 13.0093 3.38731 3.58894 0.353841 -4.76475 1.22855 -2.19235 0.0176584 -2.60308 1.15492 -0.089917 -1.47817 1.3416 4.71666 4.17388 3.84463 3.50211 -0.620372 -1.40295 1.74904 -1.18312 -0.974391 1.16853 0.64182 -2.0702 0.563349 
2.94822 -0.570316 -0.14615 -0.3884 -0.459026 -0.107659 -0.432952 -0.0835928 -0.240688 -0.0903105 -0.0753078 0.00980341 0.14071 15.3205 4.18089 4.19855 0.812556 -5.32347 0.566818 -1.17805 -0.129708 -1.76562 1.01453 0.268001 -1.83191 1.16868 5.74281 3.83085 2.08299 2.28371 -0.429927 -1.76143 3.66419 -1.69507 0.976306 0.512028 1.2962 -1.34748 -0.421013 
3.14183 -0.430471 0.162298 -0.111771 -0.472201 -0.175986 -0.513294 -0.127243 -0.351572 0.0910211 -0.0537794 -0.138091 0.202846 17.3347 4.07404 3.93506 1.14201 -5.39296 0.043406 0.0696081 -0.786264 -0.864019 0.996841 0.899429 -1.66231 0.694115 4.19829 0.704641 -1.64575 -0.485698 -0.0610572 -1.50292 4.17834 -1.12791 3.45264 -1.28561 1.13897 0.268961 -1.55491 
3.98931 -0.144867 0.245763 -0.223989 -0.714169 -0.063837 -0.392025 -0.165996 -0.37714 0.0376888 -0.0400623 -0.163416 0.145224 18.0215 3.75939 3.113 1.3908 -4.80491 -1.07951 1.52581 -1.12981 0.293084 0.813635 1.22175 -1.69191 0.18923 -0.82275 -3.528 -4.23567 -1.49372 1.4046 -1.58789 2.95975 -0.355037 3.95859 -1.61034 0.753243 1.45648 -1.74005 
4.16534 -0.0882404 0.213907 -0.229811 -0.818975 -0.104716 -0.345565 -0.140367 -0.340595 0.0538843 0.00149214 -0.167652 0.194498 16.7409 3.49044 1.80695 1.45396 -3.24529 -2.13359 3.43371 -1.2902 1.00592 0.372248 1.04213 -1.73486 -0.541209 -2.95472 -4.7762 -4.78684 -2.05475 2.18945 -1.16612 1.34264 0.451623 2.60759 -1.12784 -0.160434 1.72206 -1.60943 
4.33286 -0.125836 0.239805 -0.189152 -0.81985 -0.235732 -0.238412 -0.223073 -0.193079 0.0120785 0.0672083 -0.172887 0.158621 16.7402 2.5988 -0.337943 -0.199663 -3.1688 -1.95431 3.79337 -0.48913 1.8959 -0.0840906 0.947094 -0.755037 -1.337 -4.86643 -2.7151 -3.70725 -1.39449 2.63786 -0.509489 0.174586 1.39671 -0.12961 -0.386895 -1.22651 0.947448 -0.94979 
4.68784 -0.217527 0.188641 -0.17457 -0.851327 -0.221445 -0.22182 -0.248108 -0.109712 0.0114814 0.0702676 -0.168359 0.080132 13.891 1.59102 -2.61105 -1.15337 -2.29498 -2.11042 3.66268 0.407978 2.11488 -0.790189 0.745471 0.0451762 -1.81298 -4.85748 0.516786 -2.13851 -0.994103 1.67627 0.116262 -0.837769 2.17734 -1.99266 0.143662 -1.22228 0.436751 -0.253107 
4.90856 -0.210938 0.104929 -0.205958 -0.856867 -0.292251 -0.0961345 -0.229864 -0.131292 0.00535592 0.0720982 -0.181765 0.0671818 9.47169 0.725962 -3.34407 -0.585827 -0.877849 -2.56084 2.8015 0.83713 1.77934 -0.742038 0.600053 0.298069 -1.77605 -4.65414 2.00525 -0.946002 -0.468621 0.55412 0.738623 -1.8067 1.85579 -1.89497 -0.197627 -0.528612 0.4988 0.0615941 
5.01937 -0.125127 0.0144287 -0.293031 -0.842138 -0.341436 -0.0120751 -0.178965 -0.140011 0.0146652 0.0254966 -0.17444 0.0434736 5.41812 1.04864 -2.75873 -0.457428 0.55795 -2.66424 2.03575 0.626861 1.16694 -1.02728 0.398401 0.49224 -1.45261 -7.53467 1.10855 0.9539 1.09 1.22144 0.0641262 -2.44699 0.164977 -0.88972 -0.52809 0.499575 0.44849 0.855622 
5.13486 -0.0842668 -0.0430008 -0.325196 -0.894337 -0.328761 -0.0394063 -0.108214 -0.106028 -0.027299 0.0287345 -0.142343 -0.00639797 0.764425 1.83971 -2.10809 -0.746328 2.0624 -2.60924 1.3938 -0.478455 1.67473 -0.94074 -0.897546 1.66692 -0.899662 -9.83732 0.124204 2.68432 1.47483 3.10723 -0.864133 -1.61536 -2.93727 1.17951 -0.39093 -0.349468 1.21179 1.3417 
5.18448 -0.0384468 -0.140434 -0.288396 -0.889983 -0.372408 -0.0644035 -0.0475878 -0.141926 -0.036495 0.067766 -0.136989 -0.0383101 -3.07665 2.09811 -1.06232 -0.760329 3.25496 -2.85999 0.980917 -1.62357 2.3462 -0.883601 -1.78556 2.60308 -0.450619 -9.15948 -0.553271 3.45293 0.428238 3.89865 -0.886483 -0.414247 -4.71456 2.75773 0.0766152 -2.15108 2.15057 1.32852 
5.109 -0.0446064 -0.139544 -0.22887 -0.845429 -0.426767 -0.0544596 -0.101013 -0.117259 -0.0611434 0.0906751 -0.125648 -0.0325087 -4.99738 1.62899 -0.168888 -0.354893 3.61802 -2.43474 0.4101 -2.72506 2.99891 -0.618997 -2.4328 3.16829 -0.137081 -4.93827 -0.630798 2.42282 -0.743244 2.47955 -0.079208 0.519849 -3.94851 2.72231 0.755917 -3.20884 2.28998 0.840432 
4.63288 -0.00821012 0.0102558 -0.227657 -0.631607 -0.54289 -0.0674829 -0.205869 -0.0959361 -0.115869 0.0955841 -0.105562 0.0523083 -4.00697 0.607694 -0.571866 0.513605 3.51953 -1.68285 -0.144152 -2.66157 2.22093 -0.704636 -1.377 2.80531 -0.483533 3.94484 -1.27321 -0.928787 -0.329911 -1.05725 1.79582 0.193351 -0.290924 0.190353 0.89396 -1.03318 0.630193 -0.820426 
4.42369 0.0722688 0.00752493 -0.325622 -0.462797 -0.571956 -0.0134703 -0.471636 0.208734 -0.0815543 -0.196021 0.159324 0.024864 -0.140203 -0.147954 -1.84925 0.8487 2.30838 -0.775813 -0.0587365 -1.55507 1.08982 -0.682683 -0.372357 2.09083 -0.695591 12.4301 -2.14686 -4.08079 1.26778 -4.86374 3.15245 -0.71532 4.79301 -4.17126 0.0833102 3.75048 -2.72849 -1.68695 
4.48204 0.0262222 0.0223363 -0.331673 -0.450633 -0.601435 -0.00712201 -0.46102 0.202589 -0.0705083 -0.225561 0.187982 0.00132584 4.58356 -0.744049 -3.20526 0.689447 1.19785 0.132249 -0.0936741 -0.290534 -0.329354 -0.678612 0.566062 1.5945 -0.800067 15.4482 -1.86442 -5.6902 1.78311 -5.42909 3.03618 -0.981802 6.60844 -6.2487 -0.62254 6.13844 -3.99314 -1.38379 
4.55569 -0.00302986 -0.00615855 -0.280672 -0.526356 -0.541718 -0.00952246 -0.478306 0.192608 -0.0385423 -0.242386 0.179802 0.0262368 9.33782 -1.14049 -4.77806 0.473342 0.0282387 1.17275 -0.526991 1.75837 -2.19274 -0.642287 1.52635 0.935415 -0.709232 12.2432 -0.914789 -4.50399 0.583695 -3.05416 1.69407 -0.819177 5.57336 -5.50762 -0.928592 4.93074 -2.88922 -0.0672014 
4.97455 -0.095685 -0.274322 -0.152196 -0.553574 -0.451621 -0.109414 -0.267416 -0.0625104 -0.130952 0.102923 0.0515514 -0.136047 13.2793 -1.46 -6.12476 0.330556 -0.847702 1.86087 -0.818577 3.63482 -3.72238 -0.88722 2.47715 0.301017 -0.592549 3.59036 0.548483 -0.846127 -1.61723 0.531035 -0.127874 -0.136748 1.93224 -1.85808 -0.431927 0.101978 0.0232959 1.97508 
5.57162 -0.107723 -0.474611 -0.163265 -0.774329 -0.391193 -0.0578914 -0.0796771 -0.122699 -0.149768 0.156094 0.0128486 -0.12362 14.2565 -1.55528 -6.38832 0.205298 -0.862507 2.04944 -1.18217 4.87573 -4.82212 -1.4125 3.36117 -0.397846 -0.0446285 -4.78367 1.13859 2.0424 -2.44878 3.52312 -1.0141 -0.130772 -1.40151 1.42794 -0.137571 -3.23151 2.12489 2.27498 
5.77957 -0.114559 -0.544738 -0.214205 -0.666972 -0.419221 -0.0652696 -0.103782 -0.232865 -0.142891 0.168139 0.0740875 -0.0761589 12.9911 -1.16575 -5.99247 -0.515116 -0.0762164 2.20964 -1.39345 4.52963 -4.04708 -1.65256 2.63265 -0.077311 0.606462 -8.21626 0.842386 3.15701 -1.73759 3.14038 -0.577577 -0.340647 -2.10839 3.11367 -0.281474 -3.51537 1.67833 1.56003 
5.88634 -0.129495 -0.602581 -0.246671 -0.630345 -0.354168 -0.140084 0.0176334 -0.330755 -0.152231 0.159667 0.0808136 -0.00488101 10.3245 -0.706018 -4.91436 -1.34613 0.857561 2.16367 -1.61646 3.75487 -2.6934 -1.69966 1.35927 0.41137 1.27451 -7.61308 0.530948 2.65405 -0.62151 1.50747 0.224258 -0.407654 -2.33127 3.71244 -0.327819 -2.27685 0.569938 0.475407 
5.95295 -0.125324 -0.662705 -0.292317 -0.547709 -0.369752 -0.136001 0.0576076 -0.325361 -0.220668 0.151637 0.12726 0.00268654 6.42596 -0.197489 -3.27307 -1.99155 1.46336 2.28283 -1.70074 2.16032 -0.750242 -1.23694 -0.57183 0.911959 2.10777 -4.72935 0.276251 1.53018 0.16871 -0.381946 1.17482 -0.666341 -1.8084 2.95632 0.200146 -0.887858 -0.624229 -0.109663 
6.01806 -0.13494 -0.709959 -0.305313 -0.525273 -0.335234 -0.15811 0.0694473 -0.296563 -0.262231 0.144044 0.149264 0.0132733 3.07541 0.00250635 -2.27506 -1.96542 1.99251 2.6119 -2.2362 1.17938 0.419964 -0.962376 -1.23426 0.799402 2.17493 -2.60834 0.416631 0.986406 0.145577 -1.31851 1.28696 -0.56445 -1.41325 2.10543 1.05323 -0.875387 -0.894211 0.215933 
6.06516 -0.14602 -0.721746 -0.35106 -0.509427 -0.254077 -0.210203 0.0737325 -0.258865 -0.270408 0.117529 0.136712 0.0636126 1.57912 0.158928 -1.77053 -1.84055 1.45996 2.91648 -2.40039 0.864534 1.54482 -0.757502 -1.5839 0.374133 2.0181 -2.10261 0.463237 0.756414 0.132096 -0.74246 0.51266 -0.443647 -1.04298 1.02097 1.29436 -0.802204 -0.590444 0.212628 
6.05229 -0.125483 -0.752014 -0.377504 -0.499419 -0.189306 -0.270254 0.0896396 -0.223421 -0.283189 0.096629 0.137273 0.106961 0.477345 0.323604 -1.15614 -1.90499 1.13686 2.86696 -2.08852 0.0378253 2.20516 -0.23999 -1.72566 -0.10372 1.78612 -1.66829 0.273787 0.784902 -0.0117528 -0.268831 -0.294208 0.155538 -0.532151 0.298851 1.07881 -0.459401 -0.599559 -0.163898 
6.0448 -0.114646 -0.769189 -0.406316 -0.498956 -0.119634 -0.298354 0.0439665 -0.170077 -0.248863 0.0337751 0.137798 0.143536 -0.5695 0.513779 -0.643072 -2.00645 0.892661 2.84189 -2.01575 -0.27915 2.32841 0.42268 -1.82457 -0.712685 1.69562 -1.4328 0.182873 0.833255 -0.24571 0.179685 -1.06053 0.790256 -0.199288 -0.0506138 0.557443 0.170798 -0.762639 -0.67535 
6.03052 -0.103864 -0.785561 -0.430434 -0.477248 -0.0742583 -0.358492 0.064321 -0.13509 -0.232969 -0.0116533 0.134324 0.184189 -1.52246 0.786921 -0.421089 -2.07154 1.0269 2.36183 -1.72133 -0.418663 2.38337 0.873812 -1.9649 -0.996123 1.30954 -1.33776 0.231425 0.681911 -0.318353 0.296776 -1.23571 1.13646 -0.241836 -0.132196 0.403272 0.427878 -0.859728 -1.04045 
6.01173 -0.101754 -0.786381 -0.461474 -0.447644 -0.0615743 -0.392349 0.079108 -0.089335 -0.252376 -0.0285616 0.125217 0.192718 -2.45818 1.0518 -0.158517 -2.13366 0.982009 1.96119 -1.16615 -0.688628 2.28815 1.2785 -1.8528 -1.26065 0.609173 -1.50746 0.472021 0.427023 -0.312551 0.105154 -0.762183 1.09215 -0.431335 -0.209358 0.677812 0.317571 -0.757794 -1.18105 
5.96045 -0.0896531 -0.749197 -0.519677 -0.44781 -0.0326602 -0.347724 0.0209691 -0.0594189 -0.208465 -0.0378134 0.0636147 0.193687 -3.22431 1.29664 -0.014528 -2.25856 1.06005 1.78361 -0.853228 -0.960228 2.36695 1.59057 -1.75487 -1.48985 -0.107176 -1.579 0.707382 -0.1161 -0.063795 0.0270382 -0.159394 0.426016 -0.384124 -0.000434592 0.668269 0.0268052 -0.182589 -1.2945 
5.88594 -0.0583819 -0.75334 -0.564716 -0.419075 -0.0112239 -0.384595 0.0278206 -0.0279656 -0.176894 -0.0679959 0.0198108 0.207422 -4.01459 1.58633 0.0393677 -2.36964 1.1891 1.79606 -0.950288 -0.791744 2.26957 1.658 -1.45503 -1.63563 -0.791486 -1.36999 0.660075 -0.273141 0.0386414 -0.0362099 0.492694 -0.205196 -0.248223 0.113589 0.455015 0.0305966 0.23657 -1.35472 
5.82605 -0.0250765 -0.788646 -0.57808 -0.374943 -0.0197549 -0.395415 0.0247653 0.0239175 -0.150397 -0.125231 0.0278836 0.177144 -4.87755 1.85198 0.254813 -2.45012 1.00361 1.88484 -0.696076 -0.635467 1.81762 1.72961 -0.915135 -1.84023 -1.4623 -1.2743 0.45184 0.120863 -0.0892755 -0.22502 0.82422 -0.487168 0.375217 -0.404673 -0.0224016 0.751355 0.0387536 -1.1365 
5.71725 0.00993973 -0.750916 -0.632531 -0.404582 0.0444523 -0.367442 -0.0308578 0.037694 -0.0924881 -0.12185 -0.0197385 0.128951 -5.67101 2.11977 0.252645 -2.47044 1.01333 1.93328 -0.590505 -0.493777 1.36905 1.82579 -0.566071 -1.92749 -1.94552 -1.11509 0.238357 0.268913 -0.111473 -0.00771526 0.340777 -0.313343 0.942387 -0.950975 -0.477313 1.20119 -0.184839 -0.757588 
5.62556 0.0550006 -0.776068 -0.67285 -0.36348 0.0936935 -0.415222 -0.0616995 0.117642 -0.0629835 -0.158723 -0.0374668 0.0909521 -6.59495 2.29611 0.362293 -2.36407 0.978704 1.6552 -0.333204 -0.264608 0.917704 1.63206 -0.334716 -1.78057 -2.18644 -1.39725 0.10822 0.593353 -0.041433 -0.124109 -0.54617 0.736571 0.874988 -1.57491 -0.498125 1.20179 -0.343365 -0.248932 
5.52572 0.0907966 -0.774337 -0.716785 -0.326754 0.147178 -0.493909 -0.00542028 0.123418 -0.0563115 -0.151181 -0.0608569 0.0516111 -7.69323 2.32125 1.04266 -2.41741 0.673038 1.17051 0.633381 -0.436802 0.289613 1.15777 0.0459029 -1.57037 -2.41791 -1.93466 0.0525177 0.945109 0.0747333 -0.35148 -1.53064 2.07017 -0.0333707 -1.52182 -0.619085 0.592002 0.07067 0.094704 
5.38526 0.125311 -0.718061 -0.757941 -0.362801 0.163292 -0.426879 0.0248543 0.0548052 -0.0414561 -0.0745544 -0.125751 -0.00457006 -8.58196 2.09623 1.80899 -2.23218 0.444103 0.779578 1.62543 -1.05473 -0.334722 0.595046 0.140174 -1.4143 -2.39941 -2.00314 -0.230592 1.23305 0.372482 -0.36801 -1.73663 2.63041 -1.49836 -0.829569 -0.904817 -0.503162 0.809316 0.251421 
5.25561 0.172356 -0.739218 -0.80066 -0.307094 0.167217 -0.420999 -0.00901351 0.068136 -0.0033307 -0.092558 -0.157958 -0.0455169 -9.33895 1.72764 2.44638 -1.46622 0.399222 0.148483 2.63258 -2.01008 -1.04737 -0.0516897 -0.321693 -1.07101 -2.1619 -1.7566 -0.733118 1.79203 1.03315 -0.630867 -1.18372 2.66018 -2.71431 -0.722382 -1.29616 -1.15471 1.07895 0.363788 
5.05274 0.215914 -0.698653 -0.822742 -0.312648 0.130104 -0.356372 -0.0239611 0.0610561 0.00586273 -0.121076 -0.161104 -0.0530263 -9.86745 1.05594 3.26221 -0.131682 0.0583202 -0.161815 3.21445 -2.7878 -2.18474 -0.818871 -0.778406 -0.774475 -1.69023 -0.678274 -1.38775 1.65823 2.31423 -0.434033 -0.163149 1.1883 -2.73414 -1.19608 -1.64622 -1.45144 0.901132 0.622892 
4.83351 0.242403 -0.580521 -0.880234 -0.346451 0.0902279 -0.225839 -0.0773956 0.0170719 -0.0546068 -0.0953242 -0.139859 -0.113312 -9.99346 0.368129 3.63322 1.25574 0.500749 -0.519503 3.28867 -4.03477 -2.93118 -1.3556 -1.26921 -0.22332 -1.02788 0.559679 -1.76104 0.738791 3.52012 0.492618 0.452048 -0.930431 -1.95892 -1.84881 -1.28088 -1.27305 0.567219 1.27182 
4.6973 0.223786 -0.511682 -0.854433 -0.337846 0.117593 -0.142911 -0.221985 -0.00218314 -0.0777147 -0.143561 -0.149508 -0.14474 -10.0495 -0.389682 3.75393 2.69577 1.21681 -0.422396 2.69519 -4.87916 -3.9331 -1.94142 -1.2456 0.775268 0.158596 0.84556 -1.60548 -0.186494 3.64068 1.43578 0.44415 -2.30968 -0.69656 -2.52038 -0.808422 0.02139 0.922991 2.17032 
4.50794 0.216808 -0.43937 -0.764975 -0.326692 0.100421 -0.0651922 -0.364972 -0.082669 -0.107044 -0.229943 -0.155122 -0.14018 -9.90911 -1.38549 3.39921 4.03335 1.8956 0.21214 1.86161 -5.13538 -4.45667 -2.20029 -0.724338 1.44143 0.838425 0.77493 -1.43852 -1.39944 2.55242 2.31424 0.765325 -2.97556 0.369694 -1.61227 -0.108608 1.522 1.5207 2.24455 
4.37153 0.157728 -0.354603 -0.601488 -0.351585 0.130405 -0.123921 -0.348471 -0.232718 -0.198703 -0.259059 -0.153034 -0.100728 -9.4307 -2.51161 2.26378 5.04257 2.4402 0.387868 0.967264 -4.34141 -4.39815 -1.51591 -0.34581 1.33452 0.864652 0.282309 -1.41779 -2.45161 0.794481 2.05084 0.523099 -1.8596 1.33563 0.34588 1.2585 2.1732 1.13599 0.906104 
4.25034 0.134322 -0.335292 -0.530108 -0.19388 0.078494 -0.130229 -0.506632 -0.302523 -0.204524 -0.255792 -0.100542 -0.0629802 -8.99621 -3.63055 0.401638 5.34014 2.83691 0.561646 0.196112 -2.84435 -3.74213 -0.463603 0.191259 1.01453 1.21811 0.0910149 -1.87567 -3.35521 -0.661554 0.335331 0.520944 -0.455519 3.07996 2.257 2.31478 1.84521 -0.386175 -0.687639 
4.04883 0.0919074 -0.289835 -0.426355 -0.12898 0.121537 -0.127547 -0.587572 -0.478654 -0.260523 -0.160883 0.0247845 0.0787442 -8.55515 -4.56349 -1.70039 3.88252 1.96323 0.764899 0.463393 -0.76361 -1.91569 0.598948 0.798931 1.07471 1.57408 0.806582 -2.18181 -4.39619 -2.63122 -1.96078 0.2379 1.07713 4.45186 4.64074 3.14597 0.370973 -1.85998 -1.52735 
3.90429 -0.0104565 -0.357911 -0.327913 -0.0437967 0.229342 -0.179768 -0.623911 -0.423817 -0.248407 -0.134679 0.0442064 0.0290924 -7.70788 -5.03904 -3.23947 2.22948 0.837162 0.505562 0.46673 1.35972 0.722289 2.06835 1.59952 0.45735 1.09073 1.54104 -1.39672 -3.79217 -4.11401 -3.86458 -0.766846 1.72547 5.00616 5.50962 3.09512 -0.18749 -2.25576 -0.986823 
3.78062 -0.135782 -0.436609 -0.249098 -0.0672235 0.126245 -0.140532 -0.48122 -0.414617 -0.111991 -0.162889 -0.0663126 -0.0747087 -7.00963 -4.90496 -4.07922 0.207479 -0.686305 -0.127546 0.759877 2.87859 2.26193 2.41383 1.99563 -0.112007 0.639574 2.02865 0.273294 -1.71992 -4.79504 -4.3012 -1.04589 0.916456 3.62858 4.33751 0.914504 0.31226 -1.09566 0.125955 
3.65447 -0.265472 -0.593338 -0.261516 -0.0372895 0.161906 -0.120401 -0.404812 -0.377078 -0.0586638 -0.105189 -0.0927411 0.00918841 -6.30897 -4.60521 -3.95476 -0.595476 -1.45653 -0.343828 0.41903 4.33413 3.32393 1.7591 2.1393 -0.370123 0.283432 1.8688 2.0136 1.39699 -3.10967 -2.35012 -1.38377 -0.610821 1.27071 1.83027 -1.7279 0.721745 0.317376 0.081148 
3.58059 -0.372427 -0.774646 -0.488142 -0.243791 0.227071 0.0350335 -0.287314 -0.139026 0.00335179 -0.115756 -0.00716256 0.100726 -5.65214 -3.80081 -3.33329 -1.55432 -2.19927 -1.65815 0.50049 4.28425 3.57204 1.63148 1.48167 -0.0498966 0.245478 0.851641 2.88312 3.95961 0.161026 0.472981 -1.9642 -1.92974 -1.36855 -2.13005 -3.2458 0.335615 1.35235 -0.0843024 
3.53917 -0.388517 -0.768488 -0.471226 -0.291981 0.111428 -0.0693941 -0.148408 0.0489027 0.14844 -0.01234 -0.131314 -0.0163093 -5.52542 -2.65389 -1.9491 -2.19636 -2.25955 -2.71044 0.432218 4.11055 3.40987 1.2197 0.926675 -0.0679761 0.327097 -0.355651 2.43269 4.11756 1.64022 2.27771 -1.71128 -1.27987 -2.71555 -3.59558 -2.87597 -1.39591 1.52868 -0.0997962 
3.44908 -0.380463 -0.748249 -0.579486 -0.393807 0.0379095 -0.0757109 -0.102394 -0.112303 -0.0393428 0.0273245 -0.107747 0.0181477 -5.30072 -1.57495 -0.483459 -1.92838 -1.62094 -2.55959 0.143966 2.64363 2.10707 -0.0108163 0.779481 0.717442 0.304818 -0.751112 1.41048 2.83532 2.10826 2.6713 -0.934145 0.0412452 -2.91543 -2.86975 -0.521829 -2.21172 0.897923 -0.326822 
3.35548 -0.414512 -0.690375 -0.432711 -0.191158 0.0890078 -0.163427 -0.0732092 -0.0515623 -0.157894 0.0649243 -0.0207023 0.0321674 -5.21574 -0.873181 0.986307 -0.939187 -0.591744 -2.39987 0.137794 1.41029 0.87791 -0.418164 0.179839 0.678022 -0.131844 -0.440079 0.516353 1.05277 0.866614 1.35533 0.562902 1.39367 -2.46908 -1.72422 1.17659 -1.86389 -0.28956 -0.252998 
3.242 -0.402152 -0.674201 -0.518714 -0.34131 -0.130962 -0.0598419 -0.183049 -0.122489 -0.00863821 -0.0584866 0.0913521 0.0977538 -4.9739 -0.509311 1.80122 0.196185 0.707471 -1.91076 0.102356 0.255391 -0.461168 -0.636262 -0.227189 0.465493 -0.248545 0.672892 -0.133842 -0.0435786 0.610602 1.03462 2.75428 1.2246 -1.1861 -0.322076 0.746183 -0.305602 -1.24447 -0.509807 
3.10928 -0.397623 -0.625074 -0.566355 -0.28868 -0.171623 -0.0830313 -0.0319331 0.0401149 0.0392926 -0.102139 -0.10191 -0.00932525 -4.44004 -0.499359 1.68165 0.394279 1.12446 -0.90906 0.734298 -0.539208 -0.870054 -0.56834 -0.725243 0.613459 0.0768096 1.86678 -0.286359 -0.484668 0.974154 0.67103 3.01829 0.476832 -0.939861 -0.533845 0.0310091 0.850218 -0.723416 -0.0538757 
3.07955 -0.409046 -0.603422 -0.496904 -0.260361 -0.0788824 -0.0616214 -0.170905 -0.183895 -0.105584 -0.0182571 0.043014 0.00474768 -3.52572 -0.495959 1.38362 0.64618 1.24428 -0.233649 0.889745 -0.748973 -0.361317 0.262981 -0.75497 0.158852 -0.107101 2.19276 -0.132737 -0.721168 0.380119 0.139304 1.72776 -0.121104 0.0632157 0.315507 -0.0719416 0.56663 -0.571669 0.412925 
2.99303 -0.446327 -0.565398 -0.457368 -0.187572 -0.0248534 -0.0106096 -0.177621 -0.117008 -0.0346055 -0.0670011 -0.0253447 0.0248174 -2.51571 -0.394477 0.983696 0.342919 0.750565 0.210448 0.954823 -0.699454 -0.492697 0.338433 -0.531713 -0.283889 -0.159854 2.21583 0.203541 -0.842703 -0.0975981 -0.439248 0.100358 -0.676575 0.514759 0.664531 -0.0314713 0.331646 0.135357 0.367282 
