2.93785 -0.406883 -0.502546 -0.457035 -0.185726 -0.232862 -0.27106 -0.129212 0.0643852 -0.164175 -0.1918 -0.00603112 0.027066 -2.30186 -0.0058476 2.80105 0.981612 0.0117259 0.425358 0.85034 -0.541899 -1.27781 1.08253 0.846715 -0.385604 0.0755404 -1.85123 -0.0569417 2.4629 0.797818 -0.435164 0.331198 0.789989 -0.342487 -0.670375 1.0429 0.902434 -0.290109 -0.267878 
2.84575 -0.383373 -0.398324 -0.385015 -0.0785227 -0.221919 -0.271316 -0.183518 -0.0661508 -0.15671 -0.208166 -0.0399241 0.0970874 -3.67434 -0.576131 3.24523 1.56423 0.0543005 0.388577 1.1707 -0.452225 -1.42064 1.12165 1.27042 -0.068373 0.0135733 -1.88525 -0.621045 1.93199 1.40913 -0.70854 -0.1812 0.520967 0.0168972 0.138797 0.131172 1.08278 0.514805 -0.675096 
2.74427 -0.45017 -0.416333 -0.546171 -0.253178 -0.145555 -0.13688 -0.11842 0.000700428 -0.00022611 -0.107279 -0.0339937 0.0240493 -4.73604 -1.11563 3.1553 1.68744 -0.0690299 0.404454 1.39444 -0.188524 -1.34748 1.05812 1.64148 0.193155 -0.0631573 -1.74507 -1.00856 0.538673 1.93513 0.206316 -0.731467 -0.245981 0.230283 0.244093 -1.36811 0.59362 1.12061 -0.259339 
2.73444 -0.383713 -0.233373 -0.369866 -0.164053 -0.184999 -0.198511 -0.190537 -0.0445463 -0.00252858 -0.133391 -0.107964 0.0307383 -4.81392 -1.44291 3.00789 1.70272 -0.126079 0.29936 1.45412 0.26547 -1.07213 0.703704 1.61653 0.137566 -0.151513 -1.01751 -1.48678 -1.82613 0.2204 0.177772 -0.507121 -0.115947 1.12741 0.698306 -1.7083 0.110604 1.12241 0.0270706 
2.63474 -0.409958 -0.0733261 -0.250445 -0.192123 -0.208809 -0.179911 -0.210513 -0.108892 -0.0986172 -0.062096 -0.00352816 0.0271999 -4.22726 -1.61228 2.42608 1.75877 -0.27015 0.215783 1.362 0.451185 -1.05743 0.253188 1.26693 0.0516841 -0.179986 0.990686 -0.893434 -3.29532 -1.39455 0.1687 -0.013076 -0.137628 1.2719 0.687067 -0.935336 -0.965476 -0.254196 0.274565 
2.39668 -0.549374 -0.169293 -0.242219 -0.161326 -0.199516 -0.116564 -0.153329 -0.0904303 -0.0547398 -0.0218054 0.0329553 0.029277 -3.23193 -1.81888 1.18308 1.44918 -0.112425 0.555969 0.602278 0.479719 -0.427411 0.295065 0.982747 -0.325372 -0.281156 3.42135 0.421403 -2.63126 -1.8219 0.147082 0.733351 -0.901485 0.3041 0.42518 0.133214 -1.51063 -1.68598 0.264995 
2.33909 -0.5773 -0.219508 -0.303368 -0.196702 -0.178015 -0.102097 -0.115851 -0.0751361 -0.0530445 0.00752884 0.0287763 0.0261388 -1.86282 -1.5611 0.306374 1.06803 0.339309 0.51189 -0.608056 0.379115 -0.181745 0.263791 0.251985 -0.642442 0.123515 4.36567 1.12763 -1.4457 -1.459 0.0254187 0.89671 -1.8806 -0.626342 0.604194 1.27079 -1.48496 -1.94421 0.132752 
2.43535 -0.56685 -0.16312 -0.291934 -0.182875 -0.194545 -0.100871 -0.0649372 -0.0594694 -0.0979832 -0.0416383 -0.0418012 0.0230007 -0.841851 -1.4265 -0.482103 0.229971 0.289624 0.788582 -0.436203 0.928542 -0.169636 0.216155 -0.00701473 -0.44943 0.20109 3.00655 1.25743 -0.127593 -0.24004 0.539487 0.559201 -1.93645 -0.922791 0.0753335 1.02916 -0.807919 -0.592877 0.269507 
2.47586 -0.567365 -0.186862 -0.240466 -0.203918 -0.179587 -0.0962706 -0.115938 -0.155595 -0.10546 -0.085264 -0.058317 0.0369551 6.08609 -0.540292 -2.4929 -0.688459 -0.0176963 0.124446 -0.591806 0.73455 -0.157916 0.710619 -0.0794218 -0.314038 0.437729 6.54715 1.0636 -1.11842 -0.530258 0.0463393 -0.787047 -0.625029 -0.160118 0.000279889 0.419278 0.502532 1.50399 0.393799 
2.46254 -0.616794 -0.27324 -0.277735 -0.133018 -0.0603276 -0.219477 -0.151915 -0.0567591 0.0323165 -0.0422728 -0.144182 0.0212532 12.8847 1.40402 -3.16049 -0.920565 0.0576251 -0.248124 -0.890036 0.0166628 0.161779 0.775106 -0.00636852 0.0940753 0.49204 12.3561 2.12267 -2.44843 -0.819408 -0.455605 -2.07638 1.22938 0.188726 -0.11313 -0.488809 0.992942 2.73846 0.401226 
2.55227 -0.582561 -0.254615 -0.340824 -0.180342 -0.126939 -0.318913 -0.121993 -0.0199647 0.0538202 -0.0960792 -0.121357 0.0587332 16.1007 2.74631 -3.33218 -0.724326 0.340406 0.151868 -0.333897 -0.227945 0.377439 0.560138 -0.00604232 0.777746 0.401486 14.1811 3.29861 -2.52207 -0.448993 -0.250083 -1.05566 2.4187 -0.236926 0.150703 -1.0167 0.958965 2.27406 -0.0861295 
2.51871 -0.579659 -0.174121 -0.242557 -0.112833 -0.118457 -0.153311 -0.0254761 -0.150371 -0.0932421 -0.0762251 -0.0216075 0.0586685 16.424 3.16208 -3.89964 -1.79939 -0.628243 0.857884 0.534897 -0.268223 0.463006 -0.616408 -0.0213307 1.8037 0.297724 7.85494 2.95169 -1.47973 -1.10677 -0.955466 1.09469 1.82303 -0.890282 0.928934 -1.47002 -0.136234 0.944869 -0.479321 
3.95136 -0.507201 -0.647847 -0.407129 -0.253561 -0.297583 -0.162243 -0.0979489 -0.131678 0.021907 0.010826 0.0595462 0.0987281 15.8524 3.17162 -3.11898 -3.11085 -2.78117 0.0881103 1.13798 -0.375749 1.42028 -0.365234 0.320522 2.63313 -0.58219 -8.461 0.479101 2.66835 -1.49568 -2.54293 2.38312 1.0853 -0.761759 1.43312 -1.20489 -0.846166 0.168115 -1.4925 
4.34786 -0.24074 -0.615724 -0.394139 -0.14519 -0.223076 -0.212082 -0.180806 0.00396431 0.0406323 -0.00587319 0.0390598 0.0745666 13.9698 3.57737 -1.40276 -3.30603 -3.78723 -0.297785 2.29692 -0.824363 1.17908 0.0454153 0.325797 2.73063 -1.41037 -17.0667 -2.41125 4.90877 -1.95918 -3.99801 1.03176 0.838 -0.315851 0.778649 0.529009 -0.46433 -0.195992 -2.11649 
4.17808 -0.17467 -0.507386 -0.333259 -0.120089 -0.0451189 -0.0857178 -0.12654 -0.0169072 -0.0492657 -0.0603625 0.0729916 0.0475955 14.6612 4.71166 -0.0827764 -3.52764 -4.67141 -0.178744 2.56947 -1.94944 0.336807 0.761134 0.623147 1.98506 -1.47881 -10.0993 -1.50848 4.96781 -1.56982 -3.96167 -1.9479 0.183538 -1.066 -0.98852 2.51709 0.510984 -0.764079 -1.30864 
3.97225 -0.277718 -0.628087 -0.597408 -0.378417 0.0431099 -0.017926 -0.115608 -0.0501674 -0.290411 -0.110573 0.173795 0.052796 15.2143 5.02995 1.09742 -3.79469 -5.77422 -0.393557 2.09091 -2.68971 0.259086 1.78681 0.858037 1.24359 -1.46727 4.68372 1.35536 3.43062 0.867376 -1.20482 -3.16436 -0.171068 -1.76361 -2.30124 4.01991 1.57911 -1.64688 0.0563359 
4.03649 -0.31744 -0.463685 -0.744309 -0.737197 -0.249893 -0.0648443 -0.196 0.154418 0.063351 0.0106456 0.249142 -0.130655 13.4473 4.30958 2.51438 -3.49992 -5.56696 -0.46624 2.04716 -2.69593 -0.471405 2.10409 1.13788 0.736201 -1.63123 15.9701 2.7826 -0.665242 1.89409 2.20907 -1.27978 -0.672494 -1.57174 -2.97413 1.96212 1.32755 -2.06936 1.80307 
4.05838 -0.155394 -0.275259 -0.642671 -0.562759 -0.186458 0.077377 -0.250287 0.0284281 0.1529 -0.00589605 0.159539 -0.173579 16.0103 3.16849 1.52149 -3.54244 -4.66283 -1.81655 1.49299 -2.2096 -1.29985 2.58937 1.42614 0.181412 -1.47929 13.9239 0.654431 -3.31978 1.27255 3.66767 -0.123881 -1.70681 0.232375 -1.3053 -0.586508 0.522165 -1.36858 1.74808 
5.11415 0.191521 -0.288445 -0.70324 -0.710625 -0.211016 0.0532004 -0.408018 -0.199378 0.121536 0.0332259 0.110567 -0.0166486 18.6228 2.89695 0.238112 -3.34128 -2.13207 -3.40169 0.550168 -1.80957 -1.2476 3.10709 1.29819 -0.309349 -1.58515 0.621775 -3.61419 -4.21678 0.224687 5.27847 -0.426077 -1.57382 2.79243 1.05002 -1.79572 -0.812705 -0.150433 -0.291592 
5.63034 0.146807 -0.350475 -0.742117 -0.850528 -0.248887 0.0578856 -0.413245 -0.0898884 0.194452 0.103744 0.146746 -0.0529806 18.8109 2.67199 -1.04997 -1.85562 1.33541 -4.48897 -0.168919 -0.852069 -0.982895 2.59474 0.70579 -0.649064 -1.61872 -9.90896 -4.59096 -3.76929 -0.183856 6.15829 -2.23201 -1.53852 3.60193 1.86413 -2.28378 -2.02369 0.472592 -1.52274 
5.86175 0.0658581 -0.415866 -0.82482 -0.774944 -0.254445 0.0537859 -0.423192 -0.107553 0.236337 0.140121 0.147608 -0.124704 16.0453 1.78141 -3.0646 -0.783908 3.73684 -4.46213 -1.06845 0.256411 -0.456371 0.533469 -0.26645 -0.888088 -0.572555 -13.3433 -2.52586 -2.04555 1.48757 5.15908 -3.37027 -1.59406 2.77529 2.50243 -1.64827 -2.31345 0.270323 -0.794444 
5.98922 0.0314824 -0.486606 -0.84899 -0.590344 -0.38394 -0.0108785 -0.308892 -0.144704 0.216795 0.0874951 0.0766187 -0.141646 11.6511 0.334194 -4.45549 0.501682 4.0156 -5.0029 -2.45256 1.1093 1.21187 -0.509361 -0.515584 -1.00875 0.214283 -10.7625 0.126525 -0.893361 3.85956 2.25272 -1.33396 -1.42368 0.765326 2.13077 -2.01424 -1.45308 -0.424148 1.70674 
6.01543 0.0504676 -0.559075 -0.914776 -0.403346 -0.557371 -0.00790369 -0.279634 -0.0973388 0.250221 0.0234852 0.122502 -0.235985 5.364 -0.612967 -4.89481 2.76945 4.98976 -4.81452 -3.24952 1.77402 2.32087 -1.24896 -0.847961 -1.52145 0.859661 -5.01427 1.28146 -0.526677 5.3825 -1.89269 1.43951 -1.95481 -0.75871 1.45525 -2.23061 0.200202 -1.40976 4.20783 
6.03844 0.0523251 -0.68151 -0.799908 -0.265081 -0.738927 -0.0588797 -0.232803 -0.0434635 0.157473 -0.0171747 0.138709 -0.261839 0.862843 -0.017927 -4.80539 5.28157 5.29185 -4.0235 -3.49286 1.70514 1.97549 -2.05446 -1.20449 -1.53923 2.0705 -3.63511 0.699058 0.200201 5.40229 -3.55585 3.82083 -1.24946 -1.13379 0.518825 -1.17845 1.16233 -1.18661 4.11906 
6.02241 0.0714811 -0.7558 -0.689872 -0.244932 -0.744132 -0.18202 -0.235291 0.0569287 0.12336 -0.0385753 0.0543072 -0.0757647 -5.32803 0.44406 -3.84833 6.99053 4.69078 -2.77578 -3.25023 2.14538 2.17404 -2.81217 -1.45403 -0.924274 2.78703 -7.41542 0.137413 1.51568 3.60751 -2.03716 4.11545 0.56111 -0.0245479 -1.05297 -0.571546 0.692292 0.522455 1.36922 
6.04748 0.0692726 -0.837296 -0.475892 -0.293752 -0.716595 -0.285541 -0.228617 0.1134 0.03921 0.00867699 -0.0401576 0.0565781 -15.4092 -0.938789 -0.856703 8.27536 4.52593 -0.581405 -3.46499 1.84035 1.42384 -3.25935 -1.30674 -0.702632 2.91785 -16.99 -1.52582 4.70528 0.96754 1.08743 3.32147 1.49952 0.972612 -2.38921 -0.162818 -0.585758 2.00587 -1.63843 
6.04966 0.0884074 -0.928339 -0.290291 -0.227088 -0.730275 -0.371707 -0.215958 0.120821 -0.002954 0.00805101 -0.0984905 0.121676 -24.2589 -3.41805 2.16129 7.66325 2.50607 1.77076 -2.57061 1.63909 0.232564 -3.19958 -1.0302 -1.37083 2.79598 -24.2921 -4.4032 7.63568 -2.49802 0.692266 2.92918 2.36171 0.807868 -2.71349 0.22569 -0.970982 1.63079 -3.26009 
5.67424 0.101265 -0.942943 -0.0653965 -0.126358 -0.684872 -0.315348 -0.193608 0.0650839 -0.0191868 -0.0434032 0.0219502 0.140691 -30.6742 -5.13588 4.79786 5.70532 1.04594 4.06287 -0.678088 1.04511 -0.89001 -2.23711 -0.727724 -0.983737 1.78749 -21.1927 -6.10872 7.93302 -5.34551 -2.02337 3.18221 2.67051 -0.565993 -2.20829 0.916887 -0.048167 -0.271598 -2.93898 
4.7466 0.10133 -0.812117 -0.0581293 -0.0311991 -0.641821 -0.291851 -0.00619409 0.130319 -0.133566 -0.12396 0.112754 0.101867 -33.7194 -6.24722 5.88636 2.98101 0.732288 5.0893 0.688428 0.467427 -1.57594 -1.25179 -0.581288 -0.725852 0.320882 -6.09744 -4.87956 3.89089 -6.58066 -4.22726 3.09316 2.60751 -2.71354 -1.33841 2.43863 1.2412 -1.93944 -1.42875 
3.26384 -0.270063 -0.337149 0.110215 0.188206 -0.496445 -0.48851 -0.0783152 -0.0297345 -0.190295 -0.127147 0.00485088 0.0838014 -29.4965 -7.28984 5.57037 0.970167 -1.69274 6.38036 1.24749 0.86375 -0.883335 -0.229105 -0.836471 -0.51336 -0.427826 17.504 -0.496988 -3.66959 -5.64094 -6.32727 2.16229 2.41887 -1.74385 1.38333 3.08487 1.27395 -1.10994 -0.325632 
2.76288 -0.585177 -0.222453 -0.100052 -0.265509 -0.355627 -0.265967 -0.109029 -0.0741109 -0.145787 -0.0958734 -0.164563 0.0939363 -17.2856 -7.90146 4.08505 -1.12505 -4.42519 6.74092 1.20125 1.24744 0.45848 0.877269 -0.600637 -0.637154 -0.798136 35.9364 3.17952 -8.49852 -2.4125 -4.25896 0.18264 -0.386478 0.688354 3.81015 2.62105 0.319203 0.822782 0.0513322 
2.53213 -0.572714 -0.161185 -0.167037 -0.278115 -0.146777 -0.0839214 -0.193814 -0.0984936 -0.0525403 -0.0552173 -0.0183878 0.0490995 -4.39945 -7.32794 3.27649 -2.57085 -5.73433 5.81 1.15426 0.697809 0.786915 1.10325 -0.419006 -0.803904 -0.372973 39.3423 3.66669 -7.32158 0.222231 -2.27405 -2.50682 -2.42443 2.32263 3.7399 0.535952 -0.823926 1.38608 0.716561 
2.47507 -0.579211 -0.295684 -0.315284 -0.133018 -0.133601 -0.170708 -0.226824 -0.0569667 -0.00658189 -0.0630784 -0.106172 0.0381573 9.24026 -5.36067 2.06043 -2.4603 -6.00779 4.23495 1.23641 -0.192429 0.00923959 1.30046 -0.131222 -0.549719 0.365677 28.7335 3.07929 -1.38709 1.93888 -0.153561 -4.23587 -2.01629 1.45248 0.470476 -1.48799 -0.805995 1.43009 1.3291 
3.42129 -0.743858 -0.457489 -0.153304 -0.653035 0.0903932 -0.246602 0.0212817 0.158803 0.00438652 -0.148208 -0.0732382 0.0600394 20.8396 -0.996744 1.17536 -0.678326 -5.11293 1.51702 1.04723 0.0701199 -0.57593 0.931927 0.311084 0.508686 0.0395053 8.85446 4.50291 4.85862 3.11618 4.51901 -6.10416 -0.562353 -1.88702 -4.64868 -2.29542 0.738225 0.722 0.741355 
4.73668 -0.837183 -0.573373 -0.307733 -0.770889 0.0319789 -0.284671 0.0739261 0.275984 0.100753 -0.111928 -0.0711151 0.0231616 26.1862 2.12928 1.40483 1.89654 -2.51286 -1.95864 -0.193065 0.0663824 -1.45424 -0.33498 0.623404 1.16083 -0.346727 -6.61961 6.66581 5.96001 4.56041 5.83272 -6.59382 0.990863 -3.09171 -6.50585 -2.65944 1.74279 0.483025 -0.415772 
4.57505 -0.79143 -0.224401 -0.33534 -0.617675 -0.086648 -0.176936 -0.0995955 0.0540088 -0.0512543 -0.154847 -0.0166773 0.132303 27.1076 3.71124 1.76934 3.01644 -1.40425 -5.00762 -0.791782 0.0557848 -2.32968 -1.34444 0.988318 0.913976 -0.7106 -8.89559 6.72513 1.54734 4.51703 4.91065 -5.65531 0.0569133 -1.33318 -3.53148 -1.47063 2.07554 0.404437 -2.23278 
4.86407 -0.679024 -0.132034 -0.238632 -0.582316 -0.143527 -0.166407 -0.183593 -0.16955 -0.0502329 -0.104716 -0.041541 0.189563 23.1174 5.30779 2.3401 3.53151 -0.153179 -6.6934 -1.05906 -0.289695 -2.86119 -1.92578 1.63715 1.13709 -1.00649 -7.70432 3.51694 -2.9604 1.68284 2.21452 -3.70626 -1.7306 1.05977 1.46967 -0.698521 1.18705 -0.127037 -2.46201 
5.31099 -0.275012 -0.0100928 0.126831 -0.523174 -0.347724 -0.226375 -0.127159 -0.261627 -0.0564551 0.0192824 0.0301366 -0.0158947 14.3029 6.69992 2.04036 2.96125 2.42388 -7.32551 -2.04352 -1.17453 -2.65864 -2.0353 1.86412 0.793173 -0.89261 -8.01845 -1.54042 -5.20073 -2.80638 -0.600218 0.47679 -2.79013 1.72765 5.0729 0.202199 -0.52727 -0.745551 -0.0434093 
5.74234 -0.214333 -0.124661 0.160863 -0.494121 -0.645353 -0.22696 -0.133821 -0.23283 -0.19086 0.0265812 0.0427954 -0.0377682 4.00341 7.05797 0.608829 2.41578 3.0474 -5.14078 -2.22802 -0.820943 -1.21553 -1.19182 1.30042 -0.40511 -1.05228 -14.5886 -3.21197 -3.8206 -5.49377 -0.225458 5.42512 -2.05434 0.72987 5.23093 2.11747 -1.57068 -1.95143 1.52211 
5.88187 -0.192524 -0.181149 0.0726189 -0.470423 -0.751932 -0.279358 -0.11102 -0.227417 -0.182276 0.0390693 0.0392998 -0.0752395 -4.8213 6.37538 -0.554579 1.08944 3.76877 -2.08075 -2.30728 -0.993696 0.0804627 0.0190015 0.473039 -1.58223 -1.20578 -23.7225 -2.35063 -0.209863 -4.44696 1.82248 8.77745 0.236242 -1.48213 2.30696 2.66973 -2.44305 -2.78985 2.12684 
5.72216 -0.106294 -0.195847 0.0483101 -0.47028 -0.771273 -0.427402 -0.0892571 -0.149283 -0.200925 0.0929636 0.0250379 -0.0444922 -15.5096 4.26508 0.553221 -0.111053 4.396 0.465434 -2.29633 -1.74004 1.07561 0.750324 -0.452566 -1.76503 -0.722693 -24.9762 -1.87606 3.06949 -1.41945 2.81665 8.48886 2.17683 -2.72888 -0.702491 2.79569 -2.37662 -2.18053 1.02011 
5.38492 -0.0326692 -0.254013 0.0161228 -0.368197 -0.680447 -0.584086 -0.156695 -0.0303735 -0.177513 0.0343707 0.0038678 0.0482309 -24.3801 1.02381 1.17625 -1.67469 4.31706 3.03396 -1.0413 -2.01231 0.717909 0.93384 -0.980369 -1.42959 0.35739 -18.4139 -3.04306 4.68369 0.985751 1.65964 4.51825 3.67709 -1.80554 -2.93635 0.994653 -0.954464 0.365826 -0.372715 
4.55837 0.0512506 -0.324286 -0.0973034 -0.265354 -0.392943 -0.392571 -0.139687 0.016702 0.00429226 -0.0325221 -0.223382 -0.0449909 -26.2892 -1.17504 0.238079 -2.42682 3.12957 4.56317 0.690806 -1.78295 0.811267 1.03399 -0.844471 -0.761907 0.585229 -1.88268 -5.7467 1.64907 0.746608 -1.85667 -1.06461 3.31208 -0.000610791 -2.25875 -1.882 0.770894 3.57796 0.0876416 
3.56709 0.106528 -0.0790998 -0.0854841 0.0033477 -0.221933 -0.355166 -0.377321 -0.202078 -0.0243528 -0.114872 -0.258281 -0.0236083 -19.5015 -2.47806 -0.832581 -2.7118 2.27292 5.23638 2.93158 -0.349341 0.0879567 -0.0738002 -0.532273 0.221741 0.497311 20.0071 -5.87443 -4.031 -0.992796 -5.26144 -3.52033 3.27639 3.9757 -0.0852476 -3.34021 2.24195 4.60479 0.166194 
3.01082 -0.0716651 0.176055 0.036049 -0.0181489 -0.265589 -0.484909 -0.416628 -0.119335 0.0145046 -0.0865149 -0.124538 -0.0125817 -9.49991 -3.04814 -1.81917 -2.7486 1.65088 5.44285 4.24395 0.719833 -0.704613 -1.26681 -0.418198 1.00915 0.399044 34.4192 -1.90172 -7.8602 -2.26323 -4.77033 -1.99963 2.95415 5.43121 0.668987 -3.79301 1.87074 2.60039 0.258524 
2.71295 -0.314972 0.0395164 -0.0827762 -0.0890051 -0.233639 -0.264042 -0.272373 -0.221436 -0.107284 -0.0326456 0.00913385 0.028872 -1.13188 -3.01869 -2.64232 -3.08394 0.40303 4.12374 4.54218 1.82178 0.134841 -0.733106 -0.532851 1.15009 0.304016 31.9304 3.22227 -5.79636 -1.63438 -1.76388 -0.141689 0.529066 3.5548 1.99603 -0.550197 -0.291064 -0.988253 -0.0572407 
3.35684 -0.468371 -0.46032 -0.297764 -0.316745 -0.26075 -0.0942221 -0.239702 -0.00654678 -0.13461 -0.00370038 0.0152685 0.03246 9.1932 -1.72763 -3.47558 -2.99041 -0.964083 2.33577 2.84566 1.93621 1.26061 -0.366242 -0.848271 1.42596 0.725338 14.9646 6.71214 0.693792 0.482826 1.34101 0.405133 -2.84028 -0.0658504 1.58471 3.06418 -2.30898 -3.24046 -0.221158 
4.50335 -0.3686 -0.46279 -0.329665 -0.218743 -0.0809703 0.0667144 0.0415521 -0.18294 -0.288129 0.0255054 0.0747182 -0.00704878 17.507 0.176853 -4.62724 -3.06488 -1.47276 1.61192 1.94252 1.87793 2.82063 0.73401 -1.62796 0.547325 0.210192 -3.39141 6.1236 4.38109 1.87722 1.81458 -1.57122 -5.54133 -4.54827 2.51739 5.32314 -3.34115 -3.31891 -0.197809 
4.82266 -0.251194 -0.455694 -0.279946 -0.120867 0.0766628 -0.0264713 -0.034214 -0.194548 -0.344481 -0.0399045 0.0380084 0.0448831 20.176 2.21728 -4.20164 -3.18201 -0.498083 1.54671 0.887612 0.869145 2.96042 1.21944 -2.34342 -0.209524 0.0798025 -9.74502 2.8198 4.32944 1.48453 0.707636 -3.10807 -4.85335 -4.77295 2.39643 4.15722 -2.13029 -1.19502 -0.447416 
4.3491 -0.223768 -0.465099 -0.412336 -0.19011 -0.0734066 -0.0317275 -0.0340242 0.124008 0.0699576 -0.184198 -0.106102 0.0372892 19.0021 3.69043 -2.50627 -3.15207 0.249789 1.65422 -0.82554 -0.762095 2.67501 1.20315 -2.73549 -0.135194 -0.170381 -4.80772 -0.116742 1.57087 -0.120136 0.374558 -1.10274 -1.85633 -3.10658 -0.959333 -1.55943 0.2127 1.71333 -0.525007 
4.91664 -0.0297618 -0.462232 -0.380047 -0.277488 -0.129688 -0.235644 -0.182795 0.115272 0.066703 -0.230439 -0.0786956 0.0709183 14.9857 3.69366 -1.3859 -2.91487 0.558293 1.78899 -1.88982 -1.52763 1.57202 0.496565 -2.40284 -0.148716 -0.0928447 -0.851051 -2.46689 -1.22488 -1.72306 0.26144 1.44887 1.17403 -0.126064 -2.99404 -5.09826 2.13188 2.34044 -0.394374 
5.32995 0.0194178 -0.506045 -0.379306 -0.168756 -0.0853473 -0.18958 -0.25376 0.201401 0.0838479 -0.329093 -0.103898 -0.0409996 11.7045 2.5769 -2.22995 -2.90261 -0.774435 1.48266 -2.31457 -2.33916 1.19532 -0.141595 -1.73411 -0.0489212 0.156642 0.0258904 -2.82745 -1.90944 -1.40774 -0.931203 2.73522 1.61816 1.91955 -4.48268 -5.68627 3.10662 1.63983 0.609255 
5.35073 -0.0236497 -0.46365 -0.475247 -0.109643 -0.0575525 -0.223531 -0.222861 0.165995 -0.0141614 -0.284238 4.1841e-05 0.029459 11.6464 1.53128 -2.86908 -2.58067 -1.86977 1.62115 -1.71402 -1.89509 0.0428249 -1.47265 -0.921041 0.547304 0.326227 -1.57572 -2.09246 -2.25179 0.54892 -2.71861 1.77239 0.869407 1.44814 -2.83358 -2.70644 2.01659 -0.330569 1.0318 
5.53126 0.0247269 -0.561291 -0.687836 -0.167723 0.0812939 -0.193005 -0.290726 0.0482841 -0.185616 -0.281181 0.10524 -0.00100597 11.7819 0.687181 -3.39066 -1.61292 -2.15022 2.56972 -1.51946 -1.42946 -1.32612 -3.18657 -0.143402 0.980932 0.739045 -3.47085 -1.35351 -1.29207 2.9777 -3.06225 -0.506808 -0.212389 0.905523 0.053574 1.26198 0.474219 -1.6088 1.21158 
5.8231 -0.0145207 -0.718705 -0.668461 -0.226388 0.134893 -0.233896 -0.223143 0.0134205 -0.255986 -0.216005 -0.0263693 0.032001 8.36168 -0.360841 -3.51655 -1.06366 -2.31666 2.64533 -1.08749 -0.739427 -1.38642 -2.87313 0.157138 0.757399 1.00246 -3.64038 -0.334986 0.532597 3.61651 -1.32858 -1.44755 -0.727702 -0.214182 1.24753 2.51538 -0.769343 -0.584938 0.723019 
5.97954 -0.0276549 -0.774567 -0.602381 -0.386366 0.150638 -0.278749 -0.263174 -0.0149051 -0.241896 -0.214005 -0.0145843 0.0712857 6.09783 -0.727462 -3.18336 -0.138738 -2.75561 2.11737 -1.20364 -0.465914 -1.49534 -2.31018 0.393699 0.570766 1.40767 -4.51209 -0.252488 1.74374 2.27286 1.5345 -1.33493 -0.038361 -0.102489 1.46586 2.15022 -0.944909 0.153458 -0.0831738 
6.00788 -0.0244072 -0.798814 -0.56124 -0.466926 0.139967 -0.269728 -0.306708 0.00954852 -0.250042 -0.267004 0.0277481 0.110403 4.84407 -0.969525 -2.60309 0.930558 -2.33982 1.33061 -0.883476 -0.389438 -1.03349 -1.439 0.199199 0.126945 1.28391 -4.34361 -0.561173 2.24006 0.353947 2.98122 -1.02298 0.541392 0.462821 0.499429 0.920162 -0.0206877 0.454621 -0.370924 
6.03327 -0.0347347 -0.862302 -0.519829 -0.447596 0.200678 -0.338855 -0.293678 0.0180663 -0.265799 -0.267227 0.0212434 0.135659 2.94013 -1.28058 -1.60232 1.63858 -1.35434 0.411935 -0.516014 0.01793 -0.549382 -0.76483 0.125045 0.0999807 1.27688 -2.64349 -0.564925 1.86087 -0.866609 2.54776 -1.01381 1.45145 0.724036 -0.325919 -0.101793 0.522599 0.250913 -0.606848 
6.03893 -0.0658835 -0.853276 -0.518937 -0.414221 0.20103 -0.351026 -0.302678 0.000187967 -0.257334 -0.262965 0.0329006 0.130494 1.16789 -1.19828 -0.823807 1.42038 -0.358493 -0.157362 0.117613 0.324792 -0.456278 -0.794022 -0.0627949 0.64566 1.02195 -1.06782 -0.330158 0.897906 -0.615459 1.36923 -1.1709 1.60922 1.16398 -0.329653 -0.574197 0.54502 -0.179664 -0.344952 
6.04106 -0.0985699 -0.839131 -0.492031 -0.429153 0.189098 -0.312985 -0.288008 -0.032001 -0.272712 -0.240851 0.0426177 0.147208 0.413855 -1.21812 -0.483699 1.16485 0.532602 -0.702568 0.71317 1.0442 -0.586058 -0.934547 -0.0581653 0.67112 0.78088 -0.430031 0.205522 0.148217 -0.208352 0.31973 -1.19004 1.18749 1.12967 -0.0986651 -0.447846 -0.122338 0.111037 -0.191342 
6.05805 -0.146107 -0.816822 -0.484861 -0.389302 0.148668 -0.280823 -0.274865 -0.0337903 -0.30194 -0.227901 0.0401527 0.173936 0.262232 -1.14699 -0.411921 1.24206 0.672143 -1.20009 1.04387 1.79154 -0.781536 -1.13414 0.152237 0.693005 0.601284 -0.271059 0.70938 -0.490996 0.315575 -0.381849 -0.879417 0.488013 1.21341 0.0340087 -0.288463 -0.523577 0.407571 -0.191884 
6.05155 -0.150902 -0.842385 -0.481643 -0.375904 0.13945 -0.24937 -0.236042 -0.0427652 -0.325127 -0.228585 0.0504542 0.168778 0.243599 -1.03883 -0.182976 1.37557 0.359349 -1.78994 1.44817 2.2934 -0.799011 -1.33225 0.193759 0.871594 0.446446 0.0572701 0.599835 -0.377259 0.686558 -0.668904 -0.592735 -0.185691 1.1239 0.00302835 -0.154695 -0.268219 0.417448 -0.216325 
6.03403 -0.144847 -0.870582 -0.44906 -0.36728 0.102487 -0.227446 -0.179632 -0.0455677 -0.364391 -0.246914 0.074721 0.179715 0.212696 -0.817454 -0.0917933 1.78362 -0.120713 -2.17492 1.45032 2.60686 -0.669621 -1.38855 0.345041 0.824782 0.290739 0.261644 0.218571 0.334141 0.806432 -0.970071 -0.517412 -0.368257 0.56067 -0.00746172 0.0719224 0.403422 0.119841 -0.364529 
6.04947 -0.163717 -0.860738 -0.422915 -0.370026 0.0468099 -0.194461 -0.133202 -0.0811721 -0.348956 -0.271701 0.101548 0.187102 0.226048 -0.629381 0.15286 2.18314 -0.675127 -2.55912 1.21161 2.62335 -0.457774 -1.16123 0.566792 0.589163 -0.0249502 0.196232 -0.012659 0.912748 0.861698 -1.2411 -0.514212 -0.393809 -0.162286 0.300276 0.182714 1.03997 -0.487449 -0.508734 
6.06111 -0.161853 -0.893502 -0.360947 -0.39385 0.0170298 -0.194749 -0.0536952 -0.0858377 -0.404578 -0.236681 0.117902 0.192139 0.180162 -0.440518 0.605028 2.50354 -1.46736 -2.8835 1.1009 2.41537 -0.393067 -0.739034 0.785067 0.335548 -0.512559 -0.0374222 -0.047832 1.38447 0.534276 -1.28909 -0.664169 -0.208647 -0.985652 0.466985 0.762846 0.929031 -0.973941 -0.807564 
6.07933 -0.190206 -0.853634 -0.337937 -0.408105 -0.026118 -0.166626 -0.00827558 -0.0896373 -0.434695 -0.218322 0.137284 0.179645 0.190756 -0.398162 1.28067 2.72501 -2.19453 -3.28931 0.963024 2.2382 -0.355728 -0.292357 1.05959 -0.0155732 -0.964215 -0.307611 0.237221 1.24542 0.27324 -1.39118 -0.706069 -0.148329 -1.07331 0.320771 1.22918 0.474078 -1.09829 -1.05514 
6.06239 -0.190443 -0.822419 -0.265242 -0.459381 -0.0923091 -0.154981 0.00294368 -0.0883647 -0.425708 -0.178433 0.116449 0.165169 0.00378418 -0.200161 1.80602 2.66785 -2.74755 -3.62147 0.827426 2.0881 -0.385195 0.38305 1.10144 -0.348107 -1.47152 -0.425703 0.478041 0.90183 -0.233051 -1.10013 -0.666366 -0.116698 -0.449602 -0.0811022 1.41671 -0.304394 -0.668163 -1.07523 
6.07366 -0.198759 -0.785364 -0.204843 -0.522633 -0.165801 -0.154012 0.014105 -0.0720101 -0.405363 -0.143944 0.0784764 0.139006 -0.365673 0.0653621 2.22026 2.43646 -3.09652 -3.63226 0.472416 2.15926 -0.565196 0.993149 1.06075 -0.776 -1.75678 -0.59203 0.599203 0.539376 -0.730804 -0.522896 -0.226441 -0.338112 0.497503 -0.689362 1.34062 -0.766758 -0.230063 -0.690046 
6.06487 -0.190923 -0.734188 -0.17973 -0.590525 -0.227637 -0.120309 0.0188459 -0.0866087 -0.374428 -0.142701 0.0732252 0.0772623 -1.35985 0.622163 2.41974 2.14341 -3.06605 -3.39411 -0.00815065 2.09507 -1.1204 1.6681 0.824455 -1.16903 -1.68497 -1.34723 0.893794 -0.0179279 -0.811168 0.301106 0.559979 -0.985952 1.02915 -1.14868 0.90069 -0.65052 -0.233811 0.236704 
6.0637 -0.191216 -0.67997 -0.135349 -0.664416 -0.301644 -0.119133 0.0868354 -0.104866 -0.357202 -0.120288 0.0595817 0.035354 -2.55991 1.02036 2.71435 1.76076 -2.22934 -2.92576 -1.06 2.14377 -1.57972 1.52183 1.04087 -1.51682 -1.23696 -2.40408 0.937335 0.0340066 -0.877826 1.67293 1.35155 -1.8578 0.544428 -1.26613 -0.00470555 0.00947132 -0.507142 1.25475 
6.02384 -0.157589 -0.651376 -0.121653 -0.706405 -0.384285 -0.117459 0.1355 -0.128117 -0.284851 -0.150698 0.056209 -0.00675536 -4.5613 1.39422 3.05649 1.33079 -0.745795 -2.14269 -2.03874 1.89647 -1.69546 1.02369 1.40051 -1.61871 -0.812445 -3.87405 0.791125 0.443018 -0.576268 3.08783 1.95463 -2.5018 -0.589124 -0.669317 -1.3147 1.15791 -0.720625 1.76623 
5.9932 -0.149949 -0.596156 -0.115942 -0.7488 -0.388674 -0.166739 0.213186 -0.183586 -0.24203 -0.12895 0.00347419 -0.00879985 -8.15554 1.63988 3.73422 1.91794 0.555005 -1.90579 -1.95751 0.247968 -1.54637 1.66554 0.720631 -1.86498 -0.0668509 -6.28036 0.438473 1.22542 0.569094 3.70951 1.23765 -1.3102 -2.94092 0.5549 -0.950864 0.607476 -0.56653 1.65933 
5.80751 -0.0548178 -0.593546 -0.0807592 -0.745884 -0.379633 -0.224183 0.219517 -0.267386 -0.214521 -0.117377 -0.0391561 0.0241044 -10.8861 1.78355 4.45117 2.12001 2.08222 -2.004 -1.77549 -1.95188 -1.0223 2.6251 0.0374689 -2.03625 0.250123 -6.86562 -0.19771 2.05798 1.23117 3.33545 -0.307296 0.87129 -5.12184 1.83797 1.02562 -1.03073 -0.134815 0.591341 
5.681 -0.0695745 -0.462009 -0.0950784 -0.60851 -0.391467 -0.374075 0.236534 -0.284136 -0.316689 -0.00939457 -0.0834614 0.0711102 -12.198 1.80354 4.38021 2.33967 3.28414 -2.38615 -1.36054 -3.70098 -0.285484 3.18735 -0.603641 -1.7456 0.350938 -4.70081 -0.302142 1.06464 1.53146 1.64336 -1.89032 2.95574 -5.52107 2.32805 3.29353 -2.90731 0.565646 -0.562886 
5.36286 -0.017145 -0.392087 -0.0692056 -0.482646 -0.360978 -0.43578 0.178316 -0.243066 -0.345038 0.0602856 -0.0965587 0.050597 -12.4417 1.36043 4.06485 2.56409 3.9809 -2.75058 -0.716957 -4.94327 0.377918 3.41464 -1.07692 -0.898645 0.450194 0.439764 -0.690683 -0.728659 0.755619 -0.0372987 -2.50805 3.23819 -3.48284 1.67836 3.43099 -3.22402 1.5593 -0.900012 
4.80671 -0.00563649 -0.231823 0.161391 -0.482874 -0.498495 -0.252634 -0.139359 -0.216809 -0.0488603 -0.179802 -0.165067 0.1167 -13.0737 0.86593 4.15673 2.16005 3.76312 -2.43954 -0.235985 -5.3727 0.865579 3.44573 -0.976526 -0.0910393 0.523604 4.86992 -1.0031 -2.05463 -1.47893 -1.19501 -0.372305 0.857923 1.03197 0.441742 0.0949757 -0.129567 2.30934 -0.594978 
4.69461 0.0254634 -0.120687 0.0962777 -0.353078 -0.591955 -0.253061 -0.326725 -0.175615 0.0993478 -0.224078 -0.169234 0.0301302 -9.97381 -1.38068 3.58926 0.597392 3.03436 -0.163321 -0.497975 -4.81093 1.74414 2.66364 -0.228828 0.621348 0.386722 6.9964 -2.81067 -2.40737 -3.18919 -2.20268 4.0221 -1.6935 4.38161 -0.0788763 -3.61476 3.05362 2.14715 0.501109 
4.71553 0.0408038 -0.215465 0.144566 -0.307148 -0.692183 -0.261719 -0.305168 -0.130082 0.0875307 -0.235153 -0.109116 0.0260515 -6.08554 -4.05244 3.57018 -1.24423 2.25136 2.14252 -0.969411 -3.64832 2.41816 1.23659 0.309226 1.00204 -0.111863 7.3766 -5.5622 -0.0550524 -4.84432 -1.9471 7.70049 -3.36053 4.86758 0.462546 -5.68846 4.51088 0.778321 0.465563 
4.6467 -0.016671 -0.214658 0.171353 -0.270231 -0.71138 -0.241384 -0.34446 -0.136483 0.0977466 -0.244324 0.00143022 0.0652443 -2.76758 -7.26215 3.41151 -3.03064 1.48003 3.91103 -1.05819 -1.14746 2.60572 -0.918259 1.21274 2.05382 -0.327205 6.15049 -7.47697 1.49931 -4.81018 -1.37082 7.72868 -2.36051 4.25433 1.26757 -5.4816 3.36148 -0.00446775 -0.444485 
4.24519 -0.0279178 -0.0322611 0.0737941 -0.347833 -0.541647 -0.314692 -0.309897 -0.159258 0.0719964 -0.0939017 -0.0187296 0.118892 0.420357 -9.65181 2.29562 -4.19844 0.397817 4.887 -1.07694 0.97175 2.62681 -3.0402 2.64431 3.04442 -0.651763 5.41959 -7.13939 0.458134 -2.20468 -0.948317 2.62281 0.858992 2.33554 1.26578 -3.07245 0.323424 0.598428 -1.31016 
4.77179 -0.443078 -0.111347 -0.174138 -0.332941 -0.0842047 -0.48814 -0.270553 1.86542e-05 -0.0956144 0.0549383 0.0046498 0.100287 2.14248 -10.885 1.04885 -4.31573 -1.08694 4.95629 -0.209579 1.4018 3.20571 -3.22121 1.89533 3.31916 -0.170777 1.83217 -2.32381 -1.75613 1.0771 -1.42392 -4.38014 3.88182 0.40459 0.461422 0.535979 -2.65986 1.41139 -0.910378 
4.89566 -0.741562 0.143692 -0.302407 -0.246181 -0.0119851 -0.549048 -0.249193 0.099532 -0.254638 0.0340336 -0.0246924 -0.00399777 3.13709 -10.5573 0.140008 -4.16954 -1.47637 3.82739 -0.0422265 1.40011 3.09345 -2.31609 1.06486 2.81662 0.237879 -0.376677 3.45652 -5.07702 3.5112 -2.04881 -7.75565 3.9614 -0.91998 -0.638441 3.84444 -3.6943 1.11955 1.09522 
4.68325 -1.02929 0.128684 -0.326115 -0.290057 -0.0396131 -0.347235 -0.0530758 0.0905855 -0.318905 0.0282737 0.202078 0.00103022 3.83207 -8.51679 -1.63096 -2.98568 -0.711564 2.56145 -0.145176 1.34772 3.13023 -1.15926 -0.150445 2.17555 0.289443 -0.473831 8.06092 -5.42021 3.87858 -0.342323 -5.91013 0.442639 -2.27257 -0.837089 5.23441 -3.35467 -1.3289 2.11876 
4.79898 -1.12974 -0.0503538 -0.261565 -0.445492 -0.187895 -0.245884 -0.148123 0.0913117 -0.275795 0.0826025 0.274538 -0.0181521 3.35712 -5.38512 -3.85741 -1.85643 -0.170562 0.390475 0.660525 1.49031 2.71788 -0.230477 -1.05185 1.29621 0.354219 -1.59241 9.25315 -3.4844 1.97503 2.19533 -1.41114 -2.47714 -0.712566 -0.780307 3.37697 -1.49839 -3.6355 1.70631 
4.98675 -1.13316 -0.197968 -0.335273 -0.536555 -0.199397 -0.205817 -0.254927 0.281536 -0.143476 -0.156846 0.273984 0.0834181 0.405397 -1.14647 -5.12155 -0.283518 0.258591 -1.79664 1.44974 1.36475 1.75402 1.0059 -1.57239 0.332995 0.618829 -2.46 7.17213 -1.42395 0.789394 3.81314 1.35588 -2.54807 1.21355 -1.28472 0.064514 1.19734 -3.85956 -0.233127 
4.99 -1.0637 -0.243942 -0.312176 -0.438387 -0.307348 -0.368581 -0.157546 0.18184 -0.0808558 -0.116133 0.194634 0.165227 0.363878 3.40675 -5.05786 1.11592 1.1242 -2.14424 0.541346 0.546153 0.535908 1.69161 -1.35833 -0.99211 0.93855 -3.03981 5.64011 1.6686 0.934851 2.98311 1.22539 -0.372294 0.822343 -1.69516 -1.87851 1.80094 -2.58268 -1.62792 
4.9628 -0.926947 -0.371815 -0.215234 -0.228571 -0.145169 -0.454214 -0.154874 0.251548 -0.0482088 -0.171512 0.175821 0.114827 1.77686 7.43016 -4.29534 1.41775 2.36567 -2.33365 -1.39811 -0.116332 -0.453524 1.38134 -1.21594 -2.13081 0.303199 -0.698854 4.89077 3.15778 1.00801 0.587499 -1.18883 0.450323 -0.381065 -2.68524 -2.01908 1.50239 -0.457744 -1.63848 
4.81817 -0.82426 -0.525783 -0.352317 -0.311023 -0.210678 -0.300594 -0.0194409 0.242673 -0.151925 -0.0656641 0.0493046 0.0913324 1.94263 9.83589 -3.6398 1.64608 3.05352 -2.21679 -2.44483 0.0698643 -1.01514 0.420214 -1.00243 -2.25359 -0.272519 3.67326 4.6477 2.97674 1.60412 -0.490309 -2.10506 -1.61342 -2.4425 -2.14168 -0.888629 -0.0835221 1.1703 -1.10612 
4.74373 -0.735353 -0.590982 -0.250373 -0.25218 -0.301704 -0.227882 -0.0484237 0.228054 -0.105257 -0.113809 0.0655054 0.0807532 2.38121 10.7938 -3.16864 2.17803 2.44108 -2.21 -2.81548 0.101089 -1.62782 -0.677877 -0.183446 -1.8359 -0.724641 5.54023 3.03141 1.24431 0.598894 -1.50994 -0.978673 -3.19128 -1.95063 -0.571792 -0.688934 -0.847436 1.59544 -0.16894 
4.93766 -0.31462 -0.299847 -0.0648662 -0.13777 -0.353644 -0.413772 -0.205497 0.0622242 -0.0777217 -0.121187 -0.0331332 0.108253 3.40392 10.4683 -2.7785 2.39475 0.746994 -1.71157 -2.96883 0.124527 -1.42245 -1.22521 -0.308323 -1.08742 -0.680411 3.02695 -1.39811 -1.70226 -0.457297 -2.73773 1.03047 -2.3174 0.85187 1.15224 -1.00663 -0.265194 1.78054 0.442836 
5.18792 -0.0418516 -0.491064 -0.151616 -0.10346 -0.471728 -0.576812 -0.176905 0.010553 -0.123468 -0.157005 0.0406996 0.00183232 4.45889 8.9408 -1.73172 2.15881 -0.628751 -1.80071 -3.21139 0.541812 -1.19925 -1.52355 -0.118629 -0.590041 -0.236231 -0.616713 -5.53115 -1.05311 -0.490536 -3.29348 2.8917 0.347186 2.49804 2.33966 -0.970306 0.546339 0.934622 1.18036 
5.21469 0.0883105 -0.657738 -0.102656 -0.151339 -0.475564 -0.612832 -0.191809 0.106446 -0.173053 -0.179783 0.0275663 0.011913 5.26103 6.39348 -0.299602 1.99465 -0.781386 -1.06573 -3.6413 1.01417 -0.906096 -1.20437 -0.205966 0.0624706 0.139515 -2.15825 -7.7777 1.99537 -1.08647 -2.38478 2.331 2.21075 3.12098 1.31344 -0.205279 1.15033 0.256391 1.28704 
5.27109 0.131336 -0.676641 -0.0515763 -0.24744 -0.426715 -0.636905 -0.146427 0.0967373 -0.224719 -0.148342 0.0284797 0.0695105 4.96228 2.59869 1.39743 0.593722 -1.04512 0.168558 -3.30478 2.00958 -0.697315 -1.36564 0.580367 0.0342609 0.738877 -1.7487 -7.98573 5.35772 -1.60098 0.428702 1.28425 2.08721 1.82033 -0.0966566 0.906351 1.08814 -0.149446 1.00105 
5.30045 0.130012 -0.668949 0.0142497 -0.354509 -0.349131 -0.730418 -0.0144449 0.0648227 -0.239659 -0.142732 0.0503553 0.0885515 3.123 -1.97726 3.23381 -1.09828 -1.03992 1.10159 -1.89476 2.99606 -0.152453 -1.71994 1.05435 0.345236 1.12513 -1.12041 -6.73895 7.22349 -2.87517 2.78838 0.446213 1.47445 0.0296408 -0.956521 0.711874 0.977482 -0.338465 0.592942 
5.38287 0.0584732 -0.56507 -0.0404078 -0.352122 -0.398521 -0.680415 0.0224116 0.139727 -0.279734 -0.111452 0.0308606 0.0875612 0.255016 -5.04626 6.46116 -2.13229 -0.416183 1.79805 -0.626766 2.7396 -0.0415967 -1.40773 1.76469 0.520638 1.25346 -3.04164 -5.08893 5.71604 -3.6355 2.98928 0.559038 1.10721 -0.964285 -0.769306 0.184018 0.895726 0.458422 -0.164515 
5.45189 -0.0868723 -0.389173 -0.0756979 -0.287048 -0.418008 -0.698173 0.0778284 0.059549 -0.215878 -0.110317 0.0522166 0.114036 -2.4607 -7.09241 8.54783 -2.82946 -0.0256373 2.05451 0.0848392 2.59821 0.00956691 -0.620836 1.73988 0.739492 0.722689 -6.35752 -2.88736 2.95503 -2.28619 1.04857 1.0054 1.43307 -1.3996 0.763003 0.00582235 0.410701 0.738279 -0.900925 
5.47972 -0.31708 -0.134824 -0.17865 -0.226378 -0.279503 -0.759579 0.0974767 0.00155045 -0.248265 -0.00890983 0.00928052 0.199111 -5.06931 -8.39174 9.18251 -3.05357 0.464854 2.80537 1.31348 1.88945 -0.192032 -0.553086 1.71246 0.88538 0.109985 -7.82455 -0.493749 -0.402497 0.30594 -0.984174 1.15805 2.25241 -1.25857 1.101 0.273846 -0.413053 0.95479 -1.74506 
5.35303 -0.496707 0.0792508 -0.335432 -0.211535 -0.258242 -0.696839 0.160704 0.043564 -0.378944 -0.012628 0.0638197 0.186002 -6.71331 -8.55176 8.93603 -2.99885 0.712054 3.4422 2.49766 0.829291 -0.560651 -0.684875 1.52871 0.388299 -0.304954 -5.38883 1.33609 -3.03238 2.63054 -1.67204 1.43671 2.29778 -1.3254 0.0461408 0.765496 -0.910965 -0.248775 -1.67894 
5.00575 -0.586226 0.230631 -0.424082 -0.189755 -0.241593 -0.617223 0.0985899 0.096227 -0.315155 0.0809809 0.152803 0.113459 -6.60442 -7.51395 7.71568 -2.44055 0.00625861 3.61949 2.32578 0.243941 -1.00727 -0.204903 1.1848 0.235829 -0.314645 1.22902 2.43027 -4.00424 2.97855 -1.41753 0.773217 1.05942 -1.10973 -1.3873 0.557118 -1.25923 -1.56766 -0.334198 
4.74802 -0.739374 0.317104 -0.32124 -0.303935 -0.175977 -0.603383 0.167641 0.154394 -0.198659 -0.00749353 0.11786 0.0830109 -4.27244 -5.14394 5.14495 -1.80887 -0.203189 2.46699 1.80578 -0.0350775 -1.05088 -0.353978 0.70064 -0.0786943 -0.322476 8.35332 4.09506 -4.3379 1.31484 0.133482 -1.34517 -1.27899 -0.866018 -2.31761 -0.209798 -0.738965 -1.66638 1.0957 
4.63136 -0.889751 0.364489 -0.30658 -0.269219 0.0263577 -0.435741 0.130562 0.00729713 -0.335263 0.0577036 0.135325 0.0702218 -0.089056 -1.8738 1.61831 -0.637107 -0.229851 0.222751 1.03214 0.0795779 -1.35811 0.274645 0.156147 -0.672037 -0.322084 12.7522 6.16047 -5.11565 0.0887905 0.83432 -4.78299 -3.84308 0.191151 -1.07744 0.34149 -0.537489 -1.41706 1.66478 
4.65618 -0.903223 0.423386 -0.351704 -0.239385 0.0622675 -0.372493 0.0665802 -0.0471095 -0.361117 0.0386936 0.000379902 0.0622432 5.1054 1.44996 -2.06694 0.853377 -0.97184 -1.61999 0.251163 0.179345 -1.14835 0.76326 0.0852779 -1.22139 0.0171864 12.5835 7.38043 -6.67456 0.680306 0.00423372 -6.67335 -3.80755 1.28782 1.07705 0.76746 -0.209667 -0.0532175 1.01074 
4.90398 -0.860749 0.445312 -0.383123 -0.341784 -0.0273501 -0.528512 0.0735558 -0.0626777 -0.223602 0.0384 0.0521634 0.137937 9.76848 4.52272 -5.22699 1.49567 -2.20662 -3.19413 -0.496493 1.05799 -0.675772 0.925673 0.0429502 -1.4163 0.204127 7.9041 6.94158 -7.33373 1.95084 -1.67414 -5.17836 -1.33914 1.84379 2.56133 0.964652 0.288817 0.368966 -0.438362 
5.25761 -0.685965 0.25643 -0.395799 -0.2175 -0.217618 -0.627572 0.126068 -0.0874299 -0.326756 0.00951955 0.0364704 0.151986 12.2017 7.23105 -7.76593 1.25106 -3.15333 -4.31588 -0.811495 1.67173 0.0820057 1.27371 0.459697 -0.984007 -0.0617737 1.39184 4.32319 -5.48928 2.10484 -4.08917 -1.0025 1.3102 1.87552 2.86393 1.40091 0.619146 0.691449 -1.37953 
5.60287 -0.465363 0.00295697 -0.305515 -0.21949 -0.420966 -0.655573 0.18113 -0.109905 -0.223907 0.02326 -0.0585269 0.137055 12.8934 8.04673 -8.85109 0.864217 -3.88206 -4.44368 -0.880841 2.29169 1.29737 1.3783 0.39477 -0.724128 -0.406954 -3.81191 0.153875 -1.31101 -0.252405 -3.66963 3.48577 2.76336 0.989953 1.96512 -0.152446 0.759299 1.12862 -1.47713 
5.85859 -0.258818 -0.256597 -0.154598 -0.45727 -0.494462 -0.569998 0.178673 0.0494812 -0.220432 0.0483015 -0.0215452 0.121186 11.2501 7.94944 -9.35151 0.207457 -3.85862 -3.20121 0.435432 2.53009 1.62136 0.829128 -0.0771318 -0.313424 -1.13046 -6.55019 -3.08756 2.64779 -3.30594 -0.23996 5.30574 2.5623 0.034153 0.0447117 -1.22436 -0.401553 0.566308 -1.23643 
5.97883 -0.0824704 -0.423337 -0.164655 -0.656744 -0.50763 -0.592699 0.314659 0.0746492 -0.131675 0.0743875 -0.00881646 0.0800076 8.33126 7.00845 -8.74393 -0.684241 -3.38168 -0.95875 2.08275 1.86954 1.6306 0.0212507 -0.758736 -0.38803 -1.6824 -6.33613 -4.55975 4.41519 -4.25443 3.31438 5.02544 2.08494 -1.62593 -1.19264 -2.23978 -1.83293 0.151613 -0.51455 
6.01192 0.0418791 -0.582929 -0.232875 -0.723255 -0.477688 -0.55802 0.364561 0.0878924 -0.103187 0.0938989 0.0185986 0.0309776 4.90321 5.36004 -6.72698 -1.62551 -3.15447 1.52682 3.10081 0.298993 1.21018 -0.0581769 -1.29884 -0.233793 -1.6524 -5.03895 -3.88033 4.27775 -2.86185 4.68961 3.62295 1.66364 -3.30152 -1.84256 -2.20508 -2.57477 -0.49837 0.213048 
6.15024 -0.0828222 -0.530966 -0.349182 -0.65941 -0.370245 -0.499106 0.346297 0.127497 -0.25668 0.0873029 -0.0143777 0.0285975 1.86173 3.87195 -4.79673 -2.52373 -1.75301 3.46758 2.95915 -1.47411 0.928241 -0.6251 -2.04302 -0.140177 -1.33031 -4.30448 -1.39698 2.54148 -0.148418 3.07459 2.00105 0.34645 -4.28699 -1.38207 -0.127798 -2.09648 -0.553963 0.817797 
6.06286 0.0410477 -0.65603 -0.441973 -0.603629 -0.329162 -0.336184 0.341919 0.0818001 -0.263868 -0.0722381 -0.031562 -0.0635996 -0.760679 2.80589 -2.8079 -3.11945 0.173998 4.11179 2.72592 -3.33589 0.151462 -0.296513 -2.46719 -0.508776 -1.31541 -3.5124 -0.215972 2.05598 1.65225 0.883167 0.717875 -1.35729 -4.43804 -0.22546 1.51046 -0.210652 -0.217239 1.09422 
6.07084 0.0796602 -0.70778 -0.47815 -0.611152 -0.212933 -0.307593 0.249997 0.0897468 -0.278379 -0.133387 -0.0259302 -0.0441922 -4.00307 1.84804 -0.844643 -2.20579 1.47624 3.5059 3.06655 -4.86804 -1.22601 0.599543 -2.10615 -1.55713 -1.04649 -4.63545 -0.123672 2.55449 2.26253 0.340925 -1.37067 -1.64448 -2.72139 -0.996173 2.98198 1.67241 -1.00706 0.531479 
5.98745 0.0954317 -0.665638 -0.48288 -0.638525 -0.108934 -0.253661 0.0596336 0.0360046 -0.247476 -0.140664 -0.0400268 -0.0199342 -7.0434 0.684291 1.93774 0.451453 2.16997 1.96602 2.14837 -6.24451 -3.42751 1.92132 -0.781117 -2.4385 -0.420959 -5.79731 -1.47668 4.17027 3.61771 1.11183 -3.69601 -1.47051 -0.933105 -3.14789 3.21 3.28472 -1.93525 0.211671 
5.91292 0.156079 -0.728948 -0.481213 -0.574504 -0.0276974 -0.35105 -0.0601257 0.126237 -0.246376 -0.20035 -0.058613 -0.00393883 -9.18167 -0.013979 3.90263 2.91625 2.20986 0.322771 1.05831 -6.72078 -5.08608 3.09564 0.651443 -2.884 0.141598 -5.40493 -3.1536 5.80026 4.93899 1.28065 -4.86545 -0.768098 0.376292 -5.31889 2.27904 3.99622 -2.23949 0.488083 
5.74994 0.196346 -0.643805 -0.539796 -0.52988 -0.0501697 -0.269814 -0.197674 0.084037 -0.130966 -0.189989 -0.0791909 -0.101054 -9.86098 -1.29767 5.77508 4.61198 2.27382 -1.10852 0.320896 -6.54588 -6.04976 3.22731 1.95852 -2.87733 0.70421 -2.73998 -3.23971 4.70556 5.24255 0.59667 -4.09912 -0.863919 1.28535 -4.8235 0.307496 2.92587 -0.970258 1.26381 
5.31206 0.130643 -0.487448 -0.40967 -0.466444 -0.178124 -0.136876 -0.206892 -0.216884 0.029794 -0.0783006 -0.300524 -0.0772408 -10.4759 -1.78208 6.5301 5.51398 2.27956 -2.38065 0.498511 -5.58276 -6.72978 2.87965 2.38609 -2.41903 0.826659 1.94042 -1.70378 1.52889 2.72902 -0.679254 -1.46235 -0.967128 1.46771 -0.89505 -2.1885 0.574211 1.94367 1.33437 
5.07564 -0.0439011 -0.131955 -0.0249681 -0.371523 -0.316079 -0.314922 -0.434348 -0.520941 0.0878346 0.0984387 -0.344431 0.0137803 -10.8396 -1.69301 6.36444 5.44602 1.86325 -2.92225 1.03425 -4.13123 -6.53696 1.96263 2.17256 -1.61011 1.02114 3.6708 1.20828 -2.88873 -2.13939 -1.85044 1.20129 1.0417 2.58688 3.44984 -3.48911 -2.22989 3.60076 0.421255 
5.034 -0.0733254 -0.0639899 0.047117 -0.38054 -0.33146 -0.331796 -0.458925 -0.55066 0.0702383 0.106944 -0.353637 0.0427661 -8.60011 -1.02567 4.1975 3.23894 0.960061 -1.00699 0.958343 -2.94447 -4.46892 -0.162234 1.84208 0.271184 0.709005 4.15603 3.38962 -6.46172 -6.42938 -2.02151 4.05211 1.51078 2.88909 6.50713 -4.2064 -3.17484 4.40983 -0.949735 
4.98137 -0.0926052 -0.0223211 0.0702308 -0.368647 -0.376217 -0.260721 -0.479177 -0.586081 0.0447977 0.0870796 -0.292435 0.0487025 -4.00481 -0.192472 1.99052 0.220419 -1.63994 1.56676 0.193479 -1.84284 -1.10096 -1.1431 1.78305 2.16034 0.306267 5.79424 3.66796 -6.84393 -8.74947 -3.56919 6.11892 0.450798 2.40431 7.54694 -2.7067 -1.49658 3.75612 -2.0366 
4.81445 -0.050067 -0.018184 0.0926385 -0.380242 -0.389274 -0.176021 -0.483016 -0.63644 0.00932105 0.0665733 -0.227559 0.058934 0.848476 1.12 -0.379777 -3.413 -4.19786 3.87761 -0.236981 -0.853193 2.38258 -1.22208 1.46862 3.77327 -0.295446 8.52987 2.28005 -4.89122 -8.18348 -5.12051 6.21186 -1.62716 1.60288 6.65187 0.111338 1.02435 2.07679 -1.88875 
4.55521 0.0222561 -0.0242073 0.0290255 -0.420501 -0.366956 -0.0821866 -0.452246 -0.607725 -0.046585 0.0174375 -0.195944 0.0833165 3.96991 2.22565 -2.2819 -6.62149 -5.91513 5.00769 0.101468 0.464266 4.55445 -0.548725 1.20428 4.16921 -0.765881 10.2324 0.404593 -1.55736 -5.08148 -5.14123 3.49028 -2.94578 0.636033 4.01514 2.99057 2.48116 0.461672 -0.961059 
4.93132 0.132759 -0.406312 -0.373049 -0.460343 0.0787532 -0.246162 -0.456044 -0.246108 -0.329225 0.0350018 0.0472665 -0.0417831 5.90808 2.30232 -2.57558 -7.7737 -6.38024 4.83028 -0.251122 1.02929 5.0244 0.217842 1.54384 3.96704 -0.731979 5.8133 -0.99319 2.20539 -0.314717 -2.68034 -2.32458 -1.05762 0.794488 -0.579169 4.91374 1.6823 -1.93355 0.763586 
5.3494 0.107748 -0.272353 -0.550535 -0.920025 0.188754 -0.29479 -0.456548 -0.104447 -0.0650382 0.22139 0.0942895 -0.0898901 7.06553 2.02608 -2.24896 -7.88825 -6.5731 4.60107 -0.840952 1.32659 4.98281 0.806738 1.78315 3.30146 -0.511871 -1.336 -1.32474 2.84712 3.22807 2.44234 -5.46086 0.788379 0.802498 -3.80845 2.38863 -0.563047 -2.74294 1.78941 
5.47674 0.165148 -0.305461 -0.64836 -1.05167 0.205233 -0.29867 -0.411714 -0.0804751 0.061506 0.250023 0.0891792 -0.0397285 7.36082 1.40996 -1.41496 -7.11215 -6.20231 3.98096 -1.16025 1.33411 4.25637 1.29491 1.78946 2.4555 -0.188157 -5.89116 -1.34983 2.44873 4.48856 4.88565 -4.65377 1.36208 0.274839 -4.32385 -0.876334 -1.78008 -2.27861 1.52296 
5.52283 0.187774 -0.29928 -0.731928 -1.05125 0.133831 -0.279829 -0.371748 -0.0733671 0.0967569 0.232936 0.10369 -0.0213436 6.35187 0.68701 -0.348202 -5.22783 -5.12305 2.70665 -0.958313 1.14964 2.70331 1.55471 1.57654 1.47599 0.215847 -6.19272 -1.07224 1.20304 3.88463 4.164 -1.27208 0.788649 -0.5072 -2.8103 -2.79295 -1.65818 -1.33612 0.639205 
5.57523 0.162991 -0.294491 -0.779299 -1.00306 0.0573918 -0.265769 -0.316749 -0.0828968 0.0642502 0.240798 0.110101 0.00493876 3.62277 -0.17056 1.12346 -2.61354 -3.60695 1.09771 -0.333739 1.0165 0.607648 1.57663 0.898794 0.2387 0.784261 -3.13472 -0.884704 0.216368 2.61232 1.70854 1.91028 -0.293012 -1.1699 -0.97863 -2.4558 -0.822418 -0.476992 -0.347882 
5.557 0.163265 -0.265008 -0.798574 -1.08161 0.157037 -0.291699 -0.323562 -0.064122 0.0359318 0.240694 0.11939 0.0130475 1.9841 -0.80203 1.03268 -1.0348 -1.36121 1.07852 -0.53946 0.913531 -0.268764 0.102424 0.0300845 -0.151243 0.698943 -0.220369 -1.22527 0.606652 2.27303 0.214704 1.54387 -0.63911 -0.856972 -0.68416 -0.406304 -0.0916565 -0.587189 -0.625894 
5.538 0.161543 -0.240502 -0.816226 -1.13083 0.237381 -0.302886 -0.336848 -0.0694252 0.033976 0.24071 0.116047 0.0240989 1.10007 -1.49611 1.57719 0.0424726 -0.0576804 1.27927 -0.919193 0.713561 -0.479051 -0.418689 -0.163832 -0.523046 0.298131 0.523497 -1.27245 0.611033 1.94582 1.41093 -0.0279782 -0.780019 -0.0296398 -0.603292 0.401968 -0.203418 -0.813107 -0.581602 
5.55974 0.145201 -0.24203 -0.788796 -1.12976 0.243554 -0.288993 -0.344467 -0.0839654 0.0185216 0.249946 0.103686 0.025231 -1.70364 -1.55774 1.72409 0.900089 1.8667 1.03819 -0.8002 0.901383 -0.857257 -0.405046 -0.105041 -0.978295 0.221933 -2.37354 -0.728765 0.618464 1.28158 3.84536 -1.64551 -0.350843 0.88888 -0.566464 0.481074 -0.276712 -0.868643 -0.343552 
5.64008 0.0699584 -0.189237 -0.747145 -1.15761 0.290204 -0.32887 -0.33546 -0.117393 0.0312347 0.241001 0.0825353 0.0274298 -4.61049 -3.045 1.99027 2.36467 4.85017 -0.332125 -0.534852 1.70399 -0.911984 0.237406 -0.333887 -1.14342 -0.0139667 -6.72712 -1.19506 0.382073 1.4513 6.69224 -3.27994 0.609919 1.83814 -0.173836 0.585875 -0.271553 -0.550865 -0.151966 
5.71377 0.000280257 -0.143473 -0.697481 -1.10967 0.294796 -0.393144 -0.293971 -0.142018 0.0299575 0.227196 0.0599771 0.0063997 -7.00704 -5.4651 1.42951 3.36509 7.28912 -2.10928 0.1111 2.77663 -1.08898 0.0910242 -1.31048 -1.34162 0.49124 -9.24535 -3.13562 -0.591796 1.77966 6.93856 -3.8164 1.78099 2.2871 0.106341 0.244018 -1.05398 -0.129681 0.652357 
5.57544 -0.0172275 -0.0863907 -0.682099 -0.932954 0.266291 -0.412608 -0.277075 -0.12654 0.0277937 0.210957 0.00891113 -0.000294651 -9.10199 -7.7917 1.14252 2.83878 8.80305 -3.18987 0.217835 3.20374 -0.572485 -0.512375 -2.03219 -1.61492 1.05438 -6.9411 -5.63491 -1.4034 0.725868 4.12154 -3.08812 1.72515 1.78405 0.602638 -0.665611 -1.81331 0.109772 1.44424 
4.99285 0.0378905 -0.0979168 -0.647623 -0.616421 0.15462 -0.312531 -0.191301 -0.204009 0.0265102 0.235734 -0.026907 0.040556 -9.89717 -9.03416 1.10664 2.27179 9.32176 -3.98969 -0.087654 3.37348 0.292739 -1.1204 -2.48964 -1.43827 1.35206 0.476439 -6.01448 -1.16339 -1.13581 -0.910454 -1.20569 -0.0969281 0.233246 1.72709 -1.7659 -2.02309 0.329977 1.41368 
4.78849 -0.378613 -0.0239371 -0.391237 -0.243363 -0.0510916 -0.302959 -0.03246 -0.162907 0.1309 0.181611 -0.0015378 -0.00227967 -9.34134 -9.60654 0.606942 1.97997 8.77968 -3.97109 -0.181927 3.11074 0.987415 -1.70796 -2.58496 -1.58866 1.28373 6.39767 -1.80975 -0.725937 -3.19871 -5.53782 1.68443 -1.77708 -1.78836 2.02411 -2.50462 -0.819072 -0.106534 0.639402 
4.66697 -0.722442 -0.167824 -0.362892 -0.237759 -0.103483 -0.231165 0.0511238 -0.203946 -0.0171393 -0.0279837 -0.0441249 0.15491 -7.31475 -9.3329 -0.354308 0.77642 6.78792 -3.4631 0.162873 3.4801 1.66666 -1.34987 -2.38334 -1.34285 0.777812 8.76045 3.54442 -0.189695 -3.53765 -6.48334 2.97262 -1.95748 -1.75923 1.97643 -0.498055 1.52027 0.0208761 -1.63572 
4.5381 -0.920765 -0.104566 -0.616376 -0.179502 -0.094117 -0.324907 -0.00977402 -0.0843061 -0.116343 -0.031331 -0.113067 0.19675 -3.9005 -8.57839 -0.696469 -0.264007 3.82068 -2.25761 -0.465593 2.89827 2.26662 -1.33798 -1.65077 -0.716413 0.421423 7.53259 6.4002 -0.578589 -1.57858 -5.55869 2.96816 -0.681399 -0.679301 0.828657 1.61512 2.81278 0.756245 -2.641 
4.63207 -0.91859 -0.0323111 -0.558935 -0.141254 -0.187142 -0.422281 0.020938 0.00445972 -0.153122 -0.0332883 -0.0545179 0.162497 0.332479 -6.95302 -1.05071 -2.12207 0.717199 -1.46405 -1.6982 2.10708 2.43282 -1.25246 -0.823175 0.248449 0.44095 4.31777 5.42846 -1.31154 -1.39038 -3.95377 1.80727 0.115321 0.119946 -0.680899 2.48846 2.87927 1.66829 -1.46218 
4.71616 -1.00067 -0.0943082 -0.460105 -0.160394 -0.0963859 -0.416692 0.0117874 -0.00153057 -0.175465 -0.0228039 -0.163466 0.104177 2.19886 -3.91356 -0.809701 -3.00268 -0.752853 -0.427881 -1.8644 1.46634 2.18449 -1.07219 -0.0148372 0.666691 0.0669032 2.02115 2.88879 -0.332757 -1.16794 -1.70448 0.114913 -0.141104 0.142398 -1.14681 1.72658 1.51189 2.45473 0.253798 
4.77253 -0.981583 -0.238758 -0.657931 -0.24566 -0.117334 -0.289002 0.247617 0.0570053 -0.00343758 -0.00557201 -0.104764 0.0117707 2.71095 -2.02772 -0.357797 -2.80128 -1.21294 -0.104659 -1.48584 1.33284 1.81644 -0.293055 0.971572 1.31214 -0.499579 -0.233139 1.01994 1.03627 -0.297413 -0.0990899 -0.354749 -0.426786 -1.26186 -1.47855 -0.666436 0.0729277 1.61377 1.71474 
4.81045 -1.03715 -0.15357 -0.656925 -0.321466 -0.0505848 -0.442008 0.103728 0.111565 -0.0970627 0.0827762 -0.0282372 0.071525 2.9949 -1.03054 -0.158761 -1.74147 -0.911557 0.481237 -0.689855 1.02857 0.76148 -0.0215996 1.4446 1.61737 -0.708826 -1.45542 0.736736 1.85883 0.86269 1.91416 0.0182282 0.778571 -1.27976 -1.41823 -1.04761 -0.312708 -0.0143057 0.631232 
4.96221 -1.05691 -0.230467 -0.870423 -0.37937 -0.204281 -0.580929 0.129692 0.0471734 -0.107702 0.090729 0.098149 0.190153 2.17948 -1.05257 0.919248 -0.941412 -0.972937 0.273955 -0.505865 0.122491 0.20312 -0.495882 1.38921 1.83505 -0.400583 -2.10372 0.526284 2.65258 3.7299 2.09474 0.669053 1.86536 -1.39612 -0.887433 -1.01757 -0.224148 -1.11386 -0.973888 
4.94548 -1.03221 -0.103266 -0.716235 -0.228284 -0.121682 -0.481505 0.161779 0.0838026 -0.116287 0.0248848 0.0285765 0.0883083 1.89488 -0.885461 2.49584 0.268558 -0.960804 0.195012 -0.721028 -0.513311 -0.0898109 -1.02545 1.0896 2.3236 -0.362843 -1.17116 -0.127343 2.22336 3.86897 0.0675273 0.656666 1.07156 -1.33906 -0.691197 -0.687953 0.101231 -0.631519 -1.16969 
4.85053 -1.06751 -0.144354 -0.783368 -0.345082 -0.111855 -0.399521 0.178307 0.0744511 -0.132756 0.0843439 0.0675371 0.105682 1.62348 -0.900486 3.53796 1.67997 -0.383425 0.242094 -0.692782 -1.10332 -0.316124 -2.10731 0.58025 1.75604 -0.20983 0.32814 -0.256054 1.99199 2.75129 -0.734727 -0.0733258 -0.375837 -0.658709 -0.0132823 -0.75545 -0.519662 0.0468722 -0.550188 
4.96089 -1.03211 -0.057817 -0.70223 -0.187147 0.00411164 -0.409051 0.0838261 0.0133618 -0.140541 0.193676 0.0529852 0.0254938 0.862831 -1.07922 3.5338 2.32302 -0.483898 0.3796 -0.160364 -0.77423 -0.808393 -2.12165 0.124901 1.23157 -0.38983 0.15267 -0.759161 0.843192 0.819609 -1.70053 -0.678796 -1.43935 0.0183029 0.127701 -1.15776 -1.33082 0.273943 0.919855 
4.92063 -1.11642 0.110355 -0.535148 -0.338008 -0.178992 -0.489343 0.0176741 0.0422882 -0.233821 0.12117 0.141552 0.0702123 -0.202183 -1.25434 3.19717 2.5656 -0.182568 1.04436 0.389592 -1.21939 -0.961159 -1.97239 0.36083 0.535488 -0.419448 -0.695473 -0.366325 -1.73209 -1.84699 0.0262325 0.307473 -0.212195 0.741966 -0.507804 -0.125711 -0.767447 -0.837713 1.21532 
5.0315 -1.12078 0.198412 -0.484164 -0.407066 -0.0518441 -0.508523 0.0537141 0.0293369 -0.231038 0.100685 0.199738 0.0137686 -0.468952 -1.12473 2.18416 1.05892 -0.343124 0.415742 0.154949 -1.74394 -1.32462 -1.8342 0.450236 0.217773 0.577729 -2.38117 0.190945 -3.22272 -3.18356 1.63426 0.29154 1.35018 -0.0303169 -0.825419 0.769747 0.191826 -2.09671 1.34659 
5.02955 -1.11425 0.199972 -0.538649 -0.308282 -0.099959 -0.476218 0.0847952 0.0596985 -0.360661 0.0686403 0.13546 0.0783044 -1.182 -0.626416 1.35889 0.492345 0.314957 0.177118 0.319762 -1.73903 -1.41577 -1.18333 -0.175144 0.110124 0.660742 -2.84111 0.863308 -3.43412 -3.08886 1.54883 0.0740891 1.69431 -0.957278 -0.981164 2.10819 0.787842 -1.28408 0.663537 
4.91511 -1.20744 0.192536 -0.503092 -0.408134 -0.052061 -0.524669 0.0380338 -0.0646531 -0.355113 0.0834611 0.147587 0.104091 -2.23265 -0.0890173 -0.161997 -0.303748 0.193702 -0.622017 0.453461 -1.03744 -1.40662 -0.21282 -1.00875 -0.179152 1.29761 -1.50363 1.90418 -2.36434 -1.56292 1.42392 -1.22066 0.866718 -0.544874 -0.070319 2.47706 -0.273504 -0.284613 0.210167 
4.82728 -1.19354 0.110753 -0.565757 -0.253545 0.0126334 -0.387943 -0.0280635 -0.0783922 -0.285103 0.168104 0.0721131 0.0900738 -2.37343 1.24614 -1.09743 -0.531285 0.508185 -0.714732 1.21328 -0.37873 -1.59665 1.52386 -0.720046 -1.02946 0.930408 0.0539627 2.38261 -0.508129 0.96394 -0.863549 -2.40846 -0.335446 1.21875 0.582102 2.54884 -1.60343 0.512616 -0.284283 
4.84135 -1.13175 0.103863 -0.713406 -0.279656 -0.102785 -0.396925 -0.113312 -0.0980643 -0.321581 0.142864 0.0338096 0.203125 0.642065 4.10169 -1.64118 0.533448 0.414939 -2.34794 0.150315 -0.0786512 -1.44369 2.34393 -0.846231 -0.899343 0.704562 4.40016 4.21699 0.249396 3.46147 -1.54696 -2.20971 -1.66207 2.75059 0.768055 2.35058 -1.43209 0.633938 -1.2727 
4.72047 -1.08916 0.0753774 -0.631863 -0.238925 -0.083162 -0.37534 -0.0818075 -0.112083 -0.236148 0.0595061 0.157207 0.105133 5.35658 6.6272 -2.54032 2.58051 -0.541579 -3.80599 -0.202266 -0.163851 -0.988581 2.56906 -0.965768 -0.433164 0.361084 10.0461 5.73598 -0.39343 4.59876 -1.90296 -2.87547 -1.93851 1.7917 0.847139 0.426428 -0.109663 -0.133637 -0.805332 
4.6985 -1.04951 -0.00250443 -0.584232 -0.290423 -0.225943 -0.459057 0.0108044 -0.124291 -0.165619 -0.0582183 0.095257 0.226085 9.85911 7.98771 -2.97601 4.21061 -1.35854 -5.00583 -0.186189 0.167067 -0.584573 1.73798 -0.860719 -0.295429 -0.0443683 13.0387 4.89967 -1.13444 4.52572 -1.91596 -2.19858 -0.880659 -0.438146 0.418124 -1.94049 1.56293 0.166671 -1.02522 
4.75001 -0.88981 0.0711504 -0.493732 -0.365242 -0.222818 -0.305499 0.0763116 -0.14741 0.027439 0.0500528 -0.0198805 0.105404 12.3714 8.24283 -2.84047 5.71918 -2.68927 -5.69545 -0.265256 0.414086 -0.962517 0.804966 -0.589912 0.153752 -0.413356 9.94721 1.31123 -1.65584 2.69218 -1.35175 -1.49451 0.395045 -1.9455 -0.156221 -4.0785 1.67293 0.842851 -0.272853 
5.53668 -0.368747 -0.00890351 -0.327393 -0.323122 -0.435795 -0.63494 0.0674647 -0.138012 -0.0431163 0.00105716 0.0962997 0.104822 12.741 7.69557 -2.3477 6.57012 -3.4522 -5.29378 0.426134 -0.11495 -1.51842 0.527638 0.223639 0.0102541 -0.837074 -0.961941 -4.44672 0.111017 -0.0379255 -1.72532 0.660941 2.91469 -2.14797 -1.27927 -3.10724 1.4792 0.328245 0.0452915 
5.97687 -0.258895 -0.237635 -0.0936016 -0.448896 -0.61514 -0.469769 -0.0614574 -0.091362 -0.147656 -0.0017029 0.0962697 0.154622 11.4042 6.61735 -1.42349 6.07967 -3.7866 -4.85293 1.02466 -1.26703 -1.96389 0.26877 1.0493 -0.183965 -0.856256 -11.0163 -6.69617 3.03838 -2.42276 -0.730764 2.87772 2.60029 -1.20405 -2.06258 0.160754 0.969306 0.0239908 -0.449011 
6.16265 -0.342832 -0.232736 -0.032096 -0.547944 -0.63127 -0.408298 -0.0250723 -0.172264 -0.228832 0.0689027 0.0686394 0.0936715 7.90498 4.98177 -0.526089 5.21155 -3.2206 -3.86822 1.60717 -2.21251 -2.12281 0.44391 1.52288 0.25523 -1.48236 -14.8221 -4.98244 3.97516 -3.39068 0.838282 3.08183 1.16882 -0.95621 -1.23027 3.14589 0.29086 -0.351052 -0.438934 
6.0914 -0.30984 -0.188808 0.0197145 -0.611486 -0.696413 -0.354541 -0.0150621 -0.270302 -0.228295 0.091882 0.114637 0.0743961 3.12928 2.76036 -0.13938 4.02701 -2.56729 -2.9447 1.79428 -2.43058 -2.07314 0.588229 1.38926 0.318632 -1.38627 -11.5334 -2.0544 2.70013 -2.91818 2.30087 2.52932 -0.28301 -0.621342 0.494934 3.70823 0.0644097 -0.476276 -0.798014 
5.9596 -0.303416 -0.0926114 0.0643403 -0.713612 -0.665547 -0.290302 -0.139728 -0.34903 -0.120181 0.12387 0.0525721 0.0708115 -2.37642 0.502332 0.976872 2.37054 -2.08797 -1.18457 2.52116 -2.20083 -1.87088 1.53707 1.45377 -0.245227 -1.43492 -4.67934 0.137532 0.11456 -2.021 2.94749 1.28455 -1.68574 0.389084 2.00231 1.47715 -0.572612 0.0899198 -0.302223 
5.79851 -0.290859 -0.0269779 0.0710776 -0.688855 -0.681024 -0.27788 -0.216844 -0.364493 -0.0287375 0.147388 0.082886 0.0258157 -4.67616 0.228644 1.78287 1.23498 -1.44784 0.00375801 1.46336 -1.60019 -1.68989 2.1036 1.38526 -0.560835 -1.27431 0.421883 0.000309706 -1.54322 -0.995501 1.37147 1.0367 -1.17583 1.40437 1.97928 -0.940914 -0.564038 -0.468817 0.653709 
5.64828 -0.273207 -0.0307833 0.0708532 -0.616969 -0.71415 -0.279104 -0.230459 -0.341936 0.0461834 0.164697 0.0992618 -0.0477507 -4.44545 0.372846 1.38367 1.13864 -1.26672 0.490196 0.578172 -1.16078 -1.19859 1.87451 1.36556 -1.03061 -0.557688 3.57481 -0.520334 -1.25065 -0.190127 -0.794724 1.31959 -1.19143 2.10537 0.597479 -2.40229 -0.0334281 -1.16996 1.63156 
5.58857 -0.265246 -0.0876442 0.107888 -0.625283 -0.708717 -0.249249 -0.201533 -0.331994 0.0208996 0.186352 0.0682647 -0.0566154 -2.27093 0.22356 0.445633 1.10705 -1.30418 1.04716 -0.477088 -0.304386 -0.737244 0.808715 1.29918 -1.56885 0.117045 5.01607 -0.400494 -0.749986 0.464296 -1.9223 1.13173 -1.65374 1.83091 -0.546537 -2.48183 0.247238 -1.32557 2.11114 
5.56421 -0.277959 -0.0186122 0.0498107 -0.65897 -0.624162 -0.253802 -0.224547 -0.316875 0.0273374 0.161686 0.0486234 -0.012624 0.696371 0.247449 -0.99572 0.973104 -1.22591 1.2028 -1.45043 1.14828 -0.288788 -0.708859 0.887777 -1.69849 0.588723 5.74991 -0.0354695 -1.56652 0.844976 -1.43847 0.385825 -1.98239 1.69002 -0.599708 -2.24756 0.113057 -1.03161 1.4773 
5.5859 -0.280238 -0.018549 0.107998 -0.744848 -0.60123 -0.275247 -0.19598 -0.376305 0.0199293 0.217583 -0.0174134 0.0109128 3.17462 0.42299 -2.13847 0.543733 -1.13514 1.34698 -2.11638 2.32483 0.52165 -1.65298 0.522013 -1.79046 0.809666 5.12345 0.499857 -2.56393 -0.253508 0.662115 -0.371022 -1.83792 1.82799 1.07422 -1.69977 -0.751957 0.221721 0.096633 
5.68059 -0.290954 -0.0363448 0.184412 -0.807818 -0.593879 -0.348634 -0.140998 -0.416611 -0.0325424 0.287369 -0.0843465 0.0641874 4.47459 1.16033 -3.15208 -0.340991 -0.912505 1.47164 -3.17818 2.9856 1.69224 -1.74433 -0.0360322 -1.3807 1.18376 2.64627 1.41714 -3.08298 -2.09851 2.3386 -0.583478 -1.45431 1.66042 3.16937 -0.307227 -1.75735 1.52339 -0.899311 
5.86025 -0.26742 -0.126857 0.193222 -0.828382 -0.550768 -0.437706 -0.102116 -0.404287 -0.111467 0.259709 -0.112077 0.107295 3.94344 2.50537 -4.27115 -1.80434 0.199064 0.883597 -3.6326 3.16008 2.95982 -1.23519 -0.869128 -0.715614 1.20258 -1.70029 2.52701 -2.48906 -3.67227 3.0118 -0.879618 -0.521402 0.786086 4.11793 1.45826 -2.0763 2.10925 -0.90776 
6.0719 -0.246512 -0.281125 0.159201 -0.790129 -0.549547 -0.491774 0.0151768 -0.342966 -0.195743 0.19243 -0.112603 0.0840315 2.70683 3.47502 -5.2897 -2.97263 1.22258 0.603171 -3.34673 2.98347 4.0804 -0.676641 -1.26449 -0.345489 0.746531 -5.68993 2.87817 -0.86748 -3.93535 2.3496 -0.555714 0.575661 -1.0164 3.24761 2.81253 -1.3295 1.5584 -0.364179 
6.10952 -0.200797 -0.349799 0.0644327 -0.704009 -0.554277 -0.529536 0.109541 -0.172228 -0.179385 0.188992 -0.0824177 0.0282373 0.698854 4.3365 -5.77334 -4.42856 2.28763 0.482596 -2.72784 2.14335 4.98019 0.263208 -1.52483 0.189291 0.256471 -6.90078 2.25451 0.0591483 -2.57577 1.09755 -0.288296 1.65976 -2.59067 0.737359 2.73655 -0.0503788 0.365331 -0.0416124 
6.05379 -0.0503879 -0.463853 -0.0578042 -0.699587 -0.511993 -0.703832 0.139307 -0.0186602 -0.0952967 0.127805 -0.0286222 0.112126 -1.43621 4.69426 -5.66115 -5.55932 3.293 0.152419 -1.82179 0.838058 5.34255 1.34541 -1.64311 0.669544 -0.254708 -4.96917 0.253396 0.887536 -0.794215 0.685158 -0.303275 2.76188 -3.36448 -1.42728 1.55884 1.08197 -0.498819 -0.658732 
5.84761 0.139588 -0.59468 -0.234401 -0.569896 -0.606503 -0.656946 0.123792 0.0638504 -0.0554639 0.0325103 -0.0131383 0.136843 -3.2378 4.39119 -4.91183 -6.0646 4.05058 -0.117852 -1.05654 -0.7571 5.18229 2.20158 -1.52762 0.99299 -0.597973 -1.16868 -2.01217 1.56268 0.623525 0.55838 0.058372 2.12122 -3.32704 -2.07491 0.473615 1.30166 -0.295594 -1.1686 
5.79571 0.138988 -0.639449 -0.283241 -0.569748 -0.509479 -0.603652 0.0884239 0.116119 -0.0369212 0.0818294 -0.0762323 0.0753564 -4.06841 3.51566 -3.78974 -6.03267 4.55371 -0.256218 -0.675831 -1.99184 4.25821 2.49115 -1.21852 1.08451 -0.691522 1.49186 -2.98993 1.94587 0.869886 1.23983 -0.516552 0.572953 -2.16908 -1.80335 -0.235467 0.445741 0.604263 -0.894818 
5.68512 0.228896 -0.729962 -0.380338 -0.50337 -0.525401 -0.603309 0.0238051 0.154051 0.0359024 0.120285 -0.0466411 0.0448564 -3.73087 2.30443 -3.05819 -5.19248 4.59614 -0.332976 -0.430446 -2.60305 3.07754 2.02231 -0.95238 1.06371 -0.803883 2.55185 -3.15203 2.14978 1.20071 1.05897 -0.494542 -0.811238 -0.519922 -1.21936 -0.916886 -0.260556 0.876905 -0.18651 
5.65645 0.232528 -0.75892 -0.479319 -0.372045 -0.581777 -0.592087 -0.0661106 0.21171 0.0828917 0.0755801 -0.00154275 0.0245258 -2.78238 0.746826 -1.99548 -4.29367 4.80214 -0.488715 -0.34013 -2.37108 1.99689 1.28504 -0.526614 1.04272 -1.0991 2.12712 -2.32157 1.74662 1.55296 0.0511048 -0.104041 -1.59908 1.33841 -1.30682 -1.48299 -0.189467 0.428674 0.582194 
5.6391 0.208907 -0.762488 -0.565294 -0.262079 -0.571125 -0.614765 -0.174837 0.278444 0.107715 0.0112882 0.0468892 0.00331398 -1.88291 -0.351541 -1.12281 -3.30849 4.75665 -0.695677 -0.83504 -1.64142 1.11697 0.679485 -0.269029 1.1084 -0.851751 0.92145 -1.21107 1.08393 1.87633 -0.655489 -0.323721 -0.912704 2.7484 -1.78183 -1.76125 0.464949 -0.408273 0.816498 
5.6469 0.16134 -0.737689 -0.629429 -0.163553 -0.586349 -0.666092 -0.141793 0.245848 0.099783 0.0252473 0.0563788 -0.00335997 -1.73144 -0.656601 -0.67964 -2.30298 4.62767 -1.38949 -1.02328 -0.945328 0.426183 0.256984 -0.556091 1.08971 -0.307117 -0.15851 -0.271317 0.452353 2.27053 -1.25642 -0.48264 0.121805 2.42263 -1.60387 -1.21671 0.679708 -0.916247 0.762598 
5.62104 0.15847 -0.795196 -0.590502 -0.160333 -0.581369 -0.689434 -0.142448 0.267581 0.0683409 0.0399887 0.0710719 -0.00664687 -2.10846 -0.82898 -0.0878057 -0.682823 3.60121 -1.34968 -0.950056 -0.212995 -0.0954521 -0.432277 -0.600671 0.598122 0.116757 -1.39213 0.611939 0.394821 2.31908 -1.37705 -0.796023 0.796004 1.2484 -1.12154 -0.430857 0.180693 -0.935835 0.779889 
5.61404 0.115979 -0.755084 -0.644814 -0.069645 -0.603157 -0.730415 -0.0890134 0.231802 0.0468032 0.0460832 0.0792117 -0.00528762 -3.62229 -0.33501 0.068501 1.24636 1.98998 -1.12113 -0.561499 0.776542 -0.710864 -0.998115 -0.21203 0.217131 0.483986 -2.8538 1.25704 0.236713 3.15574 -2.31456 -0.319371 1.30788 0.173377 -0.398559 -0.171853 -0.264803 -0.694651 0.702223 
5.54757 0.12197 -0.761346 -0.647735 0.020547 -0.681037 -0.70907 -0.0514373 0.191032 0.0311719 0.0447939 0.074042 0.0171113 -5.66541 0.0159599 0.119223 2.86241 1.37032 -1.15376 -0.0021295 1.33181 -1.39899 -1.41556 -0.28967 -0.0364063 0.861456 -4.19869 1.15334 0.227383 3.58111 -2.53844 0.703652 1.14607 -0.163752 -0.242493 -0.447842 -0.48417 -0.308563 0.525076 
5.49174 0.125916 -0.779562 -0.56939 0.0175955 -0.726875 -0.69232 -0.0881219 0.187599 0.0587603 0.00699829 0.0592606 0.0367829 -9.18123 -0.439033 0.970977 3.39753 0.482238 0.575519 1.24011 1.13926 -2.03175 -1.82906 -0.236292 0.191654 0.79017 -6.30352 -0.142023 0.985138 2.19425 -1.92549 2.75974 1.47391 0.216584 -1.01567 -1.1245 0.10059 0.374537 0.0258572 
5.33552 0.156419 -0.732655 -0.438424 -0.0600891 -0.69484 -0.702415 -0.0878298 0.195489 -0.00255192 -0.000408307 0.0380022 0.0584361 -15.4932 -1.70599 2.92864 4.40887 0.621164 1.87125 1.93515 0.434556 -3.01081 -2.48274 -0.632247 -0.00393265 0.518559 -10.3412 -2.46459 2.62878 0.618471 0.160182 3.85066 1.71343 -0.436606 -2.02405 -1.47031 0.015178 0.572253 -0.669041 
5.07451 0.214979 -0.751696 -0.278594 -0.161837 -0.674093 -0.648702 0.0131814 0.144472 -0.0541332 0.0392683 0.0572219 0.0781696 -20.4592 -3.69432 4.24126 4.24577 -0.688455 3.60895 2.87656 -0.298367 -3.39856 -2.66622 -0.52384 0.0547302 0.16185 -12.168 -5.20982 4.28522 -1.75037 0.886731 4.16765 1.71444 -1.70476 -2.06431 -0.977385 -0.125776 0.308786 -1.20943 
4.82537 0.171209 -0.747329 -0.207713 0.00728126 -0.706093 -0.631373 0.0143517 0.0518243 -0.0982795 -0.0416753 0.058678 0.114472 -21.3112 -6.92922 4.70464 4.08141 -1.17588 5.20847 3.1213 -0.226033 -2.51758 -2.60863 -0.514228 0.373842 -0.523408 -7.55251 -7.15045 3.42132 -2.17 -0.451166 3.38811 1.10514 -1.62542 0.25958 0.116083 0.061549 0.109075 -1.60031 
4.27112 -0.0160846 -0.539712 -0.302576 -0.10245 -0.310007 -0.442131 -0.0165782 -0.0577211 -0.173617 0.0421302 0.133593 0.0512838 -17.9295 -9.89728 4.82855 3.13407 -1.47085 6.02398 3.10633 0.0264799 -1.61345 -2.36299 0.213168 0.997149 -1.20744 5.66524 -6.84342 -0.0742496 -1.33134 -1.51568 0.307954 -0.655388 -0.267555 3.30008 1.43942 0.445574 0.266143 -1.31308 
3.22034 -0.215865 -0.23854 -0.0376728 0.0710521 -0.334087 -0.471612 -0.146356 -0.187594 -0.29408 -0.0799414 0.0374947 0.0215376 -12.4109 -12.3899 4.5232 2.09951 -1.51944 6.04628 2.86316 0.392329 -0.56403 -1.95858 0.435502 1.0989 -1.67178 20.9196 -4.67506 -3.78937 -1.5863 -2.42009 -1.21019 -1.48804 2.12179 5.11 1.98606 1.40739 0.910293 -0.779498 
2.98251 -0.486923 -0.20313 -0.232002 -0.236458 -0.166752 -0.332223 -0.153734 -0.175291 -0.235692 0.00142529 0.0779697 0.0105958 -5.3456 -12.8626 4.06335 0.813663 -1.81338 5.64945 2.37336 0.552667 0.841011 -1.04816 -0.0656573 0.765499 -1.43949 25.7563 -0.13416 -4.43143 -0.958658 -0.399219 -2.57385 -1.98819 2.88066 4.1389 1.61265 0.450884 0.396784 0.313019 
3.36014 -0.906798 -0.317564 -0.0748031 -0.1633 -0.0704088 -0.365862 -0.022034 0.0758944 -0.224511 -0.0405324 0.134632 -0.0689296 2.42359 -11.8176 3.30288 0.680157 -2.62147 4.09418 1.57935 0.879592 1.49002 -0.603773 -0.0671364 0.930766 -1.13608 18.5897 4.94844 -1.92326 -1.2591 0.499736 -3.31016 -1.46006 1.1467 0.295996 0.710808 -0.697532 -0.344839 1.53271 
3.93815 -1.10327 -0.285224 -0.124394 -0.251342 -0.0358747 -0.366332 -0.00721449 0.0936693 -0.225788 0.118871 0.230998 -0.112532 9.78725 -9.40498 1.80756 0.231512 -2.79983 1.57581 0.451513 1.49199 1.7638 -0.242563 -0.275628 1.20092 -0.334299 5.54932 7.69702 0.347167 -0.972533 0.384153 -3.23268 -0.878059 -0.423934 -2.3828 -0.134899 -1.80254 -0.623098 2.14085 
4.13983 -1.29566 -0.250736 -0.113294 -0.254027 -0.0155897 -0.358636 0.078031 0.109942 -0.284822 0.0583695 0.158323 -0.11461 14.393 -6.35517 1.07989 -0.819269 -3.27425 0.38145 0.41228 2.04712 1.37979 -0.197627 -0.18269 1.21424 0.0689483 -3.91459 8.01608 1.20323 -0.452768 -0.225321 -3.55552 -0.513318 -1.29162 -3.35325 -0.527489 -1.34505 -0.252315 1.67178 
4.3838 -1.1842 -0.215793 -0.2258 -0.286167 0.017407 -0.324252 0.0678264 0.16957 -0.167572 -0.100403 0.100876 -0.00536685 12.806 -3.27337 1.40216 -0.54297 -2.60217 -1.38263 0.183616 2.12761 0.736588 -1.11415 -0.652742 0.933161 0.405843 -7.51163 5.02566 0.374077 -0.306986 -1.09659 -2.87722 0.13993 -0.256795 -2.10044 -1.444 0.486121 0.520317 0.165861 
4.6481 -1.21313 -0.137927 -0.0843462 -0.344037 -0.120078 -0.372905 0.0221231 0.0378529 -0.260861 -0.0500768 0.217236 -0.0282036 9.27025 -0.197329 1.90693 -1.12927 -3.25552 -1.94509 0.94446 1.3767 -1.20072 -1.40242 -0.740344 0.170349 1.05973 -7.3706 2.47257 -0.490931 -0.383828 -0.59468 -0.834676 1.14507 0.570342 -0.549068 -1.25477 0.848896 -0.485826 -0.44412 
4.75154 -1.17353 -0.173658 -0.20317 -0.443553 -0.182347 -0.409075 0.0942646 0.0332015 -0.278154 -0.0229868 0.28164 0.0244165 5.92683 1.46733 1.39506 -0.652368 -2.76756 -2.60162 0.79298 0.783184 -2.03169 -1.52611 -0.566251 0.0394689 1.39456 -5.42004 1.08308 -0.614004 0.319342 0.42323 0.414445 1.2948 -0.333584 -0.718441 -0.674922 1.11007 -1.18844 -0.306269 
4.73642 -1.11631 -0.0978474 -0.23399 -0.493113 -0.215515 -0.317901 0.138586 0.00102879 -0.308019 -0.0477141 0.179531 -0.0187451 3.70315 2.80162 0.497712 0.166678 -2.3303 -2.34077 0.656081 0.120106 -2.22497 -0.760891 0.473238 -0.0117379 1.07468 -3.23149 0.896706 -1.503 1.52601 1.56815 1.36579 0.143368 -1.54616 -0.752269 1.0673 1.02767 -1.11843 0.262096 
4.61803 -1.13364 -0.101364 -0.216202 -0.521033 -0.304223 -0.29735 0.220941 0.113261 -0.431406 -0.0583332 0.237536 -0.0156577 1.72637 4.48977 0.0274452 0.933678 -1.59805 -2.69691 0.0718324 -0.0432203 -1.9558 -0.37086 1.0517 -0.401113 0.54714 -0.771273 2.96011 -1.64268 2.08426 2.15243 0.885123 -1.51581 -2.27526 -0.54538 2.95669 0.88875 -0.805957 0.186544 
4.77756 -1.0257 -0.0657039 -0.233573 -0.616022 -0.20552 -0.180644 0.114138 -0.150431 -0.381657 -0.0590271 0.11652 0.0679689 2.25797 6.96546 -1.53623 1.12864 -1.04421 -2.11421 -0.715586 0.0947908 -1.21022 0.642595 0.898152 -1.02344 0.429384 1.27646 4.69003 -2.39923 2.13167 1.94069 -0.466066 -3.28234 -0.705929 1.44534 2.73453 0.691229 0.261811 -0.836362 
4.80237 -0.988395 -0.142467 -0.164665 -0.517034 -0.359159 -0.328782 0.0558282 -0.181613 -0.390983 0.0437308 0.213313 0.101955 2.70509 8.25723 -2.60631 1.64118 -0.947209 -1.83419 -1.68369 0.310429 -0.657314 1.58283 1.02946 -0.91194 0.211283 2.23696 5.11231 -2.47957 0.289293 -0.0163848 -0.202155 -2.77761 1.68581 2.76769 2.0303 -0.323987 0.16811 -1.17219 
4.72034 -0.845796 -0.235487 -0.0396053 -0.50809 -0.245168 -0.315279 0.0393795 -0.108787 -0.208775 0.0818909 0.132445 0.035501 4.18035 8.63095 -3.38112 1.33436 -0.896348 -1.51403 -2.45352 0.648021 0.126676 2.14445 0.788839 -0.698529 0.286577 3.34357 2.36364 -1.5247 -1.68382 -1.33899 -0.0775519 -1.39792 2.8358 2.48811 -0.0110142 -1.24952 0.257055 -0.535231 
4.72552 -0.452473 -0.159392 -0.0452939 -0.495172 -0.477096 -0.423974 0.0694091 -0.0641273 -0.224527 0.0330159 0.114107 0.0231921 4.99361 8.42743 -3.62581 0.986279 -0.697633 -0.707049 -2.61296 0.879473 0.361272 2.08533 -0.283509 -1.00046 0.303746 2.62834 -2.82825 -0.724496 -2.20228 -1.42241 1.86071 0.658646 2.02272 1.00547 -1.37339 -1.91151 0.164187 0.527213 
5.19406 -0.184121 -0.453588 -0.0306717 -0.559888 -0.399007 -0.534081 0.155344 -0.06308 -0.20016 0.0421405 0.116625 0.0235346 4.21721 7.30861 -3.57905 0.197495 -0.12084 -0.179651 -2.37393 1.82213 1.54902 1.19241 -1.37462 -1.2634 0.0115115 -1.14408 -6.1619 1.60774 -2.058 0.292895 2.49363 2.4103 0.171209 -0.498473 -2.08352 -2.41887 -0.791514 0.947094 
5.04514 -0.193922 -0.48697 -0.079311 -0.670188 -0.406926 -0.570893 0.253759 -0.00476207 -0.110001 0.0860837 0.158568 0.0342194 3.04638 5.86278 -2.73123 -0.830952 0.277638 1.14291 -1.48144 1.94104 1.40436 0.364325 -2.32608 -2.16794 0.028902 -3.82963 -5.71703 2.49125 -1.10061 2.7806 2.36723 2.37302 -1.29939 -0.919981 -2.50615 -2.28201 -1.6697 0.412572 
5.27213 -0.218125 -0.45575 -0.134361 -0.638867 -0.390768 -0.525609 0.251979 0.0481683 -0.145322 -0.00672206 0.088874 0.057399 0.711987 3.80534 -1.6609 -1.29907 1.3236 1.1657 -0.660248 1.08756 0.807714 -0.223179 -2.94452 -2.40444 0.641199 -7.16815 -2.91836 2.49343 -0.0291042 3.53975 1.28242 1.76567 -2.0261 -0.963501 -1.13677 -1.22516 -1.8412 -0.0533299 
5.25568 -0.195119 -0.488504 -0.0889519 -0.588781 -0.279706 -0.51611 0.209472 -0.0452225 -0.229971 -0.179678 0.0394841 0.105065 -3.17311 1.62579 -0.779872 -0.838005 2.21481 1.53352 0.85054 -0.590761 0.220913 0.284609 -3.3812 -2.6438 1.0659 -8.2031 -0.379319 2.16005 0.623579 2.63669 -1.17715 1.28591 -2.68399 -0.677779 0.916274 0.191921 -0.82734 0.122519 
5.13607 -0.171977 -0.508914 -0.185102 -0.483279 -0.254765 -0.491735 0.302052 0.0412132 -0.264672 -0.204085 -0.0582873 0.0548077 -7.47026 0.364314 1.38783 0.313136 3.32742 0.646292 1.56274 -2.91423 -0.772112 1.19224 -3.06482 -2.67205 1.33392 -7.0634 -0.0679245 1.81762 2.38289 0.840474 -2.38384 0.924404 -4.20883 -1.58672 3.16802 1.37356 0.815926 0.891319 
4.96756 -0.148241 -0.455108 -0.215529 -0.399683 -0.166989 -0.522851 0.249893 0.0197124 -0.268967 -0.204745 -0.141374 0.0452972 -8.99024 0.1196 2.36478 0.978471 4.16168 0.00176397 1.9019 -4.54059 -1.42314 2.00015 -2.41828 -2.27312 1.32719 -4.70119 -0.984861 2.08176 2.80228 -0.364269 -2.98758 0.952775 -4.31452 -1.66629 3.89661 1.91193 2.12813 0.986771 
4.69316 -0.128408 -0.400879 -0.15707 -0.307462 -0.29025 -0.441052 0.113625 -0.0117701 -0.168991 -0.286366 -0.159827 0.145874 -11.8139 0.147942 3.00403 1.76302 3.98037 -0.67526 1.57275 -5.35669 -1.49946 2.82594 -1.32318 -1.56081 1.03314 -1.20289 -1.15807 1.82588 2.01769 -0.822155 -1.48511 -0.116905 -2.58709 -0.909474 2.11616 2.0908 2.07584 -0.19028 
4.38072 -0.122186 -0.396532 -0.0792018 -0.304938 -0.329252 -0.313599 -0.0575768 -0.0578798 -0.0674308 -0.371148 -0.152743 0.193021 -12.4137 0.0344722 3.1791 1.96437 3.39076 -1.23234 0.984875 -5.30299 -1.11377 3.32753 -0.373719 -1.01202 0.897532 1.27039 -0.479901 0.595002 0.215495 -0.864437 0.2848 -1.8785 0.840301 0.54717 -0.458977 1.8808 1.18951 -1.19793 
4.18633 -0.203422 -0.210245 0.0905293 -0.214947 -0.374128 -0.376958 -0.28064 -0.202534 0.0875565 -0.235052 -0.148339 0.208619 -12.2914 -0.352951 3.46503 2.26039 2.8283 -1.02018 0.813378 -5.01092 -1.08292 3.1114 0.03409 -0.166506 0.931715 1.79481 0.366552 -1.00157 -1.82917 -1.03533 1.57415 -1.86478 4.05347 2.33754 -2.60944 0.725305 0.362554 -1.43227 
4.16014 -0.222408 -0.152898 -0.015244 -0.133584 -0.385321 -0.320832 -0.301294 -0.152945 0.110187 -0.230934 -0.110303 0.185858 -9.59253 -0.895271 2.72293 1.89327 1.62147 -0.467182 0.307132 -3.67467 -1.61879 2.46757 0.419161 -0.224859 0.822158 2.98371 0.165824 -2.01521 -1.67233 -1.88145 2.11388 -1.51418 4.46532 0.93901 -2.84646 -0.0909964 -0.60796 -0.392815 
3.76191 -0.151464 -0.120426 0.0792165 -0.143026 -0.380125 -0.388582 -0.335906 -0.104632 0.0795465 -0.24199 -0.141121 0.141253 -5.39716 -0.944824 1.80151 1.40305 0.684459 0.510934 -0.701283 -1.81847 -1.53366 1.78803 0.854433 -0.544262 0.302788 7.0671 -0.600741 -2.35091 -1.10222 -2.12878 1.58529 -0.460328 3.44976 -0.993617 -1.33669 -0.390936 -0.884221 0.632014 
3.7133 -0.146048 -0.183859 0.0418586 -0.15246 -0.363635 -0.464288 -0.263649 -0.0802619 0.0900349 -0.244413 -0.169802 0.178648 -4.33076 -0.87892 1.32879 0.510874 0.627261 0.381131 -1.64711 -0.841205 -0.749353 1.04231 0.80186 -0.807222 0.189759 6.72973 -0.84493 -1.36483 -0.39091 -1.31031 0.262277 -0.236263 0.928636 -1.46489 0.0156788 -0.207992 -0.790325 0.538307 
3.52469 -0.225276 -0.047227 0.0528219 -0.0866775 -0.303373 -0.356739 -0.279828 -0.0843391 0.0752537 -0.223053 -0.0985552 0.191825 -4.66571 -0.697288 0.8129 -0.300505 0.154023 0.565175 -0.52259 -0.0155409 -0.511868 -0.019021 0.631495 0.0892879 0.518656 2.77515 -0.161309 -0.325418 -0.40542 -0.188822 -1.01044 0.0841689 -0.666258 -0.568536 0.197569 0.399718 0.397937 0.269778 
3.8856 -0.300466 -0.168405 0.0426667 -0.254122 -0.255252 -0.431052 -0.256834 -0.343844 0.088011 -0.209072 -0.236817 0.240401 -4.96191 -0.522378 0.774619 -0.24502 0.0603895 0.432593 0.0646069 -0.125643 -0.432737 -0.407025 0.428889 0.542669 0.362914 -4.68039 1.06462 1.02192 -0.840749 1.45155 -1.54643 1.60092 -1.20683 2.24741 -0.795817 -0.00676362 2.3043 -0.518631 
4.15774 -0.239067 -0.195366 0.106869 -0.233874 -0.258815 -0.502529 -0.201367 -0.257979 0.172624 -0.196944 -0.242854 0.196235 -4.56974 -0.209321 1.10299 -0.651417 -0.295252 -0.0306135 1.10814 -0.304929 -0.154872 -0.207992 0.66453 1.14715 -0.0830506 -8.7488 1.52456 1.57974 -0.813194 0.796778 -1.16715 2.87583 -1.09254 2.47211 -1.41865 -0.0956685 2.75806 -0.979314 
3.51604 -0.2577 -0.0860387 0.0139053 -0.087745 -0.404676 -0.58405 -0.363583 -0.113258 0.141508 -0.214929 -0.231047 0.209834 -6.2032 -0.297719 1.009 -0.906581 -0.340429 -0.621657 1.48843 -0.166788 -0.142599 -0.881497 1.14181 1.38862 -0.455613 -4.14378 0.751816 0.328191 -0.437385 -0.792795 -0.122518 2.70177 0.766192 0.597631 -1.27116 0.444901 1.52594 -1.09317 
3.26198 -0.268869 -0.0235572 -0.0204871 -0.139981 -0.306068 -0.261528 -0.306782 -0.217697 0.013278 -0.12054 0.0321607 0.277372 -4.03776 -0.907725 -0.907508 -2.56199 -1.47655 0.276183 0.65633 0.328425 0.785586 -1.54045 1.68685 1.82696 -0.607297 4.24122 -1.21067 -2.44122 -1.42903 -2.34767 1.14042 -0.898153 1.58372 -0.0864657 -0.582766 0.977608 -0.816397 -0.940524 
3.23497 -0.205675 -0.0437699 -0.00125627 -0.116328 -0.323333 -0.303643 -0.324196 -0.116422 0.00805346 -0.236069 -0.0379003 0.157802 0.872097 -1.95435 -1.95132 -4.2121 -2.04787 1.28759 0.359954 0.818408 1.90699 -2.20759 2.2006 2.54045 -0.667675 14.2722 -3.38035 -4.87265 -3.31428 -3.37896 2.61046 -3.51735 2.08891 -0.467052 -0.572102 1.95872 -1.25647 0.355218 
3.20196 -0.147969 0.0178277 -0.00745681 -0.25888 -0.3793 -0.241387 -0.326564 -0.107197 0.106648 -0.131908 -0.0200602 0.100993 5.67766 -3.93197 -1.69419 -5.48058 -2.80905 2.41405 -0.0530375 1.33357 1.55157 -3.31112 2.72296 2.48081 -0.507715 17.7785 -4.86421 -3.56865 -4.21297 -1.79444 3.4624 -4.11499 1.58659 0.635907 -1.65659 1.50959 -0.383191 1.11344 
2.9538 -0.318403 -0.0856704 -0.0857773 -0.200786 -0.416249 -0.302651 -0.210259 -0.222549 -0.07407 -0.0329215 -0.0497293 0.153884 9.37328 -6.50544 -0.999779 -5.11619 -2.62875 2.52998 -0.46185 3.05743 2.23112 -2.82969 2.22048 0.999543 -0.745297 11.901 -5.18292 1.45571 -2.16534 0.56476 1.88127 -1.64825 1.02299 2.24446 -0.733508 -0.463197 -0.442949 0.667534 
3.76226 -0.49731 -0.453319 -0.43039 -0.476168 -0.0736722 -0.489631 -0.179901 -0.0535135 -0.121948 0.0393136 0.058185 0.165518 10.2073 -8.0221 0.0354475 -4.68054 -1.6506 2.56397 -1.13858 3.56698 2.47331 -2.4933 2.20218 -0.0904654 -0.985661 -1.873 -3.50938 6.91013 2.65555 3.65708 -1.24805 2.28739 1.25884 0.998589 0.406462 -1.66867 -1.32384 -0.383866 
4.69636 -0.595244 -0.4733 -0.560831 -0.498124 -0.048117 -0.496472 -0.140048 0.00657539 -0.158512 0.0757239 0.0949121 0.16859 9.44164 -8.71872 1.22337 -4.21568 -0.812467 3.20621 -0.224986 4.68832 1.57335 -2.49477 2.16009 -0.306418 -0.431336 -14.1542 -0.726917 7.36095 5.39214 4.45429 -2.32811 3.58411 1.7399 -0.774905 1.67465 -2.12102 -2.52704 -1.01222 
4.51207 -0.826499 -0.103111 -0.606141 -0.439145 -0.0156909 -0.467668 -0.127551 -0.0155234 -0.341997 0.135093 0.122824 0.157146 7.75236 -8.26013 2.33564 -3.1881 0.131291 2.72718 0.265158 4.45706 1.0728 -2.18366 1.14787 -0.611778 -0.257732 -14.0671 2.80497 2.68695 4.74246 2.47376 -1.99796 2.90469 1.04385 -2.57252 2.45645 -1.38454 -1.84217 -0.340146 
4.05102 -1.18372 0.0562332 -0.44038 -0.27534 -0.20398 -0.386432 0.137612 0.217972 -0.159026 -0.0502346 -0.135126 0.0921541 4.965 -6.37451 3.41074 -1.48413 0.616257 1.22838 1.06134 3.32691 0.677997 -1.47601 0.51966 -0.470272 -0.301542 -5.5498 5.78398 -2.43037 1.56749 -0.441358 -0.691265 0.549552 -1.79431 -3.81339 0.43172 0.160965 0.968555 0.974274 
4.11108 -1.13239 0.0676788 -0.443173 -0.268906 -0.0284294 -0.322485 0.121548 0.0467174 -0.239304 0.129967 -0.0251386 0.0484396 -0.284502 -4.45811 3.65997 0.121755 1.3514 -0.327701 1.99318 2.37713 -0.0311837 -0.893161 0.629819 -0.628366 -0.601982 2.0834 5.50419 -4.817 -0.72787 -2.31584 -0.99711 -1.10914 -3.77641 -1.20994 0.0726032 0.306066 2.03441 1.01284 
4.17747 -1.13209 0.06618 -0.507149 -0.283905 0.0944363 -0.262665 0.324777 -0.0682782 -0.258685 0.0922594 -0.0841572 0.122341 -2.62267 -2.81554 1.77948 0.860709 0.97378 -0.0883031 1.24412 0.838312 -0.225836 -0.471451 -0.0135326 -0.303261 -0.449364 3.48079 3.48039 -3.97037 -0.268705 -1.67342 -1.65261 -1.89498 -5.20779 1.28836 -0.00997102 -0.0471378 2.0444 0.0996522 
4.20921 -1.13808 0.0949674 -0.512174 -0.323046 -0.0641762 -0.316169 0.166284 -0.0576661 -0.241998 0.0473358 -0.0480122 0.137865 -0.653997 -0.992283 -0.485197 1.00878 -0.490037 0.454327 0.255242 -0.00167336 -0.921544 0.0716099 0.406818 0.337507 -0.368127 0.431723 0.882075 -2.13673 0.815518 -1.06632 0.194715 -1.77416 -2.78336 1.52937 0.321076 0.134993 0.839302 -0.745833 
4.21953 -1.08656 0.0433618 -0.463055 -0.311233 -0.184369 -0.32061 0.0671436 -0.0280688 -0.328622 0.0839906 0.0388761 0.149539 0.573561 0.443204 -1.06563 0.939427 -1.92537 0.940181 -0.746675 -0.61961 -1.72334 -0.0855324 0.78199 0.920651 -0.232067 -1.35816 -0.560629 -0.504411 1.50211 -1.3092 2.00874 -1.60786 0.966878 0.133923 1.45718 -0.204264 -0.889528 -0.892932 
4.16858 -1.10047 -0.0273475 -0.503574 -0.334396 -0.10377 -0.229923 0.0652786 0.0573076 -0.242741 0.198823 0.0157965 0.0314043 -0.162001 0.916537 -1.24637 2.09001 -1.87175 0.273901 -1.15454 -0.708717 -1.38996 0.276209 0.611063 0.203397 -0.663692 -0.773046 0.544389 0.675257 1.90302 -1.26065 2.10212 -1.29117 2.53837 -2.41243 0.602632 0.249339 -1.15862 -0.265193 
4.18953 -1.14081 -0.0856377 -0.393991 -0.301759 -0.00500235 -0.39824 -0.0510417 0.0446094 -0.265346 -0.0219121 0.0180849 0.0995064 -1.3944 1.52393 -1.31432 2.85801 -1.71596 0.134705 -1.41295 -1.00078 -0.124959 0.308278 0.771969 0.207321 -1.20977 -1.29025 1.76438 1.19778 1.29432 -0.515327 -0.0728692 0.16859 2.63163 -1.16624 0.00601874 0.892547 -1.15776 -0.297572 
4.20543 -1.13409 -0.064789 -0.369561 -0.502262 0.0560291 -0.426796 0.106064 -0.131235 -0.225152 0.183194 0.0410666 0.0613177 -2.70754 2.11339 -1.28124 3.25757 -1.87367 0.782603 -0.958534 -0.331089 0.155053 0.0384259 0.752084 -0.249721 -1.54615 -2.43593 2.28015 0.606584 0.863398 1.11511 -2.05499 1.23877 -0.321973 2.01062 -0.945318 -0.149284 -0.609292 -0.528958 
4.12779 -1.07668 -0.00433695 -0.319461 -0.5699 0.0273392 -0.448641 0.207483 -0.164587 -0.187507 0.124556 -0.0216908 0.0625113 -3.62249 2.64902 -0.995738 3.69644 -1.45285 0.758323 -0.471843 0.500401 -0.795138 -0.569396 0.479909 -0.632629 -1.56252 -2.74528 1.71905 -0.479452 0.394614 2.08577 -1.79005 1.98401 -1.54313 2.52283 -1.95815 -0.397725 0.204386 -0.605918 
4.11724 -0.93324 -0.0788969 -0.15001 -0.435107 -0.0145755 -0.396916 0.0919952 -0.209926 -0.247877 0.217056 -0.0604807 -0.0218294 -4.75599 3.37332 -0.952669 3.83605 -0.790186 -1.03987 0.0477667 0.527957 -1.31853 -0.644441 0.286375 -0.623295 -0.921121 -2.73039 0.3154 -0.687081 -0.638264 1.38751 -1.39674 1.71441 -0.618996 0.709506 -0.934485 -0.972378 0.403704 0.372246 
3.93451 -0.90127 -0.0987929 -0.169571 -0.457548 -0.0548915 -0.442109 0.0499321 0.130072 -0.25216 0.141586 0.000990418 -0.0242941 -6.00619 3.98809 -1.44843 2.8737 -0.101806 -1.47765 0.920014 0.398895 -0.438487 -0.584125 0.469762 -0.804432 -1.18862 -1.48389 -0.181472 -0.861663 -1.11912 0.977299 -0.640491 0.868134 0.414473 -2.38368 0.148883 -0.848397 -0.10665 1.04191 
3.7872 -0.848348 -0.113276 -0.113308 -0.564337 -0.018316 -0.368582 0.0184305 0.0484078 -0.306629 0.146427 -0.0339457 -0.0824316 -6.32363 3.63533 -1.99837 2.27244 0.589921 -1.01538 0.888237 -0.442008 0.470957 -1.29203 0.238242 -0.301386 -1.44141 0.0144129 -0.58606 -0.802545 -1.84552 0.504664 0.220811 -0.266542 0.871831 -1.82274 0.744818 0.540601 0.22742 0.57264 
3.7495 -0.783377 -0.131022 0.00125768 -0.440885 -0.0162826 -0.320112 0.18041 -0.243237 -0.423966 0.153051 -0.0480405 -0.073028 -6.08774 2.80471 -2.46868 1.95375 0.332922 -0.928275 0.763604 -0.999139 0.197761 -1.12016 0.618136 -0.234986 -1.12466 0.89146 -1.18013 -0.789403 -1.75052 -0.48033 0.835123 -1.12724 -0.968202 1.19154 1.01543 0.975166 0.185125 -0.104191 
3.56704 -0.711937 -0.183619 -0.00659819 -0.424649 -0.297548 -0.307318 0.106884 -0.219927 -0.227984 0.153321 -0.0585974 0.0241008 -6.57188 2.13771 -1.90881 1.37277 0.418796 -0.667563 0.532639 -1.28396 0.263556 -0.398475 0.995906 0.283209 -0.958695 1.095 -1.58934 0.0335224 -0.583665 -0.331366 2.06942 -1.14408 -2.25312 2.59541 -0.00918028 1.53415 0.810082 -1.02274 
3.43843 -0.628278 -0.286685 -0.117324 -0.417621 -0.0864857 -0.329193 0.0799949 -0.0237517 -0.276336 0.121343 -0.101734 -0.0868155 -6.09202 1.97176 -1.80907 1.11 1.62576 -0.854539 0.23478 -1.11675 -0.200588 0.188308 1.24657 0.0492158 -0.752778 0.458702 -1.52722 1.20399 0.472172 0.703015 0.218944 -0.760578 -1.52063 1.58139 0.508232 0.907305 0.840299 -0.033299 
3.46289 -0.701687 -0.292201 -0.0674667 -0.478386 0.0193871 -0.369621 0.0511145 -0.0207944 -0.448533 0.274166 0.0370686 -0.197822 -6.01962 1.80115 -1.97643 0.364571 2.88247 -0.805642 0.00866076 -1.26044 0.326157 0.784198 0.86891 0.211796 -0.257108 -0.716056 -0.0511829 1.10082 0.15802 2.75896 -1.26546 0.279251 0.132275 -0.834987 1.64078 -0.852666 -0.275836 1.35389 
3.39969 -0.719766 -0.349996 0.0542682 -0.509096 -0.144596 -0.349985 -0.0487859 -0.113 -0.32463 0.244656 -0.0960742 -0.0820306 -6.42229 1.81167 -1.46926 -0.536522 3.13814 -0.570885 0.689897 -1.24248 0.740219 1.17485 -0.0922883 0.27745 0.074272 -1.22756 1.25798 0.808182 -1.48684 3.72087 -1.01787 1.32741 2.21199 -1.84186 1.2564 -2.42124 -0.254939 1.65422 
3.1153 -0.647046 -0.239319 0.0320284 -0.340539 -0.115488 -0.330059 -0.146193 0.0179964 -0.259099 0.332788 0.0610364 -0.157058 -6.19619 1.78494 -0.712343 -1.03482 3.46493 0.201156 1.18048 0.113913 0.611034 0.931995 -1.06154 -0.0152155 0.223755 -0.306233 1.25154 0.0838809 -2.61794 1.48035 -0.107307 1.73779 3.23919 -1.15076 0.593058 -3.55452 -1.10739 1.54249 
3.11637 -0.593675 -0.319894 -0.0123621 -0.171416 -0.210724 -0.381793 0.0227531 -0.0121686 -0.235261 0.237444 -0.0578418 -0.0965363 -6.51629 1.78867 0.177249 -1.36536 3.68814 -0.492798 1.28566 -0.277728 -0.282243 1.77064 -2.01086 -0.380544 1.04704 -0.079401 0.319603 0.849436 -2.26914 -1.48437 1.81591 1.29125 1.02143 -0.00586212 -0.286614 -2.69633 -0.723039 0.31707 
2.99269 -0.549911 -0.422053 -0.0741622 -0.0650086 -0.150398 -0.303587 -0.0197022 -0.140004 -0.224477 0.179798 -0.0348775 -0.039694 -6.57437 1.89035 0.50315 -2.04771 3.52613 -0.448145 1.59063 -0.322305 -0.309292 2.3135 -2.65325 -0.602875 1.18925 0.734053 -1.01418 1.81957 -0.536964 -3.26466 1.32112 -0.0332534 -1.12307 0.745011 -0.285132 -0.480008 -0.167862 -0.64004 
2.82261 -0.482939 -0.316127 -0.159555 -0.0836445 -0.173529 -0.134027 0.0426761 -0.133614 -0.20078 0.0374153 -0.024406 -0.0119445 -5.77803 1.63668 0.920777 -2.56859 2.27746 -0.216505 1.46469 -0.538893 -0.306746 1.91887 -2.44189 0.202311 0.929117 1.43622 -1.56631 1.30297 0.937028 -3.17598 -0.257296 -1.53312 -3.10367 0.388738 0.431901 1.71424 0.582761 -0.657297 
2.78579 -0.482116 -0.282224 -0.213624 -0.100007 -0.0805526 -0.183638 0.180874 0.0496248 -0.186022 -0.0001315 -0.0939824 -0.0515516 -4.52217 0.884187 0.532595 -2.85668 0.664655 -0.132471 1.36653 -1.02599 -0.524003 1.72623 -2.24076 0.104066 1.0201 1.66623 -1.35341 0.0296345 0.736395 -2.00878 -1.19887 -1.32768 -3.26636 -0.508224 0.33066 2.68213 1.74844 -0.433413 
2.63638 -0.488485 -0.221107 -0.215587 -0.0609792 -0.111537 -0.261863 -0.164111 -0.0973198 -0.101139 -0.0337807 -0.110438 0.000857715 -4.04073 0.304342 1.06514 -2.40808 -0.496478 -0.0187898 1.41107 -1.79088 -0.322072 1.49375 -1.48504 0.855235 0.644896 2.4167 -0.89541 -1.23275 0.235671 -1.2676 -1.0977 -0.10793 0.0400666 -0.461189 -0.583568 1.91792 1.57807 -0.116086 
2.62998 -0.512709 -0.24257 -0.217379 -0.0751493 -0.14421 -0.173208 -0.111483 -0.0953304 -0.0829339 0.0361467 -0.0337273 -0.036578 -3.01222 -0.0753858 1.30563 -1.41585 -0.926906 -0.412231 0.599351 -1.82299 0.185902 1.46256 -0.757625 0.770925 0.349445 1.7414 -0.304336 -0.930499 0.471897 -0.48353 -0.102218 0.213395 1.32285 0.0237796 -0.921031 0.466262 0.418088 0.0863499 
2.6109 -0.480893 -0.201715 -0.264346 -0.185241 -0.244236 -0.191405 -0.166254 -0.109523 -0.0537114 0.0372577 0.0666503 0.0141555 -2.11098 -0.319905 0.978662 -0.746037 -0.768708 -0.636716 -0.000973046 -1.85021 -0.123408 1.43277 -0.193375 0.594652 0.235979 0.916294 -0.0244452 0.133145 1.27431 0.592355 0.640418 0.0179666 2.05236 0.681042 -0.632138 -0.514549 -1.28916 -0.314457 
2.59178 -0.5278 -0.308302 -0.407538 -0.164602 -0.142064 -0.164448 -0.163348 -0.0713988 -0.0593848 0.0123628 0.0146166 0.0101882 -1.59389 -0.264046 0.905988 -0.320354 -0.620807 -0.906929 0.143634 -1.4263 -0.449015 1.27741 -0.142356 0.476485 0.227174 0.508385 0.278841 1.11441 2.18129 1.02588 0.212169 -0.922655 1.3752 0.571505 0.0526485 -0.446936 -1.82492 -0.48799 
2.55168 -0.527548 -0.206042 -0.311015 -0.176257 -0.170404 -0.107298 -0.139677 -0.119947 -0.08495 -0.0172297 0.0582544 0.0104826 -0.964771 -0.171581 0.833417 -0.0675827 -0.490476 -0.665467 0.106874 -0.109777 0.0997093 0.975477 -0.222772 0.0266577 0.0139951 0.345661 0.319559 0.596844 1.25271 1.01586 -0.210368 -1.20334 0.0151953 -0.0599857 0.556768 -0.029851 -1.50581 -0.311376 
2.54621 -0.514357 -0.170018 -0.205384 -0.163913 -0.191869 -0.201005 -0.166038 -0.0402158 -0.0208843 0.00736838 -0.00271295 -0.00334745 -0.823353 -0.0776464 0.930918 0.218743 -0.117121 -0.439156 -0.303929 -0.178364 0.0550903 0.892361 -0.452684 -0.558801 0.0169182 0.518723 0.174405 -0.294662 -0.32149 0.398547 -0.197161 -0.187245 0.150072 -0.467638 0.0405635 0.206802 -0.262715 -0.115992 
2.52645 -0.515431 -0.146715 -0.25699 -0.14789 -0.220324 -0.200717 -0.158943 -0.0917544 0.0195772 -0.0188828 -0.0406271 -0.00560682 -0.603981 -0.0778841 0.846716 0.537508 0.272295 -0.267425 -0.332604 0.0110221 0.014853 0.779556 -0.347856 -0.830518 -0.160873 0.545277 0.0722654 -0.832459 -0.892062 -0.180525 0.153492 0.276892 0.000779226 -0.223998 -0.551683 0.246193 0.59731 0.149281 
