2.43477 -0.57502 -0.189713 -0.253384 -0.177675 -0.15041 -0.0892925 -0.0181063 -0.116446 -0.0848757 -0.00511407 -0.0708464 0.0135854 -0.545815 -0.0345222 -0.367017 -0.0648007 -0.0317389 -0.164629 -0.377522 -0.600012 0.357813 0.2982 -0.338557 0.449382 0.0344991 -0.517795 0.0464588 -0.430745 -0.157891 -0.0434474 -0.168267 -0.299316 -0.262721 0.368602 0.0448012 -0.366123 0.406818 0.107815 
2.43637 -0.590718 -0.183801 -0.23434 -0.16914 -0.148177 -0.105522 -0.082063 -0.107869 -0.0323614 -0.00917229 -0.0656611 -0.00130237 -0.682653 -0.0678733 -0.549813 -0.230702 -0.237896 -0.390055 -0.369605 -0.597432 0.477436 0.279942 -0.407931 0.561485 0.101844 -0.4197 0.105689 -0.51531 -0.384137 -0.287979 -0.494203 -0.0990378 0.289612 0.311796 -0.244329 -0.186731 0.483919 0.319934 
2.36871 -0.578558 -0.207238 -0.261895 -0.191403 -0.146697 -0.115975 -0.0749517 -0.106342 -0.0787383 -0.0300096 -0.0479665 0.00601315 -0.492317 0.0206631 -0.65009 -0.53687 -0.58751 -0.73603 -0.232507 -0.546863 0.507871 0.535484 -0.356294 0.420978 0.0708247 0.31667 0.0965733 -0.261354 -0.508498 -0.598457 -0.849134 0.256045 0.427826 0.0869206 0.218789 0.238288 0.11082 0.226745 
2.40475 -0.576066 -0.241407 -0.259763 -0.160437 -0.139168 -0.118916 -0.0574441 -0.0526688 -0.0695653 -0.0778667 -0.0646045 0.00488985 -0.348095 0.0810292 -0.539736 -0.601412 -0.728144 -0.769783 -0.180831 -0.43279 0.538438 0.504714 -0.215064 0.315308 0.0648154 0.623894 0.0927607 0.278406 -0.441272 -0.802078 -0.673029 0.445418 0.317086 -0.28355 0.331252 0.676559 -0.322902 -0.00436153 
2.35346 -0.577172 -0.235412 -0.265306 -0.193809 -0.202414 -0.144057 -0.094194 -0.0820214 -0.0380059 -0.0217265 0.0240816 0.03624 -0.1912 0.044598 -0.282656 -0.538765 -0.648645 -0.700378 -0.0710252 -0.269787 0.456429 0.145277 -0.203334 0.200129 0.0582206 0.900313 0.0147104 0.717993 -0.0374726 -0.230805 0.188201 0.498453 0.283551 -0.271493 -0.15801 0.327868 -0.952835 -0.338023 
2.35661 -0.588966 -0.262663 -0.296801 -0.230237 -0.215471 -0.119138 -0.0765182 -0.0573196 -0.0592322 -0.0520374 -0.0105121 0.0282964 0.0325365 0.0936995 -0.168956 -0.478815 -0.575694 -0.459764 0.166388 -0.119667 0.324941 0.103581 -0.0343664 0.0489444 0.0397433 0.593231 -0.000946999 0.84777 0.530437 0.566403 0.992224 0.25634 -0.0326469 -0.308984 -0.355632 0.166067 -0.676511 -0.343035 
2.41887 -0.561981 -0.260271 -0.342722 -0.279241 -0.261873 -0.0943044 -0.0791239 -0.0648351 0.0156288 -0.0335154 -0.0585807 0.007383 0.217687 0.0668793 -0.00219977 -0.381663 -0.381365 -0.355789 0.267242 -0.204636 0.0920302 0.141231 -0.0206936 0.0533069 0.157375 -0.206633 -0.0918092 0.423 0.74105 1.11676 1.24287 -0.0132158 -0.0946705 -0.292882 -0.83834 -0.261544 0.138874 0.125808 
2.40336 -0.565764 -0.225253 -0.30465 -0.252388 -0.211683 -0.116913 -0.0785025 -0.0518994 -0.0308233 -0.0182172 -0.0468051 0.012085 0.523349 -0.0264853 0.218937 -0.132876 -0.236364 0.353101 0.102528 -0.14302 -0.367699 0.0370785 0.147285 0.32549 0.315266 0.00297546 -0.158252 -0.133069 0.519727 0.88181 1.04282 -0.228268 -0.0616464 -0.524877 -0.234961 -0.270946 0.844145 0.5434 
2.39868 -0.587649 -0.197457 -0.285669 -0.216032 -0.201212 -0.109286 -0.0813688 -0.0639067 -0.0994769 -0.0538683 -0.0431722 0.0115635 9.98778 0.207965 -0.515018 0.163362 -1.31502 0.0597766 -0.312548 0.062204 -0.808395 0.352659 -0.115055 0.65782 0.731807 9.44208 0.176779 -1.16259 0.228999 -1.2583 -0.217623 -0.776951 0.110195 -1.00295 0.903631 0.0238363 1.4592 1.06571 
2.40637 -0.569423 -0.235238 -0.294415 -0.227259 -0.17111 -0.0823819 -0.100405 -0.0631417 -0.0236919 -0.0267474 -0.0452549 0.00808736 19.0501 1.09616 -0.657344 0.422917 -1.8091 -0.593729 -1.08018 0.540452 -0.44343 0.645627 -0.414179 1.00579 0.90297 21.1224 1.12249 -1.30511 0.14021 -2.69334 -1.64806 -1.48613 0.899755 -0.329431 1.09893 -0.405248 1.04667 0.888387 
2.38762 -0.567382 -0.240745 -0.319178 -0.219979 -0.213236 -0.0945073 -0.0998065 -0.0858924 -0.0542024 -0.0659066 -0.00645186 0.0593498 25.5198 3.33792 -1.57574 -0.205621 -2.10918 -1.58145 -0.720056 0.219308 0.33158 0.912497 -1.00934 0.866265 1.25627 25.898 3.64707 -1.55502 -0.524157 -2.7045 -2.7726 -0.782925 0.58724 1.20019 1.31111 -0.824746 -0.187404 0.377652 
2.49013 -0.593385 -0.21209 -0.268034 -0.217192 -0.0801222 -0.145079 -0.0764851 -0.139011 -0.037142 -0.0154671 0.0531872 0.0754335 30.4274 4.95299 -2.56169 -1.27585 -2.63948 -2.16681 -0.183398 0.108044 0.97562 1.05761 -1.37768 0.273702 0.99836 17.8636 5.245 -1.74051 -1.83826 -1.15753 -2.83569 0.87385 -0.198144 2.70849 0.287453 -1.39469 -1.69441 -0.455806 
4.76513 -0.518252 -0.409364 -0.260371 -0.56826 -0.323443 -0.211269 -0.0628509 -0.209512 0.0667239 -0.0595898 0.11431 0.158855 32.7254 5.96935 -3.67171 -1.80675 -2.92943 -1.64733 0.175908 0.00603899 1.63018 0.742521 -1.37213 -0.368335 0.9033 -5.49908 4.21288 -1.41232 -2.47891 1.78368 0.372189 2.46833 -0.998276 2.99519 -1.30045 -0.876881 -2.66841 -1.16033 
5.31883 -0.33898 -0.31094 -0.262766 -0.482359 -0.380499 -0.291071 0.0499907 -0.0106169 0.0556938 -0.134392 0.052092 0.0968142 31.4389 6.2968 -4.23329 -2.26667 -2.38085 -0.779237 0.274368 -0.0598052 1.8261 -0.183989 -1.46395 -0.770653 0.549497 -19.4624 0.573418 -1.80164 -1.98842 2.40808 3.53368 2.44235 -1.42541 0.668111 -2.17433 0.362686 -1.81563 -0.973995 
5.40804 0.0737034 -0.489776 -0.444785 -0.460461 -0.492253 -0.0770338 -0.135906 0.0788682 0.0991274 -0.198679 -0.019539 0.167421 26.6548 6.1728 -4.6037 -2.64558 -1.42793 0.153544 0.623608 -0.253579 1.69744 -0.608219 -1.20577 -1.22499 0.159514 -21.0863 -4.02887 -0.600407 8.34465e-05 2.30102 5.06561 0.0684847 -0.0838825 -1.854 -2.40349 1.36124 -0.106858 -0.738655 
5.70259 0.0489659 -0.566431 -0.534802 -0.514316 -0.402857 -0.0534163 -0.0950256 0.0895668 0.0147022 -0.201788 -0.0749685 0.0755418 18.3621 5.23282 -4.31267 -2.7726 -0.34373 1.07629 0.833015 -0.462506 1.28205 -1.17047 -0.763193 -1.46868 -0.0977069 -15.1225 -5.12535 0.874438 1.59777 1.80635 3.6486 -1.59161 0.470678 -3.08586 -1.03769 1.77449 1.23632 0.0288867 
5.89047 0.056753 -0.717763 -0.495579 -0.546564 -0.224632 -0.0592715 -0.097463 0.114628 -0.0425161 -0.169504 -0.106153 0.127417 6.69069 3.63464 -3.40148 -2.25071 1.36035 2.23668 0.679889 -0.462896 0.538342 -1.47368 -0.0841643 -1.36286 -0.267267 -7.09603 -3.75539 2.28359 1.8208 1.3249 -0.215146 -1.95035 0.679731 -2.69979 0.67912 1.1983 1.46716 0.215677 
5.87201 0.0675123 -0.738523 -0.549295 -0.455919 -0.153802 -0.119607 -0.0895801 0.0566093 -0.112477 -0.187105 -0.065602 0.0922157 2.76271 1.72542 -2.8424 -1.26059 1.7343 1.94599 0.11035 -0.409548 -0.523414 -1.22237 0.361656 -0.929287 -0.157439 -5.49905 -1.62362 2.96854 1.85662 1.41339 -2.8049 -1.1109 0.463131 -0.72035 1.67078 0.489886 0.501113 0.185244 
5.8563 0.095655 -0.778772 -0.584013 -0.400775 -0.163406 -0.0931218 -0.0998199 0.00463603 -0.0848881 -0.166814 -0.0816109 0.107679 0.500397 -0.0780141 -1.2027 0.0301989 2.47793 1.10459 -0.919203 0.185251 -0.670301 -1.13947 0.550911 -0.522269 -0.498837 -4.24021 -0.414935 2.50059 1.58528 1.11285 -3.762 -0.241293 -0.0766428 0.861669 1.30016 -0.225681 -0.107389 -0.135073 
5.86509 0.0553818 -0.742414 -0.562491 -0.420432 -0.111331 -0.115608 -0.10421 -0.0216632 -0.0965546 -0.106784 -0.0865425 0.101689 -2.33434 -0.225693 0.113966 0.863217 3.21895 -0.22943 -1.19744 -0.126189 -0.365878 -0.884447 0.70695 -0.403383 -0.397589 -2.9413 -0.519276 1.91453 1.4927 0.98022 -2.97381 -0.226584 -0.0959969 1.6687 0.0764937 -0.475567 -0.352753 -0.587684 
5.76163 0.0790234 -0.748608 -0.525018 -0.319061 -0.192836 -0.148302 -0.0823285 -0.0212864 -0.0637081 -0.120939 -0.0937353 0.114085 -5.2705 -0.463406 1.63884 1.34718 3.7823 -1.5107 -1.26471 -0.231757 0.240925 -0.709762 0.860442 -0.219731 -0.5563 -3.2221 -0.59408 1.78152 1.19604 0.708944 -1.18617 -0.224111 -0.39657 1.77916 -0.913067 0.0459605 0.0247122 -0.453556 
5.67161 0.0754517 -0.724173 -0.481784 -0.238222 -0.279633 -0.170473 -0.0873977 0.0167586 -0.0615505 -0.150456 -0.124931 0.0893175 -10.1484 -0.555781 2.97851 2.0102 3.38419 -1.86309 -1.31605 0.257776 0.961907 -0.583331 1.35401 0.012007 -0.30712 -7.08121 -0.308811 2.2785 0.565781 -0.0293026 0.426409 -0.258426 0.148511 1.0715 -0.934462 0.989949 0.810826 0.089622 
5.62253 0.0262329 -0.65575 -0.45898 -0.170671 -0.335039 -0.175526 -0.0992236 0.0534244 -0.121934 -0.143812 -0.113608 0.0366779 -17.6637 -1.61528 4.34953 2.65497 3.22915 -1.14153 -1.67317 0.0503043 1.127 -0.381434 1.06382 -0.0189134 -0.51823 -13.8132 -0.775352 2.56728 0.520407 -0.926718 1.93866 -0.30931 0.326615 0.0194953 0.379918 0.964229 0.689067 0.576327 
5.44383 0.0156209 -0.599165 -0.394951 -0.120775 -0.307136 -0.226357 -0.130716 0.0704059 -0.177604 -0.0741123 -0.137527 0.0440463 -19.8492 -4.07683 4.03859 2.39483 2.7245 1.15664 -1.50768 0.118732 0.105579 -0.478761 0.525876 0.174646 -0.463666 -13.2487 -3.39959 1.17339 -0.00574702 -1.74035 4.10212 -0.0447857 0.540476 -1.74396 1.14721 -0.375375 0.477333 0.47193 
5.05924 0.00951369 -0.478644 -0.357234 -0.0129502 -0.359415 -0.240468 -0.129051 0.130512 -0.161339 -0.0397212 -0.0815463 0.063062 -17.8996 -6.70974 3.22876 1.97153 1.67918 3.91156 -1.71209 -0.401855 -0.783895 -0.491866 0.726637 0.552131 -0.440438 -2.38953 -6.20566 -1.87378 -0.733279 -2.17144 6.01512 -0.110327 -0.289905 -3.10925 0.979942 -1.39247 0.0359109 -0.0119818 
4.17811 0.0262511 -0.313831 -0.31711 -0.0876657 -0.339114 -0.27593 0.0142644 0.137967 -0.14589 0.0454598 -0.0321881 0.0970716 -19.2618 -7.81252 2.83592 1.8171 0.385068 5.63638 -2.39287 -1.60702 -1.72243 -0.262026 1.01799 0.974341 -0.251754 9.77551 -6.27743 -3.95348 -1.14121 -2.06378 5.68338 -0.640808 -2.57397 -3.13372 0.145342 -1.25858 0.0388656 -0.415805 
3.11374 -0.236605 -0.179062 -0.209907 -0.0254787 -0.187788 -0.33112 -0.141909 0.0773531 -0.0654161 -0.074737 -0.130051 0.018414 -21.3366 -7.36761 2.47287 1.50055 -0.629466 4.60189 -1.32535 -1.43455 -2.00891 0.0657358 0.63384 0.969359 -0.0574007 13.2798 -1.12414 -3.44844 -1.33343 -2.09991 0.499474 0.386672 -2.01266 -1.17669 -0.723327 0.189139 0.638449 0.0312487 
3.77628 -0.698324 -0.409374 -0.30789 -0.0742025 0.209877 -0.286451 -0.0732162 -0.149124 -0.162943 -0.133948 -0.0700315 0.0470529 -16.7281 -6.63052 1.48417 1.28371 -2.26139 3.51966 -0.64734 -0.978213 -1.85505 -0.0544625 0.512941 1.07869 0.258729 5.56214 5.95794 -0.448054 -0.105346 -2.25158 -6.22252 1.24916 -0.421854 1.98429 -0.479791 1.33251 0.437902 0.674057 
4.27906 -0.889318 -0.487194 -0.306552 -0.103154 0.35229 -0.399151 -0.208331 -0.121703 -0.146818 -0.0160921 -0.0149908 0.0315493 -6.41219 -5.30758 -0.392529 0.70664 -3.7992 2.40948 0.199205 -0.168357 -0.862244 -0.567014 0.549497 0.997622 -0.0279259 3.5435 9.06039 0.584187 0.156032 -2.50857 -9.02667 2.84846 3.00576 3.88175 -0.475024 0.738237 0.0162148 0.642582 
3.1839 -0.772512 -0.311401 -0.222191 -0.212747 0.312552 -0.548264 -0.432857 -0.159448 -0.139705 0.0469219 0.0230693 0.0398842 3.12815 -3.21004 -1.27557 0.435727 -4.30639 0.589138 0.68995 0.244335 0.384253 -1.04052 0.535774 0.985766 -0.0441909 13.7288 6.60836 -0.7806 -0.248777 -1.99403 -6.24969 2.98282 5.07414 4.09997 -0.678348 -0.232536 -0.482981 0.106583 
2.47387 -0.594011 -0.225194 -0.241057 -0.217323 -0.142433 -0.183462 -0.169745 -0.0785327 -0.136922 -0.0430901 -0.015533 0.0537103 8.195 -0.418696 -1.12162 -0.0639966 -4.89321 -1.61744 0.555521 1.05602 2.25056 -0.897391 0.926434 1.34484 -0.301219 21.1043 1.56371 -1.87485 -0.762077 -0.846919 0.106176 -0.491915 2.23894 2.91716 -0.277825 -0.600612 -0.28326 -1.05728 
3.4066 -0.626804 -0.342393 -0.184454 -0.450883 -0.0508091 -0.277772 -0.104583 -0.0381027 -0.192275 0.0412573 0.0262416 0.141052 7.64214 2.577 0.409012 1.0577 -4.30405 -2.63822 0.732231 0.788533 3.25168 -0.739724 -0.0376635 1.19847 -0.785147 13.2125 -0.348065 -0.266331 -0.295944 1.64177 3.44029 -1.79911 -1.16562 0.852943 0.14436 -1.55553 0.229605 -1.78408 
4.50285 -0.63034 -0.556781 -0.285916 -0.559778 -0.0216195 -0.197661 0.0218233 0.127527 -0.238361 0.0397641 0.0435031 0.00723911 10.4159 4.98403 0.290059 1.56286 -3.14144 -3.71067 0.956476 1.14762 2.80011 -0.402725 -0.750742 0.690076 -0.887999 -3.67948 2.04249 2.53149 1.66524 3.66238 1.71354 -2.38506 -3.85855 -1.44281 1.21583 -1.45979 0.0189928 -0.899362 
4.55445 -0.590544 -0.448425 -0.229264 -0.546657 -0.0624317 -0.261798 -0.0414139 0.130097 -0.264119 0.0126743 0.0360872 0.0418651 15.7279 6.42186 -1.24094 2.00908 -1.82474 -4.43784 0.619547 1.06089 2.21679 0.438953 -0.945186 0.347854 -0.497039 -12.0497 5.33853 1.61976 2.6776 3.85888 -2.29655 -0.803363 -3.00495 -2.84154 2.03669 -0.983797 -0.57348 0.550011 
4.41129 -0.58803 -0.387637 -0.304629 -0.606596 -0.110122 -0.379097 -0.098901 0.275627 -0.154968 0.0203931 0.0965302 -0.0661369 14.9955 7.41564 -1.85082 2.57729 -0.892637 -4.39118 -0.395573 -0.487479 1.17976 1.3458 -0.789491 0.283101 -0.215926 -7.36892 6.02674 -1.59124 2.44112 2.82291 -5.17768 1.46753 -0.350698 -3.32857 1.91552 -0.0962711 -1.22796 2.20969 
4.39512 -0.361943 -0.23038 -0.0301578 -0.520064 0.0544198 -0.258116 -0.201769 0.169511 -0.254195 -0.174317 0.124678 -0.0653418 8.76567 8.30643 -1.63498 2.74334 0.315123 -5.61546 0.184768 -1.14033 0.341651 2.12698 -1.12477 0.144766 0.105072 0.450211 2.3275 -4.3325 -0.110104 0.31992 -4.60369 0.977097 1.03636 -1.77272 1.84671 1.51311 -0.852798 2.37426 
4.71895 0.0367063 -0.367716 -0.0168751 -0.439446 -0.395027 -0.283818 -0.145956 0.112475 -0.134648 -0.0624441 0.0228284 -0.0268106 4.7721 8.00645 -1.35796 2.82794 0.516724 -5.62868 0.1585 -1.30203 -0.425904 2.6221 -0.966211 0.0266319 0.893734 0.696068 -3.29657 -2.66258 -1.92491 -1.37105 0.420014 0.653537 0.846031 0.159346 0.622669 0.922132 0.256951 1.0244 
4.96071 0.216906 -0.613038 0.0394726 -0.456044 -0.637951 -0.282579 -0.106702 0.110662 -0.0215608 -0.062229 0.0187865 0.0975561 5.07141 6.16052 -1.19172 1.87163 -0.0637829 -4.46551 0.713403 -0.728294 -0.782462 2.69388 -0.644378 0.0405923 1.0613 -3.12418 -7.27551 2.28371 -2.80483 -1.87812 5.27026 0.00934203 0.0105848 0.755535 -0.695379 0.214415 0.855629 -0.52498 
4.98894 0.236442 -0.633958 0.0510227 -0.503425 -0.642381 -0.236592 -0.166047 0.102506 0.0171547 -0.0649961 0.049023 0.0761775 4.76761 3.14474 -0.0432575 1.02729 -0.826848 -2.45087 1.56375 -0.569662 -0.822406 2.16925 -0.433121 0.0613743 1.71386 -4.46512 -8.37463 5.58612 -2.59373 -1.80842 7.48162 0.215603 -0.199701 0.905017 -1.45351 -0.317544 0.822159 -0.79754 
4.9534 0.239808 -0.61593 0.0423701 -0.501461 -0.630116 -0.215811 -0.204354 0.116581 0.0214754 -0.103203 0.085369 0.0779393 2.88773 -1.16906 1.38394 -0.0888522 -0.749765 0.291104 1.52656 -0.372724 -0.463475 1.83458 0.0184332 -0.24903 1.61894 -3.4458 -7.40325 6.10637 -1.0034 -0.244275 7.25542 0.934951 0.000533015 -0.0619393 -1.80515 -0.298784 -0.332193 -0.166402 
4.96644 0.19156 -0.551816 0.0221109 -0.532084 -0.563803 -0.257663 -0.171673 0.13246 0.0587493 -0.100208 0.0634262 0.0917352 0.348127 -5.19497 3.12797 -0.505251 0.0999215 4.49606 2.41135 -0.530329 -1.10312 0.34013 -0.363981 -0.382019 0.757105 -2.13754 -5.60086 3.2329 -0.188753 2.01587 4.83225 1.69067 0.233157 -1.23115 -1.86917 0.299303 -1.37308 -0.168853 
5.0593 0.0140834 -0.363885 -0.0596488 -0.611793 -0.434442 -0.207481 -0.162593 0.0708134 0.0732775 -0.0928883 0.0841693 0.0913993 -1.02869 -7.44195 3.23654 -1.09814 0.671565 5.62094 2.36569 0.163702 -1.47348 0.100996 0.476228 -0.820028 -0.203147 -1.99695 -3.37343 -1.68945 0.376152 3.27063 1.70127 1.08293 0.85746 -1.46245 -1.08961 1.04665 -1.65289 -0.92912 
4.98313 -0.167017 -0.205549 -0.0459063 -0.686838 -0.273764 -0.0559047 -0.233427 0.132576 0.0342836 -0.119833 0.105311 0.190402 -2.37342 -8.52221 1.7047 -2.30007 0.604075 4.81311 2.10873 0.918353 -1.37126 -0.203158 1.10022 -0.472895 -0.331862 -2.27542 -0.905997 -5.66307 -1.08991 2.24092 -2.16297 -0.60508 1.61376 -1.06528 -0.199306 1.73168 -0.41482 -2.00383 
4.87524 -0.388784 -0.151132 0.0261912 -0.436923 -0.0851508 -0.0796914 -0.199995 0.0510023 0.0199349 -0.102534 -0.0357333 0.175672 -4.76566 -8.30436 0.77913 -2.68628 0.574571 3.66187 2.11273 1.62447 -1.84637 -0.552887 1.23357 -0.314751 -0.753327 -3.3924 2.02893 -6.04972 -2.44968 -1.15572 -5.47287 -1.44151 1.92003 0.00712878 0.360136 1.28741 1.58621 -1.69982 
4.84651 -0.549607 -0.209367 -0.0592577 -0.309518 0.0811611 0.0744284 -0.185319 -0.122152 -0.102252 -0.0983703 -0.0596307 0.0434013 -9.2811 -6.89829 0.140102 -2.3714 1.4194 2.04831 1.18019 1.41532 -2.23646 -1.20769 0.801557 0.0261562 -0.466715 -6.8939 4.2017 -2.49445 -1.51425 -2.59662 -6.25746 -2.72267 0.924461 0.911061 0.286068 -0.236984 2.35753 0.471297 
4.84527 -0.650104 -0.441312 -0.127257 -0.427164 -0.120366 -0.0429211 -0.0380634 -0.0564538 0.10013 0.0864307 -0.0546502 -0.00218153 -15.5632 -4.5995 -0.273494 -2.25622 2.15328 0.590552 0.235284 1.27362 -1.70338 -1.07773 0.830729 0.0175811 -0.765122 -12.1726 5.16359 2.89455 0.462169 -0.632161 -2.96328 -1.85664 -1.2308 0.710911 -0.991499 -2.05622 1.41507 1.59119 
4.58267 -0.755376 -0.56316 -0.37755 -0.56313 -0.231222 -0.0370715 -0.0450028 0.0217255 0.00121052 0.0693265 0.127318 0.0564015 -20.2587 -2.42673 -0.207299 -2.10656 2.5563 -0.536065 -0.839943 1.20074 -1.33418 -0.825253 0.567767 0.0103406 -0.896075 -13.8649 4.92633 5.34822 3.06737 2.65181 0.699264 -1.21962 -2.21833 0.476553 -0.660055 -2.15866 -1.09506 1.28719 
4.19099 -0.698339 -0.372972 -0.292311 -0.521178 -0.209854 0.0320649 0.0324687 -0.134645 -0.0528846 -0.0169876 0.0694076 -0.000351503 -22.1249 -0.350102 0.518124 -2.07318 1.95503 -1.14611 -1.12965 0.476158 -0.679239 -0.49975 0.2837 0.131823 -0.706133 -8.13487 3.1861 3.2066 2.39231 3.54735 2.35281 -0.835325 -2.20607 0.925942 0.516209 -0.564748 -2.22366 0.0762934 
3.50512 -0.639187 -0.258625 -0.192059 -0.309488 -0.232633 -0.160885 -0.0988355 -0.190271 -0.152065 -0.0985652 0.0747624 0.155334 -22.4152 0.832128 1.48475 -1.40256 1.99217 -1.13226 -1.71802 -0.231042 0.0492673 0.048223 -0.0346181 -0.133632 -0.120354 3.10859 1.03712 -0.295003 0.182741 0.704414 1.81976 0.488494 -0.793567 1.28866 1.87709 0.999068 -1.64981 -1.28545 
2.68509 -0.575443 -0.193083 -0.275265 -0.250954 -0.177205 -0.097928 -0.0964421 -0.0560413 -0.0458504 0.0141451 0.0121685 0.0111822 -19.9983 1.31163 2.27356 -0.765141 2.5532 0.195715 -1.30758 -0.767052 0.0420903 -0.690702 -0.730864 -0.422578 0.0316406 13.9886 -0.750772 -2.52954 -0.781998 -2.14613 0.200015 0.350024 0.320709 0.865607 1.23106 0.746746 0.0661232 -0.272922 
2.39533 -0.576857 -0.218366 -0.238791 -0.163749 -0.159471 -0.153303 -0.0717814 -0.0670782 -0.0595308 -0.0394493 -0.0262411 0.0333273 -12.7068 1.59442 1.86018 0.222816 2.40497 -0.408671 -1.7453 -0.112914 0.0506682 -0.147105 -0.442132 -0.612745 -0.185562 19.2448 -1.1652 -2.18354 -0.548064 -3.22102 -1.3985 0.218705 1.12338 0.0946902 -0.268044 -0.0350356 1.61351 0.508667 
2.53188 -0.522251 -0.2151 -0.329822 -0.209008 -0.162433 -0.132848 -0.123461 -0.10732 -0.0257348 0.00231564 -0.0480903 -0.0247209 -2.69862 1.71809 0.83188 0.153871 0.987902 -1.0267 -1.28856 -0.0284049 0.786683 0.369695 -0.367305 -0.503708 -0.126755 19.3233 -0.258662 -0.621506 1.42466 -2.31615 -1.97386 0.19518 1.50392 -0.338759 -0.923539 -1.04671 1.24483 0.913406 
2.44788 -0.557449 -0.225208 -0.331616 -0.24234 -0.214391 -0.197019 -0.133414 -0.0469345 0.0328142 0.00266616 -0.00686938 0.038871 7.92739 1.94187 -0.326584 0.0360737 -0.044489 -1.37471 -0.618305 0.742581 1.04383 0.311575 -0.588501 -0.614625 -0.465433 17.7029 1.21063 -0.375924 1.80129 -0.706071 -1.63011 0.31755 1.11445 -0.0118923 -0.91697 -1.1422 -0.0418778 0.337146 
2.55378 -0.574269 -0.215386 -0.322555 -0.221976 -0.126061 -0.169295 -0.0923164 -0.0388967 -0.132956 -0.0707207 0.0243457 0.0615628 16.5818 2.1829 -1.10012 0.457497 -0.107176 -1.31197 -1.29656 0.525301 1.52452 0.063386 -1.14443 -0.796884 -0.238909 13.9876 1.95826 -1.02498 0.821817 0.312856 -0.372098 0.150864 0.0511607 1.36058 0.722444 -0.370477 -1.59863 -0.910307 
3.2008 -0.503992 -0.227509 -0.215746 -0.230349 -0.409048 -0.295579 0.0444016 -0.096267 -0.0729801 -0.048565 0.0638087 0.0307825 20.6832 3.20442 -0.977193 0.45955 -0.139012 -0.8192 -1.49784 0.271452 1.27214 0.151997 -1.06881 -1.22014 -0.293008 6.63568 1.92566 -1.14748 -0.665783 1.02394 2.42391 -0.223782 -1.48178 1.20301 0.790048 -0.0994161 -2.26625 -0.802297 
3.79709 -0.375651 -0.175477 -0.189227 -0.328399 -0.346058 -0.142442 -0.068715 -0.0220853 0.000692617 -0.11441 -0.0592356 0.0347969 21.7018 4.60338 -1.57114 0.724753 0.213076 -1.041 -2.00071 0.0959357 1.00585 0.0831968 -1.04194 -0.862047 -0.28652 -1.87758 1.90317 -1.22362 -1.37246 1.25199 2.17613 -1.63851 -1.55949 -0.252193 0.286162 0.712921 -0.41733 -0.41445 
4.24476 -0.326991 -0.348833 -0.260909 -0.225985 -0.333975 -0.201827 0.000136594 0.0427077 -0.0755481 -0.126457 -0.0884747 0.00096583 20.5203 5.7812 -2.05303 0.943469 0.387106 -1.2206 -2.0199 -0.494251 0.547355 0.36006 -0.940309 -0.537661 -0.327886 -9.25227 1.91939 -0.252022 -0.195285 0.318627 0.296344 -1.51389 -1.42777 -1.79749 0.235208 0.745083 1.78654 0.638589 
4.62262 -0.30378 -0.3895 -0.243568 -0.174374 -0.233844 -0.356239 -0.0908824 0.212464 -0.00475615 -0.135535 -0.152474 -0.0520107 16.3318 5.83975 -2.07977 1.11966 0.363224 -1.07088 -1.79066 -1.07508 0.00494718 0.951948 -0.808492 -0.163749 0.161441 -12.4386 1.17993 0.385966 1.06984 -0.557248 -1.70714 0.373456 -0.344864 -3.09634 -0.212596 0.265414 3.07233 1.51045 
4.7888 -0.104488 -0.280029 -0.25728 -0.20605 -0.195922 -0.364528 -0.101028 -0.0379054 -0.0164968 -0.127781 -0.19129 0.0061866 10.486 4.15562 -1.01622 1.45708 -0.373388 0.0361259 -0.88301 -1.01122 -0.347948 0.489123 -0.533625 0.17271 0.589865 -10.9571 -2.14344 1.16397 2.13209 -1.57733 -1.9168 2.12286 0.718341 -1.35971 0.0367264 0.0910213 2.34707 1.28481 
4.90622 0.10938 -0.449382 -0.232589 -0.207848 -0.401412 -0.437359 -0.113418 -0.0230527 -0.0314105 -0.108454 0.00119419 -0.0075968 6.00519 1.61997 0.224853 1.51621 -1.22347 1.18895 -0.418899 -0.574123 -0.533611 -0.190537 0.0932207 1.60691 0.94184 -7.50625 -6.40524 3.17128 1.27754 -2.42154 2.31083 3.59136 0.959858 0.647878 -0.51894 0.228833 0.438491 0.889405 
4.81326 0.157396 -0.483204 -0.128871 -0.206815 -0.447646 -0.413021 -0.162894 -0.00979707 0.0197904 -0.159222 0.026938 0.0427689 3.81981 -1.27037 1.51494 1.58284 -2.30031 2.55819 0.303159 -1.27466 -1.0524 -0.46799 0.615171 2.46137 1.0469 -1.948 -8.88315 3.517 -0.681319 -2.24993 5.52694 2.27616 0.478136 1.34923 -1.54316 1.20103 0.0160741 -0.234011 
4.73681 0.0914858 -0.423807 -0.0870222 -0.214079 -0.371669 -0.340743 -0.157972 -0.0818754 0.0367415 -0.192498 0.00655038 0.112825 2.47369 -4.47307 1.68648 0.678224 -3.4472 3.30896 0.586682 -0.870754 -0.426191 -1.35573 1.22549 3.20773 0.825251 2.3153 -8.1017 1.98144 -2.53472 -2.08905 5.42121 -0.378128 -0.490022 1.91579 -1.9397 1.94515 0.734203 -1.31152 
4.76237 -0.160923 -0.213161 0.00310702 -0.410652 -0.282081 -0.241728 -0.0543109 -0.0532796 -0.0187417 -0.113793 -0.0384767 0.0877228 2.43771 -7.30479 1.60588 -0.120634 -3.75846 4.41933 0.479778 -0.723408 1.01156 -2.08829 1.15458 2.97516 0.451687 3.43517 -3.96426 -1.12714 -3.50809 -0.536105 2.36442 -2.31277 -1.05477 1.20324 -1.79481 0.994951 1.12049 -1.23871 
4.84697 -0.358314 -0.15307 -0.118562 -0.475722 0.0441029 -0.212865 -0.122399 0.0566452 -0.119367 -0.0642611 0.170924 0.113626 2.60349 -8.63373 1.69161 -0.819462 -3.02019 4.65644 -0.522825 -0.581686 1.1543 -2.2808 1.14085 2.05191 0.410469 1.6235 0.4942 -3.43915 -2.03507 1.60999 -2.99304 -3.43944 -0.175288 0.662083 -0.504368 -0.489013 -0.42898 -0.712722 
5.08703 -0.570993 -0.187247 -0.125537 -0.471191 0.132757 -0.319122 -0.307111 -0.0811341 -0.122503 -0.0121027 0.206575 0.0675893 3.10495 -8.05168 0.0933437 -2.04369 -2.80162 3.89599 -1.0662 -0.181854 1.65333 -2.17528 1.17811 1.82951 0.524363 -1.68728 3.94549 -3.83931 -0.710895 2.40644 -5.17602 -1.87011 1.55908 0.901863 0.897376 -1.70138 -2.04922 0.762402 
5.05973 -0.758743 -0.253132 -0.262827 -0.65242 0.0827382 -0.398694 -0.176664 0.10936 -0.210573 0.0506257 0.282548 0.0364003 2.0099 -6.43096 -1.49706 -2.29631 -1.97282 2.86783 -1.48088 -0.531779 2.03301 -1.61117 0.8554 1.12097 0.452139 -3.65856 5.45092 -2.75295 0.818236 2.84193 -3.87967 0.324998 1.06146 -0.158298 2.17993 -1.81341 -3.05454 1.45867 
5.11868 -0.802948 -0.241409 -0.258542 -0.614637 0.151654 -0.352502 -0.17123 0.116713 -0.294023 -0.0640634 0.210574 0.0735001 -0.48381 -3.54351 -3.11367 -2.10728 -0.332813 1.31763 -1.24578 -1.08458 2.10236 0.116179 -0.195733 0.354066 0.588031 -5.22326 5.24054 -1.75237 1.26375 1.90769 -1.80853 1.92847 -0.281877 -0.0709234 3.43349 -0.902769 -2.07989 0.809705 
5.08541 -0.801163 -0.299641 -0.220138 -0.422724 -0.0176893 -0.565131 -0.180041 0.0819861 -0.216653 -0.0415941 0.177182 0.115218 -5.9423 -1.02601 -3.87333 -0.823532 0.169825 -0.903834 0.671977 -1.64448 1.25707 2.51134 -0.434207 -1.8501 0.495547 -8.31388 4.24312 -0.959546 1.41965 0.327918 0.0967024 4.3703 -2.46833 -0.550122 4.20854 -0.226106 -1.58276 -0.389314 
5.09671 -0.764917 -0.513853 -0.373066 -0.604571 0.03434 -0.409437 -0.11978 0.182464 -0.173541 -0.0314581 0.203909 0.198483 -13.5085 1.15547 -3.4388 -0.414493 1.68366 -1.337 2.95486 -1.68175 -0.68241 3.23304 0.164528 -2.07854 0.209199 -13.371 2.88449 0.94825 1.94471 1.4877 -0.375219 4.6475 -3.08931 -3.40523 3.31824 0.978597 -1.1635 -1.82941 
4.8614 -0.783845 -0.485726 -0.294931 -0.552483 0.134145 -0.400702 -0.246964 0.187437 -0.15843 -0.0387425 0.100875 0.140516 -19.1966 2.35695 -2.52663 -0.189613 3.72992 -1.74502 3.07118 -1.42984 -1.92037 3.33301 0.233242 -2.43845 -0.0974815 -15.5017 1.55572 2.20784 0.58914 2.72064 -1.70956 2.69112 -0.023781 -4.03133 0.501737 1.45994 -0.237894 -1.66961 
4.61933 -0.620083 -0.567158 -0.278345 -0.427019 0.05411 -0.325528 -0.324853 0.249262 0.0666392 -0.149132 0.130251 0.129412 -18.4037 4.06334 -3.26103 -1.33025 3.88321 -3.40402 2.96906 -0.370651 -2.2088 3.22908 0.788092 -2.187 -0.600651 -6.73331 1.1455 1.62353 -1.64086 2.90879 -2.68426 -0.788119 3.35444 -3.29175 -3.00014 1.51699 0.349696 -0.833493 
3.81682 -0.574955 -0.652062 -0.165156 -0.518881 -0.119245 -0.024828 -0.497925 0.067639 0.31042 -0.0335078 -0.141855 0.107842 -12.7776 5.58582 -3.90977 -1.74367 3.37236 -3.9982 2.72791 0.480376 -1.79474 2.44698 0.623508 -2.05329 -0.80263 12.445 2.02911 -0.847791 -3.37123 1.49649 -2.59538 -4.99726 5.45596 0.847021 -4.69045 0.10964 1.79589 0.292234 
2.94775 -0.515729 -0.538354 -0.273814 -0.211801 -0.0391912 0.0845995 -0.393061 -0.313083 0.100125 0.133951 0.0644811 0.0320271 -7.53988 5.057 -3.56889 -1.09754 3.37966 -4.63968 0.778394 0.995488 -1.04922 2.00852 0.44769 -2.1883 -0.826208 27.7726 1.30175 -3.22706 -1.90008 -2.92694 -1.65413 -5.84058 3.51102 5.81368 -2.22792 -1.73261 0.497503 1.20235 
2.64242 -0.534234 -0.472546 -0.349947 -0.0183765 -0.164547 -0.249855 -0.157541 -0.0579107 0.00348703 -0.0141993 -0.0395607 0.0640901 -0.725025 5.51431 -1.92826 -0.373939 2.92582 -4.51139 -0.416957 1.4967 -0.187124 0.749137 -0.448387 -2.10891 -0.479034 28.0405 0.572388 -0.908876 2.18484 -4.47794 0.840269 -2.92263 -1.14448 5.15804 0.162661 -2.32293 -0.491561 0.867746 
3.68561 -0.164126 -0.873153 -0.575817 -0.151882 -0.489096 -0.187682 -0.0813867 -0.0528405 0.0940975 0.0284001 -0.0432226 0.0530793 7.89209 6.0325 -0.960709 -0.0355242 2.29565 -5.04612 -1.08944 1.2044 0.530525 -0.396973 -0.83893 -1.48687 -0.371414 13.4148 -0.904102 4.02226 5.14296 -2.46055 2.1101 0.195691 -4.26829 2.32593 0.976395 -2.22815 -0.436513 0.341186 
4.47671 -0.00619463 -1.0214 -0.477618 -0.240008 -0.451992 -0.227425 -0.116401 0.0730401 0.105034 -0.0136533 -0.0641303 0.0861718 15.8184 6.451 -0.498654 -0.00371051 1.36966 -5.17801 -1.54783 0.949556 1.81903 -0.580706 -1.60728 -0.382533 -0.262607 -1.63389 -0.966954 6.22507 3.65674 -0.1637 0.710415 2.86504 -4.04422 -1.57733 0.373588 -0.681437 0.535524 -0.434871 
4.26072 -0.322065 -0.896202 -0.315502 -0.256706 -0.403049 -0.357463 -0.175659 0.188394 0.193994 -0.031946 -0.158248 0.0817931 19.6817 6.13409 -0.523933 0.519366 -0.394314 -5.17826 -0.341306 -0.230057 2.41103 0.254666 -1.9524 -0.544417 -0.273485 -5.22539 1.04432 3.46803 -0.705346 1.01556 -0.888324 3.85636 -1.26196 -3.31969 -1.05657 0.596374 2.49194 -0.80689 
4.4347 -0.00106148 -0.452639 -0.128817 -0.103178 -0.371983 -0.311622 -0.253364 0.118546 0.0375382 -0.222268 -0.221914 0.0620437 18.1561 5.11387 0.16404 0.582252 -1.23838 -3.59377 1.42903 -0.916015 1.05022 0.195847 -1.5972 0.219329 -0.877328 -3.54571 -0.516716 -2.42372 -4.17441 -0.96985 -0.90133 2.54395 1.60271 -1.6016 -0.294244 1.40782 2.40706 -0.830765 
5.01389 0.228779 -0.640765 -0.261719 -0.0870218 -0.764077 -0.167369 -0.32616 0.0602365 0.099736 -0.134482 -0.0639149 0.0405039 12.8585 3.23993 1.45983 0.13788 -1.06778 -1.73939 1.70732 -0.651137 0.782966 -0.349546 -1.85414 0.629764 -1.28508 -2.77757 -2.67739 -4.06701 -4.03568 -2.63013 2.80958 0.891558 2.63248 0.00712006 -0.0235316 0.705561 0.77157 -0.831409 
5.18188 0.252313 -0.704108 -0.350799 -0.201442 -0.787876 -0.14948 -0.239233 0.0938707 0.123536 -0.114882 -0.0212581 0.0296776 10.1424 2.48622 0.998719 -1.46685 -1.17905 -1.13547 2.30114 -0.051607 0.396767 -0.669549 -1.57222 1.04256 -1.70716 -4.26765 -4.19715 -2.05174 -1.7205 -1.74764 5.30761 -0.62672 1.55975 1.05557 -0.340326 -0.347518 -0.645114 -0.704931 
5.30993 0.230149 -0.754049 -0.387582 -0.239717 -0.748772 -0.0651156 -0.232679 0.107923 0.0878101 -0.145042 -0.0355579 0.00178501 9.94346 1.87905 -0.183891 -2.50956 -1.73698 0.062899 2.32681 0.700147 0.162809 -0.891744 -1.00118 1.15644 -1.66837 -5.59208 -3.99242 0.923826 0.276775 -0.137425 4.84598 -1.71425 0.441379 0.81078 -0.425831 -0.365221 -1.24749 -0.204127 
5.42232 0.181563 -0.743368 -0.422415 -0.323798 -0.610034 -0.0710191 -0.174035 0.105695 0.0714781 -0.207169 -0.0354965 -0.0782019 7.30945 -0.253701 -1.16316 -2.76204 -2.10795 1.58029 1.57165 1.0079 0.592224 -0.783388 -0.410777 0.856811 -1.36296 -4.01959 -1.31807 1.98012 1.1941 1.46533 1.97469 -1.36129 -0.647452 -0.0209047 -0.717242 0.391007 -0.914103 0.795552 
5.47962 0.165587 -0.724928 -0.491213 -0.339913 -0.528578 -0.064864 -0.175968 0.164814 0.0634705 -0.260298 -0.0187663 -0.096815 4.11229 -1.15391 -0.138898 -1.93618 -1.48195 3.26863 0.736677 0.925364 0.686836 -1.34207 -0.665085 0.16997 -0.929796 -2.33831 0.176976 0.63437 1.1903 1.71808 -0.833816 -0.887633 -0.856584 -0.703234 -0.424166 1.43145 -0.242453 1.47047 
5.53032 0.157967 -0.726489 -0.534283 -0.323883 -0.526514 -0.0174536 -0.192105 0.18442 0.0215511 -0.240353 -0.00839891 -0.12686 2.78277 -1.10999 0.225586 -1.30728 -0.581529 3.05097 0.346221 0.505503 0.383832 -1.4639 -0.60367 0.10469 -0.390686 -2.25515 0.614686 -0.0577309 1.23869 1.29632 -1.30245 -0.815943 -0.422053 -0.757282 -0.15237 0.92379 -0.0242098 1.69183 
5.6319 0.0777098 -0.684891 -0.506142 -0.368389 -0.433636 -0.0672549 -0.137961 0.124445 0.014196 -0.182699 -0.0482887 -0.0979923 1.6218 -0.779901 0.27814 -0.637239 -0.21722 2.53508 -0.207846 0.426947 0.271366 -1.4828 -0.230162 0.150643 0.249258 -2.30045 0.998238 -0.566887 1.10351 0.899173 -1.33831 -0.403195 -0.298781 -0.240751 -0.105219 -0.115469 0.229345 1.17019 
5.58192 0.112128 -0.706425 -0.51836 -0.332873 -0.410471 -0.0598712 -0.180278 0.158948 -0.0370767 -0.197251 -0.0300588 -0.0719064 0.611759 -0.351113 0.0298522 0.0672752 0.106171 1.54595 -0.218654 0.324977 0.0577362 -1.34003 0.0443249 0.0946614 0.901047 -1.5732 0.754246 -0.504826 1.0707 0.0287857 -1.12095 -0.217943 0.269524 -0.103541 0.355022 -0.549168 0.164786 0.520016 
5.55396 0.127558 -0.712552 -0.532847 -0.29458 -0.408422 -0.0627281 -0.181876 0.155195 -0.0660327 -0.211853 -0.0152308 -0.0537041 0.0797691 -0.188101 -0.0165536 0.6518 0.0435307 0.721648 -0.18874 0.470851 -0.19757 -0.983769 -0.0183272 0.111264 1.02803 -0.674555 0.340732 -0.192147 0.959583 -0.629814 -1.21817 0.164357 0.461923 0.0416093 0.819365 -0.432312 0.0218556 -0.00114322 
5.57669 0.108445 -0.707316 -0.516966 -0.294021 -0.403915 -0.069692 -0.15734 0.137841 -0.0604618 -0.24005 -0.00566901 -0.0292306 -0.371634 -0.105672 0.192751 1.08201 -0.285018 0.000751257 -0.101621 0.568666 -0.18851 -0.476521 -0.16774 0.0539871 0.989358 -0.105173 -0.0594075 0.332519 0.776117 -0.960321 -1.47008 0.55299 0.351614 -0.0236518 1.04209 0.112961 -0.234725 -0.460693 
5.54953 0.120487 -0.722758 -0.459143 -0.336774 -0.358681 -0.108536 -0.138467 0.162833 -0.104526 -0.21292 -0.0166205 -0.00792276 -0.599581 -0.0471474 0.503861 1.28169 -0.724115 -0.867371 0.201107 0.661782 -0.235326 0.180676 -0.238519 0.0593015 0.549559 0.350439 -0.505303 1.04447 0.351713 -1.02262 -1.58412 0.701518 0.249637 -0.389487 1.46454 0.289114 -0.315529 -0.834545 
5.51912 0.13991 -0.740204 -0.431631 -0.332993 -0.418572 -0.0679411 -0.127321 0.137217 -0.0764677 -0.224484 -0.0230699 0.020504 -0.531446 -0.332777 1.05869 1.61555 -1.16357 -1.52465 0.0815201 1.0517 -0.552247 0.803543 -0.152537 0.080987 0.1646 0.144943 -0.550609 1.4126 0.0502483 -0.754535 -1.31058 0.215816 0.150923 -0.37144 1.22814 0.210293 0.00601322 -1.06543 
5.55044 0.111638 -0.699623 -0.4291 -0.347718 -0.468239 -0.0510875 -0.112326 0.136907 -0.0437504 -0.250971 -0.00187864 -0.00603304 -1.75753 -0.133823 1.42418 2.33837 -1.278 -1.81204 -0.441528 0.812564 -0.655157 0.813829 0.0110818 0.226195 0.0288254 -1.40872 -0.00409425 1.10045 0.623959 -0.205959 -0.568512 -0.893211 -0.084506 -0.441247 0.345644 0.240604 0.314716 -0.601877 
5.531 0.0939806 -0.64781 -0.383352 -0.400032 -0.508758 -0.0394975 -0.106497 0.136902 -0.0248005 -0.217201 -0.0328567 -0.00614052 -3.99425 0.25279 1.79532 3.0291 -0.655701 -1.89678 -1.09447 0.163977 -0.945475 0.445712 0.252127 0.593282 0.147461 -3.91749 0.787904 0.450078 1.4657 1.01137 0.332911 -1.98982 -0.771525 -0.530077 -0.915256 0.17517 0.888685 0.27224 
5.53634 0.0796277 -0.601128 -0.360184 -0.462736 -0.54319 -0.0385165 -0.0701318 0.0914476 0.0430181 -0.211698 -0.0336908 -0.0461962 -6.71978 0.475887 2.20749 3.23052 0.0874443 -1.49164 -1.51857 -0.393582 -1.41181 0.0163574 0.468702 1.28067 0.45286 -6.73557 1.34171 -0.0477698 1.69197 2.16981 1.31893 -2.14098 -1.62625 -0.504761 -2.14411 0.430242 1.4002 1.29456 
5.48489 0.0743262 -0.560856 -0.318288 -0.441906 -0.610745 -0.0871093 -0.0331182 0.075647 0.0489963 -0.237413 0.0139413 -0.0484046 -10.2603 0.542839 2.56431 3.32597 1.1797 -0.911507 -2.12069 -0.431852 -2.00974 -0.68591 0.85469 1.39581 0.675089 -8.37577 0.98376 0.0214566 0.75298 2.83175 1.7023 -1.12791 -1.46928 -1.00139 -2.16838 0.764205 0.968023 1.47496 
5.18705 0.151603 -0.550265 -0.158811 -0.423425 -0.591507 -0.202168 -0.111275 0.0738225 -0.0313579 -0.213492 0.0375921 -0.00631934 -14.9548 0.436631 3.56083 2.7872 2.53676 0.145598 -2.93171 -0.618132 -2.12566 -1.58003 0.877062 1.05965 0.726811 -8.33023 -0.492353 1.3926 -1.56259 2.81851 1.8584 -0.157667 -0.194353 -0.925442 -1.3934 0.493407 -0.242788 0.433921 
4.87063 0.189099 -0.502154 -0.0588406 -0.309747 -0.588665 -0.266644 -0.194389 0.0103795 -0.088334 -0.179943 0.0914395 0.0509273 -19.0535 -0.140804 5.46992 2.50982 2.84014 1.2646 -3.08739 -1.51775 -2.48738 -1.49394 1.05946 0.510772 0.474506 -7.21709 -1.95127 3.56718 -2.65207 0.973357 1.94988 0.44805 0.300746 -0.537553 0.221375 0.231079 -1.97881 -1.05653 
4.54918 0.187497 -0.445841 -0.0825149 -0.284025 -0.51689 -0.251708 -0.205431 -0.0481339 -0.116182 -0.142837 0.186229 0.093184 -21.1437 -0.813591 6.80516 2.24162 2.8051 1.87181 -3.01537 -2.11682 -2.33304 -1.36545 1.26996 -0.209043 0.289607 -4.00507 -2.5036 4.59514 -1.85141 -0.95623 1.27988 0.292238 -0.254019 0.276562 1.535 -0.118304 -2.99528 -1.94732 
4.12251 0.153172 -0.375008 -0.0726752 -0.140807 -0.557928 -0.293162 -0.111223 -0.15877 -0.14326 -0.110093 0.104834 0.0763603 -20.93 -1.6456 7.37963 1.57953 2.41465 2.49934 -2.30651 -2.22661 -2.23864 -0.933164 1.35991 -0.740533 -0.030142 1.34128 -2.01528 3.17783 -0.393563 -2.58417 0.861 0.636628 -1.34232 1.12363 1.91528 -0.230446 -1.86323 -1.43582 
3.51526 0.093774 -0.106337 -0.169003 -0.0303418 -0.413632 -0.442286 -0.155347 -0.0866459 -0.235981 -0.160835 0.0304308 0.019271 -15.0757 -2.21943 3.52367 -0.0548971 3.01184 2.73822 -0.858914 -0.822523 -1.41223 -0.316808 0.978253 -1.15154 -0.412871 10.9697 -0.56939 -4.71357 0.0976981 -1.62751 -0.100237 2.22881 0.00970559 1.4354 1.58797 -0.118398 -0.0473027 -0.114754 
3.12409 -0.000226458 0.229546 -0.0411646 -0.199691 -0.334841 -0.393107 -0.359432 -0.203674 -0.0717024 -0.0718059 -0.0358605 -0.0238728 -9.53474 -2.46723 0.0806229 -0.954376 3.13105 2.7077 -0.0655377 0.2301 -0.443144 0.0135517 0.541344 -1.41261 -0.572332 17.474 0.718861 -12.3771 -1.51976 1.542 -0.76186 2.75936 2.99563 2.05418 -0.0538749 -0.7647 1.42414 0.953596 
3.04393 -0.0299589 0.25361 0.000933205 -0.181899 -0.378787 -0.436173 -0.353356 -0.159799 -0.0917768 -0.0622049 -0.0483682 -0.0113467 -2.19144 -3.31989 -3.54998 -1.24712 1.3875 2.29153 1.16769 1.33962 0.116976 0.586647 1.08544 -1.31287 -0.497983 18.7165 0.201187 -14.3873 -2.65356 1.15482 -0.707831 3.15074 4.75433 1.53427 -0.346998 -0.182059 1.61186 1.02248 
2.99149 -0.0828072 0.230421 -0.0304293 -0.137837 -0.298177 -0.377357 -0.338209 -0.192143 -0.117347 -0.0604689 -0.00412205 0.00370869 6.01851 -4.67703 -5.81737 -1.74436 -0.910616 2.09441 2.26375 1.94188 0.774135 1.20542 1.59704 -0.536258 -0.107872 15.2592 -1.87747 -8.47679 -2.10721 -2.2044 -0.917412 1.98234 3.82131 0.933213 0.342392 0.935163 0.731353 0.540541 
3.82972 -0.0522469 -0.719642 -0.243446 0.164261 -0.249641 -0.216644 -0.0730257 -0.0602854 -0.118893 -0.108422 -0.02615 0.00320052 12.5562 -5.19266 -6.61484 -0.972117 -2.23438 1.56407 3.71895 2.05087 0.0871238 1.68586 2.20442 -0.0511426 -0.143989 6.30512 -3.52948 4.94843 1.05265 -6.68048 -0.534652 0.752688 -0.70805 -0.983429 1.28337 2.11073 0.233712 -0.314122 
3.70989 -0.0989764 -0.669348 -0.240343 0.173204 -0.250764 -0.268759 -0.0731726 -0.0563179 -0.131921 -0.119888 -0.0282505 0.0193122 16.4501 -3.58629 -5.80386 -0.526699 -2.52125 -0.0674465 2.73049 2.48332 0.502017 1.16544 1.58195 -0.347918 0.0359598 2.33973 -1.05004 11.6197 3.61389 -6.58026 -1.66565 -0.609574 -3.39061 -1.71635 1.43655 1.43039 -0.53323 -0.590652 
4.18671 -0.359709 -0.806147 -0.234006 -0.285423 -0.265542 -0.0948474 0.0544698 -0.111792 -0.0251582 0.10683 -0.0218199 0.0126141 16.8443 -1.03053 -3.96544 0.387332 -3.21618 -1.93989 1.37522 1.69035 0.779449 1.14437 0.841776 -0.0890158 0.218181 -2.28236 5.41655 10.7121 4.05394 -0.508578 -3.66057 -3.4594 -3.94904 -0.348718 -0.384838 -1.90619 -0.416217 -0.0786927 
4.63421 -0.621028 -0.611733 -0.299328 -0.450138 -0.219719 -0.10486 0.00367366 -0.0449331 0.0368669 0.124013 0.000597779 0.0291556 15.6792 1.25481 -1.40721 1.016 -3.62572 -4.13167 0.298884 0.132796 1.7348 0.853186 0.0509018 0.543816 0.234915 -5.21412 10.3634 3.58436 2.2837 4.45705 -5.3257 -4.18434 -2.60737 1.71506 -2.00165 -4.08114 0.563936 0.431055 
4.77074 -0.569873 -0.374266 -0.0484614 -0.427099 -0.177431 0.0734551 -0.185131 -0.241881 0.0743928 0.173743 -0.0169406 -0.0723789 12.6152 2.92535 2.0464 0.844927 -3.3961 -5.5303 -0.411739 -1.42579 2.08477 0.606971 -0.735298 1.25268 0.220251 -4.79681 9.03354 -3.73551 -2.20087 5.79358 -5.07921 -3.30357 -0.313674 3.98795 -2.20169 -4.26585 1.82194 0.942434 
5.0309 -0.145889 -0.30781 -0.00370401 -0.377534 -0.537973 -0.259403 -0.0675871 -0.0773371 -0.00550978 0.000667768 -0.149853 0.0158145 11.3452 4.57765 1.3366 -0.0930099 -1.63486 -5.67457 -0.778078 -1.09949 2.04373 0.67348 -2.12196 1.52427 0.167598 -5.37437 1.7869 -4.63999 -4.53519 3.29642 -0.668227 0.369063 0.434815 1.97226 -0.422325 -2.00905 2.57608 0.194719 
5.02385 0.149046 -0.52117 -0.00502368 -0.354656 -0.727777 -0.366858 -0.0968936 0.0369104 -0.028401 -0.099671 0.0268594 0.0694481 7.83761 6.10181 0.247262 -0.916002 0.673042 -5.11013 -1.38236 -0.731108 2.13407 0.292788 -3.46958 1.33181 0.285344 -3.30596 -4.65845 -2.71505 -4.36319 0.327711 3.95109 2.91292 1.66638 -1.16211 1.28061 0.313199 0.493888 -0.552035 
5.20918 0.155922 -0.558975 -0.119951 -0.34429 -0.850916 -0.236729 -0.230001 0.211692 -0.0600125 -0.131313 0.151656 0.035749 5.1194 6.0907 -1.53879 -1.7958 1.05054 -4.08648 -0.833669 0.162997 1.83204 0.284423 -3.44171 0.799528 0.241498 -3.22369 -5.81464 -0.390947 -1.76256 -0.75829 6.39997 2.37799 2.39297 -3.59865 1.77204 1.11439 -2.26315 -0.628841 
5.34132 0.114754 -0.509291 -0.310905 -0.280178 -0.871422 -0.168961 -0.218354 0.193649 -0.00886591 -0.149591 0.165363 0.0208541 3.62991 4.15751 -2.40804 -3.19231 0.747998 -2.42413 -0.0469107 0.695911 1.88424 0.446628 -2.94063 0.313323 0.182176 -3.6069 -3.18315 0.385564 1.34387 -1.01699 5.30145 1.26313 1.55007 -3.18594 0.701757 1.37641 -3.60223 -0.501341 
5.32947 0.121384 -0.547494 -0.306469 -0.31048 -0.76181 -0.231681 -0.0486497 0.0275232 0.0983677 -0.262047 0.125951 0.0162784 2.30919 1.53382 -1.91615 -3.37683 0.394824 0.0804014 1.56486 0.438313 0.70691 0.83559 -1.82108 -0.227528 -0.428352 -2.41765 -0.648646 0.631929 1.61031 -0.653008 1.91368 0.242493 -0.222666 -0.207889 -0.842836 1.55002 -2.80863 -0.167625 
5.2948 0.19117 -0.662207 -0.297367 -0.303677 -0.711275 -0.229782 -0.0318494 0.0773624 0.0571682 -0.276357 0.0505898 0.042008 1.50744 0.289029 -0.68245 -2.93945 0.0744651 1.32601 1.83333 0.320481 0.046966 0.843255 -1.17449 -1.25337 -0.796765 -1.16964 -0.420724 1.326 0.772498 -0.389993 -0.164872 0.460159 -1.99525 1.12259 -1.00433 1.4842 -0.25282 -0.495778 
5.29235 0.205802 -0.663602 -0.333746 -0.332215 -0.693125 -0.149185 -0.0496419 0.0820304 0.0640685 -0.255001 -0.0226957 0.0156565 0.182562 0.184325 -0.189433 -1.91821 -0.0616955 1.87141 1.19614 -0.126879 -0.0503613 0.539076 -0.700452 -1.70938 -0.713617 -0.205614 -1.00164 2.00729 0.287804 0.039165 -0.752648 0.0953462 -2.62535 1.36552 -0.775418 1.03037 1.35038 -0.513459 
5.31657 0.193309 -0.641782 -0.406207 -0.308031 -0.697626 -0.0907359 -0.102473 0.13547 0.0514863 -0.248637 -0.0394167 -0.00812861 -0.692917 -0.119756 0.684529 -1.06403 -0.12319 1.84301 0.791817 -1.3757 0.263135 0.168908 -0.313791 -1.13195 -0.848368 -0.660032 -1.13841 2.24712 0.73006 0.224726 -0.206425 -1.04106 -2.00543 0.0899347 -0.104818 0.342033 1.85087 -0.240443 
5.35869 0.160325 -0.605845 -0.44351 -0.313959 -0.659417 -0.103846 -0.0906306 0.119373 0.0649232 -0.249342 -0.0411586 -0.0283333 -1.74008 -0.506563 1.88443 -0.0979372 -0.29115 1.38519 0.674328 -2.75876 0.298962 -0.438463 0.70193 -0.216547 -0.989584 -2.31215 -0.609409 1.80578 2.23688 -0.120286 0.179659 -1.62563 -1.48403 -1.03916 -0.15928 0.413269 1.70321 0.0843735 
5.31023 0.15762 -0.561357 -0.442746 -0.339428 -0.643969 -0.0679239 -0.178995 0.133353 0.0671095 -0.257009 -0.00231946 -0.0670347 -4.02021 -0.613566 2.78974 0.900874 -0.0874822 1.51676 -0.301185 -3.13246 -0.144064 -0.489399 0.863874 0.286843 -0.532754 -4.34546 0.144613 1.12626 2.94546 0.0371702 0.330081 -1.89647 -0.789349 -1.22913 -0.564044 0.784801 0.820112 0.840903 
5.25809 0.149849 -0.543214 -0.404892 -0.312449 -0.608263 -0.112149 -0.252595 0.183871 0.0359176 -0.239145 -0.0438696 -0.0418986 -7.61463 -0.243365 2.87248 1.33602 0.191522 2.37893 -1.14108 -2.79919 -0.462663 -0.88923 0.959576 0.791773 0.0875209 -6.86413 0.867337 0.415291 1.91265 0.162512 0.909838 -1.3215 0.500331 -1.21564 -0.753416 0.812739 0.377455 1.22778 
5.19733 0.0916105 -0.406233 -0.402964 -0.296187 -0.567909 -0.152919 -0.325501 0.10484 0.0750143 -0.256304 0.0408099 -0.0820864 -11.7383 -0.163362 3.06342 1.59785 1.08738 3.39888 -1.97973 -2.33736 -1.36203 -1.53179 1.07419 0.96454 0.673525 -8.90974 1.12422 -0.569485 0.0746585 1.27695 1.85441 -1.02516 1.73911 -0.817357 -1.31271 0.410737 -0.260188 1.64092 
4.98628 0.106311 -0.348669 -0.207048 -0.390919 -0.578883 -0.144967 -0.397493 0.0312641 -0.0144629 -0.107439 0.0804614 -0.0945427 -15.8165 -0.319744 4.11049 2.00858 1.73741 3.48107 -2.84562 -1.78806 -1.62116 -1.59538 1.13098 0.491275 0.982111 -8.8948 0.262106 0.190501 -1.67998 2.34709 1.96003 -1.31109 2.41661 -0.356628 -0.626964 -0.677293 -0.926958 1.21797 
4.60407 0.165864 -0.334406 -0.178448 -0.28782 -0.495415 -0.275074 -0.402071 0.0786114 -0.0107956 -0.169776 0.00549722 0.031839 -18.3283 -0.704907 5.26543 2.23282 1.70629 3.09858 -3.11277 -0.594762 -1.97651 -1.44948 1.25967 0.0858266 1.02216 -5.54717 -1.20727 2.15429 -1.31597 1.29811 0.119179 -0.575169 2.12653 -0.439953 0.184748 -0.484662 -0.877679 -0.336758 
4.1375 0.209053 -0.343384 -0.298737 -0.271824 -0.309334 -0.254392 -0.334683 0.0601913 -0.0738106 -0.145381 0.0699696 0.0444286 -19.3023 -1.15155 5.84865 2.24048 1.44349 2.7358 -2.45834 0.359359 -2.25609 -1.11689 1.41762 -0.128835 0.708608 0.157165 -2.24378 3.38203 0.628406 -0.46175 -2.36571 0.378481 1.28635 -0.36889 1.30583 0.073453 -1.06452 -1.40068 
3.71892 0.122684 -0.234884 -0.296934 -0.0739735 -0.19209 -0.36098 -0.356009 -0.0951288 -0.175864 -0.134604 0.083381 0.0694054 -18.1163 -1.87113 4.94583 2.28575 2.15199 3.11643 -1.6421 0.48366 -2.07026 -1.04372 1.28299 -0.38082 0.385001 5.93461 -2.09249 1.34281 1.77375 -1.75734 -2.57743 2.24085 0.187177 0.172399 1.78954 0.447744 -0.357717 -1.9108 
3.30666 0.0584249 0.059051 -0.159929 -0.101102 -0.295648 -0.493798 -0.344699 -0.0461582 -0.075375 -0.126915 -0.0307066 0.0432192 -11.0481 -2.302 1.49716 0.534818 1.60356 3.07666 -1.11812 1.09462 -0.505028 -0.771617 0.989467 -0.222165 -0.0738714 13.5803 -0.767513 -5.82859 -0.229056 -1.81909 -0.394543 3.2285 -0.22691 1.68333 0.396534 0.530817 0.816436 -1.20633 
3.14313 0.0087386 0.216306 -0.0983554 -0.212246 -0.35908 -0.428492 -0.259055 -0.0954984 -0.071515 -0.0776291 -0.00939771 0.0141782 -1.14237 -3.34475 -1.01384 -0.420496 -0.215233 3.05479 -1.48505 1.51821 0.658873 -0.823609 1.50299 0.0958806 -0.48657 20.2865 -0.173169 -10.9197 -3.3839 -1.40168 2.29836 0.770612 -0.0520259 3.6124 -0.742589 -0.00250361 1.09529 0.109851 
3.03425 -0.0411464 0.223304 -0.067166 -0.212902 -0.298384 -0.324164 -0.250502 -0.147751 -0.0616859 -0.0178015 -0.00230953 -0.0152175 7.17387 -5.32639 -2.26112 -0.441006 -2.20539 3.06555 -0.776508 1.98907 1.44522 -0.709627 1.43838 -0.0276715 -0.304908 21.7935 -1.7019 -9.37963 -4.40288 -2.75503 2.91139 -1.11471 1.06036 3.72382 -1.35452 -0.295944 0.868042 0.999691 
3.07045 -0.149359 0.0252804 -0.011186 0.0278299 -0.0707653 -0.292486 -0.383833 -0.164821 -0.119748 -0.0534738 0.0402997 -0.0361973 12.9267 -6.82209 -3.64841 -1.15024 -3.60841 3.35377 0.171172 2.37124 1.87052 -0.768834 1.40287 0.625379 0.0170536 15.1208 -3.80152 -1.93532 -2.65625 -4.25049 0.792596 -1.45627 2.02652 1.52298 -0.752137 -0.108184 0.33884 1.43718 
4.07004 -0.0791864 -0.640285 -0.36422 -0.221658 -0.0919336 -0.359676 -0.203845 0.191645 -0.157802 -0.0253322 0.0581526 -0.0183534 15.8526 -7.5524 -4.54748 -1.79881 -3.13215 3.61482 0.112917 2.69525 1.48343 -1.23309 0.886353 1.23976 0.716978 -0.320465 -4.59072 7.1062 1.67021 -1.86674 -1.26681 -0.0966621 1.19677 -2.50766 0.331863 -0.528179 0.0745837 1.30764 
4.76141 -0.293229 -0.536335 -0.400524 -0.402204 0.0452538 -0.64403 -0.130286 0.204984 -0.185184 0.0480927 0.0527715 0.0246937 15.2448 -7.81455 -3.44713 -1.92878 -2.82498 3.40579 -0.421467 2.31797 0.790871 -1.24888 0.499887 0.838785 1.35589 -12.9358 -1.76541 8.63037 3.14815 1.80085 -2.52312 2.07541 -0.435428 -4.61689 0.662601 -0.999122 0.0136204 0.905847 
4.78558 -0.702279 -0.285151 -0.250943 -0.576739 0.105109 -0.337295 -0.0459405 0.0948414 -0.190955 0.0203609 0.0291549 0.0451157 11.9829 -7.46346 -0.595261 -1.21463 -3.1802 2.64108 -0.685859 2.18732 0.266466 -0.970296 -0.22476 0.112529 1.53832 -16.1571 3.04813 5.50742 2.20614 4.1509 -2.09432 0.517938 -2.04452 -3.32593 0.671294 -1.34259 -0.739011 0.278379 
4.77333 -0.851817 -0.296618 -0.290887 -0.522182 0.0920046 -0.318917 -0.0633173 0.0316621 -0.200524 0.0446781 0.14863 0.0677727 5.23637 -6.58716 2.75217 -0.343596 -3.30202 1.3718 -0.651015 2.12996 0.0507006 -0.269458 -0.489747 -0.377704 1.32744 -13.3856 5.48455 2.35858 0.953499 2.81368 -1.09098 -0.971203 -2.04984 0.101218 0.75087 -1.36406 -1.86196 -0.559816 
4.74877 -0.817724 -0.298494 -0.27601 -0.362262 0.0389932 -0.453298 0.0166435 0.0155819 -0.205898 -0.0415301 0.141862 0.136878 -4.07591 -6.23438 5.58246 1.19908 -1.66729 1.0986 0.517247 0.993587 -1.29118 0.286654 -0.188659 -0.922197 0.638192 -9.22007 3.95704 0.695839 -0.105772 -0.610011 -0.288866 -0.298913 -1.2075 2.34788 1.01229 0.296865 -2.04933 -1.66244 
4.63811 -0.855464 -0.181962 -0.312387 -0.442696 0.10869 -0.429387 -0.0796549 -0.0943209 -0.2269 0.00463984 0.0452544 0.171225 -9.9567 -4.58485 4.98783 1.55786 -0.693665 0.74019 1.24402 0.416006 -1.23577 0.605757 -0.0377682 -1.49423 0.230623 -7.64875 0.73944 0.60827 0.811789 -1.18132 0.217349 0.768942 -0.137968 1.89018 1.07114 1.41635 -1.14844 -1.86929 
4.51189 -0.868516 -0.000903692 -0.216438 -0.554761 0.150145 -0.427419 -0.0587927 -0.00264754 -0.196013 -0.108624 -0.0437125 0.125409 -11.9549 -3.16201 3.5615 1.21516 -0.254504 0.506579 0.242213 0.0564044 -0.630739 1.18979 0.631522 -1.64044 -0.0806087 -5.87239 -1.47567 -1.43254 0.773548 0.177186 -0.0400467 1.90473 0.128168 -0.169314 0.940301 2.40056 0.314376 -0.997163 
4.11901 -0.894174 0.0599371 -0.245724 -0.581221 0.0754375 -0.482752 -0.00109503 0.163041 -0.133861 -0.0762424 -0.0021458 0.0916343 -11.661 -3.13873 2.97258 1.36405 -0.717269 0.34155 0.907023 0.40533 -0.493224 1.10596 0.881504 -1.94382 -0.223353 0.39445 -1.2268 -3.4616 0.174379 1.40841 -0.265055 1.33525 0.175915 -1.88604 -0.00765614 1.63323 0.938554 0.370149 
3.70351 -1.10304 0.13734 -0.192428 -0.535078 0.13339 -0.278642 -0.0418306 -0.0194516 -0.115508 0.0952564 -0.0689313 0.0249794 -6.21229 -2.37616 1.74168 0.355368 -1.66789 -0.14367 1.62716 0.34734 -0.720879 1.11804 1.31933 -1.53671 -0.296437 11.2465 1.67325 -4.15223 -1.56774 0.376131 -1.16767 -0.44138 0.470853 -1.1992 -0.636054 -0.381197 1.06928 1.43851 
3.47016 -1.10499 0.14108 -0.0924194 -0.529222 0.189586 -0.301566 -0.0416187 -0.0793722 -0.126133 0.0597128 -0.12544 0.0883885 1.02468 -1.05998 0.146758 -0.508366 -1.65798 -0.67273 1.34169 0.484134 -0.673317 0.937843 1.23786 -0.638174 -0.0581824 20.1411 3.69249 -3.01902 -3.2019 -1.54216 -1.49012 -0.853228 0.11183 -0.0251501 -0.904639 -1.16293 1.16049 1.08591 
3.42662 -1.15056 -0.00144299 -0.154459 -0.514046 0.119682 -0.363742 -0.0385163 -0.0263913 -0.0177545 0.118793 -0.0581552 0.085349 7.79505 0.756537 -1.68144 -1.81001 -1.9359 -0.841947 1.16212 0.123216 -1.18508 0.541219 1.56701 0.0967977 0.156817 21.4259 5.14754 -1.42877 -3.23479 -2.58542 -0.846205 -0.694426 -0.285912 0.748048 -1.08892 -1.25814 1.03097 0.177831 
3.63576 -1.20347 0.0276559 -0.157022 -0.549319 0.0806158 -0.260434 0.0561264 -0.0634373 -0.135652 0.0663054 -0.0956595 0.117107 12.0702 2.89424 -2.225 -1.73605 -1.82465 -1.12844 1.02494 0.458089 0.0621921 0.0618358 0.995248 0.377187 -0.500201 11.5678 5.13095 -0.577178 -1.51644 -1.17627 -0.237231 -0.714167 -0.438793 2.26028 -0.357817 -0.183459 1.1623 -1.42575 
4.65231 -0.957029 -0.0403035 -0.373006 -0.732626 0.0108254 -0.250359 0.00163527 -0.115325 -0.0858854 0.0943549 -0.0985839 0.124199 13.4728 5.43802 -2.7741 -1.22729 -1.12899 -1.9601 0.657137 1.46747 1.39122 -0.535969 0.568267 0.884964 -1.266 -5.58077 3.17277 0.0400593 2.38941 2.18794 0.118176 0.137935 0.863417 2.58766 -0.665004 0.494155 0.687411 -2.61723 
5.09982 -0.887543 -0.0648866 -0.375895 -0.745001 0.0458344 -0.316644 -0.0333817 -0.0631679 -0.0985779 0.0847116 -0.0290727 0.129758 11.2071 7.45922 -2.2091 0.676868 0.4314 -2.8268 0.946748 0.717891 1.03512 -1.38687 0.382771 0.873085 -2.04039 -17.2729 2.5645 0.706634 5.71722 4.81084 -1.06502 0.611613 0.999872 1.3038 -1.27579 0.00672722 -0.263442 -2.49331 
5.20925 -0.732741 -0.210469 -0.464873 -0.812102 0.0503853 -0.285895 -0.0499429 -0.0853067 -0.0996019 0.161216 0.00806315 0.0792305 8.85023 9.20385 -2.12527 3.2601 1.27689 -4.46474 0.866876 -0.342646 0.3142 -1.63483 0.080435 0.828497 -1.91047 -16.391 1.97367 0.958124 7.28413 4.98765 -3.45955 0.385042 -0.508009 -1.05973 -1.16398 -0.76462 -0.620258 -0.67288 
4.88601 -0.605447 -0.122758 -0.279029 -0.667081 -0.0453286 -0.241885 0.105355 0.242112 -0.127077 0.11671 -0.00367149 -0.104501 4.74505 9.6702 -2.13606 4.8821 2.3615 -5.92553 0.118422 -1.11241 -0.109167 -1.62749 -0.152962 1.03006 -1.84807 -6.08231 1.13437 0.430995 4.95106 2.15302 -4.44393 -0.515086 -2.95908 -4.39528 -0.842532 -1.19205 -0.484404 1.99878 
4.75251 -0.406089 -0.230659 -0.149369 -0.515983 -0.137106 -0.183989 0.242896 0.116632 -0.217138 0.168762 0.0112271 -0.146956 -0.367218 8.84778 -1.74694 6.11208 3.24754 -6.51832 -0.285971 -1.50435 -0.641654 -1.82645 -0.671808 0.783325 -1.30843 3.4248 -0.556204 0.168975 0.580793 -1.34444 -3.17012 -1.87214 -4.15937 -3.71671 0.577889 -1.30808 -0.107856 3.20217 
4.51316 -0.153627 -0.121533 0.15695 -0.341169 -0.271441 -0.200083 -0.0849252 -0.0881401 -0.324172 0.076011 -0.0318617 -0.125435 -1.79607 7.91997 -1.19055 5.64453 3.0892 -6.32399 -0.726537 -2.08227 -1.42122 -1.54073 -0.948992 0.221323 -0.527326 5.68902 -3.41614 -0.0912566 -4.02125 -3.1868 0.621968 -2.245 -1.44247 -0.66318 1.5708 -0.517477 0.0837802 2.57257 
4.98448 0.0170186 -0.311224 0.289051 -0.478736 -0.635704 -0.24416 -0.173704 -0.121613 -0.21232 0.0864191 0.0398648 -0.0162198 -1.50814 6.46691 -0.712677 4.56936 2.56197 -5.17872 -1.51365 -2.57606 -1.57596 -1.28803 -1.41849 -0.122291 0.605258 0.294287 -4.75005 0.92965 -6.08054 -2.21175 5.31976 -1.45229 1.13287 1.87347 1.01998 -0.0688213 -0.691572 0.90195 
4.98041 0.0349201 -0.269797 0.221663 -0.425307 -0.71036 -0.319234 -0.13791 -0.124012 -0.305518 0.0364808 0.0586227 -0.055452 -0.923597 5.00032 -0.686495 2.14089 1.69391 -3.64467 -2.01823 -3.11828 -1.35246 -0.762805 -1.78942 -0.153965 1.48595 -4.15493 -3.88698 1.31603 -4.8691 -0.54044 6.54299 -0.200611 2.01126 3.47249 0.792825 -0.175436 -1.03265 -0.0446852 
4.85566 0.0752345 -0.273285 0.22089 -0.408672 -0.652036 -0.351227 -0.186604 -0.12939 -0.281659 0.0101495 0.0226226 -0.0110436 -1.81935 3.30422 -0.189481 0.00426238 1.13735 -1.87321 -1.90085 -2.91143 0.183725 0.343 -1.80168 -0.516988 1.49409 -4.96314 -2.07928 0.85311 -3.00018 0.659907 4.58571 0.944401 1.28678 2.6382 0.74921 -0.0788725 -0.788117 -0.390735 
4.8108 0.0605077 -0.221752 0.160964 -0.405471 -0.551183 -0.395562 -0.225669 -0.142786 -0.259202 0.021464 -0.022968 0.00842321 -3.38423 1.51898 0.363983 -2.50389 1.23899 0.459401 -1.43176 -1.27058 1.14581 1.27665 -1.1491 -0.477794 1.34415 -3.8502 -0.797359 0.723199 -1.5938 1.18619 1.69422 1.55193 0.267162 1.28303 1.32781 0.163904 -0.00601131 -0.289788 
4.72023 0.0967209 -0.256014 0.146164 -0.400437 -0.497709 -0.435645 -0.217692 -0.0586446 -0.294918 -0.0327839 -0.036356 0.0603993 -5.00407 -0.456844 1.00594 -3.05883 1.87482 2.64268 -0.485734 -0.497551 1.71621 1.45257 -1.47797 -0.467674 1.22575 -0.259752 -1.81165 0.328307 -0.905018 0.709396 0.108055 1.96542 0.799352 0.136329 1.93675 0.48498 0.85823 -0.119684 
4.56269 0.145903 -0.234741 0.0495783 -0.315627 -0.542091 -0.433195 -0.255178 0.0647208 -0.274593 -0.133145 -0.0066117 0.0432467 -4.05771 -2.5581 -0.0086844 -2.98429 2.36474 3.59337 0.663223 0.187515 1.76902 2.12556 -1.45286 -0.39032 1.06536 2.42253 -4.31028 -0.550586 -0.108027 0.704774 1.23448 2.03955 1.94678 -1.01039 1.23772 0.538584 0.775529 -0.230904 
4.43504 0.149071 -0.23274 0.0188435 -0.294911 -0.511213 -0.369544 -0.313339 0.0211271 -0.138852 -0.0614362 -0.0784492 0.0457778 -2.45012 -4.96332 -1.36664 -3.89386 2.2264 2.87711 1.44041 1.29258 1.36203 2.07199 -0.541217 0.467379 0.742417 4.63254 -6.15823 -2.48093 -0.152281 0.105449 1.05099 1.56084 2.69402 -1.18978 -0.26428 0.641872 1.20022 -0.258711 
4.32189 0.0662161 -0.111246 -0.161643 -0.226189 -0.372675 -0.385899 -0.231439 -0.020795 -0.0722579 -0.00482607 -0.015213 0.0968947 -0.175291 -6.39651 -2.43918 -4.43051 1.35417 1.79347 0.985784 1.36482 1.23083 2.19405 0.379319 1.24675 0.547667 6.07982 -5.22251 -4.07806 -0.378826 -1.42292 -1.16571 -0.0669631 1.39261 -0.563469 -1.19458 1.26398 1.2055 -0.605965 
4.49968 -0.178932 -0.195677 -0.0593076 -0.238713 -0.300982 -0.297028 -0.1572 0.102891 -0.0916776 -0.177648 0.0247699 0.138841 2.13632 -7.4912 -3.25168 -4.58313 0.341702 0.937145 0.36257 1.26201 0.531337 2.80249 1.3731 1.14762 0.0969745 4.66626 -1.48473 -3.38852 -1.38418 -2.65039 -3.51768 -2.29843 -0.671932 -0.597382 -0.444396 2.65324 0.583272 -0.936723 
4.54872 -0.429923 -0.391245 -0.121129 -0.0776137 -0.161187 -0.215435 -0.0862876 0.0630933 -0.0491034 -0.165579 -0.033922 0.0578933 4.12231 -7.69625 -4.19409 -4.72616 -0.416691 0.664623 -0.0518415 0.77932 -0.237275 2.82142 1.66625 0.641946 0.418389 2.65922 2.67946 -0.857946 -1.36109 -3.21069 -4.04133 -3.19048 -2.78474 -0.627358 0.732799 2.09337 -0.465503 -0.105541 
4.61017 -0.640025 -0.548865 -0.385464 -0.201186 -0.365974 -0.207353 -0.00417544 -0.0026801 -0.0734389 0.0554796 0.11927 0.0848253 4.59688 -6.77845 -4.45555 -4.44915 -0.987089 0.256986 -0.304014 0.435668 -0.379066 1.77395 1.19631 0.622375 0.543626 -0.0655556 5.10211 1.60713 0.696599 -1.58885 -0.876559 -1.80952 -3.10982 -0.803741 0.773317 -0.479295 -1.99887 0.63524 
4.84035 -0.616147 -0.542921 -0.443052 -0.349422 -0.444626 -0.447344 -0.168082 0.103321 -0.00133762 0.0953659 0.159851 0.0964314 3.9286 -5.20852 -4.64351 -3.7933 -1.18745 0.266881 0.0375002 -0.395755 -0.401951 1.53979 1.26603 -0.15408 -0.178414 -3.21727 4.31145 2.08109 1.95999 1.02931 2.60527 1.66437 -1.04687 -0.858046 -0.582025 -2.28469 -2.23458 0.34833 
4.9018 -0.685959 -0.609736 -0.438121 -0.373671 -0.462013 -0.458102 -0.15838 0.0361711 0.162267 0.120839 0.0315191 0.034981 2.01273 -3.21508 -3.4842 -3.4758 -1.29906 0.795576 0.405709 -1.17922 -1.1895 1.3717 1.28029 -0.832218 -0.165349 -4.6973 2.56316 1.68196 2.58162 2.03122 4.04371 3.7773 0.238723 -0.337358 -2.26967 -2.74339 -1.19649 -0.0658302 
4.95635 -0.695432 -0.696383 -0.566994 -0.308494 -0.360612 -0.371433 -0.246502 -0.041546 0.164902 0.0383337 -0.0397585 0.169677 0.720369 -1.28004 -2.09216 -2.16774 -1.58604 0.715416 0.504416 -0.7233 -0.695667 0.509258 0.330002 -0.814768 0.138269 -4.62399 1.32747 1.46886 2.42196 1.20378 2.08503 2.72994 1.79133 0.443192 -2.48697 -1.07249 0.26702 -1.05927 
4.83445 -0.674236 -0.662825 -0.519542 -0.344523 -0.304639 -0.317882 -0.172087 -0.034773 -0.0121482 -0.00920681 0.0437359 0.169393 -1.08303 -0.145953 -1.27241 -0.810972 -0.772829 0.954669 0.334328 -0.496162 -0.463471 0.0407978 -0.428874 -0.886126 0.517665 -2.68263 0.885854 1.21099 1.25846 -0.211152 -1.62954 -0.557031 1.49109 0.83896 -0.99009 0.666571 1.28451 -0.137762 
4.77624 -0.720198 -0.753976 -0.528695 -0.285133 -0.17949 -0.220196 -0.200555 0.024572 0.0871122 0.0670536 -0.0431013 -0.0140537 -2.89048 0.578495 -0.73558 0.127725 0.119034 0.85441 1.13419 0.125518 -0.543132 -0.277138 -0.738419 -0.689529 0.0724225 -0.841894 1.62587 1.5683 1.26424 -0.568422 -3.71012 -2.99536 0.648313 0.803176 0.183069 0.345452 1.48327 0.888598 
4.69108 -0.728068 -0.699332 -0.524559 -0.346403 -0.140031 -0.155742 -0.262745 -0.11333 0.0768807 0.0145526 -0.0887305 0.0908685 -3.87808 1.91969 1.17108 2.2813 1.32198 0.653768 0.38165 0.413916 -0.273502 -1.26554 -1.27157 -0.259272 -0.105224 -0.359941 2.26547 2.14683 2.68565 1.58265 -2.81791 -3.05945 0.376036 0.521217 0.382463 -0.487341 0.678819 0.257476 
4.71702 -0.634807 -0.682636 -0.495567 -0.404643 -0.323701 -0.276667 -0.0535224 0.0292744 -0.0351495 -0.00571567 0.0168087 0.109568 -3.46329 4.47514 2.78186 2.66667 1.52758 0.0395007 -0.664393 0.0174331 -0.091851 -1.00996 -0.906504 -0.459338 -0.954268 0.0953999 3.89281 3.05697 2.38819 2.98582 0.34711 -1.18634 -1.4974 -0.571594 0.273384 -0.928191 -0.862874 -0.896332 
4.5823 -0.635272 -0.702986 -0.515177 -0.372452 -0.424272 -0.440768 -0.17344 -0.00479208 0.0242603 0.0700353 0.0659811 0.222378 -2.33944 6.69443 3.67835 2.02933 2.07355 -1.22735 -1.38064 -0.462506 -0.426799 -0.565075 -0.9181 -0.52602 -1.28175 1.46986 5.41551 3.40959 0.835237 2.4425 1.43851 0.589076 -1.31312 -0.805803 -0.43069 -0.858659 -1.33969 -2.52318 
4.51287 -0.526393 -0.654625 -0.387788 -0.272034 -0.318937 -0.264716 -0.199233 -0.0175107 0.110652 -0.0350516 -0.0335447 0.023675 -1.22372 8.3493 4.11856 1.31306 2.53114 -2.64016 -1.83473 -0.695536 -0.420274 -0.547265 -1.09185 0.00330375 -1.43642 3.09674 4.74355 1.53928 -2.66175 0.638195 -0.635562 0.275679 -1.1009 -0.460482 -0.0930155 0.45683 -0.369132 -1.84836 
4.40577 -0.373647 -0.34604 -0.0126651 -0.0266783 -0.233958 -0.367167 -0.126435 -0.066397 -0.101069 -0.163444 -0.0640593 0.0607786 -0.108868 8.93991 3.68711 0.638284 2.88618 -3.65494 -1.60224 -0.854348 -0.00702027 0.183471 -0.916612 0.0300103 -2.10287 3.79545 1.74789 -1.98549 -5.56022 -1.85416 -3.84479 0.380341 -0.523389 0.290182 1.46964 1.27958 1.0096 -0.447552 
4.57092 0.0778089 -0.287269 -0.353283 -0.165021 -0.262963 -0.407051 -0.29937 -0.0468838 -0.0195125 -0.0354327 -0.117203 -0.0391708 0.963551 8.35718 3.05679 0.300096 2.11049 -3.9645 -0.717172 -1.05828 -0.0706697 0.476612 -0.642576 -0.02773 -2.09934 2.42988 -3.36434 -4.01397 -2.69587 -2.29636 -4.77589 0.483432 1.3295 1.27061 1.36913 0.845191 1.9675 1.12208 
4.59727 0.196553 -0.276916 -0.426661 -0.109235 -0.503099 -0.420177 -0.245329 -0.0996509 -0.0209239 -0.0655349 -0.0319403 -0.0956875 2.07875 7.46236 1.72944 0.388177 0.493871 -4.52966 -0.283286 -0.271368 0.75741 0.064287 -0.292256 0.293421 -1.64655 0.643145 -5.91893 -4.26026 1.29583 -2.84986 -1.83746 0.862114 1.35476 1.76525 0.672333 0.706478 1.03632 2.16487 
4.65785 0.251948 -0.328068 -0.470622 -0.0364793 -0.645176 -0.433761 -0.276328 -0.0372753 0.0471632 -0.0726138 0.0146478 -0.118471 2.53541 5.46654 0.250746 0.453801 -1.50707 -5.22853 -0.516707 0.395262 1.02111 -0.113677 0.710855 0.896274 -0.68034 -0.614571 -5.56278 -2.52868 4.48992 -3.47902 1.68829 1.22093 1.7622 1.08081 -1.03293 0.614501 -0.180488 1.7825 
4.68624 0.274879 -0.348354 -0.436581 -0.0593425 -0.787241 -0.413193 -0.248249 -0.0104 0.116147 -0.0965463 -0.00973204 -0.0890748 2.30548 3.10238 -1.30383 1.16761 -3.19616 -5.20599 0.30115 0.973947 1.08638 0.0052918 1.44029 1.04153 -0.492955 -1.28071 -3.50195 -0.582041 4.85246 -3.25779 3.41079 0.589865 1.49657 -0.103102 -2.45196 1.17242 -0.494687 0.989782 
4.75958 0.240155 -0.364972 -0.334574 -0.208991 -0.812195 -0.378866 -0.193714 0.0340087 0.0267963 -0.0471196 0.0345351 -0.0714878 1.14401 0.707079 -1.65329 3.85173 -3.53589 -4.43564 0.741906 1.96378 0.920662 -0.91341 1.42312 0.986609 0.0978051 -1.60201 -1.21145 0.190255 2.46577 -1.96261 2.50336 0.30862 0.683246 -1.17315 -1.62906 1.37182 -0.584059 -0.162174 
4.75498 0.28761 -0.47651 -0.216751 -0.31207 -0.814548 -0.396286 -0.190275 0.11552 -0.0220534 -0.0181309 0.0281504 -0.0231352 0.628305 -0.279539 -1.4723 5.04691 -4.53103 -2.68045 0.859557 1.98603 0.797683 -1.59106 1.88029 0.669682 0.152632 -1.6444 -0.941482 0.984329 0.954973 0.0127578 1.15884 0.278142 0.393725 -1.73007 -0.810616 0.653105 -0.0899929 -0.892218 
4.76824 0.243546 -0.437375 -0.128149 -0.425246 -0.844975 -0.387892 -0.104635 0.0385705 -0.0344513 0.0472738 0.0399456 -0.0689695 0.0438519 -0.930925 -0.910844 5.25594 -4.70935 -1.62771 1.10658 2.10906 -0.0378759 -1.90354 2.0265 0.514793 0.0505099 -1.18275 -0.806393 1.01118 -0.416244 1.46366 0.763707 0.317049 -0.420206 -1.10789 0.144364 -0.284816 -0.00403538 -0.575128 
4.72986 0.235065 -0.450395 -0.028582 -0.486003 -0.901468 -0.331918 -0.07718 0.015701 -0.0828857 0.104524 0.043445 -0.0881331 -0.373505 -1.31444 -0.391241 4.56348 -4.07367 -0.790633 1.21214 1.52874 -0.382332 -1.80237 2.03301 0.445063 -0.241597 -0.345762 -0.829256 1.11184 -1.70143 1.75312 1.13743 0.190494 -1.10092 -0.381646 0.865057 -0.872942 -0.131498 -0.111784 
4.6851 0.226713 -0.483789 0.0848949 -0.508852 -0.966369 -0.31493 -0.034876 0.0273648 -0.126036 0.113256 0.0507909 -0.0616212 -0.545918 -1.41406 -0.222266 2.94313 -2.51262 -0.0668509 0.957936 0.375511 -0.447236 -0.562367 1.61341 -0.150339 -0.234394 0.520462 -0.565497 0.712478 -3.24198 1.9933 1.92805 -0.181368 -2.13058 0.299137 1.76675 -0.873224 -0.610589 0.195359 
4.70994 0.164654 -0.459079 0.162823 -0.62032 -0.867008 -0.332792 -0.0377137 0.0370989 -0.173961 0.141001 0.0804318 -0.101268 -0.786825 -1.50356 0.402036 1.09753 -1.71107 0.19441 0.823606 0.0666803 -0.629205 0.0194387 1.46611 0.0390438 -0.110737 0.225367 0.276449 0.237771 -4.31734 2.20236 1.189 -0.526094 -1.99722 0.475566 2.22372 -0.524788 -0.693264 0.623695 
4.69456 0.121743 -0.419855 0.137034 -0.59967 -0.893461 -0.265477 -0.0146566 -0.0540917 -0.119516 0.144999 0.0637715 -0.0853831 -0.219387 -1.86688 0.991929 -0.832827 -1.26436 1.59989 -0.59566 0.491841 -0.419581 0.857313 1.15472 -0.400188 0.763837 0.48974 0.195406 0.576118 -4.28019 1.20012 1.42215 -2.07599 -0.111757 0.429965 1.89518 -0.0569965 -0.623913 1.09154 
4.68494 0.100764 -0.402113 0.107536 -0.609725 -0.867372 -0.245188 -0.0940763 0.00210451 -0.125862 0.171555 0.0507543 -0.101823 0.18399 -1.93341 1.30207 -2.62833 -0.676682 2.31979 -1.58127 0.508147 -0.234627 1.28334 0.844761 -0.301332 1.32064 0.600075 -0.0318013 0.757045 -3.25898 0.31549 1.24322 -2.9029 1.86036 0.0758838 0.793556 -0.0428571 0.0151669 1.58659 
4.71746 0.105277 -0.482924 -0.0224485 -0.493113 -0.773662 -0.313695 -0.226841 0.0482432 0.0293619 0.155987 -0.0411622 -0.0595797 -0.0816765 -1.68878 1.9793 -4.70181 0.136009 2.49495 -1.66277 -0.464591 0.347987 1.57669 0.319091 0.182739 1.21654 0.0914688 -0.211975 1.51769 -2.13238 -0.204931 0.553018 -1.87536 1.76252 0.336124 -0.76441 -0.57724 1.24554 0.891028 
4.61646 0.108813 -0.381963 -0.102738 -0.60437 -0.854705 -0.301761 -0.0785572 -0.0218732 -0.0451958 0.225411 0.0918424 -0.0450762 -0.762836 -1.28334 2.48429 -6.00049 0.725351 2.26906 -1.46932 -1.35832 0.923617 2.07977 -0.460195 0.333597 1.20004 -0.552662 0.0690598 1.34933 -1.48937 0.669348 0.209524 0.263282 -1.48131 1.24245 -0.436828 -1.69496 1.09249 -0.428197 
4.78852 -0.0517951 -0.255391 -0.213245 -0.66308 -0.576338 -0.581944 0.129431 -0.0398348 0.0618855 0.216284 -0.0430036 0.0888153 -1.86997 -0.85943 2.94783 -6.08621 1.2991 2.61836 -1.02447 -2.20139 0.96563 1.57289 -1.6922 0.535985 1.01117 -2.8748 1.3605 0.686005 -0.488745 2.04325 -1.30422 3.5992 -4.79446 1.11248 -0.501822 -2.7442 1.0731 -1.78021 
4.73931 -0.00736996 -0.318967 -0.289409 -0.574116 -0.650145 -0.530438 9.43216e-05 0.0113462 -0.00459324 0.193492 0.0589859 0.0946519 -1.99762 -0.524191 2.56945 -5.77374 1.77708 2.15517 -0.313877 -2.46256 0.711236 1.79818 -2.4886 0.449217 0.809965 -2.64405 1.51212 -0.260526 0.809102 1.89693 -1.09375 3.79214 -4.20976 0.22743 0.450443 -2.62317 -0.410637 -1.71852 
4.61279 0.0182914 -0.181317 -0.523676 -0.479136 -0.667007 -0.410012 -0.255303 0.132542 0.0302428 0.104554 0.155676 -0.00571289 -3.17358 -0.267948 2.12991 -4.17871 1.2793 1.18837 0.567481 -2.61279 0.551971 1.6557 -2.73683 -0.0331627 0.667906 -1.60025 0.947346 -1.98735 3.31688 0.165021 -1.03885 1.78845 -0.343303 -1.38334 0.816479 -1.00538 -2.0908 -0.0939235 
4.5356 0.0147433 -0.115367 -0.595596 -0.504695 -0.627527 -0.382033 -0.332962 0.145427 0.164899 0.0302433 0.0912475 0.00365245 -3.94462 0.421711 1.79742 -3.28357 1.25943 0.594256 1.07456 -3.12207 0.325906 1.44273 -2.67466 -0.437084 0.0252458 -0.562593 0.472884 -1.9716 4.03107 -1.78417 -1.42276 -0.383848 3.24758 -2.10873 -0.464804 1.34037 -1.68422 0.484262 
4.36069 0.0439394 -0.0645088 -0.559889 -0.36822 -0.523222 -0.313633 -0.391271 0.02937 0.0450468 -0.138371 0.0771931 0.0264381 -4.18456 0.725513 0.787883 -2.25995 1.16733 -0.936485 1.9632 -1.9505 0.211445 0.862402 -2.31467 0.252311 -0.333196 1.18745 -0.309684 -1.73913 2.71799 -2.62764 -1.92847 -1.74803 5.06528 -0.758881 -0.72962 2.93671 -0.277096 0.443043 
4.53747 0.0452327 -0.225379 -0.608783 -0.354948 -0.60733 -0.326551 -0.363008 0.0673242 0.214783 -0.104311 0.0249198 0.0354222 -3.39981 0.223171 -0.291974 -0.486824 0.435498 -0.827018 1.10734 0.502046 0.149591 0.248821 -0.975037 -0.0106202 -0.0866039 0.843098 -0.508205 -1.12519 1.69296 -1.63391 -1.57347 -1.25267 4.35165 0.68777 -2.42029 3.11028 1.80783 -0.23552 
4.24814 0.0325797 -0.214225 -0.437723 -0.525139 -0.694314 -0.324489 -0.323085 0.0512154 0.21435 -0.0627898 -0.0674247 0.100962 -1.95746 -0.451809 -1.52164 1.32478 0.0201507 -1.89855 0.289842 2.46784 -0.0294579 -0.860253 0.15472 0.37939 0.245304 2.65393 -1.14601 -1.09382 0.625192 0.47709 -0.976806 -0.700409 2.81921 1.54079 -2.66041 2.0297 2.85548 -0.676013 
4.19953 0.118247 -0.039478 -0.586532 -0.530282 -0.675013 -0.35225 -0.304144 -0.0108804 0.087748 -0.0243166 0.0375408 -0.0262973 -1.66013 -0.502744 -1.55553 2.74464 -0.521905 -2.93356 -0.261944 3.68399 0.00122082 -2.12258 1.15573 1.01745 -0.054513 2.48022 -1.41105 -1.43254 2.44811 0.788195 -0.923956 -0.590107 1.64604 1.03297 -1.93932 0.902667 1.44267 0.0529274 
4.32907 0.0206043 -0.22408 -0.595069 -0.418557 -0.783204 -0.281417 -0.0886118 0.0898852 0.103705 -0.0817163 0.16429 0.0349484 -1.16754 -0.560503 -0.997101 3.15507 -1.33508 -3.17333 0.165975 3.7417 -0.131256 -2.61252 1.99967 1.10657 -0.552597 0.631275 -0.240639 0.548219 2.9589 -0.387992 -0.361843 0.0376289 -0.821815 -0.979516 -1.49489 0.416833 -0.650333 -0.30113 
4.29832 -0.00222363 -0.360404 -0.392643 -0.458653 -0.703236 -0.362228 -0.0308679 0.153429 -0.0012353 0.0978205 0.112878 0.038849 -0.487804 -0.607832 -0.699466 3.81428 -1.19006 -3.01429 0.999185 3.34782 -0.760024 -3.23805 1.9764 1.09017 -0.677938 0.208078 0.741796 1.9339 1.42666 -1.31127 -0.615137 1.54701 -2.1064 -2.32346 0.213072 -0.275791 -1.68485 -0.523266 
4.40168 -0.0885215 -0.34464 -0.332669 -0.439628 -0.937952 -0.362089 -0.0309585 0.108469 -0.0577903 0.0442258 0.187597 0.0403904 0.589134 -0.743273 -0.407129 4.34505 -0.940164 -2.65037 1.83987 2.09063 -1.31774 -2.6036 1.68587 0.608157 -0.677182 -0.710756 1.18986 2.43673 0.312022 -1.5124 1.00722 2.72523 -2.91213 -2.45528 1.41409 -0.376881 -2.19993 -0.393862 
4.18917 0.0151248 -0.224174 -0.148585 -0.556409 -0.979695 -0.404107 0.0931127 0.0336875 -0.152948 0.0858932 0.160899 -0.00565015 0.63364 -0.974642 -0.435803 5.15992 -0.681168 -1.67054 2.99543 0.760328 -2.22924 -2.06375 1.21761 -0.342039 -0.580472 1.08126 0.0992023 0.858526 -1.16285 0.670827 2.52489 3.2756 -3.30875 -1.70532 1.98903 -0.9574 -1.29766 -0.151071 
4.22856 0.0170626 -0.169249 -0.217269 -0.611556 -0.908406 -0.192678 -0.0123181 -0.0479207 -0.173968 0.134851 0.105505 -0.066908 -0.607281 -1.00631 0.739589 5.2607 -0.0776116 0.154987 4.18671 -0.125822 -3.06263 -2.41168 0.333207 -1.40419 -0.749135 0.425907 -1.29059 -0.76856 -0.0834957 2.82712 3.39343 2.2416 -1.44604 -0.307614 1.04979 -1.92466 -0.770085 0.639246 
4.41723 -0.0162452 -0.31149 -0.105128 -0.569319 -1.0093 -0.129517 0.0278291 -0.0752598 -0.14277 0.154969 0.100259 -0.0198442 -0.809422 -1.18708 0.996159 4.43738 1.20168 2.25369 5.1579 -0.556076 -3.52953 -1.94911 -0.116441 -1.60154 -0.737557 -1.68357 -1.48054 -0.409611 0.168027 3.47269 4.97366 0.85743 -0.252247 0.132182 -0.601916 -1.43225 -0.623686 0.341104 
4.3097 -0.0549362 -0.173472 0.0375724 -0.609964 -0.974472 -0.065472 -0.11855 -0.131097 -0.0868974 0.118912 0.0549626 -0.0111209 -1.13371 -1.21734 0.560005 3.99587 1.97332 4.47293 4.78502 -1.08518 -3.21798 -1.5344 0.0411574 -1.86509 -0.362077 -1.96194 -0.718294 -0.366086 -0.726399 2.90234 4.38801 -0.855493 0.935455 0.435294 -1.29137 -0.468269 -0.0443956 0.261707 
4.3563 -0.0881437 -0.25469 0.0563602 -0.458703 -0.803548 0.0759415 -0.125617 -0.249012 -0.185425 0.0783832 0.0608588 -0.0806921 -0.783161 -1.49151 -0.494318 2.51284 2.6278 5.16386 4.07508 -0.870604 -2.51347 -0.791041 -0.651501 -2.0068 -0.121548 -1.54802 0.64383 -0.42946 -2.09395 0.311323 2.13418 -2.66633 1.3367 1.22672 0.223941 0.478615 -0.124414 0.373226 
4.12275 -0.175483 -0.182224 0.187367 -0.349526 -0.643561 0.219677 0.0111112 -0.226923 -0.349064 -0.0384487 -0.0662658 -0.0333754 -1.45913 -1.39043 -1.57387 1.42958 2.56744 5.37144 2.6423 0.0686275 -1.66091 -0.0431335 -0.478448 -1.55847 0.0364926 0.925346 1.31891 -2.09669 -3.9662 -1.91086 -0.893713 -3.48882 0.557149 1.66894 2.82025 1.35913 0.704358 0.191134 
4.20132 -0.164139 -0.216864 0.160491 -0.27506 -0.432163 0.219097 -0.0655162 -0.315266 -0.275587 0.138456 -0.0344534 -0.0666418 -2.06537 -1.20312 -2.17769 -0.569839 1.74431 5.67757 0.887387 1.01649 -0.528651 0.0572511 0.232849 -1.30431 -0.510726 1.19659 0.859785 -3.00334 -4.15115 -3.08319 -3.24719 -3.77734 1.47073 2.58306 2.90391 0.815032 0.890352 -0.179531 
4.17728 -0.144162 -0.217834 0.191802 -0.315979 -0.41423 0.10922 -0.156636 -0.301371 -0.251198 0.120889 -0.0364267 -0.00593934 -1.81225 -1.31895 -3.5614 -2.28101 0.529601 4.04323 -0.463714 2.4049 0.619319 0.452632 0.321589 -0.763032 -0.289313 0.174538 -0.333636 -2.69029 -3.5531 -3.02529 -3.62865 -2.46821 2.50212 2.51727 1.44121 0.260834 1.02621 -0.628049 
4.18653 -0.13275 -0.35644 0.00256425 -0.33338 -0.430661 0.142645 -0.00204261 -0.260633 -0.160836 -0.0189144 -0.136689 -0.0528011 -1.96019 -1.16437 -4.16539 -3.54869 -0.586719 1.85229 -2.51306 2.16464 1.71611 1.19845 0.871936 -0.175598 -0.479212 -0.806151 -1.02325 -1.43939 -1.74085 -1.64828 -3.16892 -2.11463 1.47543 1.83375 -0.827534 0.66247 1.44017 -0.703389 
4.14176 -0.179555 -0.51628 -0.0437902 -0.339555 -0.372495 0.14064 0.0312603 -0.222419 -0.066512 0.129644 -0.0368791 -0.0391705 -1.98039 -0.896652 -4.32227 -4.15195 -0.836383 0.912703 -3.35892 1.82719 2.1387 1.28549 1.11322 0.629396 -0.498751 -1.58396 -0.597658 0.913765 0.185009 0.0162828 -2.11328 -1.46048 -0.236227 0.843519 -2.12295 -0.0369714 0.891368 -0.0807776 
4.09809 -0.209087 -0.539028 -0.160776 -0.407096 -0.285172 -0.0679911 0.149743 -0.114509 -0.180508 0.213946 -0.0656231 -0.147293 -2.89657 -0.93069 -3.79628 -3.76782 -0.168701 0.178658 -3.3 2.48862 2.20858 0.151147 0.246006 1.00579 -0.207645 -1.22141 0.497087 2.13604 1.73518 2.118 -0.851661 0.0576179 -1.94578 -0.925937 -1.60538 -0.659282 1.01697 0.914487 
4.04448 -0.299777 -0.648645 -0.214767 -0.506675 -0.488355 -0.0148192 0.250211 -0.0930551 -0.147391 0.0529329 -0.0300684 -0.0340611 -3.38955 -0.878843 -2.89059 -2.9137 0.989186 0.221059 -3.08607 2.28052 1.86215 -0.618762 0.104524 1.38648 0.00153193 -0.958244 1.39551 2.96493 2.69121 3.5978 1.18721 0.751513 -2.11323 -1.62721 -1.38466 -0.888531 0.54419 1.0306 
3.98545 -0.254695 -0.710528 -0.309679 -0.41561 -0.540809 -0.240762 0.0816144 -0.0405021 -0.130778 0.187897 0.00550919 -0.151347 -3.57419 -0.466267 -1.66315 -2.22192 1.41373 0.900212 -2.86148 0.945776 0.957076 -1.46511 -0.218309 1.6972 0.613703 -0.240108 1.19977 2.48535 2.06236 2.58447 2.53085 2.25595 -0.610759 -2.1117 -1.07689 -1.76271 -0.0174907 1.39648 
3.87807 -0.234838 -0.631491 -0.253873 -0.339433 -0.33321 -0.160479 0.116192 -0.039011 -0.183285 0.17854 0.0401657 -0.05685 -3.3474 0.299997 -0.457738 -1.87315 1.83214 1.57192 -1.93572 0.497736 0.97732 -1.54819 -1.05302 1.13801 0.636627 0.734268 0.846696 1.34724 0.544887 0.368963 2.06002 1.88869 -0.240013 -0.95406 -0.19079 -1.11385 -0.543351 0.413217 
3.82645 -0.237777 -0.645555 -0.248342 -0.21675 -0.364225 -0.173061 0.255452 -0.102298 -0.283544 0.0724917 0.0867475 -0.0323742 -3.0513 0.962151 0.446284 -1.07493 2.65794 1.86652 -1.10632 -0.395477 0.202179 -1.50956 -1.77721 0.955625 0.895867 1.28879 0.79938 0.989249 -0.509174 -1.40094 1.07826 0.949702 -0.98834 0.193135 0.408882 -0.673626 -1.24051 -0.505852 
3.75996 -0.246059 -0.623166 -0.206176 -0.154087 -0.364526 -0.231766 0.19494 -0.0647912 -0.267903 0.0605302 0.0863092 -0.0110232 -2.91076 1.11377 1.16787 -0.793536 2.48514 2.24477 -1.24045 -0.966045 -0.384893 -1.60676 -1.66358 0.606389 1.07847 1.07708 0.439045 0.562457 -0.669042 -1.88684 -0.749865 0.238835 -1.32837 0.0536601 0.745643 -0.444016 -1.09125 -0.313301 
3.75676 -0.201329 -0.643088 -0.377566 -0.256031 -0.210845 -0.20447 0.0922919 -0.159201 -0.315579 0.0176693 0.101476 0.0277519 -2.90144 0.60534 0.944495 -0.875098 1.77769 1.7648 -0.532984 -0.240014 -0.266496 -0.769409 -1.93436 0.21927 1.68029 -0.0474844 -0.404257 0.09533 0.320132 -0.547876 -2.13229 -0.690954 -0.486122 0.272266 1.31332 0.529945 -0.669909 0.115958 
3.74292 -0.141463 -0.581652 -0.369115 -0.220829 -0.141321 -0.149381 0.182959 0.0567474 -0.253809 0.038649 0.0437997 -0.0525598 -2.79821 0.345783 0.575931 -1.42906 0.848275 0.860431 -0.703137 -1.09367 -0.330634 0.24686 -1.03983 0.209662 1.02516 -1.02199 -1.40669 -0.648036 0.398294 -0.408191 -2.1846 -0.48573 -0.112901 -0.954873 1.45429 1.19992 0.344498 0.833569 
3.70531 -0.111163 -0.513503 -0.29173 -0.0831205 -0.235971 -0.243973 0.0762872 -0.110521 -0.36453 -0.105027 0.0583629 -0.0104588 -2.87867 0.0983333 0.349562 -1.71814 0.0528773 0.746041 -0.580611 -1.73047 -0.148643 0.657063 -0.439123 0.27615 0.798947 -1.05112 -1.64714 -1.52993 -0.619479 -1.19002 -1.09931 0.29499 0.342186 -0.207882 1.64274 1.95362 0.853662 0.120874 
3.61189 -0.184783 -0.529981 -0.336686 -0.184239 -0.290082 -0.320219 0.0201013 -0.170417 -0.330496 -0.0596174 0.0763896 0.112714 -3.23394 -0.228646 0.549855 -1.46184 -0.353114 -0.0151823 -0.595619 -1.58028 -0.467854 0.592744 0.148032 0.294219 0.528976 -0.520916 -0.70761 -0.737747 -0.638707 -1.27171 0.0517522 0.776535 -0.199881 0.316501 0.663446 1.80887 0.604344 -1.29206 
3.52455 -0.230357 -0.626941 -0.403916 -0.137713 -0.251882 -0.239343 0.186256 -0.0348442 -0.175752 -0.0228466 0.0579784 0.140978 -3.52931 -0.735148 0.559842 -0.892033 0.0226828 -0.316422 -0.321136 -1.67829 -0.893423 0.672332 0.0495098 0.249502 0.664315 0.191231 0.212342 0.694022 0.00151184 -0.844633 0.760982 0.738924 -1.29678 -0.643705 -1.18958 0.232092 0.0383615 -1.36167 
3.49184 -0.207137 -0.580457 -0.450663 -0.214794 -0.2333 -0.23245 -0.0139093 -0.131617 -0.15888 0.080833 0.129896 0.0171096 -3.52309 -0.999172 0.417503 -0.641011 0.0509372 -0.652143 -0.890366 -2.5005 -1.56401 0.397998 -0.379461 0.270555 0.944514 0.395713 0.352001 1.28651 1.50252 0.950159 0.00427783 -0.309684 -0.788451 -0.587204 -1.77893 -1.8415 -0.911924 0.0442861 
3.45674 -0.217041 -0.611187 -0.489444 -0.226307 -0.218425 -0.257555 -0.0267952 -0.0947269 -0.251788 -0.00769162 0.136696 0.0483315 -3.14317 -0.93899 0.331713 -0.466148 -0.135469 -0.657117 -0.428562 -1.80463 -0.645141 0.854823 -0.0657918 -0.0601005 0.209049 0.548035 0.123934 0.909055 2.04954 1.71686 -1.0393 -0.798357 -0.112311 -0.697818 -0.61856 -1.99647 -1.09869 0.658734 
3.34722 -0.2288 -0.481865 -0.418907 -0.254028 -0.312669 -0.300481 -0.0398726 -0.154848 -0.26222 0.0749218 0.0904968 0.0330923 -2.50026 -0.600153 0.535678 0.110193 0.309148 -0.900032 -0.303697 -1.419 -0.387017 0.647872 -0.405196 -0.322019 -0.390036 1.06791 -0.0762586 -0.627022 1.0492 1.11762 -1.01629 -0.392892 1.17001 0.760839 0.995729 -1.00233 -0.635232 0.329388 
3.32551 -0.261085 -0.516507 -0.435879 -0.146229 -0.184408 -0.186581 -0.100113 -0.241458 -0.240463 -0.0809382 0.0762853 0.124098 -1.91104 -0.471962 0.674408 0.553689 0.328363 -1.27284 -0.518634 -1.19786 -0.420039 0.390201 -0.59592 -0.48332 -0.405279 1.32026 0.182018 -1.11212 0.108719 -0.212847 -1.09369 0.0357258 2.36826 2.11916 1.62041 1.07539 -0.0907945 -1.08107 
3.29629 -0.260135 -0.50302 -0.358764 -0.10372 -0.3401 -0.420333 -0.226615 -0.228866 -0.262489 -0.145341 0.0712638 0.145624 -1.43853 -0.48781 0.329022 0.708016 0.559279 -1.3681 -0.364007 -0.085686 0.173243 0.719394 -0.635748 -0.708165 -0.188057 1.33606 0.377089 -0.80552 -0.766512 -1.21286 0.1359 1.26215 2.26313 1.59999 0.963663 2.01136 0.378478 -1.54994 
3.2919 -0.268617 -0.530661 -0.383666 -0.16331 -0.376632 -0.285402 -0.0401567 -0.118856 -0.143639 -0.0266586 0.0478785 0.0215658 -0.896935 -0.349296 0.119772 0.608358 0.430388 -1.2457 -0.128856 0.252073 0.366674 1.10084 -0.153367 -0.563323 -0.470764 0.896671 0.339171 -0.223333 -0.715899 -0.836136 0.934774 0.689616 0.74046 0.269987 -0.528341 0.90264 0.460608 -0.240532 
