2.43985 -0.563118 -0.237749 -0.310027 -0.215781 -0.190566 -0.135564 -0.0975149 -0.0957173 -0.0526515 -0.0306317 -0.0194569 0.00803404 -0.123828 -0.0486178 -0.161703 -0.0593909 -0.079288 0.295946 0.212927 -0.0870238 -0.0596745 -0.0553052 0.218198 0.456864 0.267046 -0.130643 -0.0706558 -0.201221 -0.330167 -0.286912 0.173264 0.37072 -0.193085 -0.277387 -0.0029883 0.0664988 0.459537 0.301047 
2.43286 -0.564026 -0.238982 -0.262361 -0.182395 -0.167321 -0.158381 -0.0812713 -0.0591104 -0.0687288 -0.00198292 -0.0102211 0.00883143 -0.0617266 0.0479054 0.0174199 0.0850004 0.068688 0.28684 -0.0612327 -0.401001 -0.258186 -0.142881 -0.000349322 0.179486 0.273026 0.0575428 0.0368922 -0.143431 -0.577641 -0.444017 -0.122761 0.195371 -0.578644 -0.821112 -0.170188 -0.29043 0.0569593 0.180415 
2.43908 -0.555577 -0.208367 -0.280234 -0.185176 -0.15517 -0.141905 -0.0929819 -0.0635142 -0.0212864 -0.0215591 -0.0116522 0.0197196 -0.0384932 0.0524711 0.158454 0.299869 0.224878 0.361907 0.0841056 -0.332549 -0.23791 -0.0993046 -0.0315869 0.173894 0.254281 0.203368 0.0970569 0.0295328 -0.0432417 -0.0534967 -0.208452 -0.0628972 -0.393801 -0.661695 -0.377476 -0.28819 -0.315198 -0.113899 
2.39733 -0.582154 -0.254052 -0.312681 -0.225869 -0.161625 -0.0982002 -0.117825 -0.0981922 -0.0493563 -0.0300142 0.0371996 0.0577077 0.0639162 0.0850838 0.235785 0.210122 -0.00724207 0.358332 0.400019 -0.244578 0.01547 -0.347301 -0.531535 -0.00283168 0.302811 0.446315 0.239381 0.519628 0.517467 0.293932 -0.0836395 -0.103082 0.133115 0.28905 -0.356047 -0.652707 -0.833354 -0.344367 
2.4429 -0.564539 -0.280329 -0.349698 -0.251687 -0.161794 -0.101479 -0.110366 -0.134033 -0.0806123 0.0117561 0.0460552 0.0314982 0.210689 0.139534 0.129914 -0.0535468 -0.01326 0.0944493 0.201854 -0.102796 0.130278 -0.408715 -0.822676 -0.352347 0.293127 0.256354 0.131474 0.491944 0.49203 0.410511 -0.151265 -0.0892404 0.625185 1.14546 -0.108517 -0.96461 -0.953254 -0.141967 
2.44357 -0.542443 -0.200652 -0.265146 -0.174288 -0.163754 -0.193531 -0.179105 -0.13834 -0.0768898 -0.0650868 -0.0539992 0.0309342 0.379924 0.217722 0.0394153 -0.121152 0.0656992 -0.137649 0.033358 -0.0345162 0.289437 -0.21767 -0.841822 -0.594427 0.226278 0.184491 -0.00251144 -0.279426 -0.277124 -0.0109536 -0.29726 0.126139 0.965274 1.31475 0.226168 -0.324594 -0.317049 0.0485278 
2.43478 -0.560264 -0.2009 -0.236306 -0.161861 -0.136008 -0.103149 -0.103896 -0.0942992 -0.0501616 -0.0268732 0.00531194 0.0304781 0.482588 0.243857 -0.0439707 0.0188856 0.0740857 -0.0123124 0.0150811 0.0585589 0.544817 -0.0500555 -0.400247 -0.197633 0.197956 0.172764 0.0338134 -0.679427 -0.789055 -0.348601 -0.302102 -0.236634 0.22218 0.504808 0.589737 0.477896 0.385353 0.188132 
2.45331 -0.552539 -0.207614 -0.29403 -0.245458 -0.142029 -0.0524012 -0.100611 -0.0356687 -0.122432 -0.143111 -0.0312794 0.0529078 1.31147 0.792675 0.78628 0.711519 0.166076 -0.321003 -0.779872 -0.165041 0.562337 0.00196432 -0.111475 -0.171042 0.0635707 0.747087 0.48013 0.0995785 0.280762 -0.0516156 -0.373747 -1.16206 -0.675763 -0.666673 0.670459 1.71107 1.10773 -0.0118109 
2.46777 -0.544434 -0.24588 -0.33351 -0.196352 -0.194971 -0.16013 -0.0879321 -0.0552994 -0.0932318 -0.119029 -0.0774323 0.0495727 3.57449 1.21949 1.14823 0.722854 -0.649933 -0.530288 -1.23257 0.282227 0.318496 -0.0356069 0.0731697 -0.245739 0.101859 3.27382 1.12291 1.38963 1.18215 -0.802462 -0.176179 -1.35561 -0.539527 -1.2238 0.0549551 1.60194 0.883862 -0.24737 
2.48037 -0.533829 -0.24407 -0.290365 -0.17025 -0.188127 -0.158855 -0.103912 -0.0341073 -0.0402622 -0.0731299 -0.0650674 0.045666 7.63467 1.85259 0.809587 -0.129493 -1.9676 -0.0407488 -1.32136 1.72765 0.201097 -0.394601 0.634025 0.138927 0.0451981 7.43491 1.63574 1.54409 0.488119 -2.02907 0.384824 -1.19511 1.3403 -0.992251 -0.93811 0.591446 0.0916135 -0.259104 
2.48258 -0.538385 -0.242331 -0.293121 -0.218243 -0.127215 -0.0986007 -0.119617 -0.0404082 -0.0229256 -0.00438528 0.0717037 0.0637092 12.0074 2.56518 0.606179 0.0743432 -2.81513 -0.555555 -2.00477 2.99217 -0.503622 -0.489235 0.997694 0.541487 0.34652 11.0284 1.70844 0.131365 -0.521177 -2.84247 -0.0238127 -0.679513 3.93414 -0.647322 -1.23441 -0.178358 -0.322172 0.152758 
2.6688 -0.411866 -0.0530272 -0.140322 -0.202829 -0.240883 -0.29842 -0.193734 -0.0896931 -0.0996766 -0.0187162 0.00142296 0.0373025 19.4688 3.46258 -0.228701 1.3666 -4.45698 -0.384686 -2.16838 3.59798 -0.176706 -0.625014 1.29472 0.85005 -0.241836 14.3854 1.29017 -2.75349 -0.583734 -3.75124 0.261298 0.553883 4.39219 0.53819 -0.738369 -0.489407 0.157837 0.0070303 
3.13694 -0.373216 -0.0741605 -0.23511 -0.383375 -0.229391 -0.306616 -0.0201518 -0.11823 -0.106584 -0.0334686 -0.081695 0.0373815 25.4078 3.73574 -1.30305 2.28765 -6.0732 -0.764113 -2.14355 4.15635 0.434529 -0.926101 1.16792 0.956652 -0.636905 13.2132 0.599585 -4.10734 1.64991 -2.77963 -0.545464 0.428167 1.80652 1.51351 0.0984368 0.00905867 0.89073 -0.617967 
3.71417 -0.291432 -0.171491 -0.385366 -0.515894 -0.0714153 -0.263644 0.244483 -0.0468283 -0.162177 0.00750753 -0.0076474 0.0413247 28.3317 3.5673 -2.35697 2.98508 -6.62019 -1.61553 -2.12017 4.418 0.611162 -1.0848 0.877806 0.818744 -0.872862 6.77484 -0.565954 -3.27094 3.96826 -1.07015 -1.98866 0.18893 -2.01228 1.47041 0.698353 0.0158839 0.590399 -1.14782 
4.10929 -0.2309 -0.210068 -0.235928 -0.56116 -0.297457 -0.337774 0.373892 -0.166473 -0.121131 0.0532025 0.108468 0.133982 28.1008 3.08246 -3.04705 3.72306 -6.75628 -2.13744 -1.80472 4.00082 0.735669 -0.772364 0.851109 0.570119 -1.0492 -2.70517 -1.63659 -1.12541 3.24761 0.479727 -1.47096 0.388934 -4.09551 1.02764 0.594157 -0.0795798 -0.391413 -1.30505 
5.30888 -0.0845351 -0.36998 0.00743129 -0.871993 -0.194147 -0.356865 0.253453 0.029351 -0.175889 0.0183473 0.0514473 -0.0621055 24.7684 2.03815 -3.32014 4.12066 -6.14605 -2.29599 -0.778094 2.81233 0.617796 -0.1797 1.07476 0.909005 -0.951594 -14.3252 -2.54181 1.90214 0.662328 2.98922 -1.50292 0.674231 -3.47732 -1.17857 0.736925 0.0762414 -0.809931 0.271188 
5.62364 -0.131322 -0.463725 0.0477197 -0.938621 -0.33873 -0.436618 0.326823 0.0580554 -0.158309 0.068992 0.0582299 -0.0649669 19.0363 1.44071 -2.59611 4.92704 -4.67484 -2.97525 -0.397786 0.700856 0.425924 0.0493893 1.28931 0.858395 -0.806281 -17.9157 -2.01375 3.15348 -1.45128 3.53136 -0.0793424 1.76466 -2.44593 -2.05405 0.674363 0.253779 -0.635435 1.293 
5.64436 -0.146547 -0.474813 0.126601 -0.905987 -0.439723 -0.398373 0.343654 -0.00262603 -0.168183 0.0510891 0.077171 -0.0504886 12.6571 0.943926 -1.8207 4.74253 -2.99218 -3.54659 -0.24708 -1.19487 0.348801 0.40992 1.06586 0.298197 -0.491754 -14.4652 -0.656424 2.55848 -2.32392 3.28496 0.692009 1.46249 -1.83818 -1.07299 0.553498 0.372402 -0.165882 1.58899 
5.63409 -0.139431 -0.44335 0.197837 -1.0133 -0.427094 -0.386509 0.301816 -0.0289789 -0.135347 0.102098 0.0726862 -0.0557149 6.09998 0.993882 -1.41142 3.28996 -1.35763 -2.77184 -0.0540376 -2.25846 0.729892 0.704223 0.593471 -0.0916471 0.0685149 -8.50207 0.917116 0.689026 -1.97524 3.05806 0.360275 0.149923 -1.78184 0.552432 0.47521 -0.476449 -0.0674158 1.42415 
5.64436 -0.175004 -0.391095 0.238238 -0.977488 -0.472132 -0.340948 0.230053 -0.0804159 -0.110733 0.122561 0.0830386 -0.0351298 -1.32411 1.43489 -0.681708 1.28995 0.877813 -2.2817 0.0482142 -3.53963 0.756394 1.47861 0.276265 -0.465367 1.09955 -4.06404 2.3279 -1.06097 -2.32976 2.31318 1.25356 -0.979976 -2.38644 2.57913 0.666648 -1.39591 -0.856511 0.640158 
5.60211 -0.13059 -0.415636 0.282273 -0.971322 -0.546454 -0.31334 0.179372 -0.0473115 -0.127639 0.169936 0.0763493 -0.0149037 -4.92999 2.52576 -0.163778 -0.528211 1.94037 -0.412969 0.606457 -5.46634 0.68232 2.29283 0.250011 -1.22868 0.80482 -4.70493 2.3799 -0.825125 -3.66167 2.2414 2.5376 -0.826817 -2.8451 1.71256 1.61735 -1.23846 -1.49932 -0.0445188 
5.58847 -0.0834205 -0.467025 0.258683 -0.8849 -0.610233 -0.364226 0.109606 0.0276427 -0.0931349 0.12604 0.0715814 0.0142496 -7.40753 3.2536 0.139415 -2.47509 2.61366 1.23583 1.16383 -6.46297 0.265787 2.71902 0.653892 -1.76831 0.366834 -6.03223 1.75707 0.73194 -4.23858 1.43835 4.05581 1.06398 -2.80908 -0.963085 1.71688 0.226814 -1.70684 -1.05676 
5.43536 0.0234834 -0.535114 0.252936 -0.85666 -0.566388 -0.421759 0.0192873 0.0894121 -0.0368383 0.0524609 0.0599294 0.064973 -9.23641 3.61378 0.387825 -4.10265 3.15824 2.4287 1.69756 -6.42031 -0.441047 2.4614 1.08887 -2.05187 -0.00466859 -4.96156 0.312431 2.14743 -3.86173 0.225199 4.05306 2.66768 -1.14089 -3.40497 0.524229 2.22335 -1.15148 -1.8212 
5.15501 0.124309 -0.497688 0.0888561 -0.735047 -0.478735 -0.391322 -0.253168 0.184381 0.0632094 0.0453769 -0.0642902 0.0727558 -9.96699 3.55383 0.607631 -4.84319 2.77059 3.16037 2.03096 -5.73158 -1.08672 2.09779 1.29971 -1.8786 -0.532261 -1.15253 -1.26989 1.88683 -1.46878 -1.16765 1.80075 2.54927 2.31589 -4.14396 -1.50017 2.51081 0.65869 -1.65137 
4.8715 0.192622 -0.422649 -0.0886855 -0.683198 -0.308541 -0.266848 -0.420769 0.00217037 0.187701 0.159728 -0.1336 -0.0288839 -9.2389 2.83876 0.831905 -4.91802 2.06323 3.67747 1.99758 -4.78017 -1.71035 1.86618 1.31383 -1.50935 -1.00151 3.58165 -2.18234 0.198347 1.53867 -2.21949 -1.14934 0.246064 4.71671 -1.56469 -2.78747 0.728503 2.03887 -0.524106 
4.65079 0.229639 -0.372319 -0.195254 -0.650032 -0.211395 -0.14487 -0.448517 -0.12612 0.159615 0.239301 -0.132423 -0.0528152 -7.54379 1.78433 0.8171 -4.0962 1.07471 3.61721 1.62083 -3.27924 -1.41333 1.10616 1.26524 -1.15806 -1.19323 6.91727 -2.48154 -1.46477 3.6087 -2.44494 -2.73763 -2.62437 4.72422 2.12246 -2.21399 -1.69134 2.06431 0.446719 
4.54383 0.246993 -0.349304 -0.27477 -0.650853 -0.167301 -0.12565 -0.403568 -0.168888 0.080485 0.312032 -0.139744 -0.0512544 -4.74745 0.477917 0.388173 -2.98765 0.530328 2.97166 0.423277 -0.865649 -0.318565 0.233191 0.686 -0.478164 -1.12016 7.30672 -2.24768 -2.24602 3.98768 -1.64513 -2.3556 -4.27394 3.56372 4.74971 -0.765996 -3.2732 1.28034 0.940277 
4.55612 0.231452 -0.364405 -0.242403 -0.685992 -0.230284 -0.122381 -0.37656 -0.162222 0.0751106 0.25747 -0.0741579 -0.0839354 -1.65199 -0.620638 -0.549483 -1.51845 0.335215 1.73052 -1.26917 2.11072 1.0881 -0.476627 -0.258407 0.230907 -0.672937 5.31813 -1.71812 -1.91615 2.40094 0.238765 -1.16555 -4.21265 2.90886 5.08799 0.159772 -2.75538 -0.0395808 1.06706 
4.63846 0.204858 -0.408872 -0.236538 -0.728853 -0.178427 -0.204996 -0.39078 -0.125727 0.129959 0.221554 -0.0748143 -0.102136 0.0920944 -1.07421 -1.26101 -0.561275 0.951146 0.0930873 -2.74795 4.14868 3.05326 -1.24573 -1.25145 0.613259 0.0329921 1.84538 -0.758355 -0.949779 0.543458 2.15473 -1.18214 -2.46748 3.3819 3.20581 -0.297516 -1.21476 -0.292367 0.937128 
4.68155 0.159467 -0.442409 -0.18611 -0.744691 -0.156437 -0.291359 -0.345258 0.0517288 0.0791606 0.171409 -0.110406 -0.0747883 1.01755 -1.33275 -1.90399 0.688539 1.64642 -1.76659 -2.77733 4.94709 3.5965 -1.45207 -1.96465 0.809963 0.485009 -0.897261 0.216828 -0.318621 0.0157044 3.00997 -2.71146 0.479943 2.94179 -0.0786449 -0.979024 0.06297 0.261373 0.832802 
4.74377 0.110023 -0.488397 -0.202038 -0.685028 -0.125532 -0.427459 -0.161042 0.182234 0.0594927 0.0939818 -0.0689837 -0.0600028 0.34964 -1.4504 -1.80957 1.47717 2.39122 -3.22941 -2.0826 4.65913 2.66533 -1.66321 -2.08385 1.30658 0.813404 -2.94362 0.761649 0.424997 0.758275 2.21826 -4.18055 3.24467 0.140043 -3.38914 -1.31855 0.930707 0.922708 0.615892 
4.79877 0.0767188 -0.535811 -0.219872 -0.583041 -0.20806 -0.495076 0.0248891 0.221644 0.0680673 0.0866501 -0.0822664 -0.0484325 -0.64871 -3.12634 -1.1408 2.23586 3.83462 -3.33902 -0.43061 4.33195 0.709695 -2.15159 -2.46948 1.15117 1.16074 -3.33719 -1.12277 1.2837 2.21903 1.24705 -2.89126 5.02036 -2.97847 -5.62029 -1.06967 0.0642129 1.06087 0.334204 
4.65222 0.12524 -0.526234 -0.26098 -0.463893 -0.327117 -0.498032 0.132258 0.275613 -0.0455868 0.0918922 -0.0442206 -0.0218355 -0.436682 -4.92281 -0.287505 1.74633 3.3195 -3.34469 1.90249 3.74037 -1.1597 -2.55275 -2.41306 1.39858 1.39495 -0.611824 -4.22008 1.87346 1.61539 -0.950026 0.614711 5.17189 -4.2709 -5.70129 -0.131213 -0.695949 0.41046 0.170742 
4.67624 0.0888404 -0.610035 -0.0533525 -0.44108 -0.557516 -0.317952 0.128227 0.170707 -0.0877103 0.0305456 0.00102244 0.018088 0.623018 -6.61413 0.083571 1.43645 2.45948 -3.74857 2.90775 2.27005 -2.25396 -2.35419 -1.69856 2.14678 1.34305 2.7154 -6.03486 1.91133 -0.933788 -2.51822 3.29336 2.44998 -3.34504 -2.44237 0.494388 -0.165868 0.172645 -0.04176 
4.50497 0.0518469 -0.535442 -0.026604 -0.409626 -0.641979 -0.302175 0.0285695 0.00460052 -0.122656 0.0472815 0.108183 0.0288399 1.75821 -7.82984 0.49718 1.53299 1.4733 -3.36378 3.85356 0.308585 -3.45786 -1.83687 -0.873482 1.86112 1.30742 5.75006 -4.94521 0.672198 -2.4558 -3.17738 3.40279 -0.10722 -1.57031 0.798019 1.30013 1.10813 -0.394082 -0.185176 
4.51961 -0.403866 -0.461404 0.107469 -0.173848 -0.466438 -0.126211 0.0818486 -0.165377 -0.163619 -0.158241 0.014482 0.0520381 2.27929 -8.84973 1.20399 1.52247 0.750114 -1.5171 4.23747 -1.01544 -3.84837 -1.35012 -0.708465 1.16169 0.888993 4.59691 -0.378779 -0.225085 -2.39533 -2.96699 1.68011 -2.08652 -1.00339 2.54463 1.66202 2.68653 -0.767786 -0.639369 
4.80078 -0.577287 -0.424423 -0.149487 -0.500303 -0.436512 0.0398407 0.103343 -0.151272 -0.196123 -0.0970982 0.0717582 0.0904291 2.69872 -9.36412 1.05121 1.33276 0.163284 -0.314401 4.24549 -1.57529 -4.35039 -0.314703 0.0313774 0.744851 0.420857 -0.403236 2.87642 -0.762347 0.443878 0.160845 0.482381 -2.05703 -0.918346 1.04667 1.67135 2.35455 -1.31276 -1.09731 
4.97094 -0.719942 -0.504398 -0.0886758 -0.486528 -0.652439 -0.148292 0.0214075 -0.00036745 -0.182564 0.0236764 0.234258 0.0852449 2.51476 -8.62216 0.708541 0.755379 -0.274218 0.764265 3.71578 -1.31964 -3.26997 0.62573 0.703749 0.463855 -0.0672049 -4.25084 3.96455 -0.730022 1.89948 1.34828 1.12836 0.357065 -0.110755 -1.00354 1.65027 0.657994 -1.66976 -1.20201 
5.01907 -0.7755 -0.475725 -0.013141 -0.43769 -0.601265 -0.041029 -0.0552323 -0.218259 -0.117505 0.0645335 0.0975496 0.101974 2.41101 -7.11777 -0.10188 1.36794 -0.59037 1.03595 3.73197 -0.391129 -2.16964 1.26705 1.30127 -0.186963 -0.577164 -4.93867 3.13393 -0.895998 1.76382 1.03819 1.26633 1.18315 1.52308 -0.167565 1.1059 -0.305987 -0.623385 -1.16538 
4.87215 -0.898484 -0.353268 0.0232487 -0.369771 -0.385629 0.0512067 -0.0536361 -0.245541 -0.149729 -0.0304176 -0.00568267 0.0319833 1.33401 -4.46147 -0.258981 1.80004 -1.18559 -0.169217 2.9384 -0.739385 -1.74953 1.17234 1.38816 -0.40793 -0.426149 -1.78167 2.28743 -1.1094 0.992357 -0.599323 -0.659507 0.651241 1.88062 1.12688 0.161558 -0.780346 0.0844396 0.0650253 
4.81008 -0.982605 -0.475117 0.0570646 -0.384351 -0.50849 0.161419 -0.0681564 -0.429622 -0.0755877 0.0913535 0.0973938 0.0280888 -0.604155 -3.00974 -0.00531363 2.44417 -0.877802 -0.264741 2.07074 -1.37691 -1.591 0.560413 -0.0668412 -0.345304 0.286265 0.734951 2.54995 0.139381 -0.470262 -2.52359 -1.78481 -1.58633 0.186798 2.82488 -1.58703 -1.77798 0.539751 1.62815 
4.84526 -0.993999 -0.519386 0.0807642 -0.446282 -0.465783 0.194806 -0.0217524 -0.264291 0.00682142 0.069109 0.128713 0.0089914 -1.46642 -1.54272 0.769478 1.64209 -1.3418 0.563995 1.5647 -1.73207 -1.11283 0.0907654 -1.07018 -0.552448 0.620864 0.617243 2.65936 1.647 -1.14959 -1.69479 -1.709 -3.6958 -2.41876 1.92976 -2.54965 -2.23386 0.454881 2.26069 
4.88354 -1.0377 -0.529861 0.204152 -0.440058 -0.414196 0.279393 0.112999 -0.263155 -0.00219972 0.121383 0.0229366 -0.0386806 -1.11122 -0.128143 0.69083 0.820788 -1.77244 0.59995 -0.240405 -2.12164 0.998375 -0.523516 -1.50408 0.743754 0.649565 -0.344366 2.79286 2.1402 -2.21895 -0.436134 0.478539 -4.1989 -3.82096 1.37502 -2.06376 -2.28586 1.0496 1.54018 
4.90613 -0.985116 -0.439729 0.189979 -0.548887 -0.642001 0.206565 -0.0854284 -0.334044 -0.121149 -0.00448339 0.00192706 0.0989312 -0.451683 1.97127 0.736991 -0.203501 -2.02573 0.533246 -1.77672 -2.26034 2.64063 -0.283131 -1.25368 0.778818 0.311866 -0.764381 2.85171 0.957815 -2.55548 1.03609 3.15005 -3.1241 -1.45749 2.5626 0.185882 -0.250502 1.0664 -1.28125 
4.77284 -0.975862 -0.405656 0.12954 -0.652673 -0.584022 0.0952723 -0.252844 -0.27163 -0.198872 -0.145995 0.163388 0.227806 -0.515213 5.15284 1.05254 -1.34766 -1.88368 0.89411 -2.85935 -1.08807 3.78565 -0.229896 -0.963899 -0.0875242 0.130259 0.29936 4.64349 -1.03613 -2.15643 1.51686 2.17566 -1.15025 2.88076 2.75303 2.35202 2.70521 -0.431144 -3.03607 
4.75365 -0.898261 -0.307664 0.0946981 -0.557257 -0.41976 0.0334827 -0.292793 -0.235913 -0.131485 -0.106446 0.0615765 0.129305 1.47281 7.54711 0.205307 -1.55511 -2.3163 1.29937 -4.03236 0.846542 3.39839 -0.210984 -0.396684 -0.56309 -0.213214 3.06718 5.82167 -2.78394 -0.699741 -0.21294 0.315259 -0.247693 6.66847 1.79254 2.2331 3.18606 -1.73071 -2.34774 
4.83354 -0.813295 -0.391865 0.0749276 -0.580374 -0.343858 -0.0577038 -0.298011 -0.0374438 -0.168433 -0.117392 0.231743 0.06903 3.20487 8.78432 -0.792191 -1.70471 -2.98667 2.12106 -4.53017 2.54569 3.52005 0.123402 -0.0821855 -0.811525 -0.69749 4.82689 4.56816 -2.79952 0.919181 -1.9252 -0.812347 0.220117 7.28688 -1.2649 0.834434 2.01869 -3.09292 -0.504736 
4.81511 -0.595978 -0.368371 -0.0293379 -0.620546 -0.356346 -0.10194 -0.219349 0.108413 -0.032557 -0.0326551 0.086715 -0.0475345 4.75834 8.89481 -2.06465 -1.71184 -2.26672 3.21698 -4.05396 4.61205 3.13698 0.126875 0.61936 -1.31753 -1.30082 5.21377 0.486099 -2.35895 1.59476 -1.78814 -0.282515 0.159849 4.01714 -3.5794 -1.73564 -0.491639 -1.49252 1.51719 
4.767 -0.126827 -0.427257 -0.108842 -0.652324 -0.457769 -0.11904 0.0653706 0.0998748 -0.0178273 0.0715803 -0.0123046 0.0415993 6.15806 8.48655 -3.62775 -1.15519 -1.5471 2.92025 -3.10824 5.70655 1.84823 -0.415083 0.678032 -1.74611 -0.983523 3.38017 -4.85779 -1.97807 1.56449 0.431246 1.54832 0.831374 -0.775933 -3.62295 -2.82664 -2.27216 0.79559 1.66135 
5.33119 -0.0255903 -0.584138 0.0500436 -0.848402 -0.31113 -0.321963 0.303856 0.0332583 -0.0861094 0.0142251 -0.0451116 0.00840481 6.26125 7.27812 -4.53422 -1.16807 -0.755152 2.32464 -1.84259 5.3458 0.532129 -1.29346 0.0292823 -1.37835 0.125906 -1.75047 -6.39561 -0.972253 -0.230267 4.09878 1.03475 2.93315 -4.32879 -2.33765 -2.18373 -1.93967 1.82924 1.40359 
5.35351 -0.0613556 -0.593624 0.0331257 -0.94644 -0.211063 -0.315741 0.27999 0.0695455 -0.112883 -0.0404302 -0.0631042 -0.0078452 5.61103 5.46128 -4.42709 -1.19492 0.425717 2.54216 -0.642843 4.12958 -1.05578 -1.79791 -0.574956 -1.39797 0.983182 -4.2051 -4.59744 -0.38499 -1.23964 5.26783 -0.337295 3.58276 -4.75112 -1.23049 -0.988691 -1.00299 2.00184 1.32657 
5.38807 -0.0552461 -0.667831 -0.0973996 -0.731681 -0.143312 -0.305608 0.278788 0.0254055 -0.214261 -0.0363958 -0.0432307 0.0177721 4.84682 3.02708 -4.04458 -1.24989 1.32199 3.36245 -0.140737 2.43157 -1.32414 -2.88362 -1.22295 -0.209694 1.21705 -4.44984 -1.94157 1.17546 -1.17642 2.74889 -0.760944 2.46783 -3.2408 0.0230984 0.218922 -0.0853547 0.939293 0.583181 
5.44753 -0.0050522 -0.887648 -0.0141286 -0.668632 -0.138995 -0.243445 0.325305 -0.0402678 -0.254947 -0.079226 -0.0141539 0.0900275 3.58855 0.720611 -2.94361 -1.57422 1.73377 3.99429 0.27437 0.637113 -1.16481 -3.08383 -1.31824 0.340839 0.879489 -2.62361 -0.611116 3.07347 -0.947171 -0.667585 0.289741 0.0542759 -1.31005 0.773937 0.263563 0.621836 0.177847 -0.402784 
5.42536 0.0283527 -0.878061 -0.131987 -0.550755 -0.160441 -0.136849 0.273446 -0.0516763 -0.275348 -0.0978775 -0.020916 0.124741 1.21757 0.166403 -1.50068 -2.16432 1.70961 3.95559 0.851745 -0.490974 -0.922035 -2.68569 -0.924214 0.514338 0.802221 -0.153954 -1.08935 3.47775 0.318128 -3.72031 1.94047 -2.09269 -0.162409 1.02608 0.124831 0.664764 -0.0125451 -1.43786 
5.42413 0.0303038 -0.865252 -0.157312 -0.547314 -0.0565885 -0.134119 0.241087 -0.109288 -0.285219 -0.124156 -0.0365716 0.159063 1.04245 -0.255267 0.0832763 -2.20905 0.961961 3.30259 1.4643 -1.23972 -0.71736 -2.18005 -0.238543 0.128871 0.548948 0.0536499 -1.55345 3.48969 0.302016 -3.75546 0.880989 -0.971716 -0.671742 1.11232 0.474982 1.08624 -0.425743 -1.52534 
5.46339 0.00189555 -0.830553 -0.202629 -0.587081 0.0900204 -0.236446 0.260632 0.00417133 -0.422784 -0.12584 0.0281564 0.0859936 0.89835 -0.977407 1.93288 -2.41635 0.360293 1.98013 1.82159 -2.0306 0.405049 -1.66004 0.0461323 0.00737342 0.00124 -0.0747032 -1.38164 2.74779 -0.237348 -0.972133 -2.34421 1.50351 -1.58808 0.792543 1.28852 1.11296 -0.761668 -0.647145 
5.52037 -0.0340182 -0.789978 -0.209026 -0.659667 0.166985 -0.247586 0.277854 -0.0608249 -0.43484 -0.0956977 -0.000890812 0.0930838 -0.443848 -0.833125 2.51997 -1.43086 -0.0669545 0.386217 1.53378 -2.448 1.23155 -0.528475 0.548202 -0.428787 -0.0442674 -1.57859 -0.092689 0.828201 0.753642 1.33535 -5.43329 2.53395 -1.87791 1.33913 2.24821 0.747267 -0.829375 0.39501 
5.47864 -0.0419025 -0.736281 -0.221013 -0.73871 0.256963 -0.222056 0.212847 -0.0716003 -0.404234 -0.119423 0.00672364 0.0818937 -2.86741 -0.63822 2.90676 -0.0708087 0.136755 -1.68849 1.17327 -2.32306 1.67013 1.03322 0.307474 -0.572868 -0.0514131 -4.25484 1.08056 -0.222831 1.9058 2.8718 -6.7851 1.23222 -0.835027 1.60134 3.0565 -0.084503 -0.63009 0.882049 
5.50028 -0.114083 -0.58218 -0.311318 -0.69608 0.098771 0.0146405 0.0464446 -0.0407234 -0.388609 -0.0225689 -0.0872518 0.0894594 -9.01202 -1.18413 3.82147 1.47493 1.16384 -3.78003 1.19655 -2.99207 0.651019 2.91885 0.306357 -0.625686 -0.120555 -10.2511 1.03686 -0.520884 4.04849 2.47733 -4.54745 -1.92523 0.499071 -0.370077 3.76318 -1.08054 0.197672 0.567079 
5.5224 -0.166617 -0.503421 -0.421153 -0.498956 -0.0912 0.0271956 0.00139135 0.124856 -0.427175 -0.0636973 -0.00930392 0.0564267 -10.7327 -0.832316 3.35713 2.27655 1.45291 -5.33202 1.3109 -2.77938 0.615718 4.60059 -0.196821 -0.890319 0.146995 -10.837 0.517494 -0.506635 4.21945 0.159807 -1.01936 -2.99113 1.39815 -2.02522 3.68254 -1.36003 0.216095 0.0186407 
5.2219 0.0160366 -0.70374 -0.0733712 -0.611929 -0.213787 -0.0610103 0.0266134 0.119882 -0.226138 -0.0202086 -0.0993613 0.166023 -9.61646 0.417609 1.84434 2.43474 1.49207 -5.58153 0.518972 -1.98016 1.43142 4.43792 -0.105159 -0.745599 -0.135667 -2.87066 0.083941 -0.596513 0.571342 -1.0649 1.99383 -1.93543 1.54817 -1.60894 0.910877 -0.728407 0.394282 -0.962688 
4.83569 -0.0162296 -0.48802 -0.0778106 -0.503064 -0.356999 -0.0957391 0.0410084 0.128611 -0.0707159 -0.148323 -0.0767203 0.122357 -7.45996 1.17812 -0.139732 2.52096 1.14428 -5.33117 -0.281285 -0.765596 1.90625 3.68937 0.05104 -0.432076 -0.306325 8.93796 1.1179 -3.49176 -2.25564 -2.26724 3.34448 -0.334449 1.65407 0.798773 -2.75458 0.841404 0.358233 -0.996165 
3.78018 -0.245985 -0.268117 0.100012 -0.403175 -0.388904 -0.0961132 -0.163727 -0.179331 0.0818262 -0.0823807 -0.0610934 0.0715484 -5.59518 1.63484 -1.56973 2.40667 0.460292 -4.1314 -0.842617 0.714318 1.91309 2.67488 -0.306065 0.0467719 -0.488694 18.0864 2.53163 -5.46714 -4.01138 -2.12216 2.45137 0.896917 2.77928 3.7477 -5.40995 1.13341 0.395701 -0.452878 
4.47642 -0.0925748 -0.476407 0.00364043 -0.555082 -0.440947 -0.0665706 -0.0121501 0.106723 0.132486 -0.171173 -0.104522 0.0995211 -3.90481 1.43839 -1.92929 1.90004 0.2 -2.67095 -0.53427 0.79188 1.35888 1.43232 0.158754 0.640439 -0.51844 10.5678 1.11467 -3.29037 -2.24257 0.0617812 1.54288 0.725878 1.58831 1.87805 -5.10815 1.09988 1.38785 0.0594601 
4.89964 0.136743 -0.68468 -0.0603309 -0.569796 -0.394677 -0.148346 0.0467449 0.231652 -0.0522322 -0.0321127 -0.100081 0.0384193 -1.08941 0.985667 -1.6601 0.644985 0.767218 -1.87626 -0.481346 1.10725 1.48973 -0.701251 0.468279 1.37717 -0.597198 -1.53161 -1.3402 0.920299 0.643016 1.46505 0.52003 0.29134 0.154495 -1.34248 -2.18297 0.0931102 1.58023 0.910499 
4.94755 0.0929933 -0.816751 -0.0347567 -0.571477 -0.487089 -0.114478 0.0755788 0.28455 -0.090997 -0.0302243 -0.0536311 0.0456641 0.493042 1.17512 -2.14417 0.675183 1.13384 -1.445 -0.72113 1.22661 1.38862 -2.00021 0.880927 1.51346 -0.129813 -9.00977 -2.55496 4.66145 1.46122 2.74615 0.269115 -0.60844 -1.27778 -3.37714 -0.0857121 -0.423002 1.15538 0.874954 
4.78357 0.0586526 -0.752049 -0.0263311 -0.534678 -0.525731 -0.0533824 0.172607 0.267366 -0.109777 -0.112525 -0.035003 0.0448689 0.92214 1.44254 -1.56731 0.482049 1.81115 -1.83458 -1.08933 1.35813 1.33656 -2.06665 0.420659 1.92275 0.41448 -8.35174 -1.69751 4.30084 1.31902 2.3219 -0.251967 -1.46223 -1.99773 -3.08485 1.30255 -0.201415 0.395641 0.898733 
4.53915 0.010726 -0.681006 0.0371356 -0.431033 -0.458491 -0.089665 0.0199627 0.173248 -0.11271 -0.0263876 0.10074 0.0643113 -4.3162 0.366635 0.36232 1.0067 3.27957 -2.29095 -1.00977 0.684339 -0.99997 -1.61763 0.324313 1.95124 0.467166 -1.88605 0.424254 1.62546 -0.166014 1.09394 -1.36258 -0.91784 -0.22339 -1.15038 1.46969 -0.746112 -0.996239 0.5121 
4.55248 0.043526 -0.646975 0.0744363 -0.404298 -0.526786 -0.195291 0.12911 0.191033 -0.218283 -0.0147554 0.0860675 0.0870622 -8.0461 -0.599893 2.31481 0.752253 4.74585 -1.34715 -1.35032 0.9776 -2.03304 -1.26691 -1.06987 0.57689 0.620028 -1.11083 0.69029 0.514826 -1.33788 1.49885 -0.0414466 -0.131364 0.708989 -0.77177 0.846635 -1.47105 -2.28569 -0.205671 
4.37739 0.0282893 -0.620778 0.0849197 -0.289566 -0.573303 -0.213832 0.0805106 0.155802 -0.208702 -0.0310999 0.0723744 0.094261 -12.0938 -1.38542 4.33121 0.191184 4.99966 -0.0333126 -2.14213 0.315618 -2.03319 -0.665208 -0.784896 0.218009 0.293253 -5.04776 -1.15366 1.85136 -1.6853 1.09373 2.09966 0.0681473 0.729803 -0.316817 0.54691 -1.28891 -2.16859 -0.792254 
4.36068 0.0911764 -0.604454 0.0742084 -0.267384 -0.689378 -0.240731 0.0790306 0.166136 -0.0904931 -0.0919087 0.155256 0.15013 -14.7233 -2.23059 5.71253 -0.453294 3.94758 1.13449 -2.10436 -1.21266 -2.25249 -0.0828162 -0.354502 -0.306853 -0.158102 -9.27635 -3.1216 4.0468 -1.52519 -0.45545 4.53782 0.0518472 -1.29357 -0.327781 0.0967145 0.0938619 -1.65081 -1.40512 
4.14445 0.0693921 -0.570252 0.0693821 -0.13555 -0.749288 -0.164571 0.143129 -0.0106745 -0.157248 -0.0692525 0.0985155 0.0976826 -16.5455 -3.22454 6.07128 -1.39954 2.80918 2.10436 -1.68937 -2.25767 -2.54844 0.329063 -0.35569 -0.990689 -0.612446 -8.66356 -3.68975 3.80417 -1.22123 -2.96444 4.79279 -0.326595 -4.23832 0.0915387 0.668363 1.62896 -0.0813675 -1.14187 
3.74233 -0.0161826 -0.379707 -0.0125876 0.120708 -0.424289 -0.323642 0.272134 -0.000213917 -0.304915 -0.27944 -0.158007 0.0942943 -17.3735 -4.29665 5.55424 -2.08807 1.64798 3.041 -0.738586 -2.8861 -2.87148 0.727253 0.0855065 -0.981462 -0.814709 -1.97896 -2.42147 0.0108038 -0.781999 -5.20925 1.20802 1.17528 -4.43297 -0.1857 1.35269 2.77303 1.53508 -0.499428 
2.95033 -0.238482 -0.0792115 -0.0133347 0.00492956 -0.385452 -0.398504 0.0307752 0.0751224 -0.120624 -0.0605414 0.0769392 0.0494556 -9.34904 -3.73158 2.3716 -2.49409 -1.25984 2.41382 0.742273 -3.2868 -2.29598 1.20914 0.700045 -0.291096 -0.497283 14.1219 1.16699 -7.12598 -0.688628 -5.42501 -2.62385 3.40046 -1.47871 -0.24433 1.02497 1.23331 1.27338 0.791718 
2.75768 -0.292511 0.078472 -0.0544055 -0.17576 -0.30414 -0.295984 -0.225833 -0.0849203 -0.0940928 -0.0336552 0.0216361 0.0120138 -1.29526 -2.9303 -0.530373 -2.50465 -3.45794 1.23689 1.72009 -3.42516 -1.31735 1.72019 1.28338 0.572866 -0.00738747 26.0346 4.04496 -11.4521 -0.185308 -4.12671 -5.56266 3.67786 2.58385 1.55049 1.00603 -0.0283393 1.85567 1.96605 
2.61699 -0.383157 -0.0342408 -0.145293 -0.144412 -0.259584 -0.323425 -0.301655 -0.174971 -0.114019 -0.0395316 -0.0225758 0.00384782 5.26489 -1.90736 -3.22372 -0.288644 -4.4274 0.189151 1.66153 -2.17701 0.740659 1.29876 1.03653 1.17592 0.57687 26.0529 4.81134 -9.74792 2.71559 -1.78255 -5.08078 2.01617 5.31947 3.83925 -0.399572 -1.04769 1.40396 1.97449 
2.62941 -0.453239 -0.162541 -0.189935 -0.1821 -0.285404 -0.211633 -0.125269 -0.174679 -0.114837 -0.0183596 -0.0158814 0.0323099 9.98586 -0.43027 -5.24374 1.52248 -3.9347 -0.953429 2.25108 -0.653399 1.4504 0.277476 0.765172 1.67751 1.13147 12.6465 3.50365 -3.15811 5.10995 1.94338 -1.42429 -1.2195 4.70119 4.5115 -2.29018 -1.87092 0.393235 1.27703 
4.34847 -0.200937 -0.741864 -0.222702 -0.589941 -0.547719 0.0224254 -0.241081 -0.059258 0.0375225 0.0124428 0.143588 0.125793 12.1952 1.19231 -6.07589 1.66508 -1.78658 -0.504435 2.42955 1.5431 1.81809 -0.929928 -0.438466 0.656222 1.13201 -11.2662 0.42918 5.37996 4.5521 6.21402 3.10495 -3.18539 3.11287 2.20546 -3.50611 -1.53814 -1.0969 -0.523376 
4.52364 -0.183954 -0.728164 -0.211226 -0.602337 -0.632243 -0.0257287 -0.207294 0.022992 0.0967869 0.0318725 0.218484 0.169595 10.4278 1.3232 -5.81561 1.68928 -0.0803366 0.462475 2.06051 2.7121 2.69253 -1.46954 -0.974049 0.798085 1.41514 -20.7902 -1.24114 7.2529 0.752259 6.82405 5.75767 -1.89019 0.853116 -1.07961 -3.30528 -1.49365 -2.33709 -1.25823 
4.20769 -0.260209 -0.72326 0.284766 -0.401096 -0.469585 -0.204176 0.0692351 0.246716 -0.20772 -0.0839209 0.0861814 0.142182 6.63437 1.15261 -4.05662 1.03856 0.125826 1.66476 1.78097 2.15405 2.62336 -1.87811 -1.24865 1.0809 1.30193 -16.5122 -1.62201 4.70677 -5.57935 2.87574 4.47516 0.571255 -2.22048 -3.41138 -0.214672 -0.392016 -0.818538 -0.860611 
3.97993 -0.207288 -0.627382 0.24222 -0.233776 -0.363461 -0.128209 0.0555259 0.150806 -0.303549 -0.11637 0.114474 0.198339 0.420989 0.449355 -1.93711 -0.321799 1.22206 2.90145 0.181924 0.507324 1.26388 -2.65363 -1.57663 1.18446 0.824464 -6.07009 -1.62844 0.756342 -7.29374 -2.00715 1.3219 0.574564 -3.88201 -3.20809 1.6195 0.37391 1.13524 -0.394778 
3.81355 -0.133117 -0.582879 -0.0292407 -0.164803 -0.27536 -0.0230484 0.0405909 0.0925881 -0.202069 -0.0984853 0.058396 0.0892267 -6.86677 -0.727177 0.352654 -1.59649 2.64574 4.47014 -0.786963 -0.682984 -0.117566 -2.67474 -1.55159 0.937662 0.288779 2.82512 -1.17717 -1.42665 -4.22441 -4.00789 -1.1229 -1.04944 -4.70713 -1.96647 1.6992 0.616687 2.45948 0.315337 
3.82714 -0.257399 -0.736182 -0.0620689 -0.201925 -0.157194 0.00879909 0.027531 0.148307 -0.239773 -0.159856 0.109603 0.214653 -6.6972 -0.842754 0.366949 -3.768 1.84285 4.24419 -0.678595 -1.57123 -1.05602 -1.21699 -1.07375 1.01292 0.277471 2.23353 -0.440546 0.359853 -1.03005 -1.86119 -1.93584 -2.69661 -2.64156 -1.0757 1.66932 0.92837 1.30595 -0.216457 
3.78067 -0.269959 -0.722852 -0.191644 -0.402797 -0.142927 0.0048515 -0.0842845 0.130752 -0.269965 -0.153046 0.222136 0.203671 -4.72433 -0.68415 1.14669 -5.4279 0.376675 3.48148 -0.218341 -2.89969 -2.10461 0.578241 -0.715896 1.44994 0.208596 0.863563 0.267148 2.15068 1.81155 1.00556 -1.04724 -1.82872 0.229475 -0.411515 1.65172 0.495371 -0.8969 -0.485451 
3.60729 -0.284184 -0.692164 -0.289755 -0.276223 -0.149715 -0.215517 -0.226287 -0.0253425 -0.380761 -0.188895 0.28271 0.170727 -3.88469 -0.505065 1.61296 -4.24007 -0.410414 2.16937 -1.08366 -2.87041 -1.29144 0.92747 -0.643945 1.49497 -0.176218 0.887559 1.25778 2.86832 2.08012 0.772146 -1.08274 0.846656 1.89818 0.727117 2.24422 0.337485 -1.64611 -0.499145 
3.57074 -0.290156 -0.653704 -0.24865 -0.180205 -0.00697546 -0.170739 -0.313823 0.00620804 -0.257822 -0.164446 0.263075 0.162316 -3.83905 -0.360702 1.89118 -3.43624 -0.561193 1.41891 -1.37866 -2.51027 -0.799984 0.699652 -0.169002 1.3982 -0.500736 0.531547 1.29163 1.61923 0.956569 -0.74062 -1.67721 1.66224 2.25346 1.45232 0.846259 0.318962 -1.17997 -0.900898 
3.52159 -0.299524 -0.621209 -0.446575 -0.22657 -0.0581353 -0.183775 -0.140683 0.0179019 -0.114304 -0.126268 0.21399 0.209057 -4.41711 0.0567453 2.26303 -3.2347 -0.0984037 1.45505 -0.629488 -2.08859 -1.05587 1.22627 0.226748 0.659414 -0.91328 -0.287337 0.445575 -0.597541 1.01524 -1.14744 -0.737828 1.66005 0.560681 1.23165 -1.11577 0.253424 -0.14967 -0.701566 
3.54672 -0.276854 -0.416809 -0.388986 -0.286056 0.0357277 -0.0871615 -0.267869 -0.093157 -0.141971 -0.215231 0.228413 0.16073 -4.94276 -0.326061 1.59713 -2.72512 0.597899 1.48545 0.122203 -1.03598 -0.554585 1.72233 0.533457 -0.106941 -0.689088 -1.95428 -0.717627 -2.8471 -0.10252 -0.066624 -0.0544472 0.737805 0.26162 0.755108 -1.11347 1.00715 -0.0280491 -0.103434 
3.41414 -0.19964 -0.423468 -0.341484 -0.288765 -0.13795 -0.210854 -0.289241 0.0635933 -0.182526 -0.203741 0.298276 0.113794 -5.32381 -0.847681 1.07674 -2.3274 -0.414958 1.02393 1.28582 0.0268475 0.168028 1.59049 0.635032 -0.247633 -0.711622 -2.35794 -2.01283 -2.89011 -0.451225 0.813977 1.061 0.965171 0.77055 -0.503916 -0.28688 0.785916 -0.600476 0.551981 
3.30194 -0.259329 -0.515381 -0.540863 -0.310755 -0.0472861 -0.164902 -0.279006 0.0572711 -0.200703 -0.0923865 0.280482 0.0515747 -5.59502 -0.950552 0.922415 -1.73062 -0.0958739 0.64757 0.962326 0.172215 0.117232 1.03861 0.50604 -0.518113 -0.596528 -1.02879 -1.57316 -0.823043 1.16932 1.13493 0.502682 0.635957 1.2477 -0.310605 0.798587 -0.201524 -1.04854 1.07792 
3.18449 -0.296782 -0.519599 -0.54788 -0.262824 0.118281 -0.0444841 -0.328587 -0.0801756 -0.113232 -0.128544 0.231578 0.129268 -5.56164 -1.16012 0.736011 -0.936452 0.330967 0.78936 1.09032 0.526389 0.360896 0.851392 0.326442 -1.11642 -0.861974 0.841259 -0.353559 1.28454 1.72532 0.309952 -1.15693 -0.336843 1.94107 0.669319 0.457737 -0.835937 -1.19075 0.164714 
3.02334 -0.38241 -0.57159 -0.559497 -0.182548 0.0675485 -0.0890218 -0.246825 -0.00372385 -0.0515335 -0.0816063 0.203974 0.141679 -5.23903 -1.36694 0.496507 -0.633697 0.473183 0.137583 0.67626 1.03061 0.418157 1.02671 0.344138 -1.78905 -0.650867 2.5257 1.08465 2.49575 2.18295 -0.45117 -1.62945 -0.855577 0.50181 0.433797 -0.49601 -1.29787 -1.07639 -0.693299 
2.91663 -0.432666 -0.510726 -0.549848 -0.353904 -0.0170802 -0.00556239 -0.173088 0.0355452 -0.123708 -0.12184 0.243316 0.0754824 -4.41974 -1.39835 1.21408 0.120601 0.862726 0.504686 0.66673 0.754645 -0.321779 0.992972 0.431723 -1.94647 -0.577136 2.56639 1.51538 1.51695 1.52938 0.483784 -0.949472 -1.54427 -0.914124 -0.112909 -0.584786 -0.128911 -0.660593 -0.667422 
2.94481 -0.350874 -0.40454 -0.466996 -0.166912 0.0441576 -0.10448 -0.247151 0.0135092 -0.0536593 -0.126869 0.140446 0.119022 -3.49848 -0.976773 1.79602 1.22685 0.788296 -0.415165 -0.319598 0.0877463 -0.238923 0.518922 0.00116755 -1.60445 -0.369508 1.50465 0.455174 -0.112797 0.3113 -0.0628905 -0.239453 -1.05568 -1.79475 -0.944585 -0.960186 0.647145 0.566981 -0.165489 
2.90102 -0.386756 -0.388728 -0.51334 -0.232668 0.0437387 -0.0198234 -0.0907454 0.0573992 -0.034391 -0.154575 0.0474683 0.0214747 -1.80544 -0.161062 2.00318 1.62405 0.883082 -0.796984 -1.03702 -0.68043 -0.549811 -0.512959 -0.57739 -1.4367 -0.347713 1.40618 0.386549 -0.708375 0.505987 0.489466 0.291152 -1.10738 -2.90892 -1.75044 -1.35149 0.0393133 1.50206 1.15803 
2.86734 -0.398509 -0.376377 -0.45496 -0.258984 -0.0780251 -0.101311 -0.213889 0.00897858 -0.0672984 -0.150506 0.0363413 0.0469757 -0.377604 0.514664 1.96634 1.78089 1.02068 -0.396945 -1.13826 -1.5855 -1.34159 -1.0928 -1.14768 -1.2731 -0.00450905 1.88062 0.675286 -0.764977 0.284135 0.61537 0.577688 -0.614379 -1.8114 -1.19034 -1.48968 -1.08228 1.39522 1.3436 
2.79653 -0.40774 -0.3314 -0.416156 -0.130898 0.0543941 -0.100331 -0.268257 -0.0537277 -0.0732258 -0.0278895 0.102701 0.0325206 0.449055 0.772082 1.44243 1.66736 1.41074 -0.130976 -1.32765 -2.02033 -1.68222 -1.262 -1.33037 -1.05606 0.411386 2.53052 1.08596 -0.520057 -0.0422774 -0.177367 0.090737 0.110293 -0.386244 -0.450204 -1.21918 -2.30172 0.335939 0.983628 
2.8002 -0.423732 -0.335631 -0.39434 -0.204716 -0.0455804 -0.193206 -0.33937 -0.0341103 -0.115424 -0.124952 0.108805 0.0926119 0.78558 0.70242 0.943721 1.37817 0.875394 -0.219292 -1.00976 -1.94329 -1.68116 -1.62822 -1.51438 -0.478446 0.519343 1.96205 0.986199 -0.329926 -0.446236 0.143882 0.505236 0.839813 0.951173 0.103279 -0.0492776 -1.32244 -0.510292 0.145924 
2.97991 -0.30661 -0.292478 -0.335591 -0.113912 -0.00131018 -0.17901 -0.390016 -0.149069 -0.215385 -0.281449 0.0401128 0.118633 1.19974 0.91566 0.757697 1.28898 1.03501 -0.0171891 -1.01301 -2.01963 -1.60566 -1.55252 -1.56394 -0.211976 0.801847 -0.230413 -0.320822 -0.586907 -1.03404 -0.709082 0.106121 1.08301 1.82077 1.09357 1.05864 0.658838 -0.197846 -0.657288 
