2.44383 -0.554883 -0.238264 -0.289922 -0.197224 -0.206383 -0.142452 -0.108169 -0.0636694 -0.0829861 -0.0502569 -0.0418144 0.0217018 0.00119972 0.067674 0.280472 0.155558 -0.301037 0.179021 0.167137 -0.267003 0.144033 0.0984253 0.132791 0.0773715 -0.0959793 0.143076 0.13706 0.275718 0.238314 -0.263664 -0.0557575 0.0704433 -0.220643 0.175763 0.0368476 0.048624 0.0216923 -0.104457 
2.42054 -0.566115 -0.236051 -0.295871 -0.196841 -0.166161 -0.127243 -0.126159 -0.0744199 -0.0512567 -0.0286685 -0.0310507 0.0305793 0.123325 0.0539082 0.282649 0.271722 -0.305973 -0.188718 -0.11093 -0.29055 0.105493 -0.0448135 0.0506811 0.160372 0.00316656 0.437 0.228274 0.238886 0.475371 -0.0417718 -0.929561 -0.300506 0.0451666 0.145043 0.0708079 -0.0951227 0.0217606 0.0410502 
2.42739 -0.563912 -0.227207 -0.317034 -0.254071 -0.146761 -0.12706 -0.127728 -0.0436435 -0.163829 -0.0618274 -0.034796 -0.0080518 0.128863 0.00893319 0.191087 0.213397 -0.36126 -0.311645 -0.125089 0.0606977 0.210703 0.0917344 -0.119992 0.10561 0.0867527 0.335288 0.0886635 -0.0430032 0.374224 0.299434 -1.20783 -0.387217 0.598753 0.0222229 0.64612 -0.163372 -0.00312337 0.35995 
2.45283 -0.550688 -0.220898 -0.264021 -0.214784 -0.180432 -0.147706 -0.171315 -0.065665 -0.06676 -0.0380521 -0.0366569 0.0278576 0.208219 0.118411 0.272139 0.129275 -0.278003 -0.389872 -0.28195 0.0963235 -0.0790969 0.146326 -0.0273883 0.303567 0.285782 0.0367851 -0.0439752 -0.201309 -0.273434 0.218456 -0.589535 -0.348769 0.843677 -0.266498 0.158899 -0.196477 0.189615 0.420278 
2.45143 -0.533789 -0.187252 -0.255415 -0.230986 -0.220956 -0.108226 -0.113285 -0.03349 -0.0380601 -0.0258247 -0.0325397 0.00574767 0.0318947 0.0920296 0.208433 0.167284 -0.109104 -0.387559 -0.381513 0.0344731 -0.233307 0.307091 0.199819 0.324369 0.372955 -0.38821 -0.190312 -0.366064 -0.563992 0.276922 0.467822 -0.318506 0.186567 -0.632793 -0.0605227 0.137122 0.232104 0.434559 
2.46858 -0.557068 -0.217308 -0.254044 -0.225405 -0.270512 -0.197076 -0.140508 -0.0639394 -0.115786 -0.0591206 -0.0130107 0.0388197 0.0118999 0.12064 0.270985 0.361082 0.115653 -0.24043 -0.376928 -0.0875693 -0.328788 0.35743 0.221464 0.362569 0.327679 -0.600431 -0.0362139 0.0172438 -0.237705 0.305396 1.37336 0.296482 -0.512919 -0.526099 0.173 0.570959 0.161595 -0.0172394 
2.44562 -0.565416 -0.235504 -0.288697 -0.245037 -0.225342 -0.144754 -0.0548943 -0.0280697 -0.0540396 -0.0834773 -0.0402505 0.0392092 0.366378 0.263731 0.0426635 0.150465 -0.119215 0.022792 0.320239 0.0567808 -0.649315 0.190099 0.144467 0.312538 0.257507 0.154632 0.282002 0.119305 0.168148 -0.0984 1.11962 0.906502 -0.956215 -0.490259 -0.493885 0.412574 0.0185195 -0.489692 
2.46452 -0.529436 -0.19166 -0.29484 -0.222355 -0.218907 -0.181005 -0.120481 -0.117922 -0.0672921 -0.0259633 0.0233205 0.0724468 1.74067 -0.0121413 -0.69198 0.563225 -1.31131 0.0163244 0.82069 -0.366547 0.0348453 0.188422 0.0241546 0.436969 0.155204 2.0387 -0.00414294 -0.778444 0.966881 -1.44292 0.0784422 1.5662 -0.769553 0.784894 -0.0268281 -0.241625 -0.234947 -0.607699 
2.40577 -0.557039 -0.216198 -0.265536 -0.207227 -0.201903 -0.176319 -0.147928 -0.0975879 -0.0368252 0.0137611 -0.00468472 0.0571689 4.42243 -0.397107 -1.57053 2.0065 -2.36873 -0.343957 1.69527 -0.839833 0.0873552 0.558741 -0.567852 -0.217831 0.318056 5.30302 -0.475862 -1.80224 2.14319 -3.00768 -1.27655 2.09585 -0.322472 1.27024 0.276303 -1.36906 -0.705234 -0.163032 
2.43534 -0.54383 -0.179117 -0.220493 -0.195763 -0.164579 -0.158749 -0.172916 -0.091385 -0.0528912 -0.0216251 0.00894719 0.0329236 7.29425 -1.04327 -2.03894 2.71353 -3.4214 -0.467449 2.3561 -0.838722 0.332208 0.647831 -1.08584 -0.130899 0.355553 7.60261 -1.49466 -2.44372 2.50328 -3.55242 -1.81427 1.52709 -0.0198991 1.07699 0.495788 -1.85891 -0.626924 0.602452 
2.55594 -0.498406 -0.239815 -0.296804 -0.310782 -0.175382 -0.00868964 -0.100017 -0.141138 -0.139447 -0.0661131 -0.0138748 0.018408 10.3144 -2.10177 -2.22133 3.00035 -3.81659 -0.724241 1.98863 -0.715222 0.935469 0.432585 -1.79226 -0.0875855 0.401744 7.54634 -2.55036 -1.26742 1.93648 -1.79605 -1.00232 -0.296947 0.279014 1.01537 0.78883 -1.68459 -0.186472 0.845665 
2.83619 -0.588973 -0.378391 -0.114739 -0.507037 -0.269359 -0.0284581 -0.23344 0.0548844 0.0206344 -0.0448545 0.0387164 0.0556213 12.6614 -3.22135 -2.49297 2.83495 -4.29636 -0.777826 2.28021 -0.307004 1.04693 0.316917 -2.12326 0.287114 0.608355 4.59919 -2.53486 0.767681 -0.677562 0.869131 0.529815 -1.24465 0.945812 -0.59859 -0.597718 -0.766034 0.776997 0.596511 
3.23346 -0.639043 -0.460051 0.127198 -0.58572 -0.346373 0.115532 -0.217874 -0.0508694 0.038413 -0.188254 -0.135387 0.0929417 14.1823 -3.77554 -1.86797 3.06422 -3.79547 -1.16973 2.10302 -0.0866149 -0.0302957 -0.318387 -1.96614 0.757465 0.804475 0.0918541 -1.72306 2.41186 -2.58014 2.81562 1.19474 -1.76412 0.981017 -1.46362 -1.66888 0.994029 1.99731 -0.0235888 
3.47788 -0.747554 -0.459362 0.0301848 -0.657011 -0.278006 0.078554 -0.183452 -0.0393035 -0.0414758 -0.222585 0.0202168 0.105511 14.7159 -4.48048 -1.35399 2.89112 -3.37469 -1.34547 1.72895 -0.377194 -0.297705 0.247546 -0.966212 0.738674 0.708008 -2.48995 -0.321398 2.57573 -1.77685 2.82412 0.336388 -0.720568 0.0149784 -1.92962 -0.796321 2.45948 1.02677 -0.54122 
3.75014 -0.874982 -0.418314 -0.00518416 -0.606127 -0.263648 -0.0207654 -0.136367 0.0869069 -0.0212561 -0.27726 -0.00191007 0.0912859 14.3191 -4.69697 0.0890343 2.9053 -2.1018 -0.889127 0.684273 -0.986548 -0.5167 0.38758 0.0318313 1.05035 0.373829 -3.04086 0.95362 2.00511 0.11126 1.49544 -0.413524 0.140354 -1.40912 -1.80097 0.356728 3.22247 0.10617 -0.800876 
3.93093 -0.959294 -0.468133 -0.0127059 -0.69791 -0.267593 0.122674 -0.17117 -0.0431683 -0.0499125 -0.207497 0.117761 0.14402 12.6891 -4.36333 0.909138 1.77139 -0.264636 -0.165091 0.049317 -0.700457 -0.915119 0.158389 0.997785 1.43501 -0.141362 -2.26974 1.21049 1.14564 1.2557 1.446 -0.189964 -0.9979 -1.77552 0.38786 1.78382 2.52532 -0.747509 -1.09566 
4.07212 -0.961391 -0.356936 0.162638 -0.594317 -0.37078 0.117654 -0.165213 -0.2318 -0.162224 -0.188363 0.101714 0.126053 10.7191 -3.83134 1.30414 0.535157 0.189417 -0.237576 -0.774246 -0.724087 0.0894317 0.159399 1.43544 1.72129 0.120286 -1.7765 0.995866 0.00506985 -0.617303 0.923784 0.689381 -1.63212 -0.556785 2.55309 1.53688 0.427096 -0.694743 -0.26287 
4.30064 -1.07257 -0.395338 0.139784 -0.726246 -0.375961 0.137241 -0.269829 -0.0832323 0.0762686 -0.067918 0.0340327 0.0854058 10.0603 -2.86945 1.29764 0.521741 0.327252 -0.423054 -0.653588 -1.04832 -0.120128 0.410659 1.76212 1.67436 0.130838 -1.75301 1.23554 -0.37592 -2.49581 0.921743 1.01338 -1.68143 1.00309 2.07599 -0.681183 -1.25753 0.942516 0.651107 
4.50479 -1.09584 -0.254212 0.231633 -0.657304 -0.308112 0.0260138 -0.348764 -0.0752937 0.0181501 -0.0445752 0.10929 0.0633436 9.40312 -1.74568 0.863973 -0.0381891 -0.256391 -1.19093 -0.595295 -0.997923 0.0440905 -0.247979 1.31331 1.77624 0.613419 -1.34855 1.62567 -1.32017 -3.14646 -0.594822 -0.715228 -0.102837 1.72546 0.847421 -1.89894 -2.13287 0.949238 1.5473 
4.56308 -1.1531 -0.352843 0.153028 -0.487844 -0.263567 -0.0129381 -0.259987 -0.053936 0.0517986 -0.00272532 0.181148 0.0438404 8.39378 -0.748528 0.873924 -0.633866 0.151993 -1.28672 -1.1193 -0.427865 0.544146 -0.0593892 1.23184 1.07818 0.262057 -0.931387 2.27262 -0.760604 -1.49981 -1.86304 -1.97984 1.3371 0.966331 -1.20772 -1.86502 -1.17052 -0.0515147 1.04499 
4.62958 -1.15397 -0.314156 0.0123234 -0.632569 -0.367272 -0.0364414 -0.210631 0.0735793 -0.0429415 -0.145525 0.139569 0.197891 6.96021 -0.0269033 0.973282 -1.0016 -0.570155 -1.45982 -0.818485 0.398645 1.00747 -0.179642 0.479812 0.861393 0.236883 -1.41689 2.15815 0.353513 1.18445 -1.20684 -1.81775 1.44143 0.575398 -1.83415 -0.365785 0.106983 -1.30827 -0.855982 
4.90914 -1.12516 -0.296397 0.0473736 -0.644653 -0.323731 0.01763 -0.299537 -0.0930823 -0.0184961 -0.0191888 0.29911 0.124034 4.93189 1.55077 1.09299 -1.04545 -0.630898 -1.75273 -1.0916 0.800062 0.570707 -0.943436 0.0863794 0.803002 0.150085 -3.55936 1.90579 0.933722 1.66074 -0.571855 -0.688317 -0.00703862 0.480781 0.1573 1.02767 0.319162 -2.27311 -1.58458 
5.02292 -1.07058 -0.363137 0.0120551 -0.750642 -0.549128 0.0237859 -0.269324 -0.0246485 -0.160337 -0.12788 0.250432 0.234103 2.35844 3.06701 0.713351 -0.64751 -0.797391 -1.08144 -0.0346073 0.686358 0.299951 -0.453925 -0.296266 -0.747498 -0.416271 -5.70242 2.16683 1.12836 1.73233 1.04217 2.33646 -0.423879 0.0307902 0.56532 1.58336 0.036692 -2.20097 -2.10697 
4.98082 -1.02371 -0.279487 0.0427971 -0.589648 -0.466838 -0.01133 -0.219732 -0.0947884 -0.00351968 0.0559735 0.135659 0.0755467 1.51141 5.96737 1.11003 0.393551 -0.727608 -0.990963 -1.07852 0.421047 0.661243 -0.34932 -0.298071 -1.28438 -0.897841 -4.72672 4.01796 -0.157816 0.878587 1.02746 2.54974 -1.18967 -0.377792 1.34465 0.468691 -1.10189 -1.03496 -0.764321 
4.95646 -1.02438 -0.160153 0.121181 -0.753432 -0.532029 0.017932 -0.132957 0.013199 -0.0404759 -0.11556 0.140781 0.0872404 1.19697 8.42693 0.235757 1.27419 -0.786406 -0.482454 -2.23616 0.977673 0.802415 0.21839 0.195232 -1.53473 -1.1893 -1.01027 6.01903 -1.86457 0.358893 0.34671 1.67526 -2.14726 -0.372782 0.786838 -0.0742631 -0.315594 -0.282058 0.492144 
4.88766 -0.824016 -0.217069 0.016444 -0.731453 -0.499106 -0.145459 -0.237123 0.0380581 -0.0586128 -0.0268451 0.206194 0.0800985 1.16257 9.86423 -0.752351 1.29288 -1.30355 0.12066 -3.64125 1.73874 1.54377 0.282153 0.0477508 -1.63702 -0.874511 3.61323 5.12938 -2.74082 0.802279 -1.01011 0.295069 -2.51206 0.968301 0.0826852 -0.150632 0.515143 0.686796 0.985546 
4.66961 -0.666062 -0.258933 0.118909 -0.627264 -0.283664 0.0968062 -0.253111 -0.038685 -0.0174994 -0.134325 -0.056112 -0.000470216 1.98271 10.3062 -1.62243 1.05328 -1.26358 1.16609 -4.6671 2.03619 1.2942 0.270735 0.269808 -0.722075 -0.835831 5.97356 1.61515 -2.77411 -0.251788 -2.06981 -1.20659 -3.65594 2.16894 0.169136 -0.507973 1.15327 2.24997 1.42821 
4.93827 -0.189308 -0.207161 0.15966 -0.629627 -0.490602 -0.299495 -0.188165 0.120541 -0.0645198 -0.084895 0.0806866 0.0268349 2.02894 9.87565 -2.44091 0.0471743 -0.59057 0.566685 -4.50444 1.85375 1.11517 -0.50698 -0.101159 -0.222889 -0.0498793 2.32175 -4.0472 -1.68455 -1.73376 -0.175929 -0.145081 -0.482002 1.40708 -0.994127 -0.286582 0.794893 1.59939 0.679302 
5.10693 -0.00130999 -0.389849 0.199818 -0.866678 -0.487398 -0.360616 -0.053501 0.0877723 -0.0114715 -0.0235104 0.0553436 0.0896135 -1.15153 8.28106 -2.11071 -1.50027 1.37233 0.312389 -3.44533 1.71456 0.0721723 -0.0978034 0.13441 0.155891 0.277115 -5.5623 -7.25417 1.25451 -3.52916 3.62423 -0.12586 3.01916 -0.681247 -1.50399 -0.432064 -0.857294 1.11966 0.28784 
5.22977 0.0321679 -0.475918 0.171909 -0.895066 -0.390073 -0.480018 -0.0124638 0.113851 -0.0348509 -0.0104028 0.112881 0.0600569 -9.02648 5.01708 0.385495 -1.94733 3.34364 0.582165 -1.84816 1.57675 -0.678181 -0.218751 -0.0870825 -0.200275 0.18874 -17.0233 -7.41192 4.84582 -3.52436 6.96442 0.195322 5.62497 -2.52736 -2.21419 -0.0971924 -1.17274 -0.730114 -0.162362 
5.244 0.0438464 -0.50905 0.10342 -0.806308 -0.33962 -0.56369 0.0323046 0.0845138 -0.0821801 -0.0421581 0.161092 0.0488915 -16.7683 0.584115 1.2985 -3.40409 4.42556 0.764945 -0.73438 0.691395 -1.30163 -0.567838 0.117605 0.0671318 0.303956 -23.9429 -7.02275 5.84002 -2.02259 6.1859 0.742486 6.07182 -2.94686 -2.04533 0.208963 -0.811774 -2.20324 -0.415219 
4.99202 0.0497584 -0.465888 -0.030048 -0.555974 -0.473056 -0.41959 -0.0424723 0.0610062 -0.112374 -0.0602928 0.0834957 0.0793385 -23.458 -3.4559 1.91848 -3.90479 5.81259 2.10637 1.83743 -0.432835 -2.1907 -0.511585 -0.16169 -0.86141 -0.0149771 -19.7124 -5.74625 3.56974 0.171667 1.83913 1.70742 2.69829 -1.88583 -0.931062 0.11059 0.308751 -1.55234 -0.510945 
4.23024 -0.0197681 -0.308968 -0.214335 -0.386078 -0.470623 -0.262424 -0.036939 -0.0458959 0.000317557 -0.121579 0.155127 0.124103 -26.5946 -5.26063 2.6832 -3.85493 6.70294 2.61143 3.07775 -1.11722 -1.8685 -0.299437 -0.094275 -0.998771 -0.39109 -5.2347 -3.9623 -1.20086 2.0354 -2.67099 2.4653 0.207693 -0.5593 0.627111 -0.0905095 1.24972 -0.95595 -0.687855 
2.89943 -0.185289 0.0759946 -0.101501 -0.128351 -0.259063 -0.22726 -0.0993629 -0.0954971 -0.0850588 -0.0658148 -0.0301451 0.0177823 -26.285 -5.72155 2.60321 -3.35996 5.7019 2.56862 3.68524 -1.23892 -1.7496 -0.203545 -0.0293534 -1.25812 -0.455242 13.026 -0.51058 -5.06479 1.6971 -5.22095 1.00014 -1.17509 0.653547 1.7189 0.185211 0.768407 0.888434 -0.282324 
2.50446 -0.518216 -0.189623 -0.278677 -0.221904 -0.253724 -0.205168 -0.147642 -0.122019 -0.130568 -0.0577273 0.00124941 0.0602432 -22.9126 -5.62652 1.80541 -2.43744 3.94729 2.5929 3.35861 -1.11986 -1.34772 -0.0544672 0.374049 -0.968464 -0.497823 20.7365 3.46773 -3.75405 1.7954 -4.26338 -0.714751 -1.37162 1.32083 1.73395 0.471822 0.227393 1.53814 -0.0764964 
2.44423 -0.540972 -0.203688 -0.241522 -0.148476 -0.17202 -0.158418 -0.165007 -0.132515 -0.0986139 -0.0520937 -0.0210909 0.0474528 -16.6837 -4.84932 0.640279 -1.45543 1.95899 2.66383 1.90562 -0.732619 -0.820224 0.071174 0.630709 -0.400262 -0.474893 17.3572 4.51663 -1.34925 0.995806 -2.66386 -2.25532 -1.48608 1.02637 1.00209 0.421756 -0.114775 1.44928 0.393165 
2.44034 -0.54682 -0.218405 -0.24493 -0.149993 -0.0945259 -0.059721 -0.114201 -0.0521851 -0.0211432 -0.00664587 0.0144612 0.0110072 -8.74339 -3.30068 -0.571163 -0.692734 0.659323 1.74302 0.955749 -0.378635 -0.21946 -0.26205 0.768329 -0.198564 -0.386749 8.83237 3.46184 0.746674 0.63629 -1.00925 -2.44515 -1.95061 0.422494 -0.164818 -0.170644 -0.289256 0.752151 0.648368 
2.4666 -0.535243 -0.204035 -0.284998 -0.206618 -0.136481 -0.081584 -0.123371 -0.105234 -0.105674 -0.0644376 -0.000913338 0.00656738 -2.04052 -1.54916 -1.27441 -0.830309 -0.204842 0.457308 0.450162 0.00433978 -0.0546201 0.308559 0.587043 0.319172 -0.157557 1.97326 1.60178 1.2451 0.607161 0.271953 -1.52347 -1.76153 -0.0436424 -0.284254 -0.0960674 0.199475 -0.286405 0.287992 
2.41867 -0.571585 -0.229447 -0.264424 -0.194514 -0.153634 -0.0961026 -0.131945 -0.115338 -0.0867032 -0.00643392 0.0503518 0.0281442 1.40239 0.216214 -0.457533 -0.7394 -0.392296 -0.416357 -0.25022 0.376212 0.208367 0.250252 0.239081 0.0703837 -0.251908 2.22766 0.789463 -0.0631256 -0.580865 -0.156407 -1.27909 -1.10244 0.123741 0.123292 -0.0475565 -0.325459 -0.771465 0.00833969 
2.41223 -0.566581 -0.218248 -0.273027 -0.188744 -0.14593 -0.177126 -0.150729 -0.104558 -0.046364 -0.00243285 0.0440926 0.0505008 8.94734 1.66676 -0.437144 -1.29198 -1.41862 -1.35716 -1.03275 0.590526 0.286278 0.0760144 0.310826 1.1258 -0.453534 9.774 2.03448 -0.359425 -1.10132 -1.032 -1.08462 -0.293491 0.613158 0.525208 0.0597113 -0.382024 0.36216 -0.692371 
2.4471 -0.533716 -0.211078 -0.255132 -0.175112 -0.178648 -0.134829 -0.111331 -0.104126 -0.114384 0.000406518 0.0202121 0.0291475 15.7479 3.27287 -0.306559 -0.0620017 -2.68554 -1.6723 -2.11949 0.689894 0.960919 -0.171783 0.227911 0.704929 -0.0840295 17.3254 3.45179 -0.282215 0.0739878 -2.81316 -0.655887 -0.876539 0.750276 1.41705 0.118348 -0.259778 0.954294 -0.36845 
2.45374 -0.541958 -0.216476 -0.306111 -0.183391 -0.19931 -0.149024 -0.128215 -0.120762 -0.0297925 0.0124622 -0.00613852 -0.00409343 22.6895 4.49218 -0.820525 1.26968 -4.36034 -1.60824 -2.91754 1.32352 2.05106 0.300848 0.110244 0.326126 0.401692 20.7752 3.98924 -0.414091 2.57233 -4.35427 -0.183162 -1.96064 0.973441 2.0518 -0.251183 -0.280323 0.566887 0.804457 
2.85813 -0.462141 -0.294526 -0.412977 -0.285701 -0.292922 -0.213328 -0.0757795 -0.0529403 -0.0878286 -0.0654014 -0.00649583 0.0158723 27.0058 5.17817 -1.22415 2.1053 -5.62147 -1.51001 -3.4539 1.96002 2.76976 0.348715 -0.610869 -0.323541 0.810683 13.4137 2.28955 -0.502882 4.5855 -3.74551 0.823692 -2.10975 1.00592 2.03903 0.340694 -0.260189 -0.923757 1.73136 
4.36704 -0.193902 -0.254255 -0.430249 -0.417814 -0.324845 -0.257999 -0.0489237 -0.055418 -0.0606168 0.0295194 0.286224 -0.0644999 28.3875 5.12575 -1.58281 2.46962 -6.3616 -0.779888 -3.4214 1.85203 2.9697 1.00416 -1.27012 -0.995672 1.24239 -3.6444 -1.22976 -0.932352 3.45557 -1.51603 1.77787 -1.00282 0.413971 1.17164 1.12018 -1.46478 -3.4984 2.13913 
4.72186 -0.0454858 -0.225283 -0.0689447 -0.618727 -0.288339 -0.405695 -0.0312747 0.123535 -0.101462 0.00562396 0.0163222 0.0630848 26.7311 4.6754 -1.68796 2.11764 -6.28873 0.379637 -3.31229 1.04482 3.02196 1.93136 -1.66066 -1.51744 1.50615 -14.8676 -3.69444 -0.899395 -1.41861 1.75038 2.26673 1.39603 -0.984046 -0.873777 1.98513 -1.75833 -2.48393 0.630151 
5.33142 -0.0110067 -0.373424 0.00388299 -0.836362 -0.319487 -0.518714 0.0722167 0.191009 -0.0189052 -0.0454442 -0.00824811 0.141604 21.9536 3.67103 -0.907097 1.1385 -5.30964 1.62249 -2.2694 -0.163615 2.55736 2.25692 -1.43353 -2.18316 1.37179 -19.6154 -4.08249 0.963966 -5.40751 4.38427 2.72776 3.39955 -3.26345 -2.32642 1.88168 -0.584942 -1.07749 -1.18425 
5.365 -0.0248517 -0.402557 -0.00784065 -0.833756 -0.314739 -0.540709 0.131 0.225261 -0.0188734 -0.133766 -0.0624235 0.16062 13.7026 2.39961 -0.307136 -0.0991318 -3.71708 3.33454 -1.20606 -1.73466 1.58233 2.72269 -0.822046 -2.67307 0.521013 -15.4947 -2.36763 2.23867 -6.3064 4.48448 2.93357 3.60935 -4.53524 -2.68764 0.878709 1.4953 0.658924 -2.58361 
5.41589 -0.036431 -0.409178 -0.0820945 -0.875418 -0.17989 -0.495128 0.0191882 0.190822 0.131008 -0.208136 -0.147498 0.177843 4.04264 1.24076 -0.0896219 -1.6105 -2.60533 4.81152 -0.148703 -2.90525 0.45634 2.67365 -0.545323 -2.70919 -0.28774 -9.44962 -0.116243 2.45679 -3.68366 2.72166 2.60733 2.30149 -3.5112 -2.25696 -0.838562 3.11588 2.1103 -3.04508 
5.41372 -0.00838038 -0.404734 -0.204837 -0.849611 -0.0887341 -0.474454 -0.0943528 0.216969 0.20295 -0.196388 -0.151547 0.145333 -0.50421 1.0102 0.32448 -3.30776 -1.75887 5.63174 1.13175 -3.90957 -0.924476 2.44892 0.288175 -0.937059 -1.48181 -6.57487 0.997853 1.15454 0.316441 -0.0618243 1.78599 0.719268 -1.24185 -1.56363 -1.97049 2.67345 2.00827 -1.9915 
5.34024 -0.048415 -0.238814 -0.366945 -0.805309 -0.0127072 -0.368213 -0.229813 0.167594 0.199894 -0.0940065 -0.206594 0.096204 -3.96815 1.18483 1.16079 -3.33572 -1.34104 5.98968 1.53431 -4.31057 -1.62617 1.75748 1.04544 -0.12659 -1.9982 -3.16113 1.27398 -0.850921 2.64721 -1.96295 0.254355 -0.693931 1.40862 -0.949448 -1.78275 0.861388 2.43895 -0.493482 
5.18684 0.0164496 -0.284227 -0.395797 -0.799143 0.171909 -0.4037 -0.328981 0.128712 0.207776 -0.0365896 -0.186402 -0.0245865 -4.71974 1.34269 1.51678 -2.68156 -1.63893 5.47404 1.03172 -3.57868 -1.99618 1.03999 1.74962 0.595536 -2.03042 -0.627157 0.416064 -0.669836 2.87322 -1.85584 -1.85689 -1.14967 3.0629 -0.370628 -1.31612 -0.540984 1.69131 1.1258 
5.01238 0.0844232 -0.299214 -0.353072 -0.945396 0.322958 -0.388485 -0.344604 0.0685643 0.211012 -0.0352144 -0.117576 -0.0441596 -5.30662 1.12776 1.714 -1.65592 -1.33456 4.38439 -0.03181 -2.141 -1.96987 -0.202137 2.19151 1.14584 -1.97572 1.50175 -0.858393 0.304097 1.68724 0.201605 -3.23967 -1.79578 3.18537 0.284498 -0.93814 -0.584988 0.308525 1.53993 
4.94309 0.117836 -0.301577 -0.362978 -1.0115 0.352642 -0.320663 -0.403812 0.0383304 0.207785 -0.00712504 -0.0591836 -0.0550329 -6.00414 0.500037 1.9482 -0.761547 -0.341202 3.56363 -1.24458 -1.11794 -1.9549 -1.10706 1.96616 1.09805 -1.47967 1.09431 -1.89321 1.36388 0.446918 2.95909 -3.00248 -2.69577 2.43401 0.714752 -1.30023 -0.101716 -0.919479 1.13009 
4.91429 0.11155 -0.244071 -0.380466 -1.01594 0.360813 -0.371181 -0.363765 0.00785779 0.209263 -0.00547415 -0.0485732 -0.0427259 -5.678 -0.291848 1.82809 -0.00247574 0.834706 2.39844 -2.48643 -0.24359 -1.35163 -1.70128 1.33487 0.883169 -1.00694 -0.21739 -2.36579 1.37743 -0.00977626 4.46905 -1.8479 -2.6066 0.828465 0.99365 -1.69138 0.0724653 -1.52141 0.306711 
4.87854 0.103517 -0.183671 -0.378851 -1.02213 0.343639 -0.447568 -0.293028 -0.0224838 0.177236 0.0423131 -0.0561698 -0.0462836 -3.77405 -1.16717 1.76091 0.939493 1.83906 0.521341 -2.56262 0.342881 -0.51014 -1.76097 0.323583 0.188633 0.076146 0.321077 -1.81224 -0.251562 1.01856 3.72159 -1.15177 -1.24042 -0.471329 1.47026 -0.913708 -1.22929 -1.3991 0.44547 
4.76453 0.0562564 -0.139509 -0.367009 -0.921264 0.359985 -0.542521 -0.281373 -0.0195925 0.0950731 0.109083 -0.0433866 -0.0952982 -1.27294 -1.87147 1.07953 1.90794 2.72073 -1.0597 -2.68063 1.41907 0.666406 -1.81092 -0.800567 -0.366578 0.705737 3.54652 -0.838025 -2.03871 2.40237 0.849893 -1.84856 0.908275 0.215924 2.04416 0.456344 -3.00603 -0.89452 1.43645 
4.52314 -0.0121901 -0.0562258 -0.3968 -0.718817 0.427326 -0.63726 -0.348354 -0.0405918 0.0205093 0.0959498 -0.0818073 -0.0704666 0.983229 -2.3584 -0.0967687 3.07664 3.17728 -2.55249 -2.22789 2.75785 1.35455 -2.19812 -2.02055 -0.163501 1.34036 7.45953 -0.00410524 -3.55724 3.31951 -1.82604 -3.52117 2.7702 2.33628 2.14592 1.02547 -3.65718 0.339249 1.96886 
4.55858 -0.0822341 -0.0621213 -0.355875 -0.666287 0.379076 -0.705908 -0.335493 0.0159464 -0.0193679 0.0557982 -0.102095 -0.09774 2.11886 -2.42732 -1.2129 4.39631 3.05028 -3.77969 -1.04092 3.67059 1.19512 -2.71269 -2.63391 0.268449 1.68705 6.68729 0.5113 -3.32316 3.15894 -2.49055 -3.77403 3.29269 3.90738 0.540008 0.171798 -2.44763 1.44852 1.69929 
4.8311 -0.071513 -0.170635 -0.145275 -0.718722 0.22302 -0.605154 -0.298421 0.0869641 0.0625049 -0.10413 -0.140839 0.0554953 2.47735 -2.15039 -1.89955 5.36575 2.15317 -4.32455 0.334976 4.21157 0.404113 -3.07724 -2.45435 0.669048 1.32431 1.0608 0.571688 -1.3635 1.47926 -1.75345 -1.83172 2.42173 3.26316 -2.0968 -1.71211 0.899368 1.97456 -0.614299 
5.04485 -0.115614 -0.250374 -0.0471721 -0.735453 0.125196 -0.630487 -0.0691826 0.199173 0.0207385 -0.206648 -0.114808 0.0829313 2.4968 -1.71821 -2.03913 5.85689 0.845751 -4.8952 1.50082 4.67014 -0.602523 -2.9823 -1.53582 0.959491 0.701516 -4.9633 0.686002 1.04071 -0.12897 -0.921028 0.501049 1.58345 0.153244 -4.22166 -2.03145 4.07235 1.27009 -2.66929 
5.16619 -0.179252 -0.346907 0.036641 -0.642994 -0.0532319 -0.563516 0.0809419 0.169872 -0.114375 -0.274839 0.00662909 0.135535 1.62162 -1.27891 -1.65488 5.70508 -0.491698 -4.6773 2.20297 4.72243 -1.50654 -2.93979 -0.105578 0.961542 -0.314151 -7.69322 0.865115 2.91642 -1.50478 -1.29432 2.71656 0.441659 -2.66433 -3.90419 -0.495909 5.30724 -0.66214 -3.66654 
5.01113 -0.182438 -0.340835 0.184194 -0.630651 -0.117985 -0.508492 0.154827 0.0210993 -0.223532 -0.218202 0.0219085 0.122067 -0.529327 -0.993854 -0.721906 4.72029 -0.851552 -3.79087 2.38512 4.08416 -2.35829 -3.06905 1.53334 0.856307 -1.32246 -5.16362 0.668119 2.91419 -2.52112 -1.63573 2.94284 -0.379332 -3.44488 -1.23901 1.31126 4.05354 -1.70405 -3.00851 
4.86984 -0.163183 -0.31516 0.255287 -0.722414 -0.0752706 -0.445073 0.151489 -0.103013 -0.295704 -0.0748048 0.0210808 -0.0263973 -2.80162 -0.824226 0.316693 3.21113 -0.78268 -2.67218 2.17804 2.90856 -2.69988 -3.12201 2.79449 0.577207 -2.11821 -1.19307 0.335319 1.70419 -2.74799 -0.754451 1.74444 -0.666797 -2.5318 1.60533 2.09728 0.988755 -1.69213 -0.412555 
4.81865 -0.183015 -0.271665 0.292635 -0.743878 -0.169273 -0.420573 0.171279 -0.146711 -0.267041 0.032872 0.0204511 -0.0828846 -3.62003 -0.465923 0.866883 2.16163 -1.16285 -1.5541 1.94851 1.48894 -2.52058 -2.30024 3.1181 0.120566 -2.19749 1.49499 0.105158 0.161444 -2.53752 0.230314 1.21545 -0.918867 -1.07125 2.90939 1.37477 -1.62723 -0.715958 1.39705 
4.72254 -0.193791 -0.21791 0.284965 -0.807903 -0.120797 -0.411059 0.171218 -0.155726 -0.28851 0.0749759 -0.0484708 -0.128984 -2.96719 -0.115441 0.938495 0.888767 -1.38278 -0.601538 1.18557 0.772353 -1.25241 -1.3113 2.69607 -0.222227 -1.86214 2.94307 0.221762 -1.17469 -1.86878 1.07209 0.48051 -0.936007 -0.223342 2.70204 0.711526 -2.80131 0.634686 2.35509 
4.69485 -0.209306 -0.204433 0.276952 -0.788222 -0.158034 -0.389767 0.195451 -0.150444 -0.334147 0.135036 -0.0285373 -0.166606 -1.08068 -0.0628275 0.39553 -0.349219 -0.859345 -0.435533 0.562473 0.419838 0.263595 -0.366619 1.36069 -0.105838 -0.669608 3.19227 0.482374 -1.65062 -1.22564 0.964971 0.450658 -1.1001 -0.125896 1.92974 0.948595 -2.90091 0.903876 2.46972 
4.66314 -0.199887 -0.207709 0.263142 -0.764054 -0.185999 -0.339393 0.180992 -0.12104 -0.353888 0.100554 -0.0333259 -0.103408 -0.0456238 0.206978 -0.177986 -1.12625 -0.3031 -0.253516 -0.0597225 0.188029 1.28992 0.46844 -0.103958 0.0173534 0.720796 2.62619 0.634133 -1.4482 -1.02625 0.521299 0.552868 -1.33493 -0.322603 1.24336 1.58708 -2.1197 0.65877 1.76767 
4.7121 -0.195533 -0.230565 0.269561 -0.835213 -0.132347 -0.379318 0.202772 -0.113837 -0.321178 0.0772672 -0.0120896 -0.117252 -0.117672 0.737937 -0.50131 -1.70784 -0.124563 0.252291 -0.579194 -0.347814 1.9473 1.11607 -0.976807 0.0166878 1.47298 0.456656 0.768599 -0.560991 -1.03874 0.531526 0.21453 -1.08953 -0.88414 0.917345 1.92149 -1.21716 -0.119969 1.38123 
4.78297 -0.173367 -0.265519 0.194801 -0.80336 -0.140291 -0.424545 0.217277 -0.0320819 -0.323098 0.0643557 0.0160215 -0.0910744 -0.839397 0.732581 0.285366 -3.02239 0.933955 0.138739 -0.620725 -1.61123 2.37802 1.92644 -1.2075 -0.0872509 1.66725 -2.70029 0.40684 1.38531 -1.62338 0.932538 0.234684 -0.203479 -2.14379 0.400464 1.72346 -0.169965 -0.993847 0.35958 
4.87424 -0.182724 -0.302284 0.159247 -0.750072 -0.180266 -0.421813 0.192256 0.00869145 -0.251229 -0.0109914 0.0117276 0.0139625 -1.91542 -0.145558 1.62818 -4.0714 2.11983 0.254201 -0.88059 -2.6354 2.1152 1.97457 -1.38392 -0.188961 1.91026 -4.7405 -0.917857 3.43334 -2.263 2.01806 0.105855 0.330383 -2.78324 -0.37943 0.272693 0.825032 -0.870696 -0.661775 
4.78222 -0.125312 -0.306355 0.120695 -0.784067 -0.12708 -0.454942 0.157904 0.0319424 -0.176402 -0.0481445 -0.0043964 0.0498731 -3.10121 -1.81538 3.05855 -4.33345 2.95641 1.0623 -0.163568 -3.02521 1.08228 1.7379 -1.26863 -0.106737 1.4266 -4.08839 -3.35087 4.42488 -1.81612 2.84304 0.550136 1.41699 -2.11296 -1.70144 -1.3019 0.921134 -0.135376 -1.23149 
4.62482 -0.0698112 -0.267281 0.064814 -0.802144 -0.101799 -0.495148 0.0868372 0.0975546 -0.121262 -0.0369262 -0.0409021 0.0578514 -3.9178 -3.74415 3.37205 -4.74376 2.85339 1.58035 1.21407 -3.3943 0.39656 1.21632 -0.697296 -0.0326014 1.0176 -1.10946 -5.43582 2.59921 -0.62278 1.53259 1.34091 2.55176 -0.289437 -2.65832 -2.25169 0.826438 0.875508 -1.37102 
4.46513 -0.155757 -0.0321797 -0.212726 -0.575251 -0.145768 -0.418806 -0.135956 0.145656 -0.0727957 -0.00151443 -0.081429 0.0100415 -3.68883 -5.32415 2.71256 -5.22092 2.16928 1.50047 2.07567 -3.44386 -0.68659 0.792251 -0.408188 0.242469 1.09308 2.51633 -4.99798 -1.9987 0.925227 -1.77241 1.23396 2.5877 1.92529 -2.75365 -2.05607 0.359826 1.49057 -0.189615 
4.40832 -0.353668 0.0995329 -0.263098 -0.421225 -0.143234 -0.484841 -0.152878 0.0566311 -0.187957 -0.0491705 -0.0201896 0.103084 -2.51329 -6.17661 1.41633 -4.90969 1.17849 1.72251 2.57857 -3.17877 -1.01435 0.200611 0.222933 0.662469 0.562619 4.79663 -1.91337 -5.928 1.46632 -4.61531 0.453341 2.03363 2.15778 -1.06893 -0.399089 0.533758 1.04653 0.171601 
4.33694 -0.572164 0.183933 -0.193354 -0.436478 0.0708629 -0.285679 -0.105603 -0.0894054 -0.176973 -0.0823565 0.00794746 0.0264587 -0.750818 -6.11976 -0.477761 -3.39308 0.76585 1.28398 2.47559 -2.46476 -1.38167 0.0707208 0.208652 0.820055 1.21987 4.88193 2.40632 -7.16025 1.86169 -4.21649 -1.50987 -0.773809 1.26362 0.926445 0.848261 0.501557 0.148908 1.2988 
4.3794 -0.739389 0.00590454 -0.330736 -0.613655 0.0905311 -0.157471 -0.15761 -0.0241024 -0.18423 0.0204094 0.0210323 0.0143949 0.428968 -3.81891 -1.99709 -0.630794 1.10766 0.931154 2.544 -1.55668 -1.40767 0.335027 -0.499435 0.824099 1.62356 2.54867 6.62973 -3.99614 4.21185 0.112171 -2.23505 -2.50918 0.60103 1.55476 1.52343 -0.780117 -0.704396 1.53788 
4.50866 -0.792515 -0.155368 -0.50394 -0.632376 -0.0568838 -0.191093 -0.189608 -0.108229 -0.158325 -0.0410747 0.0583102 0.182269 1.00478 0.397209 -3.85715 1.24074 0.467116 -0.345527 1.66157 -0.385682 -0.61333 1.41232 -0.810049 0.335494 1.48711 -0.759781 9.39961 0.0165203 5.44958 3.53274 -2.24664 -2.54843 0.639159 1.97016 1.95012 -1.35421 -1.4778 0.0959314 
4.60585 -0.787583 -0.252063 -0.406766 -0.698156 0.0473928 -0.177176 -0.227168 -0.0201726 -0.157105 0.0309822 0.0770035 0.0729441 -1.06632 4.2939 -3.76509 1.76419 0.915017 -1.61337 0.727435 -0.10281 0.0896955 2.25774 -0.96405 -0.603683 0.677884 -4.88494 9.36027 2.96028 3.78095 4.3893 -2.42788 -2.03804 1.34155 0.865501 1.62589 -1.78424 -1.82322 -1.04125 
4.59421 -0.702114 -0.352207 -0.211373 -0.593925 -0.020863 -0.270221 -0.194772 -0.0780548 -0.0900061 -0.0445275 0.0320131 0.279581 -3.82059 6.7245 -2.01202 2.55397 2.06639 -2.90361 -1.0339 -0.405072 -0.184828 2.33421 -0.313977 -1.95743 -0.354154 -7.6723 5.73955 4.80599 0.201607 2.11559 -1.66008 -1.0701 0.708617 -0.42721 0.691047 0.27099 -2.28208 -3.78605 
4.49356 -0.342725 -0.265908 0.0555817 -0.323783 -0.0260659 -0.148066 -0.200075 -0.0434715 -0.0446851 -0.179922 0.0188539 0.237704 -5.37951 7.43431 0.0490161 3.76462 2.56307 -2.51276 -1.89282 -0.458915 -0.99191 2.31408 0.0632676 -2.89203 -1.4703 -6.24478 -0.984452 4.11939 -2.8375 -1.64965 -0.438356 -1.53303 -0.593107 -1.81506 -0.649152 2.82452 -2.29414 -3.93608 
4.46715 0.0123614 -0.389825 -0.113533 -0.431705 -0.263378 -0.258798 -0.135004 0.0607426 0.122567 -0.127521 -0.0528638 0.139656 -6.2459 6.77794 1.4439 3.99051 2.28613 -1.6492 -2.06215 -0.40636 -1.5598 2.04503 0.785524 -3.37192 -2.38533 -1.91207 -6.64925 3.14794 -1.72964 -2.51742 2.22819 -1.07259 -1.50085 -3.13789 -1.9859 3.13388 -1.21122 -1.92437 
3.96561 0.0604795 -0.226304 -0.148217 -0.350599 -0.246601 -0.308063 -0.134005 -0.0314151 0.0649721 -0.155281 -0.117838 0.051675 -6.20934 5.24495 2.20575 2.7328 1.74271 -0.936305 -2.14267 -0.787272 -2.15673 1.57604 1.38713 -3.46658 -2.60361 4.54162 -7.62568 0.468815 -0.00468593 -2.5846 3.91295 -0.0340524 -1.48245 -1.87495 -1.70862 2.38025 0.320763 0.300657 
3.74096 -0.00459266 -0.0242265 -0.00254146 -0.311102 -0.280579 -0.404636 -0.258649 -0.208789 0.0511269 0.0668661 -0.307133 -0.109923 -5.42295 2.9842 2.51047 1.53343 0.674618 0.230173 -1.76314 -1.309 -2.22733 0.936328 1.87232 -3.16383 -2.84198 7.03622 -4.74671 -1.98026 -0.095238 -1.32399 3.5398 1.26944 -0.361418 0.370504 -0.815822 -0.616695 2.00842 2.81167 
3.96218 -0.0744042 -0.0836726 0.0806359 -0.428177 -0.162261 -0.407932 -0.282081 -0.225738 0.0730207 0.0691506 -0.309253 -0.0884212 -3.03259 0.847028 1.47722 -0.252779 -0.647673 2.05116 -0.887778 -1.4373 -2.57293 -0.274732 1.68949 -2.40912 -1.66308 5.2229 -0.464327 -2.6491 -2.19508 -0.0941069 2.34688 2.65498 0.363373 1.6888 -0.862665 -2.40284 2.46975 2.90412 
3.98855 -0.0824754 -0.094578 0.0746706 -0.398034 -0.126952 -0.426358 -0.234592 -0.281653 0.0823567 0.064823 -0.291231 -0.0517801 1.00254 0.227411 0.0841777 -1.16575 -1.48201 3.85036 0.961156 -1.42474 -1.61136 -0.88156 0.625481 -0.571858 -0.974017 4.4096 2.24011 -3.27142 -4.49363 -1.23458 1.33085 3.34128 0.613189 2.70599 -0.836433 -2.8191 2.76243 1.54496 
3.955 -0.0709969 -0.0763646 0.021626 -0.387351 -0.034719 -0.42935 -0.322207 -0.248139 0.0666393 0.122619 -0.319588 -0.103981 5.19953 1.00126 -2.13752 -2.52381 -2.77846 4.27171 2.51827 -1.26281 0.545164 -0.728065 -0.444233 1.17491 -0.548766 4.48705 2.69205 -3.23301 -4.27682 -2.29194 0.85788 3.63369 0.664081 3.01298 -0.843543 -2.6996 3.12539 0.110317 
3.88255 -0.0787208 -0.0500278 0.0461366 -0.375036 -0.0461282 -0.391297 -0.34361 -0.261607 0.0786754 0.0443657 -0.338075 -0.0439088 6.96652 1.87808 -3.51008 -4.21461 -3.22821 4.40603 3.56127 -0.739064 2.13109 -0.376104 -1.78479 2.63208 -0.1579 5.40209 1.98417 -2.87829 -2.81655 -2.6245 0.329294 2.49154 0.420676 3.14358 0.243481 -1.29805 2.88604 -1.20571 
4.11727 0.022553 -0.208832 -0.23159 -0.488095 0.179439 -0.204563 -0.314858 -0.318363 -0.0890907 -0.0249027 -0.272617 0.0229001 6.95996 2.30959 -3.61786 -4.67865 -3.27818 3.91544 3.7922 -0.642431 2.76176 -0.283263 -1.85756 2.72754 -0.0789154 3.00405 0.267199 -1.09291 0.391738 -1.22758 -1.14948 -0.0441245 0.216519 2.65525 1.79522 -0.0403661 1.32332 -0.970087 
4.53504 0.133871 -0.370811 -0.352028 -0.677325 0.230572 -0.0974496 -0.303039 -0.0948763 0.00554484 -0.0710512 -0.061689 -0.111384 7.32908 2.1324 -3.66337 -4.25222 -3.28028 3.41208 3.46178 -0.604263 2.95576 0.100768 -1.83738 2.33249 0.287107 -2.21145 -1.45981 1.48259 2.66724 1.62765 -2.04519 -2.45545 0.0683155 -0.220039 1.6371 1.05485 -1.81341 0.851996 
4.61889 0.157529 -0.449303 -0.353808 -0.746337 0.246907 -0.0193349 -0.372772 0.0607423 -0.000881549 -0.11076 -0.0148005 -0.142049 7.51278 1.42026 -3.14628 -3.67797 -2.39735 2.40056 2.49057 -0.239548 2.64792 0.742929 -1.48034 1.69063 0.688709 -4.4378 -2.43031 3.13641 3.00383 3.53046 -2.23724 -3.72386 0.177617 -2.64047 1.14715 1.73469 -3.79573 1.99374 
4.67624 0.159417 -0.456289 -0.453707 -0.714703 0.281751 -0.0264167 -0.343011 0.0332911 0.0898659 -0.139582 0.00353385 -0.111095 6.3732 0.758412 -2.20506 -2.54843 -1.74297 1.67026 0.74483 0.0426699 2.28431 1.34152 -0.665739 0.986333 0.612565 -4.09944 -2.22225 3.04071 2.69673 3.08358 -1.8667 -3.65205 0.464702 -2.99667 0.282794 1.55489 -3.49251 1.75796 
4.69133 0.154163 -0.45019 -0.405485 -0.755156 0.300084 -0.0383069 -0.346235 0.0323698 0.0486161 -0.0963908 -0.0699318 -0.0277607 3.74841 -0.103632 -0.527334 -0.691152 -0.90936 0.471396 -1.16474 0.401919 1.66493 1.83177 -0.0719116 0.0848928 0.96794 -2.45539 -1.14524 2.06804 1.35576 1.32101 -1.00924 -2.78238 0.962428 -1.7946 -0.0416231 0.873524 -1.18041 0.334715 
4.74632 0.128943 -0.466802 -0.387575 -0.707856 0.294159 -0.0829413 -0.353458 0.00467978 0.0934184 -0.116825 -0.130609 0.037662 0.997587 -0.626134 0.893329 0.184939 -0.0910813 0.18111 -2.77742 0.884078 1.02159 1.15363 0.268118 -0.716668 1.44221 -2.2848 -0.00716747 1.5424 0.972912 -0.615304 -0.451419 -2.17838 1.19413 0.63082 -0.389962 0.326973 1.0873 -1.17265 
4.86304 0.0561296 -0.408304 -0.460215 -0.594199 0.237088 -0.138862 -0.349026 0.00671803 0.151381 -0.0736957 -0.17018 0.0322763 -0.242107 -1.69655 1.98229 0.886168 0.929445 -0.5051 -3.3272 1.59672 1.12071 -0.031055 0.234922 -0.590377 1.10904 -3.43167 -0.250937 1.40731 1.37752 -0.635658 -0.304608 -0.996831 1.19121 1.88197 -2.00554 -0.504716 1.80374 -1.34797 
4.79277 0.0890056 -0.403471 -0.38881 -0.71373 0.283111 -0.256877 -0.28874 0.0229741 0.177392 -0.0661795 -0.120078 -0.000895114 -0.015276 -3.91891 2.29038 1.61571 1.40607 -1.06078 -3.06005 1.84279 1.47038 -1.87784 0.0263784 0.176435 0.555334 -1.67346 -2.9387 1.12221 1.0353 1.25583 -0.801956 0.781578 0.789474 1.54129 -3.7784 -0.927321 1.52981 -0.823386 
4.72148 0.0886125 -0.334042 -0.340121 -0.765912 0.259691 -0.302283 -0.234363 0.0436461 0.162948 -0.0707557 -0.0963776 0.0576662 0.621763 -5.97428 2.20647 1.09111 1.27096 -1.53911 -1.95905 1.51652 1.48855 -2.81744 -0.608716 0.867927 0.466152 1.61523 -5.66056 -0.0288081 0.0291774 1.91811 -1.2304 2.76634 -0.493134 0.316549 -4.17302 -1.13828 0.768764 -0.105553 
4.6063 0.088739 -0.270805 -0.334825 -0.72614 0.28133 -0.439226 -0.212263 0.184914 0.101626 -0.0763998 -0.0928054 0.0292727 1.30979 -7.50621 1.99158 0.95935 0.823529 -1.93169 -0.680612 0.705138 1.56594 -3.20668 -0.710304 1.64212 0.503783 4.6425 -6.25491 -1.2976 -1.04677 0.780205 -1.43371 4.18307 -2.00782 -1.36868 -1.8505 -0.834636 0.62703 0.693028 
4.58413 -0.17084 -0.16675 -0.253801 -0.498551 0.143906 -0.366055 -0.143768 0.21699 -0.095625 -0.124895 -0.0795503 -0.00313862 1.38672 -8.55841 1.56669 1.51002 0.267333 -2.3959 0.832562 -0.229974 1.07816 -3.25551 -0.799425 2.10352 0.643375 4.11559 -3.03428 -1.9691 -1.21396 -2.106 -0.745054 3.64731 -3.09982 -2.07369 1.83761 0.138548 0.706384 0.962063 
4.85822 -0.564577 -0.212839 -0.219942 -0.50357 0.134454 -0.326621 -0.133428 0.163071 -0.27841 -0.132557 0.0175042 0.00711894 1.52422 -8.98534 0.542061 1.13515 0.469628 -3.0413 2.20328 -1.18627 0.0181492 -2.40338 -0.780041 1.67909 1.21618 -0.485126 2.21685 -1.96953 -0.353942 -3.13018 -0.379284 2.09196 -2.76112 -1.98902 4.68975 0.725505 -0.0521608 1.00703 
4.94892 -0.705715 -0.242988 -0.375136 -0.635353 0.0821223 -0.186125 -0.253875 0.140093 -0.234429 -0.208617 -0.0161674 0.12185 1.14032 -8.26519 -0.509741 0.729869 -0.243177 -3.12089 3.10175 -1.6821 -1.21402 -0.688824 -0.763104 0.854614 1.5332 -4.31 5.22425 -1.51744 0.822186 -1.82054 -0.0798704 0.219911 -0.806227 -1.84173 4.94474 0.947472 -1.2596 0.538966 
5.01097 -0.784573 -0.230034 -0.317561 -0.643029 0.0307345 -0.166832 -0.348842 0.182748 -0.126351 -0.146487 0.0914151 0.107622 -0.116022 -5.91807 -1.26172 0.178455 -0.399385 -3.29504 2.84126 -1.61781 -2.12949 0.863303 -0.23133 0.674332 1.75636 -5.97126 6.21831 -1.17294 0.062461 0.539997 0.0461513 -1.51416 1.41479 -1.52432 2.97702 0.596303 -2.19958 0.14474 
4.86937 -0.867796 -0.206729 -0.147359 -0.701313 -0.047101 -0.0844852 -0.371396 0.113664 -0.140993 -0.130351 0.129398 0.0851788 -3.03833 -2.13819 -1.4177 -0.77421 -0.131588 -2.79935 2.16438 -0.364314 -1.7401 1.86233 0.704626 0.424552 1.00008 -5.23584 5.97696 -0.391959 -1.97075 2.84813 0.357904 -2.17904 3.53914 -0.0739462 0.422979 0.800205 -1.67966 -0.882564 
4.76938 -0.869649 -0.364767 -0.227891 -0.652127 -0.106376 -0.0505853 -0.386715 -0.00469491 -0.0468073 -0.160519 0.0224079 0.212093 -6.80229 0.602784 -1.05753 -1.34489 0.898641 -3.05295 1.44182 0.656107 -2.04256 1.87137 1.50393 -0.318574 0.45292 -4.39519 4.53422 1.01132 -2.73401 2.95894 0.461755 -2.11916 3.78124 0.979858 -2.01057 1.60456 -0.155471 -2.0382 
4.70345 -0.855417 -0.366718 -0.26667 -0.74597 -0.10832 0.000941822 -0.356382 -0.0709092 0.086737 -0.192232 -0.0920859 0.234565 -9.02441 1.31019 -0.744378 -1.03096 2.22756 -2.72027 0.332599 1.43675 -2.29411 1.05873 2.12912 -0.0551354 -0.306659 -4.12632 2.06634 1.6792 -1.71081 2.68178 0.285907 -1.60718 1.97689 1.13782 -3.09765 1.94326 1.36392 -2.19771 
4.55212 -0.68429 -0.369361 -0.333529 -0.549654 -0.20054 -0.167588 -0.301231 -0.0410428 0.0415204 -0.0893151 0.0463363 0.196766 -10.1442 1.45341 -0.747513 -1.41574 2.60496 -2.21947 -0.0352162 2.45684 -1.88469 0.385627 1.46344 -0.289832 -0.544472 -2.59308 -1.62533 1.21364 0.782587 0.616325 0.630062 -0.179414 0.154281 0.533327 -2.15106 0.309721 1.06636 -1.27002 
4.23726 -0.519482 -0.308235 -0.438814 -0.439302 -0.175188 -0.0668309 -0.0482725 0.0874127 -0.0504593 0.0141458 0.0601747 0.022171 -10.0359 1.25275 -0.483379 -1.62483 2.64273 -1.44809 -0.218763 2.78724 -1.61022 -0.0218961 1.21081 -0.430272 -0.552005 0.484715 -4.06824 -0.0730345 2.53056 -1.46131 0.99246 0.362068 -1.63055 -0.834603 -0.356875 -1.89745 -0.110054 0.944152 
3.9623 -0.606791 -0.318624 -0.470595 -0.461471 -0.304859 -0.076616 -0.151162 -0.150021 -0.0894118 0.0632377 -0.0414856 0.11319 -8.8623 0.586118 -0.170755 -1.37057 1.637 -0.789856 0.0111168 2.34473 -0.948493 -0.222474 1.15963 0.0890212 -0.963513 4.22215 -3.1211 -1.08214 1.66743 -2.68118 1.91573 0.87237 -1.36141 0.306358 1.48632 -2.74152 -0.592586 1.45041 
3.84969 -0.732001 -0.310738 -0.345963 -0.371255 -0.258666 -0.150213 -0.22588 -0.161645 -0.0648016 0.0763195 0.0983537 0.0763453 -6.50715 -0.190476 -0.487606 -0.804361 1.73583 -0.453423 -0.31589 1.40705 -0.849385 -0.606705 0.590201 0.104943 -0.567262 6.62791 -0.549355 -1.03469 -0.0396915 -2.37872 1.51061 0.561057 -0.879719 0.960786 1.3894 -1.93253 -1.08738 1.18331 
3.75978 -0.738479 -0.376598 -0.358155 -0.411328 -0.249502 -0.0963811 -0.0385726 -0.0488598 -0.0314867 -0.0991039 0.0361216 0.0806791 -3.60154 -0.654944 -0.672059 -0.394119 1.16835 -0.328744 -0.227853 0.552751 -0.259635 -0.652545 0.0492727 0.120517 -0.308822 6.91101 1.67342 -0.255722 -0.92487 -0.059597 0.157783 -0.757986 -1.43608 1.41916 -0.30373 0.559206 0.420204 0.0381162 
3.69193 -0.734069 -0.359375 -0.381955 -0.430634 -0.200528 -0.0519944 -0.0384623 -0.183154 -0.0494553 -0.046123 -0.06172 0.145742 -1.09399 0.0337455 -0.839474 0.171933 1.17917 0.103585 -0.648237 0.593287 0.609836 -0.875764 -0.539155 0.115822 0.230242 4.88075 2.75626 0.32117 -0.336118 1.7233 -0.589199 -1.24171 -0.361515 2.38222 -1.80004 1.03332 1.16023 -0.766482 
3.8055 -0.733907 -0.408719 -0.49497 -0.565554 -0.189334 -0.0228616 -0.1259 -0.091462 0.0398075 0.00915856 0.0174514 0.0823319 1.37095 2.80038 -0.557479 1.19322 1.25674 0.15014 -0.778548 1.80852 1.73843 -1.02376 -0.898868 -0.169268 -0.221471 2.27428 3.90682 0.849053 2.12372 2.27949 -1.0557 -1.36501 1.33348 1.46114 -2.19538 0.044144 0.197996 -0.355721 
3.95992 -0.725608 -0.419038 -0.403219 -0.316956 -0.23125 -0.189052 -0.169168 -0.135448 -0.0786379 -0.0478168 -0.00264091 0.124917 7.45896 5.63509 -1.76638 1.74513 -0.0697537 0.47369 -1.2738 2.48167 1.77154 -1.16608 -0.618803 -0.856983 -0.346686 4.9635 5.37204 -0.535701 3.26878 -0.983253 0.380665 -0.473761 3.09044 0.968013 -0.473433 -0.589735 -0.794878 -0.484281 
3.97758 -0.629357 -0.397067 -0.437569 -0.28244 -0.312976 -0.184317 -0.131856 0.0372917 -0.168928 0.0271252 0.134127 0.04058 12.1734 7.18886 -2.57251 2.12629 -1.09938 0.736831 -1.80103 2.59559 1.60494 -1.33548 -0.147076 -0.656593 -0.634709 9.64306 5.12491 -2.48853 2.47913 -4.28195 1.6543 0.0299402 3.11397 -0.783693 1.23902 -1.00602 -2.15302 -0.073222 
3.88576 -0.498461 -0.397091 -0.357768 -0.267376 -0.171953 -0.147075 0.0790459 0.0969393 -0.220669 -0.0585562 0.0125854 0.10949 14.6813 7.96578 -3.27842 2.38974 -2.31764 1.11393 -1.60639 2.98551 1.83933 -1.30126 -0.45873 -0.58607 -0.907558 11.5705 2.35306 -3.28427 0.0322877 -5.63703 1.59439 0.277567 0.176201 -1.91847 1.77434 0.213273 -1.04316 -0.312452 
4.10209 -0.138528 -0.368078 -0.118412 -0.318058 -0.292941 -0.195374 0.151592 0.0356469 -0.152434 -0.123014 -0.0832489 0.0582196 15.4776 7.82222 -3.71234 2.3488 -3.04682 1.77489 -1.13339 2.9794 1.20478 -1.49205 -0.557861 -0.622381 -0.692485 6.26855 -2.53026 -2.52506 -2.89326 -3.67529 1.65711 0.815666 -2.38384 -1.22412 0.576328 0.951433 1.16546 -0.13923 
5.31777 0.0828663 -0.742776 -0.115931 -0.611053 -0.0910408 -0.306513 0.194648 0.0456241 -0.12782 -0.0587241 -0.0926857 0.0350828 14.9989 6.72934 -4.14947 1.82739 -3.98543 2.61107 -0.268841 2.08234 0.474029 -1.18184 -0.326151 -0.329891 -0.304365 -6.50454 -5.87045 0.799402 -2.90067 1.25791 0.453798 1.52687 -3.5749 -0.935329 -1.1194 0.544813 2.16707 0.699306 
5.45401 0.0915579 -0.75798 -0.225741 -0.687001 -0.11043 -0.279987 0.234692 0.0591403 -0.174954 -0.0576511 -0.0582587 0.0209094 13.4587 4.94873 -4.17391 1.29568 -3.5393 3.03154 0.209445 0.664606 -0.861088 -1.02313 -0.438933 -0.185059 0.3971 -12.7985 -5.74375 2.3335 -1.34805 3.94139 0.184712 1.85669 -3.305 -0.952685 -1.31821 0.0972663 1.85142 1.41425 
5.41581 0.111332 -0.762412 -0.209876 -0.763005 -0.0563371 -0.199253 0.184702 0.0736012 -0.193232 -0.06771 -0.0520884 0.00542684 10.6789 2.71233 -3.47628 0.144756 -2.3434 2.58652 0.564091 -0.839494 -1.1007 -1.10649 -0.269805 0.635603 0.578144 -11.5622 -3.81001 2.50422 -0.0551728 4.68434 -0.210343 1.05675 -1.84638 -1.20579 -0.504704 -0.594394 0.454092 1.74809 
5.48675 0.0881542 -0.812396 -0.219151 -0.704523 0.00170383 -0.210865 0.141373 0.0548514 -0.26746 -0.0729567 0.0214524 0.0272653 5.88304 0.481743 -2.34936 -0.833519 -0.680948 2.48458 0.85842 -1.30349 -0.948996 -1.33555 -0.377206 0.955324 0.95178 -6.16611 -1.30317 2.00983 0.279478 3.11648 -1.11771 -0.0576134 -0.370756 -0.74887 0.821828 -0.718543 -0.717332 0.818827 
5.47474 0.0561765 -0.864771 -0.157299 -0.6567 0.0820719 -0.18911 0.0728922 -0.0243149 -0.308288 -0.0660569 0.0254818 0.120171 0.438362 -0.553714 -0.416925 -0.926094 1.21719 1.42837 1.04487 -1.30593 -1.12015 -0.919597 -0.953073 0.844763 1.02341 -0.98616 -0.0947894 1.44772 -0.891578 1.1546 -1.55539 -0.893999 1.10004 0.480914 1.56376 -0.654091 -0.860696 -0.604221 
5.43368 0.0713894 -0.862716 -0.190144 -0.64405 0.0983915 -0.119499 0.0465063 -0.103636 -0.285131 -0.0997646 0.0156899 0.154735 -0.7799 -0.492507 0.132511 -0.892437 1.93197 0.913323 0.866931 -1.04369 -1.40192 -0.089636 -1.11225 0.506081 0.89646 -0.928993 0.203068 1.67858 -1.26075 0.349096 -1.94904 -0.920434 1.72851 1.01229 1.61381 -0.447321 -0.571871 -1.41972 
5.4701 0.036378 -0.820581 -0.248743 -0.581528 0.0665895 -0.138941 0.0321942 -0.0377316 -0.284408 -0.135951 0.0182703 0.137506 -1.67191 -0.557709 0.880702 -0.803598 1.84916 0.570947 0.421927 -0.51282 -1.09063 0.216359 -1.02199 0.308025 0.565693 -1.92128 0.375498 1.41457 -0.159752 -0.594088 -0.970278 -0.466353 1.36104 0.59701 1.05259 0.0857564 -0.208987 -1.30383 
5.45403 0.040647 -0.819106 -0.258125 -0.558491 0.0709688 -0.189228 0.0696046 -0.0332183 -0.285028 -0.138751 0.0159981 0.123748 -3.61467 -0.486805 1.52556 -0.20459 1.8778 0.0360775 0.478393 -0.278626 -0.551195 0.602995 -1.13269 0.190196 0.242165 -3.21294 0.141205 0.905845 1.35045 -0.486247 -0.118841 0.199004 0.240529 0.28704 0.196433 0.322351 0.245371 -0.478415 
5.41346 0.024289 -0.759499 -0.310984 -0.508996 0.0443675 -0.166362 0.0919513 -0.0698567 -0.225158 -0.195345 0.0290737 0.115899 -5.73368 -1.04762 3.16787 0.13183 2.19484 -0.427141 0.17233 -0.251556 0.0328517 1.15673 -0.407986 0.170317 -0.13831 -4.66151 -0.676128 1.4781 2.4396 0.0400771 0.341347 0.247698 -0.871882 0.491249 -0.175624 1.21155 0.174938 0.280196 
5.27832 0.0624164 -0.73473 -0.330671 -0.486325 0.0116103 -0.111283 0.0893908 -0.136358 -0.170604 -0.189617 0.0119199 0.109595 -6.5544 -2.88986 4.81204 0.101509 2.75796 0.0509157 -0.697995 -0.531083 -0.0730688 1.03071 0.746621 -0.102574 -0.638108 -3.61692 -2.86893 2.99209 1.43747 1.13618 0.714611 -0.823791 -1.33185 0.566085 -0.322519 2.04551 -0.196813 0.00575951 
5.17971 0.0148372 -0.664025 -0.233298 -0.559606 0.104678 -0.162399 0.0801794 -0.0504826 -0.253374 -0.161321 0.0301942 0.0949854 -6.06607 -4.69094 5.63896 -0.964244 1.83263 0.294678 -0.649659 -0.841437 -0.410357 0.973807 1.67783 -0.300395 -0.494662 0.126564 -4.74304 3.39879 -1.8861 0.922246 0.299738 -1.2403 -1.06812 -0.141126 0.145097 2.44441 -0.683036 -0.254077 
4.8962 0.00496632 -0.660829 -0.127476 -0.40489 0.0427149 -0.108552 0.02987 -0.0389295 -0.229972 -0.224907 0.0646513 0.134667 -4.64326 -6.31162 5.76832 -2.18256 0.909943 -0.295045 -1.45936 -1.02653 0.231674 0.740193 2.61738 -0.167998 -0.553769 5.24915 -5.11586 1.88856 -4.89448 -1.54855 -0.249143 -1.97846 -0.0663669 -0.213613 -0.0254113 2.56494 -0.655349 -0.593982 
4.63356 -0.150582 -0.32359 -0.160929 -0.316362 0.0128397 -0.161994 -0.00645882 -0.0324714 -0.104596 -0.0487957 0.0263977 0.125443 -3.09362 -7.54986 5.0609 -2.70448 0.420265 -0.728803 -2.0283 -1.13917 0.419808 0.716432 2.94123 -0.0667532 -0.340454 7.9477 -3.01794 -2.30599 -4.69888 -3.309 -1.15857 -1.30183 0.63859 -0.00405634 -0.403937 0.539874 0.154067 -0.0843299 
4.75985 -0.490653 -0.135456 -0.315374 -0.217583 0.150482 -0.318036 -0.0344643 -0.127836 -0.182787 0.0560955 -0.0406557 0.00402436 -0.89897 -7.78722 3.99938 -2.96342 0.487942 -1.3328 -2.21589 -1.01141 0.195213 0.500784 2.78204 -0.454302 -0.109255 5.9181 1.26972 -5.44249 -1.0346 -2.84021 -2.36917 0.188646 0.860182 0.474276 -0.290618 -1.39362 0.505803 1.01979 
4.95971 -0.636083 -0.160008 -0.572694 -0.495726 0.0886117 -0.207616 -0.0360282 -0.112407 -0.163076 0.0729199 -0.0261828 0.0925932 0.539759 -7.28154 2.81396 -3.3875 0.00871629 -1.89233 -1.78258 -0.690199 -0.0816503 1.08288 2.56192 -0.475234 -0.28238 1.21954 3.92793 -5.05721 3.27065 0.145022 -1.69129 0.824213 0.645162 0.351352 0.123653 -2.15728 0.336893 0.629781 
5.02931 -0.724089 -0.211388 -0.633223 -0.536139 -0.0824521 -0.419853 -0.00745548 0.0478495 -0.177644 0.163409 0.0426779 0.0479562 1.54852 -6.05858 1.12846 -3.44216 -0.577403 -1.7944 -1.45016 -0.107936 0.120505 1.23621 2.19151 -0.310601 -0.429052 -2.7021 4.66359 -2.83114 4.17361 2.26873 0.0855747 2.29167 0.413036 -0.63399 1.01425 -2.02293 -0.214076 0.135068 
4.97091 -0.823932 -0.270133 -0.543517 -0.445335 -0.0861951 -0.367031 -0.0460184 -0.0498711 -0.0977154 0.0878217 0.0438322 0.110871 0.73395 -4.11638 -0.322506 -1.86492 -0.204279 -1.61558 -0.788856 -0.18087 -0.268412 0.866637 0.807042 -0.18142 -0.0559028 -4.17228 3.61053 0.385438 2.58964 2.0851 1.60287 1.71034 0.162676 -0.814439 0.671223 -0.801994 -0.441368 -0.603632 
5.06208 -0.769408 -0.29592 -0.483047 -0.339577 -0.134794 -0.344725 -0.042758 -0.111419 -0.173697 0.0944484 -0.0877523 0.121935 -1.16667 -2.04792 -0.389512 -0.343515 -0.149401 -2.14741 -0.289802 -0.147398 -0.501657 0.630066 0.11268 0.216689 0.637849 -3.76072 1.70149 1.88963 0.577418 0.163102 1.71645 0.493558 -0.122805 -0.799234 -0.424799 -0.463294 0.545988 -0.175686 
4.9542 -0.829732 -0.241962 -0.542738 -0.462286 -0.127522 -0.302942 -0.0248719 -0.0517499 -0.0295868 0.144505 -0.00386229 0.0302423 -3.35103 -1.36491 0.245273 0.448325 0.424521 -1.38355 -0.979369 -0.252326 -0.0778874 0.631356 0.217537 0.210949 0.384896 -2.7169 0.698942 1.68434 -0.246353 -1.19642 0.571744 -1.08615 -0.428903 0.148378 -1.49217 -0.271983 0.74384 1.03251 
4.88893 -0.813977 -0.332171 -0.625116 -0.391399 -0.114275 -0.312183 0.0233402 -0.0181872 0.00193862 0.155092 0.0157405 0.0352797 -4.53941 -0.683394 1.23102 0.59285 -0.265912 -0.0746361 -0.494673 -0.421694 -0.433389 0.126187 -0.576102 0.257582 0.439373 -1.85379 0.13575 1.76446 0.315585 -1.90714 0.228611 -1.90551 -0.642139 0.712659 -1.82221 -0.554153 0.684328 0.947584 
4.71479 -0.829031 -0.19457 -0.447375 -0.302931 -0.0713361 -0.334717 -0.0917823 -0.172323 -0.0942127 0.0601646 -0.0398071 0.100706 -6.1867 0.388642 0.624182 0.476099 -1.07673 0.388631 -1.11375 0.245425 0.909818 -0.585702 -0.897227 0.831881 0.293449 -1.62875 0.791576 -0.514572 0.0602698 -1.9003 0.768055 -1.15751 0.581357 2.0637 -0.934182 -0.79928 0.676482 0.0858475 
4.72623 -0.811529 -0.153564 -0.49949 -0.467663 -0.240166 -0.365018 -0.0501827 -0.174826 -0.183741 0.0838193 0.0491271 0.183897 -7.36512 2.91708 -0.0832365 2.3792 -0.290383 0.677084 -0.918521 1.10379 1.37931 -1.50757 -1.47724 0.874172 0.31683 -1.85866 3.76638 -2.47683 2.07864 0.674072 1.71357 0.448432 1.90041 2.2009 -0.78033 -1.21196 -0.302383 -1.08995 
4.5206 -0.898039 -0.170776 -0.573466 -0.4992 -0.151549 -0.517877 -0.0607069 0.0730455 -0.046324 0.185664 0.037664 0.113608 -4.63253 5.80932 -1.40298 4.09459 -0.354933 0.443526 -0.481327 1.35287 1.41117 -2.13638 -1.94542 0.443706 0.472695 1.64957 6.99969 -3.76472 4.0988 1.67104 0.685134 2.36499 2.3247 0.527593 -0.967625 -1.51636 -0.497373 -0.978997 
4.45996 -0.818473 -0.0611765 -0.478167 -0.538014 -0.0134563 -0.412297 -0.0814226 -0.0908386 -0.163462 -0.0275988 0.0522461 0.10715 -2.07926 7.50932 -2.08479 5.11939 -1.11415 0.230654 0.167562 1.60375 1.10817 -2.03001 -1.82218 0.0906018 -0.209901 6.03242 7.11183 -3.73257 4.22375 1.45605 -1.19564 2.31603 1.49539 -0.777026 -0.362384 0.0287504 -1.10283 -0.64988 
4.1333 -0.656432 -0.37039 -0.444195 -0.528166 -0.0365542 -0.474114 0.0806347 0.13891 -0.197029 -0.0477105 0.117694 0.116485 0.604773 8.30753 -3.18988 5.57775 -1.57112 0.101611 0.89781 2.02771 0.756249 -1.85219 -1.50468 -0.0135931 -0.937652 9.76901 3.05309 -0.597405 2.70368 -0.737065 -1.88075 1.84855 -0.780745 -3.18556 0.185555 1.07292 -1.27299 -0.573883 
4.09951 -0.150612 -0.361854 -0.00410559 -0.240387 -0.0641045 -0.350129 0.198672 0.0653975 -0.35428 -0.0707297 0.00200287 0.0973 2.72986 8.08264 -3.49318 6.37567 -1.20321 -0.12013 1.55496 1.78906 -0.246225 -1.80125 -1.53204 -0.231982 -1.26455 8.50644 -3.91104 1.10815 -1.63122 -3.44244 -1.74666 0.294347 -2.00873 -2.84 1.2184 1.64554 0.0537425 -0.586253 
4.74544 0.0405115 -0.505632 0.00823016 -0.534072 -0.128337 -0.313296 0.103448 0.0617403 -0.250181 -0.0906922 0.0378371 0.113198 4.89128 7.06328 -3.11947 6.31912 -1.71881 -1.10895 2.12014 1.72333 -1.38764 -1.7691 -1.23372 -0.169552 -1.18493 1.20221 -7.91113 2.42963 -3.12986 -1.95556 -0.476348 -0.60462 -1.3047 -1.56204 1.01929 1.27016 0.589156 -0.672187 
4.75632 0.0203358 -0.466023 0.0330178 -0.602976 -0.13064 -0.304743 0.118092 -0.0532706 -0.265642 -0.051693 -0.0162876 0.0160148 5.97437 4.83688 -2.40636 5.17491 -2.43913 -1.70709 1.76439 1.64736 -1.38862 -0.690434 -0.149651 -0.23786 -1.31716 -2.98277 -7.04666 2.21209 -2.80723 -0.367971 0.0489263 -0.514204 0.0310268 -0.0736877 0.74238 0.214238 0.951645 0.1465 
4.82112 -0.0122874 -0.515097 0.138318 -0.651196 -0.127022 -0.273303 0.136838 -0.107833 -0.346201 -0.0654096 0.0183299 -0.00512764 6.38993 2.21779 -0.759133 3.75496 -3.26317 -1.80361 1.89664 0.849351 -1.87334 0.290375 0.269888 -0.27254 -1.37932 -4.46585 -3.66974 1.45888 -2.2481 0.576452 -0.240857 -0.373909 0.827021 1.61069 1.52716 0.400507 0.343108 0.543529 
4.8821 -0.0488224 -0.532384 0.191891 -0.62051 -0.207056 -0.253689 0.143464 -0.100215 -0.344766 -0.0880924 0.0598633 0.00320141 4.75319 -0.33921 -0.214258 1.91854 -3.91596 -1.82587 1.01094 0.737798 -0.902498 1.18453 0.726487 0.14189 -1.28593 -2.82424 -0.297119 1.33628 -1.3025 0.296821 -0.135647 -0.383621 0.519726 1.8225 1.863 0.85757 -0.512005 0.421007 
4.91871 -0.0742656 -0.498842 0.203234 -0.714868 -0.221718 -0.21855 0.193505 -0.113793 -0.300194 -0.0733049 0.0438177 -0.0235352 1.73491 -0.862568 0.630227 1.69858 -2.71416 -2.07443 0.660561 0.937337 0.00516758 1.19145 1.03103 0.0494269 -0.983611 -1.12564 0.872191 0.768672 -1.17073 -0.253342 -0.43075 -0.860248 -0.651114 1.93491 1.54509 1.00324 -0.425202 0.433979 
4.95428 -0.0835727 -0.478795 0.199468 -0.788428 -0.230208 -0.221092 0.26502 -0.123266 -0.239448 -0.0434551 0.024135 -0.0404928 0.486582 -0.747579 1.0884 1.08773 -1.89604 -2.63609 0.433456 0.192185 1.08501 1.29204 1.01591 0.173921 -0.33756 -2.31361 0.649477 0.78308 -0.709588 1.09516 -0.832012 -0.997941 -1.69738 1.65812 -0.179385 0.549054 -0.0797072 0.537454 
4.97162 -0.0775859 -0.459272 0.204645 -0.838146 -0.297084 -0.15687 0.191839 -0.0884241 -0.165771 -0.000288305 0.0109318 -0.0534288 -3.64496 -0.758815 2.32905 -0.170765 -0.643478 -2.19226 0.155506 -1.17046 1.81646 1.78196 0.341927 0.145627 -0.0437194 -5.86125 -0.0545407 1.32634 -0.949323 2.93335 -0.144125 -0.867073 -2.4681 1.25866 -1.25303 -1.11319 0.521457 0.88739 
4.9948 -0.079393 -0.447866 0.228764 -0.882677 -0.320554 -0.270226 0.229197 -0.011116 -0.146055 0.0409441 0.031071 -0.0663576 -7.49146 -1.6543 3.31336 -0.666694 0.796582 -0.972654 -0.113446 -2.50303 1.64517 1.61001 -0.155925 0.348273 0.830121 -9.27346 -1.5391 2.18748 -1.41169 4.28128 1.45506 0.0367094 -3.23484 -0.0262054 -1.09206 -2.36535 0.757042 1.57698 
4.90701 -0.0589972 -0.403003 0.251008 -0.867383 -0.413689 -0.240409 0.196564 0.0274745 -0.158554 0.0538663 0.027306 -0.0358511 -8.4448 -2.1252 3.85322 -0.92961 1.37656 0.256489 -0.00349395 -3.06474 1.68888 1.24601 -0.0931637 0.352451 0.687554 -7.47112 -2.35743 2.23618 -1.43309 2.81542 3.71166 0.567179 -2.20414 -1.0324 -0.244796 -1.76063 0.360066 0.796262 
4.74397 -0.115411 -0.330146 0.201644 -0.752942 -0.499072 -0.228201 0.0788936 0.065609 -0.216328 0.0300559 0.0430783 -0.00307975 -7.0572 -1.58569 3.07105 -0.838975 1.46851 0.507089 -0.0716387 -2.64251 1.05067 0.321926 0.353253 0.186004 0.234917 0.55105 -0.842484 -0.0826019 -0.192148 -0.375429 3.62771 0.482079 0.736743 -1.86885 -0.0885904 0.585892 -0.411523 -0.751113 
4.0092 -0.160729 -0.140167 0.0571009 -0.612922 -0.337502 -0.23033 -0.0999224 0.123242 -0.0912069 -0.153224 0.0738472 0.0012775 -4.30148 -1.01742 1.95368 -0.419081 0.49186 0.59654 -0.315654 -1.03235 0.105184 -0.0514209 0.976677 -0.00184579 -0.351968 12.1396 1.72869 -3.61397 1.83941 -4.09527 0.402714 -0.0197822 4.44257 -2.18386 -0.888221 3.56077 -1.06636 -2.25798 
3.81268 -0.386279 -0.0614424 0.122138 -0.508258 -0.199798 -0.248776 -0.170341 0.00988849 -0.112368 -0.117428 0.110844 0.169021 -1.44004 -0.563222 0.796564 0.22968 -0.419697 0.434141 0.193709 0.152103 -0.850962 -0.0209098 1.28728 -0.41743 -0.807029 16.1193 4.03625 -5.43094 2.55915 -5.44633 -2.98902 -0.340928 6.09149 -1.47961 -0.95534 3.58768 -1.33162 -3.0663 
4.20763 -0.32796 -0.0375351 0.109381 -0.725901 -0.115565 -0.172437 -0.0627011 0.0835457 -0.103714 0.0380741 0.032439 -0.0519549 0.884901 0.117084 -0.303546 0.672453 -1.09084 0.284943 0.381769 1.12254 -1.43068 0.140237 1.83205 -0.927861 -1.46348 8.93351 3.31899 -4.26827 2.04915 -2.53388 -4.1956 -0.0647193 3.71985 -1.15895 -0.317737 1.18099 -0.901621 -1.18302 
4.57849 -0.113339 -0.286256 0.162963 -0.756308 -0.319 -0.240572 0.0691883 -0.0240212 -0.23919 0.147045 0.00298349 -0.10984 2.3523 1.00266 -1.10434 1.0088 -1.30611 -0.551492 0.869634 1.86651 -1.71878 0.0294619 2.16878 -1.19522 -1.90457 -2.77352 0.475939 -0.196708 0.173108 1.40511 -2.09441 1.09453 -0.536777 0.0157258 0.85321 -1.60358 -0.247897 0.509031 
4.79099 -0.104283 -0.34197 0.239917 -0.941869 -0.372995 -0.286867 0.245698 -0.0665546 -0.162185 0.209072 0.0120279 -0.143782 2.26418 1.9075 -1.53199 0.659373 -0.459801 -1.98647 1.34876 1.8391 -1.54291 -0.151315 1.8553 -1.16924 -1.98378 -11.9895 -0.936235 2.84547 -2.14345 5.21301 0.125688 1.88335 -4.17448 0.994999 0.985389 -3.3432 0.357655 1.4129 
4.75493 -0.145462 -0.342103 0.300774 -0.901808 -0.38806 -0.195243 0.225919 -0.0985953 -0.134001 0.140041 -0.0314285 -0.120478 -1.80851 2.54051 -0.676661 -1.02334 1.15372 -2.48371 1.28608 0.863302 -1.09443 0.846693 0.238416 -1.2043 -1.33041 -13.061 -0.830642 3.7592 -3.85937 5.75836 0.990888 0.921601 -4.46947 1.23731 0.974485 -3.04054 0.684016 1.83478 
4.53766 -0.103646 -0.312816 0.24316 -0.801957 -0.378166 -0.143467 0.134238 -0.103667 -0.118045 0.182123 -0.0909045 -0.171427 -6.82927 1.70172 0.609449 -2.27175 3.30128 -1.97116 1.37049 -1.05159 -1.39856 2.09349 -1.65125 -1.06661 0.588876 -8.24793 -0.122062 2.84567 -4.01794 3.60907 0.970347 -0.250947 -2.85272 0.708288 1.66725 -2.77195 0.462557 2.09486 
4.31873 -0.0838847 -0.260306 0.192348 -0.686925 -0.447959 -0.0740983 0.09467 -0.102138 -0.163399 0.149256 -0.0559236 -0.181987 -10.1504 0.771962 2.18888 -3.37137 4.05311 -0.750361 1.8845 -2.63647 -1.12529 3.02111 -2.71526 -1.04928 1.5753 -2.51772 -0.123522 1.14858 -2.49514 0.62143 1.08168 -1.12979 -1.27472 -0.518709 2.23308 -1.98387 -0.132852 2.60617 
3.98658 -0.0147748 -0.222413 0.0679445 -0.519468 -0.499434 -0.0499662 0.0234423 -0.0662157 -0.109894 0.0403147 -0.0231128 -0.169015 -11.8737 0.396963 2.79401 -3.98138 4.52942 -0.122686 1.59504 -3.11976 -1.10672 2.57898 -3.1657 -1.19623 2.51948 1.82394 -1.37326 0.326017 0.0959195 -2.29668 1.73285 -1.02372 0.290375 -1.15817 1.28597 -0.542111 -0.721283 2.42884 
3.71955 -0.000926185 -0.112212 -0.118123 -0.444322 -0.467051 -0.138196 -0.00399869 -0.103061 0.0550098 -0.0538729 -0.0933791 -0.0328029 -11.7113 -0.385967 3.18706 -3.88444 4.42161 0.878203 0.0374022 -2.85766 -0.963417 2.27151 -2.4944 -1.44214 2.45385 3.38478 -2.30036 -0.189933 2.44321 -2.42993 2.08147 -1.01392 0.861096 -0.526564 -1.34497 1.44986 -0.848817 0.347186 
3.65577 -0.046987 -0.095933 -0.134649 -0.399493 -0.419122 -0.0553336 -0.126769 -0.206099 0.180212 -0.141975 -0.138246 0.0654794 -11.4379 -2.17501 2.36642 -3.61909 3.79549 1.87904 -0.51919 -2.06387 -0.892878 1.47649 -1.82703 -1.30186 2.38173 1.4899 -2.98894 -0.935703 2.30713 -1.24098 1.97158 -1.60823 1.78984 0.811318 -3.71095 3.18296 -0.245607 -1.87807 
3.54776 -0.0578064 -0.061111 -0.145704 -0.449178 -0.402182 0.00500465 -0.167921 -0.207816 0.162745 -0.136075 -0.132602 0.0825983 -11.8773 -3.69405 1.22651 -2.99364 3.10079 2.58105 -0.82591 -1.51532 -0.613702 0.808845 -0.647923 -0.813917 1.68915 -1.62366 -3.38572 -2.04779 1.16547 0.37692 1.27575 -1.59846 1.92929 1.53782 -3.65169 3.28936 1.0111 -2.94564 
3.31868 -0.119853 0.000323793 -0.154049 -0.41087 -0.367824 -0.0663345 -0.083692 -0.209873 0.0562684 -0.162434 -0.178115 0.178031 -11.3488 -4.69635 -0.346084 -2.44255 2.58412 3.27408 -0.497447 -1.31443 -0.653285 -0.532472 0.632786 0.302231 0.82907 -2.70328 -2.48139 -3.51919 -0.372796 0.7917 0.702273 0.0378528 0.558549 1.0984 -1.83719 2.4064 2.65006 -2.83173 
3.20953 -0.234784 0.0885895 -0.152756 -0.238588 -0.219232 -0.281952 -0.156201 -0.171985 0.0675429 -0.0369036 -0.259432 0.0399752 -8.77444 -5.09045 -2.00635 -1.67512 2.70122 2.64872 -0.686937 -1.2642 -0.114804 -1.09291 1.42649 1.29146 -0.214099 0.738997 -0.558256 -4.24742 -0.668763 -0.120411 -0.991028 1.65293 -0.48187 0.136402 0.33247 0.542193 3.31291 -0.963927 
2.88698 -0.467464 -0.107026 -0.284892 -0.242424 -0.161974 -0.14499 -0.0990274 -0.176484 -0.0321437 -0.0130896 -0.176432 0.0551601 0.0606899 -4.4813 -3.17561 -1.85899 2.31826 2.00092 -0.313176 0.142899 1.1821 -0.942481 1.24449 1.49972 -0.799031 13.5096 2.37401 -2.82153 0.308668 -0.939324 -2.19929 1.89311 -0.233752 0.485327 2.05022 -1.21949 1.69009 0.116785 
2.51338 -0.532734 -0.164683 -0.269269 -0.219534 -0.192527 -0.13468 -0.126976 -0.137457 0.00521921 0.0239585 -0.0514198 0.00764379 7.60487 -2.96391 -4.14548 -1.78213 2.55357 1.609 -0.408439 0.776334 1.69631 -0.492938 0.675147 1.172 -1.05018 24.0893 4.52917 -0.945776 0.733246 -0.956032 -2.10278 0.614591 1.39682 1.30267 1.84592 -2.24212 -1.32319 0.606007 
2.52297 -0.535524 -0.30146 -0.352448 -0.173212 -0.0611187 -0.0603976 -0.229734 -0.227506 -0.0756901 0.0509023 0.0717758 0.023733 13.8938 -0.989889 -4.85678 -1.83564 1.43523 1.08056 0.0556683 0.676778 1.68143 -0.464685 -0.115385 1.22421 -0.88498 23.7882 5.03474 0.807285 0.758198 -1.22264 -1.47674 -0.980579 2.56422 1.72488 0.657787 -2.49163 -3.33461 0.627975 
3.00066 -0.58277 -0.38103 -0.279059 -0.0956602 -0.229665 -0.216626 -0.259465 -0.159234 0.0745763 0.0407396 0.0309563 0.0131772 17.3238 0.830695 -5.17905 -2.13208 0.270931 0.41831 -0.0145013 0.900327 1.30111 -0.547632 -0.665327 1.04117 -0.297633 9.97589 4.0297 1.10288 -0.525211 -1.66304 0.489195 -1.27624 1.54749 0.214196 -1.3203 -1.16083 -2.54461 0.272613 
4.65316 -0.491268 -0.435685 -0.371053 -0.20866 -0.20831 -0.00719118 0.0433276 0.0531748 0.092279 -0.0853478 -0.0629332 0.00301942 17.5765 2.57639 -4.1544 -2.10263 -0.670746 0.449704 -0.452811 0.837665 1.04775 -0.493537 -0.441097 0.742196 -0.00737315 -13.0539 1.79365 0.762258 -1.15312 -2.04408 1.08569 -1.12563 -1.26631 -2.23822 -2.14842 1.00082 0.40898 0.599652 
4.64355 -0.329214 -0.487056 -0.348442 -0.0512097 -0.139564 -0.195274 0.0152056 0.0253547 0.0198726 -0.0799223 -0.133235 -0.0274324 13.7141 3.88152 -3.27762 -2.08131 -0.612923 0.281038 -0.37954 1.23272 0.38447 -1.25492 -0.288718 0.373906 0.145519 -23.8137 0.332367 1.20691 -0.855426 -1.64724 0.316091 0.4047 -2.02709 -2.95099 -1.48648 2.14147 2.41049 0.572652 
4.7117 -0.272092 -0.563721 -0.420666 -0.240447 -0.124983 -0.165839 -0.0811081 -0.0469055 -0.103701 -0.127083 -0.0440526 0.0320287 9.35201 5.89673 -2.58145 -2.72393 -0.887526 -0.337961 -0.36099 1.3174 0.17691 -0.957195 0.185084 -0.155534 -0.168059 -19.7897 1.38884 1.50848 -0.597302 0.450152 -0.818717 1.12346 -0.955905 -1.8024 0.423686 2.26161 1.37162 -0.191156 
4.57431 -0.286463 -0.668909 -0.539709 -0.247637 -0.132081 -0.252945 -0.0839155 -0.0954681 -0.0650163 -0.0317376 -0.0238379 0.00563203 4.43303 6.75844 -2.47459 -2.74066 -1.44762 -0.0797559 0.0959964 0.931019 -0.538275 -0.959338 0.814028 -0.350263 -0.779521 -5.50334 2.73888 1.30501 0.586787 1.11613 -1.74811 1.34267 0.593454 0.213992 1.85854 0.852967 -1.14847 -1.25965 
4.23031 -0.203175 -0.609821 -0.556264 -0.366528 -0.0854751 -0.122111 -0.0648869 -0.0824862 -0.0751701 0.0375663 0.0873922 0.0608302 -0.824947 6.53458 -2.15386 -2.46204 -1.27971 -0.357684 0.344773 0.273662 -1.19768 -0.465188 1.26358 -0.51437 -0.997479 8.04638 2.38536 0.147341 0.665069 0.966481 -1.21651 1.04369 1.41773 1.15887 2.02033 -0.671537 -3.22916 -1.86834 
3.85993 -0.0145626 -0.576868 -0.494006 -0.143843 -0.173623 -0.125458 0.000901858 -0.156967 -0.19011 0.00845338 0.0530212 0.0127208 1.03758 5.71997 -1.87221 -2.29378 -1.65723 0.0256975 1.18601 0.889535 -0.999543 0.341752 1.01403 -1.11047 -0.927235 11.256 -0.716046 -0.75029 0.54622 -0.762753 0.924671 0.1857 0.493388 0.80371 1.7218 -1.07693 -2.91833 -0.87545 
4.44525 0.357769 -0.667411 -0.731798 -0.230916 -0.250928 -0.147143 -0.0167701 -0.086942 -0.0115269 0.0478847 -0.0861685 -0.055111 3.03906 4.89801 -1.59853 -1.59746 -1.31743 0.718591 1.3913 1.0785 -0.539419 0.707372 0.690891 -1.95476 -0.986309 5.65538 -4.94868 -0.397715 1.31666 -1.57073 2.77358 0.381296 -0.276632 -0.0894331 -0.140049 -1.25444 -0.723192 0.887875 
4.77701 0.295508 -0.769452 -0.586984 -0.363037 -0.210487 -0.133502 0.0214599 -0.0886593 0.0104551 0.0589721 -0.165172 -0.165382 5.01574 3.77874 -1.27662 -0.888471 -1.67192 1.64955 1.471 0.711873 -0.355166 0.501165 -0.0128999 -2.12459 -0.628269 -1.51651 -5.48169 0.717472 0.829249 -0.759777 3.22631 0.0958302 -0.908098 -0.34811 -1.07008 -0.85774 1.18457 2.19912 
4.65865 0.290931 -0.733518 -0.663514 -0.325432 -0.17118 -0.00854609 0.053679 -0.125341 -0.0317683 0.0288448 -0.16573 -0.10109 6.32133 1.97726 -1.17636 -0.648836 -1.70409 2.21083 1.00847 0.433331 -0.600357 0.722471 -0.527851 -2.09849 -0.169336 -4.37197 -3.7156 1.39773 1.02447 -0.136293 2.07323 -0.472896 -1.11032 -0.276213 -0.951395 -0.54785 1.93039 1.99664 
4.78765 0.24729 -0.763091 -0.672228 -0.377981 -0.017925 -0.0702037 0.071782 -0.167995 -0.00228514 0.00870377 -0.205536 -0.0449096 5.49329 0.217746 -0.869192 -0.268552 -1.91788 2.67557 1.01715 0.0123513 -0.545693 0.732906 -0.922162 -1.18182 0.596973 -4.33778 -1.02049 1.31052 0.808141 1.20275 -0.540824 -0.63327 -0.906393 -0.0745776 -0.418616 -0.593258 1.76304 0.868392 
4.86802 0.227525 -0.782723 -0.643773 -0.437796 0.0211163 -0.00984232 0.00732215 -0.123015 -0.0457483 0.00704007 -0.215359 -0.0511563 2.19695 -1.02265 -0.2 0.557439 -0.975169 2.36184 0.958447 -0.0226777 -0.805267 0.18289 -1.34024 -0.0199974 1.1318 -2.06318 0.684744 0.699598 0.208706 1.58439 -2.3332 -0.700159 -0.0994432 -0.0390516 0.767626 -0.578081 1.34361 0.0224451 
4.83276 0.220981 -0.74875 -0.624155 -0.471468 0.102576 -0.0316739 -0.0131564 -0.13875 -0.0506436 -0.00743314 -0.178754 -0.0271353 1.09142 -0.861624 0.433003 0.54463 -0.445442 1.51584 0.381648 -0.0820831 -0.592745 0.367837 -1.54797 0.515711 1.41616 -0.988039 0.429355 0.2972 0.597412 1.47093 -2.94048 -0.472021 0.673524 0.10569 0.783228 -0.554038 0.840614 -0.41214 
4.86698 0.191659 -0.718934 -0.643563 -0.439655 0.0759197 -0.0248061 0.0293629 -0.208369 0.0211433 -0.0494923 -0.188713 0.0162928 0.708698 -0.938851 0.904952 1.29826 -0.23451 0.653168 -0.159113 -0.0811468 -0.478876 0.551276 -1.42439 0.808341 1.2171 -1.19661 0.0775862 0.61376 0.792114 0.883009 -2.06753 -0.408592 0.649983 0.38555 0.0855552 -0.0704103 0.531774 -0.250864 
4.83674 0.217572 -0.753575 -0.613671 -0.384453 0.0455276 -0.0135139 -0.00171268 -0.177857 0.00265778 -0.110401 -0.146327 0.0268041 -1.13946 -0.826943 1.40967 1.87634 0.585748 -0.628213 0.00183072 -0.00146264 -0.424966 0.574557 -1.21558 0.973283 1.24362 -1.5253 -0.458856 1.05809 1.21966 0.172625 -0.960499 -0.507746 0.356241 0.251357 -0.149227 0.738981 -0.153676 0.0670392 
4.83425 0.216771 -0.740197 -0.594417 -0.378163 -0.00615544 0.000974528 0.0283326 -0.187158 0.0256774 -0.116944 -0.100506 0.0205641 -3.02556 -1.15162 1.94883 2.50111 1.3371 -1.29471 -0.477827 -0.170801 -0.121239 0.62492 -1.3216 1.09878 1.62103 -3.19293 -0.816561 1.34382 1.57691 0.403376 -0.350821 -0.43476 -0.667432 0.526024 -0.481143 0.77298 -0.403324 0.600195 
4.89388 0.159547 -0.676898 -0.53198 -0.431149 -0.000722268 -0.069835 0.0511861 -0.164213 0.0401358 -0.144994 -0.121429 0.0446982 -3.13478 -2.72181 2.9193 3.28843 1.04834 -0.922055 -0.872036 -0.544825 0.429329 -0.35715 -0.502518 1.24406 1.14083 -3.39269 -1.93916 1.66838 1.50022 0.525565 0.538595 -0.437526 -1.31761 0.657001 -1.22243 1.09385 0.0861771 0.250549 
4.77205 0.128254 -0.591982 -0.471434 -0.395754 0.00710767 -0.0585492 0.035473 -0.206048 0.0251967 -0.124246 -0.0922584 0.0866346 -2.31257 -4.88893 3.99979 3.29357 0.0166976 -0.487829 -1.52647 -1.19747 1.38562 -0.698123 -0.0267694 0.988627 0.553138 0.0547981 -3.9775 1.82269 0.428378 -0.7338 1.00023 -0.9819 -1.49717 1.50832 -1.20956 0.867797 0.0223156 -0.841378 
4.55238 0.139446 -0.584338 -0.390771 -0.298608 -0.0923039 -0.0205805 0.0183895 -0.204532 0.0416222 -0.111083 -0.105255 0.125668 -0.999374 -7.17154 4.25249 2.47957 -0.767551 -0.390897 -2.15164 -1.62688 2.06317 -0.774187 0.780888 1.4957 -0.0264461 4.80811 -5.71941 1.24329 -1.47414 -2.52616 1.3096 -1.62542 -1.26899 2.17363 -0.957649 1.05157 0.74714 -2.08032 
4.35509 0.0469787 -0.501471 -0.300019 -0.243441 -0.110434 -0.106667 -0.0753172 -0.108559 0.0298861 -0.199597 -0.0502406 0.199853 -0.0120697 -8.65386 3.94428 1.323 -1.68325 -0.112436 -2.18041 -1.90216 2.56234 -1.03992 1.17303 1.73777 -0.237546 7.14496 -5.04488 -0.312094 -3.49085 -3.60034 0.773321 -0.914595 -0.130688 1.50012 -0.0906484 1.38491 0.822618 -2.18753 
4.59071 -0.28977 -0.303695 -0.201901 -0.395069 0.0774276 -0.169873 -0.0826889 -0.0882147 -0.16585 -0.0183168 0.00581054 0.0544525 0.54038 -9.2871 3.34492 0.247925 -1.7769 0.192866 -2.27387 -2.57675 2.70182 -1.25436 1.13882 2.34326 -0.431421 3.74596 -1.20426 -2.42491 -4.06929 -1.69308 -0.461589 0.0182858 -0.0398099 0.327442 1.04271 0.00995665 0.890427 -0.28322 
4.79831 -0.560146 -0.198898 -0.311499 -0.528015 0.00507221 -0.247647 -0.149249 0.0415844 -0.0294822 -0.0923982 -0.0848354 0.0239541 1.17444 -9.31144 2.40706 -0.526773 -2.15264 0.233013 -2.48875 -2.25315 3.15489 -1.26965 0.955373 2.37274 -0.616602 -1.92898 2.99583 -3.47116 -2.11385 1.0597 -0.564965 0.989164 0.401141 -0.931115 0.304876 -0.613403 0.965917 1.24975 
4.86967 -0.747648 -0.305657 -0.413859 -0.52007 -0.070307 -0.302909 -0.180613 0.104007 -0.0476984 0.0219115 0.14172 -0.0155317 1.42698 -8.2801 1.63575 -1.18677 -2.64311 0.663751 -1.93586 -1.60979 2.88076 -1.20316 1.10149 2.05821 -0.82696 -5.20428 5.48056 -2.35826 0.48478 2.03673 0.125975 1.57849 0.925535 -1.3226 -0.153746 -1.22829 -0.84861 1.53226 
4.82667 -0.814794 -0.299262 -0.479442 -0.642039 -0.023491 -0.237451 -0.155727 0.0993647 -0.0892183 0.0120201 0.105096 0.0554941 0.668762 -6.13194 0.855056 -1.39055 -2.14751 0.821725 -1.42656 -1.37369 1.94809 -0.864693 0.77522 1.42872 -0.398535 -4.4368 5.26094 -0.569671 2.12729 1.9784 0.868161 0.817235 0.791023 -1.20677 -0.203656 -1.05196 -1.72313 0.716306 
4.71855 -0.859614 -0.275193 -0.449579 -0.508787 0.0305683 -0.327717 -0.331617 0.090377 -0.12814 -0.0557857 0.201532 0.0747727 -0.929752 -3.0598 0.626787 -0.884918 -1.32309 0.591323 -1.1044 -1.07824 1.24334 -0.672606 0.428493 1.16451 0.208882 -0.86408 4.03952 1.21257 2.116 0.0648838 1.03266 0.537731 1.32982 -1.18019 -0.119137 0.342744 -2.09695 -0.359652 
4.63549 -0.904956 -0.322691 -0.416321 -0.545731 -0.033331 -0.351733 -0.200622 0.209476 -0.134881 -0.0427419 0.15919 0.0603309 -2.23045 -0.58656 0.78149 0.0209573 -1.4419 1.34431 -0.63655 -0.089463 0.408178 -1.07254 0.649604 0.361361 0.120599 1.12597 3.32171 1.81994 0.936257 -1.07082 0.808695 0.250567 0.85993 -1.45227 0.455218 0.617952 -1.66847 -0.540621 
4.62781 -0.868042 -0.298645 -0.434414 -0.647303 0.0463772 -0.244372 -0.163997 0.173391 -0.139513 0.0392768 0.10688 0.00552445 -3.91183 1.88332 0.40467 0.633438 -1.01446 1.19527 0.0342351 0.70834 -0.424636 -0.944236 0.313655 -0.834986 0.121068 -0.407373 3.34573 0.124511 0.234582 -0.306193 -0.304165 0.259981 1.03318 -1.4989 0.170629 0.394731 -0.528778 -0.139343 
4.61364 -0.851904 -0.237214 -0.411932 -0.585106 0.112268 -0.349189 -0.294321 0.101721 -0.13323 -0.0543914 0.0941722 0.0961512 -6.04561 4.19991 -0.46951 1.1733 0.24833 0.375634 0.370613 1.17719 -0.79369 -0.635004 0.729231 -0.812114 0.077574 -4.21482 4.07744 -2.14111 0.147676 1.12778 -1.52197 1.30952 1.67733 -0.962871 0.0580213 0.375843 -0.160761 0.0928134 
4.6655 -0.753162 -0.11591 -0.353309 -0.643484 0.0889794 -0.370515 -0.240528 0.115297 -0.198868 0.0653092 0.16658 0.0407878 -5.22112 6.9188 -1.29291 1.3431 0.444809 -0.805732 1.07003 1.89948 -0.410288 -0.149374 0.752055 -1.64017 -0.0115562 -4.61585 4.8257 -3.96509 0.338532 2.93597 -2.6977 1.60566 1.11215 0.302945 0.67445 -0.527758 -0.569991 0.331763 
4.52303 -0.681988 -0.170997 -0.389219 -0.789768 0.149853 -0.321048 -0.0992864 0.11323 -0.159391 0.0468946 0.0159851 0.00884768 -3.24412 8.88735 -2.45551 0.990045 1.15328 -1.85599 1.24517 1.81099 -0.128526 0.535812 0.0403031 -1.89959 0.000362442 0.614199 4.62664 -3.80272 0.220371 3.1732 -3.53092 1.08022 0.284137 1.75375 1.31734 -1.00653 -0.603871 0.240343 
4.15143 -0.442911 -0.401699 -0.372399 -0.585698 0.0328968 -0.21089 -0.067978 0.00192809 -0.196177 0.0165342 0.0335376 0.0577574 -2.37793 9.33139 -3.00643 0.680355 1.14459 -2.43694 1.21533 2.08166 0.956819 0.743919 -0.644008 -2.03467 -0.0508548 7.21016 1.82406 -0.815703 -0.569386 0.172846 -1.69604 -0.147621 -0.533923 2.9056 1.48253 -1.36142 -0.856491 -0.342335 
3.78742 -0.217549 -0.443291 -0.277829 -0.40121 -0.0335715 -0.216225 -0.0906938 0.0299254 -0.169848 0.0887616 0.0847407 0.104575 -1.14318 8.80959 -3.18749 0.387574 0.4552 -2.65807 2.04103 2.15358 1.20593 1.08253 -0.579916 -2.30411 -0.350678 9.91174 -2.37736 1.71671 -1.39129 -3.02926 0.544368 -0.573246 -0.880118 1.91865 0.874165 -1.4675 -0.800128 -0.669331 
4.31017 0.0994852 -0.472999 -0.254359 -0.485613 -0.17334 -0.185617 -0.0359628 0.205322 -0.104386 0.01965 -0.0964571 0.0344102 0.700729 7.37125 -3.28759 0.100117 0.402476 -2.04966 1.22302 1.71953 1.7536 1.04387 -1.12571 -2.17073 -0.201301 4.69799 -6.10872 2.61557 -1.32344 -3.60558 2.84125 -1.03865 -0.567254 0.102241 -0.600323 -0.229289 0.672178 -0.452497 
4.60432 0.196494 -0.631318 -0.36613 -0.485075 -0.245601 -0.190894 0.0111477 0.217636 -0.00963684 -0.0773289 -0.125228 0.030303 2.97064 5.4686 -2.50105 0.152748 0.084458 -1.51996 0.265757 1.23511 2.0331 0.739042 -0.939095 -1.49039 -0.0177293 -1.28158 -6.68921 2.15679 -0.0998499 -2.09313 3.44805 -1.30467 -0.35189 -1.09647 -1.63272 0.943031 1.33213 0.259706 
4.40189 0.136074 -0.508056 -0.375999 -0.612253 -0.117441 -0.177916 0.0228863 0.301473 -0.0908547 -0.0921593 -0.122908 0.0214539 4.13605 3.03473 -1.21522 -0.0699911 -1.03107 -0.293871 -0.500618 1.02439 1.95709 0.434838 -0.573969 -1.31762 -0.174436 -3.23732 -4.22743 0.463731 0.825923 0.959989 1.82967 -1.62512 -0.433069 -1.70134 -1.47301 1.52139 1.66207 0.785749 
4.44523 0.108726 -0.49199 -0.339075 -0.672098 -0.148149 -0.0547767 -0.0167078 0.160519 -0.0414326 -0.0199361 -0.161633 0.0180914 2.95278 0.998366 -0.364397 -0.213783 -1.19437 0.423932 -0.642303 0.908851 1.26011 -0.289816 -0.46549 -0.702629 -0.151256 -3.38389 -1.47743 0.381249 0.899675 2.2796 0.446459 -1.71765 -0.251113 -0.569593 -1.1504 1.01781 1.46067 0.635016 
4.56958 0.103612 -0.596877 -0.342012 -0.596874 -0.0717579 -0.287284 0.0565284 0.32153 -0.119082 -0.0701258 -0.112175 0.0202494 -0.340439 -0.582622 0.318624 0.308001 -0.173466 1.12173 -0.712841 0.219481 0.256827 -0.85815 -0.0045384 0.220127 -0.0339484 -2.58785 0.114557 1.20509 0.597877 1.69135 -0.66609 0.400078 -0.741111 -0.813733 -0.268345 0.261076 0.450256 -0.141604 
4.60025 0.102985 -0.616761 -0.312789 -0.593168 -0.108333 -0.279963 0.0644065 0.292469 -0.100042 -0.0405829 -0.117528 0.0790272 -2.0125 -0.981369 1.00649 1.20427 0.920403 1.24303 -0.533183 -0.374211 -0.156797 -1.18866 -0.153888 0.289277 0.0682402 -3.1916 0.0177406 1.61802 0.476218 1.51596 -0.34481 1.56563 -1.2367 -1.01034 -0.034264 -0.879786 0.0759862 -0.593563 
4.48589 0.095249 -0.548295 -0.326614 -0.59711 -0.0596543 -0.271437 0.0325123 0.250467 -0.124525 0.000590137 -0.127205 0.0434424 -2.29429 -0.963105 0.780704 1.56592 2.20549 1.13094 -0.288038 -0.623371 -0.750988 -1.41885 -0.395252 0.569513 0.133801 -2.79519 -0.546962 1.16199 0.995601 1.4928 0.352584 1.82287 -1.18728 -0.99974 -0.393669 -1.2822 0.084676 -0.301662 
4.35394 0.0900896 -0.462991 -0.312251 -0.565977 -0.092908 -0.240559 0.0501226 0.268662 -0.174938 -0.0371973 -0.0743885 0.0359258 -3.8699 -1.14825 1.25496 1.73374 3.08079 1.38431 0.219751 -0.721575 -1.41459 -1.70501 -0.776887 1.01391 0.112816 -1.2204 -0.744379 -0.114515 1.06146 1.74519 0.781831 1.28728 -0.668293 -1.62098 -0.343232 -0.860107 0.233893 0.169806 
4.33209 0.0554808 -0.468275 -0.249033 -0.495607 -0.0462758 -0.223521 -0.0354153 0.223775 -0.16346 -0.0527963 -0.0884327 -0.00452217 -4.23244 -2.12422 2.38874 1.41545 3.03791 1.77328 0.560648 -0.800255 -2.40496 -1.28509 -0.414442 0.899446 -0.0587488 0.323221 -1.25652 -0.0314932 -0.157843 1.04706 1.10323 -0.497832 0.743274 -1.22169 -0.215482 0.131542 0.558964 0.458542 
4.22011 0.0230059 -0.436175 -0.17755 -0.39546 -0.0188639 -0.201056 -0.0660901 0.200405 -0.184234 -0.154372 -0.11863 0.0521297 -3.22331 -4.01727 2.64345 0.942098 2.33929 2.16087 -0.0415655 -0.72444 -2.63819 -1.02044 -0.256492 1.32251 0.143804 2.1057 -2.79501 0.709854 -1.60664 -1.27242 0.782668 -1.49588 1.20703 -1.08944 0.670174 1.60011 0.843175 0.390557 
4.17748 -0.0131225 -0.457485 -0.152287 -0.325789 0.0517324 -0.181948 -0.0463768 0.138641 -0.297554 -0.0996568 -0.035438 0.0525366 -1.12567 -5.68515 2.45013 -0.0320352 0.854494 2.11536 -0.572424 -0.516423 -1.9785 -0.326387 -0.123171 1.50517 0.129103 3.91187 -4.17182 1.24628 -2.85845 -3.94162 0.0865501 -2.03433 0.790429 0.557502 1.91555 1.53955 0.391714 -0.11334 
4.00035 -0.0408546 -0.393092 -0.134949 -0.229443 0.0572313 -0.130273 -0.0376925 -0.00325509 -0.282001 -0.121769 0.0251497 0.0475198 0.967199 -6.69367 2.39362 -1.22022 -1.15095 1.27933 -1.41563 0.0313682 -1.32453 0.812505 0.379083 1.19387 0.0234162 5.65945 -3.93366 0.506417 -3.11546 -5.78479 -1.4431 -2.08978 0.49191 2.70458 2.56726 0.900771 -0.38185 -0.405059 
4.14906 -0.248606 -0.219554 -0.242368 -0.288478 0.173186 -0.314009 0.00153655 0.0150601 -0.215047 -0.0334301 -0.0291451 0.0205946 2.25952 -7.07087 2.58004 -2.03531 -3.02619 0.174888 -1.99418 0.737468 -0.613462 1.14856 1.07255 1.49797 0.149211 4.28192 -1.11133 -0.973215 -1.68857 -5.04155 -3.05741 -0.684727 0.28056 3.03341 1.78868 0.132821 -0.377332 -0.269434 
4.26249 -0.560818 -0.240103 -0.253286 -0.450539 0.157684 -0.323961 -0.0468238 -0.0332815 -0.200206 -0.0251901 0.0765362 0.112052 3.44887 -6.77765 2.04068 -2.32873 -4.03641 -0.501534 -2.42953 0.357943 0.346537 1.86484 1.18276 1.50398 0.293843 1.25581 2.86355 -1.53791 0.0488271 -1.766 -2.99827 0.0907767 0.123587 2.47667 0.686322 -0.387928 -0.526032 0.0619575 
4.41951 -0.66985 -0.238061 -0.392828 -0.615133 0.152487 -0.324443 -0.0494588 0.137571 -0.136936 -0.0570418 0.070305 0.0072172 3.78768 -6.17604 1.59361 -1.74797 -4.04547 -0.585756 -2.05899 -0.0486465 1.06154 1.82599 1.01928 1.29851 0.0203588 -1.8707 4.51916 -1.49899 2.32385 2.18135 -0.989172 0.935234 -0.438272 0.247852 -1.08545 -0.082378 0.134985 0.435574 
4.51608 -0.688547 -0.194766 -0.449071 -0.745858 -0.0407852 -0.424308 0.0468859 0.14992 -0.00434595 -0.0203898 0.00586824 0.0109995 3.79688 -4.83165 0.698837 -1.46893 -3.74318 -0.385432 -1.72235 -0.689334 1.51133 1.35094 0.898266 1.20792 -0.0308666 -3.25576 3.84076 -1.24218 2.78351 4.3711 2.14027 1.56872 -1.76385 -1.04146 -2.12263 -0.293276 0.567341 0.206473 
4.48844 -0.720217 -0.15228 -0.404365 -0.78941 -0.0616032 -0.434957 0.0680435 0.116314 -0.111993 0.0694038 0.126968 0.0701547 2.15623 -2.87793 -0.41267 -0.608459 -2.17863 -0.716928 -1.2201 -1.20266 1.56246 1.12709 0.593265 1.02147 -0.0740926 -2.5655 2.05399 -1.23887 1.6397 4.15873 3.01087 0.923179 -2.11308 -0.732828 -1.15151 -0.513881 -0.360253 -0.46743 
4.52362 -0.711929 -0.249445 -0.375998 -0.716975 -0.00506249 -0.469055 -0.0919599 0.196569 -0.0155491 -0.0302647 0.120338 0.133981 1.10155 -0.657855 -0.448753 0.0203533 -0.719784 -0.334901 -1.10379 -1.49764 0.575313 0.301411 0.312459 0.656307 -0.0501478 -1.61007 1.3123 -0.69062 0.321928 2.00317 1.39326 0.456353 -0.997095 -1.29893 -0.980186 -0.412316 -0.64604 -0.583267 
4.49886 -0.786089 -0.211788 -0.278549 -0.647212 0.119026 -0.35705 -0.0745187 0.157731 -0.141388 0.0339178 0.157408 -0.00673677 -0.0531044 0.43559 -0.733452 0.5396 0.137065 -0.24145 -1.0139 -1.15301 -0.115216 -0.794072 0.0397993 0.599405 0.263553 -0.805437 2.02787 -0.317195 -0.969941 -0.204119 -1.32532 -0.727336 0.776862 -0.794625 -0.469916 -0.78054 -1.06558 0.154015 
4.53943 -0.757508 -0.240981 -0.410807 -0.719401 0.136389 -0.428404 -0.159792 0.157964 -0.0980754 0.023213 0.151148 0.0336028 -0.846531 1.29871 -0.981842 0.288409 0.534653 0.26289 -0.596129 -1.26979 -0.23173 -1.61901 -0.569337 0.163622 0.120871 -0.889839 2.34784 0.254051 -0.595789 -0.904212 -2.40514 -0.555802 2.13448 -0.748228 -1.12989 -0.856443 -1.02669 0.574593 
4.43886 -0.756605 -0.32153 -0.35175 -0.622672 0.0177248 -0.513213 -0.167162 0.240499 -0.00484681 0.0355729 0.0980959 0.0371402 -1.41095 1.89103 -1.25277 0.297818 0.623932 0.359542 -0.278088 -0.856393 -0.404816 -1.54184 -1.0549 -0.669771 -0.010135 -0.957367 1.74364 0.336776 -0.0529932 -0.874742 -0.545805 0.719839 1.83558 -0.621994 -1.80206 -0.934997 -0.545842 0.575318 
4.5091 -0.609266 -0.251705 -0.329592 -0.673609 0.0412858 -0.475761 -0.193978 0.0189745 -0.169707 -0.0294662 0.13952 0.0849944 -2.15435 2.24451 -0.959117 0.500008 0.776896 0.288091 0.275497 0.0765069 -0.696265 -1.66245 -0.71375 -0.937323 -0.318783 -1.50034 0.0837601 -0.273607 0.617485 0.61228 1.35129 1.64997 0.885958 0.73926 -0.109995 -0.298811 -0.765433 -0.438578 
4.43232 -0.590824 -0.296211 -0.365142 -0.717816 -0.044456 -0.510364 -0.0225026 0.154535 -0.244375 -0.0367387 0.126651 0.0592113 -2.59454 2.41965 -1.07373 0.0538163 0.700288 0.138045 0.749816 -0.383293 -1.15684 -1.0762 -0.676148 -0.387048 0.34141 -1.27164 -1.08689 -0.141944 0.625633 1.38637 2.37174 2.33311 -1.09242 -0.327142 1.40516 0.812981 0.274062 -0.630022 
4.36881 -0.519617 -0.303713 -0.411288 -0.693708 0.0142279 -0.474391 -0.128483 0.131427 -0.266869 -0.0839302 0.0522486 0.0629491 -2.97047 2.28742 -0.814669 0.453684 1.00863 0.275085 0.668519 -0.58796 -1.14231 -0.84372 -0.55598 -0.106536 0.265506 -0.537733 -1.29749 0.0497447 0.168798 1.01722 0.969477 0.60379 -1.7702 -0.564213 2.4591 1.29096 1.34823 0.00487386 
4.29267 -0.526386 -0.379879 -0.28045 -0.627024 0.119331 -0.411981 -0.136124 0.100311 -0.239563 -0.105574 0.0288777 0.0750733 -3.52711 2.12425 -0.652185 0.513829 0.672375 0.528659 0.610237 -1.49158 -0.82037 -0.415821 -0.593198 0.171287 0.421056 -0.357471 -0.546365 0.542943 -0.351759 -0.155628 -1.1827 -1.36437 -2.11613 -0.0923637 1.91396 0.790285 1.65266 0.673588 
4.22662 -0.50597 -0.33812 -0.245982 -0.526953 0.143357 -0.336701 -0.0784484 0.100326 -0.213252 -0.032434 0.0247158 -0.0272629 -4.89377 1.80937 -1.13154 0.668897 1.21211 0.661245 0.729057 -1.94357 -0.113544 0.241833 -0.319792 0.348706 0.323402 -0.978853 0.459216 0.195337 -0.367111 -1.13807 -1.60016 -1.96976 -1.64483 0.493645 0.127428 -0.427772 1.11295 1.13339 
4.19299 -0.507352 -0.365189 -0.40394 -0.609276 0.104272 -0.289332 -0.263242 -0.0462702 -0.182406 -0.00919452 0.211897 0.11081 -6.27664 1.99486 -1.07826 0.350785 1.61198 0.756589 0.950805 -2.12962 0.0606393 0.770974 0.0281547 0.58361 0.100176 -2.97268 0.89595 -0.400304 0.0824749 -0.205883 -0.762114 -1.02891 0.637941 2.35955 -0.606229 -0.635228 -0.715775 -0.314594 
4.15736 -0.440351 -0.347779 -0.321222 -0.573317 0.0482673 -0.523311 -0.264081 0.0603437 -0.155266 -0.0635138 0.121009 0.0968902 -7.37642 2.10027 -1.01424 -0.421683 1.40732 -0.0618198 1.0133 -1.58078 0.358859 1.03638 0.620684 1.20692 -0.0788622 -3.99238 0.696639 -0.686018 -0.855044 0.63572 0.321549 1.79966 1.59545 1.49321 -0.380022 0.414398 -0.563757 -1.16289 
3.97609 -0.397376 -0.36943 -0.251499 -0.625756 0.038007 -0.46993 -0.379618 0.112558 -0.164021 -0.113837 0.119061 0.130236 -8.38479 2.15008 -0.789347 -1.02354 2.35917 -0.210102 1.31623 -1.26937 0.487381 0.717435 0.307676 0.902317 -0.065809 -2.98981 -0.0645216 -0.237929 -1.49644 2.28634 0.77723 2.76089 2.40915 -0.0173786 0.103724 1.04036 -0.262467 -1.32604 
3.75846 -0.3464 -0.461316 -0.261761 -0.50426 0.131495 -0.330025 -0.312456 0.0942586 -0.239604 -0.0858934 0.152254 0.0866715 -8.74757 2.26961 -0.185686 -0.685542 2.80404 -0.974028 1.11456 -1.14286 0.3016 1.24312 -0.0788168 -0.171581 -0.431387 -0.260367 -0.502439 1.49627 -1.07171 2.07037 -0.877048 1.1402 1.10736 -1.35115 1.22603 0.544972 -0.760136 -0.843288 
3.49652 -0.302932 -0.450382 -0.385257 -0.44595 0.121176 -0.305311 -0.248773 0.201444 -0.124347 -0.0163261 0.128385 0.0078437 -8.74161 1.9981 0.220718 -0.593691 3.19232 -1.45803 1.19207 -0.113349 0.503175 1.44209 0.0658452 -0.654039 -1.01355 2.5195 -0.836888 2.01162 0.227002 0.745857 -2.13394 -0.986976 -0.392601 -1.99886 0.997 -0.650867 -0.833376 0.335792 
3.41012 -0.269419 -0.441738 -0.468324 -0.484909 0.0198872 -0.259259 -0.293094 0.10862 -0.0856064 0.0571953 0.238788 0.0318319 -8.14401 1.0917 0.299217 -1.05054 3.25956 -1.4615 1.20072 -0.63333 -0.758902 0.984937 -0.0442266 -0.282345 -0.632227 3.25852 -1.23305 1.38416 1.52784 -0.2387 -1.6494 -2.84951 -1.12863 -1.23427 -0.120588 -1.6482 -1.2946 0.675999 
3.25681 -0.291977 -0.428521 -0.393784 -0.167691 0.13015 -0.181336 -0.287623 0.0836008 -0.163883 -0.0867161 0.127848 0.0683376 -6.8091 0.33984 0.368868 -1.40824 2.95065 -1.79447 0.390152 -0.499528 -0.93326 1.47664 -0.087794 -0.381273 -0.30029 2.74282 -1.49265 -0.256941 0.538221 -2.4782 -0.840527 -2.5132 -1.09768 -0.270167 -0.335377 -0.651788 0.113852 0.869909 
3.23538 -0.209177 -0.269825 -0.317993 -0.246287 -0.12616 -0.31224 -0.364082 0.0319636 0.0388874 -0.0787293 -0.016363 -0.0401284 -5.22789 0.178563 0.979284 -1.13135 2.23101 -2.14154 0.0163289 -0.103314 -1.09498 1.44038 -0.367651 -0.913707 -0.0285572 1.63958 -1.29297 -1.51722 -0.888105 -2.00062 1.37611 -0.249825 0.729666 0.399334 -1.26092 0.259306 1.04803 0.984897 
3.1458 -0.253152 -0.343824 -0.432001 -0.290339 -0.147583 -0.311605 -0.267416 0.111697 -0.00606746 -0.0306542 0.125389 0.00484578 -4.2117 -0.238396 0.881201 -0.672526 1.5511 -1.75232 0.148659 0.136798 -1.61235 0.397705 -0.903382 -1.39089 0.242335 0.911824 -0.413916 -0.741829 -0.82236 -1.18463 1.82929 1.40291 1.54011 0.0771958 -1.02869 0.266665 -0.273945 0.337826 
3.06555 -0.346944 -0.39339 -0.418232 -0.20854 -0.0513315 -0.38176 -0.471039 -0.0681278 -0.156859 -0.122942 0.130119 0.0811528 -3.35952 -0.226907 0.914123 -0.562898 0.890118 -1.12616 0.289533 0.687086 -0.885045 0.623796 -0.575377 -1.50905 -0.128692 1.16002 0.847783 0.618299 -0.0368014 -0.744958 1.05952 2.36113 2.47074 0.592704 0.110963 0.608234 -1.01689 -0.710013 
3.01255 -0.351959 -0.424415 -0.500417 -0.247345 -0.102599 -0.317198 -0.358494 0.06507 0.0528177 -0.0668538 0.105629 0.0787918 -2.54737 -0.142717 0.796234 -0.682533 -0.192048 -1.19489 0.397309 0.936575 -0.726722 0.718325 0.0606844 -0.901569 -0.199469 1.27054 1.09643 1.33275 1.28748 -0.0165095 0.368252 1.26071 1.15844 0.165255 -0.116346 0.193421 -0.977152 -1.11089 
3.01451 -0.235933 -0.281319 -0.473721 -0.202985 -0.131017 -0.22321 -0.172073 0.0041443 -0.0162116 -0.0638572 -0.00415763 0.0175336 -2.36368 -0.373879 0.691048 -0.383889 0.100911 -0.296455 1.07255 0.790495 -1.36673 -0.578209 -0.224707 -0.756802 0.137594 0.997756 0.156935 0.63694 1.41553 -0.564743 -0.445283 -0.560489 -1.40974 -0.391168 -0.129187 0.132337 0.430385 -0.499946 
2.90489 -0.323213 -0.321559 -0.470965 -0.239229 -0.10606 -0.209872 -0.243164 -0.0889992 -0.136381 -0.15026 -0.062641 0.0436039 -1.89515 -0.151253 1.19165 0.305714 0.0728593 -0.405852 1.11548 0.310058 -1.95635 -0.831194 -0.420198 -1.18772 -0.056119 0.704187 -0.450815 -0.159196 0.854247 -0.237937 -0.282937 -1.14325 -2.20773 -0.88014 -0.941104 0.0753179 1.63298 0.494047 
2.97792 -0.264639 -0.267534 -0.456195 -0.241126 -0.0933139 -0.20859 -0.227902 0.0423748 0.0625443 -0.037377 0.00322938 -0.0291083 -1.50399 -0.0259179 1.29325 0.513075 -0.182078 -0.604954 1.05287 0.284429 -1.89036 -1.07649 -0.31736 -0.908729 -0.121873 -0.0735512 -0.96304 -0.677053 0.355047 0.17077 0.0947071 -0.924447 -2.28863 -2.00617 -2.36632 -0.848257 0.93806 1.25811 
2.94627 -0.278782 -0.270331 -0.427411 -0.246518 -0.194047 -0.25025 -0.242482 -0.0236083 0.0279504 -0.0575274 0.0153455 0.0067309 -1.23313 -0.29093 1.04402 0.76307 -0.0786955 -0.326813 0.531419 -0.69117 -2.38683 -1.88822 -0.569935 -0.463175 0.14197 -0.0371609 -0.487217 -0.575166 -0.297562 0.190829 0.55536 -0.0523067 -0.706798 -0.870429 -1.48754 -0.631731 0.089281 0.761948 
2.86483 -0.331763 -0.240824 -0.405789 -0.239661 -0.143569 -0.203534 -0.335559 -0.224974 -0.19358 -0.136682 -0.0175184 0.0567837 -1.02653 -0.5962 0.487107 0.589694 -0.138217 -0.212771 0.154551 -1.23952 -2.06046 -1.61485 -0.528328 0.00756559 0.418377 0.546282 0.272723 -0.393598 -0.496349 0.174397 0.452415 0.0777498 0.758875 0.922259 0.308275 0.0196725 -0.237755 -0.0954007 
