2.50937 -0.541164 -0.186175 -0.241185 -0.174854 -0.189425 -0.127094 -0.149579 -0.122326 -0.0420336 -0.0402989 -0.0134831 0.0366493 0.122848 0.327489 0.394274 0.024205 0.254388 0.428932 0.514625 0.681055 0.720508 -0.637561 -0.746239 -0.326842 -0.192624 0.350641 0.37026 0.357987 0.18936 0.178778 0.356708 0.464548 0.341189 0.226414 -0.623089 -0.505617 -0.216238 -0.0361043 
2.47529 -0.542642 -0.174275 -0.268888 -0.163961 -0.177667 -0.113433 -0.0776799 -0.0188141 -0.0712498 -0.108532 -0.0429497 0.00538203 0.430972 0.462578 0.406009 -0.0629885 0.223992 0.368272 0.347275 0.843432 0.766261 -0.731208 -0.495468 -0.0524492 -0.198051 1.04667 0.468639 0.0142773 -0.0964684 -0.241217 -0.0829837 -0.14298 -0.239547 -0.495 -0.525191 0.30376 0.382544 0.206028 
2.46304 -0.537156 -0.140974 -0.202998 -0.112212 -0.125773 -0.0654412 -0.0831072 -0.0755214 -0.0193612 -0.0555336 -0.0342273 0.0184331 0.428776 0.251162 0.136963 -0.280778 -0.00151663 -0.0167329 0.0363463 0.445937 0.458668 -0.679663 -0.298307 0.289093 0.286871 0.958408 0.0248201 -0.674758 -0.865608 -0.845768 -0.949481 -1.04949 -0.809137 -0.663278 -0.265047 0.706794 0.929628 0.648042 
2.52039 -0.501778 -0.117761 -0.176356 -0.133357 -0.139207 -0.0472117 -0.0634768 -0.0520574 -0.15097 -0.156076 -0.0709565 0.0186167 0.38186 0.0241857 -0.284041 -0.49747 -0.273196 -0.341648 -0.239118 0.157704 0.127192 -0.525898 -0.250931 0.0368372 0.152507 -0.0215397 -0.712017 -1.23675 -1.10655 -0.87915 -1.24838 -1.38893 -1.0718 -0.862905 0.834523 1.10823 0.715639 0.499134 
2.56351 -0.490465 -0.164491 -0.295924 -0.176424 -0.154621 -0.0925909 -0.095103 -0.0441801 -0.123754 -0.11535 -0.0343497 0.0189426 0.58252 -0.0748843 -0.812231 -0.893671 -0.612828 -0.445608 -0.18188 -0.0478794 -0.283813 -0.161808 0.3329 0.100445 0.00785722 -0.743334 -0.990743 -1.25719 -0.549945 -0.57852 -0.793207 -0.512267 -0.673094 -0.842825 1.22117 0.894183 -0.102128 -0.0524422 
2.58259 -0.484238 -0.146442 -0.25784 -0.154088 -0.164482 -0.121507 -0.0392474 -0.036205 -0.114745 -0.0461802 0.0229773 0.0139869 0.94867 -0.236922 -1.35957 -1.25111 -0.737912 -0.524439 -0.189769 -0.530839 -1.14047 0.406621 0.960299 -0.104203 0.0906309 -0.51614 -0.720378 -1.14518 -0.47435 -0.20364 0.104938 0.652265 -0.461663 -0.981497 1.29193 0.466466 -1.21004 -0.544491 
2.52331 -0.556633 -0.206704 -0.294652 -0.197674 -0.239332 -0.156004 -0.151633 -0.103011 -0.0966254 -0.061053 0.0488798 0.130909 1.29434 -0.11169 -1.36138 -1.15511 -0.668372 -0.601731 -0.00844795 -0.592804 -1.18815 0.734807 1.04386 -0.370606 -0.251195 0.83175 0.433209 -0.0828663 0.335079 0.521644 1.02977 1.55215 0.214468 -0.74047 0.936837 0.453134 -1.45136 -1.22124 
2.51561 -0.56439 -0.249826 -0.307745 -0.214922 -0.236787 -0.154366 -0.124831 -0.104154 -0.0847184 -0.103688 -0.0839789 -0.000348294 2.11 0.683222 -0.652066 -0.509133 -0.25721 -0.433582 0.286119 -0.121805 -1.03986 0.922145 0.907522 -0.783526 -1.15368 2.41367 1.85858 1.48319 1.15313 0.958064 0.915796 1.33898 0.794187 0.119721 -0.156039 -0.170731 -0.714592 -1.22669 
2.57907 -0.53822 -0.292535 -0.369262 -0.241927 -0.193389 -0.0780085 -0.0979807 -0.119492 -0.0428083 0.0145789 -0.022637 -0.0121689 3.55647 0.941067 -0.390265 0.0497509 -0.44052 -0.273273 0.361401 0.294999 -0.499191 0.629464 0.311154 -1.01151 -1.22677 3.37661 1.97487 2.0635 1.61938 0.58309 0.195508 -0.0580593 1.05535 1.32177 -0.894827 -1.24074 -0.0999202 -0.791005 
2.63787 -0.553226 -0.323913 -0.391591 -0.205058 -0.188097 -0.0820189 -0.154425 -0.230198 0.00808275 0.0391901 -0.0919895 0.0324823 10.3733 0.973115 -0.81518 -0.544019 -0.938727 0.644896 0.104182 0.271716 -0.0705822 0.583672 -0.0827843 -0.685439 -0.616227 8.78556 0.948467 0.983075 0.775567 -0.669902 0.408234 -1.24091 1.04004 2.24944 -1.17472 -1.66462 1.09082 0.452712 
2.70748 -0.482576 -0.236838 -0.281205 -0.177569 -0.202078 -0.0405241 -0.140262 -0.18431 -0.0029287 0.00839542 -0.0902214 -0.0356252 14.9784 1.78812 -0.223825 -0.283656 -0.969442 1.41135 -0.153667 0.748109 0.703908 0.466943 -0.220788 -0.0908087 -0.263886 12.4632 -0.262036 -0.728687 -0.937606 -1.6541 1.09148 -1.8419 0.248693 1.819 -0.541939 -1.15609 1.65943 2.16826 
2.89834 -0.306998 -0.116325 -0.22915 -0.160253 -0.211688 -0.0539748 -0.0158827 -0.105809 -0.0859211 -0.0835977 -0.149572 -0.202355 19.8297 3.121 -1.36612 1.09957 -2.81338 1.07042 -0.963495 0.529589 2.50991 -0.0189123 -0.828186 0.293926 0.976691 13.2637 0.0266507 -3.08195 -0.407651 -3.19078 1.07861 -1.67037 -0.799159 2.05112 0.186364 -0.236506 1.39009 3.33138 
3.09317 -0.427947 -0.251056 -0.290766 -0.294449 -0.218334 -0.128716 -0.0371634 -0.0446145 -0.0580545 -0.0799423 -0.0862613 -0.0504354 21.2939 3.99307 -2.28413 1.9032 -4.52335 0.450245 -1.74292 0.794039 4.22435 -0.394264 -1.33543 0.47314 1.64158 6.8617 2.2365 -3.13212 1.55784 -3.64299 -0.202534 -0.840689 -0.602221 2.61788 0.0970059 0.332226 0.586707 2.35088 
4.52505 -0.480081 -0.397647 -0.458071 -0.359612 -0.0293831 -0.175494 -0.101074 -0.080616 -0.00712408 -0.0612084 0.0026659 0.102805 21.1222 4.54876 -3.27313 2.05321 -5.51112 0.460482 -1.90368 0.273595 4.86373 -0.72905 -1.00535 0.800714 1.83118 -7.05924 3.38464 -2.00834 3.31997 -2.89807 -2.08278 -0.0848134 -0.52727 2.50845 -0.649279 0.368683 -0.738213 0.0567442 
4.43867 -0.289528 -0.22443 -0.33268 -0.316457 -0.0236767 -0.160232 -0.0474672 -0.0132235 -0.0069613 -0.0701518 0.00740173 0.0654143 17.6437 4.5028 -3.7607 1.64417 -5.00476 0.189316 -1.69739 -0.918457 4.34122 -0.83054 -0.575592 0.574191 1.66167 -14.1918 1.68051 -0.825164 1.71148 -0.349713 -2.27483 0.693385 -1.26464 0.578645 -1.10537 0.482376 -1.14706 -1.98349 
5.03833 -0.0208897 -0.602012 -0.0246572 -0.755872 -0.171759 -0.264786 -0.0827689 0.333906 -0.0949468 -0.174902 -0.0813442 0.154178 11.4899 4.32789 -3.02076 1.90977 -3.30993 -1.17283 -0.879022 -2.20532 2.36927 -0.507303 -0.0283328 -0.292625 1.35598 -18.2599 -1.51161 2.82363 -1.70864 5.17034 -1.6141 1.87361 -2.14981 -4.48545 -0.26856 1.1176 -1.34833 -3.05847 
4.82994 0.00754213 -0.590866 -0.0856933 -0.840371 -0.227857 -0.286429 0.0216871 0.421675 -0.0817851 -0.125033 0.000793107 0.180144 4.91555 4.37232 -1.47295 2.26505 -1.13322 -2.45779 0.0153831 -2.60911 0.611544 -0.546597 0.124408 -1.5039 0.11752 -13.6271 -3.45616 4.1172 -2.66403 7.79447 -1.32958 2.30568 -2.94215 -7.38339 0.718143 0.999528 -1.98535 -2.19495 
4.9202 0.0387152 -0.640488 -0.116689 -0.782425 -0.122271 -0.260224 -0.171469 0.303542 -0.123298 -0.068872 -0.0176015 0.121222 -2.20291 3.36491 -0.245287 2.28208 0.608113 -3.41295 0.359852 -2.53917 -1.15058 -0.225861 0.10942 -2.30025 -0.61683 -6.47049 -3.25489 4.19282 -1.52614 6.58159 -1.54241 1.55752 -0.832854 -6.48149 1.60231 0.144605 -2.00213 -0.673817 
4.60531 0.0512965 -0.562895 -0.165398 -0.590103 -0.181456 -0.209005 -0.287188 0.257205 -0.14871 -0.0955782 -0.0681761 0.00897808 -3.52153 1.54871 0.504261 1.32283 2.06231 -2.99859 0.102034 -2.07181 -3.4133 0.521218 0.0665864 -2.4952 -0.649044 -0.776958 -1.95005 2.40799 0.658837 2.08718 -0.689011 -0.386595 2.29038 -3.25958 1.81123 -0.66586 -1.15143 0.769235 
4.34131 0.0818774 -0.424608 -0.0781722 -0.423609 -0.435065 -0.1396 -0.361785 -0.0406587 -0.0679622 -0.0614019 -0.224506 0.0541901 -5.35921 0.23671 2.1489 0.625742 3.78332 -2.23313 0.075488 -1.34686 -5.06773 0.982231 0.14817 -2.37133 -0.928025 4.24582 -1.04645 -0.664333 1.13507 -2.56834 1.68833 -2.27047 3.98299 1.25025 0.815963 -1.15602 0.722156 1.1114 
4.40607 0.0583505 -0.420222 -0.0700597 -0.386296 -0.462002 -0.128546 -0.351873 -0.0493197 -0.071113 -0.0624895 -0.270005 0.0518633 -4.14435 -0.0507916 2.13711 1.17147 3.29623 -1.97244 -0.190346 -0.648129 -4.83486 0.816849 -0.154994 -2.37561 -0.792286 3.5954 -0.572051 -1.23593 0.318116 -3.61721 2.89139 -2.26201 3.50068 2.64956 -0.22985 -0.573848 2.05636 0.560015 
4.40343 0.0379147 -0.40782 -0.0378322 -0.383903 -0.433825 -0.191245 -0.290836 -0.11279 -0.0122367 -0.103714 -0.275519 0.0515465 -3.06313 -0.142521 1.79572 1.29798 2.0297 -1.91027 -0.360304 0.613175 -3.76246 0.612009 -0.144775 -1.72152 -0.335847 2.33935 0.131055 -1.26604 -0.379949 -2.67225 2.13555 -0.492802 0.985193 2.66769 -1.54342 0.398708 1.97702 -0.131559 
4.39112 0.0173507 -0.383301 -0.00953871 -0.396598 -0.381504 -0.298977 -0.175011 -0.20998 0.0421408 -0.140036 -0.283641 0.0610251 -1.0262 0.00994198 0.908003 1.06515 0.70826 -1.34165 -0.127157 0.8063 -2.60775 0.197329 0.288147 -0.927719 -0.166054 0.671474 0.759457 -0.943018 -0.880096 -1.05762 -0.205667 1.911 -1.49432 2.3004 -1.999 1.24113 1.22903 -0.487934 
4.33583 0.0295683 -0.372464 0.0113992 -0.393085 -0.388894 -0.291108 -0.196106 -0.174487 -0.0172632 -0.117459 -0.281435 0.035627 0.690794 -0.00975088 0.0845288 0.47332 -0.119906 -0.54417 -0.422049 0.726775 -1.06284 0.0564675 0.239663 -0.0352308 -0.644279 1.33559 0.705515 -0.867977 -0.984847 -0.149757 -1.4845 2.15027 -2.12304 1.19928 -0.644779 1.11937 0.483575 -0.371167 
4.32369 0.029668 -0.351599 0.0230932 -0.414998 -0.421286 -0.252956 -0.195693 -0.176893 -0.0664556 -0.0945344 -0.27475 0.0209055 3.0882 -0.291008 -0.489049 0.637065 -1.78468 -0.373294 -0.497509 0.926571 0.524822 -0.432787 0.468852 1.05661 -0.752498 4.40866 -0.216673 -1.31836 -0.519661 -1.3493 -0.525249 0.477981 -0.790018 2.0567 0.292916 0.341391 1.03981 -0.337888 
4.37211 0.0557107 -0.385332 0.0065209 -0.419015 -0.463177 -0.198975 -0.213852 -0.20442 -0.0856496 -0.0584335 -0.261177 0.0353053 5.59572 -0.715026 -0.733995 0.946797 -3.81236 -0.22288 0.086574 1.42062 1.47807 -1.10782 1.46178 1.90294 -1.07813 6.44713 -1.40231 -0.923949 0.699209 -3.77976 1.08318 -1.16196 1.66929 2.3992 0.383931 0.230106 1.85016 -0.531821 
4.38375 0.0898348 -0.408501 -0.0215132 -0.399838 -0.527375 -0.109092 -0.298335 -0.1927 -0.0871846 -0.00630913 -0.268752 0.00108692 7.08965 -1.10732 -0.452988 1.18947 -5.53011 -0.0689315 0.717434 1.64507 1.96285 -1.3986 2.24894 2.27833 -1.37417 5.89478 -1.99941 0.272333 1.65863 -5.56823 2.07678 -1.33893 3.30899 1.7693 -0.419539 0.845449 1.94526 -0.509795 
4.56327 0.0438491 -0.431436 -0.0265864 -0.421274 -0.497456 -0.267343 -0.253566 -0.16129 0.0220639 -0.0776371 -0.243648 -0.050647 7.92641 -1.69291 0.239933 1.5066 -6.76863 0.410967 0.925895 1.87274 1.8076 -1.23282 2.43357 2.2659 -1.23037 1.88976 -1.48846 1.83537 1.66895 -4.76705 1.58391 0.869877 2.09009 0.142413 -1.44043 1.73753 0.718057 -0.0727214 
5.05286 -0.0616299 -0.508955 0.0879791 -0.796336 -0.416095 -0.313826 -0.0820841 0.117104 -0.123276 -0.0464539 -0.0422643 -0.0295666 7.60502 -2.11017 1.04886 1.83689 -7.10516 0.707085 1.18044 1.57814 1.39252 -1.07018 2.41901 1.96953 -0.94408 -4.12414 -0.269462 3.0518 0.454876 -0.242631 0.104954 2.4515 -1.11278 -2.77662 -0.395153 1.1557 -1.73246 0.482989 
5.17732 -0.103789 -0.453366 0.155873 -1.02689 -0.382798 -0.206314 0.0490145 0.00876759 -0.17961 0.149577 -0.001209 -0.10195 6.47102 -2.33627 1.89317 2.09794 -6.81392 0.699035 1.43946 1.07356 0.732715 -0.911352 2.28159 1.49197 -0.504595 -6.73868 0.626631 2.4924 -0.653242 4.02234 -1.1618 2.01828 -3.83442 -3.16589 0.96427 -0.832275 -2.86784 1.43674 
5.12004 -0.110847 -0.345667 0.155307 -1.11254 -0.397334 -0.135687 0.00554026 -0.014489 -0.184267 0.202684 -0.0448513 -0.13261 4.84721 -2.25527 2.52606 2.17644 -5.96215 0.412442 1.79889 0.276233 -0.121723 -0.696906 2.07364 1.03671 0.197241 -5.45721 0.851151 0.840039 -0.854241 5.50287 -1.59462 0.569085 -4.0516 -2.21792 1.70126 -1.99185 -2.13067 1.83301 
5.15029 -0.170659 -0.257799 0.18684 -1.15902 -0.372125 -0.0927323 -0.0643429 -0.0284348 -0.181107 0.17405 -0.0739884 -0.0805385 2.57485 -1.76014 2.88231 1.95014 -4.30366 -0.390963 2.63437 -1.1744 -1.07877 -0.326144 1.95625 0.399472 0.716344 -2.46034 0.82847 -0.791874 -0.551461 4.20852 -1.50953 -0.773187 -2.34589 -0.735914 1.64937 -1.7547 -0.466474 1.28349 
5.11965 -0.190847 -0.210969 0.213051 -1.12853 -0.406488 -0.0394881 -0.140872 -0.0923711 -0.163448 0.174554 -0.0953176 -0.0485572 0.409706 -1.12987 2.8621 1.42516 -1.95533 -1.18103 2.50202 -2.52296 -1.86429 0.690959 1.30827 -0.350829 0.893729 0.165094 0.724094 -1.58113 -0.140793 1.54293 -1.01859 -1.01661 -0.378709 0.727217 0.802229 -0.595788 0.866972 0.332245 
5.12763 -0.198286 -0.187829 0.231536 -1.12805 -0.446439 -0.0231529 -0.180077 -0.130017 -0.139456 0.188188 -0.102443 -0.0129037 -0.0147152 -0.687028 2.16851 1.1356 -0.735029 -1.59042 1.71781 -2.9551 -1.2334 1.18092 0.459167 -0.305731 1.09562 0.328623 0.82003 -1.35094 -0.210691 0.263915 -0.549056 -0.775625 0.611699 0.903107 0.419793 0.223029 0.805579 -0.762083 
5.14564 -0.211054 -0.157577 0.258726 -1.16116 -0.469999 -0.00807692 -0.226661 -0.132547 -0.11981 0.196109 -0.0707552 0.0262322 -0.0168209 -0.24682 1.36389 1.00013 -0.370912 -1.548 0.951352 -2.44365 -0.906887 1.42549 0.180379 0.0627914 0.859736 -0.324238 0.912461 -0.993943 -0.501111 0.0723792 0.0711603 -1.01083 0.971725 1.00195 0.275272 -0.080378 0.202306 -1.24571 
5.16234 -0.216869 -0.140835 0.280621 -1.16899 -0.52066 0.0463091 -0.287584 -0.15488 -0.0873526 0.21723 -0.0591781 0.0210537 0.642576 -0.831056 2.34231 -0.758674 0.921481 -2.01724 0.252429 -1.19594 -1.30773 2.34668 -0.718071 0.733842 0.326958 0.177805 -0.291137 0.813106 -2.09732 1.33207 0.234832 -1.52742 1.90905 0.0809655 0.91161 -1.48453 0.324927 -1.02343 
5.15939 -0.202276 -0.139365 0.287824 -1.16202 -0.553046 0.0410129 -0.315342 -0.141808 -0.0623701 0.229626 -0.0664292 0.00528322 -0.493477 -1.18761 3.09717 -2.43388 2.02716 -2.0929 -0.490585 0.197812 -1.56565 2.69659 -1.50868 1.08089 0.134298 -0.726936 -1.42846 2.51594 -3.83605 2.84978 -0.0694847 -1.63661 2.87718 -1.26386 1.32644 -2.45401 0.722906 -0.390598 
5.13162 -0.178816 -0.137795 0.282076 -1.16039 -0.573475 0.0132408 -0.316031 -0.130827 -0.0335896 0.217183 -0.075004 -0.000957127 -6.26926 -0.452561 2.86181 -3.21626 3.95891 -0.167023 -1.18508 0.472346 -0.873074 1.83404 -2.21829 0.749052 -0.5467 -6.4794 -0.936191 2.32328 -3.89606 4.34629 1.50431 -1.41531 2.28565 -0.928245 0.104772 -2.44835 0.456766 -0.299063 
5.1013 -0.156073 -0.142247 0.284254 -1.17726 -0.541489 -0.034945 -0.302495 -0.133483 -0.00209816 0.180632 -0.0536521 -0.0127719 -7.19239 -0.615584 0.782457 -3.52797 4.6967 2.27573 -1.16536 0.984392 -0.247327 1.24547 -1.8259 0.412027 -0.92243 -8.60554 0.0009287 -1.46396 -1.77357 3.62767 4.26384 -0.214324 0.759925 0.757373 -1.71332 -0.372061 -0.436212 -0.423782 
5.31927 -0.416432 0.246668 -0.0887749 -0.875719 -0.690906 -0.0635017 -0.151964 -0.321814 0.217256 -0.0329027 0.063422 -0.026374 -7.19145 -0.369214 0.175386 -2.41879 3.69885 3.0543 -1.10364 1.2611 0.256756 0.792527 -1.25958 0.150311 -0.981468 -6.44406 2.18655 -5.95133 3.58837 -1.10799 5.5398 1.01013 -1.35007 3.00522 -3.40147 2.86933 -1.70131 -0.562799 
4.8824 -0.361143 0.229027 -0.168313 -0.805086 -0.697415 -0.110172 -0.0674744 -0.34548 0.170867 -0.0290471 0.0459118 0.0201248 -5.76623 -0.0985641 -0.318921 -0.704051 1.22352 3.17925 -0.959993 1.53244 0.590192 0.300716 -0.488158 0.045872 -0.585696 3.54498 2.0686 -5.79676 6.96143 -6.59418 3.0616 1.47961 -1.71592 3.08085 -2.42515 4.12265 -1.49336 -0.118758 
3.6938 -0.110629 0.0446404 -0.0666576 -0.548207 -0.2354 -0.168957 -0.252402 -0.1072 -0.0663259 -0.0602019 -0.0671744 -0.116771 -3.64739 0.4514 -1.00741 0.626602 -1.12077 3.05647 -0.607539 1.25628 0.462748 -0.0330747 0.675934 -0.342751 -0.254647 14.984 0.410254 -1.5703 6.10035 -10.1799 -2.93641 1.23968 -0.170522 0.0220616 0.493273 3.58655 -0.304104 1.27696 
4.54052 -0.305793 -0.381381 -0.0420245 -0.702209 -0.0134689 -0.0431899 -0.1719 -0.0805557 -0.00354349 0.139565 -0.0525282 -0.102074 -1.21214 0.964613 -1.61473 1.68983 -3.14465 2.66958 0.0240338 0.416354 0.456148 -0.409453 1.79223 -0.846342 0.136305 12.0693 0.234534 3.80389 2.30916 -7.50981 -6.26903 0.209134 0.00805318 -2.41455 1.6801 0.972456 0.28153 1.74876 
4.60226 -0.214361 -0.0995133 0.210819 -0.988274 -0.291824 -0.0565421 -0.170461 -0.0954442 0.0397859 0.160993 -0.0608318 -0.094113 1.41193 1.48508 -2.38122 2.80571 -5.02696 2.42242 0.486579 -0.502593 0.419482 -0.72892 2.63304 -1.26828 0.50331 5.61823 -0.660599 3.88226 -2.95362 -0.760457 -3.98109 0.0460462 -0.413844 -3.19713 1.4577 -0.919551 0.268689 1.37012 
4.8016 -0.20185 -0.0777335 0.322864 -1.30463 -0.347357 -0.116162 -0.0815979 -0.100914 0.0293953 0.177088 -0.0335032 -0.00402378 5.18154 0.774889 -1.41034 2.28045 -5.29207 1.3794 0.804273 -0.915742 -0.436563 0.0219828 2.15324 -1.05368 0.779443 -2.51061 -0.4366 1.2062 -4.68344 4.93475 0.149389 0.439274 -1.76361 -1.82903 0.162798 -1.59723 -0.367046 0.18548 
4.88851 -0.146507 -0.11234 0.2284 -1.3145 -0.325483 -0.0979564 -0.13228 -0.218983 0.0668593 0.249724 -0.0890667 -0.00676091 7.12117 0.0357617 -0.134105 1.184 -4.87507 -0.00479706 0.767759 -0.80084 -1.50252 0.69509 1.34453 -0.744603 1.19634 -5.71981 -0.699032 -0.995763 -3.01493 6.30063 3.04574 0.416288 -1.8805 0.392946 -0.754305 -2.04445 -0.283178 -0.716222 
4.93462 -0.171078 -0.0872555 0.153873 -1.27455 -0.309083 -0.0282041 -0.226593 -0.221792 0.0525442 0.258353 -0.112749 0.0130044 3.04247 0.386875 0.527343 0.247337 -2.67689 0.560897 0.187748 -1.35076 -1.53512 0.298434 0.175616 -0.851854 0.835475 -2.88004 -1.05567 -1.70104 -0.51339 3.78768 2.72461 -0.241911 -0.304073 0.963917 -0.335954 -1.63889 0.234654 -0.897191 
4.97047 -0.195758 -0.108847 0.132262 -1.24661 -0.248035 -0.0205899 -0.24091 -0.248729 0.0489409 0.245464 -0.128463 0.0252764 1.96031 -0.183246 -0.742076 -0.767864 -0.525045 2.13552 0.0280382 -1.30898 -1.35597 0.0160418 -0.213923 -0.801886 0.348322 -2.21407 -0.34239 -0.32649 1.32499 0.979798 0.784714 -1.19711 0.892486 0.888732 -0.182262 -1.16061 0.495696 -0.913528 
4.95168 -0.187895 -0.152297 0.150265 -1.23657 -0.186866 -0.0175179 -0.287228 -0.246972 0.0551006 0.198436 -0.134373 0.0290733 0.270006 -0.22769 -0.805922 -0.795131 0.90825 2.34789 -0.307633 -1.08912 -0.887474 -0.356733 -0.496986 -0.60777 -0.24692 -1.45995 0.109494 0.137353 1.12257 -0.215186 -0.322153 -1.61903 1.75936 0.558302 -0.479399 -0.121927 0.584198 -0.775588 
4.94837 -0.207107 -0.153651 0.166651 -1.24455 -0.138014 -0.036237 -0.294643 -0.251155 0.0530988 0.169226 -0.138314 0.0200031 -2.16364 0.219883 -0.535205 -0.654367 1.92421 1.89006 -1.09544 -0.87777 0.381388 -1.04557 -0.803215 -0.0922348 -0.434973 -2.79761 0.982192 0.484963 -0.302905 1.10147 -1.24811 -1.36666 1.01939 0.957921 -1.02362 0.620839 0.565369 -0.610391 
4.94603 -0.20918 -0.172533 0.16327 -1.23022 -0.0882099 -0.0801453 -0.28648 -0.267086 0.0527073 0.167685 -0.147096 -0.00334999 -4.74439 1.50643 -0.54588 -1.64361 3.96023 0.32709 -1.61553 -0.602137 0.637578 -1.18916 -0.655804 0.108598 -0.73318 -5.05358 2.13333 0.645695 -2.13244 3.70813 -2.80974 -0.640196 -0.102258 1.41142 -1.19482 0.669222 0.551181 -0.264757 
4.94982 -0.220172 -0.177016 0.170325 -1.21981 -0.0765923 -0.110076 -0.247704 -0.287425 0.0325536 0.169793 -0.146079 -0.0249372 -6.61677 2.55704 -0.383995 -2.68571 5.69907 -1.4512 -1.50149 -0.632737 0.668764 -1.0338 -0.673252 0.149809 -0.718496 -6.03225 2.96633 0.347685 -3.27517 5.44361 -3.9517 0.233104 -0.986197 1.01294 -0.352891 0.117461 0.259934 0.186536 
4.82294 -0.181636 -0.176867 0.154342 -1.17126 -0.0849956 -0.154098 -0.223933 -0.248197 -0.0351796 0.177183 -0.12305 -0.042626 -7.21593 2.85904 -0.0516384 -3.18235 6.21808 -2.29285 -1.37752 -0.7799 0.888129 -1.33658 -0.438687 0.126312 -0.759227 -3.4708 2.12138 0.12976 -2.61439 3.98793 -3.3699 0.990752 -1.27486 0.0516208 0.546882 -0.29269 -0.244493 0.343998 
4.44309 -0.0660897 -0.139789 0.0421741 -0.925896 -0.131419 -0.216996 -0.350507 -0.0794555 -0.119948 0.155321 -0.0924108 -0.0405688 -4.80098 1.81265 -0.213747 -2.27985 4.80319 -2.02286 -1.31291 -0.187841 0.903324 -1.3181 -0.76272 0.418986 -0.560979 4.39685 -1.38281 -0.296887 0.855049 -1.97847 -0.381921 1.09045 0.533253 -1.31977 1.09196 -0.633144 -0.282101 0.361748 
4.20805 0.108414 -0.182393 -0.19242 -0.563869 -0.381064 -0.198031 -0.338311 -0.179673 -0.0678027 0.172494 -0.116359 -0.073822 -0.970192 0.548548 -0.460994 -1.21447 2.53924 -1.73439 -0.971003 0.836176 0.964177 -1.09873 -0.933148 0.677209 -0.2624 12.1124 -5.09766 -0.50509 4.8905 -8.78249 3.49571 0.483923 2.52105 -0.807635 0.554146 -0.675376 0.301728 0.482627 
4.1574 0.143877 -0.188122 -0.217681 -0.500439 -0.469289 -0.151711 -0.348486 -0.222585 -0.00883754 0.101186 -0.133484 -0.0370711 2.88436 -0.663463 -0.675492 -0.141374 0.192227 -1.50887 -0.655117 2.00848 1.2505 -0.926664 -0.704669 0.875799 -0.122305 14.5194 -6.02733 -0.638966 5.9284 -10.7542 4.42897 -0.171638 4.00146 0.486773 -0.297396 0.159356 0.945809 0.260907 
4.23659 0.0663103 -0.143731 -0.147192 -0.646795 -0.351488 -0.18962 -0.390204 -0.142066 -0.134211 0.141008 -0.135203 -0.0787839 6.71024 -1.87367 -1.03704 1.00114 -2.22898 -1.16178 -0.466518 3.21583 1.50985 -0.578631 -0.40542 1.16443 0.0211261 10.092 -3.47907 -0.8617 3.52225 -6.84951 1.79651 -0.204834 3.91754 1.46665 -0.045992 0.809297 1.21121 0.299018 
4.83014 -0.215099 -0.221755 0.110228 -0.992859 -0.175905 -0.250558 -0.184825 -0.16864 -0.107385 0.0340303 -0.0504574 -0.0498001 9.5525 -2.82227 -1.4327 2.20547 -4.56005 -0.420181 -0.694244 4.42881 1.75914 -0.475165 -0.127801 1.60626 0.140809 0.281805 1.05765 -0.501145 -0.723629 0.114135 -1.62998 -0.144191 1.48373 2.05155 0.0371025 1.53242 0.783326 0.102591 
5.15785 -0.252311 -0.258713 0.120456 -1.13422 -0.22961 -0.216095 -0.0419653 -0.132413 -0.0952838 0.0678418 -0.0331649 -0.0330984 9.69392 -3.04829 -1.5943 2.93522 -5.42948 0.526416 -1.37263 4.63314 2.64568 -0.819238 -0.0883096 2.08784 0.397639 -7.00021 3.4449 -0.323756 -2.6593 4.64142 -2.35078 -0.69328 -0.892974 1.21971 0.151883 0.90295 0.411195 0.0874343 
5.21908 -0.248 -0.253188 0.115062 -1.14532 -0.330501 -0.21268 0.0480713 -0.0264482 -0.143714 0.144149 -0.010809 -0.0568031 7.29645 -2.15685 -1.70026 2.33011 -3.89243 0.489632 -1.95957 4.18907 2.99639 -0.911254 -0.208168 2.1917 0.664096 -9.42799 3.29114 -0.0759494 -2.16465 5.28915 -0.337614 -1.35205 -2.70035 0.146965 0.0656586 -0.764025 0.0389152 0.580447 
5.27543 -0.243515 -0.304508 0.111545 -1.15566 -0.375201 -0.240221 0.0920012 0.0523943 -0.123636 0.153322 0.0445031 -0.0423484 2.89702 -1.00649 -0.894522 0.292633 -8.72612e-05 -0.764631 -1.79047 2.7642 2.77665 -0.556159 -0.953729 2.12169 1.05887 -8.84147 1.62672 1.16572 -1.88792 5.45465 0.975661 -1.10636 -3.63721 -0.770596 -0.319056 -2.09961 -0.342558 0.782405 
5.26953 -0.232116 -0.345099 0.132284 -1.17777 -0.340724 -0.321811 0.148622 0.0857988 -0.139158 0.134559 0.10166 -0.0305272 -2.50224 -0.725299 1.42915 -2.0667 2.81109 -0.531202 -1.72068 0.602462 2.83743 -0.0957785 -0.950249 1.55965 0.760196 -6.75765 -0.914368 3.51305 -2.64045 4.73625 1.30616 0.121498 -3.65113 -1.12599 0.573404 -2.14152 -0.868948 0.390393 
5.18078 -0.208526 -0.37499 0.148334 -1.12069 -0.295377 -0.397782 0.147816 0.117683 -0.171077 0.0916996 0.129479 0.00421281 -5.65922 -2.61505 3.39412 -2.43465 4.98665 1.70399 -1.75657 -0.606352 1.93058 -0.367269 -1.56969 0.396095 0.714201 -4.96493 -3.61912 5.58351 -3.0249 4.15197 1.98759 1.43456 -2.78107 -1.31873 0.692811 -0.861963 -2.0615 -0.414955 
5.02428 -0.182898 -0.366623 0.134403 -1.02031 -0.270156 -0.443823 0.0950518 0.15828 -0.186027 0.0144901 0.120453 0.0593813 -7.22926 -5.20105 3.92212 -3.34573 6.11781 3.11906 -1.14639 -1.42073 0.947507 -0.258919 -2.02174 -0.213607 1.02848 -2.57127 -6.27497 4.48997 -2.33473 2.27146 2.91467 2.00294 -1.13607 -1.46359 0.3774 0.591831 -2.25967 -0.771259 
4.79116 -0.235327 -0.177594 -0.110409 -0.624882 -0.436517 -0.374163 -0.0290904 0.153796 -0.177512 -0.0923008 0.157599 0.0788242 -7.54153 -7.25202 3.6593 -4.87487 6.12809 4.19428 -0.218844 -1.9973 0.0642424 -0.211589 -1.62112 -0.879672 1.0842 1.01046 -6.56269 -0.386858 -0.851522 -1.65683 4.05002 1.60065 0.595403 -1.66018 -0.122115 1.69372 -1.80042 -0.265789 
4.60065 -0.45046 0.149031 -0.252166 -0.74334 -0.203653 -0.407215 -0.0813094 0.217375 -0.036642 -0.00318977 0.109507 -0.0134254 -6.82206 -8.66321 2.8224 -5.67045 5.45338 4.45727 0.514114 -1.69155 -0.343393 0.410629 -0.814137 -1.16625 0.705846 3.79376 -3.53262 -5.90353 -0.0599449 -3.19365 1.7389 1.12329 1.77245 -1.53539 -0.391268 1.6422 -0.253142 0.420775 
4.51031 -0.770626 0.230076 -0.102339 -0.493801 0.114268 -0.411863 -0.0225794 0.0985432 -0.22875 -0.0612489 -0.085624 0.0298553 -4.65524 -9.04793 1.91644 -5.03999 4.02577 4.07835 1.31529 -1.39249 -1.01687 1.135 -0.24198 -0.977784 0.485409 5.34241 1.48064 -7.12211 0.0759382 -4.53082 -2.28623 0.879724 1.27139 -0.60869 1.34117 1.4182 1.81658 0.236281 
4.41745 -1.03706 0.0299892 -0.304048 -0.453429 0.0489105 -0.333748 -0.0619827 0.101 -0.179257 -0.0854833 0.0224309 0.11896 -1.99867 -8.18273 0.959154 -3.71261 2.45075 3.73014 1.02831 -0.892355 -1.36893 0.985926 0.45433 -0.451805 0.354289 5.6469 5.57428 -3.17422 2.13858 -3.56374 -3.80408 -0.250728 0.613914 -0.0372428 1.46493 0.921369 2.04613 -0.50286 
4.47025 -1.10487 -0.102445 -0.557945 -0.54958 0.159695 -0.288091 -0.120083 0.0518498 -0.154969 -0.00603229 -0.00570538 0.121968 -0.0173244 -6.44121 -0.484755 -2.49592 1.03912 3.68481 0.769438 -0.690803 -2.0132 0.191624 0.865917 0.0588229 0.441213 3.81549 6.2476 1.57624 3.7608 -0.950137 -3.25814 -0.974197 -0.200025 -0.228563 -0.0249098 0.0525924 1.75243 -0.701637 
4.47054 -1.16475 -0.144131 -0.538411 -0.558969 0.135059 -0.321163 0.00354749 0.0917786 -0.0391579 0.0465477 0.0213026 0.040071 -0.154678 -4.22988 -0.487123 -1.87067 1.15536 2.12042 0.719298 -0.791153 -2.29593 -0.068306 0.934305 0.409464 0.418602 0.0764427 4.35074 4.47437 3.26021 0.545959 -0.54159 -1.16463 -1.07634 -0.755014 -1.90585 -0.136451 0.244205 -0.308635 
4.63853 -1.15269 -0.0705631 -0.370314 -0.570387 0.0590503 -0.222357 -0.091015 -0.0065922 0.0269025 -0.0153995 0.0628163 0.0853797 -2.59991 -0.776737 1.36312 -0.834596 0.61131 0.50785 0.348684 -0.81299 -1.89034 0.0386598 0.927653 0.384757 -0.312029 -5.89045 2.94949 4.34455 1.57778 1.87965 0.657429 -1.08681 -0.376626 -0.481419 -3.00228 -0.268503 -1.45664 -0.356143 
4.71415 -1.09985 0.0226042 -0.341796 -0.526733 0.109991 -0.374568 -0.0996461 0.0108106 -0.110043 0.0317237 0.102711 0.0932606 -4.45543 4.63354 1.91776 0.121252 1.11103 -0.401568 -0.435371 -0.383979 -2.06075 -0.194638 0.993095 -1.31879 -0.801481 -9.05626 5.58392 1.19443 -0.739809 1.28279 -1.18213 -0.173097 0.463717 0.0203402 -0.696009 -0.157609 -2.91817 -0.636373 
4.62432 -1.13563 -0.0101128 -0.474588 -0.46288 0.255524 -0.304188 -0.170203 -0.139707 -0.237406 0.0420608 0.103463 0.101073 -4.74507 8.79864 0.817841 0.640141 1.64406 -2.20053 -0.276869 -1.05595 -1.66445 -0.311294 0.486528 -1.99405 -0.998783 -5.52421 9.74778 -2.57875 -0.802462 0.0451212 -3.91325 0.112504 0.553886 1.25552 1.7107 -0.18626 -3.32629 -1.06807 
4.28606 -1.19083 0.203114 -0.46868 -0.435838 0.215133 -0.30417 -0.156815 -0.118214 -0.127301 0.0966426 0.0127869 0.0598084 -4.47727 11.5711 -1.01872 0.505143 1.40487 -3.24366 0.355993 -1.97302 -1.36848 -0.233159 0.120601 -2.48107 -0.966094 2.41253 10.6507 -6.59082 0.127988 -0.876613 -4.90087 0.82844 -0.520598 1.49362 2.29587 -0.751156 -1.64061 -0.681691 
3.82094 -0.850332 0.353162 -0.278347 -0.405576 0.0749172 -0.325475 -0.103844 -0.0936118 -0.199112 0.0137295 -0.0571382 -0.00663852 -3.75823 12.5299 -2.82212 0.450121 0.879709 -3.88933 0.582216 -1.8695 -0.689244 0.463785 0.0530764 -2.67697 -1.19187 9.75107 4.61282 -7.38259 0.440145 -1.59077 -2.91787 1.52843 -1.99615 1.02689 2.03563 -0.725085 0.787589 0.340849 
3.88637 -0.0608075 -0.02101 -0.492231 -0.372117 -0.0770527 -0.402591 -0.0701781 -0.166817 -0.0846609 0.108557 -0.274595 0.00125209 0.529284 11.5094 -5.00795 1.89511 -1.10392 -3.76146 0.521972 -0.968209 0.663817 0.589828 -0.499885 -1.45644 -0.762263 12.0162 -6.40432 -3.89918 2.47689 -3.04058 1.44298 0.763311 -0.832513 1.84565 -0.444553 -0.968335 4.04156 1.0988 
4.23793 0.138388 -0.247315 -0.446808 -0.383834 -0.265573 -0.262278 -0.30807 -0.0945509 -0.0813433 0.0382987 -0.199837 -0.0442416 6.3948 9.25852 -6.13096 2.97581 -2.55607 -3.48548 0.265893 -0.0370049 2.02666 0.0434783 -0.927756 0.188527 -0.163375 10.1306 -12.9506 0.247104 2.88163 -3.70398 4.83026 -0.697283 2.51204 2.02529 -2.29954 -0.659069 4.87522 1.72836 
4.26641 0.168864 -0.335258 -0.328598 -0.439301 -0.293716 -0.182891 -0.358241 -0.107082 -0.038528 0.00509076 -0.173171 -0.0313044 11.3387 5.83303 -7.00412 3.21577 -3.56149 -2.02323 0.737674 0.382565 2.35826 -0.847107 -1.2454 1.57791 0.497966 7.39941 -12.5819 2.81467 2.00061 -3.08072 5.04522 -1.38109 4.30417 2.13377 -2.94393 -0.332456 3.72752 1.56429 
4.3279 0.10873 -0.333064 -0.275685 -0.471487 -0.276908 -0.21691 -0.317171 -0.10091 0.000520857 0.0167469 -0.17602 -0.0318672 13.6043 1.47683 -6.65274 3.39479 -4.39738 -0.0744116 1.05741 0.747072 2.4599 -1.23904 -0.969342 2.39085 1.07846 3.18308 -6.5374 2.42125 0.368838 -1.39693 3.34479 -0.387492 3.11636 0.845999 -2.45131 -0.00437291 1.25108 1.03043 
4.97437 -0.0828034 -0.567864 -0.0451223 -0.799963 -0.0915022 -0.385972 -0.0797032 0.142337 -0.21486 -0.0346286 0.0768668 0.057357 12.6078 -2.22088 -4.85143 4.05696 -4.42637 1.28305 1.23765 1.22457 2.52285 -1.92169 -1.04744 2.92407 1.3824 -3.40786 0.282327 1.53294 -2.18531 1.82304 0.532535 1.56629 -0.536443 -1.73416 0.210636 0.78616 -2.15134 0.124354 
5.3583 -0.188966 -0.542943 -0.0905419 -0.779052 -0.155793 -0.285571 -0.0586092 0.16026 -0.272217 -0.0670669 0.13662 0.0828211 10.4788 -2.68511 -4.00816 3.42899 -3.73986 2.00645 0.815352 1.92728 2.02709 -2.05302 -0.595667 2.3249 1.58426 -8.2499 3.12029 0.658318 -1.87072 2.99236 -0.667429 1.67083 -2.75423 -2.43428 1.57855 0.941058 -2.98695 -0.487592 
5.40122 -0.210181 -0.580972 -0.0719274 -0.810268 -0.107583 -0.169332 -0.0880619 0.12796 -0.239616 -0.0771287 0.0802609 0.086059 8.69198 -2.09162 -3.5698 2.47518 -2.67221 1.81106 0.921227 1.40759 1.52021 -1.9198 -0.364247 1.72463 1.47443 -8.76406 3.15189 0.52925 -1.24214 3.02458 -1.07923 0.18991 -2.36119 -1.92174 1.5872 0.795838 -2.07298 -0.502884 
5.34871 -0.142499 -0.684085 0.00612005 -0.888533 -0.0262317 -0.173652 -0.0980279 0.11052 -0.253136 -0.0267293 0.0436937 0.113674 5.84903 -1.01094 -3.04076 1.54938 -1.45866 1.36882 1.3897 0.194742 0.81701 -1.29511 -0.296338 0.86739 1.35517 -5.19841 1.46995 0.922905 -1.13663 2.33849 -1.06366 -0.895841 -1.24398 -0.656436 0.986839 0.100005 -0.617849 -0.335749 
5.38024 -0.141416 -0.730964 0.00769149 -0.837811 -0.0591408 -0.149263 -0.121298 0.127279 -0.267511 -0.0424681 0.0688996 0.141062 2.11187 0.190169 -2.14132 0.423613 0.0672291 0.694355 1.75968 -1.14789 -0.0403424 -0.210641 -0.14629 -0.30888 1.07313 -1.25702 0.141859 1.00244 -1.02766 0.870911 -0.447777 -1.00277 -0.461772 0.347403 0.349747 -0.427226 0.211417 -0.0629926 
5.40513 -0.142721 -0.773789 0.0240204 -0.808819 -0.0612092 -0.15945 -0.111438 0.134329 -0.289844 -0.0425858 0.0891306 0.142603 0.410063 0.794016 -2.16993 0.285344 0.220824 0.820609 1.0437 -1.34968 0.0952091 0.146259 -0.388472 -0.398369 1.09707 -0.225275 0.00295366 1.17831 -1.29824 0.31892 -0.223214 -0.161288 -0.644082 0.311402 0.639479 -0.766083 -0.160029 0.0844305 
5.43094 -0.147762 -0.780328 0.0148452 -0.80806 -0.0512952 -0.142014 -0.12999 0.116503 -0.27915 -0.0476361 0.0863392 0.156885 0.143764 0.88066 -1.70856 -0.322133 0.495547 0.558582 0.857058 -1.68409 0.443672 0.37659 -0.674602 -0.360501 1.14312 -0.763657 0.397561 0.63586 -0.983831 -0.181318 0.183423 0.312509 -0.816381 0.382523 0.8676 -0.717838 -0.627973 0.134491 
5.42956 -0.135598 -0.780985 -0.0105007 -0.80831 -0.024262 -0.120533 -0.196047 0.135853 -0.259253 -0.0684877 0.0603085 0.188637 -0.134851 0.825011 -1.19017 -0.943376 0.699636 0.610632 0.788282 -1.98163 0.636272 0.848343 -1.05279 -0.567604 0.974432 -1.17233 0.604992 0.0813572 -0.529556 -0.275225 0.383818 0.017083 -0.499856 0.389239 0.790598 -0.455861 -0.591774 -0.0599001 
5.41993 -0.106441 -0.80256 -0.0471114 -0.782244 -0.0359608 -0.0870394 -0.23928 0.150333 -0.248299 -0.0809176 0.0424821 0.203632 -0.825903 1.0597 -0.892956 -1.40506 0.489115 1.02314 0.686433 -2.30538 0.685162 1.40343 -1.07306 -1.03264 0.644962 -1.1635 0.330193 0.150184 -0.497917 -0.0703182 0.49304 -0.298655 -0.329221 0.305087 0.814956 -0.170923 -0.491726 -0.514776 
5.39368 -0.0701309 -0.858444 -0.031296 -0.792413 -0.00730305 -0.114736 -0.231433 0.15731 -0.223171 -0.139172 0.0526945 0.227472 -1.70833 1.40281 -0.661217 -1.89183 0.328747 1.24116 0.795807 -2.65114 0.608499 1.95566 -0.88293 -1.37944 0.116005 -1.30242 0.188549 0.539875 -0.799444 -0.0153518 0.54405 -0.210709 -0.423796 -0.0730954 0.869368 0.555599 -0.598374 -1.22285 
5.37748 -0.0635604 -0.839747 -0.0883668 -0.786382 -0.00296066 -0.0400951 -0.328888 0.191878 -0.185195 -0.135747 0.00379915 0.243698 -2.67339 1.66965 -0.326634 -2.31491 0.241506 1.24405 0.906559 -2.78716 0.378944 2.31509 -0.363002 -1.50076 -0.793761 -1.64989 0.32996 0.791409 -0.916246 -0.171747 0.359587 -0.0704012 -0.236401 -0.71235 0.822868 1.16485 -0.384411 -1.92353 
5.32555 -0.0412631 -0.852156 -0.114533 -0.766853 0.0535045 -0.0945581 -0.350421 0.201191 -0.143836 -0.163355 -0.0201997 0.226184 -3.57921 1.85066 0.29818 -2.83237 0.236365 0.906034 1.20509 -2.83373 -0.0518995 2.46557 0.510952 -1.3773 -1.70603 -1.86223 0.498779 1.18043 -1.08135 -0.250048 -0.509828 0.789091 -0.275644 -1.08989 0.429723 1.87549 0.0622779 -2.11678 
5.26916 -0.0110521 -0.846354 -0.182853 -0.76182 0.0822023 -0.0787326 -0.41011 0.205372 -0.0821569 -0.15843 -0.0640883 0.186502 -4.307 1.94859 1.05578 -3.08788 -0.1347 0.518569 1.54356 -2.66306 -0.476275 2.39891 1.27656 -1.06917 -2.30364 -1.64241 0.451842 1.42613 -0.679362 -0.449306 -1.38038 1.22562 0.236939 -1.16394 -0.329825 2.00911 0.834154 -1.54731 
5.162 0.0475601 -0.844692 -0.238333 -0.781006 0.101825 -0.0326828 -0.464545 0.176747 -0.0221579 -0.119082 -0.0929846 0.120602 -4.53655 1.82239 1.90172 -3.34574 -0.30464 -0.156671 1.82031 -2.12995 -0.982289 2.10159 1.80982 -0.516562 -2.7163 -0.547777 -0.106386 1.60441 -0.110921 -0.508779 -1.82002 0.891279 1.12039 -0.893771 -1.03984 1.22032 1.54069 -0.377455 
5.05568 0.077369 -0.793881 -0.304327 -0.784764 0.0908684 0.00954038 -0.510245 0.142079 0.0188962 -0.055639 -0.102372 0.0183588 -4.55445 1.79202 2.12013 -2.95019 -0.597656 -0.585106 1.7323 -1.4368 -1.20753 1.6785 1.98796 -0.0495855 -2.68587 0.753046 -0.562718 1.0389 0.690192 -0.545372 -1.40798 0.132931 1.62651 -0.228124 -1.33062 0.00577713 1.43351 0.987543 
4.95086 0.117237 -0.718173 -0.398542 -0.759173 0.0312698 0.0769365 -0.564395 0.115977 0.0304776 0.0359173 -0.0855654 -0.0311816 -3.81577 1.51824 1.9466 -2.25706 -0.761422 -0.785812 1.43283 -1.00203 -0.938857 1.49051 1.87738 -0.0234387 -2.26838 2.04732 -0.851941 -0.456992 1.79452 -0.464851 -0.0671182 -1.35057 1.75635 0.621058 -0.80028 -1.35155 0.456047 1.67415 
4.87708 0.147509 -0.668616 -0.404717 -0.83812 0.00575709 0.114811 -0.536114 0.0932747 0.0287254 0.0557836 -0.0498346 -0.0392228 -2.36738 1.04145 1.20298 -1.16425 -0.699344 -0.673103 0.482808 -0.382486 -0.44316 1.37005 1.42579 -0.179242 -1.69809 3.15307 -0.948708 -2.12747 2.37412 0.191384 1.08709 -2.39768 0.979499 1.4227 0.164943 -1.756 -0.996653 1.52813 
4.87556 0.125809 -0.591473 -0.458096 -0.827874 -0.0440583 0.116346 -0.476479 0.0441206 0.0293653 0.044301 0.00603295 -0.0686947 -0.638493 0.353369 0.375542 0.245052 -0.526328 -0.80395 -0.673554 0.563952 0.301484 1.02004 0.582066 -0.587361 -0.78482 3.50823 -0.910531 -3.13378 2.95658 0.550991 1.2804 -2.77778 0.509834 1.9738 0.546496 -1.56948 -2.07274 1.28523 
4.82518 0.16244 -0.625724 -0.417258 -0.857339 -0.0202035 0.110625 -0.505579 0.0790382 0.035929 0.059644 -0.0372534 -0.0558033 0.926361 -0.200525 -0.635223 1.73993 -0.395102 -1.03045 -1.97462 1.7945 1.15329 0.548305 -0.419912 -0.930662 0.220154 3.38086 -1.12641 -2.55288 2.80515 0.804279 0.0272502 -2.63695 1.34436 1.8098 -0.0690826 -1.3973 -1.64081 1.10882 
4.89246 0.151519 -0.688903 -0.368017 -0.848797 0.0280754 0.0207999 -0.516893 0.139741 0.112007 0.0328868 -0.108829 -0.0501391 2.01074 -0.869782 -1.04622 2.90261 -0.119926 -1.6024 -2.75542 2.83395 1.92078 -0.129338 -1.09765 -1.03608 0.797679 1.96065 -1.17516 -0.622422 2.05475 0.67514 -1.9652 -1.33868 2.42534 1.20685 -1.64385 -0.973622 -0.0690194 1.11244 
5.01354 0.126664 -0.778204 -0.3053 -0.832351 0.0436066 -0.0585373 -0.490782 0.17182 0.151493 0.0243027 -0.152475 -0.0635059 2.15904 -1.30523 -0.869241 3.68147 0.453166 -2.45099 -3.29157 3.65882 2.30543 -1.03792 -1.34871 -0.725407 1.29221 -0.410995 -0.931494 1.645 1.11893 0.415791 -3.14885 -0.0701652 2.89441 0.402812 -2.89001 -0.581295 1.67741 1.12381 
5.07616 0.0780578 -0.787923 -0.188468 -0.827281 -0.0556289 -0.120898 -0.369539 0.221489 0.0908387 -0.0329719 -0.193761 -0.000580492 1.54907 -1.70413 -0.160417 4.81898 0.29835 -2.87003 -3.75229 4.00599 2.05176 -1.84465 -1.47278 0.109665 1.72866 -2.48528 -0.580955 3.04958 0.507261 0.08628 -2.24678 0.451267 1.47791 -0.807626 -2.62065 0.0921702 2.91287 0.597031 
5.12084 0.0606179 -0.821224 -0.0991277 -0.830112 -0.138529 -0.225178 -0.220325 0.288089 0.0286571 -0.0903562 -0.173855 0.057949 -1.51421 -2.32101 1.36628 5.16517 0.357417 -3.49634 -3.77592 3.66924 1.3734 -2.49669 -1.51307 1.16324 2.02279 -5.75417 -0.471504 3.50968 0.417411 -0.232807 -0.379682 0.558281 -1.42965 -1.81607 -1.24104 0.650793 2.67674 0.173215 
5.12333 -0.00221978 -0.728928 -0.0648838 -0.801704 -0.271283 -0.196016 -0.149918 0.338181 -0.0614334 -0.0814189 -0.122867 0.0632277 -8.28802 -2.23398 4.36625 4.38028 1.60937 -3.75681 -2.61064 2.46661 -0.465086 -3.17259 -1.80243 1.74276 1.448 -11.1975 -0.0761351 4.22992 -0.379511 0.87355 1.44746 0.753618 -3.95271 -3.35346 0.341102 0.0862703 1.2088 -0.735597 
5.03725 -0.0135011 -0.660331 0.0167897 -0.763448 -0.356482 -0.270486 -0.0457962 0.324125 -0.153728 -0.0956397 -0.0449772 0.115623 -14.4562 -1.93704 6.99372 2.95119 3.03637 -3.31568 -2.10512 1.3509 -1.92069 -3.17478 -1.4613 1.78635 0.435914 -14.9931 0.379898 4.90148 -2.32979 2.71453 2.15431 1.30117 -4.6718 -3.89721 1.27359 -0.0852184 -0.801476 -2.15472 
4.96151 -0.0748858 -0.574855 0.218005 -0.84781 -0.314143 -0.385825 -0.0709204 0.244959 -0.172125 -0.121613 0.0516066 0.147853 -18.7916 -1.8456 8.29351 1.29637 4.27126 -2.06766 -1.36411 0.0541042 -2.8892 -2.05779 -0.964984 1.57918 -0.459632 -13.8432 0.776049 4.14467 -4.64053 4.38335 1.85133 2.05465 -2.96244 -2.71051 1.7913 0.163066 -2.2788 -2.76905 
4.37119 -0.157857 -0.443376 0.242578 -0.80957 -0.383666 -0.403632 -0.200147 0.238149 -0.184465 -0.130667 0.0617571 0.195884 -21.3604 -2.01869 8.46063 -0.0249112 5.57466 -0.453121 -0.409123 -1.10281 -3.85026 -1.10095 -0.432889 0.961216 -0.989274 -5.06185 0.623749 0.930756 -4.76736 4.07895 2.36209 2.00705 -0.28756 -1.0551 1.99832 0.943567 -2.23964 -2.24031 
3.38044 -0.0985846 0.00478243 0.0839293 -0.46994 -0.406927 -0.229248 -0.311158 -0.0470214 -0.252093 -0.255852 0.0112845 0.0286846 -21.8534 -2.244 7.28914 -1.24487 6.19353 0.709278 0.191324 -1.79653 -4.61143 -0.215923 -0.0831851 0.140959 -1.18844 6.77322 -0.71507 -4.39029 -2.49376 0.869025 2.39143 0.979718 1.26432 1.03718 1.99846 1.93986 -1.20943 0.0512827 
3.08657 -0.0977107 0.148254 -0.0133759 -0.340009 -0.388557 -0.366876 -0.226683 -0.0586949 -0.250768 -0.143659 -0.021097 -0.0666001 -17.2473 -3.34299 3.76399 -2.3434 4.66084 1.75438 0.829086 -1.62552 -3.03234 0.281231 0.403383 0.134179 -1.44174 15.0692 -2.35067 -9.12819 0.169955 -3.58723 2.16959 0.651686 1.22239 2.72821 1.11407 1.30024 0.501927 1.81917 
2.94193 -0.180324 0.137252 -0.0595419 -0.281395 -0.310405 -0.305749 -0.232037 -0.0266271 -0.111027 -0.138268 -0.00729409 -0.0248705 -6.85012 -4.15419 0.307332 -3.09948 2.62084 2.00802 1.0841 -1.00815 -1.17439 0.511675 0.788384 0.461887 -1.2413 21.6266 -2.98516 -10.1663 1.51729 -7.13774 0.889448 -0.203639 0.610025 3.82157 -0.372197 0.462259 1.75702 1.82627 
2.78741 -0.262447 0.0950967 -0.0607602 -0.132865 -0.183235 -0.236108 -0.283935 -0.136465 -0.140873 -0.0983725 -0.0220903 -0.00239233 2.90406 -6.66779 -1.72716 -2.21878 -0.217589 1.8126 1.75207 -0.664501 -0.4348 1.13026 0.829301 0.886783 -0.214633 21.8143 -4.11233 -6.27665 1.59817 -8.30198 -1.4355 0.195901 0.0384967 3.74017 -0.402736 -0.600031 1.95815 1.44445 
2.6783 -0.338827 0.0228246 -0.115177 -0.126856 -0.224546 -0.223195 -0.333254 -0.259229 -0.139029 -0.0885902 -0.054629 0.00661241 11.5671 -8.4405 -3.79015 -1.35489 -3.39335 1.47913 2.24543 -0.595208 0.40214 2.08835 1.13703 1.03487 1.14911 16.9871 -3.89034 -0.170839 1.1488 -6.14849 -2.20124 1.36403 -0.110207 1.68347 0.745401 -0.870463 0.949022 1.04776 
3.33936 -0.578563 -0.469946 -0.131636 -0.524442 -0.109431 -0.249823 -0.233312 0.126391 -0.165305 -0.0651042 0.114813 -0.0263549 16.7747 -8.01093 -4.22591 -0.956684 -5.03437 0.312981 3.42327 -1.01969 -0.293722 2.78452 0.928929 0.656284 1.84293 7.03448 -0.834777 5.13391 0.720598 -1.44175 -2.88659 2.20763 -0.593668 -2.6925 2.50001 -0.143751 -1.48245 1.39796 
4.44871 -0.636599 -0.473825 -0.164804 -0.629774 -0.160335 -0.265874 -0.272722 0.160728 -0.142582 -0.0686412 0.160492 -0.000807606 16.9078 -7.77788 -3.39368 0.415272 -4.89625 -0.978226 3.87799 -0.40352 -0.794112 2.61303 0.791765 0.140195 1.72853 -7.28115 1.97003 5.37383 1.45615 2.8313 -2.24051 2.67183 -0.00907069 -4.5351 2.437 0.24142 -2.83481 0.970015 
4.23551 -1.14124 -0.178502 -0.0525281 -0.69051 -0.276488 -0.0173097 -0.36648 -0.0607549 -0.0197638 -0.115446 0.115426 0.136351 15.4545 -6.61577 -2.05772 1.45768 -3.17363 -1.92038 3.97608 0.704158 -0.883945 2.24592 0.28896 -0.357897 1.46511 -12.2906 5.84763 1.96135 1.86647 6.2086 -1.00744 0.557742 1.76018 -2.74303 -0.420115 0.17163 -2.45804 -0.779129 
4.51912 -1.11889 -0.250888 -0.155079 -0.783317 -0.214683 0.0534273 -0.347425 -0.104333 0.118627 -0.0358837 0.0494921 0.157707 12.5769 -3.45046 0.345408 2.40694 -0.952724 -3.18278 2.90575 1.61007 -1.20173 1.75007 0.509064 -0.680703 0.960571 -11.7094 6.98297 0.667508 2.6518 6.71707 -1.50349 -2.53664 3.04005 0.428716 -3.27437 -0.304889 -0.576583 -2.14399 
4.93069 -0.882676 -0.356155 -0.172604 -0.817607 -0.35153 0.12083 -0.368925 -0.216691 0.213456 0.0153352 -0.0221542 0.189681 8.16306 0.903728 1.71169 2.57411 1.44741 -4.47446 1.05388 1.96628 -1.75887 0.832516 0.244504 -0.944783 0.461653 -5.98864 6.60908 0.172068 1.78731 4.32551 -1.44505 -5.48318 3.01431 3.69836 -4.56665 -0.814421 1.6932 -2.50505 
4.41698 -1.12892 -0.308733 0.128332 -0.622153 -0.391907 0.199607 -0.228797 -0.195648 0.11127 -0.0393749 -0.0244113 0.146983 4.45878 5.3042 -0.177538 2.38659 2.06995 -4.40397 -1.33583 2.52421 0.0906393 -0.661487 0.296896 -0.366962 -0.470629 1.87144 8.35114 -0.607931 -1.29625 0.328989 -1.35281 -6.83385 0.61047 4.17857 -3.29979 -0.365273 2.43902 -1.63831 
4.53376 -1.05119 -0.283296 0.13908 -0.369831 -0.403171 0.175659 -0.099756 -0.167332 -0.021799 -0.111453 -0.0379945 0.110961 5.25411 9.34417 -2.77225 1.88259 1.88801 -3.88025 -3.87264 2.75082 2.77059 -2.27778 0.49979 0.4482 -1.35531 3.06717 7.26243 -3.1944 -2.76685 -3.78183 -0.0477672 -5.32381 -1.78326 3.95359 -1.20197 0.526138 2.05429 -0.478193 
4.7688 -0.665452 -0.0689443 0.166972 -0.453032 -0.665389 -0.0831443 -0.0522538 -0.122198 0.00562861 0.0261091 0.0166473 0.0565403 5.06317 10.1941 -3.74861 1.13986 1.5325 -3.68609 -4.88833 2.2509 4.6538 -3.24437 0.57588 1.04508 -1.53514 2.75163 3.4624 -6.43361 -3.47742 -4.27725 2.56719 -1.47539 -2.61995 3.7358 -0.188096 0.784652 0.753919 0.278389 
5.01647 -0.373511 -0.278826 0.0964034 -0.495777 -0.741608 -0.25643 -0.0701119 -0.0250159 -0.0654769 -0.0761645 0.0816865 0.0614235 5.34534 10.1111 -4.86361 -0.267198 0.755615 -2.74333 -5.01391 1.7238 5.66023 -3.27191 0.885779 1.17055 -1.41946 0.260611 -1.91813 -5.00017 -2.33805 -2.21775 3.21819 2.55339 -1.89115 2.02468 0.569537 1.24899 -0.739761 0.640025 
4.95208 -0.0709404 -0.552154 0.0811992 -0.535424 -0.674224 -0.365914 -0.0788237 0.153176 -0.158356 -0.0231778 0.114439 0.00799454 6.78325 9.95508 -6.10191 -2.13433 0.0445739 -1.47301 -3.93765 0.868365 5.20136 -2.85044 0.729075 0.820865 -0.921047 -1.85223 -6.7587 -0.776175 -1.25237 1.04003 2.73807 5.16984 -0.410757 -1.01999 0.772452 0.0337727 -1.60024 0.967463 
5.09347 0.0383858 -0.744226 0.0967483 -0.607624 -0.638486 -0.411645 -0.0737695 0.32456 -0.215595 0.0293508 0.116581 -0.00345139 5.30635 7.64658 -6.59705 -2.86302 0.214339 0.0206079 -2.05292 0.29624 4.31981 -2.42977 0.0791554 0.375015 -0.568207 -2.18728 -6.92989 2.74416 -1.38637 3.25042 1.93045 5.22699 0.35783 -3.96903 0.904989 -1.63498 -1.63743 0.926577 
5.2746 0.0404181 -0.776394 -0.0378908 -0.569557 -0.695221 -0.378515 -0.088466 0.443189 -0.224945 0.0806539 0.107364 0.000651426 3.38643 4.65207 -6.37571 -3.45654 1.56373 1.59814 0.0986828 0.198412 3.00425 -2.11264 -0.691255 -0.320529 -0.286644 -3.01108 -4.38642 3.79586 -0.837577 3.10336 1.43404 3.25398 0.387291 -5.11809 0.965716 -2.49701 -1.04943 0.531911 
5.29813 0.0746743 -0.870044 -0.0721266 -0.528655 -0.690012 -0.334712 -0.0495757 0.40445 -0.214467 0.0886782 0.0699169 0.0139067 1.90795 2.38311 -4.33521 -3.74106 2.63302 1.91038 1.29155 0.336743 1.39066 -1.2309 -0.684024 -0.815592 -0.132116 -3.202 -2.12236 2.97604 -0.622738 2.17287 1.11561 1.0019 -0.0824964 -3.68535 0.865805 -2.15588 -0.290445 0.0888574 
5.26736 0.0595435 -0.924073 -0.1445 -0.405667 -0.555893 -0.215539 -0.0303208 0.305769 -0.304023 -0.0608559 0.0457894 0.0336753 1.08031 0.878153 -2.56601 -3.92483 3.38098 1.72437 1.66557 0.269883 -0.0631302 -0.357044 -1.08394 -0.98294 0.0917665 -2.72962 -0.457114 2.04676 0.0279928 0.470247 -0.103034 -1.149 -0.427945 -1.04703 1.44994 0.220323 0.189773 -0.293434 
5.26496 0.0647774 -0.939542 -0.229034 -0.326798 -0.50069 -0.195984 -0.0500034 0.30441 -0.305861 -0.13482 0.0415561 0.0116525 -0.684906 0.583885 -1.63864 -3.72431 3.731 1.67355 1.334 0.163147 -0.956911 0.291459 -1.12126 -0.97394 0.0799042 -1.71041 0.111324 1.25923 0.762415 -0.818094 -1.22111 -2.03459 -0.388611 0.582175 1.69712 1.96972 0.302296 -0.143314 
5.22023 0.0945356 -0.949921 -0.298015 -0.273454 -0.492826 -0.198228 -0.0480322 0.285527 -0.269692 -0.0987061 0.0126036 0.00502781 -2.17148 0.572795 -1.28792 -2.87596 3.48374 1.56674 0.735243 -0.00241912 -1.11236 0.598469 -0.842835 -0.795472 -0.0170177 -1.24009 0.0978983 0.568171 1.36918 -1.17015 -1.53172 -1.70507 -0.337216 1.06849 1.15131 2.02291 0.388218 0.0236702 
5.20841 0.0801811 -0.929726 -0.364907 -0.215385 -0.503791 -0.20788 -0.0354391 0.267816 -0.224796 -0.0730616 0.00707106 0.0148117 -2.96815 0.427391 -0.77241 -2.22696 3.12936 1.19488 -0.117475 -0.00212901 -0.878551 0.935906 -0.272128 -0.570853 -0.123266 -1.59959 0.0724587 -0.133717 1.98774 -0.995221 -0.749082 -1.06556 0.0230272 0.458586 0.192639 1.00007 0.307039 0.0114475 
5.17143 0.0926668 -0.950394 -0.384476 -0.182874 -0.49268 -0.22717 -0.0602106 0.283793 -0.195494 -0.0717992 0.00530681 0.0156142 -4.04576 0.537605 -0.370187 -1.64886 2.71365 0.803852 -1.06964 0.471948 -0.938227 1.44685 0.391513 -0.486985 -0.155949 -2.09578 -0.100532 0.0566969 1.58851 -0.343928 0.257464 -0.630794 0.78795 -0.599426 -0.437867 -0.174649 0.180319 -0.0556158 
5.05626 0.133669 -0.987083 -0.389621 -0.154574 -0.480883 -0.259397 -0.0568146 0.278257 -0.168237 -0.0462924 -0.0106417 0.012012 -5.2147 0.580215 0.126042 -1.32477 2.44296 0.972361 -1.48183 0.41849 -0.853258 1.2997 0.417625 -0.34572 -0.134237 -2.07662 -0.17203 0.929783 0.479885 0.01308 0.798702 -0.6347 0.775301 -0.7305 -0.470764 -0.717448 0.180341 -0.15674 
4.97523 0.118958 -0.999888 -0.364804 -0.118433 -0.491215 -0.242401 -0.0723378 0.27988 -0.184532 -0.0387948 -0.00222252 0.00605881 -5.85308 0.5515 0.492097 -1.01658 2.12166 1.05321 -1.76239 0.455881 -0.571367 0.996961 0.0650439 -0.227515 -0.164092 -1.63273 0.0598234 1.47784 -0.542343 -0.110116 0.754351 -0.779581 0.473098 -0.190825 -0.209791 -0.701185 0.0576584 -0.0887189 
4.89175 0.102982 -0.982396 -0.361731 -0.0704964 -0.44974 -0.304992 -0.012145 0.217739 -0.157471 -0.0468902 -0.00886439 0.0009763 -6.45682 0.69617 1.01518 -0.879888 1.73439 0.915162 -1.62978 0.759181 -0.725196 0.811895 -0.138502 -0.0333735 -0.14543 -0.786566 0.302292 1.51236 -0.840961 -0.621259 -0.077811 -0.087609 -0.118636 0.571196 -0.174533 -0.45747 0.241848 0.0795326 
4.69637 0.139708 -0.945156 -0.417621 -0.0121923 -0.399674 -0.366228 0.076769 0.136428 -0.110324 -0.0655729 -0.0263003 0.00287955 -5.3308 0.56886 0.881283 -0.589721 1.32061 0.666602 -1.70911 0.721376 -0.404574 0.778497 -0.274009 0.0286342 -0.219425 1.79196 0.136343 0.2009 0.145258 -1.2476 -1.03269 0.497606 -0.79293 1.39476 -0.228979 -0.1043 0.348733 0.0465873 
4.56156 0.157979 -0.872896 -0.47703 -0.000557914 -0.354854 -0.38808 -0.047597 0.228936 -0.136865 -0.0766003 -0.00584588 -0.010989 -4.80604 0.274338 1.4269 -0.231322 0.703982 0.752146 -1.44984 0.365425 -0.0682412 0.499612 -0.657948 0.254723 -0.414828 3.0794 -0.331388 -0.638337 1.40677 -1.49289 -1.15667 0.871732 -0.434543 0.878733 -0.229173 -0.0738006 0.336858 -0.169174 
4.52075 0.158214 -0.87331 -0.45847 -0.0105193 -0.395513 -0.42275 -0.00460077 0.260657 -0.131677 -0.0827548 -0.0192282 -0.0075184 -2.37251 0.018973 0.810396 0.466506 -0.0696883 0.563448 -1.39867 -0.539484 0.998854 0.0533095 -0.674287 0.381687 -0.563101 4.62619 -0.921255 -1.33783 2.17548 -1.41202 -0.437556 0.733163 -1.17776 1.04174 -0.671202 -0.131406 0.369648 -0.473191 
4.39928 0.187721 -0.804521 -0.472475 -0.0146202 -0.433775 -0.373343 0.0707632 0.164392 -0.103923 -0.0776219 0.0207505 0.008099 -1.88811 -0.391618 1.26124 0.817525 -0.288644 0.0264969 -1.13286 -0.57109 1.37517 -0.18701 -0.659113 0.30267 -0.457209 3.47098 -1.30624 -0.578573 1.73738 -0.663629 0.20871 -0.0666513 -1.10124 1.14251 -0.854671 -0.222278 -0.099901 -0.39268 
4.64126 0.160966 -0.957659 -0.394107 -0.0291282 -0.432933 -0.458042 -0.000555465 0.274861 -0.0806836 -0.0873968 -0.00333059 -0.0265273 0.368778 -0.568698 0.513155 1.77755 -0.981486 -0.357498 -1.02211 -1.04244 1.87608 -0.738479 -0.43925 0.544707 -0.40807 1.40124 -0.693447 0.344066 0.793976 -0.307959 0.0811892 -0.19736 -0.572268 0.674166 -1.07969 0.113104 -0.0289669 0.147307 
4.39537 0.123752 -0.768929 -0.359889 -0.0739136 -0.345581 -0.41182 -0.0404067 0.260578 -0.142655 -0.154666 0.0372946 -0.0682172 -0.460165 -0.7195 0.965621 2.13503 -1.11224 -0.637958 -0.758234 -0.493241 1.59385 -0.577752 -0.358683 0.63759 -0.281915 -0.716436 0.107567 0.617358 -0.0619334 0.0452125 -0.833353 -0.123596 0.4371 0.207479 -0.311896 0.639513 0.0402136 0.712911 
4.82251 0.0900595 -0.968231 -0.262454 -0.121309 -0.392113 -0.469725 -0.17694 0.444385 -0.205371 -0.115367 0.0404461 -0.0728898 0.361773 -0.956396 0.929962 2.82295 -1.61922 -0.228868 -0.925411 -0.876287 1.65002 -1.24721 -0.563569 1.0615 -0.285376 -2.61124 0.506137 1.09991 0.0723686 -0.318847 -0.585713 0.150238 1.43228 -1.11257 0.0229876 0.233248 0.576853 0.687865 
4.37808 0.0587394 -0.680675 -0.348385 -0.01949 -0.444069 -0.489892 0.0307579 0.311194 -0.142791 -0.134129 -0.00880142 -0.0231327 -1.45561 -1.1928 1.7469 3.12924 -1.24651 -0.0411008 -1.22223 -0.68335 1.65592 -1.64036 -1.03008 1.13532 -0.304405 -2.25401 0.281826 0.484576 0.964072 -0.502899 0.363764 0.117604 0.52387 -0.87608 -0.384038 -0.627416 1.05083 -0.0122203 
4.77627 0.122032 -0.92247 -0.195872 -0.173147 -0.445886 -0.51229 -0.128644 0.427845 -0.243969 -0.0966715 0.07812 -0.0382655 -3.91586 -0.655078 3.35313 1.93459 -1.65518 0.908307 -0.245103 -1.48892 0.204897 -0.975359 -0.61332 1.35499 -0.809388 -4.12707 -0.0968923 2.17441 -0.352611 -0.158621 2.03639 0.607982 -0.970339 -1.58722 0.379258 -0.855765 0.507062 -1.12892 
4.22016 0.0874575 -0.6539 -0.23518 -0.131166 -0.481622 -0.449288 -0.0137761 0.386225 -0.146478 -0.120587 0.0843722 -0.0312011 -5.96539 -0.340278 4.39614 1.1822 -1.6423 1.32478 0.392933 -1.78916 -1.04898 -0.105314 -0.30966 1.22164 -1.13764 -3.96591 0.182103 2.88838 -1.7295 -0.176255 2.80336 1.34025 -2.51773 -2.35999 0.917468 -0.135985 -0.12067 -1.71987 
4.68234 0.0300324 -0.793443 -0.0326973 -0.269513 -0.385746 -0.550502 -0.114015 0.417641 -0.329886 -0.19192 0.16923 -0.0547893 -7.73925 -0.00625126 5.89952 0.434215 -2.66729 2.34651 1.52234 -2.80399 -2.08724 0.88728 -0.531281 0.838771 -1.37624 -4.48831 0.898818 3.47643 -3.40072 -0.635473 1.98974 2.57594 -2.90731 -2.54658 2.84419 0.965245 -1.34242 -1.1972 
4.10372 -0.0021253 -0.559913 -0.040224 -0.104374 -0.397976 -0.580179 -0.0403689 0.412599 -0.31555 -0.278463 0.142203 -0.0739698 -7.88606 0.0706854 5.96381 -0.116958 -2.896 2.68901 2.38036 -3.65782 -2.58732 1.46651 -0.185046 0.350395 -1.49621 -1.66611 1.0457 1.99585 -3.01556 -1.47869 0.602952 2.8895 -1.84425 -2.32135 3.07966 1.56894 -1.77036 0.0494395 
3.99059 0.114438 -0.370226 -0.293389 -0.318057 -0.160355 -0.36281 -0.393143 0.206683 -0.131673 -0.112988 0.169051 -0.231593 -8.60759 0.110318 6.87101 -1.12883 -2.79962 2.75938 3.05046 -3.75731 -3.23918 2.27606 -0.361856 -0.585925 -1.1976 2.26124 0.25446 -0.983919 -0.247694 -0.92259 -1.46576 1.26607 0.39287 0.0737114 1.16108 0.181676 -1.74112 1.68066 
3.68862 0.0738306 -0.211036 -0.236011 -0.270393 -0.226287 -0.339076 -0.29364 0.128458 -0.116398 -0.137886 0.147971 -0.204051 -7.61359 0.125669 6.17563 -1.25098 -2.68169 2.38029 3.2274 -3.53177 -3.08495 2.63751 0.0928813 -1.11507 -0.597294 3.33918 -0.542957 -2.27402 0.936886 0.284951 -1.91318 -0.214222 1.90688 1.47193 -0.117046 -0.451494 -1.22667 2.17194 
3.82674 0.103371 -0.145198 -0.238162 -0.534198 -0.1325 -0.244268 -0.495743 0.163614 -0.0172257 -0.197742 0.0726366 -0.173905 -7.91848 0.210574 5.65297 -1.85898 -2.27899 1.53121 3.54827 -2.43893 -2.93818 3.28923 0.482803 -1.52696 0.253617 2.86759 -0.930778 -3.07611 1.2547 2.06428 -1.89843 -1.56702 3.16013 1.66495 -1.32376 -0.282496 -0.100411 1.84188 
3.55743 0.0761187 -0.0999128 -0.280319 -0.390953 -0.190871 -0.197847 -0.39866 0.0441612 -0.0108149 -0.115671 0.0511553 -0.16483 -5.73767 -0.0967486 3.99415 -1.26355 -2.15837 0.487573 2.98428 -1.06854 -2.24941 3.07145 0.99074 -1.4469 1.05138 0.799686 -0.637628 -2.1712 0.548248 1.95798 -1.47914 -1.69984 3.08457 1.54823 -0.620325 0.427977 0.573365 1.16615 
3.65301 0.102458 -0.0315508 -0.292545 -0.504364 -0.14365 -0.151647 -0.525128 0.0726464 0.0171795 -0.223056 0.00340591 -0.145366 -5.17645 -0.696075 2.5381 -0.632337 -1.13222 -0.875107 1.85261 1.05114 -1.28001 2.46179 1.13295 -1.12959 1.90598 -0.321719 -0.379379 -1.83447 -0.322026 1.20202 -1.33139 -1.24609 2.8331 0.567904 0.118302 2.03564 1.28719 0.473589 
3.40288 0.0282007 0.0323311 -0.246798 -0.428125 -0.178639 -0.16238 -0.383588 0.0687196 0.0716198 -0.134223 -0.000399952 -0.0815837 -0.872223 -2.10195 -0.739378 0.928187 -0.88691 -0.34032 1.39657 1.22747 -1.53694 1.34127 1.53468 -0.458522 1.99312 3.92546 -1.50741 -3.90105 1.48637 0.171084 -0.547884 -0.951916 1.55026 -0.301067 -1.00645 1.42271 1.42381 0.139614 
3.42995 0.0653498 -0.0215025 -0.331856 -0.473153 -0.184654 -0.117673 -0.374085 0.0290986 0.101222 -0.12992 0.00146847 -0.0385933 2.46071 -3.45264 -2.40398 2.67604 -0.503651 0.17284 0.770372 1.92126 -2.0749 0.426224 1.32283 -0.195702 2.13255 8.909 -3.03771 -4.93128 4.00032 -0.752662 1.32039 -0.702462 -0.259731 -1.06436 -2.07031 -0.0286034 0.783216 -0.0676558 
3.2761 0.0335473 0.026987 -0.308271 -0.456236 -0.278895 -0.129467 -0.269475 0.0360462 0.175032 -0.0135831 -0.00234281 -0.024244 6.03556 -3.85182 -3.59506 3.75562 -1.32376 0.44259 0.304163 2.34128 -1.26337 -0.209328 0.327536 -0.18968 2.57562 11.1725 -3.03094 -4.52214 4.67324 -0.941688 2.3877 -0.545715 -0.764264 -0.785581 -2.88811 -2.37224 -0.0762717 0.294182 
3.24291 0.00162207 -0.00912619 -0.358811 -0.482959 -0.316656 -0.129028 -0.213078 0.0171078 0.18537 0.0477492 0.0478624 0.0215806 6.64701 -3.48589 -4.38897 3.88766 -0.162071 0.289405 0.0468942 3.45409 -1.14297 -2.01446 -0.522387 0.340497 2.64922 7.23204 -0.581983 -1.66296 2.72665 0.0656255 1.80453 -0.408359 0.0798317 0.596434 -3.23937 -4.12361 -0.509801 0.517404 
4.10487 -0.344783 -0.563897 0.110327 -0.50571 -0.118986 -0.119048 -0.301123 -0.130954 -0.0469617 -0.0126628 0.0791546 0.0506291 7.19851 -3.05535 -4.96513 3.90897 0.526755 0.818636 -0.0523132 3.12621 -0.899528 -3.63349 -1.63597 0.763198 2.57789 -4.14404 3.26814 2.90439 -2.36463 2.10908 -0.481632 -0.318221 1.80143 2.10172 -2.24616 -3.20008 0.0552994 0.505429 
4.26808 -0.395032 -0.408081 0.186364 -0.577717 -0.0316359 -0.130312 -0.273132 -0.187837 0.00649219 -0.109853 -0.019031 0.0998281 5.4239 -3.15334 -4.35966 2.90131 0.754353 1.95345 0.495887 3.48087 -0.475621 -3.02559 -1.53193 0.512201 2.14491 -10.9945 4.06709 3.39072 -5.75401 2.78732 -0.838345 0.700687 1.93175 2.17578 -0.339197 -0.244109 0.803379 -0.456652 
4.30078 -0.311295 -0.42126 0.127581 -0.625633 -0.16106 -0.156634 -0.0838203 0.0265146 -0.0168778 -0.223887 -0.0308129 0.21403 3.39768 -2.54982 -3.71899 1.01536 0.442821 2.24002 0.52174 2.88372 -0.775332 -2.78587 -1.69134 0.587541 2.19001 -11.4494 1.80857 2.49819 -5.85653 1.38709 0.353714 1.06261 -0.242842 -0.287444 1.8952 2.72874 0.872563 -1.25112 
4.01508 -0.189619 -0.447589 0.0348244 -0.3321 -0.200969 -0.140518 0.0710044 -0.0312257 -0.317199 -0.296668 0.101215 0.207299 -0.266193 -1.84882 -2.25853 -0.829608 0.0692225 1.78265 0.491518 2.33017 -0.631759 -2.49521 -1.69296 0.477955 1.81113 -5.80737 -1.21982 1.01138 -3.68602 -2.4849 1.14319 0.694488 -2.81891 -1.62554 3.66712 3.21628 -0.210594 -1.14861 
3.99503 -0.272825 -0.565523 0.101215 -0.293838 -0.0919163 -0.144419 -0.0136674 -0.0549172 -0.382263 -0.273602 0.146548 0.23977 -4.5437 -0.683532 -0.531871 -2.81061 0.395652 0.803274 0.34566 1.67372 -0.654838 -1.59454 -1.07835 0.695279 1.38211 -0.0999737 -1.86261 0.267553 -0.768475 -3.42964 0.0623833 -0.282457 -3.54564 -2.06479 2.62649 1.35818 -0.77576 -0.762031 
3.81166 -0.405957 -0.483463 -0.114774 -0.451812 0.116149 0.0326548 0.107909 -0.0367844 0.00655918 -0.0928742 0.018666 0.165913 -5.67911 -0.753276 -0.887048 -2.68154 0.961475 0.380962 0.0305883 0.458099 -0.884213 -1.66552 -0.114031 1.61213 0.962807 1.42214 0.183428 0.744269 1.68733 -0.779888 -2.43838 -1.92029 -3.08493 -0.853773 -0.882101 -0.91727 0.449308 0.0346527 
3.81712 -0.385556 -0.536316 -0.195019 -0.536232 -0.0146977 -0.105057 -0.0190469 -0.194539 -0.138754 -0.153777 0.102682 0.293572 -5.88677 -0.874437 -0.479303 -2.1149 1.037 -0.074805 0.0555427 -0.507497 -0.783723 -1.20446 0.118147 1.43332 0.182353 0.339651 1.75868 0.776713 2.64899 2.59248 -3.09002 -1.20933 -0.603886 1.91849 -2.00927 -1.33729 0.975298 -0.608106 
3.69682 -0.434158 -0.520687 -0.180043 -0.588663 -0.0403885 -0.101179 -0.0501511 -0.148311 -0.278275 -0.265716 0.0865173 0.252678 -5.20256 -0.880174 -0.557734 -1.77857 0.693325 -1.256 -0.218381 -0.828004 0.474172 -0.290162 0.207031 1.2399 -0.261958 -0.67248 1.99265 0.00804329 1.80112 4.20329 -2.50541 -0.226108 1.06452 3.01052 -1.02533 -0.0840619 1.21961 -1.19089 
3.69007 -0.395106 -0.545913 -0.11882 -0.41336 -0.0640642 -0.123564 -0.091542 -0.212391 -0.252024 -0.251356 0.127703 0.252095 -5.19789 -0.162686 -0.485967 -1.93571 0.85969 -2.122 -0.0764971 -0.274641 1.51696 -0.449044 -0.117417 1.42616 -0.71193 -0.683167 0.701421 -0.573903 -0.268294 1.2024 -0.85049 1.0733 1.82479 3.55904 1.1092 0.777564 0.145179 -1.44843 
3.50994 -0.37004 -0.507106 -0.117728 -0.307673 -0.108737 -0.176978 -0.0908936 -0.136262 -0.313867 -0.163191 0.283429 0.275841 -5.29316 0.383775 -0.746089 -1.87589 1.6547 -2.34417 -0.0937322 -0.311057 1.92618 -1.22132 -0.45841 1.74799 -1.10921 -0.15488 -0.337269 -0.716811 -2.46075 -1.85792 0.855286 1.82269 1.54683 1.77896 2.54011 0.61801 -1.25951 -1.39642 
3.38913 -0.326398 -0.496948 -0.160395 -0.290731 -0.223726 -0.0923727 -0.0108188 0.0159801 -0.314403 -0.262371 0.183317 0.180358 -5.90049 0.172991 -0.407999 -2.17199 2.13546 -1.28257 0.676144 0.402528 2.13487 -0.472931 -0.105208 1.22491 -1.46929 0.22754 -0.821555 -0.343902 -2.35538 -2.27621 2.17113 0.826925 0.0540549 -1.37996 1.01553 0.124226 -0.860369 0.0177832 
3.35149 -0.385054 -0.624234 -0.231183 -0.263887 -0.291328 -0.124705 -0.0206078 0.0883463 -0.252103 -0.193781 0.244976 0.141774 -5.80498 -0.0760405 -0.402037 -2.62078 2.0715 -0.633755 0.62168 0.40267 2.31301 0.639265 0.329982 0.810589 -1.64905 -0.176187 -0.766165 0.88905 -0.76779 -0.767552 2.87053 0.106425 -0.743738 -2.36255 0.118403 -0.36256 -0.99566 0.414918 
3.30141 -0.374783 -0.604517 -0.328298 -0.412858 -0.195208 -0.0329162 0.0201317 0.122204 -0.203805 -0.198611 0.24381 0.130708 -5.70375 -0.500238 -0.118148 -3.24487 1.14915 0.380092 0.963872 0.139337 1.57964 1.15027 0.649153 0.303286 -1.49229 -0.162504 -0.563148 1.2583 0.704743 1.3844 2.10637 -0.684744 -1.27784 -2.47746 0.216561 0.370781 -0.621867 0.724043 
3.12306 -0.359822 -0.579303 -0.447825 -0.323712 -0.169126 -0.0409187 -0.0341914 0.0317822 -0.247473 -0.207065 0.256684 0.0841447 -4.98083 -0.618962 0.0662322 -3.47035 0.400407 0.570883 0.750013 0.171066 0.592185 1.40257 0.791771 -0.659658 -1.13229 0.651881 -0.270757 0.986053 1.13768 0.588565 0.270655 -0.882878 -0.428228 -0.902128 0.645475 1.0522 -0.813144 0.863153 
3.00626 -0.404469 -0.535771 -0.404077 -0.212277 -0.127567 -0.0396084 -0.00379277 -0.0193407 -0.319639 -0.242792 0.232844 0.14686 -4.35163 -0.599058 0.41596 -3.21279 0.100067 0.681722 0.223689 0.0845232 -0.257164 1.24899 1.21976 -0.819234 -0.510274 1.79356 0.317172 0.187888 0.291701 -1.39193 -1.48363 -0.594262 0.427964 0.129851 0.885995 1.12013 -1.17675 0.470547 
2.9738 -0.439159 -0.565812 -0.41427 -0.183048 -0.128135 -0.0916195 -0.0513841 0.174575 -0.128594 -0.183646 0.208558 0.0276012 -3.69965 -0.322576 0.826598 -2.68989 -0.0899102 0.316353 0.0215776 0.277491 -0.51171 0.934227 1.08456 -1.2989 -0.198656 2.26059 0.677034 -0.255151 -0.167827 -2.37578 -2.05844 -0.324495 1.10848 -0.447856 -0.497035 0.488653 -0.806422 0.904544 
2.91478 -0.435599 -0.523242 -0.531631 -0.243812 -0.0331227 0.0060564 -0.086457 -0.0188077 -0.101952 -0.0801945 0.231988 0.0963583 -2.72989 -0.257369 0.621084 -2.08492 -0.103077 -0.403275 -0.356402 0.380724 -0.418591 0.771916 1.12584 -1.38992 -0.00841457 2.07678 0.727703 -0.361504 0.482812 -1.65487 -1.77851 -0.419864 1.15993 0.237113 -1.36765 -0.808479 -0.404476 0.476371 
2.88312 -0.408406 -0.517225 -0.596401 -0.333325 -0.207475 -0.078166 0.0299707 0.0301466 -0.155359 -0.0959026 0.102962 0.108817 -1.54217 -0.117451 0.407146 -1.60031 -0.791658 -0.726155 -0.321977 0.637076 -0.0979841 0.754355 1.0451 -1.34475 0.159454 1.41637 0.288103 -0.347017 1.28665 0.314867 -0.145041 -0.0471238 -0.00734627 0.14884 -1.21243 -1.18278 0.723912 0.0221005 
