2.62593 -0.445715 -0.149448 -0.294963 -0.222441 -0.179326 -0.169708 -0.0561995 -0.00517513 -0.0218027 -0.0603992 -0.0895423 0.0257011 -2.51305 -1.46323 -0.652404 0.286116 0.0982975 -0.11937 0.044581 -0.775234 -0.594773 -0.404978 0.246412 0.712072 0.0325021 -2.04285 -0.839184 -0.616215 -0.00954425 0.260604 -0.651829 0.0049376 -0.493598 -0.488309 0.0631104 -0.151278 0.260692 0.201291 
2.52734 -0.568794 -0.16162 -0.238929 -0.250153 -0.0845161 -0.161013 -0.116085 -0.0380825 -0.110897 0.0144616 0.00376696 -0.00341919 -2.65413 -1.41062 -0.705564 0.330896 0.296683 -0.190874 0.0490822 -0.82384 -0.534631 -0.29172 0.178915 0.632586 0.00517031 -0.425103 0.641331 -0.316434 -0.385144 0.569559 -1.11465 0.0431238 0.109411 0.0464011 0.916446 -0.880488 -0.821802 0.212461 
2.37671 -0.607277 -0.202455 -0.261814 -0.223244 -0.175969 -0.180565 -0.122695 -0.0452851 -0.0819097 -0.00597043 3.63092e-05 0.0338033 -2.58965 -1.25372 -0.723882 0.197186 0.28755 -0.205142 0.230264 -0.628217 -0.432226 -0.15926 0.00173162 0.369873 0.0249231 1.57432 1.50417 0.238549 -0.373568 0.301163 -0.244536 0.331967 0.634799 0.565828 0.893783 -0.893437 -1.30104 -0.120364 
2.35395 -0.598632 -0.227126 -0.277305 -0.199495 -0.234378 -0.176736 -0.140488 -0.103358 -0.0592923 -0.0293564 0.0152031 0.0569902 -1.82394 -0.825545 -0.76746 -0.135753 0.277371 -0.0295319 0.543924 -0.089316 -0.446243 -0.0307409 -0.170921 0.0723696 0.0543722 2.70953 1.51021 0.500052 -0.415606 -0.145199 0.876681 0.619614 1.22497 0.791769 0.360106 -0.404104 -1.15144 -0.299677 
2.35092 -0.585282 -0.224746 -0.26726 -0.207748 -0.193261 -0.150036 -0.138573 -0.051949 -0.0426028 -0.0680078 -0.0581999 0.0135888 -1.01516 -0.322156 -0.653942 -0.421248 0.0881109 -0.0396452 0.792954 0.380768 -0.388599 0.143083 -0.270805 -0.0381143 0.143916 2.51521 0.87504 0.401645 -0.530671 -0.580464 1.03925 0.672219 1.34013 0.181505 -0.229782 0.293867 -0.044675 0.0311907 
2.36696 -0.576846 -0.217277 -0.250132 -0.170563 -0.189907 -0.165962 -0.141612 -0.0446335 -0.0453611 -0.0390925 -0.0296698 0.0184078 -0.018054 0.38958 -0.27025 -0.274447 0.175484 0.0182519 0.870106 0.807028 -0.245013 0.197509 -0.455979 -0.23572 0.0997606 1.37858 0.227142 0.326768 -0.126678 -0.651469 0.743053 0.509236 0.929356 -0.356375 -0.623863 0.448966 0.667773 0.129837 
2.35361 -0.583552 -0.225523 -0.283547 -0.209473 -0.178243 -0.120856 -0.101907 -0.0439318 -0.04645 -0.0611875 -0.0605087 0.0283557 1.02242 0.799624 0.449107 0.457825 0.50952 0.765939 0.929955 0.710967 -0.167687 -0.0511613 0.0214514 -0.039075 -0.360937 0.62358 0.336312 0.772371 0.958698 0.405703 0.163081 -0.13534 -0.0945342 -0.420741 -0.417679 0.577852 0.895403 -0.174684 
2.46083 -0.550196 -0.250857 -0.3305 -0.206493 -0.130503 -0.0755233 -0.0275149 -0.0827269 -0.053597 -0.0602518 -0.0619476 0.0314434 1.66859 1.12353 1.18633 1.13496 1.11554 1.29859 0.80351 0.346387 -0.446637 -0.418503 0.20487 0.077263 -0.579734 0.321445 0.603647 1.60277 2.18172 1.58922 0.22716 -0.694242 -1.45638 -0.385741 -0.381476 0.445368 0.546823 -0.681634 
2.43032 -0.557512 -0.236935 -0.327523 -0.247276 -0.164728 -0.0681347 -0.0375482 -0.0841994 -0.0502195 -0.0420228 -0.00829421 0.0479027 2.08799 1.45318 1.74198 1.67893 1.67578 1.34302 0.868497 -0.0171339 -0.681203 -0.800034 0.0305832 0.0923735 -0.666271 0.782826 0.924473 1.89501 2.38491 2.28259 0.753375 -0.521481 -1.79945 -0.128352 -0.554041 -0.124093 -0.46317 -1.01462 
2.4285 -0.533374 -0.191263 -0.22759 -0.184327 -0.144076 -0.0857111 -0.0438411 -0.08247 -0.087173 -0.0587514 -0.00976273 0.0200281 10.9243 1.0998 0.0133226 0.853417 -0.0803717 1.60643 0.377208 -0.180392 -1.04365 -0.379741 0.837708 0.291961 -0.567508 9.60297 0.17579 -0.891786 -0.16524 -0.538733 0.779503 -0.494236 -1.06018 -0.439757 0.091317 0.493499 -0.443663 -0.24181 
2.51323 -0.476863 -0.102585 -0.13442 -0.0784931 -0.0813281 -0.0799053 -0.0964747 -0.0772246 -0.0679222 0.0137359 -0.00789147 -0.0491252 19.154 1.42729 -0.59909 0.449059 -1.43333 0.843217 -0.527283 -0.670088 -0.772595 0.148785 1.43899 0.572384 -0.18083 19.261 -0.395449 -3.6272 -2.92297 -4.46801 -0.590609 -0.893953 0.106947 -0.199552 0.960609 0.888176 -0.0160901 1.14469 
2.59941 -0.42731 -0.0323169 -0.093473 -0.00121922 -0.0199756 -0.081763 -0.150439 -0.167076 -0.12308 -0.0344084 -0.0262197 -0.0466046 25.8303 2.78504 -1.6578 0.994827 -3.09811 -1.16784 -1.84532 -0.589749 1.22399 0.33752 0.577653 0.872198 0.392641 23.588 0.717042 -5.04913 -2.90116 -6.87146 -3.40979 -2.13861 1.19932 2.30602 1.59435 0.409524 0.968922 2.03071 
2.62685 -0.391689 -0.00433875 -0.0653132 0.0131588 -0.0300181 -0.0139897 -0.13487 -0.113836 -0.165192 -0.101712 -0.077049 -0.0626254 30.9337 4.03592 -2.95288 0.853778 -4.88435 -3.17263 -2.49469 0.100658 2.90264 0.315336 0.245495 1.00431 0.697141 17.1811 2.56928 -3.86997 -0.72829 -6.12107 -5.82952 -2.94083 1.52363 4.53885 1.11539 -0.501309 1.56868 1.84683 
4.80307 -0.527399 -0.522691 -0.367242 -0.502463 0.0244184 -0.145747 -0.0857938 -0.212686 -0.0120728 0.173866 0.0377609 0.00804752 32.791 4.83077 -4.08048 0.143822 -6.47252 -4.60831 -2.52967 0.482508 3.99142 0.540611 0.128128 1.07463 0.895571 -4.24127 4.22876 0.366458 2.45887 -1.04743 -5.77442 -1.34033 1.08981 5.33446 -0.557597 -2.40593 0.486847 0.268337 
5.24444 -0.353256 -0.327454 -0.308359 -0.521823 -0.18201 -0.228068 -0.15041 -0.103641 0.0260662 0.14673 0.0462976 0.0726173 31.1742 5.05515 -4.78233 -0.427147 -6.94816 -5.03227 -2.49382 0.662125 4.79658 0.650721 -0.335833 0.699385 1.07089 -17.3777 2.38805 1.23354 1.96316 2.33225 -1.57706 1.05974 0.43764 2.74924 -1.22532 -1.99928 -0.937433 -1.22556 
5.59213 -0.0314084 -0.456264 -0.0436166 -0.638957 -0.506577 -0.403364 -0.0597308 0.312113 -0.0396641 -0.144851 0.108686 0.120433 26.2778 4.97803 -4.67783 -0.78442 -5.97985 -4.39521 -2.09985 0.319944 5.09205 0.778357 -0.960134 0.127671 0.762366 -21.1421 -1.59498 1.67828 -1.30097 4.50764 4.27436 3.2301 -1.13271 -2.30793 -0.649421 -0.298831 -2.37778 -1.78268 
5.87451 0.0382131 -0.541377 -0.0966465 -0.780415 -0.646767 -0.363489 0.0103398 0.370134 -0.0817633 -0.0346408 0.110858 0.07235 18.2075 4.72692 -3.78251 -0.852207 -4.18641 -2.51397 -1.5955 -0.476843 4.35683 0.744792 -1.7351 -0.557967 0.214351 -16.7576 -3.8442 1.25329 -2.91827 4.75695 7.91736 2.91563 -2.38385 -4.70071 0.509244 -0.252928 -2.61702 -1.29886 
5.95454 0.0804514 -0.589537 -0.184131 -0.823401 -0.590776 -0.29112 -0.0447943 0.337723 -0.0311621 0.00267369 0.0715426 0.035485 6.69651 4.09733 -1.76296 -0.742222 -1.62555 -0.285117 -0.349814 -1.52167 3.39125 0.277869 -2.618 -1.28827 -0.651441 -8.45438 -3.91221 1.02953 -2.66727 3.15831 7.47882 1.19507 -2.64007 -4.47643 0.889997 -0.324009 -1.31527 -0.637997 
5.96935 0.0671549 -0.628339 -0.238453 -0.767986 -0.470172 -0.307188 -0.0892981 0.370137 -0.00899689 -0.0518902 -0.0180514 0.0614472 2.44815 2.43064 -1.60821 -1.92116 -0.965127 2.39686 0.627675 -2.24974 1.33947 0.178435 -1.87341 -1.31744 -1.28327 -6.10269 -1.77649 2.32643 -0.574085 1.61484 3.80696 0.28172 -2.0872 -2.66027 0.0767786 -0.388222 0.505765 -0.598383 
5.92874 0.0712717 -0.64687 -0.304207 -0.685207 -0.364875 -0.280284 -0.16532 0.349308 -0.00913501 -0.180869 -0.071581 0.0372806 -0.92967 1.26565 -0.686611 -2.85064 0.0170028 4.02442 1.43524 -2.85984 -1.32023 0.320877 -0.456346 -1.54749 -1.43113 -3.91949 0.12706 1.86013 0.934222 -0.25334 -0.245667 0.0547882 -0.36585 -1.4187 -0.768739 1.18935 1.58464 -0.418633 
5.88143 0.102868 -0.673071 -0.325466 -0.727193 -0.201411 -0.300464 -0.228726 0.310583 0.0342088 -0.207006 -0.0930742 -0.00414037 -2.51921 0.960988 -0.510847 -2.30699 0.844927 3.74314 1.35684 -2.82388 -2.30945 0.462658 -0.249369 -1.62532 -0.879424 -1.6814 0.37925 0.694111 0.935451 -0.422433 -3.17619 0.65021 1.151 -1.72639 -0.833585 3.03448 1.06523 0.344563 
5.80745 0.0962645 -0.587175 -0.374221 -0.734805 -0.14731 -0.254519 -0.32977 0.30586 0.0178313 -0.19301 -0.057416 -0.0529426 -2.56203 0.381417 -0.577695 -1.43454 0.975372 2.08861 1.2914 -2.0915 -2.60036 0.697294 -0.0895936 -1.42274 -0.183025 0.535517 -0.254227 -1.08253 1.22132 0.308923 -4.35908 0.513917 2.22223 -1.61683 0.324575 2.36121 -0.309991 1.66795 
5.69798 0.128617 -0.551143 -0.396267 -0.752378 -0.131398 -0.217004 -0.360651 0.262795 -0.0359395 -0.153435 -0.0207385 -0.0803722 -2.96546 -0.191636 -0.614154 -0.421113 0.783175 0.178927 1.25239 -1.00402 -2.32527 0.852001 0.0770208 -0.89374 0.455201 1.65164 -1.5337 -1.87917 1.78295 0.940425 -4.20818 -0.249505 2.65269 0.034477 1.36569 -0.0631359 -0.960268 2.53983 
5.58763 0.200367 -0.61059 -0.414762 -0.71023 -0.175923 -0.174398 -0.319103 0.0933784 -0.0291108 -0.0332207 -0.0962552 -0.0621963 -4.27707 -0.776377 -0.522903 0.28637 2.28867 -2.47318 1.19941 0.105309 -2.31551 1.47147 -0.384365 -0.625573 0.91277 0.122377 -2.39491 -0.855238 1.89062 2.12478 -3.92034 -0.728372 2.11351 1.7538 1.86567 -3.0553 -0.0787156 1.82618 
5.68589 0.151544 -0.70682 -0.40401 -0.649466 -0.245901 -0.163355 -0.313111 0.0405615 0.0390923 -0.0162549 -0.171823 0.0192205 -7.31927 -1.69719 0.871972 0.408466 4.33468 -4.04863 0.457453 0.79624 -2.62527 1.79191 -0.99607 -0.476869 1.20015 -5.21298 -2.14735 2.29477 0.980508 3.38995 -2.64516 -1.42813 1.13465 1.58386 1.22854 -3.67324 1.19431 0.0437772 
5.74304 0.0415288 -0.723722 -0.34562 -0.649641 -0.348805 -0.149953 -0.289937 0.0747268 0.134619 -0.133668 -0.17456 0.0901953 -10.7781 -2.02653 1.53959 2.18944 4.52641 -4.3422 -0.397239 0.379318 -2.20017 1.87553 -1.00829 -0.743592 1.57399 -10.3405 -0.691177 4.36154 1.08461 3.0775 -0.621619 -1.74701 -0.899392 0.445972 -0.326914 -1.27313 1.21285 -1.19922 
5.51998 -0.00881068 -0.70151 -0.263264 -0.643875 -0.408094 -0.180424 -0.207315 0.182887 0.105481 -0.203359 -0.115168 0.126194 -10.1924 -2.69532 1.96051 3.30109 2.82068 -3.77544 -0.550938 0.572776 -1.41567 1.54367 -0.457509 -0.803477 1.58576 -7.07681 0.300089 3.52476 1.56832 -0.771562 1.87824 -1.07064 -1.81984 -0.657805 -1.48755 2.34112 0.00736347 -1.24432 
5.16578 -0.0174278 -0.649074 -0.29163 -0.243838 -0.698783 -0.136157 -0.186852 0.0373277 0.228126 -0.343662 -0.115061 0.071255 -7.68523 -3.01116 2.19961 3.51438 0.622917 -1.90367 -1.02249 1.84767 -0.583441 -0.245441 0.20714 0.0454066 1.27692 3.59702 0.496956 0.224194 1.87183 -7.14672 5.28171 -0.495618 0.0557873 0.271495 -3.51586 5.07848 -0.459953 -0.206772 
4.58301 -0.127737 -0.305188 -0.36908 -0.0811486 -0.618394 -0.299273 -0.220814 -0.0997185 0.212823 -0.292961 -0.102267 0.0613669 -4.80882 -2.35775 1.7808 2.94678 -1.19199 -0.0685601 -0.902177 2.98546 -0.895387 -1.56405 1.09416 0.797041 0.447044 15.491 0.770668 -4.26025 0.699047 -9.71246 5.62265 1.02572 3.10003 1.28545 -3.8559 4.0989 0.302416 0.0836638 
4.20156 -0.069118 -0.36883 0.0559952 -0.341219 -0.565634 -0.30698 -0.432393 0.0201461 0.154925 -0.13844 -0.186929 0.140781 -0.205173 -1.6925 0.689196 2.05733 -2.80783 1.38092 -0.641298 3.85504 -0.946464 -2.65592 2.10552 1.02968 -0.310097 19.8095 0.611193 -5.12806 -3.1878 -6.01003 3.70117 1.48287 5.57012 0.795666 -2.778 0.786304 1.73488 -0.915753 
4.88517 -0.188721 -0.461815 0.0449745 -0.709575 -0.509235 -0.190792 -0.20441 0.0432912 0.101708 0.00195412 -0.203255 0.147497 5.12174 -0.922423 -0.871856 0.838117 -3.84979 1.97345 -0.3932 4.91549 -0.858406 -3.35485 2.62466 1.11774 -0.908925 11.6364 1.63501 -3.65969 -4.82132 1.14767 0.181246 0.655477 3.99707 -0.0571148 -0.931672 -2.02603 1.95871 -1.92634 
5.27184 -0.212171 -0.52097 -0.0472594 -0.804311 -0.29335 -0.301216 0.135892 0.0434126 -0.174421 0.0296941 -0.05837 0.151741 10.1733 -0.403083 -2.54436 0.224135 -5.29254 2.75416 -0.169615 5.59439 -0.190179 -3.82331 2.65338 1.37574 -1.18693 1.93564 1.85164 -1.44862 -3.61952 5.31015 -3.06898 0.413636 -0.205412 -0.682491 1.82758 -2.74245 0.368677 -2.06203 
5.39554 -0.14474 -0.603592 -0.132111 -0.774264 -0.28735 -0.227563 0.173814 -0.0857061 -0.0999539 -0.0191991 0.00230573 0.0567897 13.375 0.213403 -3.74095 -0.92162 -4.98072 2.55555 0.432186 5.44233 0.11211 -3.2943 1.6189 1.64927 -1.7096 -3.73403 1.02972 0.64028 -1.03511 3.96709 -2.40348 -0.400318 -3.25488 0.295157 2.05879 -1.55297 -0.881527 -0.828476 
5.6565 -0.167032 -0.649757 -0.15535 -0.816462 -0.324139 -0.219515 0.222504 0.000761153 -0.146231 -0.00581388 -0.00834327 0.00294911 13.0707 0.380507 -3.11902 -2.57511 -3.20913 2.18228 0.892316 4.13302 -0.314903 -2.08964 0.432934 1.6045 -1.80198 -4.75602 0.398094 1.13316 1.16314 0.631213 -0.399025 0.365097 -5.06737 0.651794 2.18731 -0.592317 -1.37587 0.82682 
5.75854 -0.0829479 -0.731725 -0.248616 -0.714523 -0.429307 -0.253502 0.375156 -0.0171121 -0.213738 0.0205067 -0.000197922 -0.0502588 9.7883 0.660243 -2.30897 -2.33833 -1.84311 1.53689 1.56627 1.24572 -0.139528 -0.985832 -0.214704 1.06043 -1.45008 -2.3807 -0.865581 1.7498 1.1064 -1.7018 1.43748 1.82573 -5.18817 0.554949 2.00085 -0.372094 -1.05349 1.78745 
5.97239 -0.113828 -0.789352 -0.176 -0.838149 -0.328278 -0.24743 0.342764 -0.0302301 -0.206787 0.0235587 0.0116383 -0.0501648 7.83615 0.526096 -1.5633 -1.73564 -2.07967 1.03449 2.84714 -1.27052 -0.126591 0.340028 -0.400013 0.2253 -0.966237 -2.45708 -0.811829 1.98543 0.225201 -1.1144 1.19242 2.66377 -4.13479 -0.0353078 1.42705 -0.553061 -0.597204 1.73511 
6.0658 -0.105024 -0.757882 -0.25167 -0.948119 -0.189791 -0.22496 0.246966 0.00695568 -0.188793 -0.0101338 0.0470897 -0.0867474 6.5376 0.27171 -0.910169 -1.3106 -2.56628 1.59068 3.16338 -2.30838 0.114305 0.465978 -0.510157 0.0013162 -0.201163 -2.72189 -0.377305 1.27152 0.217616 0.0947746 -0.301574 2.52421 -2.34452 -0.609737 1.0837 -0.502649 -0.51181 1.1591 
6.14274 -0.101383 -0.76031 -0.271802 -0.96261 -0.206694 -0.0786835 0.108559 -0.0116553 -0.10498 -0.0279996 -0.00794033 -0.00631551 4.89485 0.336827 -0.444172 -1.17349 -2.56531 2.00764 3.41946 -2.92061 -0.0842076 0.772371 -0.881578 0.192327 0.21424 -2.55234 0.125439 0.462689 0.306467 0.623539 -0.675927 0.388229 0.376241 -0.217695 -0.213778 -0.330881 0.134067 0.137998 
6.26498 -0.13991 -0.747508 -0.306257 -0.959278 -0.237749 0.0395546 0.0608792 0.0111271 -0.137272 -0.0203274 -0.00335662 -0.0114338 3.56274 0.320186 0.0345559 -1.09086 -2.53064 1.87497 3.82454 -3.03627 -0.567652 1.08558 -1.09922 0.202159 0.339391 -2.72519 0.831228 -0.155717 0.238729 0.806724 -0.474568 -1.43746 2.2322 -0.635016 -0.536146 -0.291397 0.574859 -0.42372 
6.25887 -0.111575 -0.742042 -0.291571 -1.05399 -0.190531 0.132679 -0.00801751 -0.0606687 -0.0882871 -0.0507099 -0.00982159 -0.0248966 2.34775 0.554676 0.118842 -1.31499 -1.08018 0.618077 3.38967 -1.65537 -1.02521 0.706704 -0.710662 0.0102828 0.424437 -1.80362 0.632087 -0.292124 0.023183 1.51598 -0.806007 -2.28747 3.13371 -0.687951 -0.781259 0.288435 0.447652 -0.326895 
6.28236 -0.093036 -0.761289 -0.304823 -1.08419 -0.11606 0.110423 -0.0147018 -0.0298207 -0.0906021 -0.0797597 0.0102175 -0.00299162 1.98408 0.493466 -0.118618 -1.06282 0.593311 -0.441074 2.0546 -0.137764 -0.944019 0.177145 -0.394378 -0.0668177 0.536065 -0.711985 0.116462 -0.102769 -0.312843 2.90529 -1.92617 -2.269 3.05303 -0.483234 -0.788593 0.865868 -0.154196 -0.0321697 
6.29432 -0.0676648 -0.764875 -0.335134 -1.06982 -0.114049 0.106224 0.00665702 0.00341714 -0.117621 -0.111326 0.0552685 -0.0104037 1.18021 0.778901 -0.329112 -0.850845 1.93793 -0.867705 0.0329573 0.99918 -0.153499 -0.340951 -0.531486 0.352699 0.0353029 -0.1017 -0.213183 -0.23262 0.0687084 3.88195 -2.49504 -2.52906 2.12815 0.587039 -0.671577 0.833665 -0.519018 0.128271 
6.27047 -0.0409698 -0.744307 -0.370461 -1.08254 -0.162143 0.21686 0.0281476 -0.153619 -0.0624882 -0.112643 0.0365255 -0.0324645 -0.184502 1.03596 0.0339141 -1.01553 3.38448 -1.40302 -1.73807 1.99373 0.427645 -0.494548 -0.360314 0.103915 0.151934 -0.738241 -0.187587 0.103456 0.241733 3.80104 -1.67718 -3.57181 1.2497 2.47164 -0.860703 0.356402 -0.351371 0.0719243 
6.32569 -0.0517776 -0.764096 -0.384347 -0.92254 -0.271239 0.158452 0.16288 -0.1634 -0.130187 -0.0207034 -0.0128658 0.0151658 -1.63953 0.434262 1.3643 -0.703001 4.83563 -2.19765 -2.47504 2.258 0.339658 -0.467327 -0.128627 -0.185078 0.811728 -3.02115 -0.259499 1.71428 0.634177 2.00714 -0.173019 -2.79049 -0.406689 1.98362 0.0998697 -0.551068 -0.0880649 0.379568 
6.413 -0.0793094 -0.78059 -0.389975 -0.764253 -0.308574 0.0287989 0.184481 -0.0488889 -0.15566 -0.0528884 -0.00213422 0.0380499 -4.21706 -1.75105 4.5328 -0.988735 5.96278 -1.38625 -2.57065 1.87277 0.111457 -0.866264 0.265676 -0.470191 0.96713 -5.85699 -2.30434 5.25506 0.0794278 0.507668 1.82954 -0.464529 -1.37294 -0.147839 0.227221 -0.189193 -0.221474 0.731179 
6.29634 0.00497678 -0.810996 -0.358928 -0.690535 -0.318626 -0.101873 0.169491 0.0772973 -0.162505 -0.143233 0.0742628 -0.0472655 -6.97952 -4.71787 6.56042 -0.887217 6.83907 -0.35974 -3.50314 1.06983 0.522803 -0.461812 0.83507 -0.54507 0.722915 -6.90021 -6.04243 7.31173 -0.457518 0.20046 2.97234 1.23569 -1.91641 -1.94645 0.550657 1.13312 -0.534852 0.66903 
6.11759 0.0208307 -0.677859 -0.454744 -0.582544 -0.356878 -0.191294 0.287533 0.0658023 -0.169575 -0.077105 -0.0172317 0.0164133 -9.46917 -7.23014 7.83372 -1.21402 6.23099 1.10969 -3.76741 -0.345458 0.505921 0.293831 0.544287 -1.11798 1.08052 -5.77627 -8.1315 5.50687 -0.665539 -0.67561 3.59239 1.6852 -2.90854 -2.23553 1.26082 1.047 -0.774635 0.101038 
5.93592 -0.115146 -0.431409 -0.338105 -0.49054 -0.420434 -0.10873 0.209305 -0.110594 -0.100154 -0.0838429 -0.0353364 0.164284 -11.3341 -8.74006 7.79541 -2.09365 4.97986 1.84629 -2.99641 -1.50693 0.0558477 0.977547 0.582893 -1.09335 1.09689 -2.74732 -6.01548 -0.349707 -1.76684 -1.65236 2.55423 0.396908 -2.35695 -0.15549 1.28225 0.653495 -0.598564 -0.682903 
5.58066 -0.540278 0.100313 -0.513992 -0.335961 -0.123618 -0.101865 0.170159 -0.0863329 -0.258645 -0.0210898 -0.0342801 0.0989439 -10.6571 -8.81765 7.06077 -2.23133 4.67935 2.83576 -1.78368 -1.99771 -1.47626 0.519542 0.772506 -0.696402 1.20252 2.68239 0.713237 -6.99739 -0.943607 -2.24132 0.188695 0.237372 -1.3675 -0.0158771 0.950482 -0.660457 0.377031 -0.284279 
5.33552 -0.866002 0.0497397 -0.456219 -0.18142 -0.146204 -0.341903 0.11863 0.0285775 -0.0974938 0.0664004 -0.0128851 0.00261877 -7.75485 -8.02553 5.05092 -1.88126 4.53952 2.96352 -1.42701 -1.70999 -1.61887 0.301902 0.78138 -1.01225 1.06212 7.65109 7.11707 -8.59911 0.0871313 -1.75701 -1.08217 1.29517 0.721184 -0.602338 -1.03909 -1.43701 0.707424 0.158288 
5.15207 -0.977321 0.0683999 -0.56326 -0.344781 -0.0455221 -0.28268 -0.0278215 -0.105427 0.0223542 -0.0726462 -0.199483 0.163743 -5.17112 -5.20752 2.08378 -1.42413 4.05715 3.13515 -1.87579 -2.08243 -0.706999 0.260577 -0.00231202 -0.696505 0.363619 9.46764 9.89272 -6.62876 1.67785 0.542769 -1.47078 0.53627 2.24004 0.154172 -2.2874 -0.852612 1.1205 -0.50571 
5.05251 -0.987518 -0.0768947 -0.71434 -0.308383 -0.151481 -0.259384 0.000148357 -0.0446409 -0.0295494 0.0210178 -0.0903558 0.149545 -6.592 -0.844551 -1.61222 -1.52098 2.6752 3.28028 -1.65343 -2.1182 0.166161 0.443846 0.159135 0.123309 -0.280322 3.25323 9.14499 -3.4029 2.58307 0.366406 0.101687 0.0258017 1.06012 0.997129 -1.06809 -0.417614 0.926366 -1.05793 
5.31445 -0.85256 -0.0593907 -0.597462 -0.0771913 0.0507707 -0.195002 -0.00759233 -0.27568 -0.222121 -0.0227401 0.0327419 0.157824 -10.358 2.95918 -3.79675 0.212466 0.704853 2.66851 -0.553606 -2.8546 -0.0351095 1.17026 0.126362 -0.0527545 -0.657363 -9.76853 5.35584 -0.913418 1.87302 -2.66364 0.788011 -0.016211 -1.37514 2.53006 1.64205 0.672492 -0.143174 -1.93245 
5.50884 -0.800917 -0.181395 -0.521771 -0.0235426 -0.0374818 -0.335313 0.117412 -0.099512 -0.153172 -0.0282028 -0.147469 0.103376 -14.4852 6.13918 -3.02218 0.495897 -0.511696 1.19134 0.616567 -2.5933 -0.15308 0.466879 -0.0567668 0.470571 -0.646826 -19.1606 2.81016 0.910561 0.870315 -4.92226 -0.771511 1.47952 -2.95159 0.987008 2.539 0.908414 0.479006 -1.08103 
5.34899 -0.580201 -0.232915 -0.566762 -0.0161486 0.0538197 -0.464366 -0.0456571 -0.00628116 -0.0999151 -0.107242 -0.121402 0.0868273 -15.1376 7.46941 -2.41841 0.70108 -0.811158 -0.445468 1.16707 -1.94844 0.323356 0.320082 -0.163411 0.84018 -1.16521 -14.5466 0.483652 2.57704 -0.328549 -4.66644 -3.51267 3.52278 -1.11642 -1.19083 1.06332 0.131476 0.164888 0.338601 
4.33443 -0.360074 -0.437028 -0.637447 -0.207437 0.188122 -0.275426 -0.162831 -0.0224848 -0.0192824 0.0553804 0.0700679 0.054392 -14.3818 8.63686 -1.41867 2.08523 -1.07923 -2.11835 1.1345 -1.9784 0.405055 0.92464 -0.284893 0.215534 -1.34706 3.32775 -0.11892 3.55559 0.460592 -0.123506 -6.23717 1.86063 1.92016 -1.4712 -1.18023 -0.928082 -0.437801 0.7118 
3.52944 -0.42514 -0.307017 -0.371345 -0.375762 0.214593 -0.180299 -0.352793 -0.0926688 0.0673008 0.0483689 -0.134446 -0.0542268 -11.1088 8.4418 -1.42638 2.85658 -1.99588 -4.44566 1.13616 -1.97486 0.423916 0.838953 0.56448 -0.191946 -1.5196 21.5278 0.536851 1.51456 1.35006 3.48996 -5.941 -0.739744 3.59376 -0.976575 -2.62696 -0.491934 -0.285545 0.65234 
3.2816 -0.127154 -0.200795 -0.522302 -0.351842 -0.214019 -0.189185 -0.194961 -0.097689 -0.050169 -0.0346084 0.0143039 0.0697152 -3.39666 7.31138 -1.25209 3.25498 -2.45407 -5.32085 0.813728 -1.46 -0.0925009 0.0968197 0.696701 0.1406 -1.17366 28.7969 -1.32437 -1.58935 2.73854 2.70953 -2.06365 -3.1875 2.24606 0.652918 -1.40083 0.870747 -1.27222 -0.397615 
3.88195 -0.0791629 -0.255557 -0.616158 -0.319718 -0.248297 -0.065885 -0.125937 -0.0955643 -0.0603439 -0.12823 -0.038723 0.0505843 6.25813 5.4938 -1.99606 4.60086 -2.67571 -6.23638 -0.385823 0.384606 0.65574 -1.01091 0.694241 -0.0293504 -0.791922 21.4823 -2.95971 -3.45966 3.26932 -0.592427 1.33873 -4.41167 0.607599 1.83944 -0.872618 1.69312 -0.239854 -0.26117 
4.09993 0.216003 -0.256213 -0.2276 -0.142242 -0.408691 -0.216678 -0.172722 -0.0577781 -0.0130277 -0.00678834 -0.0604993 -0.0546959 15.342 3.63532 -2.29187 5.69616 -2.87857 -6.38019 -2.13115 2.23526 1.2328 -1.81963 0.370507 -0.0557241 -0.220596 9.19842 -5.46136 -3.35162 1.33757 -4.45256 3.42864 -2.78436 1.29971 1.82687 -0.835754 0.812996 0.938302 0.915605 
4.59065 0.186451 -0.407608 -0.108034 -0.299251 -0.530644 -0.22074 -0.235535 -0.137558 -0.129555 0.13531 -0.10787 -0.0892321 19.6154 1.92199 -2.84772 5.93094 -3.8588 -5.44872 -2.65182 3.37692 1.39153 -2.1741 1.12533 0.903624 -0.0771605 -1.97462 -5.57375 -0.237613 0.333452 -4.65411 3.08264 -0.902362 2.64176 1.16257 -0.45191 -0.611341 1.51549 1.37582 
5.25755 0.0774071 -0.46667 -0.195792 -0.471341 -0.515216 -0.372578 -0.156949 -0.00580879 -0.0779536 0.0392922 -0.0811148 -0.0296536 18.7653 -0.384411 -2.50772 6.39179 -4.94062 -3.95917 -2.38777 2.99317 1.11139 -1.5863 1.84831 0.755241 -0.338062 -9.17318 -3.10128 2.54772 -0.674326 -2.05134 0.826664 1.74908 2.41936 -0.896833 -0.202686 -0.176883 1.64595 0.894037 
5.48599 0.0735548 -0.645547 0.0468812 -0.577805 -0.556485 -0.460864 -0.0181061 0.157614 -0.219496 0.0279585 -0.00993901 0.000486549 14.9701 -1.61936 -1.44346 5.54397 -5.57333 -3.6001 -2.14257 2.9897 0.704023 -1.19508 2.02672 1.0426 0.195739 -9.76805 -1.1778 4.32692 -2.15315 0.795917 -0.000147164 3.26126 -0.108454 -2.76664 1.481 0.688584 0.168906 -0.167845 
5.53738 0.00605185 -0.585146 0.182636 -0.720914 -0.607432 -0.46738 0.153361 0.0625626 -0.227898 0.0604798 0.0277531 0.0428466 10.6681 -1.95248 -0.725167 3.75649 -5.43529 -2.9749 -1.41666 3.03708 0.268181 -0.731354 0.985068 1.46984 0.595683 -8.59 1.4435 3.19209 -2.58983 3.09143 -0.397393 2.1977 -2.79122 -2.25794 2.23343 0.468246 -0.651534 -0.760737 
5.65004 -0.0862562 -0.483075 0.243216 -0.852339 -0.671804 -0.398144 0.172336 -0.00455665 -0.24712 0.168771 0.0721354 -0.0345772 4.86047 -1.06914 0.66004 2.96706 -3.15377 -1.90019 -1.34402 2.22289 0.145568 -0.0641615 0.489591 0.989536 0.561693 -7.02974 2.62426 0.875765 -2.98344 4.27398 0.989687 -0.0428894 -3.5522 -0.547373 1.74221 -1.05638 -1.42959 -0.0499652 
5.7043 -0.0847368 -0.433136 0.18727 -0.828555 -0.780352 -0.35155 0.112228 -0.0220607 -0.176742 0.197922 0.0513613 -0.0221303 -2.92963 -0.306546 1.57011 1.70018 -0.238016 -0.843868 0.0727251 0.684198 -1.07828 -0.294332 -0.00235909 0.312691 0.652956 -9.18052 2.44485 -0.465691 -2.55469 5.10885 3.18855 -0.962565 -2.60084 0.599483 0.0448343 -2.77549 -1.31568 0.737485 
5.82154 -0.104256 -0.416378 0.188452 -0.859376 -0.775943 -0.387969 0.126264 -0.0299404 -0.140059 0.20289 0.0208121 0.0296423 -5.16964 -0.574828 2.27246 -0.103694 1.75098 0.0500662 0.0561739 -0.603586 -1.55626 0.287845 -0.692429 -0.135581 0.707003 -9.59048 0.721697 -0.492632 -1.56437 5.00153 3.55802 -0.546108 -1.47144 0.45388 -1.33039 -2.68076 -0.768717 0.720615 
5.57939 0.0669379 -0.488314 0.248543 -0.833731 -0.807045 -0.471614 0.133 -0.0227776 -0.131688 0.0742759 0.123692 0.0100733 -5.51529 0.187373 1.37766 -0.577585 2.39144 0.6739 -0.0401728 -1.26788 -1.01912 0.291258 -0.744401 -0.52797 0.721423 -4.03987 -1.33969 0.0816007 -1.02474 2.2818 2.27554 0.81281 -0.389593 -0.407399 -1.16312 -0.357878 -0.723508 0.418571 
5.35488 0.0386193 -0.378953 0.228535 -0.648204 -0.633859 -0.547872 0.0408243 0.0264934 -0.157802 0.109644 -0.0353686 0.0230623 -5.25566 0.821114 0.749455 -0.492701 2.07695 0.654082 -0.510195 -0.799904 -0.86544 0.451315 -0.868454 -0.531841 0.870917 4.40456 -1.16561 -0.579927 0.0313015 -2.24003 -1.07777 1.08602 1.0027 -0.677637 0.162713 1.50768 0.496866 -0.336434 
4.5596 0.00102931 -0.339178 0.0737492 -0.419878 -0.542311 -0.289567 -0.00839902 -0.128023 -0.272677 -0.0379892 -0.0190083 0.116985 -4.14136 0.837306 0.56507 -0.181273 1.28274 0.101221 -0.531587 -0.211372 -0.809537 0.158733 -0.255826 -0.221362 0.337653 11.8223 0.380529 -1.20611 1.49273 -5.46885 -3.7631 -0.63153 1.94909 0.419924 1.48325 3.0476 0.915172 -1.26738 
5.10573 -0.166742 -0.300173 0.0946448 -0.46661 -0.605108 -0.4753 0.01288 -0.103857 -0.169873 -0.0108217 0.0269064 0.0847627 -3.20543 0.428731 1.04616 -0.17748 1.03906 -1.32172 0.0260471 -0.0685763 -1.07992 0.046925 0.40773 0.0790192 -0.318008 7.48198 1.64893 -0.617353 1.592 -4.30701 -4.27611 -0.326425 1.70129 0.432632 0.794854 2.41444 0.921357 -1.53757 
5.25581 0.0346574 -0.434243 0.196407 -0.669484 -0.64352 -0.410572 0.0376556 -0.0788688 -0.160615 0.150341 -0.0210876 0.0657847 -2.79415 -0.546443 2.18494 -0.588888 1.07559 -1.55099 0.697905 -0.7057 -1.6777 0.0643702 1.18526 -0.211042 -1.00164 -1.49924 -0.0423811 1.93767 -0.066787 0.60666 -2.13563 0.239808 -0.447735 -0.466618 -0.333959 0.331459 0.490966 -1.67444 
5.28536 0.0771966 -0.390267 0.203789 -0.752251 -0.762508 -0.483273 0.12033 -0.115041 -0.0962321 0.122265 0.0261396 0.0629276 -5.31859 -1.34671 2.30009 -1.12204 1.46611 -0.69815 1.46926 -0.236716 -2.43762 0.0901992 1.19913 -0.528371 -1.23359 -10.7723 -2.78682 3.18601 -2.1803 5.22344 2.68811 2.07024 -2.06241 -1.65883 -1.39642 -0.813755 -1.41167 -0.850148 
5.29518 0.0559806 -0.358182 0.189989 -0.715737 -0.854073 -0.461633 0.118493 -0.0999863 -0.152448 0.186518 0.048846 -0.00596178 -11.436 -2.12189 3.0382 -0.787267 2.50729 0.756032 1.54352 -0.430696 -2.5061 0.0575444 1.21837 -1.1713 -1.31292 -18.4506 -4.05891 2.71988 -2.44297 6.32702 6.30553 2.83401 -1.98647 -2.34721 -1.14317 -1.81388 -2.24791 0.608696 
5.09405 -0.0165512 -0.223014 0.169706 -0.573683 -0.981474 -0.390992 0.068733 -0.183536 -0.171558 0.167247 0.0664668 -0.0449658 -20.7168 -3.25663 3.18175 -2.02016 4.4182 3.63665 2.89009 -1.22742 -1.85492 -0.112859 -0.233467 -1.07723 -0.945502 -18.3959 -3.58263 0.126797 -1.68354 3.71472 8.1054 1.68599 -0.842257 0.0458447 0.207265 -2.06702 -1.50737 1.47499 
4.66378 -0.116755 -0.027008 0.0600371 -0.401385 -0.738849 -0.326772 -0.154665 -0.295903 -0.183803 0.181862 -0.039181 -0.122384 -17.3613 -5.48074 1.0478 -3.42238 4.69359 4.57044 3.02001 -1.47972 -1.47451 0.530462 -0.971105 -0.882584 0.046159 -4.47351 -1.96422 -4.9134 -0.810893 -1.13126 4.2595 0.403551 1.03692 2.62532 1.58069 -1.58586 0.553634 2.455 
3.94309 -0.290146 -0.0956528 -0.0776171 -0.230448 -0.420171 -0.182042 0.0432091 -0.411884 -0.203107 0.14646 -0.189595 -0.0230085 -9.83798 -5.70884 -1.05807 -4.02489 3.16244 4.80357 3.14131 -1.48781 -1.04386 1.13929 -0.993654 -0.913576 0.942215 18.753 0.00984007 -6.97923 -0.49855 -5.6023 -2.1474 -1.41104 0.768654 3.68266 2.50163 -0.687094 2.57145 2.07433 
2.91641 -0.337748 0.0215514 0.0828349 -0.148868 -0.389599 -0.188601 -0.0297601 -0.397887 -0.20294 0.121636 -0.150492 -0.00935857 -1.22028 -5.16813 -2.16173 -4.2415 0.858113 4.30941 2.72992 -0.434821 -0.581738 1.70508 -0.709962 -0.594498 1.623 37.9436 1.56008 -6.12211 -1.20908 -7.61915 -6.09275 -1.72686 1.39314 2.26495 1.92245 1.13596 2.28022 1.18508 
2.51006 -0.474741 -0.0766803 -0.152025 -0.0920107 -0.0863604 -0.103585 -0.136564 -0.130922 -0.105068 -0.0585931 -0.0154745 -0.0231819 7.08074 -3.9626 -3.05434 -3.44977 -1.29492 2.61285 2.00511 0.408012 1.14572 2.43305 -0.366847 -0.123061 1.69828 36.3039 3.25698 -1.29644 0.715499 -6.27163 -7.72118 -1.68032 1.89601 0.0239646 0.723492 2.59468 0.424366 -0.0467116 
4.47409 -0.656312 -0.629189 -0.276919 -0.36051 -0.380585 -0.129088 -0.0590959 -0.229547 0.0117603 0.0808462 -0.0468387 0.138116 13.4156 -1.98839 -2.86339 -2.00051 -2.87103 0.949419 1.35319 0.691031 1.62668 2.12323 -0.657705 0.289204 1.92473 8.88669 4.71784 5.54023 3.03076 -1.56721 -2.85312 -0.880197 0.845701 -0.473837 -1.23138 1.09706 -0.987281 -1.36186 
5.17052 -0.53145 -0.536836 -0.297087 -0.532026 -0.451602 -0.1256 -0.0470086 -0.279647 0.0369733 0.0810819 -0.0616927 0.151275 16.8085 -0.342214 -1.88402 -0.781401 -3.0578 -0.377712 0.190185 0.870398 1.79887 1.2469 -0.219613 0.219632 0.901594 -15.9925 3.64668 6.46638 4.28183 3.12685 1.36167 -0.751602 0.678508 0.00759643 -2.65967 -0.45295 -1.48454 -1.8506 
5.38586 -0.53395 -0.366902 -0.333212 -0.587498 -0.43671 -0.0966542 0.0937526 -0.276756 -0.00486774 0.175422 -0.0433603 0.122402 16.3144 1.20979 -1.42647 0.284231 -2.67855 -1.08669 -0.230298 1.63616 1.02089 0.271037 0.358508 -0.026129 0.327477 -25.5293 2.5798 3.29 4.27676 4.78522 2.4314 -1.11301 -0.495154 -0.00499641 -2.8514 -1.33433 -0.638296 -1.69306 
5.31954 -0.494013 -0.348403 -0.198127 -0.554129 -0.541402 -0.105404 0.0368655 -0.0196707 0.128787 0.123252 -0.0510286 0.0720046 9.20926 2.94568 -0.173076 2.24285 -1.40369 -1.39805 -0.923811 1.9632 0.359037 -1.16742 0.554237 -0.245024 -0.497865 -18.676 1.36984 -1.10866 1.79998 3.70575 1.94989 -1.22497 -0.0496386 -1.12917 -2.89272 -0.673369 0.439936 -1.21699 
5.0855 -0.348675 -0.244028 -0.105418 -0.547063 -0.295705 -0.0864234 -0.0612949 -0.206776 -0.0364634 -0.0269699 -0.112816 0.178045 -0.523376 4.95977 1.47562 2.50646 -0.680763 0.350467 -0.6356 1.39551 1.06591 -2.36781 0.170033 0.163639 -1.63108 -3.75921 1.41057 -3.47101 -0.624129 0.182675 -0.822837 -0.626554 0.584696 -0.621667 -1.50029 1.30327 1.23647 -1.25112 
4.88571 -0.388459 -0.297184 -0.0946533 -0.408447 -0.343467 -0.218329 0.159533 -0.149324 -0.129011 0.0884448 -0.146036 0.0181727 -1.20065 5.74424 -0.612963 1.47354 -0.587548 1.53413 -1.8559 1.04781 2.03966 -2.64012 0.101618 0.574448 -1.72958 5.66315 2.80701 -2.66297 -2.70935 -2.75878 0.126325 -0.354046 -0.706674 1.0184 -0.0768568 0.892403 1.58507 -0.432108 
4.8703 -0.263191 -0.409376 0.000373468 -0.482376 -0.488431 -0.186499 0.137339 -0.205242 -0.116065 0.14435 -0.0287796 0.0413477 0.895279 6.12766 -2.51928 -0.180743 -0.532324 1.27577 -2.62223 0.669832 3.10044 -2.47459 0.00490772 0.690275 -1.69947 9.89252 1.97649 -1.76983 -4.63655 -2.56022 1.40904 -0.984389 -1.05385 3.54432 0.920641 0.0415646 0.567784 0.00358483 
4.73271 -0.150975 -0.435353 0.042552 -0.423432 -0.444307 -0.247673 0.142402 -0.142047 -0.210163 0.0792548 -0.0307389 -0.0224316 4.58072 5.39343 -3.76969 -1.74744 -0.641715 1.42278 -3.46853 0.401192 3.94742 -2.10883 0.00573607 0.678056 -1.59957 10.3394 -0.58802 -2.00638 -4.41644 -0.816221 1.29471 -1.89604 -1.54676 4.45461 2.12017 -0.903321 -0.537384 0.774721 
5.03784 0.136505 -0.327962 -0.0976946 -0.701128 -0.322063 -0.12328 0.0952648 -0.0696121 -0.274791 0.148963 -0.0126826 -0.0853881 7.64538 4.38965 -4.82481 -2.64613 -0.614567 0.979508 -4.17421 -0.253221 5.65065 -0.726312 -0.211014 0.537772 -1.55927 5.3945 -3.96627 -2.41807 -1.99369 2.38424 0.173182 -2.74769 -1.25563 2.86984 2.30491 -1.71724 -1.43479 1.25424 
5.47859 0.208879 -0.634469 -0.252128 -0.675211 -0.15442 -0.473453 0.111382 0.135714 -0.231239 0.1055 0.0277572 -0.0438855 8.7678 3.80832 -5.03102 -3.18869 -0.239624 1.17336 -4.13805 -1.4675 6.00816 0.0741451 -0.910603 0.0086659 -0.882139 -1.49276 -4.90402 -0.804952 0.878278 3.45434 -1.94197 -0.653466 -0.900856 0.307778 1.85083 -1.00708 -1.67317 0.547198 
5.55247 0.168836 -0.705662 -0.37606 -0.548989 -0.369615 -0.450411 0.131326 0.311413 -0.214043 0.104295 -0.00877203 -0.073679 8.31588 2.54275 -4.80213 -3.5658 0.931027 0.945669 -4.17503 -1.66724 6.03203 0.452565 -0.879786 -0.827126 -0.637874 -5.39312 -2.79057 0.782452 2.54301 2.23275 -1.61937 1.1148 -1.09994 -2.32642 0.931299 -0.132373 -1.07967 0.519236 
5.77617 0.0676179 -0.79631 -0.328751 -0.525044 -0.266389 -0.587788 0.0272916 0.402117 -0.174441 0.0165571 -0.0504689 -0.0763812 6.97493 1.32483 -4.54083 -2.91037 1.60467 -0.133595 -3.79454 -1.37682 4.8741 0.931475 -0.543935 -1.02418 -0.0586616 -6.87206 0.0221691 2.2512 2.0099 0.821144 -1.48047 2.49985 0.15151 -3.60328 -0.346026 1.08287 -0.403289 0.43217 
5.80145 0.100703 -0.877964 -0.329491 -0.517006 -0.240516 -0.66448 -0.0146578 0.464537 -0.129711 -0.0123411 -0.0746767 -0.0779801 3.90896 0.297009 -3.94697 -1.39155 2.44724 -1.15233 -3.46762 -0.652859 3.24164 0.932545 -0.454209 -1.0996 0.488111 -4.75628 1.27929 2.67412 1.21586 -0.665359 -1.18524 2.46191 1.66627 -3.7611 -1.03535 1.76051 0.384355 0.764055 
5.72891 0.17332 -0.928595 -0.389185 -0.42961 -0.313134 -0.642517 -0.0448052 0.483042 -0.133288 0.0208285 -0.10056 -0.0888187 1.36008 0.289396 -2.26485 0.191236 1.76734 -1.99538 -1.86532 -0.0341919 1.2265 0.61329 -0.0748811 -0.801025 0.851852 -2.07582 0.415565 1.85796 1.66568 -1.34269 -0.966326 0.965191 2.74107 -3.06398 -0.808192 1.02407 1.11206 1.25141 
5.74592 0.18249 -0.924515 -0.43222 -0.374589 -0.363175 -0.63494 -0.0630829 0.500273 -0.14732 0.071111 -0.132642 -0.0639106 0.409542 0.396119 -1.26437 1.51577 0.799303 -2.3264 -1.20409 0.866198 -0.58578 0.382461 0.202738 0.0320503 1.3727 -0.774118 -0.742267 1.58783 2.69714 -1.82411 -1.40172 0.776091 2.69517 -2.57418 -0.336887 -0.0391456 1.64588 1.11313 
5.75798 0.180557 -0.933006 -0.377261 -0.397964 -0.39979 -0.674513 0.0315469 0.437119 -0.142956 0.0731543 -0.116179 -0.0296632 -0.120119 0.0264583 -0.00943589 2.48543 -0.195788 -3.47451 -0.00546974 1.79863 -1.9893 0.159234 0.641631 0.971969 1.47882 0.483461 -1.60502 1.59371 3.09507 -2.1977 -1.18395 1.09087 1.17715 -2.0451 0.0872993 -0.564135 1.90242 0.448768 
5.72063 0.198747 -0.948304 -0.308544 -0.408311 -0.417653 -0.733442 0.107155 0.400083 -0.151517 0.0751933 -0.105174 0.024198 0.421852 -0.988627 1.28577 3.50501 -1.36066 -3.98256 0.812061 2.11913 -3.00763 0.129415 0.672972 1.83303 1.28666 1.19262 -1.94925 2.05552 2.19384 -2.27551 -1.27227 1.97553 -0.319142 -1.55773 0.346304 -0.303298 1.86878 -0.679383 
5.71547 0.181879 -0.938714 -0.205018 -0.438028 -0.519873 -0.691532 0.130941 0.349402 -0.136151 0.0594437 -0.0528515 0.0687933 1.06139 -1.89135 2.4722 4.05352 -2.4906 -3.9909 1.42768 1.93356 -3.44205 0.14246 0.676133 2.45401 0.846115 1.45655 -1.82374 2.50127 0.322755 -1.83788 -0.585706 2.13859 -1.36095 -0.754978 0.121325 0.416343 1.17289 -1.67204 
5.73353 0.131339 -0.878679 -0.103371 -0.476684 -0.65087 -0.631145 0.190144 0.248212 -0.133825 0.0659654 0.0201808 0.0947369 1.36241 -2.44597 3.38894 4.21164 -3.51662 -3.62314 1.85739 1.55175 -3.54294 0.146679 0.756001 2.65899 0.212458 1.27965 -1.23552 2.25836 -1.1867 -1.52383 1.00767 1.13015 -1.70401 0.38783 -0.123923 0.785992 -0.00763343 -1.93691 
5.81012 0.042912 -0.787126 1.63216e-05 -0.591593 -0.710262 -0.565023 0.192914 0.158904 -0.129067 0.0979067 0.090659 0.0629519 1.51303 -2.63629 4.01126 3.55893 -3.88788 -3.10946 2.4179 0.636729 -3.18965 0.124372 1.00555 2.44529 -0.405835 0.176729 -0.00487331 1.09088 -2.09542 -0.657123 2.1323 -0.0784522 -1.36444 1.27232 -0.251107 0.617597 -1.0967 -1.32809 
5.86283 -0.0234023 -0.684115 0.0473766 -0.674621 -0.76444 -0.517227 0.185374 0.103694 -0.108972 0.104094 0.147922 0.0259195 1.61784 -2.51914 4.2215 2.51634 -3.81781 -2.46243 2.73937 -0.108597 -2.61557 0.16407 0.995897 2.13805 -0.889152 -0.868837 1.1509 -0.437816 -2.323 0.497978 2.35134 -0.659011 -1.00494 1.76429 -0.226826 0.119526 -1.60301 -0.346419 
5.87728 -0.0594244 -0.581191 0.0245666 -0.713327 -0.796371 -0.454202 0.150812 0.0970405 -0.137802 0.155055 0.167761 -0.00860473 1.43426 -2.11468 4.00643 1.34194 -3.56678 -1.19279 2.40785 -0.504539 -1.83781 0.0378362 0.916807 1.49807 -1.03211 -1.14094 1.5794 -1.57814 -1.90292 1.22244 1.95073 -0.720197 -0.543931 1.58536 0.0323362 -0.625071 -1.38818 0.506009 
5.90228 -0.103199 -0.511132 0.0901018 -0.845675 -0.750534 -0.47556 0.180804 0.0654155 -0.137559 0.17462 0.156724 -0.0259904 0.999578 -1.49283 3.29792 0.147186 -2.64608 -0.127955 1.98497 -0.416564 -1.25023 -0.0206168 0.519424 0.661458 -0.895916 -0.952379 1.44532 -1.98247 -1.83729 2.1949 1.18128 -0.412017 0.126422 0.955283 0.082763 -1.12903 -0.973329 0.869171 
5.88677 -0.0927196 -0.485473 0.0610073 -0.854778 -0.760852 -0.410595 0.126749 0.0530173 -0.127719 0.192633 0.156478 -0.0375774 0.540102 -0.850823 2.38165 -0.629336 -1.73755 0.455871 1.60557 0.1552 -0.530747 -0.265544 0.202215 -0.181951 -0.482152 -0.369423 0.799387 -1.72708 -1.2528 2.01358 0.805898 -0.527291 1.23837 0.590647 -0.218942 -1.0888 -0.924361 0.832898 
5.89545 -0.0822353 -0.468116 0.0181466 -0.835271 -0.781168 -0.3648 0.0983453 0.0753422 -0.112772 0.155661 0.184795 -0.0400592 0.21295 -0.26407 1.07366 -1.23407 -0.791424 0.996713 1.912 0.520854 -0.149488 -0.197345 -0.263104 -0.673283 -0.247202 -0.157568 0.416168 -1.672 -0.754196 1.58491 0.642296 -0.0498298 1.76288 0.30927 -0.30458 -0.711286 -1.02914 0.473733 
5.90441 -0.0988442 -0.439101 -0.00184777 -0.886427 -0.698528 -0.376958 0.10788 0.0821135 -0.136008 0.156379 0.163095 -0.0248951 -0.690107 0.330923 -0.228801 -1.37121 0.247695 1.60929 2.0221 0.972456 -0.207841 -0.161553 -1.14419 -1.13178 0.0780029 -0.914728 0.618182 -1.98708 -0.170444 1.49452 0.544966 0.667298 1.41776 0.0349485 -0.179758 -0.775923 -0.975475 0.168308 
5.89403 -0.0978103 -0.447148 -0.059672 -0.80139 -0.692175 -0.363066 0.199309 0.0184294 -0.134393 0.116789 0.115603 -0.0231242 -2.11579 0.874314 -1.0587 -1.28523 1.36279 2.19917 1.47737 1.30965 -0.587236 -0.139808 -1.57071 -1.54695 0.505913 -2.39634 0.984304 -1.97523 0.776778 1.0944 1.10514 0.179764 0.344259 -0.432761 0.164883 -0.825269 -0.679462 0.309498 
5.90989 -0.0995189 -0.451238 -0.0458352 -0.846955 -0.691756 -0.345563 0.263344 0.0951473 -0.18348 0.143017 0.0647264 -0.00914097 -5.17025 1.22664 -1.3112 -0.91162 2.14619 2.42496 0.846042 0.984058 -0.0681048 -0.989715 -1.55028 -1.80398 0.857654 -5.52136 1.2415 -1.14765 0.974059 1.66693 1.05251 -0.814552 -1.31977 -0.388579 -0.332195 -0.641069 -0.191073 0.626235 
5.89132 -0.0605122 -0.556751 -0.117739 -0.786486 -0.638484 -0.185362 0.226654 0.0839609 -0.12356 0.0853255 0.0757841 -0.0400826 -9.58536 1.57377 -0.670399 0.0379702 3.84814 2.09541 -0.0877954 -0.049428 -0.737177 -0.551678 -1.15333 -2.40462 1.36239 -9.09015 0.872163 1.26983 1.72747 2.60196 -0.0456831 -2.81939 -2.46185 -0.528039 -0.463418 0.447436 -0.431917 1.23283 
5.70176 -0.00141546 -0.626536 -0.0894788 -0.708177 -0.534883 -0.199275 0.266001 0.0243343 -0.155404 -0.0294963 0.00869638 0.00301312 -12.4278 1.75113 -0.18797 0.903089 5.17093 1.24939 -0.892172 -1.05856 -1.05675 0.151677 -1.02457 -2.73151 1.78675 -9.01073 0.019966 3.03936 1.91959 2.93086 -1.8429 -3.24728 -2.97492 -0.40238 0.425672 1.61282 -0.671714 1.23892 
5.51278 0.0362082 -0.622658 -0.0394006 -0.649189 -0.443254 -0.362276 0.300757 -0.067449 -0.134486 -0.012952 -0.0400806 0.0661182 -11.6866 1.27498 -0.0869739 1.42517 4.15311 1.26617 -0.947863 -2.74505 -0.136198 0.352103 -1.24516 -1.91527 1.16163 -2.62152 -1.08741 2.45412 1.29943 0.85903 -2.53068 -0.971777 -3.09462 0.773042 1.24798 0.950727 0.208867 -0.280711 
4.98321 0.0670679 -0.576248 -0.0654053 -0.550643 -0.503292 -0.334245 0.135059 0.155591 -0.351873 0.0323258 -0.038706 0.0874885 -8.65319 0.743291 -0.560783 1.43086 2.6355 1.54284 -0.950921 -3.40782 0.771363 0.0420201 -1.51804 -0.790151 0.971707 8.96049 -1.83657 -0.435692 0.32619 -3.49919 -0.713451 1.26784 -1.43935 1.61876 1.56554 -0.61439 1.86842 -1.50968 
4.43267 0.0952381 -0.401275 0.0760825 -0.23587 -0.567422 -0.455751 0.0142163 -0.103418 -0.0957661 0.0683679 -0.173161 0.168591 -3.92934 -0.10991 -0.974849 0.832149 1.01009 1.53667 -0.583556 -3.13979 1.68904 -0.329664 -1.49019 -0.113639 0.591018 18.4721 -2.07616 -3.899 -2.01805 -7.32473 1.76683 3.48133 0.823866 3.41197 -0.7208 -1.94523 3.48658 -2.36581 
4.45145 0.0866782 -0.441516 0.112309 -0.200316 -0.622784 -0.491918 0.027676 -0.0830569 -0.0401318 0.0164662 -0.222526 0.203141 0.692238 -0.634376 -1.4948 -0.852957 -0.193788 1.53473 0.894026 -2.85472 1.9347 -0.112191 -1.11005 0.257565 -0.426015 17.4186 -1.33067 -4.19417 -3.91167 -6.47869 2.93966 3.73782 2.39858 2.34218 -2.05197 -1.19742 2.67538 -2.1635 
4.97517 -0.01371 -0.566493 0.0750836 -0.562784 -0.470789 -0.321328 -0.171249 0.178908 -0.118659 -0.106564 -0.0114528 -0.0173836 4.47277 -0.814635 -2.11074 -2.54534 -1.36845 2.30566 2.28514 -2.22286 1.34686 0.243339 -1.16948 0.820391 -1.68276 6.9227 0.187778 -1.65774 -4.5623 -1.25343 1.91603 2.03383 3.27658 -1.46605 -0.994227 0.93924 -0.0162864 -1.03111 
5.3289 -0.00760208 -0.731984 0.0374987 -0.713116 -0.356825 -0.311628 -0.0993862 0.279466 -0.243967 -0.135887 0.0814977 0.0910794 6.97498 -0.351815 -3.00057 -3.62615 -2.74954 3.47757 2.97387 -0.826106 0.0282522 0.461954 -0.422519 0.763897 -2.27037 -5.01184 1.56715 1.20326 -3.43069 2.67786 0.455263 0.866145 2.02177 -4.40901 0.843208 2.82037 -2.23428 -1.02813 
5.59038 -0.0632931 -0.783144 -0.106605 -0.661044 -0.34422 -0.228041 -0.0214035 0.251356 -0.225402 -0.156658 0.0244146 0.0544599 7.52328 0.204358 -3.62944 -4.45739 -4.19467 4.46346 3.61326 -0.00115866 -0.519657 0.123447 0.420189 0.629217 -2.53007 -10.51 2.40609 2.09737 -0.350288 2.3969 0.353626 -0.567494 0.580324 -5.4957 2.4775 3.26295 -2.54921 -0.33303 
5.50815 -0.0208114 -0.760702 -0.303517 -0.584767 -0.322869 -0.121359 -0.0424709 0.136387 -0.163494 -0.0713892 -0.0758127 -0.0500488 5.1855 0.944616 -3.20214 -4.35139 -3.78127 4.5353 3.70988 -0.113839 -1.79514 0.89642 1.14099 -0.0893627 -2.19932 -7.3201 1.91542 0.752873 2.48762 -0.666473 0.462506 -0.935583 -0.552507 -2.64793 1.9495 1.68125 -1.14025 0.754828 
5.43904 0.00129454 -0.748451 -0.387105 -0.624922 -0.180248 -0.109583 -0.0722362 0.0156526 -0.0991586 -0.0769339 0.0180534 -0.166338 2.28293 1.57418 -2.50937 -3.71059 -2.512 3.90948 2.96824 -0.0424892 -2.95506 1.89959 1.52992 -1.16291 -1.30869 -1.13446 0.716463 -0.522969 3.45442 -2.35179 -0.107558 -0.620865 -1.40023 0.961882 0.817536 -0.28307 -0.190566 1.76453 
5.29002 0.115712 -0.852252 -0.371217 -0.729448 -0.105879 -0.0590059 -0.00901633 -0.0544824 -0.145474 0.0921235 -0.0734662 -0.120274 1.09273 1.62322 -1.80903 -3.0485 -1.83031 3.02901 2.59485 -0.898984 -2.50768 2.27014 1.27437 -1.24499 -1.33642 3.22199 -0.710511 -0.166688 2.24012 -0.301083 -1.60603 -0.821959 -1.56361 3.0935 0.0995964 -2.27189 0.53833 1.90891 
5.40781 0.120352 -0.902424 -0.359273 -0.888708 0.00700695 -0.0305602 -0.0222895 -0.137365 -0.0157665 0.0857325 -0.103077 -0.111605 0.942787 1.5186 -1.27752 -2.00314 -1.58239 2.23671 1.31753 -0.786645 -1.33074 1.57819 0.94664 -0.805994 -0.704612 3.24384 -1.40897 1.19067 0.364754 2.87831 -3.09456 -1.50175 -0.526156 3.64354 -1.2417 -2.3015 0.662729 0.907274 
5.48062 0.144482 -0.93864 -0.375288 -0.902054 -0.0137726 0.0615497 -0.14498 -0.0687379 0.0259961 0.0235538 -0.0970766 -0.115146 1.4848 1.33291 -1.24851 -0.687091 -1.14736 1.2221 -0.223491 -0.447527 0.223811 1.24998 0.0376704 -0.480725 -0.0180536 0.556454 -0.991609 1.81977 -0.104281 3.82202 -2.94181 -2.94391 1.12367 2.66169 -1.70131 -1.21906 0.618211 -0.00628903 
5.57792 0.139819 -0.956316 -0.399715 -0.899077 0.0194307 0.02652 -0.155597 -0.0566272 0.0444427 -0.00573866 -0.105089 -0.0892982 1.84817 0.884535 -0.499137 -0.246146 0.0619783 -0.506479 -1.44255 -0.233007 1.87138 1.05972 -0.696732 -0.598413 0.536821 -1.85428 -0.350694 1.76203 0.603745 2.80031 -2.45905 -3.56957 1.94876 1.92414 -1.23891 -0.410186 0.521305 -0.14173 
5.63299 0.133458 -0.926899 -0.475866 -0.767578 -0.0736735 0.0349541 -0.184719 0.0243506 0.00559154 -0.0186223 -0.0917071 -0.116343 2.03744 0.191261 0.576229 -0.0078834 1.05903 -1.8261 -2.52087 -0.0564589 2.89038 0.994515 -1.42071 -0.292704 0.752431 -2.44258 -0.0334948 1.13679 1.65993 0.438316 -1.65721 -2.9355 1.75836 1.13342 -0.00618458 0.0423896 -0.188867 0.712101 
5.61535 0.1242 -0.852348 -0.470805 -0.739303 -0.0948065 -0.114084 -0.0357074 0.0424014 -0.0723365 0.0219714 -0.0976891 -0.111774 1.13072 0.0673807 1.13354 0.460535 1.61359 -3.00156 -3.01704 0.371897 3.36906 0.556834 -1.23141 -0.279807 1.10195 -1.16665 -0.258695 0.547724 1.68004 -1.0207 -1.36791 -0.561233 -0.0544474 0.579559 1.26815 -0.26884 -0.370932 1.17898 
5.5331 0.206497 -0.94411 -0.350079 -0.764165 -0.100635 -0.235105 -0.0605711 0.112677 0.0382987 -0.0579099 -0.0995636 -0.103027 0.464184 -0.067962 1.37794 1.11211 1.26819 -3.28438 -3.15702 0.827731 2.85689 0.509335 -0.656378 -0.298477 1.10228 0.153782 -0.71985 0.544975 0.762343 -1.23047 -1.05143 1.79974 -0.898646 -0.480047 0.579221 0.443063 -0.214773 0.817783 
5.57691 0.155172 -0.832315 -0.383584 -0.691711 -0.24492 -0.289735 -0.0751783 0.244974 0.0613271 -0.0961674 -0.116013 -0.0446838 -0.335545 0.0386962 1.37612 1.4669 0.793926 -3.53658 -2.2898 0.662653 2.09444 0.7708 -0.173282 -0.281273 0.976064 0.00169563 -0.262074 -0.244712 0.208676 -1.19832 0.0885234 2.98264 -0.761751 -2.23838 -0.131047 1.37733 0.103225 -0.276453 
5.63696 0.11031 -0.784033 -0.349786 -0.721326 -0.301469 -0.311363 -0.0556414 0.265894 0.0683783 -0.0928252 -0.137547 0.0172023 -0.952023 0.244746 1.07383 1.70883 -0.159813 -2.63635 -1.42672 0.0513405 1.11785 1.14832 0.28174 -0.348336 0.764839 -1.15429 0.581868 -0.828395 -0.309536 -0.833632 1.43918 2.80333 -0.749279 -2.91039 -0.395981 1.7573 0.332094 -1.49443 
5.59872 0.13689 -0.792692 -0.302777 -0.725392 -0.388695 -0.279492 -0.0675657 0.281043 0.0750362 -0.0797984 -0.13525 0.0389838 -1.14489 0.285962 0.81373 1.28945 -0.329684 -1.8952 -0.0131243 -1.29295 0.305683 1.35318 0.888622 -0.364525 0.142097 -1.66979 0.859474 -0.879124 -0.701692 -0.579907 2.72534 1.66948 -1.17132 -2.55463 -0.0296199 1.56508 0.164029 -1.98276 
5.5887 0.133519 -0.793314 -0.254809 -0.750295 -0.377348 -0.281124 -0.058742 0.220816 0.0655754 -0.0183598 -0.121574 -0.019334 -1.335 0.0283965 1.24388 0.237276 -0.0459015 -1.04021 0.894534 -2.02783 -0.754996 1.12486 1.6256 -0.156883 -0.559933 -1.34934 0.49856 -0.250699 -1.4616 0.223406 2.67129 0.799264 -2.21209 -1.21062 0.658897 0.646547 0.0536147 -1.51184 
5.50961 0.167149 -0.782321 -0.28287 -0.731223 -0.439806 -0.207103 -0.0697197 0.16201 0.110949 0.0103576 -0.124731 -0.023475 -1.08878 -0.565752 2.11028 -1.14191 0.377345 0.174551 0.972616 -2.31215 -1.95425 1.34741 1.94852 0.0871899 -1.07531 0.689398 -1.281 1.88541 -2.80562 1.32212 1.96506 -0.282475 -1.94772 -0.382783 0.574325 0.0699993 0.163349 -0.657103 
5.44104 0.203492 -0.796266 -0.257446 -0.812106 -0.299711 -0.231513 -0.149193 0.151019 0.138142 0.0366558 -0.142695 -0.0541207 -1.29986 -0.406101 2.0021 -1.65218 0.807836 0.537924 1.02747 -2.73891 -2.03094 1.35442 1.78011 0.30729 -1.36671 1.75716 -1.81599 2.29315 -2.66878 1.89832 0.148822 -0.54976 -0.596279 -0.0954936 0.115949 -0.461289 0.485794 0.198239 
5.44389 0.186153 -0.782475 -0.292017 -0.75877 -0.302887 -0.168935 -0.294432 0.142817 0.166966 0.101324 -0.156106 -0.1144 -1.30105 -0.0344792 1.24212 -1.28413 1.00153 0.491682 0.603075 -2.5041 -1.7414 1.25989 1.43708 0.132313 -1.08439 1.12288 -0.467278 0.302368 -0.40362 1.12211 -1.19668 -0.973347 1.43057 0.299996 -0.446892 -1.0149 0.372531 1.00648 
5.41935 0.136204 -0.666998 -0.410582 -0.678498 -0.305312 -0.160094 -0.355774 0.087741 0.196425 0.113092 -0.10877 -0.139447 -1.02736 0.139103 0.5211 -0.422643 1.22712 -0.3078 0.0473678 -1.83683 -1.26679 1.10237 0.857932 -0.0753154 -0.473771 0.0757599 1.41191 -2.86469 3.07283 -0.292421 -2.0928 -1.16076 2.72694 0.916675 -0.835511 -1.20002 -0.356902 1.38059 
5.58225 -0.0478121 -0.396891 -0.628185 -0.597354 -0.260713 -0.227714 -0.29207 -0.0234106 0.238038 0.132209 -0.10009 -0.110636 -0.660677 0.0384903 0.16513 0.958223 1.15418 -1.4917 -0.596136 -0.504675 -1.1107 0.398016 0.453745 0.134116 0.0253107 -1.32412 2.67339 -4.81574 5.80698 -1.39589 -2.92827 -0.856972 2.89652 1.33265 -1.23207 -1.11317 -0.589565 1.31692 
5.42545 0.141217 -0.643479 -0.438601 -0.644407 -0.333222 -0.163387 -0.367297 0.0578348 0.205303 0.10473 -0.0856528 -0.129473 -0.213511 -0.338335 0.419484 2.24022 1.22738 -3.47272 -0.820782 0.995028 -1.1252 -0.485987 -0.0298929 0.837083 0.539511 -0.156668 0.449543 -1.6174 4.64812 -1.12483 -2.99214 -0.914751 2.83186 0.394991 -1.51467 -0.660289 0.262814 0.958494 
5.36499 0.246799 -0.819571 -0.275024 -0.654762 -0.387015 -0.224575 -0.299353 0.076458 0.207098 0.107119 -0.149915 -0.084598 -0.153019 -0.559477 0.627032 4.09215 0.374833 -4.58644 -1.31255 2.52678 -1.23741 -1.46064 -0.235522 1.35245 0.988984 1.15891 -2.25001 2.83043 2.07265 -0.591308 -2.80319 -0.345332 2.1256 -0.796515 -1.89714 -0.0598963 1.75496 0.281501 
5.41352 0.198186 -0.807891 -0.191735 -0.625066 -0.487679 -0.275546 -0.237263 0.0564308 0.217707 0.0817935 -0.16404 -0.0551997 -0.26523 -0.783405 0.931812 5.85233 -0.562025 -5.46385 -1.26536 3.24716 -1.04101 -2.566 -0.106503 1.79936 1.04816 1.17697 -3.11073 5.08375 0.237971 -0.770889 -1.62926 0.215367 1.2512 -1.16135 -2.22699 0.50203 2.50199 -0.234929 
5.403 0.149175 -0.719651 -0.0940898 -0.643486 -0.622713 -0.294469 -0.124494 -0.00406706 0.128493 0.0891333 -0.0840677 -0.0337327 -1.10077 -0.828168 1.57406 6.49971 -0.953762 -5.83004 -0.731671 2.85351 -0.666362 -3.37595 0.174725 1.96338 0.943605 -0.0609608 -1.80689 3.94874 -0.570822 -0.937617 0.23137 0.857611 -0.548301 -0.17325 -1.67528 0.869916 1.23641 -0.467338 
5.47556 0.0419983 -0.562396 -0.0435503 -0.604088 -0.805261 -0.285617 -0.0853238 -0.0294298 0.0425938 0.0602473 0.0526381 -0.0283765 -1.31802 -1.90913 3.88388 5.34502 -1.12266 -4.99679 -1.07112 2.75324 -0.783794 -3.4408 0.155922 1.98361 0.738986 -2.52172 0.708762 0.897106 -0.57745 -1.21704 2.33453 0.744943 -1.97487 1.19239 -0.391499 0.60296 -0.93936 -0.617768 
5.45608 0.0042026 -0.501686 0.126983 -0.702639 -0.85492 -0.341512 0.0181276 -0.0879769 -0.0311481 0.109349 0.072536 -0.00747663 -1.42538 -2.12832 4.67224 4.03152 -1.20558 -3.66409 -0.832618 1.88021 -0.723669 -2.92083 0.188635 1.61996 0.612399 -2.54488 1.58048 -0.741262 -2.16315 -0.153974 3.6575 0.239818 -2.60489 1.53505 1.57952 -0.127376 -2.49603 -0.328943 
5.41311 -0.0246425 -0.420971 0.243364 -0.76302 -0.930675 -0.312497 0.0386659 -0.0603245 -0.142178 0.130349 0.125993 -0.018041 -2.5273 -0.978227 3.96591 2.54886 -0.857278 -2.12725 -1.1295 1.16965 -0.196923 -2.24626 0.107493 0.949607 0.606688 -1.6279 1.84655 -1.58779 -3.88633 1.23743 3.91377 -0.890181 -1.92792 0.941335 3.04193 -0.837085 -2.67702 0.127599 
5.25526 0.0298858 -0.390575 0.247218 -0.728142 -0.956786 -0.237813 -0.0798895 0.00230085 -0.182436 0.160947 0.0666259 -0.00357461 -3.22663 0.322047 2.37769 0.950497 -0.307436 -0.15976 -1.70481 0.271573 0.507538 -1.2638 -0.0489413 0.132732 0.571094 -0.131676 1.89051 -2.50325 -4.18833 1.80354 3.39268 -1.92224 -0.462741 0.243837 2.90655 -0.98762 -1.29364 0.337819 
5.16518 -0.0257242 -0.242208 0.233156 -0.786273 -0.875541 -0.391002 -0.017205 -0.00314062 -0.142892 0.0740079 0.0636773 -0.030637 -3.77506 1.54521 0.669072 -0.832966 0.647815 1.59968 -1.73751 -1.11757 0.973609 -0.193458 -0.207889 -0.375548 0.409444 0.589527 2.27703 -3.74715 -3.53949 2.43273 2.202 -0.957129 -0.959996 0.294881 1.72623 -0.320779 0.163467 0.219667 
5.28439 -0.0410432 -0.275669 0.171805 -0.753191 -0.813752 -0.367746 -0.0476441 -0.0552409 -0.0510013 0.106685 -0.00939913 0.0324167 -3.03522 1.95436 -0.731337 -2.22906 1.63022 2.86842 -1.24773 -2.59554 1.14182 0.664168 -0.30164 -0.376472 0.184595 0.509771 1.81434 -3.74504 -1.68594 1.79121 1.55254 0.442649 -2.05184 0.552721 0.261931 0.290879 1.149 -0.515182 
5.07605 0.123733 -0.337272 0.0776468 -0.659638 -0.815607 -0.476197 -0.0120444 0.00986637 -0.0786713 0.0757235 0.0133179 0.0470149 -3.19655 2.52896 -1.33233 -4.13108 3.22187 3.64287 -1.16739 -3.12333 0.452299 1.52939 -0.377479 -0.103439 -0.00115055 0.689215 0.344311 -1.76755 -1.17262 1.74202 1.02244 2.16502 -2.9493 -0.291637 0.0727929 0.580923 1.27368 -1.02235 
5.0438 0.191279 -0.451771 0.032778 -0.647593 -0.689261 -0.544994 -0.0647068 0.0626812 -0.0864023 0.0807084 0.0351521 0.0356995 -2.94173 3.13261 -2.1633 -5.32225 4.14686 3.66407 -0.658868 -3.3555 0.179779 1.64228 -0.375189 0.504882 -0.219591 0.14587 -0.249422 0.357295 -1.69989 1.94819 -0.0959799 2.68778 -2.1179 -1.16652 0.354187 0.320717 0.797411 -0.876566 
5.00225 0.231538 -0.50314 -0.0794261 -0.528847 -0.622878 -0.453049 -0.285297 0.0802688 -0.0289423 0.070634 0.0621328 7.65104e-05 -1.75452 3.20348 -3.0337 -6.04618 4.70319 3.39536 0.163291 -3.66602 0.27731 1.24638 0.187535 0.617131 -0.575923 0.970167 -0.601756 1.172 -1.93383 1.12776 -0.87507 1.11292 0.809257 -1.31207 0.104321 0.197973 0.124282 -0.490868 
5.13343 0.182596 -0.568529 -0.042091 -0.542647 -0.517409 -0.373141 -0.396666 0.058591 -0.0141054 0.118416 0.0546398 -0.013966 -0.644985 2.86096 -3.37247 -6.29785 4.65856 2.77213 0.637506 -3.25466 0.567554 1.29003 0.107559 0.614527 -1.19684 2.00826 -0.168649 0.0408969 -1.78338 0.342154 -1.87303 -0.0760791 2.75507 -0.107441 -0.0601285 0.0413942 -0.539296 -0.282978 
4.84696 0.306354 -0.446097 -0.381378 -0.251786 -0.506946 -0.427512 -0.366272 -0.0606525 0.0657952 0.076059 0.0987572 -0.0267126 1.45555 1.93427 -3.45807 -5.97123 3.86855 2.07536 1.13551 -2.2325 0.750799 1.79371 -0.0489555 0.109434 -1.28394 4.31038 -0.736901 -1.8337 0.900111 -2.18489 -2.0167 -0.500892 3.30812 1.92743 -0.238162 -0.143087 -1.1384 -0.267935 
4.85242 0.425209 -0.590586 -0.476229 -0.230261 -0.513569 -0.378236 -0.41414 0.015863 0.0407374 0.0610183 0.122313 -0.0264898 2.8235 1.37607 -3.56274 -5.03109 2.93967 0.504603 1.43266 -0.0260205 1.28291 1.36064 -0.366187 -0.342998 -0.798693 4.92093 -1.80358 -1.79193 3.18737 -3.42657 -2.0245 -0.117464 3.6041 2.36775 -0.162831 -0.492985 -1.3785 0.225444 
5.14267 0.336318 -0.680843 -0.544135 -0.232836 -0.449131 -0.409616 -0.398734 0.049141 0.00959161 0.145547 0.0715844 -0.0811576 4.35204 0.536441 -3.75493 -3.23535 1.27164 -0.588753 1.52443 2.07754 2.06927 0.602421 -0.949977 -0.749877 -0.175814 2.90801 -1.96351 -0.557333 4.67155 -3.59042 -2.26247 1.0639 3.22575 1.88708 -0.479863 -1.43455 -0.906322 1.29309 
5.20769 0.37909 -0.805962 -0.606331 -0.186583 -0.512406 -0.348068 -0.376332 0.115831 0.118054 0.0896957 0.047796 -0.132872 5.17811 -0.273306 -3.55654 -1.47632 -0.282929 -1.43909 2.12057 3.23172 2.35336 0.177897 -1.7477 -0.921944 0.273982 0.803339 -2.06046 1.28964 4.88073 -3.29964 -1.60953 1.60534 2.61134 0.277101 -1.52001 -1.67501 -0.186516 2.0205 
5.31706 0.353398 -0.841782 -0.594941 -0.26436 -0.517242 -0.360457 -0.275364 0.18395 0.183436 0.0336374 0.00954936 -0.103793 6.4707 -1.53482 -3.21237 0.937176 -2.36005 -1.51909 2.87231 4.07301 2.24093 -0.55792 -2.02615 -1.12569 0.568759 -1.15845 -1.49207 2.47476 3.29071 -2.07099 -0.525548 1.69133 1.37398 -1.50717 -2.08489 -1.30854 0.512244 1.42521 
5.40251 0.338164 -0.911071 -0.515549 -0.293809 -0.659292 -0.273283 -0.0807137 0.249579 0.0424436 0.0138974 -0.000944806 -0.0130074 6.67051 -2.68727 -1.66863 2.1412 -3.75632 -0.416927 2.62538 5.08806 1.27792 -1.35992 -1.77463 -1.32484 0.724519 -0.592697 -1.4791 2.74636 1.6575 -2.14225 2.28012 0.47211 -0.0951567 -2.52356 -1.67346 0.147597 0.3646 -0.132084 
5.56459 0.23698 -0.93328 -0.393864 -0.402199 -0.658796 -0.187904 -0.0577818 0.307053 0.00110131 -0.0744296 -0.0204149 0.0205397 5.73186 -2.82285 -0.678108 2.77192 -4.48676 0.808719 2.2047 5.32895 0.569988 -2.08232 -1.80642 -1.07755 1.20523 -0.212584 -0.966791 2.30437 -0.226777 -1.43765 4.26546 -1.55652 -0.280905 -2.62877 -1.06449 1.68065 0.03788 -0.956934 
5.57109 0.205552 -0.8918 -0.369444 -0.460914 -0.673405 -0.0874708 -0.0176579 0.220591 0.034575 -0.154105 -0.00932935 0.018008 4.99759 -2.84168 -0.142404 2.97432 -4.56272 1.9695 1.69975 4.8744 -0.278673 -2.62751 -1.36437 -0.819196 1.45964 -0.680582 0.208221 0.809929 -1.08442 -0.171072 4.18199 -2.7422 -0.488742 -1.3398 -0.398965 2.01979 -0.0570242 -0.532845 
5.66596 0.147291 -0.870784 -0.325004 -0.557321 -0.625289 -0.0570607 0.110238 0.183641 -0.0459151 -0.140199 -0.0257476 0.00128905 3.91449 -2.39613 0.00758839 2.52597 -3.93052 2.68747 1.36796 3.77356 -0.907877 -2.38934 -1.09841 -0.420034 1.26417 -1.89244 1.40912 -0.587914 -1.26678 1.45835 2.03771 -2.2974 -1.45353 -0.0604479 0.613962 0.979771 0.391953 0.442079 
5.884 0.0110345 -0.799495 -0.27399 -0.754351 -0.369795 -0.159744 0.242414 0.151311 -0.170289 -0.0194128 -0.0998441 -0.0137182 3.19496 -2.06652 0.220965 1.83783 -3.21204 3.28551 0.481401 2.82672 -1.3427 -1.52535 -0.917415 -0.115005 1.08826 -3.02315 2.14826 -1.43833 -1.08717 3.15918 -1.56904 -0.489695 -2.36645 0.531815 1.67718 -0.739283 1.15377 0.961957 
5.85181 0.0428544 -0.845538 -0.271904 -0.740443 -0.296358 -0.197836 0.26088 0.172429 -0.178087 -0.0953083 -0.067328 0.0704902 2.32215 -1.42597 0.00780725 1.21082 -2.12649 2.84399 -0.139436 2.31329 -1.23375 -1.09933 -0.671775 0.169867 1.08607 -2.18733 1.3815 -0.8735 -0.730856 2.92147 -3.23057 0.643271 -2.40266 0.431978 2.06624 -1.16151 1.08853 0.212248 
5.78995 0.0875654 -0.910158 -0.243023 -0.701148 -0.33882 -0.134575 0.236516 0.13479 -0.14956 -0.121591 -0.048562 0.106494 1.81889 -0.960617 -0.270231 0.914707 -1.30773 2.20423 -0.71902 1.66873 -0.545788 -0.864964 -0.774805 0.573509 1.00063 -0.673935 0.31671 0.24953 -0.623311 1.58608 -2.712 0.146589 -1.15043 0.486103 1.2465 -0.744311 0.779522 -0.702418 
5.78327 0.0880078 -0.907517 -0.252684 -0.699004 -0.34285 -0.0994646 0.205756 0.127704 -0.129085 -0.162583 -0.013661 0.105581 1.2354 -0.559114 -0.187352 0.559658 -0.838911 1.27907 -0.719691 0.929436 -0.129939 -0.252065 -1.0339 0.865827 0.816289 0.705711 -0.403594 0.894693 -0.324615 -0.194632 -1.10891 -0.753294 0.230509 0.805552 -0.0633397 0.270015 0.119204 -1.13065 
5.88135 0.0183654 -0.872284 -0.238462 -0.708319 -0.3244 -0.160517 0.263566 0.0941202 -0.116144 -0.176821 -0.00474999 0.133734 1.31881 -0.633159 0.254052 0.15893 -0.413306 0.0669971 -0.372939 0.425853 -0.0350457 0.238992 -0.826541 0.871928 0.380039 1.22563 -0.613399 1.20421 -0.361058 -1.19466 0.11103 -0.759258 0.343832 0.83982 -0.636503 1.21038 -0.477187 -1.18931 
5.87729 0.0313872 -0.899933 -0.233297 -0.690727 -0.358517 -0.153069 0.263339 0.125568 -0.124289 -0.1886 -0.000246336 0.123063 1.15871 -0.866959 1.09384 0.413129 -0.949005 -0.348054 -0.64535 0.12395 -0.0528142 0.31868 0.177195 0.54285 -0.182972 0.146595 -0.297723 1.35758 -0.0462285 -1.21835 0.0668227 -0.34041 -0.401151 0.231803 -0.113874 1.66228 -0.670752 -0.684145 
5.88578 0.0373724 -0.885606 -0.232117 -0.721167 -0.3335 -0.219426 0.287904 0.167476 -0.162208 -0.215983 0.0539581 0.0943366 -0.142145 -0.75446 2.02703 1.15506 -1.45551 -0.612924 -1.54828 -0.302192 -0.177748 0.530205 1.01793 0.147558 -0.54965 -2.10519 0.167933 1.54742 1.04597 -0.776977 -0.809804 -0.168149 -1.42316 -0.839773 0.860405 2.11423 -1.03124 -0.322494 
5.93789 0.0107931 -0.835309 -0.236938 -0.815002 -0.305268 -0.20812 0.300487 0.172631 -0.150245 -0.190793 0.0308637 0.0912233 -3.46963 -0.315156 3.00307 2.21716 -1.13399 -1.48475 -2.00026 -1.14105 -0.444542 0.763234 1.93219 -0.0680366 -0.7895 -6.08109 0.85256 1.83718 2.39472 0.492936 -1.85577 -0.824447 -2.18714 -1.30892 1.22707 1.93581 -0.662811 -0.206995 
6.07772 -0.0839576 -0.757825 -0.270782 -0.793818 -0.345106 -0.189439 0.279082 0.126589 -0.126298 -0.100734 -0.0101196 0.0674497 -8.87386 -0.645081 4.63399 2.43424 1.33113 -2.73698 -2.38809 -1.78211 -1.6982 0.841681 1.95704 0.227887 -0.946605 -11.3458 0.720355 2.52739 2.51179 3.40702 -2.63807 -1.65058 -1.79334 -1.98584 0.744682 0.44427 0.376631 -0.0576377 
5.84724 -0.0113874 -0.719101 -0.157262 -0.84698 -0.395172 -0.24897 0.206493 0.124574 -0.0937679 -0.0427564 0.00261325 0.0710585 -14.6382 -1.62788 5.99692 3.03932 4.58905 -3.77347 -2.89135 -1.66196 -3.21199 1.1398 1.31633 0.122681 -0.3328 -13.9603 -1.06774 2.91778 1.15288 7.34163 -2.77996 -1.40434 -0.218393 -2.72545 0.0022488 -1.69481 0.837003 0.491169 
5.5931 0.0298068 -0.618098 -0.00875502 -0.880225 -0.455768 -0.381292 0.14337 0.0647006 -0.0319308 0.00552581 -0.0289709 0.0360755 -18.1969 -3.28515 7.74414 2.92042 6.48567 -3.38002 -2.80654 -2.76292 -3.98403 1.73113 1.17737 -0.665973 -0.171444 -10.835 -3.82368 3.29172 -1.21363 8.08453 -0.576088 -0.108995 0.308141 -2.43097 -0.211876 -2.6426 0.139566 0.91373 
5.09909 0.0523576 -0.46975 0.100976 -0.757281 -0.594281 -0.393494 0.0412685 0.049352 -0.0256751 0.0819701 0.0020851 0.0141745 -21.3267 -4.1068 8.32778 2.44496 7.93984 -2.47437 -2.69082 -3.35512 -4.31405 1.81996 0.699759 -0.935459 0.0110631 -3.53439 -4.76948 2.04659 -2.83632 4.56263 2.80995 1.12444 0.0481235 -1.26818 0.211731 -2.15959 -1.35185 1.01521 
4.41554 -0.149305 -0.19923 -0.0122071 -0.238097 -0.748211 -0.486075 0.0803573 -0.209865 -0.0589427 -0.0382519 0.0990002 0.0129215 -24.4095 -3.54044 7.72706 1.1788 7.78949 -0.104915 -1.77257 -4.08483 -3.64257 1.26368 0.162771 -0.795345 -0.00743282 2.77008 -1.38523 -1.19427 -2.95562 -2.83166 6.40995 2.54895 -1.74909 1.93163 0.161055 -0.0162673 -1.99671 0.252756 
3.86098 -0.284798 -0.133196 0.127137 0.0869757 -0.81868 -0.535269 0.167046 -0.317312 -0.00266534 -0.155762 0.0157444 0.147293 -19.5812 -2.90388 4.86649 -3.66385 5.79401 2.40863 -0.525789 -2.80552 -2.85577 0.730193 -0.207115 -0.314253 0.249186 9.58202 3.64287 -5.70523 -6.20246 -9.29056 7.70728 3.02016 -1.29241 4.03782 -0.776305 1.4631 -0.0815427 -0.704956 
3.91236 -0.545485 0.182209 0.031084 -0.0765184 -0.542117 -0.49125 -0.162075 -0.274042 0.10919 -0.0103358 -0.155624 0.0509087 -13.1483 -1.50375 2.03781 -6.94888 3.12657 4.39738 1.0991 -2.09712 -1.89463 0.57375 -0.237235 -0.0478818 0.284976 13.278 7.47735 -9.37753 -7.89774 -9.7571 4.79217 2.79955 1.92879 3.60537 -1.56149 0.891428 2.31993 -0.528381 
3.51774 -0.488279 0.143942 0.00656636 0.00447303 -0.491239 -0.485122 -0.171949 -0.315823 0.0893327 -0.0162049 -0.132431 0.0740662 -6.46212 -0.561414 -0.453252 -7.17597 0.0188629 4.8299 1.57045 -2.41702 -0.339082 0.848454 0.176143 0.307649 -0.15831 15.6931 5.75415 -8.15432 -5.52619 -6.77524 -0.0833724 1.69429 2.75395 2.54373 -0.79736 0.380808 3.04475 -0.569755 
2.87237 -0.239465 0.0423655 -0.125413 -0.0979531 -0.200011 -0.365045 -0.337015 -0.192719 -0.0240155 -0.0125909 -0.0477607 0.0226395 1.33703 0.694593 -2.4227 -6.51029 -3.08058 4.75416 2.1681 -1.47738 1.15085 0.769605 0.606648 0.481779 -0.364052 16.5368 0.375117 -3.20743 0.756735 -1.56725 -4.91299 -0.222475 3.32143 0.425775 0.732605 -0.393504 1.51267 -0.125899 
3.90894 -0.166041 -0.400032 -0.94935 -0.406454 -0.0878774 -0.345495 0.0326171 -0.197672 -0.016693 -0.0388391 0.0690567 0.103989 6.34147 1.58102 -2.42287 -5.9766 -4.12657 3.8501 1.69737 -0.610714 1.67641 0.172108 1.04219 0.523046 -0.606476 7.67719 -3.19487 3.87145 9.47537 2.43694 -5.95056 -1.79137 0.488994 -0.0478273 1.0459 0.0750129 -1.53685 -0.153434 
4.05602 -0.0863808 -0.351018 -0.871486 -0.411148 -0.0921864 -0.215568 -0.0809857 -0.232634 0.064307 -0.0108958 0.0192544 0.0534061 10.422 2.9256 -2.87581 -4.35196 -3.94447 1.76195 1.008 0.353211 1.48673 0.182254 1.11151 0.387606 -0.453405 2.73102 -2.78476 6.13351 9.44335 2.32016 -3.70858 -2.69046 -0.870119 -0.0462426 0.282739 0.987891 -2.90082 -0.170709 
3.98921 -0.271072 -0.300844 -0.471191 -0.370703 -0.329751 -0.330201 -0.331031 -0.098493 0.134316 0.047591 0.0851848 -0.0270475 15.0591 2.97275 -3.422 -1.63348 -4.00378 0.540852 1.51472 -0.0411239 1.58009 0.218157 1.31218 -0.941141 -1.02234 1.03411 1.60768 2.10585 4.48926 0.892339 -0.284048 -0.625811 -0.214832 -0.540208 -1.11902 0.787784 -3.17947 -0.130158 
4.48399 -0.296062 -0.276561 -0.50077 -0.394935 -0.252172 -0.2706 -0.00711707 -0.136509 0.0796701 -0.0331663 0.0295535 0.0439342 16.3667 3.138 -3.73525 0.643759 -2.86964 -0.65489 1.43319 0.59221 1.29923 0.686757 0.721629 -1.99771 -0.892791 -0.00995255 4.77529 -3.65488 -0.267002 -0.495763 1.28471 1.38812 -0.645626 -0.0965983 -0.821625 -0.00848901 -1.91616 -0.501827 
4.48598 -0.223485 -0.0740978 -0.542726 -0.439967 -0.181313 -0.391243 -0.0863176 -0.100046 0.0179288 0.0895865 -0.117939 0.0437699 12.5219 3.56046 -3.53924 2.6685 -1.72067 0.0853611 0.990396 0.471556 1.66549 0.104805 0.0452336 -2.70935 -0.585686 1.02452 3.85356 -7.44585 -2.80397 -0.366689 1.5749 2.20444 1.36823 0.170237 -0.0778766 -2.03985 -0.0935708 0.160702 
4.9658 0.041875 -0.238547 -0.576798 -0.589753 -0.247524 -0.360705 -0.212033 -0.117091 0.118711 0.176879 -0.112281 -0.0176085 11.5398 3.8314 -4.89686 1.15884 -1.55601 1.06769 0.794647 1.84755 1.7798 -0.479065 -1.03565 -2.45778 0.247295 -4.36478 -0.0808407 -4.6004 -1.45518 1.65962 1.64231 0.943064 2.48005 0.620539 -0.21662 -3.51636 0.961464 1.34231 
5.31693 0.125046 -0.682456 -0.359255 -0.614919 -0.233676 -0.0730648 -0.234966 -0.0503643 0.0156756 0.111092 -0.228404 -0.118855 9.88171 4.05751 -5.6696 -0.217861 -1.49992 2.23895 1.20602 2.6057 1.52943 -0.891824 -1.8852 -2.03185 0.893155 -8.04335 -3.50614 1.22928 -1.08042 2.1545 1.40448 -2.01425 2.57069 0.521489 -0.345464 -2.9503 2.20652 2.47689 
5.32898 0.250695 -0.792551 -0.536505 -0.552397 -0.213825 -0.123241 0.0160707 -0.0357745 0.125292 -0.0490178 -0.207545 -0.0156222 6.97531 2.90244 -5.58377 0.209297 -1.30568 2.35089 0.628303 2.16649 1.61925 -0.937675 -2.50241 -0.674621 0.927569 -6.59423 -4.75828 4.78633 0.00799143 0.800289 1.34308 -2.51727 1.01264 -0.213309 -1.23632 -1.04677 2.4281 1.7108 
5.30038 0.188723 -0.77239 -0.570423 -0.559872 -0.0245077 -0.273183 0.0809103 0.0421378 0.0133293 -0.0832008 -0.245928 0.0706284 5.62975 1.03015 -4.73093 0.586952 -0.454621 1.60914 0.319876 3.16312 1.30897 -1.13954 -2.78817 0.257671 1.26766 -3.30886 -3.61758 5.15042 1.16478 -0.0730295 -1.03213 -1.48586 -1.00265 -1.00667 -0.713811 1.26782 2.03339 -0.116363 
5.32735 0.166111 -0.81149 -0.535353 -0.535805 -0.0602798 -0.212894 0.0975139 0.0440556 0.0130331 -0.169165 -0.200691 0.112407 2.48765 -0.644417 -2.19892 1.28085 -0.055338 0.810575 -0.700742 3.703 0.84258 -1.45168 -2.2042 0.743753 1.37411 -0.271646 -1.66138 3.35427 2.11622 -0.625558 -2.98111 -0.563861 -1.23725 -1.42227 -0.0157891 2.78983 1.10786 -1.61741 
5.32912 0.138366 -0.8294 -0.495944 -0.589418 -0.000761473 -0.190371 0.10128 0.0570188 -0.0380076 -0.178842 -0.162285 0.130961 -0.00819778 -1.33154 0.736 1.76618 -0.286079 -0.659227 -1.93325 3.36188 0.504543 -1.52226 -1.07968 1.48845 1.1061 -0.821768 -0.255048 2.17107 2.39937 -0.0894735 -4.26137 -0.248101 -0.222478 -1.00158 0.168078 2.73306 0.0148544 -1.91925 
5.41882 0.0801226 -0.797072 -0.451463 -0.650003 0.054223 -0.288054 0.160066 0.046805 -0.059371 -0.235853 -0.0572559 0.0980547 -1.27902 -1.69688 1.87772 3.55466 -0.773926 -2.48686 -1.74783 2.01979 0.712926 -1.86546 0.420963 2.08526 -0.234511 -3.69696 0.797908 2.10004 1.83418 0.161393 -4.38859 -0.481778 -0.0526004 0.136983 0.282288 2.43179 -0.128511 -1.49497 
5.54795 0.0198527 -0.75973 -0.421932 -0.525333 -0.160183 -0.284696 0.236905 0.030626 -0.0784895 -0.122905 -0.129563 0.117023 -3.8851 -1.14288 2.84674 4.63407 -0.0586524 -4.36965 -1.80252 1.28414 -0.359255 -1.75289 1.33615 1.99766 -1.05445 -6.83922 1.19493 2.08091 1.90768 0.17725 -2.48079 -0.772723 -1.4356 0.169872 -0.37188 1.40073 0.216436 -1.27958 
5.36233 0.0575419 -0.713809 -0.270718 -0.614588 -0.239961 -0.315464 0.282724 -0.0121993 -0.0684201 -0.0813457 -0.0965287 0.0770882 -9.14428 -1.43535 3.73078 4.34519 1.47747 -5.13595 -1.84266 0.787167 -0.374197 -1.37534 2.19352 1.93015 -1.34791 -9.36279 0.299134 1.42564 0.387972 2.18815 -0.979897 0.125558 -2.38903 -0.0533171 -0.0854802 0.581582 0.422305 -0.684397 
5.14321 0.0429581 -0.567447 -0.212268 -0.628516 -0.339669 -0.387662 0.311878 0.0631586 -0.155595 -0.0980573 -0.0335948 0.068528 -16.3543 -2.39007 4.8076 3.10677 3.28744 -4.47693 -1.59669 -0.344615 -0.401927 -0.829293 1.6268 1.74662 -1.04735 -12.739 -1.54378 0.893273 -2.16865 4.16718 1.8341 0.932529 -2.75867 -0.783477 0.91148 -0.596372 -0.0875658 0.39821 
5.0549 0.0197123 -0.543086 -0.0672766 -0.671026 -0.469473 -0.399472 0.221281 0.161417 -0.163532 0.00947164 0.0942584 -0.0515307 -19.2155 -2.58942 3.80762 -0.56997 4.09033 -2.23426 -0.989143 -1.7716 -0.75947 0.63057 1.25907 1.4177 -0.50665 -11.0097 -2.50661 -0.627513 -7.05223 4.39915 5.16118 1.28721 -2.15072 -1.40173 2.67066 -1.92768 -0.972214 1.88086 
4.64052 0.066152 -0.413799 0.0500133 -0.462424 -0.567026 -0.478382 0.173158 -0.124016 -0.231414 0.0378392 -0.0222511 -0.0335728 -15.9952 -2.21699 1.91876 -4.41599 4.87776 0.23099 -1.10583 -2.31852 -1.08117 1.97789 0.367993 1.4198 -0.159715 1.07191 -1.57626 -3.59867 -10.6983 2.17499 6.64058 1.12215 -0.952335 -0.187582 4.04398 -2.25016 -0.854931 2.1072 
3.84088 -0.114138 -0.36556 -0.103033 -0.225375 -0.61285 -0.3761 0.191047 0.0208431 -0.114391 0.0878313 0.0770731 -0.0142541 -13.2741 -2.36386 0.652857 -6.86201 5.59757 2.45331 -1.10503 -2.58188 -0.903959 2.97877 -0.183149 0.683247 0.251477 14.626 1.15941 -5.10899 -8.68688 -1.39972 6.33065 -0.425595 0.00905115 0.021953 3.25679 -1.91953 -1.10063 1.11365 
2.95458 -0.327148 -0.16678 -0.267408 -0.103373 -0.358891 -0.405664 0.0391251 0.00992541 -0.103826 -0.117981 0.0722719 0.0608064 -9.51455 -1.87441 0.532652 -6.26912 4.18304 3.60678 0.154226 -2.49647 -1.14833 3.472 -0.206219 -0.513052 -0.240387 22.0917 3.45414 -3.63586 -0.844725 -4.33128 2.04513 -0.0635347 1.32076 0.544076 0.977537 0.307663 -1.48788 -1.15834 
3.44639 -0.226941 -0.502415 -0.859262 -0.180019 -0.112028 -0.391616 -0.053981 -0.0972646 0.159214 -0.0433413 0.056157 0.0847509 -5.79421 -2.13246 0.224735 -4.59727 2.99456 4.42464 1.29381 -1.77492 -0.974239 2.8941 -0.362341 -0.922136 -0.420946 13.4684 1.96566 1.11027 9.9956 -4.44247 -2.30408 1.55064 1.9055 0.96306 -2.76045 1.46426 -1.30655 -2.66289 
4.38393 -0.102518 -0.6833 -1.04801 -0.00580312 -0.15293 -0.500881 0.0537394 -0.114108 0.207087 -0.0690383 0.0622362 0.0658887 -1.75855 -1.8959 -0.373595 -2.33074 0.910843 4.03989 1.97522 -1.27768 0.218323 2.56206 -0.493425 -1.09263 -0.462135 -2.35862 -0.647388 4.20872 14.1813 -3.84129 -3.94067 3.20668 1.22206 0.877323 -4.11067 1.31781 -1.18366 -1.77856 
3.839 -0.202663 -0.545795 -0.884063 -0.0174964 0.00255623 -0.528915 0.0019958 -0.00938357 0.21099 -0.0835359 -0.00217017 0.0502014 1.714 -0.18026 0.421979 0.398316 -1.26741 2.46719 1.495 -0.865195 -0.0147311 1.4698 -0.356312 -1.81395 -0.785311 -7.74251 -0.947909 3.59076 9.20608 -2.63327 -4.29658 2.40588 0.711785 0.819214 -3.02512 0.301392 -0.150989 -0.066763 
3.90342 -0.146328 -0.263288 -0.428888 -0.312553 -0.124248 -0.236895 -0.02681 -0.0712498 0.143863 0.00637551 -0.126551 -0.14235 7.88925 1.56172 -0.394858 3.31825 -2.44019 -0.203562 0.807477 -0.0841146 0.46118 0.61205 0.204527 -1.5128 -0.834175 -0.734964 1.17729 -0.909525 0.225981 -0.72209 -2.89802 -2.08314 0.166558 0.601443 -0.769817 -1.13434 0.953249 2.18743 
3.80278 -0.365939 -0.380538 -0.271751 -0.16312 -0.0545896 -0.156923 0.0183971 -0.0755955 0.0381171 0.0159322 -0.0159202 -0.108683 8.34227 2.07182 0.0796368 5.36135 -2.81061 -2.17835 -0.171838 0.201709 1.18264 -0.233988 -0.130184 -1.36288 -0.541618 11.5317 4.79984 -3.99641 -5.77765 -0.714229 -2.73813 -5.26792 0.060589 0.463667 1.52336 -0.955505 0.710944 2.14522 
3.65689 -0.315453 -0.436865 -0.319192 -0.217445 -0.121714 -0.19902 0.00219774 0.0215113 0.157931 -0.0837222 -0.11167 0.0319305 8.7224 2.79271 -0.320575 4.18073 -3.12727 -3.0387 -0.791978 0.448097 1.21858 -0.40433 -0.173845 -1.13094 0.0921183 15.9743 4.81823 -3.76399 -5.66601 0.372883 -2.26164 -5.11122 0.823124 0.17587 0.854198 -0.128855 0.847354 0.746825 
3.68458 -0.0875232 -0.223442 -0.413153 -0.388436 -0.209824 -0.340676 -0.0136083 -0.0130782 0.133097 -0.0754307 -0.155222 -0.0401483 13.1624 3.64367 -2.04845 1.99458 -2.90774 -3.69386 -1.63203 1.07165 1.56494 -0.652694 -0.367746 -0.342479 0.666003 9.0939 1.23087 -2.57391 -2.44357 0.917707 -0.598119 -1.52262 1.14147 0.757426 -0.417657 0.356368 0.87079 0.0773816 
5.12082 0.106006 -0.639255 -0.289915 -0.414881 -0.337756 -0.485928 0.00948734 0.0108239 0.13657 -0.0603068 -0.057004 0.00263737 14.0587 3.93644 -3.15229 -0.309655 -2.24712 -3.21465 -2.36939 1.54992 1.73706 -0.506772 -0.804073 -0.0181661 1.32493 -4.73853 -2.16295 0.879054 -0.620038 0.708871 1.12979 2.71937 1.27259 0.355713 -1.41898 0.244119 0.255223 -0.379768 
5.11813 0.119332 -0.633321 -0.350376 -0.41417 -0.412439 -0.549378 0.0301853 0.083354 0.189033 -0.0639642 -0.122326 -0.00161037 13.916 4.03714 -2.46444 -1.00336 -2.56172 -2.7461 -1.85028 2.00924 1.69452 -0.852581 -0.877796 -0.0221525 1.12361 -10.6684 -3.62022 1.74761 -0.150745 0.742434 2.76999 4.06657 1.17852 -0.0815904 -1.81062 -0.433203 0.586609 0.20784 
5.02603 0.158393 -0.549089 -0.437233 -0.382621 -0.455796 -0.513073 0.134474 0.0643163 0.102373 -0.0709965 -0.130329 0.0381499 11.7163 2.63149 -2.15336 -0.503011 -2.09023 -1.62566 -0.475436 2.32035 1.127 -1.55719 -0.697846 0.345396 0.694637 -9.78883 -2.81106 1.65522 0.294003 -0.140367 2.96023 3.1614 0.208332 -0.617 -0.665794 -0.791163 0.138816 0.154865 
5.26397 0.131714 -0.666567 -0.347166 -0.516997 -0.439314 -0.461834 0.141227 0.203374 0.00881581 -0.083349 -0.0454198 0.0351144 7.51116 0.967781 -2.25573 0.107069 -1.65981 -0.653048 1.34624 2.43015 0.76146 -1.5373 -0.90914 0.380161 0.741225 -5.96559 -1.33167 1.25025 0.632722 -0.0388729 1.94964 1.75677 -0.314084 -1.85307 0.390707 -0.423866 -0.272115 -0.41218 
5.27924 0.175905 -0.678257 -0.406414 -0.519905 -0.421674 -0.391357 0.19146 0.108279 0.0529406 -0.129411 -0.107862 0.068291 1.45597 0.0377022 -0.624179 -0.567244 -1.48937 0.516176 2.07028 2.76994 0.114738 -1.86836 -0.824904 0.0817767 0.497888 -1.7067 -0.72348 -0.0545077 0.786766 0.454751 0.924914 0.255828 -0.200189 -1.55051 0.44214 0.373579 -0.084222 -0.673088 
5.29902 0.152114 -0.616583 -0.453338 -0.520491 -0.371889 -0.407876 0.270095 0.161359 -0.0255955 -0.162618 -0.0608839 0.0984409 1.43735 -0.506956 -0.645065 -0.0224465 -1.37335 1.36357 1.92789 2.36527 -0.43853 -2.00068 -0.75349 0.266293 0.499276 -1.85391 -0.713217 -0.00413156 0.414973 0.714135 0.421989 -0.609962 -0.410973 -1.13445 0.380479 0.81137 -0.397991 -0.60785 
5.25946 0.124646 -0.652537 -0.357359 -0.562743 -0.357902 -0.336651 0.25076 0.0937003 -0.0254776 -0.153394 -0.089872 0.0596398 1.34467 -0.735298 -0.653416 0.0371621 -1.07557 1.79319 1.7375 1.62553 -0.941203 -1.60662 -0.314957 -0.0496572 0.453932 -0.678913 -0.411554 0.391734 -0.584573 0.876992 0.493664 -1.12725 -0.552742 -0.415983 -0.200555 0.977095 -0.279031 0.128017 
5.30465 0.119673 -0.75349 -0.292026 -0.605011 -0.386782 -0.217255 0.278773 0.0651363 -0.0100194 -0.168969 -0.0718686 0.0448453 0.0990829 -0.662648 -0.466342 0.0559774 -0.304852 1.92348 1.20661 1.13826 -1.34877 -1.43939 -0.0717178 -0.137134 0.333897 0.174395 -0.0820029 0.413867 -0.552023 0.867047 0.766421 -1.57134 -1.27932 0.27664 -0.354005 0.722447 -0.0444365 0.450275 
5.21945 0.126949 -0.665946 -0.488882 -0.553158 -0.293758 -0.319153 0.425172 0.0489831 -0.108701 -0.126763 -0.0907655 0.0656911 -0.536938 -0.815196 -0.621256 0.60088 -0.14172 1.89153 0.781088 0.54885 -0.915616 -1.42467 -0.0981489 0.269329 0.323146 -0.239874 0.243726 -0.120077 0.735516 0.628195 0.142842 -0.682465 -1.9668 0.410741 0.453015 -0.195602 0.283815 0.408258 
5.31701 0.0350109 -0.669913 -0.357085 -0.574889 -0.235284 -0.348812 0.319883 0.0579845 -0.12381 -0.161706 -0.0766988 0.09985 -1.29301 -0.469069 -0.461135 0.0931495 -0.147341 1.94235 0.996664 -0.129002 -1.00721 -1.17045 0.0251571 0.174852 0.272383 -1.84622 0.811511 -0.104731 0.267948 0.173641 -0.356108 0.422041 -1.28649 0.473768 0.610933 -0.474169 0.543052 -0.131157 
5.35091 0.0796833 -0.681862 -0.419597 -0.570339 -0.220757 -0.247222 0.287841 -0.00823927 -0.122886 -0.0907044 -0.125086 0.11778 -1.37841 -0.123352 -0.327873 -0.311468 -0.0129834 1.72807 0.931412 -0.466296 -0.854198 -1.10779 -0.0269241 0.438655 0.344655 -2.23118 0.760467 -0.164761 0.10267 -0.375697 -0.781909 0.905412 -0.544439 0.271615 0.607859 -0.673528 0.676857 -0.570951 
5.236 0.0961941 -0.750431 -0.33853 -0.530582 -0.193471 -0.302189 0.285011 0.0164353 -0.149248 -0.137423 -0.0586545 0.0792546 -0.5285 -0.388128 -0.683612 0.518804 -0.177722 1.54384 0.509399 -0.871683 -0.563212 -0.877165 -0.0971966 0.377734 0.362496 0.355026 0.0862926 -0.216219 -0.123864 -0.824222 -0.825378 0.695736 0.136513 0.0956506 0.434157 -0.150438 0.0576174 -0.269833 
5.14346 0.0576933 -0.739416 -0.294916 -0.551499 -0.189051 -0.287175 0.288668 0.0408253 -0.133336 -0.206006 -0.0233874 0.120646 -1.95741 -0.508038 -0.623161 1.41072 -0.0832826 0.800471 0.98306 -0.678035 -0.290379 -0.645167 -0.466716 0.0583098 0.284867 0.853134 -0.542878 0.171735 0.262212 -0.181155 -0.711416 -0.23626 0.880752 0.152624 -0.142033 0.283556 -0.880423 -0.00173227 
5.06423 0.108617 -0.664258 -0.470952 -0.598679 -0.127846 -0.171333 0.240627 -0.0121307 -0.164153 -0.141658 -0.0650613 0.0905551 -4.57742 -0.585676 0.462167 1.58389 0.137658 0.14111 1.3181 -0.770483 -0.859229 -0.761051 -0.0427698 -0.116998 0.115415 -1.30771 -1.3155 0.842087 2.35476 0.612214 -1.15741 -0.617316 0.299281 -0.155127 -0.230288 0.329466 -1.02325 0.273146 
5.15342 0.121432 -0.744565 -0.402654 -0.582645 -0.182893 -0.165884 0.239765 -0.0474326 -0.168149 -0.147058 -0.0235139 0.0891926 -7.30762 -1.17238 1.30507 2.1012 0.236181 -0.842264 1.78273 -1.13411 -0.971895 -0.822163 0.0538372 -0.272521 0.0262765 -6.46147 -1.23306 2.25334 2.0178 1.01694 -1.63687 0.517097 -0.522884 -0.585255 -0.281213 0.573845 -0.985065 0.0855346 
5.4003 -0.00452693 -0.853868 -0.201234 -0.620142 -0.145615 -0.283608 0.239328 0.0194366 -0.161941 -0.159246 -0.0591172 0.121774 -13.9748 -2.73981 2.74878 0.281959 0.380838 -1.3503 2.73983 -0.822514 -0.39441 -0.441875 0.356341 -0.92577 -0.603285 -14.7306 -1.63709 3.70284 -1.53401 1.01616 -1.76061 2.23507 -0.682279 -0.176867 0.139654 0.476813 -0.413236 -1.01092 
4.80932 0.005613 -0.673962 -0.228457 -0.516862 -0.19623 -0.195674 0.351213 0.0320375 -0.215037 -0.216052 -0.138559 0.131933 -18.5975 -4.55576 4.22805 0.00408334 1.68298 -1.05926 2.42055 -1.82922 -0.274344 0.322942 0.699409 -0.542412 -0.945058 -14.6201 -3.23249 3.4687 -3.69223 1.0197 -0.33366 1.8117 -1.76616 0.490131 1.47172 0.643742 0.713232 -1.44607 
4.49421 -0.0214298 -0.507291 -0.146181 -0.528016 -0.243869 -0.0975617 0.1148 -0.166466 -0.229909 -0.0822137 -0.0955809 0.104692 -19.1606 -6.57598 4.64418 0.184085 2.59398 -0.191717 1.84152 -2.4086 -0.272835 1.61758 0.767205 0.462466 -0.907008 -6.52989 -4.52107 1.45243 -3.92131 1.57774 2.16352 -0.274276 -1.12821 1.39296 2.84757 0.201117 1.68062 -1.021 
4.1634 -0.0708683 -0.523274 -0.139219 -0.52517 -0.385493 0.0273084 0.101025 -0.117535 -0.227633 -0.109232 -0.109422 0.0918225 -21.9703 -6.98994 5.03735 -0.447265 3.20809 0.585785 1.25264 -3.04318 -0.336529 1.91107 0.562368 0.858398 -0.801916 2.66952 -3.44571 -0.682275 -0.920826 2.02375 3.85447 -3.23305 -1.01536 0.650734 2.61991 -0.338663 2.25057 0.290966 
2.84838 -0.39836 -0.321477 -0.590748 -0.506896 -0.32237 0.117468 0.255167 0.0939032 -0.144393 -0.133392 -0.18155 -0.0677027 -21.8954 -6.3032 4.54629 -0.770055 3.54346 0.484375 0.215195 -3.28115 -0.163262 1.35126 0.573817 0.80054 -0.95134 12.1995 0.96402 -3.03634 3.67297 1.34084 2.44304 -4.85451 -1.06604 -0.724958 -0.0564231 -0.527792 1.24357 1.66382 
2.87751 -0.600637 -0.136778 -0.349529 -0.25136 -0.182111 -0.0417467 -0.0790393 -0.0257594 -0.020686 -0.0755246 -0.0195536 0.00603043 -17.9169 -5.76346 3.07492 -0.0621432 3.17986 0.950607 -1.33013 -3.27834 0.0454515 0.753098 0.799335 0.756752 -0.661446 10.0696 5.07905 -3.80631 3.43933 -0.914918 -0.635839 -3.24361 1.01429 -0.671874 -3.41267 -0.402674 -1.25741 1.32159 
3.41844 -0.777788 -0.262919 -0.292326 -0.253194 -0.0406692 -0.0603403 -0.067791 -0.0964346 0.12402 -0.0431387 0.101517 0.0309409 -14.6535 -4.32499 1.97679 0.154281 2.95169 1.20318 -1.78862 -2.2225 0.365418 0.720119 0.532926 0.672774 -0.294486 3.55299 6.58156 -2.43899 1.63044 -2.24178 -2.86811 -0.546948 1.61312 -0.12298 -4.23132 0.205836 -2.49518 0.386074 
2.5246 -0.64875 -0.243485 -0.274473 -0.193865 -0.102591 -0.150897 -0.110655 -0.0808554 -0.0234072 -0.151015 0.0325994 0.0628887 -9.94951 -2.2468 1.42754 0.724635 1.93329 0.841253 -2.02749 -1.67629 0.0518901 0.467304 0.70904 0.702812 -0.0273399 3.76648 4.36616 -0.880517 -0.868198 -2.95301 -2.65744 2.06708 2.51518 0.756011 -1.38891 0.7624 -1.50714 -0.454565 
2.49934 -0.578932 -0.258963 -0.233585 -0.182388 -0.247196 -0.264739 -0.098246 0.00533104 -0.19655 -0.0925332 -0.108367 -0.00595355 -4.04234 0.00938344 -0.143674 0.986356 0.511846 0.489409 -1.3976 -0.745245 0.242053 -0.649198 0.548234 0.575118 0.277058 4.19609 1.23458 0.129417 -3.00178 -2.71111 0.0472575 3.47053 2.52198 1.05991 1.57399 0.243274 0.693999 -0.473024 
2.50313 -0.633326 -0.246013 -0.185418 -0.210195 -0.167959 -0.269269 -0.122009 -0.056203 -0.220999 -0.01015 -0.0815587 0.0393623 -1.97236 0.0210674 -0.136132 -0.510851 -1.19931 -0.00759628 -0.350558 0.601131 1.50167 -0.924766 -0.184399 -0.138267 -0.195801 8.53691 -1.23319 0.409022 -2.39341 -1.9496 1.3608 2.49509 1.19885 1.34639 2.48206 -1.07859 1.64876 -0.243531 
2.33879 -0.578519 -0.22562 -0.270307 -0.202953 -0.163691 -0.103891 -0.0889393 -0.0630508 -0.028097 -0.0248504 0.00208518 0.0253268 3.99144 0.922225 -0.694726 -0.697442 -1.67664 -0.534187 -0.454261 1.2631 1.25224 -1.14368 -0.229446 0.0616596 0.0730018 13.5508 -1.51087 -1.17346 -0.868207 -1.45919 1.03298 -0.237665 0.958651 0.775181 0.244826 -1.56519 0.915871 0.317042 
2.47518 -0.530818 -0.184654 -0.295132 -0.308088 -0.249633 -0.148684 -0.0308708 0.0029337 -0.0177303 -0.0337167 0.0120281 0.00777305 13.8583 1.08821 -1.7964 -0.287066 -2.21655 -0.179433 -0.459117 2.55679 0.695426 -0.487699 -0.5831 0.755889 0.361117 14.8429 0.11762 -2.40395 1.26219 -0.184828 -0.0185783 -2.18016 1.13138 -0.68176 -1.65587 -1.6084 -0.127846 0.850714 
2.68474 -0.551869 -0.339506 -0.41823 -0.357426 -0.0715229 -0.100361 0.0461416 0.110042 -0.183453 -0.0720494 0.0167985 0.00894348 13.5859 1.70962 -2.49911 -0.690141 -1.76465 -0.40498 0.392644 3.85641 0.768457 0.0223959 -1.30144 0.980606 0.563097 9.42207 2.2139 -2.32927 2.31159 1.19842 -2.01437 -1.78381 2.0546 -1.72242 -0.966216 -0.608484 -0.623052 0.785288 
2.99955 -0.823879 -0.151122 -0.363303 -0.41076 -0.108225 -0.140689 -0.0564248 0.170002 -0.0662245 -0.175511 -0.00790867 -0.00668391 11.0931 1.60641 -3.72456 -1.13658 -0.61524 -1.01177 -0.229061 3.61029 0.200738 -0.62403 -0.889411 0.827718 0.736753 -4.14153 3.11908 -2.88662 0.692905 2.65178 -1.87574 -0.113859 1.93121 -2.3638 -0.424446 1.16068 -0.0952115 0.738829 
3.97438 -0.455044 -0.48094 -0.280312 -0.39769 -0.237409 -0.293897 0.112332 -0.0386561 -0.187153 -0.0864782 0.061334 0.10182 8.36122 1.44903 -4.30868 -1.00357 0.591402 -1.10089 -0.588197 2.91971 -0.345021 -1.42352 -0.653905 0.635812 0.893031 -19.3329 0.188067 -0.622092 -1.75663 3.31407 -0.603346 1.94545 -0.60502 -0.686968 0.604762 1.31692 0.00482336 -0.241513 
4.54821 -0.381001 -0.545077 -0.18527 -0.447625 -0.207699 -0.30898 0.304048 -0.0303841 -0.190928 -0.206851 0.0537927 0.099457 4.01385 1.48173 -4.51442 -1.07928 1.9728 -1.81198 -1.08537 2.02734 -0.89537 -1.21924 0.527598 1.37021 1.00937 -22.7751 -2.20844 0.800324 -2.81863 3.10138 -0.238676 0.867734 -3.71287 0.265558 0.222718 2.44951 0.790782 -0.487969 
3.41311 -0.329244 -0.540166 -0.384186 -0.322441 -0.317129 -0.0437909 0.452067 0.124117 -0.121852 -0.204106 0.0106308 0.0551174 -0.40221 1.8381 -3.12219 -1.10081 2.49794 -2.34284 -1.13795 0.418466 -1.15621 -0.333758 1.36834 1.68921 0.631267 -9.3629 -2.65938 2.2824 -1.07717 1.16025 0.6512 -1.44262 -5.67307 0.123766 0.0676599 2.22893 1.42036 -0.524652 
3.11173 -0.517795 -0.725673 -0.473564 -0.194555 -0.285317 -0.243078 0.190802 -0.0925607 -0.219166 -0.00788663 0.0869454 0.132147 -4.96343 1.98576 -1.51058 -1.85682 2.33204 -0.93413 0.0617455 -1.04183 -1.5562 -0.638181 1.78765 1.60058 0.165913 3.16167 -0.467356 4.86605 0.848421 -1.48175 1.12312 -0.556404 -4.15528 0.168662 0.776975 0.47266 0.713094 -0.967226 
3.20033 -0.448062 -0.698207 -0.448905 -0.148529 -0.264478 -0.166358 0.181653 -0.034626 -0.232524 -0.133836 0.0925088 0.105682 -8.34112 0.625127 0.590971 -2.11147 1.63076 0.380434 1.19612 -2.18236 -1.2425 -0.808222 1.37428 0.89624 -0.464805 8.19382 1.49392 4.34108 1.33862 -3.16293 2.05636 1.07161 -1.07399 -0.833852 -0.0120997 -0.504215 -0.763683 -0.902722 
3.17618 -0.422732 -0.742151 -0.460847 -0.0984753 -0.449435 -0.381861 0.165783 -0.0218199 -0.22559 0.0901172 0.263048 0.129823 -7.00438 0.667857 1.59769 -1.88149 0.62597 1.19478 1.27486 -2.98696 -1.58895 -1.06623 1.43361 0.814878 -0.410057 5.2575 1.16008 3.29211 0.828354 -3.6252 3.59331 3.54882 1.26755 -0.783875 -0.687838 -2.45612 -2.47628 -0.732182 
3.19786 -0.362496 -0.522999 -0.463906 -0.155003 -0.368386 -0.284215 -0.022247 -0.021615 -0.117623 0.0447512 0.212008 0.0542765 -2.32435 0.794958 2.37214 -0.798716 -0.908873 1.6768 1.163 -2.75516 -1.6591 -1.07509 0.53666 0.21688 -0.43365 -0.564388 -0.170405 0.185863 0.148065 -2.36651 2.09146 2.88407 2.77468 -0.143337 -1.20788 -2.26769 -2.40429 0.14871 
3.08029 -0.34628 -0.359176 -0.535844 -0.227817 -0.135819 -0.0654324 -0.0792119 -0.196426 -0.232918 0.00692809 0.154133 0.0426275 -1.92803 1.00269 3.16508 -0.211524 -1.97107 1.43395 1.73794 -1.72577 -0.787654 -0.871619 -0.387013 -0.370259 -0.310484 -1.0172 -1.37179 -2.17069 0.800695 -0.856608 -1.02261 -0.8684 1.9341 1.06969 -0.417933 -1.12987 -0.8393 1.11702 
3.08155 -0.331942 -0.477088 -0.508568 -0.262593 -0.129552 -0.0226193 0.097597 -0.169568 -0.358224 -0.0521729 0.0654244 0.0292419 -2.66336 0.502228 2.76272 -0.519354 -2.56826 1.43856 2.03338 -0.995554 -0.451179 -0.691903 -0.898308 -1.30154 -0.297555 -0.651893 -1.21326 -1.59943 0.649644 -0.0309816 -2.77168 -2.16499 0.706424 2.14996 1.25571 -0.610373 0.0917482 0.90923 
3.06212 -0.319162 -0.420015 -0.527464 -0.317768 -0.0984582 -0.0655016 0.00914169 -0.158677 -0.302057 -0.0144527 0.152948 0.0739603 -2.71154 0.185566 2.13341 -0.602085 -2.68404 1.4387 2.44046 -0.186376 0.117041 -0.550249 -1.87519 -2.07569 -0.309932 -0.339098 -0.759723 -1.01531 0.003041 0.504996 -2.80421 -1.73343 0.472556 2.02505 1.60438 -0.201242 -0.186948 0.0522481 
2.95259 -0.356652 -0.38268 -0.494859 -0.367881 -0.183942 -0.0371998 0.00279912 -0.129947 -0.263773 -0.0850508 0.0561195 0.0503636 -2.54773 -0.0995812 0.947563 -0.618062 -2.25226 0.426238 1.57479 0.65901 0.749297 -0.358555 -1.6941 -1.86225 -0.121054 0.621469 0.0801847 -0.377105 -0.837418 0.688657 -0.613301 -0.0111176 0.454631 1.03103 1.11552 -0.226683 -0.477861 -0.677262 
2.90163 -0.395104 -0.343595 -0.447506 -0.386265 -0.222429 -0.129039 -0.0581413 -0.112566 -0.31525 -0.0647126 0.113368 0.130204 -1.9669 -0.153353 0.476725 -0.534815 -1.75577 -0.453759 0.786601 0.663933 1.39539 0.395282 -1.47768 -1.59859 -0.205215 1.22074 0.580954 -0.605377 -1.12746 0.825645 0.91684 1.16589 0.983377 -0.150361 0.301493 -0.0683235 -0.538864 -1.01641 
2.86758 -0.352928 -0.361395 -0.575368 -0.445824 -0.176655 0.028881 0.0660959 -0.034632 -0.247895 -0.172044 -0.0423766 0.0251305 -1.64361 -0.135615 0.6634 -0.699795 -1.33253 -0.362655 0.779231 0.295689 1.18045 0.702914 -1.23358 -1.36992 -0.318475 1.58288 0.383985 -0.789737 0.0278765 1.08485 0.67701 -0.0179311 0.331839 -0.819504 -0.404423 0.767518 0.68802 -0.183298 
