2.41106 -0.559951 -0.205245 -0.25321 -0.210735 -0.199644 -0.113787 -0.140377 -0.0881219 -0.0163861 -0.0523985 -0.0407469 0.0445474 0.063797 -0.0987024 -0.0489157 -0.121746 0.290453 0.492207 -0.16184 -0.0181993 -0.110506 -0.758687 -0.0254316 0.214125 -0.233664 -0.18363 -0.145598 -0.0150197 0.0453031 0.339066 0.199109 -0.227032 -0.297592 0.0588124 0.0373463 0.192149 0.169859 -0.258033 
2.46375 -0.545371 -0.206865 -0.279127 -0.210271 -0.137269 -0.112086 -0.0922191 -0.121871 -0.168739 -0.0869707 -0.0287408 0.0469147 -0.0476561 -0.169421 -0.184372 -0.240894 0.132211 0.260872 -0.183309 0.0645872 0.263974 -0.522318 -0.0577657 0.0927326 -0.319091 -0.563525 -0.230844 -0.0328821 0.243737 -0.0282363 -0.528113 -0.367023 -0.71602 0.712767 1.40335 0.314439 0.00139037 -0.189299 
2.40607 -0.581773 -0.231762 -0.296658 -0.191538 -0.166565 -0.0827493 -0.0921018 -0.106258 -0.101035 -0.0665304 -0.0415439 0.0182661 0.252391 -0.0297104 -0.19784 -0.137328 0.0931353 0.279639 -0.165537 -0.0476444 0.351468 -0.487137 -0.11982 0.200462 -0.400359 0.0782814 0.120814 0.0332468 0.354485 -0.475705 -0.557597 -0.328487 -0.64002 0.795873 1.10915 -0.0301428 0.0439928 0.0249515 
2.42207 -0.555768 -0.205968 -0.25919 -0.140606 -0.147786 -0.139437 -0.130705 -0.105687 -0.0667639 -0.0218109 -0.0257789 0.0057336 0.213911 -0.00936186 -0.267832 -0.302371 0.151923 0.205357 -0.452964 -0.464465 0.253623 -0.0779667 0.0373038 0.0822302 -0.334554 0.391189 0.207458 -0.175446 -0.157574 -0.630918 -0.424936 -0.0920554 -0.361579 0.314679 0.522127 -0.273378 -0.17374 0.214047 
2.40809 -0.580498 -0.203268 -0.25096 -0.200432 -0.14762 -0.150954 -0.188358 -0.0850691 -0.0878619 -0.065988 -0.0010447 0.0277907 0.128201 -0.00907534 -0.206228 -0.294333 -0.0580533 -0.18681 -0.718157 -0.444137 0.187068 0.247924 0.182708 0.0249792 -0.339389 0.485198 0.314291 -0.130987 -0.438612 -0.21057 -0.296896 -0.177963 0.235119 -0.506725 0.0178621 0.0704239 -0.312411 0.11263 
2.39713 -0.583532 -0.24583 -0.301271 -0.225272 -0.207644 -0.126674 -0.105149 -0.0111015 -0.0470075 -0.0684085 -0.0546252 0.00331954 -0.0422993 -0.0297355 -0.133815 -0.305991 -0.462322 -0.605899 -0.595345 -0.0103609 0.292123 0.366914 0.286474 -0.180896 -0.283018 0.0919752 0.123254 0.189565 -0.314455 -0.114923 -0.127348 -0.185049 0.645884 -1.05563 -0.657195 0.343011 -0.211907 0.126286 
2.49652 -0.53682 -0.225479 -0.257607 -0.199115 -0.147118 -0.120085 -0.145097 -0.0635928 -0.10496 -0.0798411 -0.000814316 -0.00594768 0.0482588 0.0901574 -0.013701 -0.247569 -0.605764 -0.602824 -0.217865 0.436278 0.25164 0.166795 0.22938 -0.161211 -0.0617934 -0.864534 -0.279487 0.294853 -0.0956777 -0.251104 -0.5457 0.33398 1.20304 -0.365274 -0.0760776 0.504931 -0.303922 0.169029 
2.43325 -0.560878 -0.244669 -0.325859 -0.171744 -0.157249 -0.197959 -0.222424 -0.103795 -0.0336062 -0.0319072 -0.0473214 0.0181968 0.078023 0.080342 0.0596711 -0.0869933 -0.445035 -0.636867 0.159505 0.886492 0.0427251 -0.0406969 0.162087 -0.190909 -0.103833 -0.455445 -0.116347 0.492321 0.747946 -0.141279 -0.313364 1.06903 1.50564 0.309478 -0.301768 0.0351116 0.110217 0.0389269 
2.427 -0.566125 -0.221626 -0.30075 -0.229188 -0.226121 -0.213444 -0.133649 -0.0998912 -0.0587311 -0.0297143 -0.0337199 -0.0060511 2.75894 0.478833 -1.35745 0.154554 -1.12193 -1.2899 0.915518 0.444756 -0.263846 0.601942 0.0991328 0.0364725 0.22217 2.71766 0.357681 -1.29771 0.884339 -0.634374 -0.429218 1.86567 -0.0772655 0.354138 0.495031 -0.595125 0.47019 0.436788 
2.40978 -0.572905 -0.223019 -0.317559 -0.282374 -0.239471 -0.141357 -0.0286047 -0.059931 -0.121042 -0.0344527 -0.0691191 -0.00339896 8.64881 0.752214 -2.66528 0.592 -2.43495 -1.88964 1.48667 -0.531896 -0.347274 0.954653 -0.0199784 0.316294 0.760672 9.83243 0.944771 -3.37752 0.885724 -1.72911 -1.06051 1.68319 -2.2446 -0.0792995 1.48485 -0.701554 0.744904 0.837808 
2.40887 -0.55923 -0.213511 -0.283731 -0.235657 -0.221856 -0.0867086 -0.0576434 -0.0470809 -0.0365435 -0.0269661 -0.0348298 0.0228687 10.5838 -0.72973 -2.43235 1.31741 -3.66792 -2.58671 2.59901 -0.900492 -0.397376 1.6532 -0.2418 0.135055 1.10244 12.2823 -0.569114 -2.90335 1.09161 -3.16462 -1.57895 1.50176 -3.19767 -0.803052 1.57169 -0.595109 0.407413 1.05712 
2.45204 -0.54962 -0.195737 -0.237429 -0.189377 -0.215661 -0.117063 -0.0482523 -0.0900075 -0.0899668 -0.0400652 -0.032694 -0.0131482 11.5501 -1.9907 -2.21444 2.38383 -3.48345 -2.59017 3.21084 -1.07071 -0.526148 1.97327 -0.312255 0.259844 1.08938 7.40294 -3.02813 -0.513145 1.3362 -2.45402 -1.32325 1.09626 -2.1343 -0.72232 1.60279 0.0219181 -0.247574 0.819474 
3.10633 -0.472012 -0.591597 -0.249215 -0.461907 -0.406158 0.039879 -0.212023 -0.111073 0.0824937 -0.0882634 0.0140822 0.0866748 13.938 -2.62589 -1.69344 2.05545 -3.32556 -2.41207 2.75669 -1.65595 -0.765722 2.02391 -0.387393 -0.0671847 1.28414 -1.53559 -4.28756 4.1024 0.910334 0.684454 0.462387 -0.562022 0.69448 -0.32557 -0.299454 0.421919 -0.986362 -0.252017 
4.09711 -0.451437 -0.664056 -0.208034 -0.626482 -0.457635 0.0528887 -0.294016 -0.0824062 0.0736988 -0.0636944 0.00623961 0.132463 17.1251 -2.95308 -1.16419 1.75439 -3.58461 -2.55846 1.95276 -1.55367 -0.773713 1.87067 -0.236566 0.0610849 1.21764 -6.71375 -2.80887 5.1472 -0.53638 2.88918 1.52368 -1.92806 2.5831 0.132672 -1.44145 0.45883 -0.798722 -0.926216 
3.54436 -0.854211 -0.340861 -0.0624237 -0.681932 -0.484439 0.208797 -0.272427 -0.165868 0.149481 -0.0857731 -0.0402286 0.140037 17.5216 -4.08333 -0.470157 1.98666 -3.07634 -2.23267 1.26153 -0.496101 -0.353646 0.8998 -0.537578 -0.034775 0.818514 -1.14804 0.71589 1.99704 -1.56841 3.26245 1.68666 -3.17869 2.80553 1.04442 -2.36146 -0.0202557 0.106914 -1.11717 
3.46472 -0.925026 -0.393813 0.0279615 -0.474431 -0.455894 0.159301 -0.214716 -0.158614 0.176423 -0.0379817 -0.0273862 0.0970934 16.458 -4.5419 0.599 2.43853 -1.64229 -1.38057 0.602894 0.125369 -0.533966 -0.14335 0.00718494 0.275173 0.405373 4.03446 2.13751 -0.456941 -0.909205 1.57632 1.11944 -2.40964 1.62898 0.655901 -2.81473 -0.153969 0.965756 -0.859536 
4.14129 -0.835561 -0.336136 -0.16403 -0.584122 -0.475035 0.0599952 -0.239219 -0.159816 0.0902191 -0.0886049 -0.0888497 0.144628 14.0553 -4.02501 1.99633 2.97914 0.644181 -0.0698431 -0.187515 1.27704 -0.588795 -1.87043 0.0763949 0.140975 -0.431281 2.7377 1.73516 -1.8942 1.74208 1.47814 0.935255 -0.241035 0.566952 -0.0422165 -2.2753 0.0827238 1.2336 -0.846842 
4.77591 -0.820675 -0.385744 -0.148131 -0.719643 -0.549514 0.0563935 -0.182507 -0.120806 0.101611 -0.0490296 -0.00240913 0.141231 12.4272 -2.30322 1.25076 2.36709 1.16901 0.171352 -0.510617 2.30295 -0.317348 -2.40717 0.254438 0.440482 -0.708294 -2.97696 1.5359 -0.816455 2.1734 1.92147 1.19977 0.838278 0.47001 -0.543705 -1.7183 0.497732 0.361084 -0.727968 
4.68699 -1.0766 -0.383836 0.0443694 -0.583947 -0.495632 0.0619193 -0.0872051 -0.0689702 0.0151794 -0.160895 -0.00636472 0.0915785 13.1741 0.263814 -0.411742 1.49332 1.27046 0.480971 -0.0936375 1.75589 -0.556412 -2.23152 0.437579 0.373178 -0.732302 -7.41002 3.04065 -0.267997 -0.198235 1.02064 0.769098 1.79358 -0.187134 -1.15362 0.443074 1.00437 -0.622496 -0.206419 
4.89243 -1.0517 -0.342144 0.147465 -0.48629 -0.450111 0.0525786 -0.17458 -0.237389 -0.0744592 0.00958005 0.0679141 0.0789856 9.36171 2.35995 -0.00698185 1.67146 1.58914 0.52758 -0.157779 1.33612 -0.748259 -2.20576 -0.312941 0.101706 -0.240372 -8.34111 5.20471 -0.609358 -2.44258 0.208346 -0.0399804 0.707385 -0.398573 -0.0833881 1.91756 -0.587434 -1.38325 0.746089 
5.12456 -0.942962 -0.314477 0.219573 -0.393695 -0.40026 0.0923987 -0.083004 -0.199936 -0.188143 -0.0837978 -0.0201062 0.0321575 4.38182 5.31157 -0.0159097 1.25588 1.75545 1.12076 -1.67875 1.04669 0.168381 -1.22539 -0.0575532 -0.184464 -0.242489 -6.97418 6.7356 -0.299386 -3.76205 -1.42453 -0.302454 -2.29532 -1.41596 1.21187 2.86202 -0.940681 -1.10444 1.42709 
5.16849 -0.837082 -0.385063 0.0603895 -0.54452 -0.475673 0.0654135 0.0815837 -0.119516 -0.130676 -0.00727494 0.0329969 0.0586153 1.99442 7.70865 0.198307 -0.186615 1.07385 1.74574 -3.41742 0.302238 1.36646 -0.360185 -0.368 -0.78027 -0.00750985 -4.43902 5.77394 0.523734 -2.19176 -1.47933 0.659377 -4.87067 -2.17427 2.68008 2.3127 -1.29073 -0.711238 0.964401 
5.03928 -0.742759 -0.472089 0.0208852 -0.465303 -0.4116 0.240556 -0.135768 -0.285089 0.005122 -0.0164643 -0.0441741 0.0576164 1.98244 9.41081 0.318317 -2.04508 -0.695461 2.15478 -3.91532 -0.866967 2.27081 0.822455 -0.190724 -1.32068 -0.178301 -0.754322 2.67075 1.3385 -1.22003 -2.24083 1.60915 -5.30546 -1.51677 3.88535 0.951847 -0.50454 -0.376789 -0.341545 
4.82597 -0.429846 -0.311274 0.159078 -0.301384 -0.432339 -0.0276934 -0.0913697 -0.219627 -0.14422 -0.210474 -0.0497341 0.158422 0.844378 9.66698 -0.0491626 -3.29234 -2.33121 3.36834 -4.48983 -1.2417 2.78674 2.13399 -0.40318 -1.9123 -0.539343 3.26097 -1.21996 0.128147 -1.91656 -3.78559 2.78341 -1.53958 -1.37673 1.9627 1.36681 1.53059 -0.514558 -1.83985 
4.95404 -0.0213639 -0.34111 -0.0469557 -0.503718 -0.318353 -0.389154 -0.0856582 0.0349861 -0.0126733 -0.0499114 -0.071838 0.0931862 0.667637 8.71767 0.0810446 -4.18508 -3.27394 4.46021 -4.5339 -1.99715 2.17177 3.06238 0.0641678 -1.68517 -0.915569 3.2289 -5.02776 -0.585106 -1.63593 -2.88874 2.66645 3.53436 -0.630965 -1.69057 1.25362 1.11672 -0.51368 -1.96798 
5.12877 -0.0459154 -0.344244 -0.082426 -0.585904 -0.252088 -0.456559 -0.136521 0.15525 0.0190187 -0.131073 -0.0835307 0.0920646 1.35377 7.20393 0.45689 -4.27802 -3.62152 5.45151 -3.8145 -2.43913 1.47203 3.19247 0.133705 -1.55676 -1.30478 0.51178 -5.28934 -0.792102 -1.39902 -1.33157 1.78529 5.43177 0.0280118 -4.4081 1.32832 1.12456 0.238116 -1.08798 
5.17623 -0.0408422 -0.307813 -0.18589 -0.688875 -0.157241 -0.271005 -0.287926 0.11182 0.0663362 -0.0692291 -0.176402 -0.0182722 1.90212 5.38585 0.376785 -4.33768 -4.4861 5.62241 -2.76897 -2.0719 1.08164 3.32139 0.457207 -1.04499 -1.35822 -1.81711 -3.64046 -0.402883 0.295664 0.852626 0.361358 3.81019 0.351289 -4.2757 0.631555 -0.0484642 1.21692 0.635148 
5.10594 0.112523 -0.412587 -0.283155 -0.817413 0.0746064 -0.378913 -0.234788 0.00807634 0.197781 -0.0318804 -0.227759 -0.0436448 1.72096 3.08264 -0.126843 -4.12005 -4.54181 5.27054 -0.460221 -2.39812 -0.176387 3.54158 1.00453 -0.85185 -1.26986 -2.2375 -1.98474 0.721478 2.0362 2.06578 -2.06037 1.56719 0.300332 -1.40405 -1.07277 -0.702383 1.65801 1.77605 
5.1942 0.0773104 -0.347468 -0.405276 -0.824594 0.129841 -0.344835 -0.257646 -0.0448624 0.259693 -0.0427694 -0.171268 -0.0655058 0.112886 1.56262 -0.08345 -2.5554 -3.27384 3.99898 1.14324 -2.47955 -1.32619 2.73884 0.438056 -0.36335 -0.691778 -2.09265 -0.572859 0.188598 3.01094 1.61225 -3.27929 0.130493 -0.146872 1.1304 -1.68072 -0.315766 1.04422 1.67931 
5.1952 0.0825325 -0.321974 -0.433644 -0.876128 0.187374 -0.303097 -0.314515 -0.0647393 0.285761 -0.0385873 -0.14572 -0.0463404 -1.2683 1.46761 -0.340512 -0.924476 -2.32 2.32354 1.48916 -2.45264 -1.47677 2.21541 0.343831 0.055597 -0.0180583 -1.91592 -0.534023 -0.507458 3.82887 1.64996 -4.00478 0.331296 -0.525773 1.62938 -1.8671 -0.506669 0.226392 1.17782 
5.12351 0.130473 -0.349603 -0.389651 -0.937454 0.223448 -0.286706 -0.375823 -0.0541261 0.332111 -0.0594468 -0.147661 -0.0150922 -2.02506 1.18597 -0.655715 0.797925 -0.989949 0.429997 1.02668 -2.19882 -0.691776 1.11664 -0.0655869 0.397427 0.663737 -1.62498 -0.347061 -0.94973 3.38183 1.98768 -3.75205 0.419632 -0.327411 1.07449 -1.854 -0.274976 -0.337419 0.351937 
5.0914 0.133175 -0.337837 -0.383456 -0.932492 0.187445 -0.277858 -0.391849 -0.0477249 0.300876 -0.00504787 -0.176019 0.0031761 -1.57015 0.474177 -0.729577 1.9992 0.159382 -1.18787 0.93874 -2.16221 0.293427 0.321063 -0.537332 0.18379 1.0346 -0.195114 -0.317447 -1.18912 2.23963 2.06978 -2.38081 -0.596739 0.520971 0.76312 -1.05482 -0.772339 -0.45129 0.163643 
5.01434 0.156814 -0.368536 -0.320531 -0.923268 0.133205 -0.248474 -0.450171 -0.0431531 0.305761 -0.0381311 -0.12819 -0.0140081 -1.29694 0.343064 -1.1215 2.6677 0.921035 -1.90665 0.135795 -1.24827 0.790588 -0.0444303 -1.04042 -0.261373 1.20315 1.97132 -0.841064 -0.413576 0.395716 1.95903 -0.927372 -1.53648 1.68039 0.791465 -0.480749 -1.12176 -0.638324 0.24561 
4.95806 0.149128 -0.420671 -0.16632 -0.904355 0.0311406 -0.166228 -0.519922 -0.0674971 0.323651 -0.077686 -0.137562 0.0483381 -0.594734 0.0909393 -1.34414 2.83654 1.64271 -2.25324 -0.783919 -0.1579 1.38405 -0.476338 -1.6441 -0.281234 1.20324 3.01719 -0.783605 0.200177 -1.2415 1.16708 0.727144 -2.55333 2.71868 1.18938 -0.238353 -1.25455 -0.454833 0.0999789 
4.89676 0.175785 -0.451179 -0.128954 -0.807728 -0.018842 -0.22834 -0.508183 -0.00955238 0.224282 -0.0619756 -0.158657 0.0405469 -0.191587 -0.133341 -1.45488 2.55595 2.40861 -2.22927 -1.03006 0.848894 1.79592 -1.33232 -1.99918 -0.165019 1.03339 2.22154 -0.465551 0.318657 -1.64783 0.319016 1.41164 -1.75194 2.76312 1.02936 -0.39749 -1.1396 0.080018 -0.0768953 
5.08235 0.117329 -0.463116 -0.141539 -0.779651 -0.0101711 -0.309592 -0.466146 0.0535862 0.292248 -0.137588 -0.200216 0.087855 -0.2209 -0.383344 -1.36358 2.19089 2.91322 -2.04555 -0.701712 1.73841 1.6579 -2.03674 -2.14609 0.20444 0.918618 -0.635792 -0.0131886 0.287313 -1.1022 0.291629 0.807891 0.528584 1.90327 0.0581619 -1.72164 -0.077287 0.969285 -0.508011 
5.10132 0.110335 -0.450489 -0.142063 -0.738591 -0.03844 -0.363105 -0.357792 0.0466967 0.291941 -0.2092 -0.199855 0.0955239 -1.13397 -0.569437 -1.07888 1.38619 3.72687 -1.80741 -0.708448 2.77378 1.15757 -2.44017 -1.73682 0.348407 0.958363 -3.43629 0.130128 0.0943902 -0.474935 0.987244 -0.0201712 2.28455 0.619969 -1.14059 -2.03243 1.08034 1.33329 -0.480264 
5.09708 0.123551 -0.499044 -0.0790534 -0.719905 -0.0426994 -0.430944 -0.31586 0.1466 0.221488 -0.265067 -0.157167 0.11553 -3.50484 -1.02281 0.0256337 1.15242 4.06914 -1.76335 -0.461675 2.92233 0.0307333 -2.20247 -1.52354 0.446416 1.25889 -5.80422 -0.490953 1.15214 0.0478487 1.51717 -0.839357 2.68285 -0.465307 -2.95535 -0.592591 1.63067 0.557869 0.325027 
4.99678 0.135545 -0.54083 -0.0743948 -0.618255 -0.0651114 -0.33625 -0.280224 0.173914 0.0733313 -0.263718 -0.151558 0.0943439 -6.22337 -1.44504 1.60433 1.55938 3.36297 -1.96065 0.456447 2.11236 -1.69994 -1.38995 -0.878337 0.0492859 1.09364 -6.43765 -1.13366 3.05805 0.531262 0.292961 -0.920337 1.15676 -1.50135 -4.00009 2.01402 1.61644 -0.848106 0.631753 
4.92869 0.0824416 -0.510498 -0.0606916 -0.542457 -0.133386 -0.221404 -0.224334 0.0828386 0.000179061 -0.241883 -0.0872806 0.104227 -8.49412 -1.57991 2.72638 1.93562 2.55569 -2.05796 1.26039 1.16337 -3.08149 -1.05779 0.0246807 -0.429489 0.69007 -4.7949 -1.17278 3.87996 0.93983 -2.01425 -0.211595 -0.271114 -2.3773 -3.47033 3.6835 1.05431 -2.2246 0.211043 
4.69918 0.0830339 -0.517078 -0.0961046 -0.372646 -0.163985 -0.29991 -0.129967 0.0185021 0.031487 -0.216447 -0.0931112 0.149849 -8.69128 -1.75512 3.04448 1.65939 2.26605 -2.05275 1.46542 0.532006 -3.87195 -0.500656 0.495151 -0.547128 0.232134 -0.668055 -0.561558 2.61841 0.70193 -3.41949 0.36382 -0.372265 -2.33893 -1.78303 2.66969 0.469185 -1.81411 -1.11335 
4.333 -0.0258701 -0.318562 0.0398075 -0.362061 -0.232563 -0.278776 -0.213301 -0.127285 0.118318 -0.276941 -0.14366 0.273194 -6.95221 -1.5494 2.13723 1.01869 2.30201 -2.23691 1.35419 0.0319411 -3.72403 -0.111141 1.29976 -0.659256 -0.746499 5.52518 0.917914 -1.92801 -1.00084 -1.97863 0.626159 -0.354797 -0.995734 1.47142 -0.110734 0.884314 -0.114575 -2.83502 
4.14609 -0.054147 -0.122355 0.0973118 -0.507512 -0.256765 -0.221322 -0.306522 -0.268847 0.192797 -0.179218 -0.259596 0.150615 -5.97057 -0.725117 2.06996 -0.203289 1.72869 -1.86165 0.512578 0.00485663 -2.56993 0.131142 1.38216 -0.539235 -0.7466 7.73019 2.19539 -4.84651 -3.19815 0.926428 0.583505 -0.638101 0.97878 4.20127 -2.3749 0.509804 1.81334 -1.91313 
4.13168 -0.0664485 -0.123801 0.108831 -0.554362 -0.241268 -0.186 -0.3026 -0.304333 0.164204 -0.159785 -0.284148 0.126346 -5.52707 0.172643 1.73576 -1.5903 1.57183 -1.72936 -0.234784 0.739941 -0.463536 -1.04026 1.50481 0.724706 -1.17042 4.56543 2.59202 -3.9178 -4.30966 2.5284 0.0156161 -1.36044 2.55154 5.41843 -3.29899 0.280211 3.44364 -0.379944 
4.22682 -0.0640205 -0.228021 0.0208928 -0.396706 -0.282081 -0.22358 -0.224345 -0.309179 0.120473 -0.197859 -0.173288 0.0750682 -6.08668 0.267733 1.55926 -2.40469 1.17307 -1.9062 -0.0225852 1.37995 1.2843 -1.47485 1.49713 1.77878 -1.73589 -3.004 1.45338 -0.0133529 -3.07706 1.19419 -0.357894 -1.22801 2.59185 4.66995 -1.91149 -0.0057719 2.94311 0.956226 
4.47328 -0.00538351 -0.491371 -0.0289629 -0.270896 -0.362064 -0.214248 -0.266512 -0.156664 0.0360068 -0.0398778 -0.165629 -0.0678892 -8.5901 -1.02712 0.37551 -2.58703 2.19434 -1.19736 0.255949 1.90873 2.14129 -2.32972 1.49171 2.38496 -1.85947 -11.0271 -2.2282 3.44354 0.157456 -0.434915 0.302576 0.203605 1.35342 1.22373 -0.170198 -0.933135 1.44122 1.59491 
4.1322 0.103806 -0.230904 -0.224768 -0.329649 -0.29779 -0.274832 -0.177862 -0.0808389 0.0232816 -0.108265 -0.152395 0.110883 -9.9606 -3.13635 -1.79936 -1.71704 3.6726 -0.643555 1.09707 2.32685 2.6582 -2.95143 0.831371 2.65584 -1.26227 -9.91256 -6.13881 0.208592 3.91919 0.124679 0.978652 2.50972 -0.446321 -1.75035 0.592729 -0.796935 -0.614492 0.0147393 
3.88183 0.102248 -0.178367 -0.308279 -0.255031 -0.394293 -0.330608 0.00263375 0.0662325 -0.194496 -0.0606876 0.127767 0.0302753 -6.8553 -3.52596 -2.97725 -1.20608 2.70713 -0.712821 1.34181 2.15595 2.21526 -3.03939 0.835166 2.15602 -1.20172 1.08622 -5.84696 -4.55293 4.781 -0.0169559 1.49001 3.09988 -1.94591 -3.51935 0.939982 -0.715562 -2.9693 -0.352076 
3.43743 -0.0403645 -0.0862433 -0.240725 -0.319448 -0.468526 -0.232865 -0.0202823 0.0635164 0.014191 -0.0698066 0.0647836 -0.0335102 -1.47173 -3.45531 -3.56887 -0.129056 0.805066 -0.472775 1.43747 2.24217 1.22946 -2.75826 0.932718 1.52058 -1.09369 16.7612 -1.18174 -7.08696 2.74202 -1.01731 1.03728 1.10841 -1.16777 -3.03315 -0.441759 0.00261465 -2.5158 -0.375577 
2.86555 -0.419292 -0.223765 -0.0834514 -0.120954 -0.292642 -0.121015 -0.115037 -0.0836039 -0.12651 -0.0580185 -0.00188378 -0.0144981 1.89853 -4.07327 -3.10896 1.51279 -0.454082 -0.1304 1.16226 1.98735 0.324721 -1.98894 0.63917 1.40798 -0.816602 24.1496 4.36331 -3.46528 0.338979 -3.86086 -0.554631 -1.80038 0.134115 -0.626363 0.197354 0.741395 -0.71862 -0.116327 
3.1481 -0.612339 -0.646362 0.0129005 0.0429864 -0.277843 0.0379404 -0.0347984 -0.0119157 -0.216259 -0.106524 0.00028017 -0.0295722 7.48821 -4.10603 -3.58399 2.53769 -0.702143 0.488598 0.837882 1.69685 0.0276093 -1.11724 1.23492 0.948143 -1.01495 16.4775 5.95447 4.06054 -1.04089 -4.7245 -0.291741 -3.90922 0.949209 0.717434 1.66455 1.06855 0.952989 0.80271 
4.20445 -0.293702 -0.724327 -0.155462 -0.28487 -0.414678 -0.103795 -0.020906 -0.0460842 -0.259564 -0.0200391 -0.0114871 -0.0862022 11.1546 -3.13138 -2.63538 2.68964 -1.18962 0.468546 -0.338652 1.21697 -0.442226 -0.742199 1.16702 0.378473 -0.322646 -0.375805 2.01561 7.50874 0.191828 -0.991398 0.267974 -3.28988 0.622369 1.2254 1.94778 0.521919 1.70337 1.13573 
4.80663 -0.223151 -0.726444 -0.0915384 -0.404796 -0.3962 -0.155837 0.109877 -0.0817518 -0.24464 0.0189041 0.0473246 -0.103197 11.171 -1.94982 -1.2096 1.46691 -1.37834 0.902789 -1.51439 0.352087 -0.120323 -0.946473 1.45661 1.1909 0.26777 -14.2866 -1.74237 6.49221 -0.126365 2.27346 1.06861 -1.40704 -1.96269 0.632428 1.56333 -0.0711319 0.668765 1.38068 
4.35311 -0.437515 -0.483945 0.109497 -0.403745 -0.358335 -0.194039 0.0299205 0.000217647 -0.170139 0.0133927 0.122329 -0.054225 6.45587 -0.622063 1.56165 0.0737233 -1.56745 1.29158 -2.51604 -0.950989 -0.522148 0.362453 1.02366 0.658258 0.549696 -17.5565 -1.89605 2.36342 -2.15122 3.70031 1.78095 -0.0171406 -3.75018 -1.34197 0.108644 -0.824375 -1.18985 0.996754 
4.63147 -0.457884 -0.452477 0.0397329 -0.309996 -0.208263 -0.210608 0.137272 0.0388287 -0.111618 0.0910548 0.099849 -0.0267104 -1.6713 0.458293 4.42741 -0.268084 -1.14619 1.63815 -2.72613 -1.72326 -0.653208 0.285504 0.468771 -0.0318513 0.805632 -15.6554 1.0576 0.210382 -2.74036 1.8958 0.660351 0.736764 -3.80705 -1.65524 -0.968727 -1.76077 -2.18755 0.173459 
4.61652 -0.455642 -0.412426 0.0834238 -0.306184 -0.409918 -0.347008 0.0800616 -0.0502599 -0.256779 0.0433579 0.122218 -0.0172163 -6.44906 1.25463 4.65507 0.158354 -0.273746 1.50516 -1.59001 -1.6465 -0.409611 0.161196 -0.0554753 -0.962742 1.47042 -6.96165 4.96953 -0.016646 -1.8677 -1.09046 -0.0499153 1.50928 -1.10024 -0.642906 -0.433492 -1.3374 -2.79549 0.00282481 
4.13811 -0.541833 -0.404185 -0.0788084 -0.318901 -0.203748 -0.295132 -0.177327 -0.0285201 -0.199402 0.111165 0.186195 0.0260457 -6.33169 2.96606 3.72568 0.235177 -0.537681 0.392411 -0.623365 -1.87127 -0.632568 0.253941 -0.541866 -2.09727 1.80933 4.0186 6.19811 -0.450536 1.74654 -2.29779 -2.38657 2.03994 2.78821 0.428219 0.0137338 -1.11878 -2.58094 0.305085 
3.57477 -0.488034 -0.239428 -0.148499 -0.254445 -0.0746825 -0.36492 -0.303221 -0.229745 -0.0831878 -0.0151055 -0.0567389 0.0275977 -5.16191 4.69994 3.09475 -0.0455178 -0.704399 -0.751571 0.353317 -1.19938 -1.27577 0.146859 -0.909919 -2.70968 1.5666 10.559 4.06782 -1.23836 3.50067 -1.85793 -3.99993 2.58076 4.33207 1.40655 0.163324 -0.0503842 -0.506251 0.50883 
3.47095 -0.188144 -0.0821938 -0.0591891 -0.333717 -0.206633 -0.339859 -0.122811 -0.0514688 -0.278125 -0.0466534 -0.0431511 0.0126122 -5.53704 4.99914 3.45236 0.241342 -1.54154 -1.33945 1.22996 -0.847384 -1.74788 0.496907 -1.02602 -3.13572 1.32477 9.80018 -0.333886 -1.64124 1.75696 -0.501321 -2.6077 2.05216 2.52189 -0.552799 1.28701 0.70442 0.275203 0.0980182 
4.10647 0.0399468 -0.178081 0.0184981 -0.47904 -0.323519 -0.256709 -0.0127943 -0.039381 -0.215682 0.0244816 -0.116368 0.140445 -4.13007 4.76487 3.39971 0.064343 -1.87874 -1.27421 2.22029 -0.209903 -1.49407 1.6668 -0.535157 -3.19509 0.835541 -0.309541 -4.16646 -0.0446208 -1.06203 0.729238 -0.223405 0.872028 -0.746051 -1.72498 1.54199 0.695425 1.01678 -1.34772 
4.24939 0.0334959 -0.252814 0.142947 -0.48382 -0.408833 -0.195572 -0.100043 -0.120175 -0.107143 -0.0414092 -0.181729 0.172269 -2.02741 3.5906 3.09553 -0.11972 -1.95489 -2.25165 2.43024 0.686859 -0.972767 2.05269 -0.320623 -2.10802 0.306977 -7.22221 -5.34016 1.2827 -3.75622 0.76319 2.20197 0.0416744 -1.97888 -0.58668 1.59941 1.03991 1.87987 -2.01751 
3.77101 0.0327185 -0.0576755 0.0482649 -0.359345 -0.438278 -0.150954 -0.0591398 -0.199174 -0.13765 -0.0658462 -0.167278 0.112719 -3.03502 0.669069 2.04597 -0.455507 -0.596989 -1.77563 1.89696 0.602565 -0.109063 1.4332 -0.125381 -0.328246 -0.244666 -6.80194 -5.011 0.100181 -2.8714 1.22739 2.55292 -1.42754 -1.36363 1.47966 0.349332 0.344366 2.2973 -1.68946 
3.69277 0.00597243 0.0535267 -0.0261893 -0.516902 -0.357105 -0.12699 -0.0814212 -0.288219 -0.0897452 -0.0171577 -0.26809 0.105707 -7.92023 -2.79957 0.877147 -1.54402 0.884585 0.160221 1.41198 -0.423327 -0.583613 1.6798 -0.278224 0.0634001 -0.538407 -5.46844 -4.37037 -2.45675 -0.798096 2.66165 1.90733 -1.8383 0.0846941 3.02587 -1.61291 -0.483686 2.81501 -0.623901 
3.62527 0.00893623 0.0459964 -0.0888709 -0.537393 -0.381105 -0.0610976 -0.172076 -0.227113 0.0621628 0.0298702 -0.245926 0.0494483 -12.2752 -4.57769 -0.145888 -3.18235 1.73993 1.70312 0.811985 -0.604248 0.109167 1.31316 -0.275211 0.645283 -1.36847 -4.04605 -3.62937 -4.56222 -0.135466 3.0122 2.15656 -1.71303 0.891172 1.97376 -2.29809 -0.820031 1.47525 0.31035 
3.56632 -0.112161 0.0576679 -0.177402 -0.533744 -0.432918 -0.0483127 -0.113079 -0.115363 0.0910593 0.00511175 -0.0737228 0.0467862 -6.39112 -3.68196 -3.23553 -4.14244 1.80254 1.83493 -0.192599 -0.111487 0.99466 0.642233 -0.00617563 1.65361 -1.05098 2.9392 -0.253827 -6.2492 -0.566821 1.84269 1.60751 -1.40262 0.527995 0.059987 -1.72344 -0.456868 -0.139855 0.6951 
3.12423 -0.355368 -0.0214554 -0.0777484 -0.216225 -0.333015 -0.22429 -0.0848931 -0.0732134 -0.145046 -0.0940318 -0.0295028 0.00293954 3.80931 -2.82867 -5.66652 -3.50889 1.94424 1.59567 -1.15804 0.699796 1.68398 0.0103035 0.209542 2.03662 -0.484357 17.2877 4.26832 -5.21781 -1.39181 -1.20313 -0.300365 -0.659549 1.06105 -0.667744 -0.129928 0.936339 -0.585362 0.94948 
2.60554 -0.512775 -0.161535 -0.17855 -0.240208 -0.161707 -0.107273 -0.139816 -0.167419 -0.0602048 -0.0745139 -0.126791 0.0596984 9.58547 -1.90284 -5.90096 -2.11688 2.08557 0.664124 -2.39607 2.35917 2.31111 -0.989482 0.45967 2.1669 0.0410988 27.5664 6.36866 -1.67316 0.837899 -2.82097 -2.93976 -1.78898 2.55495 0.424956 -0.223377 1.6857 -0.0242412 1.00907 
2.62556 -0.471195 -0.302157 -0.435158 -0.294116 -0.116762 -0.102938 -0.113235 -0.0828503 0.035901 -0.0109671 -0.11373 -0.0476254 12.5816 -0.289322 -4.50664 -0.190559 1.75561 0.140618 -3.60606 2.90101 1.72906 -1.87969 0.40175 1.26126 0.671416 20.6547 4.93229 3.68498 4.9832 -1.85523 -3.88457 -2.66411 2.63857 0.61456 -1.21739 0.907492 -0.153165 1.41647 
4.17957 -0.15861 -0.753941 -0.456697 -0.300747 -0.30096 -0.248794 -0.0799411 -0.0576272 -0.0397154 -0.0244588 0.0667581 0.0644146 15.7046 1.99245 -2.99125 0.803601 0.492552 -0.0559472 -4.35561 2.44172 1.38625 -1.9129 0.699514 0.461781 0.914379 -1.58186 1.25689 8.65508 6.01885 -0.881389 -1.55477 -2.37186 1.04115 0.208536 -1.52551 -0.124497 -1.31909 0.680825 
5.09829 -0.210793 -0.639827 -0.332645 -0.230425 -0.281444 -0.31345 0.0919631 -0.0102405 -0.121649 0.0323402 0.0379115 0.0679075 14.8303 3.37294 -0.4088 1.16018 -0.325834 -1.47769 -3.40798 1.57748 1.26845 -1.54724 0.622084 0.204005 1.48708 -21.2855 -0.493295 8.16142 3.25794 0.0637938 0.130543 -0.124636 -2.68596 -0.913117 -0.798856 -1.35215 -1.85132 0.365346 
4.80242 -0.252758 -0.431366 -0.143577 -0.32276 -0.385862 -0.46684 0.300858 0.100447 -0.179106 0.0899263 0.0115736 0.105964 11.1501 3.00036 1.17389 3.82365 -0.00773902 -2.4166 -3.00881 0.283074 0.62316 -1.53129 -0.0448455 -0.141503 0.307619 -23.3613 -1.19503 3.1879 0.184644 0.348952 0.921237 3.38057 -5.96661 -2.38225 1.37542 -1.8069 -1.6236 -1.21089 
4.46305 -0.118775 -0.256601 0.0351064 -0.234492 -0.372215 -0.568756 0.139327 -0.0156403 -0.221956 -0.009003 -0.0766769 0.139256 2.99816 2.01783 3.33836 5.3311 -0.185022 -2.6415 -1.3226 -0.900741 -1.05115 -0.492846 -1.39938 -0.977524 0.119913 -14.3491 -1.73642 -1.1409 -1.28674 -0.198702 -0.340715 5.49115 -4.80342 -2.62383 3.18639 -1.89198 -0.497062 -2.26128 
4.77173 0.0133981 -0.294452 -0.104257 -0.371552 -0.264257 -0.646453 0.0575487 0.0359345 -0.230644 0.0231717 -0.0299899 0.121128 -6.43731 0.735366 5.17661 4.87653 -1.01864 -1.7406 0.770169 -2.1984 -2.56235 1.59568 -2.51169 -2.11074 -0.132339 -4.89465 -2.15983 -2.0318 0.116686 -0.573934 -1.20918 5.41348 -1.9148 -3.35185 4.21964 -2.40103 -0.493262 -1.4291 
4.1327 -0.0594372 -0.127389 -0.156835 -0.223484 -0.476573 -0.384479 -0.0600276 0.01826 -0.240249 -0.0413533 -0.055833 0.224811 -9.77962 0.807219 4.35406 3.88656 -1.84838 -1.42175 2.56611 -3.73782 -3.39237 2.87501 -2.90934 -2.35608 -0.147737 1.72263 -1.56992 -0.658613 0.637387 -2.13904 0.649766 2.85723 0.840618 -2.53893 3.82133 -1.38937 -1.00817 -0.375305 
4.12544 -0.180511 -0.324689 0.300461 -0.258697 -0.491658 -0.385663 -0.189539 -0.132893 -0.115373 -0.0764151 -0.128569 -0.113918 -8.33206 0.565071 3.17908 2.76256 -1.81078 -0.504592 3.18776 -4.23611 -2.95925 3.19935 -2.62126 -2.48108 -0.0217179 2.35623 0.234884 1.06116 -2.10416 -2.11551 2.19446 -0.118637 1.87342 0.617273 1.12287 0.448765 -0.82842 2.42704 
3.90617 -0.0925287 -0.079955 0.232013 -0.363181 -0.566951 -0.250519 -0.119399 -0.287311 0.0416172 -0.26831 -0.154353 0.0338593 -3.09729 -0.843573 1.2716 0.829012 -2.30538 1.11289 3.13725 -2.57147 -1.40643 2.18338 -1.07663 -1.2159 -0.614476 7.49167 0.167684 -1.66191 -4.15889 -0.52012 4.30556 -2.65519 1.40038 4.14903 -3.13502 3.53123 0.95877 1.34106 
3.88541 -0.114425 0.0346655 0.16491 -0.490622 -0.442992 -0.190108 -0.175983 -0.382217 0.20946 -0.335635 -0.251868 0.145418 0.486237 -1.93814 1.26682 -0.872399 -2.00839 2.05828 1.86749 -1.34509 -0.0606918 1.21076 0.0114378 -0.117388 -0.765258 11.4616 -1.18385 -3.44194 -5.5972 1.25217 3.75172 -3.9489 1.89432 6.3439 -5.82618 5.1373 3.59083 -0.889542 
3.78115 -0.0773843 0.0184003 0.207997 -0.530493 -0.439817 -0.103789 -0.293726 -0.318293 0.145073 -0.221274 -0.290044 0.112842 5.07003 -3.47782 1.42642 -2.77249 -1.82629 4.20917 -0.129406 -0.548011 2.0225 -0.512365 0.921118 1.34804 -0.702789 10.5945 -4.12 -2.00895 -4.89092 2.59199 2.62421 -3.76956 2.24784 5.40512 -5.40279 3.31273 4.82055 -1.91445 
3.73062 -0.0703492 -0.0192642 0.1856 -0.458996 -0.349347 -0.280289 -0.30177 -0.126908 0.0549391 -0.170043 -0.313101 0.155937 6.63202 -5.64984 1.3812 -4.70113 -0.671885 4.56402 -0.649106 0.147441 3.65278 -2.39363 1.38908 2.53963 0.102227 6.38017 -6.11623 0.152197 -1.99603 2.17117 0.667988 -1.73785 1.69589 1.86464 -2.70597 0.0702794 3.84071 -1.7508 
4.70534 -0.274406 -0.307825 -0.123562 -0.533768 -0.0607189 -0.248301 -0.120591 -0.0145093 -0.16417 0.021516 -0.0203894 -0.04932 9.66763 -7.08424 0.0224497 -5.35199 -1.12278 4.83571 -1.29621 0.514025 4.90717 -3.60818 2.44039 3.44617 -1.00078 -2.24537 -4.30593 2.76088 0.405542 0.200664 -1.74657 0.338664 0.280466 -0.79988 0.553049 -2.5459 0.517052 0.77827 
4.69247 -0.368779 -0.0197224 -0.283877 -0.49896 -0.164517 -0.371083 -0.133605 0.0500916 -0.0960329 0.0139342 0.0402693 -0.0192621 10.5114 -7.55018 -0.225922 -5.73003 -1.25299 3.87009 -0.919586 0.72601 4.90666 -3.81891 2.41035 3.76751 -1.33201 -4.35764 -1.05662 0.54702 1.74041 -1.96088 -2.13781 2.46917 -0.853929 -2.0257 1.69932 -2.04118 -2.01435 1.2462 
4.61405 -0.707773 0.127909 -0.239089 -0.422474 0.0538373 -0.406329 -0.206938 0.186418 -0.241322 -0.0651464 0.102876 0.0170817 9.10303 -7.78398 0.319443 -5.58088 -1.34999 2.7764 -0.22607 1.00024 3.87559 -2.43689 1.40686 3.19024 -0.981307 -3.75114 3.20733 -1.64684 1.28367 -2.71833 -3.24196 3.04028 -0.698666 -2.30497 2.69105 -0.292356 -3.07453 0.540461 
4.61796 -0.955106 -0.0265367 -0.214214 -0.377212 -0.0502569 -0.304466 -0.151497 0.132905 -0.27152 -0.116999 0.0999359 0.0471029 5.71911 -6.93911 -0.0383921 -4.60617 -1.48907 1.13185 -0.0223473 1.21907 2.70771 -1.18077 0.980103 2.56848 -0.527388 -3.26757 5.25101 -2.04701 0.452237 -1.40428 -2.56371 0.735618 0.236015 -1.43869 2.71926 0.830664 -2.09402 0.065235 
5.11676 -0.843276 -0.0830809 -0.480731 -0.772953 0.0543915 -0.314835 -0.094692 0.256533 -0.268751 0.0537543 0.158535 -0.0509188 1.18136 -4.93804 0.158211 -2.52689 -0.989132 -0.298998 -0.0303837 1.14662 1.42441 -0.72806 -0.0839188 0.858582 0.452136 -5.0839 3.84928 -1.10458 1.82899 2.30617 -2.0963 -0.952887 1.15848 -1.87424 1.28863 -0.395805 -1.06053 0.503986 
5.0907 -0.876831 -0.0510015 -0.522263 -0.690741 -0.0243083 -0.210124 -0.197306 0.23319 -0.252381 0.0558251 0.116241 -0.0269458 0.820349 -2.8081 -1.09131 -1.87715 -0.914194 -0.460804 0.116857 1.6188 0.619835 -0.562664 0.180577 0.409081 0.407845 -5.98251 2.71158 0.400061 2.80141 3.31101 -1.07393 -2.4956 1.57071 -1.62188 0.0145418 -1.27649 -0.412945 1.0458 
4.84977 -0.9875 0.0113955 -0.495157 -0.605027 -0.0756161 -0.196317 -0.130491 0.224306 -0.137497 -0.0223462 0.0811308 -0.0111139 0.317768 -0.830399 -1.01942 -1.22483 -0.433231 -0.901133 -0.0332941 1.39754 0.0762048 -0.610999 -0.078098 0.395599 0.604497 -2.42235 1.78214 0.594147 2.8644 2.28867 0.814479 -1.64158 0.215483 -0.938692 -2.13778 -1.376 0.27646 1.00775 
4.72728 -0.982405 -0.19989 -0.507641 -0.594309 -0.125454 -0.428217 0.0142105 0.261831 -0.175226 0.0572087 0.200978 0.0162776 -0.705122 -0.096237 -0.365053 -0.452116 0.0768995 -0.0479316 -0.0237939 0.607282 0.398149 -0.4298 -0.319169 0.481094 0.556919 1.82158 1.09265 1.02335 1.48432 0.082102 1.92481 1.33724 -1.87402 0.00580302 -1.51599 -0.85689 0.153584 0.0658659 
4.73852 -0.928401 -0.0687731 -0.382415 -0.53988 -0.106526 -0.341638 0.0284305 0.138773 -0.343487 -0.0965258 0.0805215 0.0696691 -1.90261 -0.238639 -0.266828 1.08727 0.312844 -0.45713 0.646521 -0.615981 0.162643 0.225442 -1.21699 0.319121 0.840457 3.56814 0.398993 0.395194 -0.127802 -2.56963 1.55182 2.65988 -3.61885 1.51315 1.22529 0.33038 0.581681 -0.855679 
4.81629 -0.855627 -0.0819807 -0.49535 -0.572887 -0.0893449 -0.358142 0.0206642 0.184378 -0.241036 0.0145342 0.128136 0.0487201 -1.17369 -0.0342327 -1.0537 2.12963 -0.286749 -0.410875 1.34443 -1.25901 0.141006 0.553729 -2.08115 0.363004 1.26516 1.18452 -0.93158 -0.682745 1.11014 -2.0333 -0.303485 3.23112 -3.65633 0.966735 2.63932 -1.02453 -0.0891771 -0.109515 
4.82471 -0.921026 -0.0552949 -0.387259 -0.52467 -0.0363848 -0.306472 -0.101115 0.218584 -0.398856 -0.108527 0.198448 0.0958932 -0.506546 0.430214 -1.67504 3.50555 -0.415177 -0.744134 2.20466 -2.52161 0.0984048 1.42362 -2.541 -0.0132108 1.12205 -1.3153 -0.666801 -2.04566 2.57749 -0.791123 -2.18509 1.84893 -1.67814 -0.198678 3.91931 -1.59553 -1.01714 0.321996 
4.82573 -0.94623 -0.103108 -0.438989 -0.619413 0.0460882 -0.206348 -0.143575 0.306693 -0.235567 -0.0358905 0.184479 0.0181948 -1.4086 1.52873 -1.77386 4.99032 0.287499 -1.51595 2.91552 -3.0647 -0.412104 2.39036 -3.04269 -0.779961 1.18019 -2.93052 1.48626 -2.4165 4.17833 1.82744 -3.23374 -0.425447 0.505148 -1.82822 1.95608 -1.89175 -1.4553 1.05323 
4.83011 -0.915819 -0.10684 -0.328391 -0.793772 -0.141331 -0.118479 -0.305287 0.264291 -0.0778695 -0.127947 0.146688 0.0637258 -2.0821 4.50721 -2.97715 5.8217 0.405663 -3.03879 2.3549 -2.47148 -0.780539 2.997 -2.10953 -0.956256 1.27705 -2.668 5.4156 -1.51763 3.61576 3.49307 -2.54381 -1.76143 2.48994 -2.38023 -0.622632 -0.0502261 -1.58613 0.710772 
4.74125 -0.959082 -0.27751 -0.148045 -0.61212 -0.181047 -0.0521219 -0.269683 0.196069 -0.114656 -0.335711 0.136591 0.2257 -1.96522 7.09351 -3.42525 6.50164 0.558789 -4.29574 1.81036 -1.72464 -1.26486 2.63004 -1.66147 -1.84258 1.22671 -0.29561 8.27047 -0.157716 0.653556 1.61775 -1.9007 -2.56213 2.68109 -1.16216 -1.62123 3.17997 -1.09414 -0.694584 
4.66451 -0.88108 -0.324834 0.0704313 -0.556885 -0.236411 -0.0767516 -0.340056 0.204891 0.038805 -0.334589 0.0789487 0.122935 -1.68797 8.99826 -3.29428 5.77104 0.885031 -4.98894 1.16705 -0.921297 -1.65409 2.37844 -0.670667 -2.69526 0.733663 2.12432 6.94825 0.96995 -2.71223 -0.55529 -0.856573 -1.69317 1.91915 0.00872396 -2.69393 3.91877 -0.732747 -1.09512 
4.46682 -0.585289 -0.34066 0.211935 -0.422788 -0.334941 -0.0980104 -0.279383 0.0919445 -0.00779033 -0.344938 0.0158793 0.190927 -1.49165 9.78601 -2.73173 4.92616 1.16697 -4.57275 0.377187 -0.626112 -1.94836 1.50207 -0.0152876 -3.10195 0.20502 3.52076 1.51406 1.50698 -4.92153 -2.52471 0.948785 -0.491448 0.11457 1.13373 -1.23525 3.06272 -0.663379 -1.94975 
4.58133 -0.0211131 -0.440681 0.240965 -0.536753 -0.525229 -0.101429 -0.213408 0.0474659 -0.0182291 -0.166318 -0.00262844 0.216879 -1.55961 9.54617 -1.78347 2.9003 0.966145 -2.84075 -0.0855371 -0.439908 -2.10163 1.35712 1.31371 -3.19584 -1.02157 1.3403 -5.41263 2.24433 -4.7617 -1.85035 3.30898 0.269435 -1.62335 0.610741 0.408139 0.415209 -0.499757 -2.17651 
4.72838 0.0536605 -0.47598 0.233725 -0.581661 -0.582363 -0.123936 -0.24968 0.118726 -0.0120524 -0.151305 -0.0804658 0.163491 -2.42955 8.18979 0.136076 0.681166 -0.0712188 -1.29693 -0.308469 -0.590211 -2.67059 1.56346 2.38801 -3.08226 -2.26327 -2.94223 -8.04788 2.84815 -3.40461 -0.181767 5.01511 0.362092 -1.38851 -1.24468 1.30669 -0.753124 0.272641 -1.9115 
4.66873 0.0378212 -0.416504 0.176291 -0.507568 -0.581858 -0.0735703 -0.295375 0.0804797 -0.0284176 -0.168141 -0.171821 0.102453 -3.9771 5.68201 1.76516 -0.667947 -0.239375 0.042345 -0.363821 -0.443127 -3.78222 0.772222 2.57801 -2.55305 -2.54322 -5.82018 -6.44407 3.36355 -1.31859 0.389454 4.34579 -0.364782 -0.253127 -2.84439 0.954466 -0.1161 1.25218 -1.40331 
4.60108 0.0636808 -0.425595 0.18052 -0.562587 -0.493843 -0.103657 -0.3492 0.0354885 0.0658175 -0.143838 -0.223204 0.0480221 -5.08095 2.56321 2.8552 -1.1002 -0.0630634 1.15226 -0.594343 -0.711171 -4.08222 0.640335 2.49598 -2.17091 -3.00893 -5.7178 -3.27708 3.0552 0.273405 1.1227 1.60303 -0.762457 1.14017 -3.00367 -1.10865 0.498673 1.6289 -0.0611115 
4.47783 0.0844649 -0.361979 0.0918822 -0.574326 -0.382344 -0.0963212 -0.385392 -0.0851708 0.160731 -0.0750562 -0.232954 -0.0413082 -6.56088 0.0302785 3.56827 -0.805105 0.797227 1.74224 -0.800356 -0.723189 -4.2376 0.392222 1.87337 -1.78326 -2.91425 -2.29856 -0.814053 1.23371 1.66057 1.15517 -1.4945 -0.872274 1.45204 -0.829219 -2.47781 0.350325 1.25385 1.12056 
4.18488 0.0249883 -0.179208 0.0380343 -0.554241 -0.302221 -0.118703 -0.327833 -0.234058 0.150508 -0.0334516 -0.238208 -0.116877 -6.91478 -0.362144 3.54981 -0.332218 1.24761 1.51911 -1.206 -0.268637 -4.23848 0.174265 1.87176 -1.34463 -2.35884 2.26952 -0.10981 -1.3019 2.07229 1.16716 -2.84632 -0.746438 0.562539 2.05642 -1.91063 -0.557432 0.302399 1.71532 
3.96525 0.0264194 -0.0565803 0.121713 -0.504121 -0.343937 -0.159811 -0.303628 -0.409036 0.004189 0.0288016 -0.217901 -0.124057 -5.80505 -0.483454 3.11933 -0.00883378 1.29606 1.2158 -1.92544 0.310519 -3.41643 -0.104787 1.51403 -0.947084 -1.69877 5.09973 0.0489468 -2.78467 0.880603 0.616161 -1.81808 -0.646233 0.0262036 3.84262 0.112378 -1.47904 -0.370841 1.57233 
3.9781 0.0225382 -0.0769514 0.145273 -0.460048 -0.372795 -0.199738 -0.32793 -0.36843 0.00691226 0.0505189 -0.271241 -0.129479 -4.29319 -0.618128 2.76117 0.0124675 1.47993 0.600643 -2.21803 0.90477 -2.2985 -0.688964 0.885931 -0.705254 -0.985593 4.96967 0.108549 -2.29844 -0.495632 -0.437478 -0.0218696 -0.703958 0.354391 3.28866 1.18788 -1.65905 -0.0686168 1.11761 
3.9596 0.0251723 -0.0894422 0.168939 -0.432466 -0.413711 -0.197784 -0.336733 -0.334424 0.0281269 0.0245899 -0.278571 -0.137475 -2.22997 -0.643495 1.87122 0.358729 1.33818 -0.132176 -2.29807 1.34084 -1.33891 -0.551523 0.229454 -0.795865 -0.11673 3.38966 -0.0710616 -0.851914 -1.26411 -0.983431 0.899355 -0.475496 1.04434 1.30762 1.17059 -1.17091 0.218762 0.825462 
3.97117 0.00769384 -0.0844943 0.166351 -0.394906 -0.398822 -0.268361 -0.316897 -0.346792 0.0576935 0.0489441 -0.316307 -0.136835 2.06043 -0.212997 -0.126717 -0.93912 1.10628 -0.246528 -2.12956 0.805579 1.0891 0.0438687 -0.507727 -0.328651 0.697162 3.69024 0.123905 -0.821136 -2.06058 -0.961478 0.542414 0.297144 0.633485 1.27962 0.441568 -0.959391 0.915693 1.00005 
4.00072 -0.0107933 -0.0543298 0.119372 -0.403794 -0.315845 -0.360412 -0.266278 -0.328698 0.0536799 -0.00503677 -0.307698 -0.132361 6.56469 0.0875368 -2.18447 -1.81807 0.195485 0.171083 -1.71553 1.01861 3.44553 0.23487 -1.18568 0.562116 1.25405 6.69461 0.734458 -2.87752 -1.75887 -1.01145 -0.399372 1.29128 -0.205355 2.92078 -0.378885 -0.622998 1.6797 1.33046 
3.99389 -0.0104485 -0.00518061 0.0870551 -0.418085 -0.327812 -0.375773 -0.209535 -0.318777 0.0142879 -0.0150147 -0.289242 -0.116753 9.83048 0.109369 -3.36106 -1.75868 -1.04679 0.511612 -1.18504 2.08039 4.17341 -0.741051 -1.33829 2.06901 1.63248 9.56222 0.793554 -4.74471 -0.740348 -1.65085 -0.281936 1.68983 -0.0212087 4.21934 -1.16387 -0.419307 2.62018 1.15322 
4.04759 -0.0275139 -0.0239343 0.1407 -0.408347 -0.403734 -0.360579 -0.160338 -0.401938 0.087575 -0.0142074 -0.337479 -0.0645929 12.0886 -0.0659305 -4.07953 -1.30515 -2.14473 0.983124 -0.58845 2.96912 3.97614 -1.86056 -0.964957 3.06331 1.62232 8.1954 0.214287 -3.90839 0.852981 -2.49199 0.810913 1.48417 1.26337 2.74919 -2.58438 0.21593 3.17591 0.143243 
4.62007 0.0376737 -0.280036 -0.169485 -0.377651 -0.365964 -0.371841 -0.310717 0.00663625 0.0888601 -0.0879531 -0.214404 0.00517353 13.0437 -0.232452 -4.31317 -0.660921 -3.18236 1.4455 0.100432 3.38537 3.29359 -2.45325 -0.458894 3.47697 1.40386 1.13633 -0.960415 0.0269287 3.40253 -2.86255 1.65566 0.884445 2.90415 -2.73797 -2.71968 1.48888 1.57757 -1.10686 
5.07528 0.0678307 -0.502967 -0.0627921 -0.523313 -0.329031 -0.351364 -0.176923 0.1978 -0.0174271 -0.128375 -0.0973112 0.0470038 12.5318 -0.375837 -4.07599 0.104841 -3.78724 1.63253 0.537631 3.58423 2.17934 -2.65796 0.359341 3.42438 0.888114 -6.25681 -1.46186 3.86865 3.0223 -1.58186 1.58851 0.210848 1.99793 -6.55215 -1.07609 2.25832 -0.839956 -1.93726 
5.2628 0.0070769 -0.516901 0.0419865 -0.661099 -0.302859 -0.329032 0.0427344 0.117351 -0.168242 -0.0985892 0.0665609 0.0523351 10.1642 -0.668473 -3.08737 0.509566 -3.76156 1.75583 0.623779 3.04894 1.59085 -2.52838 0.835904 2.95273 0.430816 -10.1744 -0.888477 5.02053 1.01055 0.648536 0.325408 -0.155973 -1.12548 -5.39156 1.45403 1.90051 -3.11444 -1.6758 
5.31921 -0.0421902 -0.491988 0.0911431 -0.719352 -0.223771 -0.3049 0.116441 -0.0330987 -0.250651 -0.0260956 0.076202 0.00606296 3.03929 -0.762432 -0.833949 0.920058 -2.79158 0.865106 1.39419 1.86469 -0.248242 -1.77702 0.390793 1.62447 0.333456 -12.9175 0.15331 4.33197 -0.890377 2.98155 -2.13802 0.457506 -4.1472 -2.12152 3.57567 -0.282116 -3.99309 -0.180663 
5.35185 -0.0594703 -0.458925 0.0956995 -0.803578 -0.137654 -0.310562 0.120417 -0.113094 -0.209856 0.0203438 0.0270661 -0.00213193 -5.15191 -0.708868 1.86124 2.16487 -1.26448 -0.813323 2.154 0.329037 -2.67561 -0.132439 -0.420263 -0.173479 0.44077 -13.838 1.10618 2.98732 -1.26166 4.59803 -4.33789 1.52623 -5.75815 0.854541 3.9932 -2.98118 -3.19865 1.28921 
5.3187 -0.0529988 -0.439775 0.111009 -0.835118 -0.156087 -0.313455 0.155563 -0.150224 -0.209315 0.0668826 0.0340836 -0.043417 -9.69859 -0.559385 3.31012 1.38852 0.633815 -1.62259 2.10796 -1.68801 -3.02921 0.727803 -0.636915 -1.3489 0.59484 -11.5819 1.07457 1.94286 -0.128591 4.38331 -4.1242 1.68195 -4.63636 1.05644 2.43619 -3.55553 -1.90863 1.88878 
5.15473 -0.082376 -0.378443 0.065638 -0.776422 -0.21506 -0.297428 0.0268677 0.00774108 -0.187476 0.0534255 0.00615516 -0.0110431 -8.53408 -0.320595 2.99116 0.811105 0.558692 -1.73475 1.52218 -2.34262 -2.05681 0.959581 -0.283027 -1.82182 0.444407 -1.77466 0.448832 0.1469 0.519068 1.19352 -1.24396 0.0879206 -0.852782 -0.105216 -0.253381 -1.00345 -0.033229 0.66348 
4.26244 -0.051033 -0.204706 0.0940427 -0.615642 -0.428408 -0.0914135 -0.133017 -0.233204 -0.0430812 -0.149905 -0.152605 0.0897606 -6.03363 -0.298211 2.5605 1.00951 -0.467042 -1.39462 1.1146 -1.82158 -1.50384 1.31497 -0.0627736 -1.724 0.287579 12.6196 -0.4771 -2.24868 0.412384 -3.5228 3.20428 -2.52764 3.18101 0.610769 -2.24345 2.98085 1.61231 -1.41511 
3.99588 -0.00296688 -0.120703 0.237315 -0.53792 -0.555582 -0.0419667 -0.263234 -0.254927 0.074274 -0.276123 -0.175571 0.127357 -3.3421 -0.455094 2.19356 1.46241 -1.57933 -0.768002 0.689291 -1.05244 -1.42607 1.24771 0.395192 -1.5012 -0.107584 18.5917 -1.11283 -3.13941 -0.0594939 -6.5275 5.43653 -3.39846 5.27566 0.845181 -2.26599 4.88517 1.79366 -2.52492 
4.17848 -0.0543348 -0.136346 0.143908 -0.515887 -0.423466 -0.1497 -0.221332 -0.210451 -0.126743 -0.100819 -0.133306 0.099826 -0.23452 -0.769662 1.89779 1.82297 -2.87752 0.348556 0.143702 -0.457029 -1.37676 1.10005 0.982345 -1.28041 -0.476965 12.6876 -0.920355 -1.77904 0.663171 -5.79558 3.75161 -1.82962 3.67471 0.478869 0.0843934 2.84427 0.823073 -2.0094 
4.92687 -0.0927064 -0.263722 0.138623 -0.861722 -0.30973 -0.254695 -0.0256207 -0.172175 -0.204901 0.089127 -0.0837715 -0.0049246 2.78328 -1.04925 1.51029 1.98767 -3.84198 1.58254 -0.739657 0.506029 -1.54669 0.752801 1.84242 -0.820604 -1.17863 -0.947163 -0.467527 0.866984 0.830357 -0.776417 0.699623 0.17894 -0.315243 -0.156951 1.75653 -0.559093 -0.418002 -0.372679 
4.98936 -0.111 -0.214415 0.251961 -1.01175 -0.224549 -0.213892 0.0315477 -0.268967 -0.0323473 0.0728615 -0.142543 -0.0261695 4.63568 -1.20661 0.951214 1.76173 -3.87238 2.13781 -0.975485 0.75176 -0.73041 0.191403 2.43514 -0.103931 -1.28873 -10.0286 0.183268 1.80955 0.129285 3.88898 -2.08127 1.49334 -3.05276 -0.371689 0.929206 -2.39151 -0.399009 1.0925 
4.89825 -0.123752 -0.154005 0.306629 -1.04823 -0.232209 -0.219706 -0.00135872 -0.296284 -0.00102556 0.0845354 -0.175626 -0.0475391 2.4037 -1.31884 0.420172 1.4863 -2.2565 0.964073 0.399083 0.0687957 -0.698149 0.0844122 2.235 0.36697 -0.659285 -10.0592 0.413098 0.335762 -0.660786 6.23446 -3.38473 2.34733 -3.4259 0.396003 -0.698508 -1.94696 0.896301 1.91545 
4.85622 -0.161964 -0.0930471 0.331723 -1.07164 -0.219479 -0.2214 -0.0792107 -0.269203 -0.00971232 0.0864406 -0.177665 -0.0442507 -0.423599 -1.72341 -0.296545 0.708925 1.0681 -0.318991 0.95313 -1.01223 -0.346271 0.654395 1.03144 1.31756 -0.502431 -4.61672 -0.260077 -2.37499 -2.24446 6.9933 -2.90401 1.79079 -1.74444 1.14796 -1.76979 -0.554541 2.53247 1.26381 
4.75131 -0.18693 -0.0484457 0.322626 -1.0158 -0.187539 -0.279935 -0.0811376 -0.316626 -0.0102518 0.113023 -0.177864 -0.0862461 -2.11471 -2.83393 -1.32158 -0.569 4.95675 -1.2763 0.813328 -1.29247 0.594649 0.351279 -0.148048 1.84398 0.119584 2.45703 -1.77305 -4.43086 -2.91035 6.01672 -1.91224 0.501723 0.599343 2.0597 -1.16378 -0.455305 2.79887 0.528336 
4.52307 -0.153137 -0.0701738 0.334583 -0.900825 -0.291363 -0.129706 -0.158776 -0.30913 -0.0413202 0.0745383 -0.131725 0.0104718 -1.0445 -4.13196 -2.50768 -2.61212 6.63984 -1.87813 0.0199485 -0.752404 1.55213 -0.61311 -0.547963 2.56095 0.428423 6.17506 -3.49008 -3.83269 -3.57741 3.79917 -0.136035 -2.11441 2.43506 2.08407 -0.105519 -0.992842 1.5776 -0.370779 
4.45943 -0.198722 -0.203269 0.353941 -0.721331 -0.476004 0.0573055 -0.237504 -0.283171 -0.0716732 0.135767 -0.0291875 0.0747328 -0.0663719 -4.95127 -3.24847 -4.41364 7.26771 -1.56426 -0.444059 0.108402 2.40365 -0.281241 -0.684041 2.45713 0.582863 5.67937 -3.47359 -1.22683 -3.98739 0.278718 1.8496 -3.96867 3.15942 1.89002 0.683953 -1.23309 -0.752293 -0.645866 
4.69304 -0.368814 -0.354332 0.11434 -0.417724 -0.356268 -0.172454 -0.200369 -0.188605 -0.0562719 0.114099 0.150297 -0.0941687 -0.349663 -5.07474 -3.15282 -5.48698 6.58127 -0.968297 -0.683633 0.653725 2.92338 0.130706 -0.89968 1.86977 0.848046 0.287334 -1.00085 2.06454 -2.29996 -4.03675 2.12155 -2.01139 1.8837 0.878013 1.04772 -0.675186 -3.05487 0.62992 
4.92313 -0.57255 -0.470264 0.0752172 -0.274204 -0.390147 -0.243871 -0.0368372 -0.0803592 -0.0559117 -0.00145367 0.0728879 0.00115419 -1.27245 -4.60471 -2.64451 -6.09906 5.26788 -0.724421 -1.07338 0.655317 3.3823 0.50591 -1.12591 0.976326 1.03528 -6.11525 2.60877 3.88674 -0.593939 -5.76794 1.50381 0.451997 -0.748182 -0.312794 1.17247 0.432666 -3.22396 0.835463 
4.86414 -0.701019 -0.434793 -0.126648 -0.33288 -0.435118 -0.299564 -0.0302737 -0.0915412 -0.105825 -0.0191528 0.11016 0.0291306 -2.15451 -3.99497 -1.7782 -5.59389 4.25486 0.127058 -1.49706 1.05645 3.05942 0.443647 -1.41202 -0.304001 0.875127 -8.03268 4.62246 3.05114 2.24967 -3.67756 0.517682 2.43493 -2.00736 -0.883883 0.539662 0.445689 -2.59864 0.788275 
4.74732 -0.710549 -0.427864 -0.274236 -0.276945 -0.344015 -0.279442 -0.0227128 0.0231167 0.0273165 0.0400681 0.0269054 0.0256007 -3.71443 -2.83141 -0.476852 -4.25626 3.22733 1.10264 -1.16874 0.0981512 1.88387 0.851937 -1.5405 -1.55756 0.83935 -4.91465 3.79455 1.29179 4.30231 -0.451536 -0.0917301 2.25857 -2.53755 -2.18388 -0.452841 -0.0673581 -1.13132 -0.0237831 
4.48534 -0.670537 -0.347631 -0.292078 -0.37622 -0.293783 -0.232454 -0.0740159 0.0473392 0.0230998 -0.0026125 -0.01026 0.0929409 -5.37797 -1.21252 0.609266 -2.90434 1.46946 0.320438 -0.361739 -0.785907 1.27793 1.27134 -0.929955 -2.00579 1.36423 0.747074 1.59718 -0.169429 3.74212 1.55107 -0.410354 0.186542 -1.50813 -2.16602 -0.21256 0.000876659 0.240701 -0.8636 
4.27478 -0.611094 -0.369069 -0.357808 -0.335687 -0.413111 -0.271068 -0.130798 0.084187 0.0308039 -0.0294285 -0.0428935 0.104463 -5.71269 -0.273046 0.525754 -2.35258 0.403825 0.000600964 -0.0872009 -1.20258 0.78328 1.15218 -0.126097 -1.54894 0.658817 4.39525 -0.444031 -0.76754 2.04075 0.0659317 -0.631374 -0.603909 0.0477916 -1.43398 0.0771516 0.754593 0.945514 -0.837449 
4.27074 -0.657239 -0.404325 -0.239504 -0.14641 -0.349544 -0.218798 -0.0413997 0.0363645 -0.0677593 -0.106594 -0.105671 0.107289 -3.79852 0.391943 0.22412 -1.01165 0.780626 0.431739 0.171788 -1.24962 0.0273155 0.60014 -0.455489 -1.65857 0.325735 4.92729 -0.470309 -0.486745 -0.491397 -2.19192 -0.478351 -0.804685 0.388189 -0.531143 0.127567 1.22883 1.2511 -0.779062 
4.26642 -0.678605 -0.357376 -0.18687 -0.0764078 -0.229239 -0.203302 -0.274277 -0.0979256 0.0743375 -0.0739865 -0.138604 0.0658697 -1.20301 0.772525 -0.0014745 -0.172708 1.02884 0.202874 0.0422231 -0.386994 -0.878435 -0.953965 -0.802196 -0.895121 0.389905 4.40392 0.61627 -0.528362 -1.09329 -2.04526 -0.183869 -0.206822 2.23103 0.298317 -1.82488 0.327965 1.05738 -0.107359 
4.25591 -0.639158 -0.316615 -0.337858 -0.277255 -0.422352 -0.335792 -0.186181 0.0648312 0.143972 -0.00289494 -0.0671655 0.139556 0.661308 0.840792 -0.702067 -0.178824 0.700349 0.105415 0.0863811 0.322853 -0.955667 -1.07858 -0.226319 0.069278 0.0877201 2.81047 1.26843 -0.801829 0.291198 -0.168542 0.871168 1.01871 2.07098 -0.562867 -2.94816 -0.723211 0.940614 0.0765578 
4.24522 -0.706504 -0.44853 -0.411348 -0.372687 -0.443018 -0.279985 -0.102922 0.0614464 0.0439892 0.0378515 -0.0747443 0.0593177 0.902609 1.28537 -1.10468 -0.320934 0.0755606 0.363755 -0.326612 0.786617 -0.168196 -0.420064 -0.051223 0.32086 -0.293473 0.413866 1.74526 -0.730942 1.12859 1.43594 0.74627 0.310311 1.12569 0.102391 -0.937188 -0.895768 0.76064 0.0648694 
4.40788 -0.604879 -0.381695 -0.296571 -0.180219 -0.234614 -0.221483 -0.190569 -0.0766775 -0.0396139 -0.120082 -0.175866 0.0716174 -0.918229 2.15066 -1.33542 0.0780943 -0.00955867 -0.203982 -1.51518 0.349184 0.49615 -0.36704 -0.239972 0.42263 -0.470237 -3.71466 1.09611 -0.978331 1.32957 1.00084 -0.650345 -1.58017 -0.20189 1.54543 1.60434 0.0699247 0.592759 -0.480122 
4.52314 -0.523477 -0.384881 -0.262685 -0.115523 -0.304518 -0.243408 -0.00978856 -0.0992258 -0.223665 -0.131944 -0.0663715 0.153576 -1.95572 4.16373 -0.589803 1.06366 0.589944 -0.0115948 -1.51867 0.464154 0.878136 -1.0386 -0.210208 0.358945 -0.91794 -6.07258 2.00051 0.503038 1.30717 0.114223 -0.683689 -2.36088 -2.56103 2.08657 3.22461 0.916375 -0.486997 -1.45794 
4.40112 -0.545258 -0.499815 -0.323473 -0.275281 -0.352895 -0.211091 -0.0523136 -0.03734 -0.0621789 -0.00352159 0.0438003 0.0975105 -0.497921 5.80621 -0.59054 2.2703 0.904383 0.509803 -1.89481 -0.718355 0.584094 -1.19238 0.222889 -0.0879868 -1.29809 -2.15991 3.65847 1.71225 1.6107 -0.246725 -0.471636 -2.3671 -2.65469 1.29437 0.787834 0.966908 -1.47325 -1.13561 
4.23629 -0.459871 -0.543598 -0.347479 -0.224845 -0.328955 -0.367026 -0.0571057 0.133444 0.1165 -0.0612634 -0.0837236 0.0115606 0.481194 6.7712 -0.108513 2.75992 0.362738 -0.0820679 -2.64935 -1.71864 1.14729 -0.659167 0.728457 -0.398651 -1.43951 4.26295 3.53584 1.81382 1.79615 -0.788472 0.0909523 -0.288694 -2.21428 -0.802401 -2.18251 1.16956 -1.27432 -0.524442 
3.9217 -0.376332 -0.522825 -0.143882 -0.10275 -0.395107 -0.546296 -0.2072 0.0781287 -0.0211525 -0.133367 -0.0987504 0.0279201 0.958298 6.52634 0.0747848 2.76843 -1.0723 -0.755165 -2.81238 -2.24323 1.53892 -0.326618 1.44376 -0.635856 -1.87612 8.96731 1.37919 1.08987 0.566036 -1.9055 0.453403 1.55085 -0.814406 -1.33838 -2.04375 1.07458 -0.810541 0.00495918 
4.03431 0.0269878 -0.273105 -0.0916469 -0.109956 -0.280034 -0.384169 -0.199947 0.0658024 -0.0920831 -0.00826686 -0.0756064 -0.0624832 1.57871 6.05049 0.640522 2.84032 -1.65961 -0.509061 -2.42077 -3.0792 1.16695 -0.105453 1.34391 -1.29203 -1.91728 6.11975 -3.1646 -0.78323 -0.844051 -2.58126 -0.749914 1.24845 0.267461 -0.76393 -0.254917 0.193784 -0.100447 0.719031 
4.60442 0.132102 -0.485574 -0.0652047 -0.259612 -0.330784 -0.538045 -0.272857 0.0720173 -0.14634 0.0763888 -0.122735 -0.0362638 2.29212 5.35468 1.18858 2.69732 -1.87809 -0.699293 -1.44717 -2.69439 0.193173 -0.702697 1.10557 -1.44505 -1.09626 -2.22972 -5.32443 -0.242542 -1.71961 -1.72268 -0.912045 1.94653 0.846967 -0.489618 1.91446 -0.708584 0.344337 0.906824 
4.58239 0.116097 -0.447884 -0.0253086 -0.268374 -0.393097 -0.550718 -0.337067 0.125367 -0.116806 0.0432358 -0.174 -0.0942227 2.22626 3.94421 0.742749 1.83136 -1.97136 -1.44842 0.188338 -2.15145 -0.861756 -0.133089 1.29145 -1.10906 -0.278643 -6.83265 -4.25904 -0.193103 -1.92445 0.451231 -0.923171 2.1262 1.35913 -1.10849 2.53589 -1.07605 0.264586 1.57661 
4.55187 0.086631 -0.39049 0.0244121 -0.370212 -0.380257 -0.526331 -0.359937 0.101839 -0.107186 0.0562689 -0.17287 -0.126165 0.0390472 2.0003 0.242883 0.64265 -0.95598 -1.87984 0.794535 -1.28102 -1.26243 1.71465 1.09098 -1.08951 0.218444 -8.18963 -2.13108 -0.338619 -1.58516 3.32149 -1.15247 1.728 1.42034 -1.89303 2.35899 -0.77147 0.306874 1.912 
4.46103 0.100137 -0.363914 0.00572601 -0.398247 -0.395271 -0.522387 -0.392477 0.0936931 -0.0683228 0.0545035 -0.175741 -0.08905 -4.68053 -0.38845 -0.196632 -0.413155 1.61846 -1.22544 0.0768808 -0.454984 -1.02154 1.92725 -0.112761 -0.401911 0.563239 -6.81868 -0.830581 -0.462455 -1.7195 5.62656 0.412783 0.415583 1.85855 -0.98186 1.2033 -0.624482 0.833322 0.882049 
4.35349 0.119648 -0.359905 -0.0147771 -0.441416 -0.45714 -0.424707 -0.363733 0.0140197 -0.0500381 0.0783509 -0.186791 -0.0161192 -11.2461 -2.26191 1.25333 -0.950082 3.49921 0.387183 1.18684 0.638641 -1.62623 0.824247 -1.17666 0.5749 0.649881 -7.26138 -2.36066 0.0685015 -1.3021 5.77429 2.76968 -1.13787 1.73261 0.157035 -1.40834 -1.55075 1.56478 -0.360721 
4.26879 0.128989 -0.458467 -0.0575589 -0.291889 -0.574547 -0.344953 -0.359533 -0.0553143 0.0832238 0.076456 -0.232357 0.0106881 -13.3081 -3.75184 -0.291954 -2.19397 4.18274 1.52612 1.75379 2.1037 -1.95721 -0.554126 -1.60695 1.17732 0.842112 -7.39332 -4.14082 0.193762 -1.32592 2.8113 4.67512 -0.726374 2.1875 0.898624 -4.43875 -2.16537 2.08811 -1.17071 
3.91141 0.0574584 -0.406909 -0.0417579 -0.0819249 -0.580459 -0.440827 -0.348474 -0.109724 0.215758 0.0720374 -0.221103 0.0162873 -13.7043 -4.69347 -1.96646 -3.43338 4.46612 1.91876 1.73861 3.03732 -0.913067 -1.20227 -2.22229 1.54861 1.08071 -2.74279 -3.87943 -1.81701 -1.93918 -1.92715 3.68586 0.944436 2.2915 1.57642 -5.1502 -1.81334 1.6109 -0.583197 
3.59034 -0.0288424 -0.383616 -0.186598 0.190952 -0.289191 -0.566151 -0.244798 0.0590181 0.00385452 -0.0553241 -0.06965 -0.0410534 -15.0469 -5.66096 -1.02002 -3.06239 3.42 2.51027 1.81242 3.18779 -0.259601 -1.69448 -2.41072 1.72681 0.899761 1.81034 -1.91848 -1.9469 -0.757868 -5.90924 -0.181668 2.13782 0.911222 1.0957 -1.76101 -0.132991 -0.201807 0.609764 
2.90524 -0.317298 -0.188595 -0.132852 0.0999625 -0.166997 -0.316872 -0.196365 -0.141745 -0.230132 -0.157228 -0.0190027 -0.00983106 -15.1923 -6.10098 0.244884 -2.49331 1.807 2.99919 1.99997 2.77538 0.0210217 -1.74659 -1.92741 1.80931 0.440712 5.67498 1.28061 -0.271489 0.741688 -5.91831 -2.85009 1.00417 -1.02383 1.24569 2.71973 1.9277 -1.38745 0.653053 
3.0362 -0.438879 -0.650691 -0.352945 0.0402074 -0.193721 -0.243454 -0.011475 -0.132974 -0.265666 -0.141885 -0.0395386 -0.00304486 -13.0626 -6.14214 1.72139 -2.25694 -0.197443 2.69843 2.79063 1.75042 0.438321 -2.37228 -0.800018 1.46347 -0.0262928 4.624 2.62985 5.06091 2.73211 -3.406 -3.01247 0.223252 -3.63247 0.591042 3.96717 3.15993 -1.62002 -0.40332 
3.08816 -0.424542 -0.771389 -0.473632 0.0260786 -0.268139 -0.299495 0.00127369 0.0928721 -0.149859 -0.201277 -0.0124393 0.0893008 -7.15095 -6.28236 2.47244 -2.29937 -2.28011 1.27314 3.37789 0.147125 0.873203 -2.17271 0.803426 0.79592 -0.363929 5.61045 1.14047 7.06678 2.56437 -1.13423 -1.67987 0.00907015 -4.63384 -0.540572 1.67322 3.92191 -1.21618 -1.85552 
2.51613 -0.529336 -0.268773 -0.245263 -0.105388 -0.203234 -0.24493 -0.0813409 0.0164886 -0.13116 -0.171969 -0.0217368 0.0702213 -1.01615 -4.05992 2.00904 -1.33089 -3.45811 -0.379606 4.14737 -1.10129 0.558691 -0.547628 1.54179 -0.0932903 -0.104384 11.2419 1.34894 1.63605 0.157864 0.467018 -0.854477 0.721084 -3.21694 -0.276737 -0.793695 2.30368 -0.616449 -1.51168 
2.42007 -0.568344 -0.191946 -0.239804 -0.145857 -0.165856 -0.151072 -0.111738 -0.0878772 -0.0757097 -0.0588842 -0.00428701 0.00340007 10.3968 -2.72788 1.50601 0.223434 -4.59425 -0.543466 3.05149 -1.43011 0.539806 1.04395 1.73025 -0.572107 0.326378 19.585 1.38504 -3.91772 0.328727 -1.05375 -0.611008 0.538507 -0.485065 -0.502971 -0.629954 -0.430412 -0.679322 0.702369 
2.61302 -0.660136 -0.101065 -0.358732 -0.12666 -0.228586 -0.0295663 -0.230617 0.000491244 -0.243808 0.0439772 -0.0546989 -0.06664 19.2839 -2.0498 1.97206 2.11488 -5.53923 -0.14014 2.64079 -1.60866 -0.183998 1.62466 1.57822 -0.691264 0.638954 24.8133 2.39764 -7.41064 2.10731 -2.75533 0.217175 -1.14457 2.56182 -0.838775 2.15073 -2.53343 -0.422684 2.62893 
3.22926 -0.891524 -0.0945166 -0.460944 -0.254434 -0.30582 -0.0813247 -0.347176 0.0881721 -0.252511 0.156767 -0.0451442 -0.0804372 24.451 -1.34475 0.189866 2.44726 -5.89362 0.422608 1.99838 -1.26968 -0.92957 1.84328 1.45498 -0.494622 0.925632 17.1364 3.10326 -5.33824 3.59714 -2.58082 1.55145 -2.41504 3.34643 -1.20749 3.52827 -3.01934 0.210468 2.93219 
3.4719 -0.466576 -0.37159 -0.328814 -0.281362 -0.288113 0.149981 -0.269189 0.00470768 -0.145735 -0.0339014 -0.0678243 0.0390778 25.3918 -0.461571 -1.1938 1.74352 -5.7837 0.234603 0.677516 -0.559439 -0.6434 1.98474 0.898237 -0.310142 1.54588 0.0793781 0.31329 0.978304 1.97457 -1.12265 1.66072 -3.69788 1.70489 -0.916609 1.81448 -0.666478 0.8007 1.00847 
5.08289 -0.712305 -0.401782 -0.0730678 -0.661848 -0.20689 -0.0120002 -0.149064 -0.103705 0.0203948 -0.0386625 -0.116222 0.159256 22.4535 0.248828 -0.666367 1.83293 -5.60704 0.678523 -0.436151 -0.0782562 -1.16661 2.29055 0.37505 -0.276575 2.03898 -20.4167 0.341227 4.28021 -2.17332 2.55642 0.674536 -2.41738 -0.568985 -0.23857 -0.942218 1.14223 1.01146 -1.04561 
5.68095 -0.686092 -0.407832 -0.0275877 -0.713523 -0.197261 -0.0137693 -0.148102 -0.0696623 0.064296 0.00776114 -0.101259 0.140758 15.8718 0.803865 0.160092 2.71021 -4.27463 1.53029 -0.760148 0.76427 -2.06212 2.45936 0.165144 -0.0055369 1.66242 -28.5142 0.0124878 5.10018 -3.30799 4.66888 0.0388433 -0.482462 -1.21009 -0.228015 -2.79956 1.39983 0.449538 -2.00612 
5.28117 -0.619573 -0.44708 -0.115921 -0.694554 -0.131567 -0.087693 -0.237768 -0.0680471 0.091799 0.0370287 -0.0172041 0.163449 7.1815 1.4096 1.01061 2.62231 -2.87644 1.23156 -0.429844 0.580669 -2.10047 2.11476 0.602093 0.188116 0.902491 -21.0926 0.310461 2.88164 -1.31223 4.11848 -0.815366 1.70283 -0.526815 -0.425928 -2.11237 0.87161 -0.255908 -2.01656 
4.72087 -0.638134 -0.145674 -0.164837 -0.744504 -0.210694 -0.148315 -0.217463 -0.0761879 0.0171147 0.0476211 -0.0485348 0.173032 -0.857903 0.843084 1.67435 2.17459 -1.98596 0.76219 0.345143 0.445886 -2.34465 0.572106 0.661458 0.357073 0.220128 -8.0886 1.4412 -1.92946 1.79558 2.1831 -0.662241 3.84567 0.709769 -1.0856 -0.980601 -0.78405 -0.318226 -1.06986 
4.87433 -0.603735 -0.13974 -0.174811 -0.756134 -0.119483 -0.126927 -0.226143 -0.225318 0.0765743 0.0815986 -0.0836653 0.186029 -7.73576 3.09154 1.78326 1.65634 -1.30986 0.00817472 1.3985 0.787655 -2.08939 -0.276694 0.553995 0.245858 -0.697003 2.12227 1.78276 -3.23359 2.73843 -1.10098 -1.32346 2.93411 1.58268 -0.0944819 -0.524578 -1.16732 -0.166636 -0.655788 
4.6731 -0.612415 -0.128758 0.0329461 -0.579296 -0.043308 -0.0173309 -0.134011 -0.248387 0.024942 0.0819551 -0.0615917 0.0810905 -5.70363 4.02195 0.752544 2.33195 -1.95713 -0.412685 1.38286 1.63212 -2.08615 -0.75808 0.33595 -0.244527 -1.27697 7.44146 2.97798 -3.1122 0.924747 -3.38078 -1.70132 0.484304 1.47162 0.844054 -0.600893 -0.872943 -0.33407 -0.463598 
4.46803 -0.496019 -0.220549 0.0084982 -0.695206 -0.22188 0.0277977 -0.247513 -0.184687 0.131878 0.150302 -0.0322492 0.092221 -0.510412 4.40426 -0.561392 3.2666 -2.55735 -0.869901 1.17975 2.54689 -2.08837 -0.791139 0.235602 -0.55049 -1.88742 9.57946 2.31083 -1.65056 -0.126188 -2.90641 -0.577815 -2.34074 1.831 0.710813 -0.859869 -0.338553 -0.58675 -0.888891 
4.3242 -0.458817 -0.3053 0.138113 -0.804552 -0.166321 0.218007 -0.0938331 -0.392039 -0.0628372 -0.0584998 -0.0447544 0.168575 3.17824 4.51854 -2.04574 3.55381 -2.74923 -0.784296 0.504703 2.93791 -1.62796 -1.21155 0.335539 -0.281025 -2.19725 9.55485 0.292933 -0.157492 -0.747529 -0.799907 -0.00978745 -4.29658 0.999834 1.24054 -0.313979 1.2502 -0.438558 -1.37977 
4.58503 -0.178083 -0.15036 0.105087 -0.962017 -0.224742 0.0733003 -0.00884252 -0.282901 0.0245752 0.0843117 -0.0863495 0.0227419 4.49218 4.09847 -2.31179 3.03436 -2.57841 -0.99156 -0.652369 3.28881 -0.971975 -1.95654 0.375767 -0.0180077 -2.15454 5.37738 -2.72419 -0.851296 -0.512827 2.21138 1.00543 -3.0754 0.0516854 0.387638 -0.737146 0.96029 0.447988 -0.328032 
5.07706 -0.12831 -0.34222 0.192341 -0.987415 -0.227139 -0.0106412 0.0317602 -0.282292 -0.0486559 0.0921709 -0.125276 -0.047274 6.04873 3.4873 -2.30399 1.91283 -2.27897 -0.544153 -1.77242 3.02732 -0.539416 -2.27553 0.243601 0.267944 -1.82301 -2.37315 -3.68044 -0.0230213 -0.960836 3.60983 1.27465 -0.946673 -0.758899 0.523427 -0.935247 0.11539 1.45429 0.810654 
5.1183 -0.152101 -0.390573 0.266606 -0.992453 -0.253327 -0.0549593 0.0933418 -0.370858 -0.00871338 0.096274 -0.100138 -0.0834043 6.58223 2.34208 -2.04447 1.36139 -0.711007 0.235808 -2.44285 3.07376 -0.0622268 -2.78257 0.102599 0.738627 -1.68587 -5.59003 -2.59516 0.423017 -2.00969 3.02232 0.955926 0.546685 -1.33237 1.15005 -1.09389 -0.815862 1.64402 1.73185 
5.10123 -0.168761 -0.3798 0.288707 -0.983811 -0.213755 -0.0908349 0.134848 -0.332516 -0.158182 0.131889 -0.0610694 -0.0926531 5.94725 1.23015 -2.00729 0.652462 0.36272 0.202856 -2.55615 2.15819 0.642472 -2.33119 0.43029 1.09476 -1.33273 -4.25184 -1.10233 0.589192 -1.88338 1.62159 0.536444 1.3935 -1.09398 0.842157 -0.217323 -1.42351 0.884157 1.62668 
5.16293 -0.166443 -0.435164 0.249347 -0.90301 -0.20861 -0.13635 0.192591 -0.339566 -0.208467 0.127436 -0.0344841 -0.0805231 3.64506 0.175006 -2.40118 0.608254 0.950112 0.45613 -1.63129 1.57585 0.497302 -2.44098 -0.257149 1.27106 -0.255404 -1.32757 0.242533 0.525036 -0.806917 -0.216567 -0.186463 1.14781 -1.10003 0.890492 1.13812 -0.602959 -0.19661 0.869703 
5.14227 -0.139297 -0.446492 0.21484 -0.895948 -0.158436 -0.15084 0.152854 -0.274853 -0.232688 0.0618197 0.0186751 -0.0879527 1.53736 0.196908 -1.76973 0.367395 1.00343 0.195509 -1.10523 1.17471 0.906672 -1.9298 -0.445669 1.23398 0.397173 0.32044 0.271078 -0.312589 0.825382 -0.982347 -0.915745 0.956839 -0.664452 0.0837017 1.56373 0.0790774 -1.06405 0.692073 
5.20504 -0.145847 -0.473976 0.195079 -0.834815 -0.180254 -0.181406 0.209423 -0.247244 -0.292475 0.0542204 0.0628511 -0.0738741 0.897839 0.40168 -1.50475 0.30179 1.03558 -0.181874 -0.957873 0.725179 1.6372 -1.66358 -0.515356 1.01014 0.700233 -0.986799 0.21645 -0.0128481 1.50329 -1.03942 -1.14049 0.508677 -0.53021 0.00871259 1.48244 0.415521 -1.1362 0.535019 
5.30224 -0.166378 -0.501126 0.2268 -0.877368 -0.194503 -0.139552 0.196656 -0.269706 -0.265894 0.0790261 0.0286468 -0.0725258 -1.12898 0.562586 -1.09949 0.353299 1.23241 -0.780253 -1.05543 0.00305186 2.25762 -0.930928 -0.749293 0.647173 0.933441 -3.84404 0.312146 0.81662 0.759089 0.219561 -1.04378 -0.502551 -0.708682 1.15493 0.451447 0.0986738 -0.543925 0.44629 
5.27378 -0.116274 -0.5731 0.285536 -0.907809 -0.185552 -0.159614 0.198907 -0.244238 -0.262236 0.0684272 0.0145434 -0.0281105 -6.64388 0.878373 1.11197 -0.331937 2.64719 -1.82859 -0.915068 -1.00553 1.31836 0.758486 -1.57049 -0.510737 1.43423 -8.92332 0.380311 3.2517 -1.3926 2.79786 -1.51426 -0.786194 -1.50359 0.340232 1.3368 -1.16386 -0.859033 0.495083 
5.23376 -0.112294 -0.577393 0.314513 -0.87031 -0.245807 -0.172835 0.211152 -0.205075 -0.266105 0.0463743 0.0280172 -0.00117715 -11.0435 1.03057 3.10948 -1.08727 3.75245 -2.49885 -0.746996 -1.70669 0.182135 2.05845 -1.93415 -1.62691 1.59413 -12.4004 0.504791 5.30277 -3.04452 3.99907 -1.38725 -0.267203 -2.27423 -1.58245 2.69362 -1.99083 -1.78125 0.393991 
5.14795 -0.112346 -0.535939 0.301614 -0.82093 -0.277268 -0.224118 0.2033 -0.106091 -0.308481 0.056774 0.0585759 -0.00701601 -14.6884 1.22911 4.68582 -1.64064 4.29324 -2.85648 -0.267539 -2.70474 -0.169078 2.71551 -2.32628 -2.29236 1.33699 -11.2447 0.451903 5.29453 -2.94957 3.20345 -1.12575 1.02928 -2.26196 -3.23424 3.16088 -1.81592 -2.45806 0.0311485 
4.7673 -0.0895822 -0.488861 0.265381 -0.731838 -0.312315 -0.283317 0.101059 0.0211415 -0.306754 0.0017336 0.0383347 0.0307482 -14.9854 0.840712 4.57095 -2.26401 4.80934 -1.96595 -0.123714 -3.47206 -0.1507 1.95289 -1.95334 -1.74671 0.38017 -2.35896 -0.321853 1.71301 -1.29447 0.447118 0.791923 1.8879 -1.47733 -2.82152 0.897875 0.173654 -1.01926 -1.42659 
3.82887 -0.0144076 -0.0753461 0.0532614 -0.373002 -0.489016 -0.236083 -0.0205072 -0.318706 0.0447609 -0.213235 -0.174618 0.137742 -9.75995 -0.103988 3.4724 -2.48646 4.0315 -0.787913 0.0149332 -3.39721 -0.0192607 0.832314 -0.498012 -0.832742 -0.535304 13.7216 -1.75141 -4.89159 1.41459 -3.83124 3.60006 1.06881 0.370753 1.2406 -4.10858 3.70929 2.60168 -2.89349 
3.71247 -0.019614 0.0164839 0.0260753 -0.39868 -0.469741 -0.208573 -0.0546702 -0.355684 0.0609897 -0.179566 -0.225803 0.0949575 -3.97703 -0.761012 2.60192 -0.995872 1.1408 0.0724706 -0.150218 -2.04776 -0.216722 0.436065 0.731245 -0.439477 -0.980031 22.7376 -2.55341 -7.51623 3.70787 -6.70346 4.0577 -0.555432 2.7984 3.27162 -5.61186 5.06297 4.33736 -2.53019 
3.56433 -0.00525475 0.0382619 0.0638828 -0.422544 -0.519588 -0.13067 -0.141037 -0.24435 -0.00209606 -0.181415 -0.227399 0.0438526 2.49783 -1.58319 1.62124 0.534331 -1.73139 0.555449 -0.0992617 -0.713538 -0.466997 0.263113 1.86328 0.031574 -1.21184 22.1828 -2.49224 -5.4241 4.39243 -7.59241 2.54911 -1.8662 4.50993 2.20791 -3.09619 4.23055 3.30005 -0.733428 
3.9284 -0.110289 -0.228995 0.0333437 -0.38678 -0.27056 -0.171328 -0.227539 -0.178838 -0.224633 -0.0414536 -0.0413655 -0.115712 7.93848 -1.95913 0.506496 2.0451 -4.46298 1.15526 -0.339835 0.700091 -0.271341 -0.454565 3.04769 0.796642 -1.56426 9.83591 -0.71438 0.261962 3.82021 -6.31733 -0.940707 -1.63032 4.41425 -0.397487 1.57598 1.14277 -0.047539 1.5539 
4.86832 -0.214812 -0.379734 0.0534909 -0.545064 -0.20345 -0.22242 -0.110277 -0.105395 -0.33039 0.174215 0.067417 -0.117522 11.4164 -2.09913 -0.740448 3.40283 -6.51418 1.65759 -0.678924 1.78642 0.474967 -1.47158 3.79523 1.58466 -1.61356 -6.60628 1.26709 4.40933 1.76543 -2.24522 -2.72964 -0.241207 1.95774 -2.83217 4.0967 -2.06996 -2.43102 2.10329 
4.9348 -0.217632 -0.202402 0.365 -0.952151 -0.296288 -0.29401 0.128825 -0.178376 -0.170004 0.154744 -0.0354373 -0.0666031 9.8277 -1.71113 -0.324438 3.66155 -6.28764 1.21255 -0.923267 2.21239 -0.132044 -0.913336 3.19945 1.29737 -0.997536 -13.1368 2.0344 3.22667 -1.15903 2.58641 -1.69185 0.905788 -1.29505 -2.05931 1.97763 -2.60071 -1.83688 1.03086 
5.07306 -0.289236 -0.131909 0.35855 -1.00549 -0.343005 -0.257056 0.0921931 -0.224069 -0.0862847 0.179583 -0.0453285 -0.0566644 6.43464 -1.0491 0.419431 3.5156 -5.36208 0.512085 -0.946988 2.27031 -0.924946 -0.0844127 2.41615 0.557843 -0.377762 -12.9754 2.15264 0.43752 -2.13812 5.19226 -0.345183 1.0003 -2.5614 -0.459514 -0.676995 -2.14232 -0.66425 0.0472025 
4.8816 -0.221846 -0.105873 0.380825 -1.06586 -0.298771 -0.28689 0.092119 -0.241064 -0.124541 0.212981 -0.0283589 -0.0933889 0.969412 0.0139355 1.30092 3.03097 -3.57283 -0.830605 -0.388261 1.55319 -0.977038 0.499398 1.16727 -0.381502 0.346625 -6.84081 1.18004 -1.92759 -2.12714 5.72001 0.0930161 0.717803 -2.42116 0.890303 -1.84303 -1.19367 0.153594 -0.0664176 
4.80016 -0.218688 -0.0902533 0.407659 -1.06835 -0.284706 -0.253213 0.1103 -0.296185 -0.15555 0.211614 -0.0190543 -0.0864059 -4.13487 0.732591 1.30303 1.67426 -0.744449 -1.18368 -0.228213 0.097926 -0.307597 -0.0405079 0.309086 -0.479953 0.330362 -1.74892 0.580391 -1.89756 -1.67741 4.35064 -0.766121 -0.00629982 -1.53477 2.12312 -1.42641 -0.431706 0.127013 0.35906 
4.71474 -0.212937 -0.0917564 0.433624 -1.03159 -0.29377 -0.281043 0.0994781 -0.289037 -0.163326 0.196966 -0.0360366 -0.0831086 -5.16839 0.749639 0.602443 -0.265707 2.01573 -1.1172 -0.575516 -0.690606 0.793526 -1.42764 -0.0399854 0.448143 -0.182388 -0.35881 0.0512931 -0.360811 -1.64645 2.72833 -1.3617 -0.735948 -0.498942 2.36835 -0.879686 -0.546677 0.453025 0.111469 
4.63062 -0.187552 -0.128682 0.461532 -0.989387 -0.33291 -0.271515 0.0801667 -0.281871 -0.167965 0.210548 -0.0504692 -0.0839023 -5.47581 -0.0987734 0.947821 -1.55702 3.44861 -1.02091 -0.565828 -1.57543 2.04782 -1.70686 -1.03454 1.12069 -0.176559 0.554976 -1.42271 1.27857 -2.99965 2.26301 -0.534204 -0.735662 -1.02714 2.48478 -0.616719 -1.21782 1.51074 -0.365709 
4.52729 -0.147234 -0.157791 0.438465 -0.891308 -0.396949 -0.239017 0.0280719 -0.217381 -0.207625 0.193995 -0.0545953 -0.0385827 -4.71815 -2.30385 1.47822 -2.91309 4.58444 0.287025 0.203809 -2.62181 2.54937 -0.945194 -2.05524 1.56433 0.23657 0.871874 -3.732 2.27436 -3.41793 1.46745 2.20378 0.203417 -1.58329 1.39664 0.440039 -2.0514 2.03193 -0.444572 
4.40318 -0.137532 -0.0925781 0.352268 -0.793425 -0.43017 -0.314951 -0.00605711 -0.112146 -0.261765 0.210569 -0.033713 -0.0448978 -3.72725 -4.54314 1.142 -4.72529 5.11329 1.57481 0.951829 -2.04442 3.07901 -0.323168 -2.7365 1.78235 0.419095 2.07618 -5.87751 1.04755 -3.26508 0.6423 4.31858 2.22654 -0.674867 -0.0612611 1.90733 -2.45759 1.28659 0.287695 
4.36466 -0.18909 -0.0457236 0.260997 -0.714279 -0.449073 -0.413829 0.0694177 -0.079357 -0.350657 0.131267 0.0888586 -0.149054 -2.47207 -6.388 0.805769 -6.17164 4.9847 2.81681 1.44817 -2.09603 2.59079 0.0258114 -2.71474 2.22466 0.56108 2.79974 -5.75796 -1.14527 -2.48115 -0.395257 4.67489 3.1421 0.0233113 -1.41972 2.60534 -0.971071 -0.18828 1.2736 
4.33717 -0.3955 0.077605 0.0856509 -0.579548 -0.386978 -0.282946 -0.20861 0.0566715 -0.279232 -0.0165017 0.1589 -0.0909408 -0.590643 -7.58788 0.0421023 -6.62944 3.51989 3.51614 1.25424 -1.37302 2.65858 -0.157904 -2.3294 2.73251 0.603333 3.52585 -2.63163 -3.5513 -0.581833 -2.61171 2.27933 1.16516 2.56519 -1.81408 0.821889 1.69385 -0.737447 0.924736 
4.28121 -0.689627 0.105745 0.00768923 -0.493996 -0.0483437 -0.136386 -0.287565 -0.0156344 -0.150963 -0.0968981 0.162621 -0.00762355 1.31914 -7.57825 -1.21414 -5.81711 2.01628 3.40664 0.83842 -1.03936 2.1622 0.498378 -1.55214 2.59637 0.747364 3.89487 2.17971 -4.2387 1.74926 -4.14524 -2.36063 -2.04154 2.87112 -0.74428 -1.06086 3.54957 -0.499605 0.0533029 
4.38088 -0.882517 -0.0840388 -0.221906 -0.442403 -0.0350094 -0.0743297 0.0235281 0.0647379 -0.154223 -0.122906 0.136991 -0.0071088 2.46147 -6.22484 -2.06665 -4.70505 0.49639 3.11425 0.465868 -1.0008 1.59677 1.06389 -0.688208 1.9598 1.02497 2.5625 5.90219 -1.98613 4.07045 -4.41742 -4.23849 -4.07108 0.198806 -0.105062 -1.19592 3.56918 -0.236569 -0.490465 
4.42357 -0.953026 -0.0981103 -0.314666 -0.44778 0.00190629 -0.126206 -0.173594 -0.0443741 -0.191144 -0.0294134 0.222772 -0.00440242 1.41988 -3.76159 -2.82401 -2.91621 -0.797319 1.47473 -0.809708 -0.503796 1.42162 0.536069 -0.205594 1.30078 1.92013 -0.852882 7.08523 0.0210549 4.95387 -2.92283 -4.55013 -3.89769 -0.484032 0.642471 -0.653171 1.00729 -0.671645 0.203852 
4.59276 -0.98255 -0.205053 -0.280566 -0.672642 -0.0507806 -0.232233 -0.0373852 0.148645 -0.323496 0.0195332 0.320841 -0.0129565 -0.87174 0.380772 -3.26568 -0.260288 -0.837212 -0.41889 -2.09749 1.0072 1.3275 -0.451356 0.108306 0.887604 1.73675 -6.0011 7.05062 1.66705 4.55429 1.0233 -2.95091 -1.55211 -0.887582 0.0192602 0.159772 -1.60826 -1.46554 1.10327 
4.6745 -0.904311 -0.310364 -0.176466 -0.645361 -0.143313 -0.287415 -0.1448 0.108068 -0.14774 0.0561788 0.267102 0.0310184 -1.14688 5.01786 -3.25204 1.78957 -0.769179 -2.60246 -1.63431 0.455461 1.07302 0.016214 -0.458606 0.242891 1.75255 -6.89876 6.78945 1.49311 3.33316 2.9781 -1.33575 1.63365 0.540206 -0.750959 0.169445 -3.12059 -1.61221 1.10098 
4.62278 -0.797952 -0.218467 -0.232198 -0.686023 -0.0615883 -0.321195 -0.2097 0.107676 -0.115801 0.059945 0.226546 0.0364936 -1.97672 7.80157 -2.52567 3.66273 -0.214722 -3.50976 -0.687265 -0.637471 0.437156 1.22787 -1.57485 -0.8665 1.91075 -3.28074 5.63288 -0.03641 2.33383 3.31399 -1.62423 3.85479 1.13388 -1.22545 1.06362 -3.12054 -1.74662 0.288829 
4.25581 -0.695298 -0.291364 -0.122925 -0.70051 -0.273004 -0.472578 -0.111868 0.154967 -0.298506 -0.0896143 0.265115 0.217544 -4.17033 8.50416 -1.29297 4.11069 1.24523 -3.30744 0.00379132 0.301397 -0.504507 2.24834 -2.20012 -2.92242 1.7518 1.13629 2.38948 0.744412 0.640483 2.41961 0.102824 4.13341 -0.164156 -2.37644 2.99003 -0.958737 -2.78913 -1.28185 
3.95461 -0.350515 -0.320705 0.089136 -0.46276 -0.273611 -0.39144 0.0208331 0.201015 -0.311475 -0.107712 0.248071 0.143715 -5.81685 8.03626 0.253875 3.57545 2.22753 -2.46874 0.658382 -0.113397 -1.91414 3.57547 -2.61117 -4.53737 1.4263 2.79674 -3.02007 2.24954 -1.7204 -0.137402 1.54369 1.57542 -0.985558 -2.58419 3.76164 0.586764 -3.65039 -1.43967 
4.39057 -0.00917711 -0.429785 0.113838 -0.541312 -0.379851 -0.111704 -0.159463 0.0609853 -0.0272131 -0.202948 0.142436 0.194059 -5.34723 6.76123 1.08392 1.66015 1.99689 -0.935392 0.654857 0.551062 -2.25478 3.6415 -2.32923 -4.6468 0.883559 -0.310909 -6.97322 3.59796 -4.06009 -0.77519 3.73798 -2.35711 -0.0673881 -1.69218 1.83171 1.97836 -2.47196 -1.31704 
4.3352 -0.00828074 -0.413623 0.174162 -0.517088 -0.482293 -0.131129 -0.18378 0.0570977 0.0614775 -0.286396 0.0175002 0.196766 -3.64592 5.46086 0.765931 -0.325991 2.20386 0.123781 0.872135 0.580035 -2.78077 3.90595 -0.917157 -4.12618 -0.36955 -0.776628 -6.10466 2.29255 -5.87394 -1.00001 4.67825 -3.24316 0.79817 -0.4712 -0.971462 3.03285 0.921255 -1.51398 
3.88317 -0.117113 -0.179655 0.146474 -0.360978 -0.330045 -0.271381 -0.0387504 -0.101633 0.0708665 -0.178518 -0.223375 0.16793 -1.6167 3.61331 1.35618 -2.38713 1.46971 1.5604 1.05228 0.289147 -3.22005 4.21215 0.461379 -3.51735 -1.4385 2.29683 -2.46385 -1.07737 -5.05685 -1.44576 2.50181 -1.27242 0.706905 1.01173 -2.61735 2.48645 4.59786 -1.40077 
3.84215 -0.130248 -0.107433 0.108721 -0.453314 -0.290852 -0.264916 -0.146333 -0.12383 0.249954 -0.255732 -0.31045 0.166669 -1.40017 1.59994 1.71876 -3.51569 0.024972 2.13418 0.46422 0.258516 -2.98808 2.29362 2.04216 -2.6147 -1.78629 3.83048 0.771473 -2.59131 -2.12299 -1.12847 0.352294 1.32536 0.558058 1.30019 -3.91746 2.963 5.12658 -1.66151 
4.01434 -0.0894309 -0.155284 -0.173074 -0.476855 -0.124522 -0.331587 -0.0399651 -0.117718 0.210393 -0.200248 -0.189963 0.165821 -2.44792 0.513175 2.04024 -3.32398 -0.907639 2.88424 0.353459 0.341243 -2.33313 -0.0494783 3.28623 -1.42731 -2.00255 2.49328 1.19502 -1.4231 2.20651 -2.15316 -1.6484 3.03074 -1.1883 0.722169 -3.5896 2.1943 2.40147 -0.671093 
4.07548 0.0297142 -0.298213 -0.294036 -0.352606 -0.145836 -0.232248 -0.0652136 -0.179925 0.173776 -0.0184667 -0.0929786 -0.022046 -1.37774 1.01324 1.80755 -3.09398 -2.46377 2.76278 1.72181 -0.340622 -1.82837 -1.40326 3.84569 -0.288874 -1.86622 -1.16553 -0.279878 1.34586 4.52216 -3.34728 -1.59435 2.32061 -1.65287 0.804763 -3.17761 0.574991 -0.609017 1.14521 
4.07236 -0.00652443 -0.182987 -0.272512 -0.463869 -0.154262 -0.185513 -0.0441571 -0.229756 0.22467 -0.0502198 -0.110249 0.00388313 0.206493 1.65708 1.20846 -2.65336 -4.10133 1.79464 2.99454 -1.07725 -0.641947 -2.11961 3.66822 0.788064 -1.65855 -2.46525 -0.533538 2.03648 3.21988 -3.17502 -0.65947 1.402 -1.61141 1.21485 -1.88937 -0.376991 -1.50306 1.61906 
3.94029 0.0215621 -0.139911 -0.186038 -0.56787 -0.128867 -0.154417 -0.059997 -0.205416 -0.0180143 0.159751 -0.169205 -0.0502919 0.322184 1.8026 1.13067 -2.24429 -4.87833 1.54719 3.48817 -1.06053 0.275322 -2.72683 3.43553 0.967993 -1.31381 0.231571 0.0724308 0.607397 -0.210979 -2.43177 -0.105126 0.776554 -1.04516 2.0055 0.99807 -2.30229 -0.113286 1.53157 
3.92185 0.00144953 -0.0756487 -0.136824 -0.703866 -0.048005 -0.0569739 -0.184566 -0.247326 -0.0378213 0.160535 -0.185294 0.00791622 0.588316 1.72228 0.798195 -1.80917 -5.14055 1.53726 3.55782 -1.32188 1.13531 -2.57442 2.26387 0.755777 -0.837203 3.02551 0.860092 -1.88643 -3.16679 -0.0501807 0.396834 -0.442904 0.80766 2.53145 1.80827 -2.60959 1.52862 0.434831 
3.89818 0.0594764 -0.0165761 -0.214619 -0.821831 -0.0766857 0.0467506 -0.201694 -0.221923 -0.0774075 0.175489 -0.17383 -0.000814078 1.85487 1.57291 -0.0930589 -2.4682 -4.59516 2.50547 2.89483 -1.36622 1.82116 -2.09332 0.779194 0.897893 -0.134355 4.3128 0.700668 -3.79288 -3.21905 2.75333 1.29988 -1.47106 1.19813 1.73665 1.84579 -2.48163 1.77913 -0.287734 
3.97281 0.111461 -0.0250762 -0.319485 -0.942601 -0.0845098 0.0867392 -0.195545 -0.117373 -0.0414595 0.190176 -0.112102 -0.0350827 3.92811 1.56393 -2.09557 -3.0615 -2.59726 3.53006 1.95309 -1.83067 2.13519 -1.02498 -0.174648 1.08062 0.0439965 4.16022 -0.38096 -4.12336 -1.10902 4.74816 2.43511 -2.40634 0.276831 0.0862419 1.47796 -2.26498 0.450224 0.220676 
4.08012 0.152858 -0.0900739 -0.416175 -1.02897 0.00479779 0.121748 -0.191437 -0.0298664 -0.051649 0.160667 -0.06766 -0.0227301 5.99194 1.09647 -3.47454 -2.98229 -0.578399 3.98555 0.450549 -1.49577 1.97163 0.331157 -1.53042 0.887428 0.337246 3.05939 -1.35103 -3.23183 1.63019 5.47866 2.2297 -3.13707 -0.673995 -1.41582 1.03304 -1.34745 -1.24752 0.554735 
4.21824 0.18031 -0.221629 -0.503131 -0.95186 0.0988958 0.105954 -0.16465 0.00149978 -0.11623 0.107236 -0.0179245 -0.0358529 7.04934 0.551784 -4.39687 -2.00168 1.41411 3.7569 -1.56714 -0.576487 2.0601 0.426593 -2.28595 0.456154 0.510589 1.59297 -1.93624 -1.08834 3.69673 4.08402 0.409865 -3.4919 -0.494554 -1.67209 1.13189 -1.06049 -2.23016 1.04238 
4.34713 0.189664 -0.330059 -0.577389 -0.845166 0.232959 0.0988505 -0.247935 -0.0183412 -0.0761517 0.0503713 -0.00681914 -0.0288638 6.96065 -0.219117 -4.33083 -0.248942 2.45355 3.06358 -2.77708 0.192467 1.56782 0.173068 -2.64845 0.163327 0.75812 -0.64311 -1.69657 1.40068 4.46606 1.21771 -2.64325 -2.95249 1.58376 -0.812139 -0.0678762 -0.457374 -1.72557 0.748568 
4.55557 0.145606 -0.472904 -0.510833 -0.72943 0.363063 0.012596 -0.373393 -0.00869155 0.0447922 0.0185075 -0.0721109 0.0261748 5.54377 -1.082 -3.48931 1.46565 3.50734 1.33902 -3.57889 0.926057 1.08381 0.143466 -2.71879 -0.606132 0.977411 -3.50419 -1.14781 3.32805 3.53862 -0.944233 -5.24306 -1.46393 3.48086 0.171035 -1.29076 0.100061 -0.528419 0.0605552 
4.67715 0.105255 -0.504726 -0.423808 -0.679315 0.358546 -0.12481 -0.276923 -0.0229931 0.0208797 -0.0330399 -0.139285 0.0345432 2.43474 -2.42507 -1.04473 3.99857 3.92959 -2.17912 -3.45652 1.17958 0.326035 0.135438 -2.60839 -0.668997 0.872154 -6.61581 -1.33482 4.80866 2.96635 -1.31557 -7.01156 1.08211 2.52634 0.0331249 -1.36622 0.54377 0.810549 -0.454507 
4.74182 0.0787876 -0.524844 -0.344376 -0.609764 0.283968 -0.277292 -0.169218 0.0612787 -0.0418886 -0.141148 -0.13237 0.0799501 -1.55636 -2.6921 1.63398 5.1378 3.3479 -4.29296 -3.73629 1.56931 -0.664629 1.03893 -1.9519 -1.65653 1.56366 -8.90661 -1.1018 5.4743 1.85685 -0.728173 -5.96571 2.22264 0.224207 -1.65129 0.5924 1.36948 0.119524 -0.0607197 
4.67874 0.0616798 -0.454312 -0.252444 -0.688509 0.169934 -0.227878 -0.0783939 0.0351529 -0.110338 -0.119096 -0.0684383 0.0582978 -5.12738 -2.62575 3.84944 5.31602 2.59791 -5.7 -3.6809 2.20452 -1.07989 1.28308 -1.72511 -1.87599 2.04827 -8.56401 -0.399084 4.76276 0.264574 0.0506361 -2.62632 1.2086 -1.68926 -2.42264 2.63287 1.07549 -1.18505 1.11401 
4.56549 -0.0187915 -0.42895 -0.193642 -0.533625 0.00246018 -0.298226 -0.0392825 0.0760878 -0.0230045 -0.134654 -0.172712 0.0747459 -8.29799 -2.23525 4.95533 4.85493 2.28082 -6.70203 -2.9297 2.25755 -1.0743 1.46701 -1.51757 -1.81619 1.96233 -5.76613 1.01091 2.39015 -1.29249 -0.399327 1.10455 0.116506 -1.86009 -1.68221 2.62788 0.499162 -1.40873 1.49014 
4.216 -0.223385 -0.120653 0.147265 -0.468498 -0.416369 -0.203413 -0.126382 -0.0485384 -0.0489454 -0.185365 -0.0729443 0.0553348 -9.93508 -2.25131 4.56323 3.60847 2.55184 -5.86609 -1.77194 0.834041 -1.40964 1.35171 -0.794491 -0.998728 1.45525 -0.917941 2.06559 -2.06435 -3.96037 -0.377292 4.79785 -0.321789 -1.02491 0.288121 0.509396 0.36887 -0.260194 0.312073 
3.92214 -0.0898366 -0.00476899 0.0363927 -0.49299 -0.259894 -0.420244 -0.0801736 -0.198936 0.1898 -0.105841 -0.349873 0.261688 -4.70028 -3.28561 1.96999 1.21186 2.25085 -3.41868 0.395474 0.471615 -1.35831 0.146083 0.172514 0.165759 0.465049 8.68674 -0.323655 -6.72678 -4.90168 -0.113593 5.3654 2.84356 -0.403529 2.32106 -3.77593 0.585118 3.47709 -2.6428 
3.81501 -0.101476 0.0651913 0.0179789 -0.497463 -0.266989 -0.45221 -0.0244729 -0.136561 0.166055 -0.213105 -0.290579 0.297475 0.96538 -4.34933 0.415803 -1.62091 2.26672 -1.11035 1.03694 0.441796 -0.799575 -0.854412 0.643547 0.996799 -0.151605 16.1469 -3.1565 -7.6183 -5.5264 0.0187102 4.83539 4.68295 -0.00908609 2.11707 -5.38433 1.86419 4.65324 -4.01077 
3.6532 -0.10258 -0.00496158 0.0812491 -0.409005 -0.424786 -0.40892 -0.0308678 -0.0410596 0.171471 -0.226922 -0.302809 0.22943 5.274 -5.28314 -0.378529 -3.93108 1.18478 1.60747 1.26715 0.103786 -0.178525 -1.80042 1.24591 2.22695 -1.00155 17.1767 -4.95556 -3.94119 -5.21851 -0.708929 4.40041 3.11814 0.009215 1.04549 -3.94414 2.10953 3.67068 -2.98649 
3.60254 -0.222209 -0.119627 -0.0336303 -0.297606 -0.29236 -0.326403 -0.188913 -0.144038 0.00739032 -0.127531 -0.105777 0.119923 9.22317 -5.76822 -1.57894 -5.72076 0.391868 2.82079 0.594527 -0.256847 1.2337 -1.9323 2.0289 2.86012 -1.76098 10.024 -3.49529 1.70473 -2.60901 -2.22645 1.45731 -1.03651 -0.0735045 0.943288 0.202179 1.34831 0.695586 -0.582615 
4.93029 -0.518283 -0.541817 -0.310647 -0.395298 -0.0477039 0.0130171 0.00189067 -0.0633254 -0.244652 -0.038624 0.0565306 0.0121166 11.4089 -6.65655 -1.67239 -5.47001 -0.403973 1.43429 0.705923 -0.565467 1.70996 -2.7252 2.20663 3.74627 -2.06802 -4.67255 0.701579 5.79428 0.843366 -2.61014 -2.17413 -5.6316 -1.08924 0.494084 3.89351 0.196128 -2.29491 2.08763 
5.02045 -0.648438 -0.266176 -0.490686 -0.332017 -0.0908122 -0.143411 0.0201142 -0.0519003 -0.181291 -0.0288788 0.0134797 0.0431392 10.9974 -6.59232 -1.02534 -5.21642 -0.83815 1.3952 0.56932 -0.46634 1.24116 -2.07111 2.55362 2.57014 -1.59041 -11.1618 3.09866 3.85089 3.79417 -1.94774 -4.00257 -4.07629 -0.951615 0.225155 3.47831 -0.769162 -2.84182 2.39041 
4.8297 -0.776381 -0.0997116 -0.511529 -0.438601 0.0604086 -0.274522 -0.12313 -0.0319579 -0.116958 0.0044567 0.0698048 0.00267911 9.00416 -5.89367 0.11086 -4.33671 -1.13497 1.1374 -0.546491 -0.45323 0.887711 -1.01532 2.09644 1.34964 -0.526085 -9.80069 3.67549 0.150386 4.30485 0.288796 -3.94158 -0.602974 0.148045 -0.683026 1.54512 -1.17828 -2.93851 2.02593 
4.91914 -0.773126 -0.144284 -0.519677 -0.497473 -0.133757 -0.423956 -0.188859 0.0978896 -0.0242485 0.0999487 0.0854638 -0.00915592 5.04273 -4.33376 0.989938 -2.96828 -1.36591 -0.00552228 -0.490385 0.712662 1.02394 -0.473621 1.08439 -0.065969 0.357726 -5.27426 2.38483 -1.91078 2.46797 1.67792 -0.334715 3.359 1.97004 -1.7366 -1.23828 -1.68019 -1.99065 1.12986 
5.00355 -0.80678 -0.181747 -0.517216 -0.570575 -0.29423 -0.377901 -0.104376 0.0251308 -0.157388 0.0706753 0.0885417 0.107227 -0.0192871 -2.47984 1.31348 -1.79892 -1.01127 -0.810461 -1.17501 0.219516 0.810006 0.180491 0.641839 -0.282342 0.965865 -0.346996 1.3155 -2.18221 0.109077 1.68251 2.31844 3.47555 2.15732 -0.641297 -1.33811 -1.30454 -0.438591 0.0288392 
4.91846 -0.881423 -0.156752 -0.544034 -0.475063 -0.122435 -0.212483 -0.0546983 -0.00471876 -0.121184 0.0775919 -0.0404957 0.0584222 -0.0258141 -1.39894 0.17677 -0.810615 -0.252186 -0.275689 -0.339994 0.719078 0.633198 -0.24504 0.273562 -0.735428 0.701789 0.074955 1.45094 -0.213664 -0.411963 1.12705 1.78984 0.192369 0.831419 0.345329 -0.434087 -0.821345 0.622465 -0.379244 
4.906 -0.906166 -0.159911 -0.509593 -0.430651 -0.13388 -0.365388 -0.139459 -0.00529688 -0.0688215 0.0564903 -0.04836 0.109552 0.567282 -0.467517 0.0150199 -0.946352 0.474007 -0.123708 0.399974 0.939206 0.107015 -0.584002 -0.445979 -0.94762 0.549133 0.33934 1.6646 0.829108 -0.367167 0.209338 0.939399 -1.12424 -0.717681 0.4931 0.213111 -0.349748 0.976297 -1.03372 
4.88897 -0.890644 -0.192775 -0.598396 -0.508053 -0.124637 -0.104815 0.127983 0.0305618 -0.262834 0.00244187 -0.0212976 0.102499 -0.489494 -0.223736 0.124869 -0.650857 1.05041 1.06543 0.300878 0.410931 -0.295773 -0.444622 -0.636044 -0.531266 0.302601 0.144329 1.29038 0.821273 0.712492 0.573863 -0.175501 -2.56489 -2.70294 -0.160558 1.3932 0.226408 0.568865 -0.891011 
4.98609 -0.86462 -0.235281 -0.674472 -0.525666 -0.130637 -0.317117 -0.0495076 0.089651 -0.138207 0.0779178 0.1026 0.138732 -1.28666 0.566947 0.200185 -0.427359 0.648455 1.01264 -0.0312219 0.681434 -0.0273169 0.0992932 -0.0637643 -0.321443 -0.340175 -1.50516 0.733055 0.511252 1.40139 0.113888 -0.54771 -0.43668 -0.856703 -1.13061 0.648264 0.330979 -0.392148 -0.708625 
4.93617 -0.848387 -0.10152 -0.533679 -0.359455 -0.0610979 -0.359162 -0.00498357 0.0564634 -0.129463 0.0367156 -0.107368 0.0601384 -3.28624 1.84586 -0.326582 0.246053 0.216935 0.0978529 -0.907997 1.11226 -0.0920389 -0.149603 0.288687 0.27096 -0.210699 -4.18084 0.997595 -1.07121 1.10115 -0.915109 -0.751354 0.572139 1.05579 -0.819234 0.0972192 1.0142 0.403447 -0.0543641 
4.97485 -0.805588 -0.0922567 -0.645397 -0.43782 -0.106259 -0.280433 -0.0993401 -0.0152147 -0.158225 -0.044447 -0.0343054 0.0612203 -4.44623 4.49035 -0.324942 2.27163 -0.645773 -0.63061 -1.03329 1.02492 -0.000784526 0.278759 0.137555 0.160889 0.0176582 -4.97398 3.46931 -1.59626 2.88617 -1.84749 -1.5355 -0.107942 2.36816 0.409613 -0.0466801 0.950255 0.456409 0.828567 
4.78941 -0.856858 -0.188958 -0.550213 -0.368487 -0.0398564 -0.360565 -0.137249 -0.000122607 -0.11329 0.0423608 0.0404785 0.0928466 -2.87721 6.28119 -0.882251 4.77836 -1.64181 -0.914671 -2.4764 0.5254 0.199681 0.71275 -0.212982 -0.0584521 0.183745 -0.399879 5.75862 -1.31062 4.32896 -3.0517 -1.76013 -0.923194 2.02685 1.29129 -0.38531 -0.568024 0.0249527 0.968653 
4.73245 -0.74432 -0.164187 -0.567698 -0.521959 -0.132699 -0.253535 0.141078 0.0133379 -0.127126 0.123058 -0.0380595 0.0311213 -1.2658 7.2442 -1.60818 6.16598 -2.73531 -1.24405 -2.21088 1.3929 0.538388 0.268069 -0.811313 -0.0343032 0.359089 5.58163 4.86841 -1.05011 4.96889 -2.35476 -0.766014 -2.65563 -1.1007 1.51958 0.265149 -2.02071 0.0675476 0.988333 
4.27965 -0.572993 -0.272855 -0.470302 -0.444093 -0.147342 -0.404668 0.158037 -0.000145949 -0.184624 0.11047 0.0228572 0.0887747 0.440992 7.62001 -2.44533 6.51647 -3.42278 -1.81275 -2.06542 1.36564 0.906179 0.547422 -1.09726 0.464273 0.793596 10.106 0.970057 -0.321285 2.90452 -1.27588 0.0629933 -0.987815 -1.88852 0.883444 0.639314 -2.41448 -0.553509 0.164544 
4.41494 -0.0798488 -0.194775 -0.0870084 -0.63966 -0.278783 -0.430261 0.032005 0.0698409 -0.0673736 -0.0141231 -0.00788544 0.169888 1.94745 7.06327 -2.07793 6.63776 -3.20431 -1.9232 -1.88257 1.5106 1.18169 0.868549 -1.44246 0.172315 0.603865 7.48656 -4.76121 -0.187622 -2.31372 0.780039 0.663145 1.33624 -0.904275 -0.221435 0.309862 -1.05779 0.136888 -0.692889 
4.98689 -0.0619396 -0.340068 0.104484 -0.769656 -0.192463 -0.623029 0.0565839 0.116506 -0.117966 -0.0605261 -0.0172203 0.118274 3.1856 6.23974 -1.55111 5.74032 -3.41981 -1.76019 -1.03457 0.788592 1.4344 0.790084 -1.65737 0.00527105 0.248574 -0.831156 -6.34976 0.975718 -5.31658 2.14033 0.444115 3.56667 -0.0481959 -0.511546 0.382057 0.929496 0.276011 -0.927729 
5.03899 -0.077243 -0.386182 0.0892299 -0.782021 -0.22999 -0.585997 0.113049 0.136694 -0.107404 -0.0841684 0.0176092 0.131586 2.65981 4.51018 -0.974684 4.64671 -3.11397 -1.18789 -0.110063 -0.643081 1.69149 0.927744 -1.33615 0.00774064 0.160986 -6.62562 -4.40458 2.11953 -5.10598 1.33653 0.362091 3.8677 -0.213875 -0.093967 0.0242091 2.10385 -0.266428 -0.952842 
4.97895 -0.0532194 -0.409207 0.0969477 -0.726989 -0.308662 -0.47093 0.107486 0.0966365 -0.0433232 -0.122069 -0.00892968 0.158357 1.33011 1.59531 0.725209 1.99969 -2.00549 -0.984555 0.982184 -0.792045 1.26366 1.27902 -1.4677 0.0720092 -0.418507 -8.65228 -2.42096 3.07326 -3.56246 1.00002 0.691244 1.65759 -1.30632 0.180444 -0.144357 1.31125 0.0023197 -0.639236 
4.98948 -0.1038 -0.318751 0.0565113 -0.758598 -0.325528 -0.44748 0.134135 0.116797 -0.0200878 -0.135378 0.0280145 0.105446 -1.99573 -0.923868 1.22574 0.0197096 -0.0179833 -0.391003 1.14013 -0.924076 1.08882 0.452386 -1.41031 0.562458 -0.705113 -6.08255 -1.06592 2.49606 -1.18115 1.49401 0.818743 -0.60504 -1.94452 0.212315 -0.529624 -0.486992 0.262924 -0.0658915 
4.88738 -0.0378503 -0.344785 0.0890253 -0.868923 -0.266819 -0.401684 0.07012 0.215779 -0.0566896 -0.0443738 0.00176051 0.0740308 -4.288 -0.729463 1.62362 -0.514281 0.355597 -0.238606 1.46487 -0.87775 1.13234 0.0277967 -0.920292 0.593458 -0.68163 -1.2998 -1.18121 0.614979 -0.183398 2.25589 0.836339 -2.19076 -0.383102 -0.366118 -1.17987 -1.44569 0.705334 0.0897751 
4.65632 -0.008337 -0.274638 0.10461 -0.933025 -0.287641 -0.312704 -0.0175458 0.255755 -0.033444 -0.0188338 -0.0403244 0.104626 -3.35607 -0.623962 1.14499 -0.183496 -0.00282508 0.381459 0.852196 -0.119685 0.846353 -0.852491 -0.0969031 0.675668 -0.873559 3.22964 -0.412847 -1.85387 0.57226 1.52384 0.736363 -2.12282 2.12379 -0.869013 -1.88655 -0.301663 0.914978 -0.00156127 
4.49328 -0.233206 -0.0461548 -0.0981826 -0.681664 -0.325775 -0.392592 -0.014851 0.131671 0.0572159 -0.248195 0.0530971 0.0617514 -1.93577 -0.74107 0.502164 -0.0767526 -0.273241 0.866319 0.568757 0.876112 0.470233 -1.76875 0.477969 0.830003 -0.826409 6.22891 1.41109 -3.90742 1.72707 -1.4544 0.750215 -0.301602 3.59819 -0.673475 -2.37243 2.46636 0.0576434 0.0951818 
4.50045 -0.220662 -0.180652 0.0642098 -0.599164 -0.258185 -0.472016 -0.0707989 0.241355 -0.119302 -0.278041 0.106285 0.0705638 -1.17209 -0.663721 -0.52834 0.789092 -0.225872 0.831423 0.759004 1.85438 -0.663371 -2.32881 0.86932 0.846054 -0.705174 5.22409 1.42595 -2.94982 1.39119 -3.13911 0.223578 1.49358 3.78027 -1.63646 -1.2679 3.48452 -0.512911 -0.112332 
4.64492 -0.0706141 -0.280865 0.0802196 -0.796955 -0.231883 -0.415161 0.0741211 0.268838 -0.149024 -0.111268 0.0507085 0.0421416 -0.292349 -0.850998 -0.96558 1.2819 -0.0753354 0.354252 1.31286 2.50593 -1.67352 -2.54731 1.31382 0.899956 -0.73999 0.814259 0.0182887 -0.787108 1.11567 -1.55604 -0.646791 2.36677 1.25183 -2.20093 -0.1457 2.02024 -0.467049 -0.00548885 
4.79353 -0.112918 -0.339897 0.0988546 -0.856784 -0.211142 -0.40478 0.231861 0.177879 -0.220121 0.00579168 0.089828 0.0208695 -0.381601 -0.460932 -1.16806 1.62609 -0.458977 -0.0339119 1.89474 2.88327 -2.4534 -2.33886 2.38686 0.630687 -1.06224 -4.12307 -0.700937 1.67131 0.428004 0.707678 -1.63863 2.2046 -1.5027 -2.09058 1.41616 0.0545033 -0.514672 -0.12667 
4.80216 -0.162186 -0.323263 0.0605049 -0.841109 -0.202704 -0.314199 0.264532 0.145454 -0.267853 -0.0102053 0.0910844 0.0396477 -2.16437 0.226648 -0.649804 1.78756 -1.14608 -0.467252 2.72353 2.25939 -2.67263 -1.68776 3.41919 0.00326674 -0.993274 -6.66662 -0.571749 3.09239 -0.412351 2.0148 -1.82245 0.769416 -2.96065 -1.25053 2.40263 -0.715294 -0.426275 -0.40811 
4.65386 -0.164836 -0.37567 0.233452 -0.845224 -0.227481 -0.271662 0.304973 0.00834449 -0.299018 0.00978154 0.108056 0.00172076 -5.0519 0.231847 0.996455 0.524376 -0.195984 -0.956377 3.2161 0.953102 -3.10437 -0.340849 2.9756 -0.548388 -1.51853 -6.30348 0.754542 3.06985 -1.78432 1.90167 -0.915893 -0.203736 -3.52794 0.772378 2.36727 -0.429753 -0.950082 -0.657921 
4.58843 -0.195671 -0.33204 0.224863 -0.80948 -0.296672 -0.160257 0.239356 -0.00806513 -0.306597 0.0726656 0.100585 -0.0103124 -7.68273 -0.0757177 2.02237 -0.468597 1.7935 -1.21557 2.78866 -0.856351 -3.27123 0.64403 1.36766 -0.607656 -1.55941 -4.48457 1.39264 2.12788 -2.93968 1.74486 0.214945 -1.13432 -2.66342 1.15796 2.22152 -1.14166 -1.0587 -0.633391 
4.37354 -0.156741 -0.244131 0.189157 -0.817839 -0.340593 -0.138688 0.277128 -0.105442 -0.225734 0.16806 0.0707521 -0.0718407 -10.2753 0.362538 2.5281 -1.52757 3.25136 -1.17663 2.42544 -2.54739 -2.94319 1.61109 0.187436 -0.823767 -1.03688 -2.49638 0.674706 0.490141 -3.02066 2.74348 1.02358 -1.39468 -2.39172 0.955285 1.26201 -2.7574 -0.370645 0.454996 
4.11053 -0.148976 -0.126465 0.149026 -0.800805 -0.344303 -0.122436 0.188155 -0.0955534 -0.186389 0.179063 0.0510685 -0.0487496 -11.2293 0.750341 2.73144 -2.8061 4.03433 -0.885223 1.62449 -3.09033 -2.06445 2.74578 -0.382447 -1.0015 -0.187157 -0.547979 0.0623557 -1.00084 -2.42067 2.92098 1.11764 -1.29936 -1.28856 0.789922 0.991351 -3.23798 0.189022 1.84994 
3.90169 -0.0736456 -0.0930263 0.0574582 -0.672653 -0.324747 -0.0590658 0.065612 -0.0814044 -0.163999 0.146259 -0.0239187 -0.182056 -10.6935 0.800667 2.40857 -3.83835 4.56944 -0.279968 1.09883 -3.34704 -0.927923 3.10469 -1.25246 -0.955414 0.988783 1.31233 -0.504875 -1.83541 -0.779128 1.39591 0.85142 -1.15846 0.276877 1.02172 0.68993 -2.09332 0.797314 3.44229 
3.80901 -0.127626 -0.0917105 -0.0390693 -0.513678 -0.351495 -0.106406 0.0298703 -0.205557 -0.0891616 -0.00890648 0.0134384 -0.132928 -9.66765 0.46052 1.59006 -3.19457 4.67018 0.282568 0.484818 -3.3342 -0.664448 3.10417 -2.19704 -0.935878 2.05456 2.87712 -0.637437 -1.6606 1.12938 -0.847501 0.687522 -0.513761 1.03244 1.72095 0.0878159 -0.0974633 0.377541 3.31048 
3.46513 -0.105472 -0.0742529 -0.101402 -0.377972 -0.333165 -0.0700168 -0.096509 -0.227914 -0.0489295 -0.0431615 0.0204874 -0.00742006 -8.15947 -0.0605294 0.961828 -2.47691 4.57696 0.872441 0.238106 -3.3444 -0.341312 2.78498 -2.51048 -0.822328 2.38737 4.21787 -0.846524 -1.01791 2.64666 -2.40752 0.756689 -0.371237 1.43709 1.20192 -0.565556 1.02251 -0.134793 1.00618 
3.39406 -0.0739198 -0.0244081 -0.224989 -0.367163 -0.321297 -0.106141 -0.0493153 -0.100729 0.106874 -0.0198736 -0.0263733 0.0885758 -6.33132 -0.588426 0.157538 -1.63629 4.36946 1.22414 -0.26939 -2.41686 -0.0477607 2.08622 -2.60421 -0.374492 2.73457 3.80668 -1.19433 -0.7623 3.33361 -1.80659 0.839219 -0.333083 0.824337 0.0114426 -1.98848 0.601283 0.107254 -1.12505 
3.40584 -0.0869549 -0.0978794 -0.196444 -0.326316 -0.280921 -0.0758847 -0.0888941 -0.0654021 0.0543428 -0.0813255 -0.00103875 0.163585 -4.80886 -1.45965 -0.150905 -0.521582 3.23274 1.21677 -0.146969 -1.36889 -0.322918 1.11646 -2.48016 -0.150854 2.873 2.41188 -1.39864 -0.288536 2.28287 -0.888453 0.352368 -0.114881 0.991771 -1.24251 -2.34238 -0.0232797 0.243393 -2.40202 
3.36467 -0.162452 -0.0999354 -0.0578565 -0.301069 -0.280183 -0.0915647 -0.160412 -0.164992 0.083989 -0.142732 -0.0519221 0.214436 -3.89762 -2.18083 -0.530002 -0.345821 2.09075 0.860595 -0.27513 -0.566274 0.1217 0.487028 -1.32487 -0.0159299 1.89989 0.897968 -1.54321 -0.365512 -0.323396 -0.569104 -0.647752 -0.192312 1.7637 -0.862834 -1.8549 0.368112 0.929911 -2.09319 
3.24473 -0.168538 -0.0379706 -0.101478 -0.258197 -0.200035 -0.0939719 -0.200496 -0.172899 0.109547 -0.101681 -0.0590739 0.0994155 0.474066 -2.42743 -2.1374 -0.886896 1.59055 0.140224 -1.54685 0.781764 0.485832 -0.968295 -0.159643 0.516759 0.498324 3.23092 -0.915913 -1.97999 -2.3089 -0.821498 -1.95542 -1.1367 2.52451 0.607018 -1.79002 1.79311 1.18341 -1.17453 
3.25741 -0.21213 -0.118354 -0.107689 -0.138501 -0.180518 -0.169558 -0.123242 -0.0997825 0.017613 -0.209581 0.0218738 0.207355 2.44338 -2.28951 -3.22175 -1.06016 1.73063 -0.432975 -2.22955 2.00407 0.702173 -2.2159 0.813759 1.02696 -0.661233 5.85412 0.356779 -2.88119 -2.84338 -1.05307 -2.33024 -1.95881 2.90021 1.84753 -1.28603 3.51576 0.786982 -1.60301 
3.23072 -0.321514 -0.11003 -0.0632173 -0.222261 -0.22563 -0.0401107 -0.0820082 -0.252906 -0.0384809 -0.263299 -0.0217909 0.196098 1.50645 -2.24063 -3.52441 -1.93003 1.08966 -0.322783 -1.67023 2.3703 1.40432 -1.98969 1.38599 1.91674 -1.37419 4.21864 1.3988 -2.82982 -1.98551 -0.492561 -0.784122 -1.45851 1.55533 2.72643 -0.60781 3.08194 1.36904 -1.62781 
3.11901 -0.421301 -0.165383 -0.236554 -0.239134 -0.307608 -0.161388 -0.0577096 -0.129986 0.0555883 -0.0750772 0.0315498 0.146059 0.517956 -1.84959 -3.52442 -2.89085 0.0648594 -0.34282 -1.34102 1.67902 2.18996 -1.60212 1.6958 2.53346 -1.61475 -1.04779 1.71176 -0.469045 -0.0534899 -0.800718 1.18352 0.83858 -1.20703 1.48212 0.529366 0.325252 1.20384 -0.931646 
3.9043 -0.322096 -0.492191 -0.368607 -0.169024 -0.360937 -0.413682 0.0924923 -0.00706276 -0.189533 0.0660299 0.0981619 0.0595625 -0.665333 -1.76816 -3.82247 -2.46988 -0.33578 -0.87275 -1.5607 0.624275 2.45933 -1.5729 1.10244 2.73375 -1.00381 -9.47839 0.447336 2.6106 1.48756 -1.28056 1.81366 2.84793 -4.20511 -0.0710222 2.16403 -2.78977 0.724621 0.745082 
3.75739 -0.302273 -0.483374 -0.281123 -0.0924244 -0.349417 -0.388734 0.234689 0.0335589 -0.212987 0.0796267 0.104908 0.0113022 -2.33464 -1.38465 -3.12726 -2.17563 -1.00125 -0.556912 -1.34409 -0.671203 2.75299 -0.75782 0.71913 2.5549 -0.988368 -9.6237 -0.601617 3.08706 1.56906 -1.68167 0.940483 2.07557 -5.26707 -0.795536 2.23496 -4.05544 -0.04525 2.26278 
3.19273 -0.413176 -0.452536 -0.34572 -0.229813 -0.197468 -0.112753 0.0444784 0.0613983 -0.0803023 -0.0190785 0.279488 0.00763889 -3.85018 -0.851292 -2.34896 -1.87523 -0.714522 0.0980972 -1.32986 -1.54907 2.4645 -0.113321 0.0390075 2.11654 -0.449221 -3.28331 -0.309823 2.13381 1.28644 -0.485814 -0.583615 -0.634234 -2.75629 -1.513 1.04867 -2.40228 -1.93506 2.12373 
3.11478 -0.396154 -0.392065 -0.434324 -0.342489 -0.249538 -0.209754 -0.14698 0.0786435 -0.0210921 -0.00766955 0.256017 0.0117409 -4.93033 -0.309246 -0.84606 -0.908843 -0.288435 1.00702 -0.221432 -2.28364 0.850421 -0.564074 -1.49253 1.12882 0.604043 2.63392 0.664721 0.913163 0.706911 1.6351 -0.0503598 -1.34614 0.771936 -1.80425 -0.77155 -0.514577 -2.49652 1.46251 
3.04478 -0.456485 -0.537553 -0.321579 -0.222052 -0.370087 -0.360842 -0.162968 0.110075 -0.166595 -0.138292 0.279777 0.123092 -6.56582 -0.350329 0.483448 -0.657823 -0.129383 1.281 0.563536 -2.21123 -0.12807 -0.122779 -1.99623 0.318613 1.34263 5.8564 1.79092 0.821149 -0.237084 2.15224 1.31588 0.0849696 3.21932 -2.17874 -1.53511 1.00371 -2.31291 0.292522 
2.99322 -0.446867 -0.476098 -0.364662 -0.322096 -0.281306 -0.31608 -0.173685 0.194798 -0.0647239 -0.135982 0.276857 0.0951577 -3.92481 -0.0483032 0.479916 -0.715569 0.280436 0.811174 -0.469658 -1.29183 -0.521754 -0.614261 -1.64401 -0.399758 1.53916 3.94439 1.38808 0.922831 -0.0139389 2.01563 0.980413 0.900743 3.62349 -2.05945 -1.56466 1.06852 -1.39586 -0.0673447 
2.95294 -0.424498 -0.464379 -0.421158 -0.24964 -0.241228 -0.327721 -0.159146 0.0497901 -0.0360196 -0.0838846 0.19478 0.0900942 -1.32093 0.588998 0.803605 -0.0692059 1.15947 0.148911 -1.27045 0.128461 -0.802494 -1.21842 -1.21168 -1.4015 1.29759 1.60399 0.396153 0.810132 0.447653 0.403714 -0.434003 0.621287 2.0272 -0.223165 -0.679319 0.421069 -0.112636 -0.40979 
3.01903 -0.338687 -0.38014 -0.388617 -0.137886 -0.136535 -0.255522 -0.183842 -0.0528096 -0.253123 -0.198168 0.155245 0.203379 -0.739861 0.730883 1.14279 0.414278 1.65614 0.590052 -0.284741 1.11245 -0.460093 -0.438622 -0.909479 -1.92251 0.537119 0.540236 -0.451257 0.209929 0.965516 -0.642611 -1.93527 -0.674269 0.702387 1.87665 1.67882 0.638065 -0.173672 -1.4923 
2.9669 -0.364029 -0.421825 -0.432138 -0.162459 -0.170527 -0.238642 -0.0379274 0.00246176 -0.201358 -0.160201 0.177207 0.189081 -0.199992 1.08784 2.08758 0.658926 1.70961 0.949766 0.114311 1.03564 -0.371939 0.0297952 -0.724341 -2.5144 -0.187262 0.164468 -0.365551 0.479707 1.75038 -0.128345 -1.21081 -0.722209 -0.937301 2.13102 2.0562 -0.0956402 -0.860533 -1.7194 
3.01639 -0.38794 -0.410684 -0.39316 -0.168236 -0.255545 -0.397129 -0.00898825 0.0281207 -0.192388 -0.143888 0.153315 0.172442 0.10101 1.03789 2.11546 1.27735 2.04009 0.602304 -0.131157 0.817136 -0.110723 -0.11041 -0.947818 -2.65511 -0.421827 -0.10216 0.224145 0.996168 1.19835 0.270888 0.825483 0.735263 -1.64647 1.20947 1.7146 -0.412651 -1.17684 -1.45141 
2.96877 -0.345361 -0.319524 -0.332626 -0.146486 -0.291707 -0.366074 -0.0868809 0.0143754 -0.191955 -0.193334 0.0878266 0.15146 0.185386 0.870469 2.11566 1.60314 1.66563 0.473771 -0.192978 0.467306 0.621444 0.23213 -1.04587 -2.45429 -0.751649 0.247192 0.335803 0.46763 0.25026 0.604773 1.71715 0.826611 -1.11784 -0.223463 0.0975538 -0.366092 -0.543518 -0.378703 
2.97174 -0.341357 -0.313234 -0.305475 -0.0838548 -0.191365 -0.258761 -0.038585 0.130566 -0.00656069 -0.170725 -0.0144826 0.0613554 0.0579252 0.658938 1.90095 1.52616 1.34867 0.409431 -0.30841 0.101714 0.760629 0.793452 -0.767259 -2.31064 -1.09031 0.385777 0.141641 -0.221095 -0.512763 -0.0317288 0.871139 0.0747464 -0.588838 -1.22273 -1.87681 -0.357593 0.894848 0.916285 
3.00363 -0.290914 -0.202598 -0.244367 -0.0173209 -0.145109 -0.320675 -0.0852292 0.0627393 -0.139985 -0.252164 -0.0763587 0.0786793 0.210235 0.742876 1.84565 1.43509 1.35816 0.772435 -0.0698909 -0.461271 0.373867 0.373221 -0.891782 -2.09353 -0.851132 -0.0031662 -0.533239 -1.38363 -1.19008 -1.04724 -0.504992 -0.270736 0.305943 -0.699254 -1.04077 0.534033 1.84964 0.958733 
