2.3956 -0.564703 -0.222162 -0.220885 -0.174359 -0.17409 -0.150994 -0.152091 -0.107258 -0.0486056 -0.00900278 0.0219809 0.0494263 -0.142634 -0.128703 0.0811017 -0.36783 -0.0707179 0.0325101 0.327011 0.350321 0.394133 -0.3052 -0.47519 -0.326798 -0.272305 -0.276307 -0.198214 -0.0315753 -0.380913 -0.170343 -0.0399019 0.201042 0.366356 0.425675 -0.329614 -0.461553 -0.301009 -0.130526 
2.40821 -0.559094 -0.209749 -0.234336 -0.165113 -0.166359 -0.124044 -0.140222 -0.102035 -0.0403515 -0.0183565 0.00964764 0.0265028 -0.238655 -0.135672 0.026302 -0.47792 -0.248635 0.0465827 0.372233 0.456367 0.503778 -0.33175 -0.415538 -0.241707 -0.250593 -0.59547 -0.305607 -0.346865 -0.445357 -0.534966 -0.101359 -0.0114522 0.204097 0.360317 -0.238286 0.141479 0.0530639 0.127229 
2.43911 -0.543624 -0.173226 -0.199652 -0.137486 -0.155345 -0.127017 -0.140191 -0.0951793 -0.0877599 -0.0809972 -0.00384947 0.013776 -0.300495 -0.196498 -0.0476179 -0.553864 -0.425759 -0.108459 0.215665 0.470626 0.412983 -0.467242 -0.417852 -0.280215 -0.107426 -0.624517 -0.300742 -0.560083 -0.429515 -0.757162 -0.243719 -0.265363 -0.0760158 -0.0521289 0.0226371 0.825289 0.334495 0.37757 
2.36849 -0.585088 -0.223839 -0.279989 -0.190883 -0.189102 -0.118236 -0.0648103 -0.0375248 -0.0709035 -0.114128 -0.0397262 0.0409372 -0.252542 -0.261462 -0.0926833 -0.543167 -0.509517 -0.19491 0.141507 0.471735 0.482944 -0.32851 -0.191365 -0.195701 -0.19008 0.128838 0.0248134 -0.160142 0.213255 -0.307685 -0.158416 -0.409434 -0.475731 -0.464783 0.21216 1.03238 0.525928 0.148903 
2.35536 -0.593532 -0.228199 -0.275768 -0.200393 -0.166009 -0.112537 -0.138889 -0.0683687 -0.0906686 -0.0106204 0.00256026 0.0112729 -0.268791 -0.251059 -0.268539 -0.513914 -0.44403 -0.118213 0.0814721 0.527164 0.405389 -0.232042 0.0641733 -0.145273 -0.287651 0.589003 0.231054 0.0379517 0.459041 0.268939 -0.0764554 -0.328943 -0.0268218 -0.368299 0.400293 0.31811 0.13334 -0.0990727 
2.36879 -0.572077 -0.222453 -0.274959 -0.217948 -0.165686 -0.109153 -0.0945165 -0.0483658 -0.0790585 -0.0411126 0.0134307 0.0285501 -0.287373 -0.211203 -0.329845 -0.312672 -0.279989 0.0693581 -0.044922 0.294929 0.200129 -0.119641 0.156704 0.067702 -0.195357 0.533471 0.205199 0.121224 0.543308 0.814133 0.303107 -0.0970066 -0.0973572 -0.30694 0.34881 -0.129189 -0.0590268 -0.368395 
2.37063 -0.587384 -0.227306 -0.279941 -0.228647 -0.205863 -0.14914 -0.10307 -0.0837527 -0.113907 -0.0646317 -0.0196064 0.0536951 -0.159682 -0.000631392 -0.110491 -0.0748624 -0.0510815 0.00627756 -0.269565 0.0400172 0.0639772 0.183213 0.351638 0.137254 -0.226378 0.221118 0.337577 0.320254 0.558059 0.96643 0.511619 -0.000278547 -0.217493 -0.0135797 0.394689 -0.293543 0.0199391 -0.379367 
2.39184 -0.594089 -0.221379 -0.273044 -0.218878 -0.196659 -0.128074 -0.0941017 -0.0376877 -0.0616764 -0.0213386 0.000752277 -0.0016931 0.194026 0.198666 0.194788 0.436782 0.433944 0.2228 -0.117669 0.0132038 0.0297969 0.297526 0.262519 0.113423 -0.277265 -0.154479 0.294937 0.356323 0.436886 0.693571 0.381143 0.0911173 -0.192291 0.0383429 0.224363 -0.330555 -0.0507286 0.150209 
2.37485 -0.582594 -0.253881 -0.281445 -0.192696 -0.161514 -0.118813 -0.0660244 -0.0571739 -0.0755101 -0.0171596 -0.0130767 -0.0182023 9.03308 0.295421 -0.964404 0.123269 0.0243658 0.16635 0.254871 0.557372 0.570024 0.807423 -0.406943 -0.272866 -0.365869 8.81163 0.267866 -0.677339 0.0788487 -0.314667 -0.0310467 0.436171 0.0601428 0.528846 0.52846 -0.435196 -0.192154 0.215113 
2.36908 -0.579703 -0.233173 -0.253588 -0.172642 -0.130651 -0.127358 -0.116424 -0.0765795 -0.078253 -0.0599508 0.0187959 0.0123568 17.0061 0.766915 -1.3195 -0.176714 0.0475219 0.11747 0.387268 0.355021 0.470759 0.920102 -0.865732 -0.314587 -0.433544 19.1933 0.60041 -1.66378 -0.704569 -0.968153 -0.510206 0.666351 0.664042 0.700384 0.646366 -0.974623 -0.526451 0.0466461 
2.38325 -0.547786 -0.181276 -0.235808 -0.167553 -0.192118 -0.179699 -0.128012 -0.0581609 -0.0483691 -0.0353948 -0.00243948 0.000915226 23.0315 1.15631 -1.93768 -0.67516 -0.508658 -0.984803 0.237391 0.503367 0.375651 1.14475 -0.875839 0.114799 0.0985679 23.306 0.717191 -2.42792 -1.50797 -1.46745 -1.48861 0.400632 0.713112 0.135424 0.441035 -0.977261 -0.0200467 0.410225 
2.39488 -0.567115 -0.198331 -0.211073 -0.138668 -0.142425 -0.0957612 -0.0679745 -0.0302693 -0.0382484 -0.0323669 -0.0119358 0.00546016 26.3527 1.31528 -2.96057 -1.30505 -0.4281 -1.8707 -0.560508 0.106374 0.997056 1.65524 -0.969609 -0.0110327 0.629262 15.2976 0.786579 -2.25272 -1.86775 -0.800545 -2.40853 -1.15309 -0.340062 0.238425 0.704479 -0.288848 0.48083 0.789074 
4.59344 -0.546794 -0.507458 -0.319796 -0.295868 -0.165242 -0.0437627 -0.00140045 0.0574919 0.0519549 -0.123881 -0.0597257 -0.0399995 27.0676 2.27221 -2.55425 -1.01826 -0.0140455 -2.07209 -1.4356 -0.115016 2.03705 1.39353 -1.37488 -0.375212 0.671723 -8.06419 1.23886 0.608005 -0.319938 1.26384 -1.8122 -2.75552 -1.33654 0.806582 -0.202239 0.306642 0.349897 1.07543 
4.94957 -0.43298 -0.37189 -0.331641 -0.202043 -0.186251 -0.0923044 -0.0795797 -0.0400718 0.00807143 -0.203036 -0.0314418 -0.0179209 26.6894 4.64043 -2.69156 -1.32205 0.226812 -2.78039 -1.74564 -0.325655 2.51333 0.901893 -1.04139 -0.00997365 0.416525 -19.2353 2.88136 1.47084 0.799588 1.87498 -0.85884 -2.52529 -1.37155 2.02488 -0.826931 0.897752 0.1746 0.277971 
5.09447 -0.440186 -0.480765 -0.396237 -0.325345 -0.455063 -0.162045 -0.0325436 -0.0569623 0.0462353 -0.100854 0.0642463 0.103131 24.7499 6.06832 -3.15877 -0.955442 -0.116807 -3.0931 -1.75657 -1.61336 3.02744 0.681805 -1.24869 0.420185 0.422479 -16.4952 4.44144 1.46752 1.80656 1.39689 0.901166 -0.592124 -1.87869 2.35251 -1.28855 0.146427 -0.134413 -1.12127 
5.09749 -0.445684 -0.640453 -0.45319 -0.179637 -0.423093 -0.287289 -0.142694 0.164251 0.192581 -0.107306 -0.0205577 0.0899903 19.4439 6.68315 -2.86523 -0.314463 -0.832387 -3.56658 -1.65986 -2.23021 3.29668 0.21278 -1.15118 0.350652 0.360764 -5.75354 3.77453 0.518366 1.96352 -1.52383 0.734603 2.22786 -1.12789 0.605177 -1.73676 -0.370273 0.281201 -1.33706 
5.10116 -0.202391 -0.393848 -0.275954 -0.0962216 -0.317778 -0.367457 -0.119909 0.273318 0.0108659 -0.249965 -0.105831 0.0462408 10.5523 6.46019 -2.21012 0.838322 -1.64515 -2.85422 -1.30557 -1.94116 3.09588 -0.730775 -0.496603 0.331702 0.188752 3.32516 -0.122945 -1.78818 0.989208 -4.32458 0.127912 3.29653 -0.0717849 -1.27381 -0.811352 0.249643 0.52353 -0.698313 
5.52642 0.23399 -0.532245 -0.413822 -0.141584 -0.518714 -0.297614 -0.158769 0.234497 -0.0111908 -0.127657 0.067164 0.00444618 8.98551 5.50813 -2.26065 1.41561 -2.83043 -1.72387 -0.864691 -1.03013 2.72674 -1.2094 -0.184544 0.191046 -0.216856 -0.704189 -5.11455 -0.486506 1.2513 -4.18495 1.33891 1.71867 1.68081 -2.4179 -0.660544 0.460083 -0.325415 0.239205 
5.93123 0.199439 -0.710196 -0.314141 -0.299993 -0.547697 -0.256857 -0.388222 0.341131 0.0762059 -0.23699 0.0636134 0.0371975 7.03379 4.54678 -1.17856 1.83557 -2.86622 -0.646511 -0.485229 -0.740599 1.37551 -1.77233 0.000167787 0.040673 -0.902557 -6.95735 -6.18411 1.60878 0.458297 -1.43585 1.95463 -0.528917 3.41838 -3.09763 -0.838427 1.62315 -0.595361 0.103305 
5.96242 0.151063 -0.704136 -0.28291 -0.431182 -0.615317 -0.196898 -0.273975 0.361317 0.0152318 -0.235742 -0.0235608 0.0407923 2.69124 2.84453 0.303103 2.06595 -2.62116 -0.761863 -0.231864 -0.644511 -0.874524 -2.10389 1.123 0.0675822 -1.26161 -11.6011 -4.22757 3.69292 0.0319371 2.94705 2.2473 -2.07118 1.51318 -3.22535 -0.408178 2.01225 -0.585942 -0.894594 
5.94625 0.14049 -0.723141 -0.197653 -0.557492 -0.486774 -0.241723 -0.159035 0.313811 -0.100151 -0.150346 -0.00432475 0.0175063 -2.45102 0.680629 1.08513 2.06157 -1.31438 -0.677947 -0.639775 -1.01961 -2.3912 -1.42968 2.14282 -0.762483 -1.38068 -12.6881 -1.14458 4.8313 -0.0817189 5.8486 0.379175 -1.82526 -1.43085 -3.15262 0.302371 1.63948 -1.03339 -1.34135 
5.91713 0.109716 -0.644341 -0.202269 -0.558825 -0.439843 -0.321563 -0.109525 0.248046 -0.11215 -0.151079 0.0268887 0.0189433 -7.07521 -1.00186 2.82081 2.52959 0.490068 -0.067944 -1.13786 -1.20607 -3.22061 -1.21548 2.21009 -1.90361 -1.46336 -9.19929 0.579348 2.96686 -0.147055 5.58832 -1.57146 -0.294802 -3.5268 -2.2288 1.31474 1.25691 -1.43919 -0.952912 
5.70664 0.129252 -0.56487 -0.197413 -0.454474 -0.495479 -0.345692 -0.194205 0.172118 -0.119396 -0.090771 0.010758 -0.0639425 -9.56846 -0.684313 3.65555 2.337 1.95252 -0.165384 -1.29817 -1.25046 -3.83441 -1.27051 2.7299 -2.12661 -1.53352 -2.86582 0.257776 0.351611 0.48096 2.56384 -1.39605 0.779053 -2.87222 -0.226477 1.41548 -0.144127 -1.72792 0.41882 
5.11708 0.0935902 -0.377127 -0.130507 -0.293242 -0.534949 -0.353388 -0.330018 0.0215752 -0.141126 0.0440984 -0.0539815 -0.1451 -9.48745 -0.484154 3.8982 1.8412 2.83843 -0.558777 -1.22604 -1.88101 -3.80028 -0.562174 1.99872 -1.42852 -1.35437 4.67688 0.14486 -1.66468 -0.194785 -0.936068 -0.637169 1.16117 0.298155 1.57526 0.82511 -1.84072 -0.11188 1.46114 
4.91903 0.118497 -0.326517 -0.0515717 -0.201922 -0.545066 -0.409987 -0.384497 -0.0519667 -0.119455 0.0626477 -0.191777 -0.130737 -5.30243 -1.00678 3.53348 0.642522 1.62874 -1.40578 -0.618692 -1.13883 -2.4068 0.151957 1.23907 -0.833294 -0.654487 11.2689 -0.591422 -2.35103 -1.86149 -4.24119 0.0190615 1.1249 3.28123 3.12055 0.299176 -2.40327 2.62466 1.77275 
4.99934 0.0757787 -0.317875 -0.054614 -0.187344 -0.575681 -0.362994 -0.426268 -0.0705393 -0.0853239 0.0453229 -0.205757 -0.122135 -0.0738068 -1.03195 1.87799 0.130427 -0.680322 -1.20696 0.0843458 0.539118 -0.633286 0.173717 0.336835 0.151136 0.185904 13.6831 -0.731274 -2.48804 -2.75779 -5.87541 0.376543 0.744918 5.03497 3.95724 0.00763677 -2.3737 4.05362 1.69983 
4.97505 0.0998519 -0.35112 0.00790427 -0.238922 -0.565847 -0.36474 -0.418764 -0.0540739 -0.14911 0.0793945 -0.217447 -0.108855 4.887 -1.04132 0.0768535 0.105828 -3.11832 -0.561199 0.234287 2.04002 1.3068 0.0619266 -0.828948 1.48615 1.21284 11.7157 -0.540997 -2.63029 -1.94706 -5.56024 0.646903 0.4162 4.33241 4.00977 -0.0323573 -1.84863 3.75936 1.37425 
4.97476 0.0801604 -0.231424 -0.0870665 -0.20938 -0.61539 -0.374356 -0.343486 -0.0975269 -0.101991 -0.0449238 -0.053893 -0.115791 6.92747 -0.848937 -1.22899 0.607446 -4.51463 -0.129154 0.435167 2.53701 2.72531 -0.0127989 -1.72444 2.57952 1.72736 3.97818 0.21528 -2.83149 1.24521 -3.35659 1.23794 0.157807 1.20946 3.01792 -0.445393 -0.608171 1.4488 0.956329 
5.72266 -0.0698866 -0.271148 -0.245056 -0.546641 -0.661191 -0.344876 -0.131931 0.107416 -0.068875 -0.00558376 -1.55475e-05 -0.0283495 1.70905 -0.887667 -0.536562 1.13132 -3.29227 0.153015 1.43695 1.636 1.44914 -0.182973 -1.53529 2.53356 1.31194 -11.3563 1.29071 -0.65953 4.09155 2.70154 1.37373 0.637709 -3.43589 -1.41998 -0.583751 0.158974 -1.33691 -0.3909 
5.94382 0.0124585 -0.461837 -0.170519 -0.692461 -0.571883 -0.301916 -0.00615112 0.198329 -0.118765 -0.090436 0.0791262 0.0185997 -1.9616 -1.07238 -0.889932 1.72497 -2.07395 0.933118 1.36549 1.30547 0.371066 -0.349062 -1.14764 1.79695 1.38646 -19.5301 0.405319 1.79031 3.70701 6.87277 0.92189 0.832291 -5.42255 -5.09766 -0.27765 1.34807 -3.23911 -1.22194 
5.91267 0.0228667 -0.531421 -0.036091 -0.75677 -0.540089 -0.355438 -0.0740793 0.293307 -0.141809 -0.14043 0.148618 0.0637128 -2.24639 -1.04812 -0.971817 1.98957 -1.4868 1.03886 0.605081 0.466738 0.210905 0.170817 -0.651783 1.22519 1.07033 -14.2052 -0.393665 2.60058 0.911087 6.4112 0.215706 -0.0382246 -3.6779 -5.36786 0.462847 2.0569 -3.30445 -1.51327 
5.44458 0.0271733 -0.478709 0.130937 -0.676274 -0.549033 -0.321012 -0.210346 0.269141 -0.130899 -0.145579 0.138802 0.050408 -1.45597 -0.539502 -1.32203 2.53174 -1.4748 1.15157 -0.215307 -0.319282 0.135511 0.163423 -0.0498979 0.626868 0.724501 3.24124 -0.582995 0.906774 -2.30316 1.14927 -0.350553 -1.91721 0.258562 -1.66899 1.01608 1.46012 -1.13585 -0.836284 
4.30129 -0.0115476 -0.192278 0.134955 -0.278597 -0.550554 -0.104997 -0.394114 -0.192098 -0.130474 -0.0567081 -0.0330944 -0.0520403 -1.02565 0.0471747 -0.996477 2.28951 -0.757584 0.492784 -1.05145 -0.402875 -0.529145 0.204475 0.0830978 0.478649 0.396163 21.5016 0.263252 -2.33849 -3.28966 -5.66874 -1.17648 -3.80422 3.89904 4.28441 0.824356 0.228773 1.61147 0.492366 
4.73185 -0.10546 -0.470779 0.120096 -0.390097 -0.417325 -0.24046 -0.199421 -0.104062 -0.153879 -0.0554708 -0.0282888 0.0757528 2.5618 -0.349228 -0.402308 0.820208 -0.773076 -0.38168 -1.77913 0.388542 -0.416418 0.440965 0.252127 0.125483 0.33498 20.5829 1.38007 -1.73955 -2.48408 -5.83708 -2.09828 -2.79602 3.64878 4.93712 0.176265 -0.984679 2.24063 0.432577 
5.43113 -0.0558114 -0.449775 0.0845538 -0.613153 -0.515712 -0.429057 -0.227988 0.135607 -0.0336566 -0.0362929 0.0712679 0.0189635 5.69256 -0.179334 -0.544111 -0.251935 -1.10187 -0.453829 -2.26825 1.57869 -0.040421 0.62945 0.217484 -0.489915 0.219776 6.41356 0.949463 -0.229205 -1.05081 -1.33845 -1.30395 -0.404527 2.1147 1.63243 -0.642573 -1.24899 0.132969 0.364205 
5.83825 0.00229152 -0.508276 0.110591 -0.79892 -0.511269 -0.458385 -0.17462 0.187754 -0.0728259 -0.0727795 0.148497 0.0302108 6.59915 0.0727655 -0.792846 -0.597608 -1.16969 -0.165219 -2.70411 2.02092 0.692844 0.500341 0.208427 -0.54199 -0.105912 -10.3421 -0.0292562 1.69326 0.164815 4.18948 0.236445 1.47613 -0.452904 -1.90685 -0.545465 -0.293061 -2.3317 -0.632892 
5.96438 0.0220297 -0.528243 0.0588766 -0.799546 -0.62857 -0.473717 -0.0320748 0.155212 -0.100542 -0.0726473 0.148066 0.0780215 4.52473 0.532298 -0.69224 -1.18884 -0.794872 0.400008 -2.52072 1.31911 1.74463 -0.00817185 0.0204151 -0.435798 -0.237317 -19.7008 -0.436734 2.4147 0.2029 6.4993 2.5499 2.34258 -3.17618 -3.06069 -0.5756 0.681326 -2.99273 -1.46083 
6.06619 -0.050714 -0.485639 -0.0139187 -0.708687 -0.628534 -0.508289 8.64014e-05 0.156564 -0.092715 -0.119745 0.0799726 0.0839609 -3.63715 0.599026 0.748803 -1.71401 1.54744 0.504995 -0.3963 0.228183 0.098354 -0.759328 0.1364 -0.378598 -0.791572 -17.9507 -0.11143 1.22161 -0.348426 4.52685 2.94842 2.59132 -3.39928 -1.80345 -1.06745 1.0919 -0.578822 -1.20177 
5.76145 -0.00727803 -0.484894 0.0499828 -0.645247 -0.531427 -0.543202 -0.0244507 0.121027 -0.0483133 -0.0931381 -0.0645154 0.0398468 -10.8128 -0.386882 1.72771 -1.49117 3.73862 1.0667 0.786713 -0.53725 -1.20902 -1.13014 0.253458 -0.772418 -0.753332 -10.6487 -0.55083 1.44558 -0.964943 1.92113 0.96139 2.47994 -2.66024 -0.519218 -1.11518 0.643673 2.07602 -0.485055 
5.19876 -0.00467097 -0.430411 0.118691 -0.487815 -0.470865 -0.523306 -0.131094 0.072295 -0.0812947 -0.0249246 -0.0464605 -0.0638539 -13.2782 -1.70236 2.27058 -0.904142 4.49384 1.02429 1.68428 -1.01809 -1.73281 -1.19934 0.397651 -0.661862 -0.606379 -0.407303 -1.93414 0.912044 -0.290676 -0.669908 -1.20773 2.19883 -0.0486659 -0.373998 -0.837456 -0.34945 2.59554 1.09934 
4.86014 0.0349197 -0.383714 -0.112788 -0.410538 -0.373224 -0.453494 -0.261026 0.126881 -0.174655 -0.03435 -0.0433923 -0.0305438 -13.0088 -3.32217 1.88788 -0.415551 4.3186 1.87305 3.0174 -1.55561 -2.00513 -0.851381 0.0357108 -0.539671 -0.47419 7.37276 -3.95108 -0.216443 1.78864 -1.70786 -1.83319 1.63153 1.92162 -0.830911 0.700411 -1.04977 1.03264 1.56711 
4.62128 -0.012944 -0.382894 -0.162226 -0.349327 -0.442431 -0.271376 -0.141265 -0.00665301 -0.246785 -0.0416326 0.113681 -0.0284337 -13.4473 -4.57553 1.02249 -0.402246 3.52282 1.60095 3.68219 -1.39139 -2.50167 -0.823467 0.179853 -0.0701712 0.101228 8.14244 -4.4402 -1.69033 2.24611 -2.00062 -0.458077 0.40326 1.38111 -0.622288 1.70737 -0.874673 -1.28546 1.39364 
4.40963 -0.159061 -0.197956 -0.0309471 -0.265416 -0.467757 -0.378993 -0.240045 0.0143902 -0.15152 -0.0391422 0.0316129 -0.0341498 -12.4682 -6.52804 -0.298286 -0.189079 2.725 0.607613 4.16383 -0.267911 -2.23484 -0.253648 0.364735 0.216186 0.601107 2.83004 -3.36654 -3.95106 1.08502 -1.82374 0.40927 0.596851 1.36686 -0.295449 1.5941 0.229932 -1.61624 0.674662 
4.63254 -0.316915 -0.265014 0.0667692 -0.314414 -0.508408 -0.249242 -0.143344 -0.059688 -0.225806 -0.0522487 0.0482367 0.0365396 -10.8232 -6.62752 -1.7121 -0.274386 1.67646 0.0564675 4.10366 0.645598 -2.02417 0.823817 0.211106 -0.110475 0.877735 -4.21362 -0.397111 -4.00564 -1.09434 -0.984616 0.168696 -0.0591137 0.669162 0.630371 1.63246 1.05258 -0.767431 -0.338762 
4.6077 -0.530903 -0.37709 0.00516722 -0.240139 -0.289346 -0.0587389 -0.203064 -0.110826 -0.120593 -0.137163 -0.0511491 0.0231831 -6.61107 -5.36762 -3.90726 -0.170321 0.885782 -0.7311 3.17177 0.905483 -1.71784 1.17686 0.775972 0.0497331 0.709698 -1.99972 3.80268 -3.53415 -2.3192 -1.04443 -1.93557 -1.59309 0.597081 1.55144 0.447108 1.68065 1.03212 -0.550406 
3.96541 -0.597261 -0.440008 -0.0753677 -0.254795 -0.367453 -0.106745 -0.212921 -0.20085 -0.1779 -0.0269029 -0.0136948 0.0724704 -2.47536 -3.65843 -5.10657 -1.46109 0.60363 -0.652275 2.12093 0.633212 -0.932465 1.68336 1.08037 0.166831 0.170386 8.13507 6.10146 -2.1946 -2.27598 -0.595257 -2.15221 -2.22288 0.376002 1.80143 0.343017 0.841536 1.91919 -1.18756 
3.69282 -0.83594 -0.585049 0.0320307 -0.23269 -0.482527 -0.0175764 -0.05852 -0.100713 -0.0715469 0.0535899 -0.0148037 0.0447735 1.85943 -2.63525 -4.85895 -2.65149 0.310703 -0.487463 1.86708 1.12793 -0.632411 1.52782 0.853683 0.780297 0.0244736 16.5488 5.50259 0.976498 -2.09197 -0.284467 -0.375465 -2.665 -0.679641 1.02037 -0.25831 -0.611304 1.48458 -0.865726 
3.64687 -0.623287 -0.634094 -0.110977 -0.255671 -0.456862 0.0132916 -0.0949919 -0.134649 0.00515429 -0.0209628 -0.0111422 0.0343066 5.87047 -2.51327 -3.19887 -2.01466 0.912665 -0.152867 0.503311 0.967901 0.0710575 0.956431 -0.0646163 0.702102 0.124728 17.5211 0.145383 3.73066 0.325566 0.630522 1.60874 -1.79011 -0.321699 0.419241 -1.48373 -2.03007 0.307473 0.152227 
4.46336 -0.440702 -0.934833 -0.18976 -0.290602 -0.573029 -0.0903855 -0.142729 -0.113739 -0.121358 0.0914381 0.10135 0.0513811 11.0685 -1.77854 -1.82287 -1.79404 1.08635 -0.130786 -1.08362 1.41468 1.12508 0.564107 -0.605653 0.667448 0.2799 8.04903 -4.22482 5.9874 1.93759 1.55661 3.23322 -1.07858 0.403341 0.661028 -0.942776 -3.09135 -1.55598 0.846254 
4.68369 -0.486874 -0.87035 -0.326232 -0.210763 -0.504023 -0.0991554 -0.116261 -0.10872 0.0236912 0.0671935 0.12369 -0.0542665 15.1623 -1.28495 -0.159178 -1.50836 1.10426 0.563464 -2.0134 1.29116 1.77578 0.630175 -1.22308 -0.175059 0.188304 -1.25916 -3.79604 4.90706 2.84848 0.846702 1.7803 -1.64713 0.751837 1.25617 -1.00637 -1.8475 -2.44202 1.3593 
4.98793 -0.728999 -0.631299 -0.292702 -0.240028 -0.428718 -0.0389727 -0.0380238 -0.122032 -0.00206793 -0.0310884 0.09321 0.035515 15.2703 -0.532008 1.39501 -1.63953 1.38438 1.28556 -2.68727 0.730141 1.55596 0.0167442 -1.24765 -0.243758 0.258855 -6.54473 0.686195 1.36807 1.35115 0.28589 -0.00262818 -1.78068 0.134241 1.39292 -0.0821694 0.506618 -1.6168 0.18494 
5.26321 -0.950663 -0.571459 -0.0326148 -0.0938686 -0.351186 -0.123831 -0.0524262 -0.0763276 -0.163934 -0.204469 0.0177624 0.120189 12.0317 -0.389946 1.86028 -1.14525 1.59753 1.84492 -3.08545 0.138999 1.71868 0.570047 -1.39512 -0.94625 0.386613 -8.54741 5.86488 -1.48736 -1.90639 -0.871193 -0.715366 -1.11505 -1.50342 0.184868 1.55806 2.11977 -0.295801 -0.885317 
5.49472 -0.79806 -0.652031 -0.259228 -0.0968049 -0.349358 -0.278019 0.0253057 0.0812294 -0.0294137 -0.135101 0.00440519 0.0841416 6.39049 0.648113 1.89288 -1.23517 1.42196 2.09619 -2.88844 -0.260807 2.03795 1.73391 -1.09757 -1.44371 0.0738915 -8.33187 6.05855 -2.76589 -2.02514 -0.976818 -0.568879 0.431041 -2.58305 -0.953964 1.88185 2.18436 0.696497 -1.20555 
5.46525 -0.711148 -0.536767 -0.24746 -0.174188 -0.41538 -0.359054 -0.000457891 0.0795491 0.00276542 -0.0687705 -0.0842837 0.0510456 2.69791 3.45964 0.809701 -1.29025 0.92579 1.44073 -2.85401 -0.52159 1.92547 1.26745 -1.01406 -1.54733 0.100758 -7.81828 4.20819 -2.39576 -1.28702 -0.349195 0.220625 1.69751 -1.65557 -1.0581 1.43972 0.138881 0.736094 -0.760761 
5.48606 -0.608421 -0.525415 -0.314161 -0.073828 -0.342293 -0.31015 -0.0468614 0.0220447 -0.0646352 -0.0412826 0.0540669 0.0369389 0.71303 7.67154 -0.497501 -2.79756 0.0121477 0.278172 -1.51197 -0.705301 1.35257 0.807653 -0.35505 -0.501634 -0.561313 -4.2983 3.60354 -1.3702 -0.471271 -1.22785 -0.861782 2.65988 0.279668 -0.673209 -0.612544 -1.13619 0.47039 -0.0388874 
5.37029 -0.465583 -0.637696 -0.351743 -0.0729632 -0.232845 -0.403537 -0.205877 0.0482319 0.122423 -0.176218 -0.0860549 0.0769788 1.50698 9.598 -1.78394 -3.57815 -1.69361 -0.969849 0.548724 -0.931465 1.13852 0.806905 -0.0253531 0.406326 -1.12167 2.39202 3.30907 -1.14539 -0.102214 -2.3426 -2.86694 3.70972 1.77547 -0.114296 -3.01173 -0.685988 1.51705 -0.281632 
5.24646 -0.414811 -0.697718 -0.414979 -0.101481 -0.279529 -0.389815 -0.149292 0.167028 0.22768 -0.0292229 -0.0571875 -0.012006 3.83017 8.81683 -2.94125 -2.5284 -3.16835 -1.00902 2.53306 -1.18617 0.766978 0.29235 -0.393805 0.592625 -1.42094 8.86314 1.84809 -1.76207 -0.0878236 -3.82548 -2.76715 4.07587 1.22998 -0.172869 -2.81662 -0.141323 1.581 -0.664392 
5.1129 -0.147557 -0.616646 -0.383791 -0.0994226 -0.316668 -0.401642 -0.0684402 0.10837 0.0338683 -0.225301 -0.110853 0.0399697 6.9978 7.2101 -3.97285 -2.18067 -4.29785 -0.648833 3.81546 -0.9474 0.813704 0.0774963 -0.526122 0.718515 -1.60277 11.5038 -3.23257 -2.34406 0.857708 -4.02147 -0.563542 3.53997 -0.465386 -0.0675849 -0.39621 1.11345 0.88075 -1.122 
5.42679 0.333541 -0.673708 -0.624764 -0.255793 -0.465611 -0.14159 -0.0636848 0.0425162 -0.106968 -0.130304 0.0955021 -0.00305802 9.06464 5.22967 -3.97732 -1.53531 -5.54094 -0.224578 4.32728 -0.476473 0.517041 -0.356092 -0.286754 0.353298 -1.48753 7.19891 -8.51316 -1.54289 2.43388 -1.98474 3.11709 0.768984 -1.10873 -0.183029 1.56691 0.728957 -1.07258 -0.385314 
5.92698 0.269939 -0.91817 -0.559632 -0.428499 -0.571505 -0.0477624 -0.158951 0.186681 0.00732714 -0.139155 0.0921195 -0.0770546 10.2526 3.15518 -3.57757 -0.887601 -5.83019 0.423442 4.68416 0.248918 -0.53552 -1.2553 0.217825 0.503967 -1.04661 -1.29425 -8.22003 0.973598 2.18141 0.565866 4.88201 -1.75871 0.0616881 -1.55657 1.17479 0.340894 -2.16568 1.17378 
6.19995 0.119844 -1.03241 -0.493885 -0.600562 -0.401905 0.0370227 -0.178315 0.167355 0.0835576 -0.123983 0.00574082 -0.145767 9.8421 1.30627 -3.55073 -0.118495 -5.34342 1.58574 4.09276 -0.0166687 -1.34774 -1.24935 0.197022 -0.175289 -0.166081 -7.70415 -3.9822 2.65861 1.14607 2.83934 3.07054 -2.94744 1.38211 -2.15898 -0.668741 0.329177 -1.50247 2.45338 
6.35586 -0.00966924 -1.0155 -0.501442 -0.637255 -0.31703 0.0944893 -0.183583 0.135896 0.0522049 -0.131537 0.00433005 -0.137838 7.88425 -0.831705 -3.41304 0.582971 -4.29793 2.57034 3.01331 -0.111202 -1.6584 -0.447089 0.824349 -0.724101 0.377629 -9.3168 0.974648 2.32711 0.503343 3.55556 0.519914 -2.88676 1.4649 -2.11572 -1.57072 0.00508682 -0.742496 2.69689 
6.33278 -0.0146402 -0.993666 -0.502301 -0.704034 -0.210402 0.0962629 -0.145561 0.0658157 -0.0222979 -0.120638 -0.00760457 -0.0776949 4.31974 -2.17186 -2.43645 1.4472 -2.78391 3.36937 1.36297 0.125005 -2.08741 -0.389007 0.531772 -1.41076 1.15917 -6.10342 2.87368 0.72547 0.0259768 2.95843 -1.50311 -1.80479 0.270746 -0.777535 -0.552749 0.255094 0.236834 1.41967 
6.30392 0.00756426 -1.02102 -0.482046 -0.723488 -0.194576 0.110227 -0.0602171 -0.0547117 -0.0607179 -0.101662 -0.0324014 -0.0108267 1.09445 -1.22793 -1.26285 1.13876 -1.4648 3.20378 0.554059 0.540273 -2.76377 -0.974442 0.672118 -1.16233 1.75738 -2.31331 1.48929 -0.196002 0.264369 1.77514 -1.69017 -1.16177 -0.939124 0.869907 0.823633 0.0752833 0.430809 -0.125989 
6.25351 0.0394075 -1.09781 -0.44669 -0.692977 -0.165885 0.0949852 -0.112531 -0.0465491 -0.0672731 -0.0794337 -0.0863477 0.0370854 -0.52993 -0.262494 -0.800967 0.934991 -0.517089 1.9689 0.118193 0.696501 -2.76646 -1.0509 0.802414 -0.771865 1.87636 -0.120728 0.0264203 0.440393 -0.0758262 0.565402 -1.17867 -0.314969 -0.535964 0.782179 0.998707 0.0393152 0.678886 -1.08254 
6.24225 0.0299255 -1.11009 -0.408293 -0.672655 -0.135218 0.0804497 -0.117161 -0.0933498 -0.0471887 -0.0769488 -0.0898939 0.0541373 -1.0829 0.135754 -0.480793 0.824233 -0.132638 1.02244 -0.0753441 0.852087 -2.58571 -0.751872 0.988606 -0.632561 1.45856 0.516752 -0.466189 1.3143 -0.701576 -0.00860715 -1.26845 0.27495 0.374972 0.384801 0.293808 0.192971 0.733171 -1.20562 
6.25649 0.00649678 -1.1048 -0.404914 -0.700889 -0.0991068 0.0700774 -0.127509 -0.114709 -0.0596867 -0.0737593 -0.0654501 0.0651622 -0.781435 -0.0848769 0.0950968 0.569567 0.198187 0.132078 -0.121253 0.984953 -2.08716 -0.560241 0.996647 -0.356732 0.870743 0.300941 -0.275565 1.67997 -0.89793 -0.0200143 -1.54845 0.389058 1.25421 0.0647429 -0.309179 0.307568 0.413784 -0.937297 
6.23482 0.014657 -1.10626 -0.402148 -0.704518 -0.0996924 0.0733006 -0.103455 -0.149999 -0.0679095 -0.0463882 -0.0782727 0.0794116 -0.353752 -0.445538 1.0102 0.0585934 0.498992 -0.618281 -0.263645 1.15296 -1.25935 -0.60995 0.765007 -0.0602366 0.440388 0.423351 -0.306555 1.68332 -0.912916 0.469651 -1.76723 0.0458185 1.28745 0.60794 -0.513581 -0.0676367 0.209782 -0.577906 
6.21181 0.0198173 -1.08675 -0.40174 -0.693668 -0.143171 0.102999 -0.0590754 -0.209918 -0.0737694 -0.0168589 -0.0819775 0.0727153 -0.0171261 -0.629792 1.84466 -0.330863 0.533392 -1.33982 -0.372665 1.64687 -0.470092 -0.855276 0.320645 0.337857 0.10559 0.63435 -0.374348 1.33843 -0.692371 0.723694 -1.37198 -0.596982 0.510778 1.98482 -0.496343 -0.849571 0.280174 -0.283966 
6.20966 0.00310741 -1.02152 -0.421197 -0.685696 -0.175981 0.0952909 -0.0100624 -0.239048 -0.0954603 0.00872437 -0.0803193 0.0618565 0.0928402 -0.638214 2.40576 -0.680533 0.609485 -2.14388 -0.476476 2.02895 0.474767 -0.983601 -0.125202 0.554955 -0.0812875 0.639612 -0.29786 0.863452 -0.41075 0.500789 -1.00214 -0.781252 0.0253051 2.69383 -0.197699 -1.52175 0.564099 -0.118695 
6.23082 -0.0189046 -0.976005 -0.429556 -0.67452 -0.211568 0.0749318 0.0329066 -0.221874 -0.127873 0.00680599 -0.0659395 0.061345 0.168196 -0.633342 2.76625 -0.755704 0.831872 -2.87918 -0.833917 2.39999 1.41422 -0.852102 -0.581957 0.77097 -0.154427 0.256403 0.00208112 0.356088 -0.11256 0.0503813 -0.824769 -0.706746 0.00856937 2.48905 0.249352 -1.50527 0.69603 -0.0414923 
6.25996 -0.0500074 -0.908623 -0.474589 -0.607867 -0.283487 0.0437042 0.048286 -0.141405 -0.140099 -0.0321518 -0.0634221 0.0753278 0.363722 -0.729961 2.97848 -0.562482 0.81919 -3.20939 -1.57906 2.41221 2.54258 -0.653705 -0.886695 0.981214 -0.218413 -0.20907 0.297248 -0.125059 0.501419 -0.469894 -0.57568 -0.818975 0.268187 1.55969 0.653568 -0.62771 0.50394 -0.0856562 
6.25507 -0.0425029 -0.873322 -0.4626 -0.626109 -0.314337 0.0214532 0.0715451 -0.0521858 -0.170429 -0.086931 -0.020981 0.0538875 0.418846 -0.750736 3.09643 -0.21228 0.532885 -3.52948 -2.1829 2.17787 3.44049 -0.239844 -0.837036 0.969763 -0.281088 -0.288004 0.184086 -0.1323 0.890725 -0.613711 -0.573962 -1.02598 0.168306 0.58987 1.05298 0.654319 -0.0681439 -0.093802 
6.2492 -0.0508655 -0.808763 -0.491987 -0.629481 -0.400769 0.0196139 0.141919 -0.0228583 -0.160412 -0.111405 0.00405824 0.0471559 0.00034523 -0.465314 3.01007 0.27543 0.0817431 -3.70822 -2.83901 1.65849 4.23416 0.250204 -0.817581 1.21553 -0.297902 -0.456671 0.192684 -0.084054 1.22369 -0.804488 -0.193301 -1.48535 -0.729961 0.580567 1.0509 1.2514 -0.226399 -0.0871239 
6.25355 -0.0582581 -0.771297 -0.482683 -0.602435 -0.480634 -0.044467 0.20856 0.0402149 -0.143846 -0.125231 0.0308216 0.0567933 -1.75065 -0.0142271 3.06913 1.13735 -0.284898 -3.54143 -3.72836 0.576193 4.06559 0.566059 -0.633709 1.21927 -0.209232 -2.02779 0.518453 0.107895 1.51746 -0.900798 0.363522 -1.68947 -2.23457 0.209215 0.669833 0.990891 -0.188745 0.0371647 
6.26862 -0.0763907 -0.730275 -0.438406 -0.608355 -0.510856 -0.159657 0.21322 0.147529 -0.135664 -0.103284 0.0290029 0.0459646 -7.4067 0.192204 3.8476 2.14725 0.257061 -2.03274 -4.07369 -0.895166 2.66266 0.685356 0.299025 0.895931 -0.107976 -7.89705 0.768816 1.01873 1.64692 0.271305 1.90086 -1.00572 -3.52151 -1.56406 0.115629 0.776548 -0.210565 0.294058 
6.26363 -0.0883518 -0.658395 -0.410991 -0.649091 -0.610529 -0.185792 0.206696 0.199591 -0.0905131 -0.0562798 0.013221 0.023681 -15.4205 0.604539 5.17344 3.3908 2.736 -0.117497 -4.64627 -3.1039 0.922307 0.749279 0.329482 -0.378056 -0.379747 -16.3175 1.03256 2.3365 2.20862 3.49458 4.26324 -0.605024 -4.55257 -3.85543 -0.513554 0.0257463 -1.22676 0.0322087 
6.18119 -0.0440052 -0.621894 -0.379335 -0.690006 -0.648555 -0.300759 0.157497 0.335826 -0.0697926 -0.103215 0.105029 0.0295841 -21.4712 1.05363 6.06907 4.45855 4.74618 1.32357 -4.57904 -4.61671 -0.380285 0.542515 0.0563291 -1.53878 -0.531554 -19.7116 0.790328 3.17652 2.31459 6.35906 4.92315 0.461605 -3.87096 -5.24992 -0.748484 -0.409854 -2.95588 -0.390106 
5.8431 0.00234274 -0.550856 -0.255858 -0.677931 -0.647505 -0.450371 0.00964644 0.268115 -0.085233 -0.115679 0.0892015 0.0587459 -25.6271 1.4023 6.80087 4.58316 6.30073 2.26261 -3.8505 -4.97438 -1.49313 0.436051 -0.395541 -2.18333 -0.547249 -13.7757 0.428754 2.52147 1.01489 6.4942 3.28937 1.68623 -1.04295 -3.53163 -0.432613 -1.06759 -3.11538 -0.659349 
4.74874 -0.0314974 -0.310232 -0.167082 -0.462809 -0.38543 -0.425333 -0.136404 0.0648494 -0.0912994 0.0428332 0.0318384 0.0617541 -26.2649 1.1142 6.87489 4.63292 6.49504 3.12142 -2.65376 -5.33053 -2.26215 0.111093 -1.03303 -2.18461 -0.406245 2.31737 -0.201541 -0.14393 -0.581418 1.77963 -0.216543 2.3404 1.63785 0.12894 -0.21365 -2.05032 -1.1652 -0.310207 
3.75235 0.055709 -0.0911754 0.0132424 -0.00895358 -0.237355 -0.568177 -0.382299 -0.0484137 -0.0807176 -0.125032 -0.184527 -0.048879 -19.3246 -0.159722 5.52836 3.35482 4.33473 3.26987 -0.315211 -4.37765 -2.58006 -0.737811 -1.12049 -1.38164 -0.639679 21.8735 -2.15251 -3.70665 -3.27287 -6.66611 -2.93821 4.43283 4.18424 2.6079 -0.698251 -0.788058 2.75162 0.36767 
3.62237 0.0819465 -0.0384934 0.0762611 0.0463898 -0.305804 -0.533381 -0.34504 -0.0272491 -0.0956319 -0.15568 -0.239538 -0.0231392 -10.5187 -1.67057 4.37504 2.39622 1.91995 2.5718 0.673401 -2.91771 -1.65172 -0.927352 -1.29078 -0.511019 -0.25041 30.5888 -3.79211 -5.17183 -4.03243 -11.1472 -3.00468 3.73037 4.00179 3.54374 -0.970036 0.151561 5.1461 0.87012 
3.44522 0.0984058 0.0485607 0.0119262 0.10482 -0.321139 -0.504463 -0.248368 -0.0102363 -0.0643785 -0.186955 -0.196433 4.64465e-05 -0.445999 -4.22653 3.0543 1.17891 -0.779643 2.17037 1.55684 -1.52154 -0.676944 -1.10459 -1.54783 0.957085 0.326596 27.5006 -5.50184 -4.32213 -2.7615 -10.2246 -1.2171 1.81671 2.13193 2.16239 -1.07867 0.87117 4.65995 1.22746 
3.6183 -0.0142254 0.0516122 0.107563 -0.08547 -0.221456 -0.438333 -0.428861 3.13381e-05 -0.1157 -0.234966 -0.119193 0.0153971 8.3738 -7.15464 1.48172 -0.295681 -3.21305 1.96802 2.1273 0.0257098 0.770568 -0.914712 -1.65873 1.67507 0.519825 12.894 -6.16059 -1.60447 -1.76534 -3.60226 1.15787 -0.355161 1.5218 0.890019 0.059805 1.00385 1.52074 0.876504 
4.83518 -0.22701 -0.149076 -0.132187 -0.537487 -0.296475 -0.107356 -0.266781 -0.0313777 -0.249879 -0.152323 0.0466397 -0.0750254 12.6893 -9.67597 0.342148 -2.35604 -5.29617 2.44464 2.70552 0.780309 1.0889 -0.925243 0.192555 2.75823 0.798265 -5.7294 -4.81414 1.06035 -0.758517 3.65811 2.89653 -2.60269 -0.12178 0.0618896 1.33785 1.00445 -1.69008 0.451246 
4.94946 -0.308943 -0.0453246 -0.0100271 -0.532465 -0.329919 -0.399098 -0.251864 0.170379 -0.17003 -0.244047 0.0876884 0.0782571 12.734 -10.3487 -0.645729 -4.0757 -4.64944 3.11198 2.38099 1.35522 0.497864 -0.834381 1.48624 2.46987 0.648803 -12.5218 -1.97687 0.291753 -2.72124 5.63354 2.64571 -0.719662 0.420956 -1.48747 1.06087 2.65613 -2.7642 -0.695585 
5.04066 -0.680802 0.0204632 -0.0140327 -0.523368 -0.138073 -0.33501 -0.320948 0.00439333 -0.212734 -0.254009 0.140916 0.131457 11.9113 -9.04479 -1.50483 -5.08975 -3.10695 2.27567 1.52885 1.89966 -0.607133 -0.383502 2.55191 1.76298 0.76189 -10.0668 3.73876 -1.58031 -3.95169 4.59665 -0.580765 -0.169219 1.38921 -2.04672 0.853025 3.48991 -2.13665 -1.00276 
4.86492 -0.990975 0.0292948 -0.141374 -0.430257 0.0380037 -0.234801 -0.217975 0.124357 -0.13739 -0.239591 -0.0178583 0.0245283 8.90273 -6.6084 -1.58787 -5.87931 -0.924822 1.30988 0.985809 3.41918 -1.38198 -0.0337123 2.81182 0.563682 1.04565 -1.26405 8.38602 -2.67397 -2.71351 1.69557 -3.97549 -0.149525 1.98497 -2.79754 -0.164441 2.21677 -0.609209 0.131306 
4.86225 -1.09531 -0.0181968 -0.370164 -0.549667 0.0515305 -0.210266 -0.29048 0.0602048 -0.192949 0.0218369 0.118377 0.0335164 5.67581 -3.04702 -1.32747 -5.0229 0.961717 0.187876 0.476205 3.17999 -2.14662 -0.00279266 2.34091 -0.0993224 1.43974 5.67133 9.93742 -1.74095 0.704603 0.405063 -5.64088 -0.253628 2.41008 -2.00931 -0.530052 -1.37581 -0.251166 1.13304 
5.06842 -1.00813 -0.181084 -0.561168 -0.456242 0.0233583 -0.203633 -0.066552 -0.0267197 -0.20624 0.0870192 0.0675853 0.057773 5.21121 0.695904 -1.68539 -3.94294 1.64104 -1.08232 1.45534 3.25471 -2.87348 -0.0207351 1.78025 -0.543917 0.858966 2.92997 8.12055 1.25414 5.34096 0.732314 -4.08389 -0.674856 -0.027494 -0.18461 -0.04605 -4.28026 -0.327317 1.26113 
5.34305 -0.812705 -0.23722 -0.607139 -0.413299 -0.201816 -0.287895 -0.0418088 -0.176242 -0.128974 0.12134 0.0947455 0.117898 3.2923 4.14837 -2.19421 -1.70696 1.75922 -2.71987 1.07972 2.97304 -3.1434 -0.35695 0.708346 -0.735991 0.989391 -3.93358 3.67227 2.08175 7.24328 0.801054 -0.478474 0.565118 -2.16459 0.545743 -0.561151 -4.62821 -0.636239 0.04647 
5.4482 -0.773835 -0.201703 -0.641447 -0.441353 -0.18902 -0.185395 0.156933 -0.15222 -0.201649 0.0282489 0.00133429 0.166843 3.98151 6.77424 -1.74637 0.510047 1.0232 -3.22363 1.11085 3.15775 -3.09428 -0.607193 -0.0888883 -0.616348 0.922472 -7.134 1.16784 1.29092 5.99578 0.0174248 1.55729 0.780583 -2.5154 1.10295 -0.164021 -2.03952 -0.469868 -1.54108 
5.67801 -0.569855 -0.182224 -0.512845 -0.41393 -0.319647 -0.179932 0.0441941 -0.197996 -0.251531 -0.0406431 0.088299 0.216939 3.84569 7.63115 -1.56567 2.16343 0.572891 -2.65675 1.76602 3.41129 -1.38818 -0.336496 -1.16164 -1.05653 0.269819 -5.13743 -0.386427 -0.45053 2.01467 -1.79815 2.55674 1.02016 -0.340627 1.9583 0.107005 1.00847 -0.190997 -2.1485 
5.36241 -0.397398 -0.144402 -0.312371 -0.232827 -0.287471 -0.156868 0.0383359 -0.1988 -0.129981 -0.117805 -0.0125165 0.136634 3.29346 7.3933 -1.89562 2.73607 -0.282441 -2.37945 1.12861 2.22098 0.717496 -0.112814 -1.37764 -0.769422 -0.271429 2.12675 -0.876315 -2.20395 -2.2064 -3.09516 1.3464 -0.147076 1.35376 3.49447 0.212107 2.13817 0.391993 -1.40388 
4.98779 -0.410194 -0.310649 -0.221113 -0.303228 -0.335251 -0.143256 0.00687099 -0.378612 -0.279386 -0.12233 -0.0154866 0.175746 3.22818 6.77892 -3.11613 2.07315 -1.23237 -1.42169 0.88322 1.78484 1.97213 0.356101 -0.937409 -0.9084 -0.94711 7.60301 -0.590374 -2.49766 -4.3252 -2.75518 0.191528 -1.35026 0.987368 4.57164 1.54313 1.67781 0.47812 -0.748573 
5.5354 -0.177328 -0.220048 -0.273622 -0.470836 -0.292946 -0.0577193 0.274505 -0.22862 -0.231851 -0.0107807 -0.0298855 0.0842832 3.99608 6.21929 -4.69225 0.888567 -1.92553 -1.27948 0.180141 1.43105 2.8458 1.20971 -0.403433 -0.811904 -1.24056 4.82696 -1.55505 -3.23748 -3.83413 -1.04217 -0.4569 -2.15621 -1.18933 3.09167 1.6919 -0.103767 0.121976 0.302983 
5.67251 -0.105986 -0.358002 -0.320249 -0.502666 -0.284099 0.0423527 0.311858 -0.0225857 -0.200576 -0.036874 -0.0140749 0.0597168 4.39364 5.16419 -5.55769 -0.654771 -2.55977 -1.01573 -0.398866 1.71206 3.94665 1.44703 -0.208995 -0.853849 -1.19431 0.182764 -1.64476 -2.24303 -1.87447 0.368376 -0.62349 -2.40396 -2.40148 0.249421 1.21456 -0.883517 -0.0537673 0.763701 
5.77364 -0.0280116 -0.523122 -0.349163 -0.472761 -0.453927 -0.242174 0.173987 0.120766 -0.158678 -0.0987949 -0.00159858 0.08513 4.86262 4.533 -5.51246 -1.59315 -2.74632 -0.960937 -1.68325 1.04332 4.24412 1.49512 0.0584168 -0.581273 -0.641748 -4.87623 -1.58275 0.135134 0.0542867 1.06005 0.745686 -1.0821 -1.4631 -1.87599 0.312702 -0.465899 -0.410976 0.73984 
5.86552 0.0357067 -0.668387 -0.414051 -0.593965 -0.374962 -0.160435 0.198737 0.0318012 -0.0721871 -0.0463704 -0.0746257 0.0341044 1.76229 4.16598 -4.19195 -1.38542 -1.28555 -0.962328 -3.20397 -0.327674 4.06049 2.00639 0.278689 -0.879245 -0.379623 -8.36349 -1.20542 3.05557 1.44508 1.9653 0.599421 -1.69517 -1.27446 -2.05199 -1.01457 0.436555 -0.119644 0.992098 
5.92979 0.0660716 -0.808946 -0.450221 -0.617882 -0.396962 -0.158732 0.254715 0.138092 -0.0390833 -0.0991827 -0.0852602 0.0485892 -4.86115 2.88465 -2.37572 -0.0570997 0.679958 -0.697438 -4.23148 -2.77523 1.79004 1.68194 0.398134 -1.25946 -0.131273 -10.2026 -0.654838 6.10087 2.55683 3.17561 0.790244 -2.08392 -2.35169 -2.54835 -1.02819 1.58326 -0.346181 0.349458 
5.85246 0.11331 -0.818602 -0.457796 -0.619231 -0.431361 -0.223548 0.239122 0.243444 -0.079839 -0.122834 -0.0481076 0.0550053 -9.04989 2.28428 0.182457 0.726479 2.15753 -0.00454873 -4.53831 -3.90927 -0.00724425 1.30961 0.466894 -1.23045 -0.25745 -10.8485 -0.971226 6.31846 2.66731 4.1827 0.914811 -1.57836 -3.80465 -3.29213 -0.52867 1.16438 -0.440225 -0.296995 
5.68412 0.186101 -0.769509 -0.421395 -0.586057 -0.380899 -0.416258 0.163154 0.198734 -0.0343419 -0.0562468 -0.0905441 0.0910026 -10.7176 1.42447 2.2809 1.09049 3.20176 0.338528 -3.43747 -4.4669 -0.704937 0.560091 0.764042 -0.995175 -0.304615 -6.15796 -1.65631 4.40556 1.38096 3.43751 0.293652 0.644811 -3.45189 -2.69337 -0.67203 0.0485292 0.0962903 -0.768162 
5.18781 0.225561 -0.644785 -0.3626 -0.443636 -0.450479 -0.563254 0.0246522 0.178648 -0.0161887 0.0245193 -0.151872 0.087292 -9.75607 0.51186 3.48565 1.41981 3.94172 -0.842322 -2.84476 -4.881 -0.510943 0.210883 0.598116 -0.437626 -0.0333188 3.8682 -2.11911 0.980303 -0.529302 0.614256 -0.547507 3.8581 -0.522196 -0.749195 -0.644157 -1.04013 1.03909 -0.483732 
4.73166 0.168717 -0.438143 -0.209081 -0.282155 -0.364936 -0.558564 -0.208578 -0.0239299 -0.0099118 0.0405498 -0.20356 0.022622 -6.11497 -0.493008 3.45624 1.74691 3.10422 -1.6691 -1.684 -3.59905 -0.852119 0.195153 0.432956 0.069571 0.277437 13.8204 -1.99125 -2.77306 -1.73535 -2.86705 -2.61847 4.5479 4.01034 2.34519 -0.487434 -1.54214 1.95928 0.852749 
4.59179 0.192604 -0.397782 -0.276623 -0.189358 -0.318237 -0.589142 -0.268603 -0.00445853 -0.0139311 -0.0708378 -0.130271 0.00503823 -1.50277 -1.41113 2.59201 1.79277 1.14137 -1.32925 -0.649691 -1.36361 -0.441071 -0.338328 0.245027 0.52657 0.35615 16.8769 -1.6885 -4.16022 -0.8003 -5.74827 -2.45866 3.00147 6.89822 3.18637 -0.622352 -0.537118 1.64111 1.47015 
4.81476 0.131048 -0.384706 -0.323981 -0.187537 -0.423072 -0.495168 -0.306969 0.0689368 -0.0928453 0.00386162 -0.123567 0.0356879 1.89952 -1.78511 1.31506 1.98658 -0.693081 -1.22114 0.300825 0.65288 0.0943791 -1.00076 -0.138083 0.917225 0.838392 10.3805 -0.521941 -3.57908 1.0343 -5.98253 0.0444424 -0.0178021 6.77462 1.58567 -0.511997 0.05489 0.587709 1.43836 
5.13123 0.0796377 -0.408404 -0.297444 -0.222206 -0.626512 -0.400924 -0.253455 0.135549 -0.0182065 -0.0243221 -0.0859662 0.0775293 3.32482 -2.34193 1.07335 3.40718 -2.88862 -1.02666 1.171 2.44728 -1.14185 -0.981722 0.202313 0.436965 1.16734 -1.94799 0.0680441 -0.587377 3.294 -4.14731 2.76889 -1.5377 3.61129 -2.12599 -0.734808 1.058 -1.2673 0.516609 
5.52566 0.00383906 -0.506686 -0.203958 -0.402425 -0.679846 -0.400772 0.0327602 0.116659 -0.00783214 -0.0710429 -0.0283622 0.149276 2.95962 -2.37514 0.821959 4.72281 -4.34486 -1.24486 1.4374 3.64596 -2.19265 -0.582492 0.669101 -0.274297 1.34721 -11.6842 0.384365 2.44047 4.31667 -0.888677 3.15223 -0.810068 -1.18454 -5.16839 -0.0023212 1.50152 -2.73169 -0.60963 
5.60313 -0.0203976 -0.499266 -0.176534 -0.605981 -0.436913 -0.494599 0.159665 0.193066 -0.162561 -0.0168879 -0.0160529 0.101953 0.75683 -2.31644 0.901438 5.63888 -4.10966 -1.19941 1.84182 3.26082 -3.38541 -0.318919 0.965011 -0.967128 1.29602 -12.6222 0.402955 2.8528 3.03145 2.49049 0.0827832 1.24451 -3.9856 -5.40061 1.44752 0.784036 -2.59358 -0.704007 
5.31566 0.0349742 -0.512955 -0.0616565 -0.569221 -0.461834 -0.518494 0.100658 0.106219 -0.174723 -0.0155447 -0.0617775 0.208155 -0.971769 -1.92069 0.368723 4.8224 -2.8966 -0.329978 1.21998 1.75868 -2.61474 -0.688834 0.246914 -0.634046 0.783412 -4.37994 0.0231802 0.654449 -0.916578 3.94794 -1.72421 1.86332 -4.46771 -0.750176 1.03309 -0.492739 -0.448371 -1.1052 
4.89763 -0.121311 -0.239102 0.298577 -0.688459 -0.510939 -0.371428 0.10548 -0.31512 -0.0849495 0.10892 -0.229878 0.163123 -0.604366 -1.7547 -0.131289 3.04491 -2.09246 0.464728 0.807827 0.389063 -0.167184 -1.41128 -0.781392 0.210418 0.166497 6.97936 0.524409 -3.36944 -6.21525 3.68449 -1.24205 0.0794352 -3.00701 7.40563 -0.767746 -3.08711 3.15486 -0.91308 
4.87377 -0.116587 -0.264824 0.378832 -0.707257 -0.559644 -0.327419 0.115255 -0.372118 -0.0252437 0.0808516 -0.245802 0.148521 0.0886497 -1.46786 -0.801253 1.13802 -1.03669 0.702067 0.718616 -0.507238 1.90692 -1.3048 -1.61908 0.643419 -0.0606791 11.9101 0.535868 -4.83599 -8.0613 1.51315 1.14382 -1.93004 -0.341293 10.9927 -2.2213 -3.82269 4.41026 -0.469419 
4.90605 -0.10809 -0.345418 0.272402 -0.552157 -0.62795 -0.239817 0.0334923 -0.292077 -0.069268 0.032177 -0.200067 0.186901 2.54349 -1.29613 -1.9234 -0.539654 -0.688947 0.674626 0.919318 -0.047274 2.7724 -0.537694 -2.46373 0.857041 0.172557 9.26903 0.482818 -3.40635 -5.56735 -1.5021 3.20057 -2.5194 2.25225 7.53705 -1.29397 -2.50698 2.42455 0.00893468 
5.24302 -0.122887 -0.525737 0.044062 -0.491187 -0.546083 -0.378473 -0.11021 0.107407 -0.237455 -0.0841834 -0.0343269 0.134597 5.38768 -0.917614 -2.78113 -2.90447 -0.666449 1.61476 0.685009 0.705561 3.96325 -0.499712 -2.84453 1.17985 -0.0276615 1.46473 0.632201 -0.273965 -1.14398 -2.30473 2.52161 -0.514697 3.62417 -1.23752 1.53126 0.0760942 -1.36408 0.852495 
5.65113 -0.182255 -0.565895 -0.0568225 -0.671151 -0.490681 -0.390851 0.0104754 0.462848 -0.282826 -0.258446 0.109125 0.102597 7.86356 -0.324178 -3.78486 -4.85691 -0.578735 2.4469 0.29721 0.82906 4.9919 -0.63981 -2.87426 1.33885 0.0555932 -4.07307 0.627354 1.78521 1.5458 -0.994162 1.09099 1.39381 2.06138 -7.88552 2.9033 2.70866 -3.89831 0.675249 
5.54604 -0.166108 -0.624057 -0.0555518 -0.685813 -0.392625 -0.401842 0.141274 0.384699 -0.216389 -0.241138 0.017431 0.164457 7.77485 -0.177409 -3.24157 -4.80546 -1.42859 2.80972 0.69656 0.845823 3.73098 -0.240007 -1.84029 0.716106 -0.254093 -3.29277 0.739692 1.86629 1.21114 0.168325 -0.598461 2.14222 -0.9565 -6.98447 1.92094 3.19158 -2.83875 -0.407115 
5.59715 -0.161571 -0.668166 -0.0546334 -0.753445 -0.333682 -0.329783 0.221253 0.168441 -0.113744 -0.238683 -0.0835695 0.211609 5.93354 0.355195 -2.52473 -3.59404 -2.44084 2.6444 1.0028 0.945085 1.33501 0.95916 -0.467262 -0.548158 -0.669385 -1.82686 0.836752 1.1418 0.550175 0.501011 -1.62324 1.3598 -3.10976 -2.55091 0.355353 2.7616 -0.842417 -1.48379 
5.61553 -0.120932 -0.651704 -0.223368 -0.668067 -0.308914 -0.303505 0.182963 0.167221 -0.129093 -0.232324 -0.0854604 0.177983 2.27108 1.08338 -1.26248 -2.56037 -2.37551 1.10501 2.1116 0.353433 -1.33921 2.14128 1.50035 -1.77016 -1.10186 -2.12018 0.917092 0.722598 1.04861 -0.606957 -2.43609 0.455553 -3.0501 0.512381 0.111239 2.39275 0.207219 -1.93392 
5.88589 -0.161551 -0.709202 -0.275579 -0.713235 -0.27276 -0.264236 0.105213 0.22877 -0.150044 -0.200094 -0.0866109 0.135105 -2.72617 1.8473 0.119252 -2.29257 -1.02396 -0.0776673 1.57652 -1.52299 -2.83208 2.65067 3.21389 -2.30351 -1.57835 -7.43355 1.41301 1.94952 1.45353 -0.114449 -2.88303 -0.743099 -1.83654 0.16788 1.08124 2.28962 -0.0764006 -1.30926 
5.90984 -0.126992 -0.713826 -0.278379 -0.834584 -0.28144 -0.187716 0.0736399 0.213688 -0.121115 -0.135887 -0.0781273 0.0748985 -10.9058 1.83684 2.59858 -1.52671 1.52872 -0.577944 1.27178 -3.01593 -3.20532 1.89976 2.86337 -1.90721 -2.46275 -16.6514 1.01753 4.20546 1.70312 3.85942 -1.85066 -1.59492 -1.36216 -2.0455 0.743273 1.00894 -0.702437 -0.510384 
5.75457 -0.037859 -0.756969 -0.232944 -0.888215 -0.295222 -0.220076 0.0740854 0.133375 -0.00494778 -0.0772402 -0.180665 0.0446932 -18.573 1.08885 4.42992 0.00256026 4.80843 0.245632 -0.277843 -4.69464 -3.3932 1.58526 2.99758 -1.64372 -2.70152 -20.8999 -0.944584 5.6613 1.97938 8.11605 0.949838 -2.46758 -2.32337 -2.81012 -0.688374 -0.651688 -0.0748698 0.0343941 
5.47913 0.020098 -0.642907 -0.29729 -0.857934 -0.487249 -0.102104 -0.00673175 0.0901323 0.0508949 0.0927263 -0.210985 -0.0335337 -24.516 -0.146362 5.37866 1.22148 6.84182 1.06013 -1.02625 -4.92499 -3.88965 1.31074 2.31805 -1.58425 -2.4187 -17.3398 -3.26723 4.09098 2.22618 9.00462 4.16462 -2.91246 -2.13595 -1.54445 -2.15924 -2.83921 0.77872 0.572015 
4.86748 0.079574 -0.462012 -0.345752 -0.689037 -0.465229 -0.305324 -0.158354 -0.0183298 0.122987 0.189798 -0.248727 -0.0342669 -27.0378 -0.943964 5.72605 1.99597 8.48331 1.49625 -1.45593 -4.56327 -4.10501 0.995721 1.60286 -1.56013 -2.08662 -3.99366 -4.27128 -0.0934164 2.38203 4.7709 4.28839 -1.02071 -0.150006 0.641943 -2.27767 -3.27515 1.031 0.789862 
3.46787 0.0108063 -0.121483 -0.192588 -0.21326 -0.343668 -0.213982 -0.225373 -0.21416 -0.0452657 -0.039894 -0.249227 -0.138463 -25.9072 -1.74458 5.6575 2.34747 9.32611 1.8422 -2.09463 -4.30028 -3.08942 0.538006 0.333333 -1.24415 -1.46711 13.0746 -2.5525 -4.21877 0.83302 -2.44722 1.32 -0.0152511 2.03023 3.19674 -0.396085 -1.71621 0.710376 1.37818 
3.18152 -0.145496 -0.0996757 -0.0372637 0.101296 -0.0985219 -0.467245 -0.49428 -0.239386 0.0401833 0.114291 -0.257402 -0.114642 -21.9948 -2.19071 5.07142 2.2335 8.41728 2.40304 -2.10296 -3.44116 -1.57786 -0.175368 -0.73968 -0.451566 -0.737893 19.9453 0.668783 -4.7511 -1.23191 -7.44753 -2.2768 1.57713 4.1432 4.24575 0.34196 -1.25671 0.477027 1.45475 
2.95755 -0.267821 -0.134095 -0.111427 0.0710339 -0.100945 -0.373367 -0.391048 -0.202225 -0.0139859 -0.00335747 -0.250864 -0.112959 -15.8644 -2.06658 3.70824 2.406 6.16084 2.11737 -2.10947 -2.41603 -0.605644 -0.51576 -1.76804 -0.0854734 -0.0379598 17.6395 3.00942 -2.50331 -1.66342 -7.62149 -3.83912 1.1332 2.94013 3.2637 0.485134 -0.318932 0.575179 1.25629 
3.12998 -0.235778 -0.17149 -0.025815 0.0724546 -0.168313 -0.337426 -0.348247 -0.223096 0.0200141 0.0386133 -0.299161 -0.139756 -8.77942 -1.51573 2.59368 2.49176 3.17964 0.515648 -1.14254 -0.997559 0.0977504 -0.598347 -1.63319 0.155102 0.27777 8.42209 3.01094 0.30854 -0.98903 -5.08356 -3.0706 0.225938 1.3089 0.926297 -0.230364 -0.110736 0.770322 0.895224 
3.08377 -0.214471 -0.0835512 -0.0169124 0.114374 -0.200899 -0.44725 -0.408542 -0.089873 0.0478061 -0.0725258 -0.278185 -0.0937352 -1.5945 -0.126954 1.75772 1.72229 0.377995 -0.893892 -1.35197 -0.328063 1.00408 -0.148709 -1.15873 0.393047 0.891035 1.73536 1.90345 1.392 0.276331 -1.94362 -1.61315 0.223603 0.185988 -1.36692 -0.805991 0.348506 0.605798 0.218285 
3.04873 -0.182277 -0.0507384 -0.0651123 0.0350535 -0.118363 -0.431059 -0.348482 -0.0266878 -0.00280687 -0.0717631 -0.21753 -0.0482605 1.09619 1.27511 1.67653 1.25334 -0.549732 -1.94721 -1.01837 0.203245 0.875027 -0.5456 -1.46517 0.402504 0.725318 1.66145 0.909479 0.334152 0.735797 0.412143 -0.7471 -0.59262 -0.837201 -1.86802 -0.230058 0.994059 -0.10617 -0.328791 
3.08202 -0.16495 -0.0253147 0.00303025 -0.0173993 -0.271994 -0.450992 -0.413067 -0.121226 -0.0251936 -0.117878 -0.230832 -0.0486141 6.27164 1.27938 0.913996 1.22511 -1.46994 -1.79053 -1.00209 0.358048 0.907822 -1.05098 -1.45313 0.734667 0.415054 6.34309 -0.0971376 -1.68665 -0.34843 0.163378 0.449878 0.139726 0.404882 -0.289215 -0.476597 0.229256 -0.0992675 -0.823107 
2.99686 -0.16249 0.0771763 0.120769 -0.0187362 -0.355164 -0.412824 -0.335499 -0.198029 -0.035607 -0.049692 -0.236853 -0.0702081 13.484 0.904463 -0.492894 1.25749 -3.55755 -3.03793 -1.11206 1.34701 1.30316 -1.56975 -0.833265 1.59965 0.520741 15.1664 -0.707393 -3.96747 -0.860596 -2.27546 -0.269008 0.0480847 1.51776 1.66897 -0.715413 0.081824 0.744622 -0.576481 
3.16582 -0.0729983 0.100729 0.0720555 0.0248297 -0.301623 -0.530571 -0.415406 -0.0837576 -0.014291 -0.121735 -0.1968 -0.00407625 20.3472 0.681243 -2.1606 1.93977 -6.14769 -4.59367 -0.000877887 3.10153 0.392536 -1.75047 0.493946 2.33233 0.804836 19.1977 -1.4301 -4.65473 0.10102 -5.95665 -2.54959 1.28534 3.61054 1.22533 -0.955816 1.17382 1.92437 0.231471 
3.36636 -0.0218607 0.00444695 0.0601825 0.077055 -0.323617 -0.565302 -0.430443 -0.114174 -0.0499274 -0.107726 -0.240316 -0.0610293 24.5138 0.337682 -3.07969 2.59409 -8.30088 -5.17206 1.16164 3.55875 -0.0654608 -1.459 1.17683 2.80503 0.767159 15.0129 -1.37364 -3.02833 1.56664 -8.12562 -3.48396 2.8576 3.8336 -0.471908 -0.29608 2.37848 2.55929 1.09594 
4.32011 -0.184098 -0.161668 0.0393986 -0.241681 -0.322537 -0.415882 -0.239703 -0.017183 -0.185027 -0.2378 -0.147193 -0.107583 25.8781 -0.117966 -3.16108 2.50275 -9.63814 -4.5542 2.11168 3.81698 -0.406079 -1.13722 1.85467 3.02518 0.763351 0.765902 -0.233186 0.58992 2.24307 -4.92038 -2.18408 2.78717 0.955721 -2.94603 1.28836 3.0249 1.10383 1.07167 
5.39395 -0.135638 -0.29523 0.166421 -0.581449 -0.726534 -0.551951 -0.0965578 0.082552 -0.176965 -0.0268016 0.00539177 -0.0039344 24.6195 -0.314451 -2.98587 2.54953 -10.2587 -4.28476 2.90764 3.24804 -1.21192 -0.785902 2.09449 3.00486 0.661865 -14.5429 0.194535 3.66586 0.927695 0.907584 2.45791 2.63549 -2.55244 -3.83808 1.90619 1.08113 -1.1279 -0.27543 
5.70023 -0.104722 -0.353974 0.291342 -0.871978 -0.875804 -0.336236 0.114951 -0.146654 -0.175695 0.0917093 0.0967526 0.101419 20.4053 -0.685018 -2.08704 2.98237 -9.9524 -3.78789 3.50109 2.57913 -2.24461 -0.297435 2.35576 2.60987 0.442912 -19.5863 0.16803 4.2938 -1.03166 5.75706 5.29806 0.0448132 -5.29545 -1.69676 1.68473 -1.34047 -2.5684 -1.47149 
5.7264 -0.128677 -0.322363 0.352514 -1.05125 -0.767606 -0.185825 -0.0182031 -0.180916 -0.141318 0.0828254 0.104514 0.0237442 14.2667 -0.773852 -0.516774 2.7412 -8.09335 -3.00822 3.08532 1.81818 -2.893 0.414561 2.17928 1.94385 0.739018 -15.3729 -0.203952 2.8589 -1.9554 7.38485 3.87544 -2.19066 -3.57118 -0.170748 0.743912 -2.14972 -2.64099 -1.07121 
5.73028 -0.175494 -0.213659 0.318706 -1.03952 -0.713393 -0.193825 -0.045445 -0.253314 -0.117754 0.119448 0.0612346 0.00473817 6.53326 -0.431849 0.685989 1.88365 -4.5383 -2.24373 2.52815 0.323334 -3.1959 0.950041 1.85126 0.737317 0.721962 -7.05623 -0.416947 0.542417 -1.86376 5.77372 0.598782 -2.47954 -0.811404 1.3448 -0.122093 -1.96705 -1.51368 0.113574 
5.70334 -0.130666 -0.222019 0.364012 -1.06341 -0.757214 -0.148123 -0.0957439 -0.308104 -0.111123 0.115391 0.0874337 -0.00599009 1.05988 -0.590769 0.927336 0.774994 -1.69509 -0.753561 2.19903 -0.281085 -2.78231 0.851901 0.649352 -0.28534 0.255712 -1.57494 -0.109247 -0.961405 -1.47653 3.70216 -1.80049 -2.12443 1.41823 1.77482 -0.339771 -0.653438 -0.734656 1.05018 
5.72622 -0.168691 -0.218403 0.403599 -1.09155 -0.717702 -0.170742 -0.138366 -0.31553 -0.0853013 0.0938369 0.0808602 0.00229192 -0.455257 -0.515083 0.302596 -0.0661631 0.454236 -0.67352 0.661075 -0.2056 -1.11782 0.542539 0.258448 -0.768336 0.174871 -0.57394 0.389575 -1.88832 -1.24978 2.20562 -1.68759 -0.703112 2.25496 1.72092 -0.67414 0.0933263 -0.367215 0.809532 
5.71625 -0.211672 -0.153879 0.366695 -1.02601 -0.804561 -0.215344 -0.0122076 -0.39167 -0.0684876 0.110334 0.0424659 0.0665169 -0.967148 -0.382975 -0.461834 -0.601876 1.83665 -1.28641 -0.487518 0.932877 0.0886713 -0.0452038 0.355367 -0.582991 0.483066 -0.81477 0.604271 -2.13982 -0.86266 1.21593 0.0540821 -0.532642 1.14966 2.63479 -1.02091 0.277164 0.154217 -0.3611 
5.70447 -0.202553 -0.189055 0.301103 -0.930005 -0.906598 -0.128472 -0.0760882 -0.344257 -0.0816201 0.112957 0.0215473 0.077066 -1.97005 -0.382147 -0.925721 -0.791108 2.39619 -1.06618 -1.38038 1.49271 1.36884 -0.739576 0.294584 -0.234555 0.589245 -1.59765 0.271739 -1.11584 -0.261779 0.640434 1.59479 -1.89209 0.89514 2.66805 -1.35415 0.332809 0.736139 -0.682597 
5.66183 -0.17016 -0.270141 0.324536 -0.961311 -0.872275 -0.149029 -0.00331676 -0.343893 -0.0790743 0.112249 0.0165783 0.0574837 -4.81789 -0.334149 -0.674447 -1.21217 3.04556 0.429025 -2.40473 1.88191 2.44231 -1.29788 0.11719 -0.408792 0.548585 -4.09986 -0.070108 0.605473 -0.0411011 0.709842 2.73532 -2.59867 0.152131 2.31456 -1.44502 -0.139757 0.765442 -0.38413 
5.64453 -0.1686 -0.346829 0.303916 -0.889979 -0.857243 -0.214436 0.0468243 -0.237513 -0.115469 0.138763 0.00170591 0.0655415 -7.07532 0.0439373 -0.871586 -1.10417 2.88221 1.99881 -2.8118 1.80975 2.61859 -1.33426 -0.00521164 -0.508612 0.612105 -5.99534 -0.146204 1.67583 0.250805 0.020865 3.71951 -2.04822 -0.468878 0.51736 -0.512706 -0.697884 0.0808299 0.258571 
5.57512 -0.201379 -0.321221 0.2585 -0.795678 -0.876567 -0.302361 0.0840311 -0.145522 -0.171277 0.153972 0.0536688 0.0484778 -6.28345 0.0774034 -0.955941 -0.870225 1.58316 3.19632 -3.36093 1.65305 2.40841 -0.814009 0.0414149 -0.385642 0.50148 -3.30532 0.14196 1.21491 0.397076 -1.68375 3.26416 -0.652357 -0.469848 -1.67642 1.17438 -0.601382 -0.789009 0.714087 
5.38839 -0.22842 -0.27741 0.260445 -0.758235 -0.803723 -0.417974 0.0980834 -0.0839915 -0.239802 0.141217 0.0739685 0.081832 -3.90494 0.0212142 -0.970531 -1.17293 0.247032 3.60065 -3.80043 2.39265 2.16456 -0.295952 0.119851 -0.117494 0.417525 4.00578 0.461839 -0.563024 -0.109921 -3.40971 1.08026 0.976823 0.158375 -2.36807 2.45368 0.00991251 -0.641964 0.235541 
4.83779 -0.183042 -0.223261 0.221728 -0.677181 -0.561778 -0.498882 0.118548 -0.0209406 -0.259861 0.0808832 -0.0102367 0.0834017 -0.605965 -0.184832 -1.02627 -2.07812 -0.325753 2.92473 -2.84758 2.58567 2.18387 0.0986445 0.229689 -0.0289122 0.200344 12.7061 -8.2776e-05 -1.96854 -1.07396 -3.83854 -2.44202 2.16851 1.2723 -1.4858 2.30723 0.880257 0.429752 -0.570437 
4.79595 -0.158442 -0.327316 0.273118 -0.759916 -0.450452 -0.477955 0.107083 -0.118656 -0.173194 0.0900614 -0.042249 0.142523 3.1408 -0.191029 -1.46845 -2.87066 -0.924984 1.72674 -1.20624 2.73934 2.14924 0.513965 0.190923 0.236148 -0.266042 14.7184 -0.522476 -1.76421 -2.54177 -1.51336 -4.98767 2.96969 1.65114 1.11729 0.569594 0.910321 1.33766 -1.50349 
5.30282 -0.20401 -0.329964 0.232399 -0.932791 -0.516218 -0.567652 0.189929 -0.158625 -0.0818328 0.152929 -0.0107555 0.125762 6.72513 0.0902773 -2.46463 -3.41178 -1.2887 0.513008 0.491643 2.98894 1.96137 0.926787 0.299026 0.336835 -0.561333 8.30661 -0.24137 -1.32066 -2.59138 1.57507 -4.62526 3.80014 0.801505 2.33989 -1.06004 0.165516 1.28784 -1.49769 
5.6061 -0.181527 -0.421067 0.101564 -0.984293 -0.555571 -0.583721 0.338381 -0.0326417 -0.102531 0.155033 0.050628 0.0830164 9.41157 0.371718 -3.36096 -3.58687 -1.17662 -0.594393 1.90078 2.98624 1.76292 0.845582 0.345841 0.590391 -0.772839 -0.245312 0.387151 -0.757574 -0.699992 2.88807 -2.01447 3.40699 -0.820697 1.02514 -1.48216 -0.538322 0.335285 -0.500735 
5.82341 -0.222853 -0.454181 -0.0333481 -0.903038 -0.635838 -0.436318 0.369233 0.0636371 -0.125491 0.170779 0.0339252 0.0406484 11.1614 0.165654 -3.52165 -3.39987 -1.05814 -1.21774 3.00796 2.70323 1.41847 0.371274 0.180861 0.666316 -0.635695 -5.82726 0.888594 -0.280524 1.63949 1.71491 1.40131 1.68595 -1.64739 -1.38452 -0.981409 -1.02919 -0.678004 0.810841 
6.0184 -0.218456 -0.515718 -0.11809 -0.863774 -0.741572 -0.315462 0.379764 0.151674 -0.13446 0.148969 0.0873505 -0.00627936 9.3148 0.335108 -3.13911 -3.15674 -0.660099 -0.664315 3.77661 2.37611 1.18354 -0.269081 -0.386771 0.329685 -0.620831 -6.35554 0.683949 0.323572 2.93897 -0.588764 3.51988 0.0835215 -1.51457 -3.26206 -0.305135 -0.983535 -1.38389 1.58028 
6.08855 -0.160606 -0.619748 -0.140117 -0.869677 -0.731618 -0.261175 0.436838 0.104277 -0.103438 0.161723 0.0825409 0.0104815 5.50989 0.982564 -3.13544 -2.49863 -0.163595 0.347102 4.45965 1.612 0.801295 -0.796184 -0.994028 -0.191891 -0.523823 -4.61677 0.308746 1.10726 2.2122 -1.69265 3.26113 -0.659072 -0.979229 -2.39072 -0.333509 -0.940637 -1.30271 0.871932 
6.06184 -0.117599 -0.695028 -0.102849 -0.863526 -0.649476 -0.235139 0.424759 0.0720942 -0.154176 0.133131 0.0760131 0.0389921 2.47375 1.62305 -2.80138 -2.01187 0.123002 1.13332 4.36293 0.482765 0.20148 -0.802269 -1.69414 -0.214862 -0.632013 -3.76046 0.63731 1.12936 0.13781 -0.743578 1.50461 -0.36525 -0.763725 -0.171335 -0.294615 -1.1109 -0.381211 -0.59581 
6.18279 -0.18473 -0.659335 -0.105092 -0.925694 -0.562745 -0.149307 0.422298 0.0130845 -0.162521 0.0909154 0.011817 0.0820905 0.0675888 2.23329 -2.46481 -1.76202 0.30912 1.81027 3.44777 -0.245197 -0.155884 -0.578559 -2.36948 0.0280927 -0.70315 -3.94046 1.40855 0.520308 -1.35216 1.38756 -0.524861 -0.472405 -1.26033 1.49452 0.0576113 -1.16743 0.914809 -1.6455 
6.17053 -0.13665 -0.686693 -0.134052 -0.998987 -0.510738 -0.0656378 0.466743 -0.0140816 -0.159638 0.0530941 -0.00160357 0.0496232 -1.07771 2.06743 -1.78158 -1.67731 0.745611 1.90575 2.63917 -0.948295 -0.0113769 -0.334102 -2.71456 0.107991 -0.744624 -2.77255 0.972638 0.349474 -1.36436 2.7446 -1.66554 -1.32439 -1.85147 1.85695 0.612142 -0.976891 1.63617 -1.27513 
6.06643 -0.0363018 -0.7672 -0.183484 -0.951403 -0.522638 -0.00488959 0.458876 0.07295 -0.214604 0.024768 -0.00566606 -0.0121874 -1.31713 1.65998 -0.956293 -1.62626 0.911303 1.46664 1.73434 -1.28589 0.536006 -0.112649 -2.68669 0.295675 -0.869008 -0.404289 -0.554235 0.966221 -0.074514 1.83547 -1.31768 -2.36874 -1.34002 0.680142 1.1827 -0.142147 1.1345 0.135188 
5.94266 0.0494518 -0.791264 -0.289576 -0.835657 -0.514776 0.0305614 0.351986 0.11642 -0.208903 -0.093355 0.0887639 -0.0812135 -1.0435 1.12886 0.0268934 -1.59167 0.8736 0.627869 0.832054 -1.33245 0.89663 0.231758 -1.98923 0.326878 -0.76826 2.23665 -2.29666 2.00268 1.50539 -0.520588 -0.833958 -2.63036 0.0418683 -0.296211 0.90392 1.5241 -0.398871 1.48291 
5.88101 0.0771487 -0.792082 -0.315755 -0.772117 -0.492541 -0.0044105 0.307253 0.0883146 -0.15735 -0.151361 0.103396 -0.0702619 -0.723314 0.491207 0.798322 -0.943947 1.1566 -0.00890523 -0.748167 -1.81679 1.04574 0.444282 -0.883223 0.531933 -0.306595 3.56794 -3.02053 2.61214 2.20435 -2.11485 -0.625766 -2.38859 0.727758 -0.573098 0.260798 2.99121 -1.22232 1.877 
5.99331 -0.000546611 -0.756778 -0.292727 -0.758049 -0.52182 -0.0171963 0.267121 0.123673 -0.137167 -0.165079 0.0967024 -0.0482056 -2.56952 0.318147 1.59424 0.727986 1.82556 -0.951213 -1.83463 -3.08367 0.903886 0.778854 -0.258534 0.346557 0.187278 -0.543436 -1.10826 1.9462 2.75099 -1.17242 -1.07576 -1.84053 -0.400633 -0.501939 -0.089698 2.89294 -1.03973 1.16163 
6.01853 -0.0108647 -0.719993 -0.260062 -0.83858 -0.494794 -0.0875464 0.319806 0.129354 -0.134626 -0.128541 0.0725612 -0.0324868 -3.40733 -0.0806679 2.25196 2.77745 1.27789 -1.67468 -2.2678 -4.05278 0.583055 0.96169 0.663366 0.0955253 0.654192 -4.77915 0.827762 0.673576 3.40971 0.728301 -1.85637 -0.68004 -2.78064 -0.0837588 -0.169245 1.67591 -0.230212 0.221697 
6.05913 -0.0621967 -0.601548 -0.272134 -0.875752 -0.545456 -0.0977863 0.306231 0.136331 -0.142707 -0.0464655 0.0357559 -0.00370676 -3.19957 -0.0674812 2.10833 3.69077 0.450198 -2.24599 -2.14579 -3.93623 0.438626 1.12675 1.42764 -0.268334 0.948582 -5.56724 2.06117 -1.05744 2.9454 1.24806 -1.73047 0.585451 -3.19149 -0.0277936 0.364694 -0.134569 0.513968 -0.425511 
6.0968 -0.117987 -0.555838 -0.19844 -0.804785 -0.551094 -0.258969 0.179236 0.131695 -0.122072 0.0393648 0.0756825 0.0473369 -3.00063 0.154834 1.59217 3.75272 -0.0511503 -2.14949 -1.61283 -3.59448 0.0560494 0.877718 1.8591 -0.35959 0.55002 -1.93213 1.71193 -2.10297 0.877513 -0.363062 -0.532225 2.12134 -0.525173 -0.466234 0.350322 -0.89773 0.201724 -0.901053 
5.41276 0.0819783 -0.559536 0.0365174 -0.615898 -0.711297 -0.248777 -0.0747051 0.147616 -0.0731027 -0.0516367 0.0582369 0.00360232 -2.93979 0.507058 0.818676 3.86438 -0.680283 -1.30828 -1.57537 -2.91218 -0.616445 0.710096 1.9968 -0.389787 0.372916 5.52046 -0.41923 -2.16302 -1.91489 -2.94356 2.07298 1.7324 3.55188 -1.13027 -0.25887 -0.0716028 -0.193621 -0.591321 
5.48767 0.0321166 -0.534935 0.202503 -0.750992 -0.758733 -0.214909 -0.180071 0.170462 -0.0922859 0.0343044 0.0702039 0.0178247 -2.47951 0.298346 0.791311 3.59316 -1.27049 -0.151888 -1.83932 -2.00044 -1.6859 0.662578 1.82038 -0.43789 0.25023 6.71534 -1.41413 -0.855299 -3.31507 -3.1883 4.09767 -0.290907 5.61971 -2.26069 -0.591111 0.31369 -0.598959 -0.247937 
5.70847 0.0518736 -0.596702 0.0643944 -0.818476 -0.767815 -0.189368 -0.0605229 0.151909 -0.0111851 0.0256084 0.0650269 0.0440071 -2.72227 -0.0818725 1.44077 3.21689 -1.49826 1.61474 -2.50529 -0.86473 -2.36066 0.222917 1.62271 -0.479639 0.0550573 2.19338 -1.92963 1.89757 -1.72362 -1.36156 4.67414 -2.55853 3.80724 -2.38872 -1.22496 0.571556 -0.53206 0.0285842 
5.7715 0.0190077 -0.617128 0.0461392 -0.848342 -0.671986 -0.177062 -0.000462358 0.0577747 -0.0709783 0.0902682 0.0328134 -0.0288994 -5.93139 -1.45575 3.66358 0.977103 0.00922811 1.93625 -2.08199 -0.00368654 -2.6786 -0.142349 1.19712 -0.704308 -0.101516 -6.7811 -2.16396 5.03972 -1.2285 2.88614 2.19613 -2.77499 0.238278 -1.12157 -0.842298 -0.375563 -0.0757586 0.366834 
5.77124 0.00925244 -0.636907 0.175218 -0.962884 -0.552906 -0.309126 0.0524802 0.00576563 -0.0805869 0.135243 0.0158007 0.025854 -8.87802 -4.40722 6.26717 -1.25735 2.37421 5.14314 -2.41843 -0.243059 -2.6812 -0.788185 0.176502 -1.13791 0.13095 -14.5212 -3.4712 7.11621 -2.44243 7.46754 1.39283 -0.469301 -3.40845 0.723089 -0.722831 -2.35482 -0.247569 0.0517264 
5.70328 -0.0508361 -0.45571 0.173455 -1.01843 -0.452603 -0.444676 0.0963119 -0.158309 -0.0565979 0.145511 -0.00220792 0.0359171 -17.1001 -4.72092 7.40219 -2.1083 5.3094 6.72664 -2.41597 -0.5957 -2.99902 -1.22932 -0.687398 -1.31933 0.109376 -17.7645 -3.47998 5.06271 -3.32338 8.79959 1.75574 2.13917 -4.01277 1.87303 -0.850448 -2.90708 -0.367579 -0.0234726 
5.42349 -0.0933877 -0.257218 0.222909 -0.892252 -0.316521 -0.564115 0.0437471 -0.137233 -0.137668 0.172171 0.00482974 0.0191777 -25.058 -5.02301 6.98909 -2.0567 7.27897 6.40378 -0.806946 -1.39435 -2.14161 -1.21971 -1.34106 -1.23967 -0.109564 -16.3941 -1.60098 -0.738634 -2.84405 6.06973 1.24146 4.49848 -1.89388 1.80208 0.0184419 -2.5863 -0.390433 -0.22089 
4.4824 -0.298269 0.103756 -0.10714 -0.42539 -0.569908 -0.39814 -0.0769671 -0.123397 -0.109729 0.0877781 -0.0118266 0.00576857 -24.0992 -5.35347 4.08047 -2.85463 6.98326 6.14592 0.781101 -2.109 -1.11583 -0.210575 -1.49059 -1.3487 -0.408738 -2.64139 1.32481 -8.77302 0.432929 -1.68276 1.21984 4.16026 0.637263 1.23899 1.08346 -0.154244 -0.236211 -0.734576 
4.10675 -0.681946 0.318142 -0.156674 -0.187137 0.152375 -0.461682 -0.289126 -0.103698 -0.19742 -0.134709 -0.125863 0.0415924 -15.7032 -5.08215 1.27054 -3.79492 5.78899 4.91797 2.00794 -2.65133 -0.303807 0.703032 -0.887433 -1.26323 -0.848376 17.6372 3.97953 -12.5776 1.73067 -8.25424 -3.85458 2.72731 2.17135 0.933992 2.8236 3.04975 0.53544 -0.986857 
3.14544 -0.413451 0.174116 -0.0940532 -0.12628 0.122649 -0.440379 -0.117108 -0.261251 -0.226293 -0.0252944 -0.0913983 0.0313147 -6.47556 -4.42212 -1.04896 -3.75403 3.48774 3.14626 2.62457 -1.74934 0.358128 0.620639 -0.616494 -0.691628 -0.290626 35.3287 2.18447 -8.5009 0.740436 -10.0555 -5.7957 0.263127 1.60114 1.17676 2.4264 3.1511 1.00662 -0.123601 
2.55099 -0.472077 -0.0602523 -0.108542 -0.0764151 -0.0861614 -0.128972 -0.107504 -0.0982205 -0.127927 -0.0735751 -0.0784949 -0.0288766 2.98832 -3.54095 -2.5335 -2.74486 -0.0461496 0.821787 2.10408 -0.634475 0.506646 1.18201 -0.131383 -0.859449 0.263295 36.309 0.641334 -0.190198 0.310786 -7.67059 -5.42201 -3.24971 1.04743 0.488721 0.417927 1.96092 0.663696 1.4136 
3.76999 -0.629915 -0.488255 -0.226049 -0.389734 0.109587 -0.144659 -0.217796 -0.100107 0.0116691 0.0363569 -0.15637 -0.0933385 11.6644 -1.89889 -3.43982 -0.816902 -3.22486 -1.28027 1.52196 0.062158 0.446754 1.57045 0.766465 -0.390143 0.422889 15.0005 0.424524 7.34601 1.21161 -1.96612 -5.24044 -3.28485 0.985956 -0.21227 -1.32471 -0.412768 0.602311 2.23707 
5.0659 -0.608836 -0.410936 -0.311429 -0.469856 -0.0333747 -0.239165 -0.28911 -0.098881 0.0682417 0.146391 -0.122829 -0.0716578 14.9453 -1.07161 -3.09765 0.196085 -3.95185 -4.73281 1.61126 0.36969 0.412041 1.89616 1.19681 0.479571 0.563882 -9.99202 0.505678 7.09942 3.41113 1.87679 -2.19843 -1.35533 0.703418 -0.753642 -1.63058 -1.91556 0.493044 1.47216 
5.09773 -0.656425 -0.212057 -0.316878 -0.508802 -0.15851 -0.242164 -0.0663714 -0.110556 -0.133942 0.0211492 -0.0189411 0.0985579 15.2665 -1.37163 -1.12177 1.12427 -3.22596 -4.04662 1.37584 -0.342529 -0.00901912 0.888704 -0.177214 0.160554 1.17539 -22.2061 1.90287 2.2452 4.11318 3.82802 -0.0803513 1.41284 -0.669558 -1.37626 -0.56902 -1.6385 0.0166525 -0.324932 
5.07336 -0.692447 -0.123601 -0.195626 -0.634008 -0.323481 -0.340265 -0.0976545 -0.0628971 -0.016327 0.0333345 -0.189971 0.103198 10.2443 1.08765 1.68498 3.11309 -2.58409 -3.7664 -0.119025 0.258374 -0.895811 0.246043 -0.653871 0.128213 1.78285 -19.3193 3.11689 -0.804005 3.29712 3.61274 2.11222 2.2164 -0.910549 -1.25212 -0.369189 -1.50639 0.277078 -0.769482 
5.06866 -0.609438 -0.144134 -0.120018 -0.606831 -0.4057 -0.180274 -0.184998 -0.117492 0.0518459 0.0751487 -0.0864267 0.0423605 1.27634 3.73223 3.03747 4.34957 -1.71526 -4.31937 -0.182447 0.816267 -1.30404 -0.419246 -0.67689 0.184727 1.31104 -7.75988 4.44212 -1.03719 1.54333 0.686909 2.94589 -0.537564 0.0707769 -1.10211 -0.819818 -0.262021 -0.581307 -0.638013 
4.80753 -0.686045 -0.254958 -0.0219305 -0.506123 -0.448881 -0.123925 -0.188567 -0.123556 0.0486174 0.0395095 0.0116813 0.0602673 -1.39959 4.55949 1.64581 5.35926 -2.31774 -3.29008 -0.894954 1.27127 -1.89188 -0.454215 -0.0895719 0.129391 0.603836 3.78156 4.8026 0.405162 0.364301 -2.48461 1.40963 -3.45422 1.66098 -0.902164 -0.929426 1.60169 -0.726773 -0.589581 
4.61846 -0.585218 -0.20419 0.0400882 -0.460903 -0.286797 -0.0571216 -0.206206 -0.244807 -0.135472 -0.145543 -0.137078 0.146741 1.27446 5.10797 0.27594 5.73321 -2.82726 -3.06251 -2.27022 1.5164 -1.68328 -0.246127 0.779741 0.407528 -0.233748 9.70316 1.97768 -0.324178 -0.0801495 -4.04305 -1.25894 -4.88356 2.85378 0.37108 -0.104732 3.10763 0.620595 -1.13223 
4.61217 -0.206831 0.0529745 0.276163 -0.62642 -0.460922 -0.297474 -0.072218 -0.199576 0.0073043 -0.060677 -0.111295 0.184864 3.06154 5.15881 -0.243584 4.92573 -2.94465 -2.19522 -3.49942 2.56109 -1.71801 -0.889876 1.13763 0.881111 -0.324869 10.005 -2.68761 -2.70191 -1.32506 -2.35579 -0.908671 -3.374 1.77844 0.791675 0.107446 2.53592 0.934855 -1.47434 
4.73546 -0.0355659 -0.0479156 0.198744 -0.757046 -0.554102 -0.293145 -0.0837533 -0.268305 -0.0629106 0.104238 -0.110184 0.0286705 5.00217 3.96724 -0.215471 4.09574 -3.20579 -2.00607 -4.42234 3.39563 -1.26472 -1.08175 1.45904 0.519921 -0.193323 5.0458 -5.52741 -2.45304 -1.63764 1.01771 0.420426 -0.747046 0.886859 1.16837 0.1916 0.244786 1.133 -0.154669 
5.33085 -0.183471 -0.195863 0.365748 -0.903384 -0.520206 -0.476851 0.0343283 -0.35337 -0.063572 0.16386 -0.0487245 0.0647884 6.14788 3.12421 -0.499505 2.8097 -3.07689 -1.89289 -4.40019 3.36082 -0.640949 -0.700932 1.77812 0.81466 -0.350138 -3.8224 -4.43235 -0.608185 -2.80423 3.64548 1.42592 2.09629 -0.526511 1.5086 0.0239944 -1.69281 0.337722 0.793877 
5.43867 -0.167904 -0.213968 0.46149 -0.908402 -0.699383 -0.607457 0.134032 -0.219109 -0.0923338 0.128692 0.0196287 0.0446238 5.54826 1.87703 -1.51202 1.23431 -1.76486 -2.21948 -3.49483 3.03713 0.0975992 -0.404214 2.02111 1.44628 -0.508902 -7.85894 -1.42398 0.748134 -3.5233 4.05434 1.91151 3.86813 -1.65159 0.722207 -0.0150759 -1.81938 -0.604841 1.1661 
5.27033 -0.122595 -0.200738 0.366173 -0.871327 -0.549535 -0.659263 0.161285 -0.295406 -0.0927069 0.152965 -0.0257554 0.0475402 3.4316 0.593002 -2.19041 -0.281108 -0.0673539 -1.28777 -1.64197 2.10612 0.366765 -0.800176 1.07663 1.28773 -0.285221 -6.52155 1.24881 0.750973 -2.61444 2.6714 0.127904 3.7818 -1.97214 0.849268 0.362652 -0.869155 -0.21288 0.543747 
5.38233 -0.254711 -0.171568 0.379742 -0.841384 -0.610614 -0.564344 0.204765 -0.279185 -0.116449 0.161564 -0.0223651 0.0846525 0.642086 0.214587 -1.14909 -0.813257 0.971297 -0.572947 -0.891656 1.52962 0.935583 -0.442428 0.389053 0.905331 0.458334 -3.85335 1.88891 -0.0396131 -1.74967 1.02982 0.0509517 2.19519 -1.92478 0.460287 0.2037 -0.0521087 -0.229666 -0.143592 
5.26672 -0.161905 -0.235931 0.315063 -0.829691 -0.598613 -0.584084 0.172213 -0.222394 -0.0835213 0.140775 0.0540886 0.0839728 -2.03293 0.399275 -0.382831 -1.52918 1.31557 0.10789 -0.172789 0.561639 1.03558 -0.277741 0.149337 0.412984 0.536223 -0.374403 -0.0604147 0.422591 0.28944 -0.51027 0.805533 -0.0922768 -1.03427 -0.0586344 0.15859 0.0467548 -0.686159 0.119395 
5.20632 -0.0552998 -0.302471 0.228885 -0.715511 -0.702811 -0.534671 0.193755 -0.212345 -0.134353 0.182705 0.0508032 0.0715051 -2.8508 0.353498 -0.323424 -1.23423 1.18381 1.35486 -0.124734 -0.187302 0.84034 -0.57847 -0.11403 0.150275 0.401015 0.02528 -1.46595 1.24087 1.81933 -1.46448 2.25427 -1.85376 -0.646084 -0.0497798 -0.09542 -0.575777 -0.854547 0.0819463 
5.16308 -0.0328609 -0.294277 0.229059 -0.72801 -0.654319 -0.483983 0.159556 -0.200324 -0.123154 0.152954 0.0489896 0.0618336 -4.60641 -0.3402 -0.0888168 -0.12928 0.873609 1.83146 -0.0566757 -0.372401 1.26864 -1.15513 -0.349609 0.182782 0.0967116 -2.0891 -2.3018 1.25446 2.35177 -1.23155 3.0419 -1.78646 -0.2041 -0.170809 -0.902091 -0.647098 -0.686277 -0.197463 
5.13888 -0.141351 -0.208327 0.227026 -0.752607 -0.58277 -0.565898 0.172136 -0.170828 -0.110118 0.185721 0.00731499 0.122921 -12.0061 -0.213118 1.55188 -0.684557 2.56038 2.88432 1.20772 -1.51888 1.23087 -1.09007 -1.15742 -0.494132 -0.580891 -9.52506 -1.21001 1.72089 1.03312 1.55989 2.08056 1.462 -1.00635 0.127911 -1.11222 -1.38198 -0.397497 -1.21445 
5.14508 -0.198287 -0.216306 0.265572 -0.794464 -0.505252 -0.646276 0.149777 -0.194935 -0.0999697 0.153142 0.00809217 0.136261 -17.5077 -0.782252 3.38418 -0.846726 4.67795 3.59659 2.13037 -2.7916 0.725703 -0.77198 -1.76172 -0.854825 -1.02021 -16.579 0.523991 2.8747 -1.31634 5.24546 0.744133 4.16403 -2.43965 0.0490722 -0.186773 -1.58749 -0.233319 -1.81367 
4.96753 -0.111702 -0.250182 0.326242 -0.739907 -0.393876 -0.672629 0.115316 -0.144072 -0.224762 0.084928 0.0182464 0.0647372 -21.5623 -1.36718 4.11967 -1.33953 6.13348 4.52854 3.22924 -3.38213 0.535359 -0.232538 -2.44477 -0.953941 -1.46937 -16.2161 0.607581 3.24945 -3.26733 6.7525 -0.255338 5.21474 -2.71649 -0.621444 1.60713 -1.25772 -0.448972 -1.40101 
4.5075 -0.275198 -0.19733 0.399188 -0.737373 -0.330914 -0.553316 0.151894 -0.10369 -0.298089 0.116102 0.0233518 0.0476564 -21.5367 -1.71571 2.73775 -2.60887 5.79651 5.02916 4.19534 -3.37311 0.760857 -0.0676796 -2.17787 -0.827747 -1.50948 -4.29715 0.192688 0.199965 -3.87151 3.14952 0.237012 2.99911 -1.6254 -0.641626 2.48807 -0.360853 -0.201266 -0.211201 
3.07411 -0.153463 0.141813 0.0877019 -0.241716 -0.282042 -0.175937 -0.118053 -0.0959793 -0.188634 -0.0604449 -0.0963427 -0.0485558 -13.8123 -2.1751 0.406896 -4.20896 3.75865 4.31677 4.17659 -3.11852 0.891458 0.290998 -1.43587 -0.306218 -1.21578 20.1181 -1.91925 -5.89527 -2.28491 -5.72393 0.0194487 -2.15461 1.78113 0.0242833 1.37918 2.11949 0.981444 1.62782 
2.85958 -0.170089 0.238891 0.0994006 -0.014045 -0.223969 -0.259193 -0.273795 -0.183249 -0.119677 -0.0736672 -0.0391723 -0.0594002 -5.18237 -2.74628 -0.917933 -5.40711 1.82916 3.02676 3.66168 -2.22533 0.54873 0.431479 -0.0117636 0.260232 -0.688147 34.2562 -2.56874 -8.76726 -1.36873 -11.4384 -1.41483 -4.38508 4.25762 0.551563 -0.509146 3.8134 1.64838 2.29442 
2.73516 -0.268891 0.147757 0.0275046 0.0126668 -0.087389 -0.114174 -0.182197 -0.151547 -0.106308 -0.126178 -0.0735466 -0.097023 2.11849 -3.08092 -2.04001 -4.67283 0.25775 1.76146 2.09116 -0.954535 -0.0136729 0.188712 0.533898 0.110882 0.0796291 30.8487 -1.32335 -6.06769 1.04512 -9.72753 -3.41812 -5.28656 4.13143 -0.0174109 -2.1967 3.48314 1.26848 2.03446 
3.1978 -0.369792 -0.202501 -0.130796 -0.367596 0.062834 -0.0916548 -0.147844 -0.0424371 -0.14211 -0.00784136 -0.0450213 -0.0244252 8.44893 -2.51693 -3.35385 -2.9343 -2.03202 0.198694 -0.161847 0.672232 -0.502941 -0.139656 0.67176 -0.000173867 1.01266 10.6283 0.759524 0.517866 4.20962 -2.40186 -4.90973 -3.97396 2.97514 -1.50195 -2.04108 0.739893 -0.25398 1.19449 
4.67443 -0.50418 -0.424982 -0.303623 -0.690213 -0.10962 -0.290475 -0.1291 -0.0387105 -0.109593 0.100486 0.0321231 0.0471357 12.52 -2.29208 -3.97256 -0.989844 -3.64102 -1.2741 -0.875791 2.83094 -0.41862 -0.816343 1.52267 0.0609208 1.6671 -15.2572 3.2525 5.68139 5.6866 5.32316 -3.55453 -0.00575822 1.54111 -1.68193 -0.99057 -1.96463 -1.86906 0.153596 
4.80891 -0.514345 -0.31359 -0.333765 -0.622928 -0.207291 -0.263741 -0.0573383 -0.153509 -0.177048 0.216938 0.0912302 0.0255829 10.8526 -1.2949 -2.79269 -0.145499 -3.12392 -2.99626 0.162005 3.40766 -0.0319665 -0.364512 1.5718 -0.285462 1.58792 -21.7632 3.43507 5.44742 4.7873 6.49234 -1.83211 2.58116 0.505335 -0.0896311 1.12443 -2.50576 -1.90919 -0.286379 
4.38638 -0.477288 -0.279245 -0.0390387 -0.448667 -0.20414 -0.351634 0.0076422 -0.173964 -0.302277 0.0458537 -0.0677126 0.04461 7.5424 0.512182 -1.19771 0.0889771 -2.02701 -3.32244 -0.420827 3.56538 -0.871655 0.303416 1.52689 -0.522639 1.70464 -13.1119 2.74097 2.55167 -0.42294 2.82965 0.327787 3.61421 0.211427 0.830242 2.94146 -0.335595 -0.455565 -0.42958 
4.17604 -0.430611 -0.300574 0.0600344 -0.610002 -0.342447 -0.415655 0.104178 -0.214016 -0.218264 0.00234945 -0.0897829 0.152415 1.29674 1.72597 0.201979 0.932213 0.684413 -2.11479 0.513732 3.29169 -1.16411 1.19483 0.641051 -0.872464 1.12838 -0.691696 1.55403 -0.561382 -3.69276 0.3585 3.18074 2.47918 -0.820368 0.926014 2.9131 1.21023 0.732916 -0.853205 
3.98837 -0.390754 -0.205455 -0.0462206 -0.410504 -0.385801 -0.115787 0.188655 -0.138583 -0.212061 0.120999 -0.0801344 0.12604 -3.60417 1.42388 1.48608 1.15812 2.15356 -0.351852 1.9669 2.95374 -0.743273 1.75269 -0.472667 -0.503916 0.107451 6.91881 -0.584064 -1.1462 -3.06958 -0.831746 4.39988 -0.466161 -1.43587 -0.140534 1.79008 -0.0216287 1.5519 -1.39959 
4.2157 -0.37873 -0.18177 -0.0432416 -0.416832 -0.522954 -0.0401924 0.139784 -0.0813613 -0.0452423 0.142463 -0.0582572 0.0824938 -2.79354 1.20249 0.938542 0.229086 1.62737 0.710324 2.79527 3.0916 -0.083515 1.7529 -1.09587 -0.043793 -0.503232 3.10839 -1.774 -0.305616 -0.732772 0.141783 4.46071 -0.637348 -0.395736 -0.536424 -1.14556 -1.89771 1.36962 -1.771 
4.35858 -0.211788 -0.280236 -0.243068 -0.600244 -0.306778 -0.307343 0.29417 -0.275205 -0.0415662 0.186208 -0.0928974 0.177788 -1.33817 1.06287 0.292811 -0.939938 0.903177 1.41504 3.5013 2.39281 -0.0614202 1.57128 -0.948203 0.205224 -0.832087 -2.20787 -2.29573 0.266775 1.96496 0.867105 1.41981 1.34167 -0.485022 0.657028 -2.68737 -3.04515 0.305698 -1.60044 
4.15498 -0.247034 -0.344923 -0.0866253 -0.376558 -0.114749 -0.121307 0.213812 -0.201013 0.0171197 0.106581 -0.0915229 0.110868 -1.11721 0.967225 -0.350014 -0.964299 1.08574 2.64376 3.4883 1.67212 -0.0949026 0.60893 -1.53826 -0.204771 -1.31902 -3.25397 -0.696518 -0.260655 1.03744 -0.865037 -1.43174 1.50569 -0.198341 0.628375 -2.8175 -1.66214 -0.839712 -0.33841 
4.26782 -0.494414 -0.0591681 -0.0716143 -0.309104 -0.170544 -0.0215861 0.253807 -0.171443 0.00934331 -0.0401185 0.0479199 -0.0390745 -1.67759 0.550996 -0.881081 -0.0917679 1.00111 2.8845 2.41008 1.15934 -0.273782 -0.389288 -2.12116 -0.434081 -1.15953 -2.90511 1.53839 -2.03733 0.104311 -0.778109 -1.65567 0.4447 -0.897107 0.285049 -2.02703 0.750621 -1.97767 1.10832 
4.11743 -0.337408 -0.203142 -0.12952 -0.390044 -0.188512 0.0882545 0.449743 -0.148624 -0.132854 -0.0609677 -0.00238161 -0.0296253 -3.3844 0.16039 -1.08606 0.165538 1.79921 2.19161 2.43908 1.02101 -0.218678 -1.71948 -1.79057 -0.430342 -1.05113 -0.551505 0.999185 -1.73423 -0.0135396 0.351959 -1.24261 -1.87245 -1.8932 -0.428664 -0.589673 1.99484 -1.20341 1.36996 
3.97126 -0.262568 -0.311471 -0.108315 -0.44861 -0.175511 0.118938 0.295587 -0.19202 -0.0998068 -0.0541802 -0.137668 0.0485822 -4.60778 -0.0837394 -0.952084 0.400134 2.03589 0.807826 1.93372 0.425211 0.432599 -1.62543 -1.34752 -0.506729 -0.832753 0.068203 -0.191853 -0.337553 -0.273352 1.36955 -0.550142 -3.59013 -0.716853 -0.401885 0.0992387 2.01696 0.482623 0.879537 
3.9814 -0.234949 -0.353146 -0.134194 -0.396167 -0.0405041 0.144715 0.29712 -0.189973 -0.119143 -0.0925335 -0.160967 -0.00897202 -5.07195 0.611543 -1.16022 -0.874949 0.555092 0.00782114 0.794325 0.220045 0.079148 -1.42815 -0.647785 -0.605837 -0.159769 -1.27234 -1.0988 1.12464 -0.527765 0.680713 -1.32067 -2.45092 -0.32148 0.262413 0.936178 1.15255 1.52553 0.333682 
3.94775 -0.312858 -0.317021 -0.0576012 -0.248172 -0.0737073 0.0825224 0.300797 -0.18026 -0.187343 -0.0709628 -0.111522 0.00448296 -6.33264 0.90651 -1.88012 -1.39029 -0.0468866 -0.237205 0.222418 -0.0906 0.465769 -0.753644 0.0160724 -0.669986 0.0268556 -2.20249 -0.682227 1.30991 -1.82624 -2.15522 -1.6882 -0.610458 0.335882 0.863015 1.67254 0.102932 1.25883 -0.321094 
3.83865 -0.326834 -0.358509 -0.107998 -0.186404 -0.185735 0.109036 0.337969 -0.207616 -0.270359 -0.00922895 -0.0707551 -0.0123044 -6.27945 -0.0715294 -1.24217 -1.90962 -0.389864 -1.20093 -0.520586 -1.03634 0.47547 -0.177794 -0.0102335 0.114792 -0.13816 -2.17449 0.276375 0.0742728 -2.20514 -3.93227 -1.36142 0.441325 -0.301483 0.844046 1.67745 -0.622331 0.277324 -0.205557 
3.63792 -0.289266 -0.34164 -0.132843 -0.262823 -0.137003 -0.0628403 0.322016 -0.147358 -0.137399 -0.0405008 -0.115788 0.0350377 -6.71141 -0.579086 -0.977737 -2.40958 -0.58209 -1.42333 -0.626074 -1.09606 0.564088 -0.155022 0.432941 1.20633 -0.28239 -0.661569 -0.209328 -0.713672 -1.39415 -2.41461 -0.719774 1.24551 -1.52146 0.0227887 0.483036 -0.0734612 0.516001 -0.288345 
3.50468 -0.240724 -0.344054 -0.28288 -0.424425 -0.164789 0.106927 0.272251 -0.172734 -0.139225 -0.0767519 -0.0925509 0.0177063 -7.04509 -0.471742 -0.520027 -2.28997 -1.04425 -1.77536 -0.626965 -2.38069 0.00877814 0.0770198 0.43097 1.37943 0.300331 1.09557 -0.763751 -0.147676 0.631194 0.82175 0.197326 -0.0137011 -2.32296 -0.955368 -0.610158 0.448219 0.914947 0.24439 
3.34657 -0.30398 -0.407089 -0.298451 -0.440374 -0.230584 0.119822 0.340849 -0.0548384 -0.11769 -0.051928 -0.085443 -0.060254 -6.60407 -0.268252 0.220023 -2.08686 -1.05052 -1.80812 -0.811106 -2.38222 0.0297128 0.486726 0.309067 1.3097 -0.141948 2.09206 -0.475068 1.57649 2.05537 2.93585 0.484251 -1.18203 -1.88496 -1.60151 -0.888955 0.617014 0.894546 0.570973 
3.33189 -0.327242 -0.440363 -0.37117 -0.475895 -0.369473 0.0126787 0.163842 -0.149487 -0.166336 -0.0807215 -0.0459944 -0.00351606 -5.32127 -0.966729 1.53999 -1.97708 0.0918356 -1.54463 -1.10344 -2.42254 -0.620151 1.06258 -0.170113 1.48277 -0.18938 2.15732 -0.346135 3.23737 1.83684 3.52932 0.848138 -1.15592 0.32677 -1.28307 0.441782 -0.0357093 0.204124 0.0587021 
3.16462 -0.364086 -0.449073 -0.368832 -0.37873 -0.211414 0.0433234 0.117935 -0.152794 -0.170778 0.0525596 0.0700951 -0.00124143 -4.38968 -0.943402 1.6501 -1.65784 0.781942 -1.48036 -0.873376 -2.32844 -0.797552 0.36312 -0.273728 1.43545 -0.0924114 2.00937 0.168322 2.86939 0.547825 1.57881 0.161267 -0.845054 1.84601 -0.237213 1.1164 -1.47747 -1.04805 -0.232033 
3.13369 -0.31058 -0.326825 -0.300277 -0.370178 -0.2658 0.0198859 -0.0785517 -0.260572 -0.169251 -0.0388296 0.0277099 0.0898328 -3.55318 -0.574431 1.83019 -0.859555 1.27363 -1.0209 -1.48615 -1.90593 -0.399414 0.0456872 -0.425013 0.885966 -0.0910563 1.39502 0.408326 0.37312 -0.724613 -0.455693 0.139258 0.38634 2.78305 1.25325 0.238067 -1.32305 -1.32196 -0.804829 
3.1053 -0.333071 -0.207985 -0.295041 -0.302151 -0.377312 -0.0829112 0.146774 -0.136208 -0.118025 -0.0170333 0.037474 -0.0841619 -2.90037 -0.257892 1.40611 -0.523579 0.937839 -1.15957 -1.51998 -1.34593 0.0219745 -0.322656 -0.627102 0.505667 0.125844 0.555088 0.656718 -2.83993 -0.424719 -2.03284 0.0788392 0.840639 1.20018 1.81056 -1.34039 -0.588539 -1.22154 0.220329 
3.13878 -0.485707 -0.0718727 -0.454326 -0.176483 -0.345949 -0.0891261 0.0948964 -0.302608 0.00904069 -0.114441 0.0859766 -0.0210662 -3.04919 -0.187414 1.04533 -0.225767 0.510081 -0.688224 -1.10325 -0.465653 0.707064 -0.480044 -0.425062 0.134666 -0.0318719 -0.509097 1.15097 -4.07567 0.954051 -2.66831 0.128349 0.605636 -0.0770963 2.04699 -2.49157 0.935211 -0.739696 0.57185 
2.98511 -0.330998 -0.261188 -0.438148 -0.348834 -0.323776 -0.0345792 0.0305589 -0.180884 -0.156921 -0.108586 0.0292953 0.029631 -3.1609 -0.391672 0.610806 -0.058097 -0.0441349 -0.503565 -1.02051 -0.320337 1.0462 -0.326889 -0.380926 -0.132259 0.19413 -0.993037 -0.261659 -1.77392 1.58933 -0.825363 0.845913 0.197563 -0.407719 0.783401 -0.689247 1.74377 0.281184 0.544904 
2.99887 -0.292588 -0.240449 -0.369866 -0.343522 -0.320407 -0.0663467 0.0557481 -0.105639 -0.199256 -0.106253 -0.0149434 -0.0429662 -2.40672 -0.913822 -0.470809 0.625254 -0.176279 -0.597357 0.0567654 -0.302493 0.938772 -0.635012 -0.158624 -0.476091 0.275331 -0.0302143 -1.49111 0.303617 1.63517 0.575806 0.256138 0.804628 -0.736102 -1.10172 0.913728 0.910516 0.219353 0.661017 
2.95973 -0.367205 -0.363177 -0.357153 -0.368566 -0.481058 -0.134699 0.0857639 -0.0576764 -0.225165 -0.0900789 0.0235188 0.0130831 -2.47657 -0.606847 -0.41451 1.35818 -0.243616 -0.0441394 0.920178 -0.655757 0.662345 -0.459497 0.00947054 -0.829205 0.54846 0.866957 -1.26985 2.25977 1.15098 1.58378 0.706473 1.74969 0.0652904 -1.73601 2.04717 -0.023873 -0.398882 -0.28719 
2.82072 -0.381271 -0.27334 -0.365799 -0.357655 -0.325377 -0.0985847 0.0334605 -0.110357 -0.22083 -0.0234079 0.0459757 0.0157239 -2.29952 -0.110491 -0.0761153 1.71607 0.0254516 0.442072 0.745971 -0.350042 1.11277 -0.22206 0.524393 -0.784208 -0.0578143 1.821 0.0303735 1.8719 0.227924 1.46902 0.541099 1.48025 0.345373 -1.06828 1.68956 -0.810973 -0.731881 -0.699368 
2.71689 -0.440199 -0.216744 -0.324273 -0.324189 -0.247135 -0.102752 -0.0058663 -0.0924141 -0.108172 -0.0197624 0.0555385 0.0597254 -1.6965 -0.602566 0.947637 1.70184 1.19358 0.884897 0.766259 0.0352168 0.239627 -0.214136 0.199284 -0.132773 -0.346776 1.48926 1.70893 0.598803 -0.269782 0.740631 0.583403 0.430761 0.925831 0.129575 -0.807967 -0.73116 -0.146075 -1.22793 
2.9887 -0.501857 -0.311726 -0.186551 -0.3022 -0.483738 0.0787172 -0.0227779 -0.185653 -0.203397 -0.126582 -0.0834166 0.036492 -1.63469 -0.487724 1.22399 1.62958 1.83999 1.72168 1.04974 0.00317006 -0.00717242 -0.322425 -0.0762732 0.0740992 -0.340717 -0.403322 1.7175 0.442821 -0.910517 0.900624 1.99499 -1.45262 0.974255 0.955977 -1.55105 -0.0373375 1.35981 -0.981048 
2.77737 -0.3959 -0.145721 -0.214281 -0.277556 -0.322083 0.0633968 0.0948752 -0.101394 -0.0925517 -0.0706831 -0.0711337 -0.0199352 -1.36179 0.0410188 1.53693 1.35315 1.7425 1.86414 0.922861 0.349422 0.436927 -0.268005 -0.508416 -0.174661 -0.635782 -0.490929 0.267014 -0.622065 -0.837377 0.361794 0.837867 -1.71855 0.236188 0.720222 -1.70294 -0.263 1.46209 0.10216 
2.78551 -0.341771 -0.178471 -0.293085 -0.255334 -0.213516 -0.0566339 0.0213192 -0.0353431 -0.121929 -0.019185 -0.00852198 -0.0497348 -1.08022 0.258223 0.948424 0.525252 1.01199 1.03263 0.215767 0.527008 0.951287 -0.391972 -0.677493 -0.0882605 -0.516807 -0.595286 -0.739128 -0.606977 -0.789843 -0.887527 -0.664151 -0.758797 -0.119086 0.289616 -0.262607 -0.479323 0.302679 0.896301 
2.77019 -0.400259 -0.169894 -0.186521 -0.17595 -0.222617 0.00632767 0.0746887 -0.133017 -0.339115 -0.107971 0.0709604 -0.0406695 -1.22017 0.43371 0.623061 -0.367075 0.282189 0.771181 -0.37808 0.481696 1.14036 -0.535949 -0.498504 0.134854 -0.370828 0.01367 -0.666247 -0.817668 -1.51022 -2.37566 -2.11115 -0.539186 -0.54503 0.65249 1.88634 -0.0743129 -1.0054 1.06965 
2.73483 -0.420554 -0.144604 -0.1543 -0.0908058 -0.12101 0.0278056 0.0457323 -0.0861888 -0.247755 -0.101284 0.026917 -0.0351865 -1.74471 0.3291 0.484471 -1.08161 -0.323227 0.848283 -1.02397 0.226067 1.30457 -0.153984 -0.219907 0.452669 0.0115995 0.764868 -0.138652 -0.947899 -1.75202 -2.91924 -2.79824 -0.320008 -0.47253 0.183728 1.58443 0.259456 -1.05878 0.668285 
2.70784 -0.38748 -0.132237 -0.219732 -0.218915 -0.248112 -0.0194784 0.112614 0.0161534 -0.176869 -0.141521 -0.0322872 -0.0359254 -0.879477 -0.128179 -0.168641 -1.09585 -0.828179 -0.232047 -0.797898 -0.16713 0.90596 -0.172836 -0.390381 0.132158 0.338302 0.434786 0.226988 -0.451546 -1.08125 -1.32869 -0.763441 -0.219935 -0.533882 -0.475679 0.645262 0.828955 -0.0370111 0.177066 
2.68617 -0.395816 -0.177133 -0.335958 -0.314711 -0.272717 -0.0673752 0.0471438 0.00421312 -0.183481 -0.104789 -0.000910514 -0.000716864 -0.768385 -0.161715 -0.12632 -1.09934 -1.1974 -0.715124 -0.502332 -0.0419834 0.738777 0.342626 -0.303153 -0.209445 0.420078 0.695391 0.140327 -0.123451 0.485993 0.633276 0.490489 0.24137 -0.25641 -0.845306 -0.46705 0.480123 0.410372 -0.249518 
