2.47929 -0.579113 -0.20652 -0.281621 -0.179601 -0.187405 -0.10142 -0.111567 -0.05054 -0.0569784 -0.0392805 -0.0625717 -0.0201608 0.193391 0.200253 0.270183 0.500402 0.602855 0.394528 0.0773576 0.107948 -0.213702 -0.51752 -0.235099 0.417037 0.201857 0.00402927 0.0722197 0.102931 0.273976 0.188016 -0.0937786 0.184537 0.124016 0.0469009 0.0316821 -0.205248 0.347045 0.19874 
2.5046 -0.556469 -0.167736 -0.231538 -0.0897811 -0.0863221 -0.107843 -0.112044 -0.0961787 -0.159168 -0.0478288 -0.0452514 -0.017536 0.0291061 0.133553 0.187234 0.296864 0.50224 0.157893 -0.00536738 0.0939891 -0.280402 -0.408134 -0.26028 0.573302 0.386157 -0.508257 -0.235083 -0.294719 -0.509508 -0.552653 -1.11246 0.233482 0.241444 0.451128 1.09593 -0.316383 -0.016611 0.282592 
2.53945 -0.549798 -0.191997 -0.229739 -0.148567 -0.145618 -0.140736 -0.130813 -0.102109 -0.147041 -0.0244516 0.00467989 -0.00504178 -0.154907 0.110982 0.239071 0.187141 0.240194 0.112403 -0.223746 -0.140618 -0.203624 -0.294566 -0.321247 0.590996 0.40595 -0.850063 -0.336804 -0.240354 -0.890004 -0.692525 -0.918117 -0.0235876 0.0405877 0.500409 1.15295 -0.408689 -0.474165 0.160495 
2.47665 -0.564615 -0.165329 -0.205751 -0.114307 -0.128512 -0.0656707 -0.117128 -0.0696996 -0.108784 -0.0373432 0.0212888 0.00496533 -0.242766 0.0934345 0.380774 0.0860163 -0.0159906 0.00890931 -0.398862 -0.32424 -0.420895 -0.237464 -0.437134 0.325742 0.526004 -0.399648 -0.153723 -0.0211812 -0.803056 -0.842457 -0.3975 -0.765477 -0.471882 -0.177889 0.335333 -0.213215 -0.693834 0.0947751 
2.49321 -0.560241 -0.186826 -0.251885 -0.11583 -0.179106 -0.0876288 -0.0706679 -0.0524017 -0.0769253 -0.104785 -0.0591636 0.00324311 -0.200325 0.0444262 0.360926 -0.125965 -0.200103 -0.212789 -0.468016 -0.50541 -0.572895 0.0742696 -0.330067 0.262938 0.526626 0.128017 0.0408517 0.349741 -0.141426 -0.495444 0.389074 -0.781257 -0.961783 -0.818809 -0.389016 0.384495 -0.163624 0.00208073 
2.46241 -0.574456 -0.198709 -0.280613 -0.142275 -0.194048 -0.121151 -0.111153 -0.0967722 -0.095633 -0.0598975 0.0194547 0.0424828 -0.223405 -0.107114 0.0852507 -0.575848 -0.580347 -0.504818 -0.449677 -0.316725 -0.331005 0.625841 -0.059711 0.159704 0.446053 0.679998 0.132998 0.245074 0.173283 -0.024386 0.596322 -0.209314 -0.338839 -0.545975 -0.249421 0.599248 -0.0951853 -0.246246 
2.45325 -0.562259 -0.16306 -0.256907 -0.173301 -0.147923 -0.159997 -0.166211 -0.0724609 -0.104251 -0.0739984 0.00531841 0.0170169 -0.1644 -0.245946 -0.0117047 -0.880509 -0.389721 -0.341353 -0.289352 -0.160876 -0.398374 0.364771 0.042651 -0.0643394 0.380926 0.682822 -0.168067 -0.440148 -0.31661 0.243639 -0.133136 0.653723 0.667178 -0.0171397 0.229515 0.7099 0.0822726 -0.174828 
2.47079 -0.55679 -0.129729 -0.248579 -0.170261 -0.152553 -0.163826 -0.167126 -0.151453 -0.130186 -0.0964078 -0.048446 0.0513763 0.110263 -0.330318 -0.0848063 -0.8719 -0.48455 -0.167532 -0.252999 -0.159569 -0.225401 0.231585 0.411137 0.0973717 0.277935 0.181018 -0.467514 -0.772704 -0.563189 0.362874 -0.207748 1.1606 1.14117 1.06364 0.505559 0.634025 0.318871 -0.279901 
2.50123 -0.559075 -0.150918 -0.268032 -0.149908 -0.173392 -0.152936 -0.180403 -0.160364 -0.0848299 -0.0549511 0.00569804 0.0394027 1.03034 -0.723882 0.671548 -0.375617 -0.0320476 0.350349 -0.0811864 0.107051 -0.484464 0.59098 0.393882 0.254686 0.280193 0.700968 -0.761026 0.227412 -0.0353942 0.476481 0.292623 0.639611 1.0812 0.767981 0.422778 -0.11846 -0.00117655 -0.0722342 
2.49034 -0.579698 -0.200975 -0.324111 -0.191517 -0.187471 -0.143942 -0.105148 -0.0893473 -0.0318335 -0.0180464 0.0126579 0.033995 2.6299 -0.841725 0.60863 -0.799186 0.281012 0.631309 -0.186874 0.530781 -0.0301404 1.02337 0.205323 0.0286196 0.0647321 2.32398 -0.618779 1.14582 0.332222 0.690111 1.04365 -0.364279 0.175567 0.0678426 0.310352 -0.591154 0.0163444 0.00403697 
2.48198 -0.604972 -0.203388 -0.361031 -0.164054 -0.199968 -0.111048 -0.111156 -0.119315 -0.100971 -0.044051 -0.0203874 0.0481142 5.59049 -0.53334 -0.011602 -0.9548 -0.801524 -0.541279 -0.099111 1.1326 1.01165 1.05261 0.465796 0.488072 0.0439785 5.49985 0.27484 0.703815 0.432435 -0.739875 0.0217308 -0.997237 0.140927 0.765306 0.517957 -0.411815 0.275071 -0.159813 
2.48668 -0.611822 -0.176012 -0.317336 -0.180504 -0.15167 -0.101726 -0.126108 -0.0576013 -0.0696091 -0.00579706 0.0198531 0.0394431 10.5633 1.81619 -0.247091 0.0442779 -1.72257 -1.78173 -0.898457 0.975182 1.48856 0.535973 0.176207 0.574647 0.028998 9.91566 3.17404 -0.695349 0.758421 -2.25647 -2.53752 -1.54303 0.124774 0.993318 -0.370118 -0.366863 0.206947 -0.0372479 
2.71334 -0.686104 0.00201335 -0.247301 -0.0944797 -0.0885512 -0.15194 -0.0757105 -0.194995 0.0250734 -0.0814544 0.00178593 0.0643677 17.7654 3.99788 -0.975053 1.19706 -3.2553 -2.22705 -2.22519 1.29052 1.71958 -0.533325 0.351662 0.82508 -0.390564 14.2025 6.11474 -2.98104 1.51217 -4.18391 -3.93752 -2.06989 0.242693 1.80871 -2.06922 0.640268 0.754606 -0.55897 
2.92168 -0.653013 -0.134098 -0.429985 -0.12248 -0.0745479 -0.215434 -0.0841535 -0.0695946 0.0369633 -0.0510052 0.00163074 0.0269414 23.0376 5.53263 -1.54913 1.96302 -4.24897 -2.73582 -3.17485 1.40236 1.74443 -1.25814 0.545849 1.22951 -0.890745 14.3612 6.2516 -2.72217 2.84914 -3.98504 -3.00148 -2.18503 0.575367 0.719044 -2.92231 0.879556 0.891113 -0.92117 
3.40756 -0.551881 -0.24539 -0.371612 -0.439985 -0.393118 -0.157121 0.00760406 0.128438 -0.0119675 0.018588 0.0899362 0.0324932 25.4038 6.39931 -2.18629 2.29471 -4.06937 -3.30249 -3.65227 1.74004 1.22104 -1.6689 0.782886 1.46792 -1.33998 7.31578 2.93957 -1.15388 2.09641 0.00233779 0.459768 -1.80057 0.357365 -1.84751 -2.29062 0.513203 0.404506 -1.24332 
4.15834 -0.0511972 -0.205436 -0.13532 -0.435258 -0.517506 -0.339333 -0.0836941 0.0131301 -0.116749 -0.08168 0.0320075 0.0632714 24.1448 6.63412 -2.69205 2.42564 -3.21546 -3.76055 -3.59352 1.88746 0.501571 -2.24192 0.850212 1.1181 -1.25531 -5.63242 -2.99118 0.196129 -0.279594 3.4869 2.49556 0.319311 0.6559 -2.57252 -0.202439 0.529836 -0.0398187 -0.808766 
5.12004 0.0277727 -0.380813 -0.0769075 -0.657468 -0.405334 -0.511227 0.0562677 0.071795 -0.225619 0.0606721 0.14685 -0.0692597 19.1937 5.88323 -2.59454 2.43012 -2.09386 -3.62161 -3.30917 2.02032 0.149254 -2.27256 1.21664 0.485474 -0.602361 -18.6182 -6.00875 2.05321 -1.91522 6.27164 1.82438 2.21676 0.160016 -2.71432 1.85099 -0.356302 -1.68579 1.30152 
5.26181 0.0150324 -0.378627 -0.106378 -0.669946 -0.458341 -0.51742 0.0778383 0.0872027 -0.220051 0.0528043 0.166492 -0.104606 10.8151 3.51922 -1.50394 2.26462 -0.145112 -2.11527 -3.18643 1.82485 -0.485897 -1.79137 0.68641 0.0488385 0.747498 -23.9488 -6.11847 2.02919 -2.3752 5.46634 1.41246 2.13671 -0.445229 -0.784751 2.21524 -0.717771 -2.19468 3.36957 
5.23906 0.0173229 -0.388753 -0.104435 -0.454626 -0.526456 -0.501725 0.104791 -0.076734 -0.241591 0.0443251 0.156489 -0.121113 -1.4734 -0.0748505 -0.480418 0.930575 2.38519 0.0947553 -2.75599 0.979135 -0.630181 -0.542587 0.383246 -0.708454 1.6368 -23.6497 -5.35086 1.98518 -1.65546 2.38881 1.75095 1.049 -1.31082 1.73601 2.16435 -0.812461 -1.75745 4.03178 
5.0304 0.0402019 -0.399829 -0.0535557 -0.386157 -0.568428 -0.498247 0.117218 -0.0851424 -0.24817 0.0499955 0.0866915 -0.0440615 -14.2179 -3.99321 -0.0309231 -0.717784 3.95773 1.5276 -0.656352 -0.190633 0.29798 0.768318 -0.261886 -1.0274 1.96108 -19.9156 -4.66352 1.41673 -1.52868 0.98939 3.37429 0.771535 -2.76847 2.5828 1.86279 -1.42904 -0.608726 2.01922 
4.73862 -0.0363665 -0.332343 -0.0629172 -0.354195 -0.571666 -0.550298 0.189364 -0.0619531 -0.188579 0.100465 -0.00753845 0.0858019 -22.9614 -5.31981 1.29268 -1.21829 4.91821 2.42865 1.60748 -1.47673 0.266927 1.62065 -1.15433 -1.80798 1.90914 -13.3659 -3.83471 0.640212 -1.53986 -0.0569742 4.02713 2.83546 -3.19786 1.96002 1.26936 -1.45894 0.527626 -1.76957 
4.16139 -0.202931 -0.345686 -0.129353 -0.298362 -0.413713 -0.640077 0.123151 0.0379929 -0.208717 -0.00256129 0.0571946 0.240464 -24.288 -5.69765 0.554375 -1.84634 4.54974 3.576 2.20581 -2.08408 1.1162 2.32534 -1.20701 -1.75934 1.29904 -2.81241 -1.02774 -0.395342 -1.26622 -0.314468 2.12512 4.35872 -2.2341 0.417311 1.24085 -0.749291 0.354804 -4.37233 
3.28549 -0.431016 -0.279241 -0.163644 -0.168944 -0.336586 -0.605817 0.0208606 0.0622058 -0.0901292 0.0358663 -0.00892356 0.216131 -21.7623 -5.81281 -0.735771 -2.67441 3.55141 4.76838 2.02005 -2.38849 1.45528 2.37186 -0.844578 -1.68525 0.710843 11.2089 2.34116 -2.49995 -0.933633 -1.11629 0.479642 2.48922 -0.00661079 -1.10743 0.0087541 0.416132 0.165842 -3.7568 
2.6551 -0.583003 -0.319918 -0.248606 -0.023118 -0.19818 -0.359006 -0.148597 0.115727 -0.0452076 -0.114899 -0.0123578 0.115234 -15.9904 -5.37481 -2.21896 -3.33869 3.17288 5.07906 0.726305 -2.62313 0.914104 2.17279 0.133806 -1.10397 -0.210737 21.0552 3.98479 -4.05415 -0.569763 -2.15193 -0.933191 -3.05475 1.95259 -1.63863 -0.945011 2.77961 0.197117 -0.988304 
2.52877 -0.5687 -0.169965 -0.226256 -0.0778253 -0.126908 -0.140665 -0.102606 0.01688 -0.0371848 -0.0847639 -0.0809286 0.00339134 -6.18095 -3.30548 -3.50835 -4.06621 2.10315 4.72426 0.809508 -1.88049 -0.355984 1.21069 0.32785 -1.06349 -0.587398 23.8616 3.89949 -4.57369 -1.23209 -2.21796 -1.36141 -6.21846 2.5317 -1.76457 -1.91394 2.84052 0.392965 1.96304 
2.77347 -0.559599 -0.457355 -0.35389 -0.0429442 -0.107898 -0.292504 -0.112601 0.164568 0.0818843 -0.0535345 -0.0454098 0.0145458 5.92572 -0.663872 -4.2138 -5.03232 0.300525 3.39442 0.299552 -0.647102 -0.896041 0.701581 1.25774 -1.06469 -0.737556 20.7668 3.58543 -1.74301 -1.73265 -2.66067 -1.59984 -4.3709 2.16292 -1.85954 -2.49925 1.60906 0.450984 2.55103 
2.97268 -0.624845 -0.617182 -0.436304 -0.0311786 0.0439786 -0.426104 -0.106044 0.0409534 -0.0127406 0.0315268 -0.111665 0.0851555 14.5824 0.999535 -4.2502 -4.96784 -1.06502 2.59273 -0.993945 0.108402 -1.51061 0.290672 1.76836 -0.76261 0.0279161 13.4733 3.05798 1.85138 -1.06792 -2.60115 -2.23788 -0.198563 1.16813 -0.98559 -0.927969 0.0024982 0.349931 1.27387 
3.2404 -0.649386 -0.712423 -0.480267 0.0143115 0.0342774 -0.699891 -0.168265 0.0142477 0.00461223 0.190795 -0.0419016 0.0698831 19.2532 1.84813 -3.80442 -4.10813 -1.56013 1.79896 -1.70569 0.289933 -2.10473 -0.0475329 1.92663 -0.643009 0.751647 4.98718 1.97038 3.78442 0.780836 -1.77734 -1.70397 3.82129 -0.00105608 -0.285238 0.235815 -1.83672 -0.0186814 0.0385506 
4.01094 -0.436831 -0.731049 -0.653633 -0.126839 0.0605537 -0.409543 -0.00774262 -0.134724 -0.11637 0.0242389 -0.139455 0.157548 19.2343 1.80409 -3.36944 -3.59641 -1.83697 1.01269 -0.945479 -0.279175 -1.68004 0.549289 1.7535 -0.197399 0.56915 -5.31553 -0.608055 3.38228 3.13952 -0.129029 -1.2032 3.28047 -1.66121 0.937658 2.09233 -0.80535 0.459913 -1.34745 
4.69511 -0.31731 -0.752225 -0.851598 -0.285186 -0.0219131 -0.470593 -0.00647825 0.00640144 -0.0446619 0.138674 -0.0886233 0.102247 15.7916 1.7975 -1.59783 -2.37382 -2.38215 0.0400252 1.20216 -0.788333 -1.86399 0.401749 1.38764 -0.0273509 -0.0155531 -13.2124 -2.42317 1.30598 4.22475 1.34936 -0.694696 2.49553 -2.40897 0.84855 1.7655 -0.451405 0.634649 -1.4184 
4.54326 -0.42389 -0.673251 -0.708077 -0.228454 0.0501226 -0.534328 -0.0921437 -0.120071 0.0410399 0.172192 -0.113991 0.141938 11.5061 1.95837 -0.76022 -1.17665 -1.9087 -0.484539 2.45773 -1.76183 -1.1156 1.0538 0.994852 0.825347 -0.584678 -13.3834 -1.68553 -0.268401 2.73714 1.41458 -0.590351 1.79224 -2.11352 0.940591 0.348445 0.110566 1.22942 -1.33944 
4.73713 -0.397727 -0.717656 -0.611087 -0.155143 0.0716519 -0.405277 -0.161597 -0.184739 -0.026579 0.0797586 -0.119759 0.137288 6.61647 2.47583 0.624846 0.407996 -1.23097 -0.190714 3.41526 -2.08101 -1.26157 1.04627 0.428111 0.799571 -1.1156 -9.89329 0.707732 0.624759 1.23225 0.918895 -0.338871 0.622126 -0.829586 0.44107 -0.49099 0.266805 1.20243 -1.03428 
4.71562 -0.422578 -0.779115 -0.703741 -0.279407 0.00257727 -0.295668 -0.18305 -0.0586768 0.166913 0.196338 -0.0616732 0.0171405 3.61798 3.70554 1.17028 1.88603 -1.98311 -0.764764 3.02724 -2.54212 -0.84263 0.942784 0.970729 1.07591 -1.4541 -1.79431 4.32354 1.9762 0.913075 -0.711287 -0.0636743 0.157543 0.651149 -0.58051 -1.93075 -0.575935 0.153147 0.1301 
4.53272 -0.390988 -0.747195 -0.667746 -0.34218 -0.0829205 -0.205903 -0.234164 -0.130876 0.0238246 0.188296 -0.0571788 0.0318691 3.18174 5.38207 1.11403 2.68113 -3.17381 -1.1154 3.50141 -2.30709 -0.958006 0.483788 0.801594 0.704537 -1.24362 5.23042 5.78499 1.80552 1.00606 -2.73022 -0.185413 -0.922331 1.25416 -0.120484 -0.886737 -0.068192 -0.771643 0.499334 
4.51711 -0.316072 -0.765768 -0.624931 -0.197212 0.0163393 -0.255429 -0.370644 -0.119342 0.0901381 0.210793 0.0750225 0.0289399 4.99806 6.97796 0.729086 2.15329 -4.33977 -2.00972 3.54842 -1.72324 -0.69441 0.513237 1.01894 0.503975 -1.06332 7.25558 4.36434 0.321143 0.862805 -4.19662 -1.34492 -0.502133 1.61229 -0.23207 0.0202736 0.275544 -1.88698 0.937715 
4.55299 -0.0844878 -0.506222 -0.492805 -0.199415 0.0621499 -0.15367 -0.279771 -0.259391 0.0455867 0.127059 -0.0316688 -0.0461719 5.36081 7.37169 0.935983 1.55207 -4.6915 -2.31892 2.5599 -1.07534 -0.834108 1.1379 1.06231 0.269176 -0.568692 5.36459 0.578022 -2.33256 -1.09799 -3.00352 -2.04373 -0.614223 0.965874 0.550213 1.4478 0.605455 -1.08445 1.2002 
5.0862 0.259344 -0.569338 -0.478628 -0.655807 -0.13815 -0.0797192 -0.28091 -0.159868 0.01449 0.229197 -0.0233448 -0.0118093 5.92459 7.09199 1.08841 1.17458 -4.45993 -1.98804 1.48995 -0.917635 -0.214652 0.906616 0.594061 0.0123525 -0.14493 -1.75446 -3.97559 -2.09401 -2.67833 1.28339 -0.512289 -1.53061 0.235452 1.16898 2.09392 0.0476899 -0.00382851 0.58907 
5.22504 0.332537 -0.660705 -0.432245 -0.756536 -0.158248 -0.0720595 -0.33569 -0.15076 0.0793085 0.269054 -0.0586927 -0.00456735 6.35203 5.82497 0.726517 0.166188 -4.15592 -1.61483 0.391602 -0.771587 1.3319 1.47789 0.355332 0.0393412 -0.315161 -5.82723 -5.65494 -0.26975 -2.9978 4.15037 1.3077 -2.5232 -0.304116 2.08137 0.71984 -1.07561 0.988701 -0.0388516 
5.23649 0.355317 -0.698824 -0.460177 -0.709844 -0.245787 -0.0181674 -0.332052 -0.236433 0.160705 0.283835 -0.0593385 0.016485 5.61328 4.05641 -0.13427 -0.614356 -3.44186 -1.41361 -0.778632 -0.642904 2.4753 1.515 0.090158 -0.12875 -0.470643 -5.05059 -4.64593 0.620921 -1.83671 4.42848 2.93034 -3.39883 -0.659447 3.3618 -0.50513 -1.51445 1.12033 -0.90594 
5.19825 0.356158 -0.63623 -0.560067 -0.683363 -0.24552 -0.0842758 -0.29035 -0.239875 0.253723 0.234734 -0.0288675 0.0240116 4.50375 1.58718 -0.991887 -1.23846 -1.26086 -1.19193 -2.10308 -0.876487 3.3016 1.69619 0.0333185 0.190168 -0.612341 -1.25948 -2.63269 0.2543 0.12679 3.03298 2.01239 -2.55713 -0.306257 2.79365 -1.45586 -0.925866 0.0596909 -1.31339 
5.16992 0.350108 -0.585088 -0.588373 -0.742907 -0.18632 -0.153434 -0.375635 0.000797423 0.17743 0.238005 -0.00588214 -0.0173726 2.47455 -0.245295 -0.850342 -0.337078 0.971883 -1.01254 -2.96432 -0.0372754 3.27469 1.18788 -0.554441 -0.106835 -0.586819 1.9307 -1.03837 -1.3187 2.11889 1.47123 -0.724146 -1.21345 1.06134 0.31387 -1.12385 0.00826351 -0.874103 -0.312956 
5.27092 0.321303 -0.6037 -0.624599 -0.716406 -0.153888 -0.234583 -0.405242 0.121378 0.187206 0.189223 0.0209327 -0.0543519 2.38383 -0.952676 -0.546756 0.631112 1.59868 -1.55782 -3.76545 1.12063 3.52314 0.133109 -1.00927 -0.155225 -0.262084 1.44654 -0.699072 -1.27514 3.47237 1.07487 -2.6742 -0.206384 2.58175 -2.02799 -1.01685 0.246642 -1.30507 1.02026 
5.34682 0.342399 -0.72447 -0.592847 -0.644677 -0.129132 -0.34949 -0.401239 0.155853 0.2376 0.190886 -0.0128038 -0.0869488 2.47667 -1.38353 -0.445328 2.11213 1.41024 -1.86459 -4.42847 2.12841 3.52434 -1.18939 -1.23415 -0.048266 0.00536594 -0.36021 -0.730049 0.342955 3.52142 0.0570949 -3.10273 0.245763 3.45505 -2.58672 -1.82152 -0.239378 -0.415712 1.87476 
5.47717 0.256934 -0.694781 -0.588529 -0.534777 -0.259643 -0.362033 -0.362974 0.133841 0.244172 0.215495 -0.0452092 -0.109546 2.25781 -1.78019 -0.209451 3.68635 1.18677 -2.72564 -3.98412 3.20745 2.23614 -2.42688 -1.00201 0.244444 0.130059 -2.20666 -0.496973 1.70619 2.80024 -1.37833 -1.4807 0.143195 2.97959 -1.89484 -2.70496 -0.583327 1.07886 1.42393 
5.44241 0.269895 -0.751676 -0.363217 -0.603478 -0.396474 -0.400081 -0.206449 0.158897 0.165995 0.188608 -0.0958837 -0.00847247 1.56715 -2.10638 0.30652 4.88678 0.883865 -3.40568 -3.26892 4.24143 0.2666 -3.08855 -0.886716 0.603736 0.267525 -2.44148 -0.608066 2.37696 1.19605 -1.71552 0.494572 0.665674 0.973496 -1.56074 -2.63757 -0.115454 2.12553 -0.319134 
5.48287 0.209974 -0.693634 -0.331838 -0.53549 -0.441924 -0.539094 -0.107021 0.207905 0.0983507 0.109554 -0.0601887 0.0328024 0.279596 -2.14585 1.02076 5.59042 0.521454 -4.0242 -1.9329 4.52268 -1.43033 -3.39967 -0.776971 1.00312 0.270279 -2.14612 -0.23687 1.55361 0.328439 -1.27227 0.809696 2.40922 -0.730533 -2.73629 -0.891136 0.617187 1.77988 -1.52645 
5.45439 0.175272 -0.661039 -0.224911 -0.58331 -0.433116 -0.628986 -0.0326073 0.226652 -0.0286378 0.087313 0.0136222 0.0205818 -0.558767 -2.24884 1.69945 5.77286 -0.0125967 -3.98452 -0.511741 3.87374 -2.32739 -3.48466 -0.896771 1.53843 0.0646249 -1.27129 0.144187 0.380891 -0.3084 -0.176894 0.150749 3.78554 -2.11782 -3.25236 1.36915 0.783702 0.49303 -1.55326 
5.41948 0.116028 -0.579861 -0.114865 -0.607127 -0.530981 -0.55874 0.0564328 0.105745 -0.136118 0.137655 0.0789459 -0.0351357 -0.992428 -2.11718 1.88384 5.47449 -0.501924 -3.07975 0.422122 2.72906 -2.75843 -3.17927 -0.822392 1.74398 -0.233287 -0.136765 0.360406 -0.421279 -0.88702 0.351308 0.135061 3.35694 -2.93396 -1.80165 2.56419 0.215333 -0.7323 -0.52514 
5.39508 0.072772 -0.558339 0.00288041 -0.634406 -0.557358 -0.543534 0.0901618 0.0252569 -0.182641 0.133274 0.0920737 -0.0542559 -0.803268 -2.05692 1.95263 4.66512 -0.714916 -2.04665 1.10386 1.41502 -2.99643 -2.5854 -0.444977 1.62386 -0.614331 0.64543 0.576706 -0.764628 -1.16752 -0.110362 1.07455 1.42815 -2.69364 0.557192 2.07731 -0.14797 -1.21189 0.549527 
5.33047 0.0811699 -0.553227 0.0548006 -0.562614 -0.693941 -0.416696 0.103713 -0.141147 -0.108729 0.102433 0.1036 -0.0557704 -0.608551 -1.64747 1.54663 4.13505 -1.14695 -1.341 1.61882 0.389241 -2.8249 -1.92309 -0.1077 1.09073 -0.575723 1.42248 0.409022 -0.513795 -1.59324 -0.905647 2.6602 -1.22884 -1.96156 2.72258 0.528846 0.0276833 -1.036 0.816825 
5.35667 0.0340595 -0.530887 0.130578 -0.593576 -0.696833 -0.359791 0.0280101 -0.127394 -0.135955 0.0721319 0.131436 -0.0712478 -0.0256119 -1.21744 1.01683 3.23124 -1.17543 -0.636229 1.22772 -0.230026 -2.04615 -1.35123 -0.068838 0.660514 -0.374282 1.27321 0.664435 -0.607285 -1.64213 -1.17707 2.80498 -2.66056 -0.481555 2.8718 -0.486629 0.514762 -0.621683 0.545594 
5.38439 -0.00545826 -0.485291 0.15948 -0.641349 -0.647244 -0.369282 0.00738792 -0.116173 -0.182143 0.0893252 0.11879 -0.0577903 0.684526 -0.793617 0.359353 2.25204 -1.14578 0.225668 0.276914 -0.634742 -0.796057 -1.02219 -0.173956 0.415714 -0.094781 0.988611 0.870331 -0.982119 -1.53194 -0.406748 1.47768 -2.4281 0.531026 1.91554 -0.406482 0.516723 -0.100943 0.0631365 
5.38657 -0.00343899 -0.49151 0.214415 -0.708807 -0.581549 -0.421583 0.0193708 -0.108405 -0.223174 0.108932 0.110776 -0.0430372 1.3092 -0.526368 -0.0932705 1.12743 -0.764501 0.598043 -0.440238 -0.613663 0.319842 -0.987792 -0.151167 0.30982 0.0466176 0.848949 0.757407 -1.24364 -1.7299 1.08386 -0.188777 -1.32358 0.736868 1.09832 0.29437 -0.0464007 0.157199 -0.13918 
5.40875 0.0025623 -0.488271 0.203332 -0.721201 -0.572848 -0.430605 -0.00863356 -0.0979058 -0.225179 0.105865 0.109866 -0.0478389 1.64227 -0.275334 -0.592005 0.0549852 -0.225947 0.905374 -1.19944 -0.304105 1.39558 -0.96999 -0.228333 0.089316 0.191019 0.489639 0.495251 -1.22721 -1.92097 2.29209 -1.22302 -0.132435 0.687065 0.737357 0.893159 -0.595877 0.0379441 0.038276 
5.44681 0.0157731 -0.525923 0.212313 -0.734727 -0.560351 -0.490986 0.0181627 -0.0715593 -0.261028 0.109394 0.142412 -0.0685657 1.33074 0.311721 -1.25042 -1.13044 0.858618 0.517061 -1.33795 0.125328 1.87776 -0.432289 -0.376886 -0.131751 0.382001 -0.198027 0.346608 -0.900426 -2.11221 2.6253 -1.20148 0.652113 0.272936 1.02928 1.11157 -0.800602 -0.437287 0.425589 
5.5052 0.00905132 -0.556657 0.195845 -0.710229 -0.561686 -0.506519 0.0100798 -0.0470252 -0.252844 0.10116 0.147152 -0.059117 0.848324 0.897014 -1.89739 -2.1136 1.84808 -0.00159484 -1.13168 0.335937 2.29058 0.227667 -0.636793 -0.245619 0.548265 -1.28478 0.748414 -0.698259 -2.03837 2.08648 -0.713698 0.737945 0.269368 1.05287 1.11301 -0.553284 -0.769082 0.67937 
5.54017 0.00240689 -0.580821 0.127124 -0.62428 -0.593878 -0.505297 0.0159002 0.00214184 -0.248207 0.0736715 0.133607 -0.0439205 0.357662 1.29354 -2.24745 -2.96679 2.62262 -0.371189 -0.825899 0.473413 2.42155 0.872325 -0.791341 -0.378061 0.709655 -1.9431 1.21946 -0.656593 -1.382 0.882255 -0.133 0.483466 0.277345 0.474865 1.12245 -0.0884509 -0.595482 0.575849 
5.52795 0.024018 -0.619491 0.0534803 -0.555152 -0.592892 -0.521457 0.0357254 0.0668096 -0.222224 0.0381623 0.10221 -0.0214657 -0.316614 1.63262 -2.38576 -3.61533 3.22865 -0.543772 -0.713326 0.862433 2.06385 1.49705 -0.858542 -0.563798 1.00197 -1.72235 1.14649 -0.335109 -0.755231 0.0930917 -0.00216728 0.206607 0.385033 -0.729674 1.09947 0.273422 -0.122412 0.313646 
5.48077 0.0853372 -0.68109 -0.0270156 -0.488576 -0.604958 -0.519311 0.0351458 0.136814 -0.194534 0.0350891 0.0901956 0.000270218 -0.947914 1.82987 -2.22533 -4.10828 3.62898 -0.542663 -0.605114 1.11052 1.40344 1.93147 -0.695813 -0.819995 1.17527 -0.860273 0.405234 0.277058 -0.184724 -0.167473 0.122924 -0.212057 0.690101 -1.98154 0.764189 0.48218 0.133571 0.0428779 
5.44288 0.144827 -0.73812 -0.0916256 -0.455139 -0.611683 -0.529903 0.0579271 0.171774 -0.151389 0.0282912 0.0788497 0.0274474 -1.46688 1.8635 -1.89291 -4.20956 3.59332 -0.362704 -0.598539 1.15134 0.744611 2.00947 -0.543052 -0.797221 1.02943 -0.086071 -0.544457 1.0151 0.0965419 0.0282694 0.233212 -0.241216 0.430475 -2.3915 0.188794 0.432104 0.150062 -0.256193 
5.42771 0.174723 -0.772695 -0.15081 -0.414544 -0.615116 -0.535687 0.0729006 0.162078 -0.101337 0.022179 0.0768665 0.034081 -1.87501 1.72799 -1.45452 -3.81084 3.10877 0.0666597 -0.608312 0.827146 0.194241 1.81241 -0.23067 -0.794109 0.738955 0.000659943 -1.02993 1.39524 0.47069 -0.123279 0.553275 -0.0996182 -0.320408 -1.53774 -0.666922 0.386839 -0.0495452 -0.564572 
5.38993 0.202884 -0.783833 -0.245889 -0.315648 -0.63995 -0.560215 0.137186 0.0997616 -0.034829 0.00272087 0.0630797 0.0713379 -2.05322 1.29202 -0.72484 -3.37295 2.59078 0.496715 -0.49326 0.217339 -0.151428 1.38457 0.0821513 -0.80205 0.354521 -0.25753 -1.08078 1.42877 1.04844 -0.985596 1.09149 0.237632 -1.55416 0.0892206 -1.41374 0.463002 -0.18645 -0.947001 
5.37378 0.211505 -0.786279 -0.308214 -0.253288 -0.622002 -0.584686 0.166413 0.0630026 -0.032815 0.0374839 0.0346784 0.0761814 -2.56638 1.03315 -0.189288 -2.77318 2.09724 1.02183 -0.481376 -0.26994 -0.564219 1.12278 0.236271 -0.99084 -0.0432246 -1.01602 -0.515576 0.995394 1.4444 -1.61854 1.26366 0.452675 -2.12818 0.963336 -1.23229 0.350236 -0.267644 -1.00782 
5.34555 0.206324 -0.77072 -0.349407 -0.228403 -0.6052 -0.57314 0.124862 0.0706899 -0.0290174 0.013486 0.0449413 0.0533094 -3.36923 0.89033 0.354016 -2.33035 1.71293 1.45452 -0.326943 -0.878017 -0.899538 1.06401 0.338805 -1.15168 -0.451814 -1.7597 0.150682 0.555628 1.28815 -1.49495 1.05896 0.359644 -1.58895 0.433386 -0.266911 0.283703 -0.437673 -0.736488 
5.27495 0.220077 -0.767006 -0.344256 -0.244666 -0.552393 -0.578348 0.0703858 0.102701 -0.0500074 0.0397064 0.00973264 0.0358087 -4.41012 0.783377 1.1805 -2.09218 0.88539 1.95502 0.181923 -1.5898 -1.23692 0.877465 0.639429 -1.02445 -0.994444 -2.2036 0.40091 0.764459 0.417511 -1.02259 0.599925 0.573323 -0.695237 -1.01008 0.695449 0.213126 -0.0604572 -0.621463 
5.23115 0.206025 -0.716568 -0.383585 -0.244072 -0.509656 -0.566626 0.00678454 0.129849 -0.062792 0.0588135 -0.010454 0.0170545 -5.19492 0.703383 1.59097 -1.68551 0.0504505 2.2325 0.940312 -2.26139 -1.73537 0.693161 1.22721 -0.838165 -1.55328 -2.12802 0.320089 0.860601 -0.166029 -0.693063 0.0933679 1.07433 -0.0247655 -2.29116 0.891105 0.60881 0.427944 -0.645257 
5.08545 0.274189 -0.750699 -0.378738 -0.229317 -0.466068 -0.587551 0.0103562 0.0641601 -0.00740414 0.0598103 -0.0524351 0.000902038 -5.98723 0.738516 2.08907 -1.75404 -0.587732 2.48505 1.57244 -2.55271 -2.373 0.634884 1.51723 -0.388467 -1.58011 -1.18097 -0.268567 1.26395 -0.618025 -0.912726 0.0244025 1.66045 -0.17973 -2.16614 -0.044529 1.07746 1.12577 -0.476718 
4.96137 0.289097 -0.704564 -0.425409 -0.20377 -0.442388 -0.57112 -0.0254611 -0.00463993 0.0624425 0.056167 -0.0690916 -0.0233871 -6.64152 0.811596 2.69696 -2.00978 -1.38072 2.76198 2.28388 -2.64309 -3.11185 0.527589 1.82486 0.0483099 -1.23584 -0.350815 -0.446923 1.23428 -0.580541 -1.54591 0.315009 1.86826 -0.47151 -1.20437 -1.06884 1.04851 1.46254 0.250405 
4.81937 0.274641 -0.568352 -0.495409 -0.285173 -0.376386 -0.482224 -0.0950165 -0.0842203 0.0408133 0.119457 -0.022711 -0.096783 -6.74296 0.809907 3.11703 -2.1255 -2.17443 2.60884 3.21045 -2.75694 -3.39473 0.208528 1.74748 0.737018 -0.927761 0.383516 -0.138898 0.543938 -0.117366 -1.7115 0.233024 1.4922 -0.444966 0.207472 -1.38729 0.200425 1.19591 1.26426 
4.74647 0.276464 -0.586691 -0.480248 -0.295275 -0.369025 -0.400693 -0.141921 -0.176363 0.0268592 0.221678 -0.0308612 -0.140184 -6.10882 0.740507 3.15768 -2.10322 -2.82732 2.50239 3.72741 -2.69946 -3.23157 -0.225386 1.66961 1.22674 -0.555361 1.1433 0.1236 0.179484 0.0131098 -1.57232 0.0429168 0.779213 -0.0974549 1.36756 -1.06838 -0.971386 0.872571 1.68332 
4.62152 0.295479 -0.504361 -0.56256 -0.339889 -0.282692 -0.36785 -0.180915 -0.217875 0.00727966 0.221432 0.0252946 -0.0973199 -4.66794 0.595219 2.91847 -2.17874 -3.04144 2.40542 3.60093 -2.4979 -2.42707 -0.639715 1.47218 1.53233 -0.148416 2.37276 0.262648 -0.901015 0.412216 -0.584094 -0.528251 -0.307103 0.593999 1.88164 -0.314603 -1.34357 0.168554 1.07057 
4.48411 0.317339 -0.403989 -0.610624 -0.4626 -0.209716 -0.269343 -0.246739 -0.276641 0.0030348 0.237063 0.0481198 -0.0527631 -2.79025 0.707813 1.89535 -1.9036 -2.87098 2.28869 2.85555 -2.03473 -1.35211 -0.72788 1.12809 1.45866 0.177479 4.05176 0.0805047 -2.08772 0.529314 1.02113 -0.833317 -1.80461 1.22349 2.23182 0.334496 -1.06356 -0.406598 0.0480588 
4.43519 0.331581 -0.374821 -0.599732 -0.546214 -0.235166 -0.151155 -0.303956 -0.257167 -0.0456915 0.220699 0.101634 -0.065458 -0.34293 0.66872 0.576274 -1.30999 -2.22294 1.87395 1.55061 -1.32325 -0.137231 -0.0599414 0.393991 0.809475 0.346145 5.21689 -0.207783 -2.83035 0.684754 2.11278 -0.574418 -3.22711 1.65128 2.09941 1.2059 -0.544192 -1.23455 -0.618958 
4.47974 0.328777 -0.375343 -0.634249 -0.570135 -0.196994 -0.141554 -0.300232 -0.267636 -0.0523356 0.239608 0.110071 -0.0571935 2.29005 0.359689 -0.671327 -0.482562 -1.54629 1.40161 0.281484 -0.70024 0.902126 0.84341 -0.268909 -0.0329314 0.123488 5.46496 -0.495832 -3.24306 1.52141 2.38717 -0.707504 -3.47393 1.49119 1.81431 2.03954 -0.518843 -2.01995 -0.85275 
4.53737 0.354545 -0.410438 -0.682037 -0.542552 -0.159196 -0.207865 -0.277367 -0.233818 -0.0320407 0.235807 0.114358 -0.0483649 4.78134 -0.0765374 -2.07767 0.605197 -0.409191 0.293249 -0.801831 0.266874 1.62056 1.54184 -0.67797 -1.14612 -0.119156 4.55348 -0.920117 -2.51293 2.229 1.85559 -1.32798 -2.38634 1.29962 1.21401 2.1143 -0.899254 -2.37616 -0.507022 
4.65525 0.37094 -0.487222 -0.675044 -0.539471 -0.131004 -0.246744 -0.287464 -0.175009 -0.0120468 0.242146 0.103221 -0.0647917 6.76735 -0.668381 -3.07088 1.51491 0.764817 -0.646645 -2.02894 1.29116 2.37865 2.061 -1.62995 -1.87639 1.55978e-05 2.84588 -1.31552 -1.22555 2.42349 1.27372 -2.13516 -0.9909 1.37745 0.617735 1.3837 -1.62466 -1.98857 0.237156 
4.84522 0.338571 -0.553008 -0.611164 -0.529546 -0.151344 -0.321972 -0.255071 -0.113824 0.0885103 0.19478 0.0190766 -0.0901611 7.3283 -1.08118 -3.16805 2.13707 1.26979 -1.21802 -2.69626 2.05773 2.72272 2.10434 -2.27418 -2.25147 0.343621 0.292683 -1.13287 0.27378 1.60943 0.737445 -2.21895 0.175601 1.40693 0.274536 -0.458727 -1.80061 -0.499509 0.990184 
5.04009 0.301525 -0.667517 -0.51165 -0.502084 -0.175483 -0.361852 -0.247649 -0.0855233 0.180917 0.168122 -0.065162 -0.11294 7.06138 -1.64541 -2.24939 2.44421 1.3488 -1.61079 -2.94788 2.51743 2.955 1.41334 -2.8471 -1.72421 0.47735 -2.08418 -0.826076 2.3325 -0.1046 0.0956725 -1.03146 0.238496 1.30266 0.138361 -2.31655 -1.40799 1.54793 1.24694 
5.15097 0.274169 -0.709069 -0.469577 -0.428573 -0.293464 -0.38722 -0.141149 -0.0509014 0.182154 0.115971 -0.133282 -0.0677249 6.04985 -2.08953 -0.992685 2.66366 0.976827 -1.6012 -2.70252 2.47405 2.97291 0.418693 -3.20822 -0.72911 0.763011 -3.51977 -0.424938 3.58757 -1.11323 -0.944601 0.95755 0.110156 0.069601 0.126255 -3.1135 -0.511899 3.27908 0.710616 
5.28197 0.210922 -0.739294 -0.408531 -0.396903 -0.340373 -0.460853 -0.0779208 0.0422683 0.200636 -0.0458782 -0.133354 -0.0127366 4.39178 -2.53331 0.389268 2.74842 0.705927 -1.44579 -2.27628 1.96446 2.71468 -0.213759 -3.55567 0.223737 1.44426 -3.93768 -0.277385 3.67534 -0.994917 -1.49373 2.00717 0.526938 -1.54048 -0.342841 -2.42202 0.588338 3.36712 0.283333 
5.26258 0.207219 -0.699479 -0.381831 -0.425026 -0.353884 -0.467292 -0.0343211 0.0772565 0.135327 -0.055307 -0.112747 0.00882172 2.26284 -3.38654 2.39108 2.30607 0.535452 -0.955312 -1.84071 1.15394 2.06421 -0.487585 -3.56193 0.962692 2.11418 -3.30195 -1.15778 3.19917 -0.347494 -0.955978 1.82085 0.773132 -2.61403 -1.06731 -0.071898 0.576005 1.73684 0.520329 
5.31138 0.124028 -0.555857 -0.417004 -0.417606 -0.31346 -0.560587 0.0135892 0.113439 0.0457208 -0.090117 0.00572424 -0.0123825 0.364988 -4.63518 4.38949 1.77407 -0.0860073 -0.0744002 -1.36462 0.041176 1.37399 -0.6965 -2.92665 1.22792 2.44542 -2.8412 -2.26838 2.33933 0.201005 -0.456889 1.05382 1.3804 -3.02998 -1.80625 1.85233 0.814326 -0.837685 1.04853 
5.28859 0.105673 -0.515953 -0.350097 -0.468299 -0.280161 -0.550703 -0.0374507 0.165585 0.000968875 -0.138508 0.0881631 0.0285387 -1.57158 -5.73753 5.71978 1.17242 -0.570296 0.927439 -1.01328 -0.620724 0.377891 -0.787365 -1.92035 0.837048 2.37849 -2.75845 -3.1622 2.1233 -0.577497 0.0514517 0.516618 1.10186 -1.55916 -2.3309 1.87262 1.39351 -2.76878 0.850355 
5.25712 0.0177723 -0.475924 -0.252997 -0.452051 -0.311743 -0.524881 -0.116891 0.162584 0.0794743 -0.224867 0.0667633 0.137833 -3.38798 -6.54753 6.47686 0.490022 -0.596279 1.69389 -0.902241 -0.955558 -0.408169 -0.846566 -0.694315 -0.104976 2.14517 -2.84118 -2.68459 1.60217 -1.75235 -0.0260239 1.06105 0.0928011 0.312364 -1.82797 0.104254 2.29373 -3.02103 -0.401045 
5.17199 -0.189277 -0.241351 -0.286258 -0.40817 -0.301356 -0.553202 -0.139382 0.0901129 0.172017 -0.262663 0.0153135 0.202082 -4.11741 -6.95592 6.27806 0.0963991 -0.221569 2.14965 -1.29133 -0.848351 -0.770116 -0.926174 0.313412 -1.0149 1.65491 -2.20433 -0.424574 -0.34952 -1.88255 0.0153065 1.42523 -0.948333 1.68051 -0.568355 -2.05399 3.01673 -1.92461 -1.80368 
5.12149 -0.387723 -0.0985002 -0.291321 -0.500497 -0.220909 -0.525654 -0.218413 0.0699748 0.108564 -0.16927 -0.0199163 0.215845 -4.04339 -6.31891 5.20918 -0.100391 0.0719741 1.70391 -0.994961 -0.347375 -0.935917 -1.29372 0.997172 -1.51754 0.958334 -0.157225 2.31039 -2.53201 -1.09158 0.843337 0.334373 -1.29853 2.31617 0.639192 -2.4972 1.88013 -0.0544225 -2.4629 
4.93729 -0.486418 -0.00876658 -0.353167 -0.493269 -0.177895 -0.557909 -0.105811 0.00407701 0.0275826 -0.134207 -0.0883889 0.221277 -3.09953 -4.85116 3.90204 -0.709741 0.393439 1.37923 -1.14319 0.441793 -0.907136 -1.55713 1.34728 -1.4203 0.135843 2.88309 4.51969 -4.28899 0.222548 1.0439 -1.19519 -0.438025 1.26978 1.40319 -1.11693 0.119307 1.54997 -1.9984 
4.80303 -0.576119 0.0645582 -0.386325 -0.468377 -0.0898688 -0.635292 -0.121709 0.0357109 -0.00438136 -0.0896669 -0.146834 0.206715 -1.44533 -2.63419 2.26306 -0.997745 0.302227 1.16224 -1.31084 0.912441 -0.410499 -1.69132 1.37116 -0.857679 -0.767971 5.29212 5.40926 -4.49955 0.821654 0.581381 -2.36229 0.686606 0.317722 1.12435 0.900776 -1.54665 2.18093 -1.02748 
4.82405 -0.60923 0.056775 -0.369625 -0.417744 -0.0580077 -0.730299 -0.0853743 0.0469302 -0.0792195 0.00665883 -0.142109 0.142354 0.0326481 0.103978 0.210633 -0.749352 0.547713 0.415393 -1.30515 1.07481 0.160475 -1.30074 0.984702 -0.279814 -0.913238 4.87856 5.05142 -3.15346 0.439886 -0.114848 -2.22683 1.17634 -0.47879 0.576149 2.48036 -2.27513 1.63893 0.283358 
4.93466 -0.54829 -0.0114944 -0.344065 -0.408091 -0.195899 -0.618248 -0.043295 0.0533966 -0.139532 -0.049413 -0.0682326 0.1026 1.33996 2.16404 -1.07192 -0.380759 0.667096 -0.38653 -1.03565 0.815941 0.67564 -0.463185 0.191121 0.413419 -0.774808 2.37565 3.49264 -1.43747 0.178462 -0.759829 -0.714547 0.550027 -1.16484 0.444794 2.59935 -1.44523 0.573865 1.12924 
5.00915 -0.425495 -0.0785919 -0.393797 -0.406152 -0.17667 -0.650519 -0.0333785 0.0508486 -0.0702051 -0.087839 -0.055224 0.121071 2.24786 3.25843 -1.57463 0.0240619 0.423229 -0.990703 -0.599535 0.206197 1.05265 -2.61444e-05 -0.0682105 0.933151 -0.736078 -0.730246 1.1976 0.241806 0.349863 -0.620143 -0.0803643 0.164296 -1.03908 0.430851 1.10864 -0.20341 -0.124633 0.968487 
5.13965 -0.352626 -0.0921171 -0.391293 -0.443092 -0.157176 -0.690209 -0.0609506 0.0869834 -0.010941 -0.108339 -0.0571651 0.0829523 2.13852 3.53012 -1.52945 0.111797 0.439874 -1.67004 -0.0842099 0.0817972 0.834329 0.51792 -0.665109 1.25234 -0.317385 -2.82671 -1.04622 1.24236 0.439431 0.0751351 -0.215466 0.270946 -0.666778 0.143124 -0.323205 0.393087 -0.0735065 0.643142 
5.0977 -0.227024 -0.139555 -0.388868 -0.372926 -0.219413 -0.714029 -0.0445957 0.0896678 0.0191423 -0.0954326 -0.0629362 0.149574 0.703012 3.07249 -0.907386 -0.0771096 0.624588 -1.62867 0.23096 -0.447642 0.801525 0.785828 -1.13126 1.306 0.171633 -3.17486 -2.62711 1.70332 0.177494 0.539212 -0.293953 0.641689 -0.37219 -0.240374 -1.12099 0.0779587 0.376673 -0.0125275 
5.12159 -0.198938 -0.156209 -0.351209 -0.439521 -0.223085 -0.659962 -0.103717 0.148076 0.000124717 -0.11761 -0.00220687 0.143122 -1.7429 2.04021 0.124507 -0.218006 0.927199 -1.17546 0.163833 -0.762516 0.547366 0.554127 -0.724997 0.753589 0.458724 -3.79206 -2.74422 1.80952 -0.493714 1.16535 -0.257888 0.754199 -0.00806833 -0.891632 -0.884756 -0.306248 -0.0728058 0.0806357 
5.07226 -0.194715 -0.118527 -0.352061 -0.422763 -0.254638 -0.679435 -0.0837311 0.153201 -0.0571321 -0.0645251 -0.00592474 0.0862543 -4.82776 0.795799 1.13846 0.0593021 0.693114 -0.711008 0.393735 -0.728667 0.141272 0.109456 -0.62783 0.0965257 0.653564 -5.0062 -2.0867 1.67267 -0.58897 0.514172 1.02031 0.302052 -0.0570823 -1.13125 -0.0147453 -0.473633 -1.1367 0.667125 
5.0359 -0.228769 -0.0987298 -0.369209 -0.347236 -0.335629 -0.657757 -0.0694773 0.107546 0.016368 -0.166559 0.0330279 0.142057 -9.58793 0.107127 1.75849 0.713122 0.82987 -0.0904104 0.589858 -0.228632 -0.559006 -0.453562 -0.903686 -0.611445 0.618335 -7.82558 -0.894994 1.33141 0.621667 -0.518813 2.20762 -0.150367 0.336592 -1.06109 -0.322474 0.01551 -2.26999 0.323829 
4.89683 -0.23456 -0.0686542 -0.400933 -0.299825 -0.304917 -0.63603 -0.14178 0.14025 -0.00899019 -0.197637 0.0700563 0.158036 -15.0109 -0.0829521 2.20601 1.62036 1.35457 -0.122094 1.26433 -0.870274 -1.67313 -0.611339 -0.642045 -0.874223 -0.112494 -11.1156 0.462993 0.580243 2.33338 -0.385529 1.34993 0.316865 0.200511 -1.73774 -0.464283 0.6136 -2.08789 -0.59453 
4.64141 -0.251444 0.0102285 -0.413458 -0.291505 -0.295546 -0.61303 -0.138576 0.0970223 -0.0414969 -0.126931 -0.033145 0.175835 -19.5704 -0.487765 2.04369 2.23158 2.32968 0.373482 2.49501 -1.03519 -2.77645 -0.865282 -0.11948 -0.800713 -0.435782 -11.252 0.625144 -0.610085 3.05562 0.823755 0.384996 1.94747 -0.512428 -2.0676 -0.70223 0.809468 0.0682556 -1.66468 
4.29775 -0.291206 0.0794434 -0.351815 -0.406185 -0.179756 -0.64952 -0.117294 0.0634786 -0.00991874 -0.167513 -0.124413 0.210836 -21.8482 -1.01857 1.34267 2.51584 2.39658 0.741004 3.58257 -1.08953 -2.88414 -0.961591 0.216069 -0.584889 -0.825594 -6.64157 -0.170504 -1.81 1.65665 2.2961 -0.909588 3.3251 -0.880745 -1.4531 -0.715577 1.25425 2.075 -2.08147 
3.62658 -0.241494 0.0875698 -0.197459 -0.315422 -0.16072 -0.625444 -0.0316432 -0.00436185 -0.0937602 -0.242262 -0.167445 0.157288 -16.5593 -1.94845 -1.01589 1.05758 0.604588 1.76512 3.18023 -0.138781 -1.91737 -1.6784 1.51538 0.0419557 -1.26318 7.94478 -2.16774 -3.94844 -2.52616 -0.0893182 -0.0915464 2.09961 0.029355 0.998724 -0.38439 1.93426 3.12995 -0.932781 
2.95211 -0.161931 0.102889 -0.088151 -0.149579 -0.344171 -0.449974 -0.282164 -0.166794 -0.0724192 -0.120868 -0.0817762 0.0400909 -6.8413 -2.55372 -2.74573 -0.182228 -0.340864 1.87786 2.81567 0.998346 -0.888216 -1.50656 2.00828 0.904377 -1.27638 25.2729 -3.25475 -4.99292 -5.80105 -3.70443 1.8704 -1.26428 2.85819 4.13028 -0.261756 1.52789 2.26574 0.765427 
2.67354 -0.324943 0.0584764 -0.0894012 -0.0513054 -0.181309 -0.221089 -0.238729 -0.230894 -0.149434 -0.0749025 0.00335721 0.0479837 2.60735 -1.74205 -3.78094 -0.633649 -0.581707 0.810958 1.61521 1.47519 0.430178 -1.21443 1.34997 1.71667 -0.95415 32.9386 -0.672591 -3.68975 -5.08861 -5.07485 0.487414 -5.10156 3.66769 5.17105 0.540021 -0.0439008 0.424352 1.75504 
2.60805 -0.416029 -0.00587065 -0.143349 -0.114709 -0.199206 -0.201217 -0.185717 -0.135135 -0.128398 -0.088802 -0.0204027 0.0140195 10.5287 0.404318 -4.64892 -1.05017 -1.15016 -0.0786335 0.471836 0.608342 1.77511 -0.634581 1.23042 1.50983 -1.05706 25.4348 4.19227 -0.992601 -0.974215 -3.06226 -1.4519 -5.77305 1.03636 3.54543 1.38273 -1.71306 -1.1596 1.40719 
3.933 -0.57535 -0.429776 -0.525947 -0.519177 0.0103518 -0.434666 0.020074 0.0562684 -0.244083 0.0929854 0.0824509 0.0408856 16.083 2.38811 -4.59513 -1.678 -2.53558 -0.243169 -0.499057 -0.429866 2.66103 0.490062 1.31063 0.82504 -0.901325 2.5477 8.43056 3.07554 4.06614 1.30667 -3.70706 -2.40537 -3.68738 0.144576 2.49249 -2.59109 -2.53813 -0.139138 
4.80093 -0.546788 -0.375153 -0.493371 -0.426054 -0.0500045 -0.391126 0.074802 0.104702 -0.160532 0.0582999 0.114748 0.0658863 17.6975 4.19425 -3.78149 -1.9429 -3.45674 -0.295128 -0.967115 -0.872842 2.24945 1.25034 1.42859 -0.189051 -0.894638 -16.3274 7.98665 4.05033 4.16063 2.01065 -2.84664 1.40301 -6.44716 -3.04785 2.38338 -0.404523 -2.66668 -1.56159 
4.84867 -0.264816 -0.308196 -0.28766 -0.32887 -0.311897 -0.560601 0.0361802 0.135419 -0.142988 -0.134438 0.0763602 0.110729 14.4248 6.15266 -2.31748 -1.68292 -3.47823 -1.21856 -0.352354 -1.95528 0.4701 1.69375 2.00431 -0.803396 -0.994278 -20.9507 2.80138 3.21422 0.45779 0.433135 0.630786 4.87158 -4.41347 -5.01572 1.12133 2.74882 -1.55229 -1.58446 
4.77409 0.0823963 -0.424877 -0.23496 -0.428435 -0.28103 -0.556223 -0.259259 0.194882 -0.0639241 -0.0723312 -0.0478449 -0.029632 7.90983 7.0299 -0.617964 -1.26198 -2.45291 -1.56249 1.5346 -2.70618 -1.83222 1.61204 2.12256 -0.636399 -0.793291 -14.9431 -2.82503 2.36294 -2.81653 -0.435336 1.70534 5.34987 0.518239 -5.44889 -0.742997 3.22721 0.673328 0.123363 
4.64506 0.174916 -0.389731 -0.320218 -0.523558 -0.240874 -0.453288 -0.358872 0.146524 0.0271947 0.0419857 -0.0569226 -0.0600898 -0.953325 6.92464 1.25401 -0.557924 -1.61617 -2.06963 3.62332 -2.88317 -3.56349 1.1008 1.80465 -0.617483 -0.612011 -5.12788 -5.18945 1.08998 -3.15708 -0.437826 1.19988 3.57088 4.18514 -3.72856 -2.75748 1.29013 2.22674 1.73375 
4.5859 0.184892 -0.327221 -0.414529 -0.550289 -0.251804 -0.308617 -0.377522 -0.072292 0.0501833 0.197234 -0.0685853 -0.0981485 -5.03587 5.35354 1.35193 -1.48126 -2.20616 -1.62279 4.4504 -1.87569 -4.11723 0.186474 1.84916 -0.213803 -0.144251 -0.478825 -4.1366 0.838724 -0.64139 0.732738 -0.541371 1.12611 4.66816 -0.31556 -2.88198 -2.31386 2.21013 2.46746 
4.44703 0.230102 -0.287474 -0.474212 -0.591393 -0.263131 -0.178043 -0.310707 -0.228174 -0.019723 0.269806 -0.0510197 -0.0420925 -5.25818 3.17419 1.53874 -2.45784 -2.13607 -1.03672 4.79541 -0.199041 -3.75476 -0.759381 1.54003 0.675127 0.25645 0.820597 -2.00062 0.170077 1.24794 1.05584 -1.38832 -1.82345 2.914 3.11883 -1.97582 -4.25537 1.25327 1.49844 
4.3584 0.261584 -0.270671 -0.528927 -0.562985 -0.301573 -0.0781165 -0.28925 -0.294136 -0.0415621 0.195649 0.045588 0.0026525 -4.60626 1.57668 1.91192 -2.33403 -1.75382 -1.31406 4.10078 1.41146 -3.06112 -1.4757 0.399513 1.3402 0.842815 1.51678 -0.646815 -0.469028 1.46388 0.21786 -0.443519 -3.11356 0.685673 4.45405 -0.508688 -2.96083 -0.124953 -0.194391 
4.27443 0.276448 -0.22941 -0.500592 -0.658795 -0.350068 -0.016772 -0.22467 -0.286884 -0.14827 0.171623 0.0488252 0.0288479 -3.46018 1.11693 1.58146 -1.60868 -1.72642 -1.48437 3.09828 1.83651 -1.70855 -1.79869 -0.69908 1.47167 0.742939 2.178 -0.452805 -0.578724 0.689102 -0.128775 0.520627 -2.81415 -0.54174 3.34535 0.893961 -0.944097 -0.421702 -1.2191 
4.22999 0.282259 -0.198928 -0.518505 -0.645915 -0.411239 0.00573937 -0.19553 -0.269694 -0.109404 0.100099 0.0337564 0.0705924 -1.99642 0.92972 0.928358 -1.0319 -1.9324 -1.26164 2.04949 1.6629 -0.108266 -1.6251 -1.37508 1.51498 0.429202 2.90191 -0.396505 -0.897236 0.299214 -0.645778 1.14195 -1.55998 -0.997831 1.30875 0.98812 0.867244 -0.225097 -1.6061 
4.18439 0.308895 -0.18727 -0.570673 -0.628986 -0.406383 -0.0591033 -0.150546 -0.182674 -0.188055 0.0568244 0.102524 0.0300036 -0.223225 0.779628 0.326468 -0.925185 -2.15826 -0.701715 1.33017 1.10655 0.620615 -0.874745 -1.22901 1.11438 0.0359348 3.31295 -0.224177 -1.26181 0.187828 -0.992132 1.26425 0.00901268 -1.10919 -0.41583 1.2231 1.49808 -0.381579 -0.774859 
4.18913 0.315811 -0.177404 -0.572043 -0.723155 -0.383963 -0.0241626 -0.175143 -0.210121 -0.159481 0.0895317 0.0914883 0.011396 1.29456 0.742866 -0.0853372 -1.25438 -2.24335 0.177487 0.721584 0.389478 0.978316 -0.174868 -0.706824 0.799776 -0.244308 3.20032 0.00904766 -1.2708 -0.381979 -0.292483 1.26696 0.301009 -1.12672 -0.53926 1.16995 0.923043 -0.245805 0.0721194 
4.24102 0.311394 -0.174765 -0.558626 -0.785985 -0.413804 0.027509 -0.155038 -0.206102 -0.164104 0.0783712 0.117126 -0.00954652 2.31254 0.931111 -0.585446 -1.50771 -2.21727 1.0612 0.45957 -0.536717 0.948958 0.729028 -0.125443 0.608103 -0.379224 2.02097 0.392402 -0.897359 -0.789831 0.216733 1.51926 -0.224622 -1.38109 -0.103351 1.26033 0.651273 -0.599238 0.583762 
4.34845 0.321127 -0.236832 -0.570116 -0.814812 -0.398935 0.0331971 -0.154133 -0.183973 -0.178901 0.0787976 0.147676 -0.0199182 3.2485 0.958022 -0.98294 -1.42189 -2.16987 1.48971 0.326746 -1.12307 0.819262 1.17643 0.614808 0.293099 -0.566101 0.608885 0.459436 -0.238937 -0.717003 0.820103 1.18423 -0.800536 -1.44706 0.272153 1.4254 0.621194 -0.826082 0.373767 
4.4256 0.35449 -0.26394 -0.632215 -0.859183 -0.340488 0.0563495 -0.17532 -0.210927 -0.114969 0.0994609 0.102427 0.0178155 4.63477 0.597586 -1.41448 -1.42098 -1.36948 1.59998 0.0717604 -1.45324 0.569403 1.91253 1.06675 -0.126087 -0.586407 0.497274 -0.157469 -0.106725 -0.0212239 1.49933 0.331848 -1.23057 -0.892244 0.402909 0.918274 0.815861 -0.525373 -0.485716 
4.49527 0.36871 -0.250283 -0.721012 -0.849834 -0.268682 0.0120564 -0.248468 -0.143528 -0.0814941 0.0783286 0.14472 0.00499262 5.37524 0.591551 -2.0904 -1.74408 -0.378787 2.48939 -0.981581 -1.70712 1.06855 2.23317 0.822931 0.127681 -0.74789 1.17771 -0.663653 -0.796116 0.596778 1.69146 0.157917 -1.33296 -0.0798144 0.131738 0.587167 0.575476 -0.148736 -0.902731 
4.49317 0.420261 -0.284064 -0.69535 -0.92216 -0.220889 0.0213163 -0.312011 -0.136679 -0.0186333 0.137955 0.103629 -0.00283562 5.61917 0.305644 -2.50766 -1.47968 0.704444 2.16082 -1.77148 -1.13993 1.04208 2.18531 0.986678 -0.0580373 -1.01908 1.84314 -1.13891 -1.31843 0.648881 2.33571 -0.445898 -1.5413 1.38243 0.0372329 -0.286769 -0.208193 0.428229 -0.940596 
4.61131 0.401016 -0.313334 -0.687589 -0.886864 -0.253902 0.00179152 -0.313465 -0.131464 0.00636013 0.193282 0.0832606 -0.0499424 5.39283 -0.0923304 -3.05644 -0.610931 1.91322 1.13165 -2.50968 -0.0290633 0.827137 1.97828 1.02821 -0.430176 -1.54165 0.787758 -0.904124 -1.68571 0.958004 2.42861 -1.11368 -1.64348 2.55646 -0.166348 -0.906891 -0.758911 0.258797 -0.689765 
4.86366 0.328058 -0.38093 -0.733173 -0.77173 -0.232955 -0.0522473 -0.308046 -0.144138 0.0686102 0.216024 0.0846597 -0.0801775 4.93074 -0.424519 -3.75472 0.336759 3.07893 -0.163642 -3.07013 1.33435 0.742092 1.37473 1.07139 -1.01095 -1.93977 -1.76374 -0.221575 -1.33457 1.65288 1.8744 -2.44087 -1.12177 3.25029 -0.376102 -1.39512 -0.524819 -0.938114 -0.381503 
4.91763 0.394813 -0.502099 -0.802633 -0.776773 0.000329599 -0.185279 -0.373329 -0.0342727 0.107563 0.125159 0.179665 -0.102428 4.25258 -0.638802 -4.0216 1.08104 3.12313 -0.861124 -3.23169 2.18335 1.29017 0.628525 0.65751 -1.42837 -1.75281 -3.12833 -0.158358 -0.225381 2.18932 0.740199 -3.53455 -0.0396966 2.77271 0.0642523 -1.70574 -0.0521904 -1.97328 0.0737171 
4.97088 0.33768 -0.52847 -0.712034 -0.672873 -0.230509 -0.19464 -0.193012 -0.0942687 0.0536217 0.20325 0.102873 -0.139704 3.93802 -0.99195 -3.8977 1.30206 3.24086 -1.38415 -3.50045 2.84138 1.98324 0.00721445 0.0707762 -1.4483 -1.3199 -2.6211 -0.0137636 0.564793 1.33971 -0.98649 -1.59576 0.452536 0.644976 1.38522 -1.17281 -0.405404 -1.4465 0.891117 
4.9839 0.320651 -0.652419 -0.612718 -0.550378 -0.329997 -0.288923 -0.0866909 -0.117446 0.0728858 0.215076 0.0270675 -0.214144 3.18161 -1.10447 -3.70665 1.82786 2.90321 -1.65723 -3.52867 3.2145 2.28003 -0.401933 -0.245721 -1.54257 -0.770398 -0.619741 -0.333244 1.3498 0.00654703 -2.0002 0.603994 0.617513 -1.01633 2.06209 -0.67881 -0.821738 0.114015 1.65814 
4.97638 0.327246 -0.731624 -0.592143 -0.466208 -0.39416 -0.330702 -0.00760041 -0.0904692 0.0514994 0.24913 -0.085794 -0.221219 2.09559 -1.13158 -3.12704 2.31582 2.57204 -1.90613 -3.33941 3.13239 2.54682 -0.717671 -0.582611 -1.73465 -0.159237 0.760733 -0.580345 1.50208 -0.609593 -1.6691 2.0362 0.229519 -1.75346 1.47209 0.0410989 -1.25278 1.50667 1.78211 
4.98291 0.316548 -0.713584 -0.570877 -0.603972 -0.316573 -0.350898 -0.0730842 0.124879 -0.00647807 0.151621 -0.0467619 -0.172439 1.00016 -1.05999 -2.42626 2.42399 2.43849 -1.9697 -2.8155 2.47894 2.73773 -0.937238 -0.700406 -1.7643 0.496961 -0.358841 -6.64443e-05 0.960196 -0.426486 0.0373686 1.56981 0.0470864 -1.36364 -0.277736 0.37605 -0.703248 1.34962 1.19756 
5.12605 0.254572 -0.745375 -0.575364 -0.533474 -0.356738 -0.42414 -0.00383321 0.160831 0.0100236 0.147862 -0.0375536 -0.142487 0.190029 -0.68306 -1.85567 1.94891 2.31307 -0.841313 -2.43411 1.34406 2.77088 -0.677505 -1.28899 -1.09616 1.13781 -2.50677 0.710537 0.791064 0.145577 1.23947 0.211044 0.729131 -0.958974 -1.63102 0.244661 -0.134615 0.422525 0.538231 
5.17591 0.221756 -0.810133 -0.494833 -0.477821 -0.376008 -0.484631 0.0655249 0.12929 0.00736794 0.158272 -0.0503412 -0.140425 -0.960129 -0.470004 -1.05731 1.45533 2.51456 -0.577677 -1.83419 0.804167 2.40061 -0.568651 -1.50055 -0.633979 1.67289 -4.00614 1.24938 0.848223 -0.297483 1.56615 -0.288133 1.28232 -1.00975 -1.55831 0.263864 -0.0887198 -0.0914857 0.256211 
5.11651 0.217537 -0.807922 -0.463863 -0.409235 -0.367475 -0.532343 0.0479203 0.181763 0.00597866 0.089094 -0.0878267 -0.100524 -3.82935 -0.626329 0.517665 1.39591 2.93112 -0.145221 -0.436198 0.847047 0.942356 -0.980818 -1.96141 0.267822 1.6398 -5.22266 0.692176 2.0407 -0.736313 0.896993 0.0676783 2.52788 -0.33321 -1.88714 -0.425209 -0.297402 0.609019 0.0193365 
4.92502 0.28754 -0.816781 -0.445902 -0.38434 -0.375722 -0.514665 -0.0113423 0.256943 -0.0478864 0.0893931 -0.0917411 -0.0641159 -6.29895 -2.04696 1.48971 2.09761 3.66038 0.451136 1.13644 1.00789 -0.457175 -1.08589 -1.75601 0.523416 1.52553 -4.83544 -2.03489 3.04168 0.08227 0.145862 1.29384 3.38616 0.514968 -2.12876 -0.724007 -0.582327 1.47085 -0.163232 
4.94423 0.270301 -0.806831 -0.433069 -0.279159 -0.405028 -0.499608 0.0240794 0.18044 -0.00587643 0.0536199 -0.0801499 -0.0361254 -7.70019 -4.07274 2.11097 2.51884 3.27217 1.42936 2.62617 0.989102 -0.631268 -1.25052 -2.1761 0.749759 1.64518 -3.38387 -5.10409 2.52129 1.23672 -0.54459 2.31255 3.44263 1.10238 -1.49029 -0.833808 -0.535915 1.39925 -0.189937 
4.79931 0.269622 -0.793108 -0.458555 -0.202901 -0.434007 -0.511857 0.0467816 0.20826 -0.00452969 0.0323773 -0.100602 0.000605993 -7.12816 -6.0438 2.16767 2.2894 2.01464 1.23442 3.14131 0.0282071 -1.85607 -1.39049 -1.93148 1.17221 1.84559 0.569777 -6.56335 0.424327 1.68709 -2.05602 1.72207 2.02387 -0.219573 -1.53169 -0.491577 0.0726116 0.835156 0.054212 
4.31038 0.181548 -0.510175 -0.410788 -0.18476 -0.318316 -0.273789 0.119522 0.0408661 -0.173403 -0.0874488 0.0531899 -0.0133106 -5.32156 -7.04077 2.00056 1.9678 0.793287 0.727604 3.49498 -0.424819 -3.08665 -1.62498 -1.59537 1.56082 1.82844 6.31111 -4.31181 -2.55731 0.235962 -3.13992 -0.801439 -0.81815 -2.15503 -0.937791 0.432218 0.973325 -0.397945 0.518139 
4.2513 -0.177547 -0.526342 -0.195744 -0.120391 -0.194217 -0.174123 0.101704 0.0614046 -0.131468 -0.0390818 0.0392459 0.0254453 -3.61494 -7.68727 1.61902 1.59589 -0.141684 1.31931 3.43791 -1.36588 -3.81069 -1.3107 -1.31855 1.18139 1.70394 7.78864 0.839036 -3.17439 -2.26582 -3.32539 -2.24904 -2.41293 -3.33607 -1.33093 0.621098 1.21098 -1.00572 0.31391 
4.32896 -0.441662 -0.585269 -0.193345 -0.1411 -0.145749 -0.130459 0.165976 0.136547 -0.119627 -0.145622 0.014403 0.0846183 -1.9392 -7.00901 1.25532 0.988277 -1.43232 1.19666 2.68078 -1.63863 -3.30178 -1.46256 -0.931687 1.09943 1.57949 5.59458 5.15888 -1.58251 -3.12029 -2.19367 -2.00716 -2.71392 -2.37927 -1.01114 0.421714 1.29029 -0.791573 -0.331683 
4.47986 -0.540065 -0.65459 -0.25602 -0.330837 -0.346127 -0.227442 -0.0963489 -0.168153 -0.162379 -0.0490545 0.0672116 0.13163 -0.144829 -5.78918 0.565261 -0.0806143 -2.36493 0.568064 1.31748 -2.03018 -2.42497 -0.419409 0.0917473 1.01365 1.27676 0.635302 6.15925 0.47074 -2.61314 -0.305336 0.0593468 -1.92455 0.522777 2.15499 0.960751 0.976176 -0.421433 -1.00739 
4.56464 -0.454179 -0.606899 -0.299891 -0.340697 -0.397357 -0.143024 -0.0792083 -0.212417 -0.225788 -0.0884272 0.100925 0.143195 1.18171 -3.98551 -0.536741 -1.04793 -3.05935 -0.384193 0.264456 -2.09554 -1.77985 0.372218 1.43338 0.453466 1.03337 -3.07393 3.67908 1.00987 -1.11106 0.148286 0.919729 -1.00937 2.14744 3.29076 1.37677 1.60524 0.0488736 -1.18061 
4.46106 -0.530272 -0.61246 -0.302443 -0.320554 -0.13873 -0.100665 -0.215395 -0.236801 -0.145148 -0.0784485 -0.00640965 0.137385 0.430502 -1.95022 -0.122814 -1.62854 -2.72884 -0.719286 0.26722 -1.27897 -1.78412 0.452071 1.83975 0.29785 0.531048 -2.82859 0.903053 0.229264 0.378662 0.564327 -0.523651 -0.188258 3.0162 2.65292 1.29423 1.98529 0.16757 -0.829055 
4.52885 -0.473539 -0.548064 -0.343464 -0.418418 -0.249823 -0.189859 -0.0400679 -0.127177 -0.232134 -0.0932002 0.093205 0.151364 -1.15803 -1.03579 0.146528 -1.78036 -2.11666 -0.505671 0.604572 -0.141238 -0.707128 1.05237 2.15318 -0.148702 -0.140021 -2.33732 -0.889527 -0.681554 0.62172 1.05323 -0.795182 1.19701 2.01925 0.680382 1.20641 1.17318 -0.838477 -0.67997 
4.43545 -0.506867 -0.574909 -0.449216 -0.468908 -0.308203 -0.279023 -0.121224 -0.0356055 -0.0319535 0.0650121 0.123997 0.125675 -2.10046 -0.891257 0.306514 -1.23484 -0.910347 0.738725 1.00048 1.22504 1.00226 1.0476 1.57158 -0.631554 -0.836469 -0.852924 -0.745631 -0.468826 1.06824 1.73605 0.235422 1.90272 1.1775 -0.714965 -0.638842 -0.946029 -1.39565 -0.811954 
4.37245 -0.554349 -0.63707 -0.396002 -0.552123 -0.328687 -0.130995 -0.104384 -0.182314 -0.103038 0.173964 0.0819974 0.135047 -2.41888 -1.06515 0.16741 -0.842272 -0.373845 0.714733 0.753671 0.674537 1.17265 1.16818 1.01782 -1.07422 -0.633153 0.1541 0.222478 0.36677 0.733992 2.44546 1.6598 0.818125 -0.150908 0.564043 -0.884201 -3.13674 -1.40035 -0.476488 
4.35746 -0.592345 -0.572743 -0.343395 -0.405869 -0.292681 -0.0694167 -0.0126176 -0.233064 -0.0945176 0.125325 0.0365498 0.121321 -2.32507 -0.532182 0.417657 -0.137348 0.0397524 0.239187 0.846218 0.331499 0.340722 0.0571051 0.118548 -1.07722 -0.727554 0.469618 1.06905 0.630881 0.744912 1.21955 1.8261 -0.76619 -2.0682 0.56776 -1.50278 -3.2836 -0.664676 0.0114728 
4.23375 -0.617164 -0.604324 -0.488156 -0.471189 -0.304218 -0.05926 0.0569127 -0.0569017 0.00289678 0.0948267 -0.0229142 0.0643464 -2.89049 -0.513221 0.506023 0.491227 0.829276 0.89295 1.06116 -0.409789 -0.061274 -0.0335554 -0.629962 -1.54772 -0.276971 0.567083 1.44168 0.895359 1.36953 0.365467 0.332214 -1.63815 -2.52251 -0.664806 -1.72081 -1.94389 0.544698 1.15508 
4.29381 -0.589401 -0.5775 -0.389921 -0.384471 -0.134608 -0.0704838 0.0225107 -0.0223083 -0.129581 0.0377227 -0.0164755 -0.00623896 -2.63162 0.0242141 1.27421 1.21164 1.18786 1.03454 0.504882 -0.604608 -0.804172 -0.7871 -1.38628 -1.44601 0.00630248 -0.498207 0.921073 0.895975 1.15782 -0.456939 -1.35318 -1.5024 -1.8629 -2.20896 -0.375015 0.248456 0.843649 1.62438 
4.2524 -0.582937 -0.563678 -0.398959 -0.375594 -0.198448 -0.0949427 -0.164646 -0.0658974 -0.0472923 -0.0301929 -0.0801591 0.137222 -2.38087 0.361113 1.44581 1.25537 1.5363 1.02699 -0.375749 -1.14142 0.00233161 -0.0821942 -1.56726 -1.11961 -0.618689 -0.544214 0.194945 0.527356 0.957626 -0.19344 -1.12937 -0.592595 0.387897 -1.54343 0.492839 1.51651 0.823395 -0.149383 
4.19262 -0.524298 -0.503226 -0.301767 -0.405186 -0.210379 -0.0825007 -0.151279 -0.235582 -0.247173 -0.0626379 -0.0492281 0.0497347 -2.57034 0.437278 0.916919 1.03837 0.812235 0.260813 -1.03784 -0.725241 0.866186 0.200969 -0.951965 -0.374634 -0.674919 -0.193733 -0.544004 -0.427923 -0.503495 0.133418 -0.846305 -0.62525 2.12756 1.8386 2.3176 1.66813 0.765754 -1.23417 
4.06428 -0.575213 -0.510827 -0.318134 -0.352504 -0.204592 -0.0897208 -0.0986249 -0.103411 -0.0982157 -0.0309741 -0.0694704 0.169878 -2.76847 0.618993 0.925787 1.15389 0.534794 -0.476014 -1.06213 -0.0216194 0.194385 0.707484 -0.148219 -0.346833 -0.64266 0.145047 -0.245746 -1.11667 -1.43655 -0.696388 -0.847302 -0.422021 2.50378 2.77921 2.11242 1.33277 0.393854 -2.12344 
4.08643 -0.527746 -0.39596 -0.247821 -0.345897 -0.210234 -0.168295 -0.151975 -0.292318 -0.143471 -0.00261916 -0.0667043 0.118701 -3.59588 0.576801 0.354874 0.276063 -0.0931735 -1.12522 -0.796753 0.731968 0.163236 1.01465 0.374185 0.00998051 -0.764577 -0.493794 0.0309825 -1.78396 -1.77427 -1.18957 -0.71172 0.400726 1.93521 2.11153 0.73602 0.630811 0.350569 -0.975378 
4.09054 -0.549771 -0.473523 -0.26089 -0.267191 -0.164647 -0.132539 -0.164004 -0.0607175 -0.00691784 -0.0339026 -0.0889995 -0.08442 -4.07327 0.338974 -0.487161 -0.672908 -0.906986 -1.20903 -0.685553 1.55935 0.89878 1.58386 0.760704 0.237432 -0.716082 -1.66216 0.191621 -1.48002 -1.91187 -2.19843 -1.11271 0.705256 0.708663 -0.786858 -0.369176 0.26731 0.175126 1.76161 
3.973 -0.566329 -0.545597 -0.345509 -0.380868 -0.292808 -0.226318 0.042497 0.130727 -0.0172387 0.00424694 0.0148976 -0.00646792 -4.24488 0.275235 -0.985985 -1.00047 -0.861148 -0.819631 -0.344144 1.47277 1.10599 1.55598 0.594015 0.187367 -0.514238 -1.54837 0.207567 -0.642699 -0.682204 -1.09259 0.396353 1.31924 -0.957804 -2.8198 -1.38434 -0.401564 -0.189688 1.8742 
3.88972 -0.495442 -0.468699 -0.315513 -0.409217 -0.321509 -0.167671 0.0363712 -0.111488 0.0493985 0.0697289 -0.124363 -0.00256726 -4.6904 0.683258 -1.1135 -0.869004 -1.03787 -0.731286 -0.238078 1.10802 1.10113 0.533969 0.171411 0.288798 -0.569206 -0.994823 -0.0823332 -0.273792 0.281836 0.394841 1.3636 0.548614 -1.59544 -0.601621 -1.47702 -1.07657 0.24126 1.30586 
3.7701 -0.496168 -0.548157 -0.37593 -0.416035 -0.29239 -0.132513 -0.0258031 -0.141134 -0.0862281 0.0236172 -0.00800797 -0.00086516 -5.4503 1.01759 -0.80379 -0.644387 -0.429893 -0.570722 -0.708496 0.607699 0.828237 -0.00141088 0.325254 0.772199 0.304063 -0.0566835 0.508236 1.15471 1.66479 1.93965 1.34003 -1.03574 -1.59502 0.42472 -1.15171 -0.59983 0.345658 0.102864 
3.66661 -0.549531 -0.635426 -0.488452 -0.557105 -0.360094 -0.175341 0.0149691 -0.0137607 0.122599 0.0432236 -0.0446703 0.113667 -5.97415 1.60741 0.246908 0.0954596 0.38325 -0.242309 -0.862306 -0.249829 -0.676908 -1.16896 -0.414133 0.260517 0.828111 -0.0298462 1.32939 2.24156 2.42191 3.27993 0.98877 -1.45434 -1.38761 0.267773 -1.85188 -0.792013 0.0828592 -0.974583 
3.63802 -0.504122 -0.581381 -0.346435 -0.396447 -0.218366 -0.113429 0.0185378 -0.0892207 -0.0664885 -0.00880851 -0.0414937 0.00265392 -6.05765 1.77081 0.545073 0.0282587 0.90859 0.541811 -0.54075 -1.614 -0.987485 -1.43312 -0.657558 0.0188585 0.418528 -0.70422 1.22728 1.8706 0.601687 1.54408 -0.218606 -1.18897 -1.23782 -0.601576 -0.936452 -0.20115 -0.256271 -0.136178 
3.49067 -0.439777 -0.568544 -0.340037 -0.420312 -0.283695 -0.192439 -0.0219169 0.0640365 -0.0699714 -0.0268851 -0.0326171 0.0141683 -6.5248 1.69942 1.03486 -0.133403 1.47272 0.896017 -0.18836 -1.4092 -0.13087 -1.45825 -0.856107 0.840064 0.519749 -0.92369 0.364642 1.20633 -0.974341 0.333856 0.188529 1.11167 -0.744983 -1.91674 0.0949648 -0.0128788 -0.273722 0.250333 
3.39702 -0.373426 -0.466068 -0.305859 -0.293768 -0.291203 -0.35502 -0.089285 -0.0932821 -0.0902085 0.0865854 0.0923312 0.0871564 -6.47631 1.70693 1.59609 -0.428453 1.4197 0.575974 -0.0357059 -1.28786 -0.264314 -0.628044 -0.417247 0.49139 0.459673 -0.666565 -0.962567 -0.419706 -2.47162 -1.49492 0.182222 2.79479 0.295018 -0.165883 1.43913 -0.0551589 -0.0892924 0.189157 
3.26153 -0.318439 -0.413214 -0.261874 -0.236053 -0.263841 -0.243975 -0.109566 -0.162678 -0.18968 -0.142776 -0.119447 0.0431418 -6.57353 1.27869 1.81358 -0.68547 1.40256 0.484556 0.280193 -1.14302 -0.331946 -0.476074 -0.277397 0.434954 0.19288 0.0743237 -1.94546 -1.00799 -2.33637 -2.04129 -0.267184 1.86857 1.41134 1.63943 2.83499 1.23253 0.69881 0.229922 
3.16025 -0.345186 -0.508707 -0.450813 -0.378925 -0.2203 -0.188749 -0.210588 -0.121127 -0.146077 -0.0147205 -0.0372578 0.0447461 -6.45576 0.46736 1.44211 -1.41965 0.878124 0.200256 0.264113 -0.94635 0.00881545 0.435312 0.177714 0.678165 0.418615 0.875027 -1.7667 -0.336207 -0.0767945 -0.310026 -0.474625 -0.0489165 1.69684 1.64231 1.70135 0.956372 0.531223 -0.343416 
2.97869 -0.332041 -0.379504 -0.416135 -0.255064 -0.18149 -0.0778691 -0.0881158 -0.0837372 -0.108207 -0.0463931 0.111522 0.107299 -5.54167 -0.0274948 1.69977 -1.15061 0.993539 0.52715 0.769909 -0.733579 -0.136545 0.23592 -0.0804284 0.613019 0.0809907 1.81581 -1.05531 0.053142 1.23804 0.342711 -0.619509 -1.85962 0.265408 0.818837 -0.0548273 0.343649 -0.331994 -0.730881 
2.96313 -0.342356 -0.416245 -0.504633 -0.342467 -0.286346 -0.164 -0.133978 -0.0820986 -0.000412488 0.0184468 0.0172846 0.0905399 -4.83217 -0.404353 1.58111 -1.26395 0.410898 0.288003 1.036 -0.00439122 0.888851 0.701534 -0.127733 0.484491 -0.185768 1.8824 -0.121459 0.835132 1.81111 1.04335 0.155308 -1.32766 -0.0895207 -0.216995 -1.48134 -0.58207 -0.179093 -0.596321 
2.84458 -0.412112 -0.389743 -0.466884 -0.308284 -0.256798 -0.166218 -0.0929733 -0.0212406 -0.0128909 -0.0114865 -0.0196882 0.06001 -4.1847 -0.825452 1.45343 -0.889611 0.630151 0.527565 0.740069 0.279101 0.684602 0.209438 -0.312908 0.479717 0.0873621 1.57565 0.447348 0.511903 1.02088 0.500062 0.759808 0.435754 -0.137543 -0.91293 -2.04764 -1.75091 -0.751102 -0.0677959 
2.79631 -0.420166 -0.388292 -0.46826 -0.231834 -0.21149 -0.204104 -0.147773 -0.048386 -0.0657369 0.0340446 0.0981317 0.0551954 -3.47211 -0.883817 1.43811 -0.134918 1.05283 0.729789 0.696735 0.469988 0.144222 -0.66675 -1.35823 -0.436271 0.123893 0.899652 0.189175 -0.354141 -0.0972615 -0.515169 0.853304 1.55862 0.430654 -0.810672 -1.32524 -1.81945 -1.19268 0.632959 
2.81355 -0.365467 -0.236785 -0.389928 -0.191376 -0.198701 -0.158215 -0.188894 -0.0842478 -0.154156 -0.0815233 0.0527722 0.0385042 -2.65887 -0.933133 0.846285 -0.120508 0.733714 1.00294 0.737946 0.144281 -0.246949 -1.31113 -1.70596 -1.00541 0.107904 0.219624 -0.398437 -1.43616 -0.556635 -0.595699 0.665851 1.31569 0.860246 -0.658189 -0.452248 -1.14735 -1.12041 0.975523 
2.74047 -0.381736 -0.260761 -0.504395 -0.284792 -0.253634 -0.130577 -0.0610798 0.0181132 -0.00546737 -0.0243968 0.0493974 0.0507902 -2.24765 -0.800686 0.705928 0.0827663 0.863593 1.36689 1.19719 0.318433 -0.468169 -1.70877 -2.0267 -0.812568 0.345741 0.640675 -0.464925 -1.62832 -0.0820996 -0.264505 0.361794 0.151712 -0.179626 -0.826535 -0.465016 -0.368455 -0.893275 0.513889 
2.65448 -0.461224 -0.314165 -0.466287 -0.208617 -0.117057 -0.0523881 -0.0980842 -0.10413 -0.203472 -0.20008 -0.0553459 0.103683 -1.59001 -0.590629 0.316529 -0.106299 0.510012 1.14213 1.20031 0.273239 -0.660802 -1.47217 -1.86955 -0.924043 0.503401 1.14282 0.13849 -0.735057 0.218508 -0.169598 -0.472032 -0.855256 -0.41714 0.0854456 0.570565 1.1067 0.445686 -0.222248 
