2.42281 -0.571108 -0.240974 -0.291837 -0.187062 -0.165009 -0.0995367 -0.0866638 -0.0603087 -0.089736 -0.0349846 0.012895 0.00552106 -0.0212803 0.0854875 0.213907 0.199669 -0.301082 -0.205269 -0.411188 -0.425551 -0.746232 -0.073668 0.185168 -0.136417 0.351152 -0.127905 -0.0230554 0.152571 -0.147918 -0.309403 -0.493977 -0.415466 -0.13621 -0.537323 0.00603095 0.141275 -0.105251 0.350922 
2.43869 -0.555743 -0.231353 -0.232649 -0.194811 -0.111506 -0.0995883 -0.148313 -0.107567 -0.102993 -0.0283704 -0.00627822 0.00167288 -0.0920467 0.00253344 0.214553 0.121746 -0.347245 -0.321247 -0.452153 -0.234136 -0.472999 0.125857 0.231322 -0.134645 0.229664 -0.293677 -0.24628 -0.0378883 -0.737366 -0.47267 -0.99035 -0.40504 0.554902 0.332986 0.520061 0.235269 -0.139052 0.0200746 
2.43399 -0.547907 -0.209187 -0.237666 -0.157827 -0.150321 -0.119046 -0.118449 -0.123789 -0.131145 -0.0358831 0.0515228 0.056679 0.119751 0.13039 0.21537 0.0410452 -0.579914 -0.750892 -0.424968 0.095725 -0.194107 0.31259 0.436951 -0.288699 -0.062365 0.0275745 -0.127588 -0.224937 -0.685957 -0.714548 -0.988932 -0.0743903 0.89159 1.11083 0.915689 0.454321 -0.466507 -0.761011 
2.40679 -0.579627 -0.222418 -0.289314 -0.204895 -0.171519 -0.123582 -0.137352 -0.15117 -0.11773 -0.0467043 -0.0131766 0.0372078 0.154792 0.07774 0.138731 0.0899915 -0.489118 -0.874514 -0.411165 0.207889 0.0422875 0.488271 0.231884 -0.307122 -0.14213 0.410128 0.127988 -0.214472 0.0511599 -0.102806 -0.443207 0.269703 0.845765 1.37507 0.725448 0.147978 -0.115529 -0.863874 
2.41993 -0.558789 -0.219713 -0.285694 -0.261638 -0.232163 -0.174532 -0.123731 -0.135166 -0.063139 0.0188928 -0.0161763 0.044927 0.110505 -0.104232 0.0261798 0.0398956 -0.232165 -0.742357 -0.353474 0.174379 0.157025 0.458754 0.168887 -0.367013 -0.131088 0.378833 -0.00909913 -0.194685 0.528284 0.806973 0.566519 0.597633 0.112457 0.650442 -0.111943 -0.494019 0.0474995 -0.447648 
2.40716 -0.581255 -0.220507 -0.280811 -0.216334 -0.195372 -0.139428 -0.0841072 -0.0611148 -0.0538703 -0.0114778 0.00441593 0.00474962 0.392433 -0.198423 0.0143214 -0.0652241 -0.441002 -0.527511 -0.475716 0.443043 0.540141 0.454187 0.233492 -0.721595 -0.0538971 0.4445 -0.105343 -0.0329409 0.588357 0.616424 1.11744 0.103086 -0.566322 -0.357217 -0.711309 -0.466515 -0.280396 0.498321 
2.47389 -0.531089 -0.215347 -0.27875 -0.270278 -0.281379 -0.132364 -0.0488568 -0.0599014 -0.0481021 0.0342679 -0.0366602 -0.0380783 0.690682 -0.0604451 0.0421134 -0.0347619 -0.506679 0.162665 0.0943732 0.582167 0.613688 0.483262 0.197685 -0.81059 -0.106938 0.17994 -0.27635 0.135943 0.0221865 0.301088 1.64783 0.15873 -0.423847 -0.649505 -0.725697 -0.376664 -0.195137 1.10959 
2.44247 -0.566211 -0.228304 -0.243066 -0.210215 -0.233966 -0.143916 -0.0938292 -0.070424 -0.0404566 -0.0510931 -0.0151414 0.00408764 0.61305 -0.007514 0.027082 0.19634 0.137111 0.534519 0.249486 0.121017 0.124583 0.134346 0.0140825 -0.166611 0.0360363 0.0503502 -0.0217204 0.154198 -0.447598 -0.176899 1.12139 0.325259 -0.301794 -0.828505 -0.435264 0.223817 0.109726 0.58656 
2.42755 -0.597317 -0.234115 -0.255634 -0.174465 -0.187261 -0.144039 -0.132039 -0.103367 -0.0794361 -0.0196028 -0.0325175 0.0264313 8.48507 1.11993 -2.35948 -0.107777 0.0657436 -0.355237 0.151069 0.247216 -0.106678 -0.241597 0.082399 0.368902 -0.0169372 7.89321 1.54043 -2.27539 -0.566572 -0.425444 -1.02269 0.187034 0.308193 -0.424387 -0.0430341 0.503015 1.21635 -0.268457 
2.5103 -0.581924 -0.207226 -0.260339 -0.287763 -0.172151 -0.200148 -0.0678394 -0.047037 -0.0706236 0.0161432 -0.117543 0.0481959 16.7863 0.961831 -3.4432 -0.322116 -0.951481 -0.93418 -0.26626 0.561575 -0.0822539 -0.170663 0.71995 0.973668 0.173456 17.7455 1.53735 -4.20244 -0.488594 -0.585528 -2.56574 -0.103502 0.58876 -0.0242135 0.0772554 0.7133 2.32922 -0.793806 
2.51639 -0.545792 -0.200903 -0.292554 -0.267461 -0.121983 -0.0521532 -0.0184572 -0.062039 -0.0408642 -0.00444564 -0.0597895 0.0311169 21.958 0.261697 -4.10708 0.0848283 -1.4754 -1.82241 -0.570723 1.10402 0.278963 -0.146833 0.790809 1.51958 0.1939 21.8029 0.0623521 -4.16658 0.357842 -1.50489 -3.67348 -1.37815 0.975477 0.674059 0.0393332 0.859857 1.83055 -0.514158 
2.44773 -0.574361 -0.231704 -0.251099 -0.154488 -0.155664 -0.119716 -0.173391 -0.171042 -0.0846392 -0.0260226 0.0378245 0.018724 23.8011 0.151509 -4.00298 0.00103632 -1.6641 -2.10945 -0.6274 0.978347 0.11054 -0.218658 0.404308 0.91006 0.211376 13.3739 -1.66428 -1.10067 0.635261 -1.69704 -1.81187 -1.16965 1.02181 1.01939 0.121927 -0.158298 -0.433761 0.372316 
4.47257 -0.272696 -0.813678 -0.323702 -0.273607 -0.445905 -0.177596 -0.0166608 -0.0841681 -0.0965388 0.0529489 0.088158 -0.0154128 23.1438 0.316914 -3.69178 -0.248101 -0.858447 -1.47844 -0.489338 1.00407 -0.0324591 -0.381161 -0.11298 0.359756 0.0153423 -10.0555 -2.93709 4.49086 0.470868 0.505998 2.36099 0.00190402 -0.280197 -0.022095 -0.209977 -1.46501 -2.77605 0.700147 
5.07989 -0.543398 -0.639161 -0.314379 -0.456321 -0.360993 -0.20714 0.043525 -0.0235013 -0.0477602 0.138175 0.134554 0.0226248 18.5266 0.467589 -2.80462 -0.0254949 0.314207 -0.747403 -0.596778 0.169928 -0.360787 -0.891091 -0.678248 -0.110443 -0.282175 -25.5698 -0.143567 5.44172 -0.0166861 3.40736 4.24057 0.882824 -1.78382 -1.17362 -0.93808 -2.47694 -3.64618 -0.00246609 
4.97845 -0.646976 -0.638074 -0.172333 -0.438296 -0.516512 -0.230956 0.0928318 -0.0039511 -0.0672774 0.064285 0.131783 0.0247839 11.1871 1.50441 -1.24776 -0.359037 0.548271 -0.583295 -0.643427 -0.0529798 0.229726 -0.661881 -0.406464 -0.960689 -0.629629 -27.0952 3.34986 4.22961 -1.30359 4.02385 3.93586 1.43921 -2.29342 -1.00598 -0.610932 -1.13105 -2.2401 -1.07716 
4.70572 -0.578627 -0.556919 -0.270475 -0.342551 -0.338989 -0.200721 -0.0740269 -0.123587 -0.101753 -0.0882964 -0.0738873 0.0825852 5.20276 4.40517 0.316994 -1.34804 0.394654 0.35807 0.424388 -0.297442 0.806974 -0.546813 -0.473177 -1.2925 -1.03393 -14.3742 6.63349 1.27019 -1.70378 1.4675 0.598842 1.14227 -1.20364 0.777425 0.0539106 1.16437 0.851841 -1.91548 
4.67787 -0.47771 -0.574341 -0.354347 -0.18711 -0.183146 -0.154686 0.0137444 -0.119999 -0.147392 -0.0449327 -0.0952891 0.00666612 -1.05529 6.27665 1.11433 -1.89076 0.192795 1.28308 0.834189 -1.25527 0.865364 -0.183955 -0.567341 -1.33891 -1.46264 3.6859 7.48812 -1.88658 -1.75402 -3.03976 -2.41065 0.618278 -0.151246 2.30463 1.28205 2.15413 2.3147 -1.46854 
4.26538 -0.420385 -0.509598 -0.248522 -0.134271 -0.203815 -0.2186 -0.126564 -0.137546 -0.212259 -0.0947507 -0.0735798 -0.0459896 0.806168 8.48074 -0.567121 -2.5684 -0.30764 1.2929 1.10501 -1.36586 0.941901 -0.010499 -0.43301 -1.20712 -1.73385 14.5658 4.3772 -3.00603 -1.65389 -5.23054 -1.80015 0.56006 0.888625 2.05787 1.84691 1.70602 1.91797 -0.204838 
3.94083 -0.173858 -0.444652 -0.379899 -0.217247 -0.368573 -0.151907 -0.0526372 0.013207 -0.0716951 0.0510429 -0.0725747 -0.103785 5.61702 8.81077 -2.10856 -2.80109 -1.9919 2.13762 0.820108 -0.934237 1.22129 0.421661 0.202147 -0.906481 -1.59141 17.2465 -0.656292 -4.32903 0.0617111 -4.28191 0.91137 -0.454319 0.845285 -0.0155028 0.748579 -0.296526 0.272789 1.08968 
4.62962 0.348981 -0.50994 -0.533386 -0.321916 -0.286075 -0.0462238 -0.115953 0.0437045 -0.137697 0.0008796 -0.00391592 -0.134642 9.88015 7.65966 -3.48772 -2.25387 -3.38087 2.06454 0.39787 0.0375672 1.30636 0.885443 0.47224 -0.351523 -1.12651 9.27077 -6.28787 -3.52585 1.54274 -1.64263 3.03801 -1.4843 1.14455 -1.79046 0.232023 -1.10279 -1.4279 1.96108 
5.17534 0.351063 -0.740554 -0.533843 -0.488807 -0.289086 -0.124791 -0.125001 0.0766791 -0.0452397 0.0223195 -0.0406141 -0.166694 12.5684 5.606 -3.83866 -2.30559 -3.55944 2.07569 0.442879 -0.0353388 1.17175 0.772027 0.0795912 -0.470941 -0.193851 -0.642473 -7.71028 -0.632633 1.62643 1.70642 2.8192 -0.946496 1.162 -1.83948 -0.873197 -1.01424 -1.1558 1.99833 
5.35607 0.288492 -0.759993 -0.547503 -0.498131 -0.188438 -0.0884551 -0.0970067 0.0345543 -0.0678655 -0.00718577 -0.0785924 -0.131003 14.1757 3.29653 -4.12254 -2.22242 -2.7298 2.69496 0.352066 0.476321 1.00589 0.323901 -0.184804 -0.694879 0.570887 -6.97055 -5.75021 1.7028 1.00843 3.40593 0.420631 -0.402973 0.298504 -0.551012 -1.28091 -0.560746 -0.19383 1.42688 
5.55515 0.29865 -0.929717 -0.50387 -0.621827 -0.0214841 -0.16817 -0.0567725 0.0391139 -0.0569946 -0.00354492 -0.136062 -0.104034 12.4129 0.788505 -3.98325 -0.866411 -1.694 3.34126 -0.558266 0.794533 0.274398 -0.417694 -0.823416 -0.792925 1.22036 -8.03216 -2.29894 3.01673 0.152863 3.6457 -1.80575 0.2325 0.121027 0.549263 -1.21303 -0.105218 0.747254 0.693609 
5.66382 0.26835 -0.963143 -0.533825 -0.611911 0.0283384 -0.162993 -0.00843502 -0.0182484 -0.0270011 -0.0378788 -0.136672 -0.0577827 7.48649 -1.09816 -2.95135 0.17244 -0.84297 2.94081 -1.23183 1.50433 0.0953771 -0.643294 -0.828008 -0.716059 1.60403 -5.43878 0.551547 2.30501 0.754606 1.93273 -1.89665 -0.388752 0.207464 0.724497 -1.22612 -0.137035 1.08081 0.0585002 
5.78237 0.186106 -0.888801 -0.651254 -0.472396 -0.0362912 -0.0669826 -0.0863558 0.0727999 -0.118137 -0.0383786 -0.115292 -0.0337368 4.20315 -0.837137 -1.57477 0.697087 -0.193062 2.10561 -1.03076 1.79686 0.104585 -1.20735 -0.965262 -0.153658 1.68332 -4.13993 1.29499 0.855139 2.26138 -0.701241 -1.28198 -1.39892 1.15286 -0.148072 -0.237651 -0.130092 0.779977 -0.296109 
5.81609 0.187193 -0.933229 -0.607885 -0.447107 -0.00339352 -0.125048 -0.0530107 0.109601 -0.148861 -0.0480402 -0.125021 -0.00989847 2.51722 -0.600407 -0.654423 1.16609 -0.0901347 0.645071 -1.10957 1.98388 0.445613 -1.375 -0.777099 0.276894 1.41849 -3.12753 0.999713 0.891701 2.16021 -1.74931 -1.25339 -0.762495 1.30285 -0.594428 0.125881 0.0147309 0.551265 -0.445825 
5.77375 0.232123 -0.998085 -0.485343 -0.526614 0.074139 -0.242625 0.0573238 0.0475247 -0.141513 -0.0800989 -0.128118 0.0229641 0.620337 -0.383191 0.417763 1.85024 -0.354695 -0.59254 -0.996837 2.08573 0.47086 -1.26231 -0.553211 0.457635 1.15985 -1.95582 0.309367 1.3091 1.11985 -1.57774 -1.92907 0.467009 0.40022 -0.101162 0.42131 0.511342 0.215495 -0.60886 
5.76562 0.24243 -0.97824 -0.459615 -0.567173 0.0878881 -0.272806 0.108785 0.0434699 -0.170532 -0.100173 -0.0992807 0.0459942 -1.61254 -0.118516 1.16568 2.63164 -0.65945 -1.81596 -1.11468 1.6207 0.563583 -0.663939 0.0315732 0.24075 0.898896 -2.34146 -0.344026 1.96303 0.216219 -0.180108 -2.92687 1.25163 -1.07277 0.359854 1.01563 1.11992 -0.328941 -0.577767 
5.7716 0.229878 -0.943855 -0.416236 -0.574099 -0.00980596 -0.216476 0.123965 0.0599709 -0.197353 -0.108438 -0.0703973 0.0459192 -6.80943 -0.252222 2.63045 3.50549 -0.0296765 -3.23018 -0.855529 1.05766 0.12196 0.4507 0.127612 0.147073 0.52416 -6.66139 -0.75659 2.8656 0.159514 1.8534 -3.20754 1.14298 -2.36395 0.379367 1.74858 1.10712 -0.694705 -0.556552 
5.77429 0.191425 -0.878126 -0.400288 -0.565276 -0.0933114 -0.230801 0.16888 0.105775 -0.228737 -0.0812134 -0.0741068 0.0450899 -9.97306 -0.705172 3.72476 3.53447 1.25187 -5.09538 -0.804561 -0.0907366 0.208048 1.32393 0.0275005 0.339196 0.339565 -9.93526 -0.667973 2.46971 0.747597 3.22159 -2.98501 -0.023905 -2.83275 -0.167435 2.47344 0.150168 -0.382939 -0.347869 
5.64538 0.224851 -0.85026 -0.296039 -0.66461 -0.114445 -0.254837 0.186063 0.086759 -0.176244 -0.0612837 -0.0974599 0.0549727 -10.9412 -0.635233 4.08072 2.97796 2.83921 -5.96412 -1.31855 -0.743415 0.562757 1.67392 0.215563 -0.0269992 0.191801 -7.71751 -0.268085 1.19926 0.140807 4.14419 -2.01465 -1.48405 -1.88706 -0.27321 1.73914 -0.704743 -0.0577077 -0.147793 
5.38487 0.208107 -0.741738 -0.263401 -0.561658 -0.301091 -0.254434 0.0648193 0.11098 -0.0955082 0.0108648 -0.129746 0.0671761 -10.769 -0.167792 3.48983 2.60022 3.66497 -5.74373 -2.12028 -1.01589 0.63267 1.75682 0.325592 -0.432193 -0.0228233 0.160599 0.691165 -1.28164 -1.02056 2.747 0.426903 -2.40407 0.0662912 0.0417458 -0.175529 -1.01556 0.0222554 -0.150203 
4.46545 0.123752 -0.473748 -0.142729 -0.325378 -0.48097 -0.188221 0.0102926 0.0670624 -0.0135602 -0.0648018 -0.0966029 0.0237191 -9.83019 0.366202 2.65753 1.75743 3.88316 -4.75262 -2.76641 -1.40058 0.565791 1.70085 0.358349 -0.44287 -0.451879 10.3234 1.85662 -4.0104 -2.49831 -0.417028 3.11708 -2.42112 1.18966 0.523175 -1.84347 -0.0278309 -0.26496 -0.389674 
4.52599 0.110596 -0.536943 -0.109384 -0.265195 -0.640257 -0.366587 -0.0339632 0.106507 0.0433665 -0.119945 -0.0418601 0.0615721 -8.2996 0.909124 1.77408 0.579481 3.78764 -3.34618 -2.98437 -1.7779 0.425639 1.35252 0.478511 -0.154953 -0.982392 11.2717 2.07009 -3.744 -3.16151 -2.61795 4.98344 -0.592229 0.976951 0.261647 -2.32274 1.12373 -0.302458 -1.12797 
4.71862 0.221082 -0.578028 -0.174501 -0.16856 -0.583254 -0.510147 0.0613828 0.136089 -0.00866124 -0.0562165 -0.150921 0.0648095 -6.01065 1.29169 1.06204 -0.998956 3.53612 -1.58321 -2.9078 -1.96469 0.377323 0.67542 0.74936 0.241469 -1.42052 5.4506 1.04104 -1.70961 -2.77736 -3.23737 4.53871 1.53905 -0.795363 -0.389973 -1.24261 1.30311 0.750909 -1.45139 
4.78224 0.272767 -0.644872 -0.17464 -0.189933 -0.552853 -0.531384 0.0471148 0.149107 -0.0495677 -0.0376958 -0.163274 0.0256929 -3.47934 1.59283 0.451854 -2.09323 2.57081 0.899163 -2.70822 -1.74417 -0.0516499 -0.200686 0.949574 0.546776 -1.61045 -1.32538 -0.339173 1.02564 -2.12931 -1.50907 3.23176 2.32521 -1.73719 -1.01736 -0.28346 0.913646 1.3709 -0.907588 
4.73619 0.286683 -0.641727 -0.245388 -0.206956 -0.534108 -0.526947 -0.0478191 0.145373 -0.0250259 -0.0213204 -0.10948 -0.0560202 -1.19201 1.55617 0.0627999 -2.65402 1.79593 2.88689 -2.29216 -1.67155 -0.443956 -0.989115 1.17406 0.600693 -1.25239 -4.52832 -1.3036 2.26651 -0.474305 0.455655 2.25918 1.72025 -0.789727 -1.38315 -0.345382 -0.184234 1.04846 0.588106 
4.61931 0.315669 -0.613368 -0.329844 -0.186674 -0.463657 -0.553854 -0.104103 0.131904 -0.0282157 0.030576 -0.0734862 -0.106794 -2.65053 0.943809 0.720707 -2.35245 2.05532 3.74691 -1.03443 -1.82109 -0.886907 -1.25948 0.821304 0.575492 -1.06237 -2.09497 -1.58714 1.36008 1.2586 1.434 1.11621 0.696493 0.53546 -0.999156 -0.678701 -1.28432 -0.0350448 1.88099 
4.51745 0.345094 -0.570054 -0.428303 -0.139845 -0.383606 -0.54666 -0.16963 0.115592 -0.0288917 0.0689698 -0.0424955 -0.120839 -3.63186 0.0848987 1.32811 -1.64565 1.83735 3.64999 -0.353204 -1.5861 -1.0025 -1.38378 -0.174563 0.791667 -0.292656 0.606745 -1.40184 0.305511 2.52846 1.03325 -0.0370967 0.26147 1.92857 -0.200438 -1.01731 -2.10294 -1.13785 2.31683 
4.42497 0.321372 -0.502407 -0.444576 -0.0877664 -0.249911 -0.564827 -0.173912 0.0466511 -0.094299 0.0639449 -0.0281797 -0.112626 -3.15351 -0.400712 1.54462 -0.82353 1.56774 3.14566 -0.220213 -0.812702 -0.571805 -1.5634 -0.743534 0.542208 0.408581 2.40507 -0.934323 -0.675349 2.75482 -0.635045 -1.85606 0.400036 2.01312 1.16775 -0.492305 -2.08993 -1.17632 1.63461 
4.38452 0.281981 -0.495813 -0.389139 -0.0246405 -0.174131 -0.588708 -0.149324 0.015515 -0.152813 0.0111347 -0.0333496 -0.0327834 -1.7187 -0.781587 1.01718 0.432889 0.953241 2.28959 -0.283993 0.368908 -0.0236204 -1.91308 -0.806293 -0.209831 0.912975 3.28497 -0.346524 -1.14168 1.9304 -2.35607 -2.94665 0.283464 1.71659 2.03244 0.102626 -0.640371 -0.944855 0.219912 
4.34724 0.26197 -0.507579 -0.355821 0.0728346 -0.199469 -0.544624 -0.190239 0.0338842 -0.140058 -0.0385256 -0.0704588 -0.0454622 -0.55571 -1.57534 1.13851 1.0288 0.129268 0.884863 0.302247 1.0954 0.0439237 -1.87685 -0.514148 -0.653641 0.871979 2.95424 -0.425767 -0.530944 0.608728 -3.191 -2.93244 0.302148 1.43113 1.38773 0.259327 1.46899 -0.546244 -0.802178 
4.36132 0.251331 -0.449669 -0.349469 -0.0221828 -0.169219 -0.554894 -0.0889217 0.0581227 -0.206325 -0.123805 -0.0720072 0.0348512 -1.13769 -2.39012 1.61649 0.616628 -1.0046 -0.506255 0.908048 1.15621 0.211291 -0.698787 0.235621 -0.705502 0.711981 0.181845 -1.17838 0.624085 -1.11923 -2.35034 -2.52102 0.936732 0.021942 -0.0143569 1.53558 3.18707 -0.0993059 -1.43118 
4.44428 0.241732 -0.474217 -0.299264 -0.0951319 -0.224567 -0.55958 -0.0872424 0.145622 -0.217541 -0.0977065 -0.0596271 0.00700458 -3.39313 -3.14852 0.572403 -1.1621 -0.988299 -0.579121 1.60383 -0.133991 0.649544 0.351627 -0.45815 -0.341715 0.312012 -4.82157 -2.12666 0.526292 -3.52321 -0.0347047 -0.376489 1.6207 -2.06677 -1.1855 2.44113 1.46046 0.582434 -1.05552 
4.53528 0.208472 -0.550695 -0.221706 -0.136283 -0.260831 -0.594585 -0.00451013 0.161105 -0.261145 -0.00467679 -0.147007 -0.00776173 -6.22576 -4.34248 0.00896311 -2.93702 -1.0197 -0.425208 2.10653 -1.70259 0.771266 1.66665 -0.736831 0.423752 -0.115029 -9.05606 -2.77515 -0.4286 -5.17791 1.85929 1.55067 1.86436 -4.38091 -0.912346 3.32237 -1.68849 1.82433 -0.302253 
4.46315 0.071784 -0.368891 -0.310166 -0.15396 -0.348421 -0.453426 -0.0125275 0.0486122 -0.248238 0.0718344 -0.133125 -0.0503316 -11.8919 -5.95448 0.217624 -2.40472 -0.474343 0.73094 2.48098 -2.31917 0.0539842 2.63525 -0.605554 0.148292 -0.215285 -12.2498 -2.79854 -1.80689 -2.51796 2.78454 3.42796 0.886781 -4.19807 -0.119103 2.90126 -3.46723 1.19131 0.293045 
4.10476 -0.0234299 -0.246968 -0.472809 -0.243537 -0.386662 -0.396522 -0.0997723 0.0662139 -0.0145969 0.144659 -0.0860415 -0.0151921 -16.4686 -7.01729 0.683329 -1.51068 -0.0129564 1.03895 3.0918 -2.21535 -0.638608 2.67238 -0.307012 0.577029 -0.173411 -10.6266 -2.23359 -1.18861 2.6513 1.84352 3.10377 0.0551193 -0.608493 -0.313311 -0.146777 -2.37697 0.291444 0.610195 
3.68507 -0.130893 -0.590027 -0.727116 -0.0287464 -0.137914 -0.343686 -0.354532 0.137903 -0.042259 -0.235698 -0.0240067 -0.0347285 -18.7968 -7.10024 1.30219 -0.697179 0.000681767 1.67832 3.80461 -1.43684 -1.49986 2.16962 -0.349174 0.83783 0.113777 -4.65307 -0.511827 2.09088 7.07532 -0.907427 0.343736 0.110931 4.15168 -1.41086 -2.36472 2.06017 -0.696299 0.561165 
3.44828 -0.329125 -0.559417 -0.780528 -0.0779951 -0.186915 -0.318505 -0.465005 0.150524 0.102311 -0.201811 0.0631409 -0.0302352 -12.2372 -3.82455 0.508291 -1.08603 0.200107 1.75183 2.72448 -1.64324 -1.10932 1.73237 -0.356181 0.737501 -0.0913032 9.3912 4.73923 2.11028 5.30822 -1.8297 -1.51831 -0.752652 5.35331 -1.31314 -3.75123 3.79232 -1.36613 -0.0275088 
2.54628 -0.547019 -0.388888 -0.357006 -0.0102712 -0.0153316 -0.259135 -0.33051 0.00566143 0.138 -0.0997477 -0.167799 -0.0277444 -2.96248 -0.800121 -0.819889 -0.967512 -0.553508 2.22064 1.65153 -1.17615 -0.319766 0.513588 0.117045 0.326295 -0.0809804 26.3393 9.28687 -0.562186 -1.88185 -2.3983 -2.24808 -1.68597 2.13566 0.670671 -3.13187 2.72555 -0.11637 -0.546611 
2.40568 -0.591962 -0.283188 -0.300183 -0.149515 -0.155992 -0.172754 -0.144561 -0.0135911 -0.0381088 -0.0235769 0.0210252 0.0248962 7.1449 1.43193 -0.538461 -0.299793 -0.991822 3.07104 0.585501 -0.0147673 -0.168022 -1.13029 0.743857 -0.354788 -0.315144 32.5846 9.58196 -3.07172 -5.93157 -1.04723 0.719543 -3.13922 -1.7952 2.44779 -1.0313 0.203377 -0.722163 -0.905943 
2.46483 -0.547178 -0.261189 -0.314351 -0.198268 -0.100098 -0.0414497 -0.0911146 -0.097924 -0.0647585 0.00158341 0.00384757 0.00342253 14.051 2.21592 0.00866437 0.195811 -1.58373 2.8435 0.546716 0.843585 -0.618755 -0.84972 1.78751 -0.648935 0.0819172 23.2102 3.88024 -3.48453 -4.64675 0.625549 2.90194 -2.59041 -3.09428 2.21465 0.620725 -1.84676 -0.651606 -0.153534 
4.10897 0.104852 -0.536574 -0.668915 -0.104656 -0.155096 -0.355468 -0.339991 0.0666398 0.00102956 0.00909648 -0.0829463 -0.0926933 18.2312 2.45082 -0.784271 -0.739075 -1.72567 3.442 0.520421 0.793001 -0.298453 -0.959592 1.17188 -0.474714 0.163684 -0.81905 -5.7065 0.16862 0.991545 0.294553 3.12546 0.825263 -0.333009 -0.264271 1.53079 -1.51156 0.0644192 1.0563 
4.59014 0.0493938 -0.590136 -0.731433 -0.293857 0.00642595 -0.258889 -0.338221 0.127294 -0.0852064 0.0395682 -0.0572706 -0.0453092 20.3764 1.93615 -1.99275 -1.64978 -1.64684 3.2657 0.356734 -0.237013 -0.51214 -0.216403 0.436579 -0.00112292 0.315122 -17.7765 -9.01353 1.78993 4.77284 0.904074 0.806714 2.35543 1.47696 -2.75698 2.04594 -0.890397 0.276502 1.28335 
4.9022 -0.0176123 -0.424848 -0.61099 -0.23233 0.278127 -0.349684 -0.238053 0.100004 -0.163629 -0.00661281 -0.119659 -0.0626052 17.5317 0.994106 -1.62439 -0.660414 -1.84154 3.9944 0.863149 -0.518187 -0.821443 0.578577 -0.00413521 -0.660153 0.540798 -19.7063 -5.80912 1.19528 3.77457 -0.598449 -2.31877 3.07441 1.29772 -2.67958 1.5253 -0.153041 1.00927 1.02968 
4.65963 -0.282958 -0.524818 -0.52592 -0.178348 0.213077 -0.138067 -0.261136 -0.0597693 0.0465843 -0.0130457 -0.0784121 0.048208 12.5318 0.736984 -0.793507 0.488595 -2.79 3.21252 1.74744 -0.112894 -1.01026 0.649757 -0.0455306 -0.371727 0.856193 -9.54177 2.03951 0.781482 1.10742 -2.12152 -2.79794 1.39785 0.205518 -0.629699 -0.132734 0.254767 0.205656 -0.212605 
4.64147 -0.350784 -0.500471 -0.578937 -0.31805 0.258587 -0.136376 -0.210262 0.0118819 -0.00115361 0.00815544 -0.036956 0.00965513 5.81921 0.171627 0.244186 1.35083 -3.90788 2.14279 3.23638 0.330563 -1.42403 0.370282 -0.0526299 -0.1285 0.90668 2.00935 7.70506 0.193549 -1.29421 -2.54618 -2.68301 0.108708 -1.2124 1.235 -1.04201 0.278361 -0.558713 -0.764294 
4.66784 -0.345359 -0.62023 -0.469082 -0.273621 0.225266 -0.150372 -0.280961 -0.168897 0.0416757 -0.00316039 -0.0742855 0.0325521 4.47082 2.31655 -0.0664585 0.863112 -4.70486 0.704626 3.45358 -0.286039 -1.18025 0.920287 -0.0961234 -0.317698 0.491282 4.78288 7.21347 0.612898 -2.29104 -3.2445 -1.43272 0.546805 -1.00503 2.50718 -1.19984 0.167362 -0.495985 -0.872578 
4.85272 -0.183893 -0.454386 -0.445606 -0.475564 0.340079 -0.0150262 -0.215858 -0.0915776 -0.00514628 -0.00742884 -0.103123 0.063695 4.3383 4.00326 -0.450814 -0.143138 -5.62058 -0.529004 3.80667 -0.834823 -0.662357 1.09642 -0.152131 -0.239458 0.134629 2.21254 3.07787 -0.239991 -2.05797 -1.23663 -1.20192 0.175164 -0.970366 1.46293 0.174764 -0.30625 -0.198053 -0.945406 
5.0663 0.134296 -0.487253 -0.498873 -0.606275 0.227116 0.0324935 -0.248016 -0.0616992 -0.0017473 0.020267 -0.0861199 0.0431839 5.16494 5.1783 0.0208542 -0.825429 -5.59912 -0.551464 3.00124 -0.602898 -0.40004 1.07537 -0.829713 -0.101867 -0.405329 -2.45519 -2.2968 -0.695517 -1.18088 0.942553 -0.612634 -0.0976076 -0.209774 -0.323062 1.86766 -1.15422 0.496777 -0.53725 
5.22935 0.182822 -0.514067 -0.60253 -0.701877 0.18106 0.0708384 -0.331146 -0.0245512 -0.0470084 0.00835157 -0.102734 0.00837076 4.55771 4.76477 0.195246 -1.1873 -4.8161 -0.721491 2.69836 -0.475798 -0.695602 1.77138 -1.397 0.261881 -0.410633 -4.60358 -4.38424 -0.0377347 -0.108533 2.47683 0.317211 -1.22034 1.08029 -1.47178 2.2003 -1.59932 1.14823 -0.20818 
5.20634 0.227855 -0.57014 -0.568857 -0.864571 0.22799 0.173497 -0.345072 -0.0475218 0.0825639 -0.00844624 -0.128993 0.0132815 3.29561 3.55593 0.442631 -1.59544 -4.0991 -0.86873 2.2929 -0.186049 -0.323045 1.8102 -1.4486 0.614044 -0.482591 -3.84667 -3.99371 0.761917 0.477637 3.52795 0.326595 -1.97107 1.41054 -1.54092 0.842911 -1.14194 1.19501 0.225248 
5.18319 0.213377 -0.530007 -0.595328 -0.847732 0.172992 0.218986 -0.331601 -0.0833535 0.117275 -0.05405 -0.10574 -0.00476895 1.53352 1.79328 0.263264 -1.49054 -2.74299 -0.980984 1.2841 -0.0255451 -0.70324 1.69637 -1.35746 0.841872 -0.571789 -1.85641 -2.05059 1.22319 0.479764 2.30699 0.51457 -1.87347 1.14581 -0.0869159 -1.06086 0.251758 0.641186 0.383501 
5.18117 0.210211 -0.507578 -0.630866 -0.828813 0.1778 0.16232 -0.259979 -0.165797 0.216627 -0.175122 -0.0250346 -0.0188397 0.200056 0.332341 0.788354 -1.22579 -1.9353 -0.408063 0.816258 0.329523 -0.847948 1.42089 -1.27633 0.928505 -0.370036 -0.405825 -0.386079 0.683951 0.23926 0.781326 0.0988281 -0.995017 -0.0620944 1.11623 -2.38266 1.75792 -0.299853 0.305877 
5.19565 0.201707 -0.477617 -0.662068 -0.855024 0.197139 0.151438 -0.262813 -0.172 0.228189 -0.181633 0.00360276 -0.0127517 -0.277252 -0.0415515 1.24168 -0.985995 -1.63563 0.0655004 0.319259 0.560389 -0.716137 0.816448 -0.791595 0.930207 -0.163131 0.10918 -0.0248943 0.253587 0.107433 -0.519792 0.426548 -0.184108 -0.684976 1.30993 -2.3688 1.98009 -0.903749 0.166795 
5.18864 0.208828 -0.478002 -0.6414 -0.866069 0.141964 0.196055 -0.286162 -0.122592 0.168965 -0.121362 -0.03061 0.00353613 -0.139219 -0.327436 1.64137 -0.991857 -1.55614 0.425654 -0.29644 0.479783 -0.372604 -0.194566 -0.229129 0.820972 -0.154847 0.0525608 -0.117636 0.240747 0.123539 -1.25302 1.24205 -0.0490273 -0.491858 0.51918 -1.0823 1.11422 -0.679815 0.0267787 
5.16747 0.203498 -0.429374 -0.666074 -0.898833 0.163205 0.145822 -0.249075 -0.118425 0.119796 -0.10391 -0.0134452 -0.030925 -0.380262 -0.212276 1.49817 -0.57683 -2.05568 0.95782 -0.438185 0.150151 0.119619 -0.818991 0.461796 0.435227 -0.0850426 -0.160463 -0.186907 0.111309 0.382339 -0.957548 1.2776 -0.115127 -0.374263 0.0368773 -0.188642 0.299994 -0.350236 0.0519961 
5.16845 0.214306 -0.412851 -0.704705 -0.939812 0.175468 0.185928 -0.27384 -0.143584 0.157443 -0.126266 0.00251283 -0.0129848 -0.483572 -0.342911 1.54649 -0.143526 -2.18562 1.1078 -0.714609 0.135293 0.594717 -1.60644 1.25155 -0.00873857 -0.161785 -0.337036 -0.276827 0.00161266 0.8822 -0.237939 0.848888 -0.90797 0.211565 0.150207 -0.290869 0.268219 -0.203813 -0.141111 
5.19444 0.187882 -0.379324 -0.709136 -1.01949 0.250679 0.169478 -0.27919 -0.124804 0.111599 -0.0896926 -0.0135648 -0.00522818 -0.447968 -0.434015 1.41641 0.250933 -2.03639 1.26068 -1.24353 0.456332 0.677762 -1.83215 1.50083 -0.228793 -0.225445 -0.355984 -0.132847 -0.293562 1.15614 0.685724 -0.150707 -1.2067 0.597648 0.466057 -0.61568 0.647187 -0.329278 -0.209836 
5.1765 0.162622 -0.332233 -0.693544 -1.05834 0.285788 0.126118 -0.260939 -0.134085 0.0948696 -0.0828553 -0.0023929 -0.02347 -0.510963 -0.324275 1.31814 0.574653 -1.98607 1.52176 -1.89681 0.843353 0.490977 -1.35008 1.35217 -0.39608 -0.138462 -0.134083 0.214563 -0.542904 1.0199 1.04983 -0.742043 -1.20982 0.901452 0.452797 -0.314999 0.669737 -0.620424 0.00649342 
5.09728 0.201543 -0.352408 -0.653167 -1.08884 0.29631 0.130103 -0.288235 -0.0955825 0.0650205 -0.0525453 -0.0136112 -0.0221884 -0.457829 -0.220321 1.08289 1.2133 -1.68314 1.22263 -2.45287 1.17405 0.563952 -0.823211 1.25091 -0.814498 0.00892147 0.426701 0.255874 -0.339424 0.645582 0.864521 -0.708975 -1.36022 1.19109 -0.102172 0.852508 -0.0844581 -0.689771 0.199056 
5.13339 0.151613 -0.300259 -0.636586 -1.07356 0.28659 0.0287236 -0.212171 -0.0670893 -0.0235097 0.018142 -0.0283874 -0.0451296 -0.662449 -0.29477 1.19169 1.85986 -0.844193 0.597126 -3.38269 1.26309 1.07337 -0.580595 1.18869 -1.1185 -0.337728 0.175383 0.340069 -0.114558 0.635806 0.753142 -0.72435 -1.03977 0.304341 -0.0801368 2.03908 -0.997283 -0.647918 0.136931 
5.15819 0.150012 -0.315459 -0.612189 -1.08387 0.309706 -0.011133 -0.187867 -0.0579824 -0.0424598 0.0524107 -0.0539529 -0.0343608 -1.75068 -0.146996 1.10169 2.61156 0.359164 -0.226004 -3.87632 0.936189 1.0462 0.140032 0.88818 -1.43289 -0.304785 -1.25191 0.120911 0.297598 1.15141 1.39378 -1.08149 -0.981767 -0.786249 0.174922 2.08328 -1.21589 -0.57198 -0.141913 
5.10969 0.195804 -0.296927 -0.586202 -1.1396 0.345558 -0.0719859 -0.149802 -0.0907324 0.0552582 0.0179501 -0.0837875 -0.00819002 -3.16732 -0.258598 1.09386 2.68404 2.60344 -1.11473 -4.3597 0.427234 0.846876 0.683946 0.650261 -1.7882 -0.192747 -3.1215 -0.393828 0.395561 1.0527 3.72129 -1.88118 -0.85132 -1.77343 0.260834 0.975962 -0.6842 -0.414544 -0.368656 
5.12599 0.183981 -0.285521 -0.514339 -1.13378 0.311581 -0.159305 -0.106444 -0.0672354 0.097256 0.00435522 -0.125652 -0.0123095 -4.03712 -0.670248 1.1319 2.94654 4.20966 -2.02779 -4.90983 0.293874 0.867732 0.699209 0.198238 -1.5177 0.022966 -4.00147 -0.716848 0.096076 0.510933 4.98379 -2.20759 -0.603213 -1.73117 0.118413 -0.553364 -0.146447 0.192029 0.0608043 
5.07235 0.139831 -0.21217 -0.449753 -1.02575 0.245839 -0.278796 -0.168287 0.0505057 0.0697272 0.0237295 -0.142263 -0.0967028 -3.40892 -1.0957 0.771166 3.37876 4.83823 -3.1955 -4.63785 0.74321 0.780461 0.891329 -0.51725 -1.02823 0.502041 -1.12209 -1.08524 -0.613937 -0.00388449 3.48515 -2.18826 0.0815169 0.468349 -0.600801 -1.17069 -0.353578 0.98693 1.12389 
4.82646 0.16596 -0.228226 -0.321099 -0.915155 0.201762 -0.326036 -0.221119 -0.00995945 0.129654 0.0240115 -0.197015 -0.0406743 -1.70446 -1.93644 0.690125 3.79718 4.77112 -4.50219 -4.26269 1.78728 0.699659 0.365309 -0.69878 -0.309856 0.82252 4.43374 -1.58038 -0.875794 -0.144238 -0.381076 -2.06146 0.950814 3.06941 -0.468254 -1.41521 -0.692749 1.90889 1.40871 
4.62636 0.12206 -0.203433 -0.389464 -0.549166 0.0979216 -0.4309 -0.246766 -0.0430675 0.135834 0.0315124 -0.237027 -0.0375185 0.198484 -2.71381 0.487156 4.39424 4.02636 -5.78937 -3.21184 2.76629 0.24513 -0.349134 -0.459675 0.561914 0.969398 8.41025 -1.56488 -0.739772 1.11305 -5.23012 -1.87033 2.25768 4.42134 -0.56613 -0.978701 -0.562838 2.34804 1.02224 
4.64347 0.0621662 -0.206858 -0.28153 -0.54254 0.0097646 -0.543483 -0.167574 0.0440131 0.0306411 -0.000258804 -0.150405 0.00312969 1.70141 -2.95835 0.124437 4.94229 2.41704 -6.29028 -2.17126 3.69727 -0.288942 -1.03579 -0.0456753 1.45611 0.886736 7.49277 -0.970105 -0.392099 1.78234 -6.46874 -1.34495 2.98592 3.29151 -0.967369 -0.583943 0.598479 1.73246 -0.32332 
4.98375 -0.0150498 -0.249989 -0.186569 -0.61987 -0.136056 -0.510338 0.0355615 0.0133778 0.0961095 -0.0833635 -0.118644 0.0740182 2.95685 -2.88158 -0.351434 5.49946 0.40083 -6.24205 -0.943422 4.18007 -0.668451 -1.3555 0.270718 1.89027 0.840296 1.509 0.28089 -0.0749574 1.78834 -4.61911 0.0627971 2.54205 -0.115683 -0.74663 -0.808706 1.86106 0.69978 -1.58135 
5.17929 -0.110608 -0.219647 -0.0940958 -0.695653 -0.266744 -0.517928 0.170115 0.00661872 0.0350097 -0.0459379 -0.0692069 0.0870975 3.966 -2.78967 -0.382131 5.73379 -1.58892 -5.433 -0.0127902 3.88678 -0.701157 -1.44796 0.641837 1.98291 0.371294 -3.96249 1.52804 -0.281535 0.919848 -1.80705 2.09478 1.67853 -3.07879 -0.641827 -0.130026 1.76803 -0.640577 -1.60118 
5.20938 -0.158317 -0.210976 0.0556911 -0.757698 -0.429093 -0.435847 0.219041 -0.0797696 0.0262213 0.000365234 -0.00910496 0.0632927 3.74079 -2.30648 -0.310102 5.79928 -3.28294 -4.20582 0.999529 2.97975 -0.915875 -1.18741 0.976125 1.70017 0.0391062 -5.33487 1.74687 -0.105634 -0.973603 0.385392 3.71256 0.483778 -4.10804 0.130744 0.444714 0.748291 -1.56076 -0.893093 
5.18281 -0.159434 -0.247958 0.177925 -0.822636 -0.462042 -0.468526 0.26118 -0.0641649 -0.0718099 0.0741533 0.0450078 -0.00239226 2.42018 -1.60202 -0.196914 4.68267 -3.23273 -2.61818 1.24144 1.7802 -1.21035 -0.847175 1.33509 1.12072 -0.429917 -3.04701 1.2787 0.277751 -2.52206 0.726802 4.03143 -0.132045 -3.06452 0.368937 1.1294 -0.528093 -1.60965 0.135494 
5.11883 -0.153136 -0.278261 0.281408 -0.852387 -0.484187 -0.411699 0.197681 -0.0482533 -0.0643366 0.0807961 0.0145271 0.0132621 0.530519 -0.655372 -0.307669 3.33153 -2.71725 -0.997464 1.27856 0.253172 -0.912842 -0.762886 1.46562 0.647719 -0.716226 -0.0125446 0.897391 0.313445 -3.64777 0.696095 3.10697 -0.283566 -1.1078 0.191952 1.23061 -0.984179 -0.995332 0.427702 
5.12252 -0.178443 -0.256841 0.318901 -0.910463 -0.410743 -0.399735 0.156995 -0.103984 -0.0135101 0.0893698 -0.0150457 0.0195063 0.184055 0.0431895 -0.66285 1.65628 -1.80013 0.420963 1.05465 -0.614555 -0.329585 -0.469044 0.766697 0.383106 -0.598308 1.35804 0.84172 -0.187458 -3.77868 1.25597 1.54011 -0.467614 0.0771478 0.740446 0.234084 -0.990482 0.0319978 0.237093 
5.13384 -0.192854 -0.222257 0.308039 -0.945955 -0.415262 -0.350499 0.15092 -0.112527 -0.0209767 0.0962196 -0.00864418 0.0127262 0.0872917 0.687743 -1.0027 0.20035 -0.983596 1.28975 0.847992 -0.922767 0.22509 -0.292641 0.027784 0.0271032 -0.407582 0.848114 1.16277 -1.09171 -2.65142 1.79487 0.346517 -0.41086 0.242798 1.08859 -0.339293 -1.0685 0.421905 0.00535783 
5.18696 -0.172364 -0.241467 0.255254 -0.975082 -0.349602 -0.418137 0.202856 -0.116723 -0.0464386 0.111066 0.0142866 -0.0120773 -0.769733 1.23947 -0.98302 -1.20767 0.0794587 1.24854 1.19332 -1.08821 0.319046 0.00546208 -0.603217 -0.0850178 -0.377628 -1.31083 1.2916 -1.14525 -1.42559 2.26008 -0.627343 0.270928 -0.304372 1.13342 -0.404026 -1.16972 0.193516 -0.125702 
5.16346 -0.110555 -0.30268 0.222882 -0.973525 -0.343019 -0.325412 0.134405 -0.0959926 -0.0245016 0.113558 -0.00455156 -0.0108485 -3.15855 1.54194 -0.711897 -2.54868 1.40922 0.840895 1.71418 -1.36226 0.513052 -0.267205 -0.820941 0.0873132 -0.355438 -4.65144 0.76227 0.0544224 -0.99049 2.55345 -1.21352 1.04964 -0.825279 0.461964 -0.199155 -0.938109 -0.143361 0.0426167 
5.25391 -0.119238 -0.333828 0.149259 -0.884202 -0.29951 -0.377587 0.120805 -0.0212625 -0.0677348 0.0385299 0.0443079 -0.00189714 -7.37385 1.29459 0.111318 -3.63453 3.40447 0.577326 2.16499 -2.14296 0.183516 -0.283079 -1.00252 -0.278731 -0.104452 -9.04926 -0.296903 2.04091 -1.31879 2.88026 -1.09885 1.7959 -1.51829 -1.12822 0.344124 -0.0579601 -0.84152 0.301425 
5.13945 -0.0393385 -0.388882 0.172453 -0.880699 -0.314424 -0.330596 0.113803 -0.0286192 -0.0616806 0.0122239 0.00040204 -0.019023 -11.8217 0.56117 1.04662 -4.26584 5.47659 0.670324 2.14009 -2.80115 -0.237711 -0.643521 -1.47314 -0.184857 0.565845 -11.1706 -1.94947 3.4896 -1.96516 3.80864 -0.246976 1.11286 -1.76534 -1.81219 -0.115442 0.181258 -0.428007 1.06326 
4.90181 0.0149085 -0.352148 0.0638334 -0.787776 -0.350906 -0.248369 0.0742585 -0.044623 -0.0444428 -0.00413633 0.00364717 -0.0559901 -15.2507 -0.964494 2.13755 -3.67417 6.87937 0.562516 2.03165 -2.92484 -0.658128 -0.836164 -1.26436 -0.0240156 0.606801 -9.02346 -3.57137 3.20877 -0.48205 3.5734 0.871162 -0.725085 -0.883062 -1.62827 -0.682703 0.404433 0.226724 1.17525 
4.47519 -0.00270321 -0.278353 -0.0701702 -0.647447 -0.381783 -0.116768 -0.0417603 -0.0303299 -0.0822623 0.00582228 0.0103073 -0.00564552 -16.8056 -2.71144 2.47276 -3.48653 7.17318 0.71157 1.10958 -2.58518 -1.18199 -0.958602 -1.10923 0.133125 0.468205 -2.51779 -4.20435 0.9813 1.53459 1.44753 1.28281 -2.65588 0.754355 -0.886602 -0.695873 0.222295 0.788299 0.259066 
3.92163 -0.10885 -0.110049 -0.197757 -0.400087 -0.298018 -0.117373 -0.164786 -0.172646 -0.0300188 -0.0105278 -0.0948607 0.031172 -14.3 -3.63415 1.50151 -4.14345 5.84019 0.974062 1.13467 -1.71228 -1.00941 -0.029748 -0.815435 -0.345105 0.650664 7.94405 -2.90901 -2.79368 1.76077 -2.88162 0.741581 -2.61527 2.90061 1.05643 0.280643 0.177805 0.777102 -0.637828 
3.55959 -0.18766 -0.0667487 -0.25078 -0.1952 -0.254138 -0.177677 -0.173916 -0.157004 -0.171115 -0.116335 0.0297377 0.132672 -8.53929 -4.01029 0.0100414 -4.59929 4.4484 1.07857 0.040535 -0.678603 -0.33305 0.164299 -0.511318 0.165739 0.902778 16.4996 -0.127461 -5.51016 0.201536 -6.41444 -0.257466 -1.3876 3.57238 2.04896 1.92124 0.790052 -0.165957 -1.05776 
3.4094 -0.370012 -0.0235483 -0.0738783 -0.139355 -0.25954 -0.204591 -0.115427 -0.159377 -0.159232 -0.00647574 0.0496737 0.0121036 -0.531713 -2.26398 -2.31536 -3.13978 2.4123 0.903468 -0.592424 0.464423 0.59177 0.0582683 -0.486726 0.101112 1.0772 20.5023 4.31243 -6.38774 -1.23645 -6.73043 -0.975919 0.0983772 2.62797 2.56882 1.75768 0.272597 -0.677967 0.202671 
3.38043 -0.495233 -0.13879 -0.204383 -0.178538 -0.238469 -0.286972 -0.131095 -0.191706 -0.144418 -0.0641188 0.0346645 -0.00193581 8.56742 -0.33191 -4.19234 -0.781373 -0.595824 1.64625 -1.50736 1.71999 1.02066 -0.439991 -0.61379 -0.10508 0.857681 19.0857 6.98427 -4.28867 1.51699 -5.05433 -0.178429 0.42984 1.35956 1.87625 -0.307892 -0.000982845 -0.698504 1.04463 
3.97327 -0.447156 -0.36322 -0.489968 -0.388046 -0.190555 -0.1333 0.00428954 -0.0622538 0.0664891 -0.0763628 -0.0955361 0.0793272 15.1171 1.44452 -5.15533 0.708341 -2.95454 1.74131 -1.58924 2.52042 1.42528 -0.950672 -0.671014 0.00107066 0.51201 10.3797 6.01002 -0.175016 5.54761 -1.92356 0.93475 -0.839132 -0.0963185 -0.313273 -3.02907 -0.536396 0.0678365 0.385332 
4.37647 -0.383807 -0.469474 -0.525881 -0.368033 -0.246322 -0.299857 0.0289563 -0.0212879 -0.0404234 -0.0274783 0.0679119 0.108096 18.0822 2.53237 -4.81186 1.51893 -4.09665 2.12482 -1.3648 2.47402 0.89219 -1.0776 -0.491682 -0.296488 0.0729174 0.583088 2.2014 3.13679 6.27244 -0.279909 1.9798 -0.548206 -0.593317 -1.9264 -3.21579 -0.775671 0.130695 -0.842977 
4.86189 -0.019213 -0.643052 -0.244823 -0.404445 -0.284283 -0.22387 0.0420837 0.0500173 -0.116183 -0.0809788 -0.0151724 0.137578 17.6495 3.28912 -3.87115 2.1111 -4.01952 2.31402 -1.16391 1.94283 0.455976 -1.61982 -0.845397 -0.041313 0.223792 -8.03264 -3.01283 4.962 2.58296 0.824374 1.64036 -0.201511 -0.914203 -2.67541 -1.18789 -0.0325944 0.579559 -1.82647 
5.36244 -0.0355487 -0.640404 0.0113589 -0.644544 -0.00167644 -0.370467 0.101719 -0.034302 -0.249413 -0.121744 -0.0585135 0.124452 15.0957 2.74128 -1.97531 3.14089 -2.96726 1.83883 -0.860067 1.29776 0.439388 -2.28891 -0.388915 0.244215 -0.00649176 -12.0251 -4.75075 4.16677 -2.57671 2.54538 -1.10864 1.18775 -1.51343 -1.10446 1.0377 0.647692 0.720431 -1.15583 
5.37352 -0.0650588 -0.576218 -0.0514292 -0.621795 -0.0377028 -0.35723 0.139825 -0.0556547 -0.256486 -0.146133 -0.00429338 0.075094 9.97503 1.50704 -0.280434 3.68798 -1.78045 1.5539 -1.22336 0.553966 -0.0648638 -2.64666 -0.179193 0.514405 -0.491167 -9.70094 -3.5348 2.01908 -3.93356 2.64542 -2.34233 1.34562 -1.45813 0.812231 1.84591 1.18596 0.269342 0.0926024 
5.39388 -0.120109 -0.534446 -0.0570404 -0.62043 0.0157235 -0.340006 0.127296 -0.118518 -0.269408 -0.104546 0.0225892 0.0259018 5.41951 0.299833 0.628635 2.72649 -1.45131 1.628 -1.15844 0.472563 -0.10301 -1.59078 -0.225694 0.0760754 -0.509437 -6.42227 -1.04844 0.229841 -2.33912 2.02069 -2.27611 -0.221795 -0.803609 1.79142 1.28935 0.746751 -0.0402606 0.952044 
5.36507 -0.107187 -0.545363 -0.0101888 -0.626813 -0.0092675 -0.326175 0.0905301 -0.10032 -0.256709 -0.129053 0.034387 0.0452008 0.726591 -0.749585 1.49053 0.957879 -0.798011 1.24234 -1.82311 0.420202 0.238924 -0.905901 0.0904187 0.220044 -0.52456 -4.02115 1.04321 -0.413593 -0.466791 0.468595 -0.496837 -1.5891 0.378172 1.48113 0.697197 0.0405245 -0.843261 0.776878 
5.47389 -0.185277 -0.480233 -0.0617628 -0.560742 -0.107396 -0.303918 0.0550605 0.0217239 -0.32468 -0.0670073 0.0182175 0.0787541 -3.61871 -0.255209 1.75763 0.221514 0.0507036 0.397297 -1.89235 0.0371457 1.09123 -0.232904 0.410775 -0.193817 -0.348534 -4.8898 1.63131 0.0240141 0.479097 -0.920563 1.5193 -2.4631 0.938009 0.283433 0.678589 -0.4656 -1.06866 0.0447636 
5.38452 -0.154165 -0.500593 -0.0162788 -0.583472 -0.0481333 -0.392557 0.0925851 -0.0145057 -0.306722 -0.0717765 0.0252807 0.049368 -7.05855 0.0992074 2.15535 0.737355 0.438089 -1.02668 -1.08793 -0.877787 0.887731 0.513165 0.707695 -1.01296 0.0955868 -7.25879 1.13105 1.22999 0.224142 -0.0310861 -0.58515 0.0390509 -0.479135 -0.47695 1.16161 -0.000652811 -1.19488 -0.108483 
5.28576 -0.122238 -0.506958 0.010585 -0.637238 0.0293165 -0.50399 0.144874 -0.0154947 -0.257526 -0.122442 0.0085553 0.0772167 -9.24123 -0.0932145 2.9811 0.624346 0.828123 -2.41722 -0.505631 -1.02103 0.302847 0.984717 0.977805 -1.4027 -0.199527 -6.93415 -0.30008 2.23268 0.0172032 1.26652 -3.43869 2.96267 -1.90822 -1.43155 1.18836 1.05027 -1.03128 -0.509502 
5.07554 -0.0807472 -0.421869 -0.0211672 -0.643511 0.0390522 -0.570864 0.156447 0.0400077 -0.297638 -0.104414 -0.0241572 0.0415147 -9.58588 -1.84486 4.56198 -0.365893 0.591867 -1.16697 -0.617414 -1.19974 0.761435 1.32195 1.416 -0.727906 -0.472436 -2.42511 -3.03047 2.91133 -0.871804 1.35035 -2.87024 3.56462 -2.16436 -0.828673 1.14695 1.44235 0.397841 -0.36804 
4.73044 -0.0747759 -0.341694 0.0117507 -0.618012 0.0430014 -0.584742 0.0892362 0.0937941 -0.270213 -0.0557108 -0.0827764 0.0358042 -8.21632 -4.13522 4.39166 -1.56484 1.0056 -0.284826 0.637128 -1.20242 0.671501 1.76024 1.72953 -0.543447 -1.13202 5.27522 -5.91684 1.64564 -2.73709 0.945819 0.425376 2.68641 -0.539951 0.229905 0.466401 1.25433 1.64054 -0.837278 
4.29826 -0.103237 -0.23701 0.0687185 -0.486613 -0.373168 -0.2733 -0.106488 -0.0538157 -0.123916 -0.00429702 -0.146822 0.0937913 -5.34494 -6.16787 3.66516 -3.57396 1.38588 -0.285964 2.00942 -1.2734 0.653199 1.89175 1.88234 -0.4286 -1.08227 11.3638 -6.40823 -1.46636 -4.58268 -0.401942 5.27431 0.00359958 1.86113 1.36053 -0.405374 0.151165 1.99923 -1.00943 
4.33265 -0.219981 -0.109385 0.00433091 -0.474904 -0.412651 -0.321082 -0.0132513 -0.127348 -0.152329 0.0488494 -0.129323 -0.0369845 -2.17928 -7.31539 2.78239 -4.89473 1.60581 0.0482743 3.03398 -1.01071 0.318938 1.23849 1.82019 0.253649 -0.745155 11.1587 -3.69733 -4.27778 -4.4226 -0.698778 5.41122 -0.154987 2.19191 1.13902 -1.05548 -1.02281 1.25956 0.441788 
4.50649 -0.579705 0.14389 -0.194023 -0.596461 0.0870287 -0.507096 -0.0447259 0.194175 -0.143718 0.0876308 0.0719502 0.00203732 1.06573 -7.63718 1.75172 -5.45714 1.33933 0.550258 2.44 -0.730502 0.359793 1.40713 1.5655 0.84577 -0.576824 5.89452 1.57958 -5.23263 -1.72494 -0.0917161 0.217946 0.167539 1.3267 -0.978476 -0.980048 -1.38142 -0.323272 1.08241 
4.74921 -0.845433 -0.110682 -0.339009 -0.419991 0.0440655 -0.224576 0.00223586 0.112471 -0.102903 0.135146 -0.0530409 -0.124721 3.36646 -7.22847 0.546992 -5.21181 0.938517 1.86461 1.52627 -0.607695 0.11584 0.36456 1.17462 1.24387 -0.253582 -0.877014 5.31496 -2.33309 2.16281 -0.571006 -2.18588 -1.47714 -0.680385 -1.65635 -1.2117 -1.13476 -0.157416 1.90152 
4.83468 -0.867957 -0.222466 -0.559291 -0.459241 -0.0407612 -0.19756 0.0074207 0.0310217 -0.0561845 0.0834556 -0.0720892 -0.0318106 4.09503 -5.75641 -0.392741 -4.47199 0.296964 3.56934 0.274699 -0.226703 0.271896 -1.22396 0.651801 1.83085 0.120025 -4.64271 5.58076 0.739327 5.0795 -0.612376 -1.52798 -2.25382 -1.64765 -1.22554 -2.00171 -0.378987 0.655347 1.1213 
4.86015 -0.856232 -0.171643 -0.568438 -0.445538 -0.0143362 -0.147105 0.0320259 -0.0003569 -0.207698 0.0732947 0.0383558 0.0491227 2.66751 -3.49604 -0.889284 -2.26082 0.0170315 2.69045 -0.318477 -0.479862 0.41978 -1.14965 0.307447 1.63826 0.489999 -4.37715 3.69071 1.91547 5.48875 -1.10029 0.8099 -3.29306 -0.941122 0.536436 -1.39827 0.0747278 0.717514 -0.405216 
4.87234 -0.865227 -0.118425 -0.550472 -0.46545 -0.0607629 -0.351088 -0.0440973 0.0981957 -0.0389636 0.124758 0.039999 -0.0279452 0.80315 -1.02431 -1.08969 0.0256069 -0.995681 0.882448 -0.425208 -0.539314 0.167948 -1.23895 -0.633489 1.21836 0.520033 -2.66917 1.6716 1.20402 4.05334 -1.8949 1.79521 -1.30471 0.257278 1.85098 -0.877664 -0.835435 0.440191 -0.516563 
4.79569 -0.920212 -0.171168 -0.449106 -0.448243 0.107639 -0.309205 -0.145156 -0.0139617 -0.236986 0.129973 0.0402459 0.0291194 -1.02454 0.393151 -0.561108 1.5046 -2.8743 0.441588 -1.42884 -1.1436 1.45691 -0.808759 -1.03131 1.45741 0.841909 -1.03533 1.15663 -0.79392 1.69028 -2.65892 -1.57134 0.783031 0.9181 2.43807 1.77934 -1.47997 -0.7734 -0.618523 
4.76407 -0.871705 -0.142461 -0.473619 -0.491486 0.217445 -0.310904 -0.0719972 0.00531523 -0.39259 0.0947093 0.176841 0.0457501 -3.97686 1.05514 -0.762504 3.13508 -2.76495 0.286505 -0.617975 -1.62572 1.37238 -0.731899 -1.27588 1.02307 0.465146 -2.66374 1.22655 -1.74612 0.577738 -2.15754 -3.65616 2.09594 -0.300195 1.14131 2.94057 -1.56456 -1.71421 0.0909311 
4.77368 -0.838283 -0.11271 -0.298333 -0.533698 0.135362 -0.467149 -0.026188 0.165665 -0.190352 0.112663 0.126909 -0.0251558 -8.04246 2.67706 -0.496707 4.59119 -1.66068 -0.384331 -0.0798279 -2.22466 0.88553 0.30221 -1.72281 0.428916 0.237972 -6.95113 2.21553 -0.801406 0.889223 0.90687 -2.92191 2.77858 -1.92713 -1.42663 1.66944 -0.962838 -1.2536 0.518049 
4.74034 -0.823275 -0.167133 -0.290797 -0.743301 0.0795712 -0.334272 -0.0742321 0.212522 -0.212343 -0.0736761 0.116641 0.0235925 -10.1902 5.08265 0.346901 4.59026 -0.405781 -1.70894 1.08387 -1.21478 -0.71026 1.58047 -2.1705 -0.925718 0.42195 -8.79655 4.09719 1.57339 1.30123 4.90297 -1.62323 1.47667 -1.14576 -4.04419 1.81473 0.469476 -1.77889 0.0323399 
4.63413 -0.788011 -0.315916 -0.318496 -0.874932 -0.0801881 -0.329276 -0.186344 0.280782 -0.10824 -0.0170053 0.0912774 0.0629198 -10.4195 6.78717 0.635065 4.31018 0.366405 -3.52404 1.30161 -0.738292 -1.52997 2.93446 -2.08488 -2.11932 0.16089 -5.23288 4.94298 3.18202 1.04224 6.08614 -0.381123 0.541164 1.13602 -5.09219 0.873961 0.634799 -2.14606 -0.35395 
4.08148 -0.696795 -0.295147 -0.130509 -0.668143 0.00315606 -0.184348 -0.249906 0.0611929 -0.238721 -0.0642451 0.084001 0.061928 -9.46935 7.68249 0.432588 3.07425 1.35802 -3.5757 1.84342 -0.914941 -3.00349 3.69263 -1.76277 -3.10682 0.0170288 4.07776 3.68776 2.17061 -2.13719 2.84283 -0.407952 -0.699547 2.84156 -2.84107 1.65054 0.77365 -2.09525 -0.695057 
3.5294 -0.391498 -0.0847355 0.153377 -0.432391 -0.0299763 -0.27624 -0.348629 0.0496041 -0.0917615 -0.100069 0.102118 0.0298501 -8.35065 8.00251 0.523007 1.25455 2.33025 -3.1012 1.91401 -0.745462 -3.77278 3.49661 -1.00645 -3.25284 -0.013137 11.2574 -0.302969 -0.974835 -5.38125 -1.38616 -0.132424 -0.755578 2.47518 0.0342276 1.16769 1.18112 -1.51656 -0.606387 
3.65071 -0.0911239 0.0306207 -0.0212833 -0.405148 -0.223756 -0.20259 -0.0661928 -0.183762 0.149773 -0.133442 -0.182506 0.0468864 -7.25042 7.29818 1.20145 0.352859 2.97969 -2.62687 1.06019 -0.210117 -3.58133 3.25788 -0.103487 -3.50105 0.0242557 9.06433 -4.46309 -2.62894 -5.01089 -3.24752 1.41112 -0.698618 -0.520973 2.84451 -1.31592 1.29978 0.816836 0.125197 
3.81269 -0.0638673 -0.124197 0.0232604 -0.490839 -0.340698 -0.197973 -0.128943 -0.158785 0.0471569 -0.116124 -0.199517 0.031403 -5.9826 5.56015 1.75511 -0.957815 2.75911 -1.84646 0.201014 0.182197 -2.87485 2.37547 0.273463 -3.03422 -0.357635 1.22143 -5.97108 -0.922019 -3.06722 -1.7812 2.40776 -1.31831 -1.67863 3.31944 -2.30322 1.54968 2.10894 0.288526 
3.93848 0.00290068 -0.182371 -0.198977 -0.463837 -0.180325 -0.131031 -0.187114 -0.246283 0.167258 -0.123743 -0.208181 0.00420875 -5.42564 2.29142 0.909226 -2.34541 2.34247 -1.16433 -0.401536 0.393389 -1.37788 1.19593 0.56463 -2.1971 -0.407898 -7.19031 -6.35877 1.03739 0.715476 1.02955 2.13917 -1.60604 -0.993664 2.59957 -3.89938 0.768461 2.56183 0.138566 
3.80583 0.0292218 -0.147832 -0.251746 -0.41853 -0.258033 -0.202168 -0.202521 -0.152404 0.224278 -0.0345398 -0.23066 0.00561659 -6.82565 -1.22116 -0.362857 -3.36327 1.44688 -0.740024 -0.258056 0.662459 0.138454 0.132913 1.43406 -0.426969 -0.44215 -9.61765 -5.51788 0.905051 1.84908 1.60913 1.02241 -0.948393 0.672857 1.81475 -2.86779 0.258846 2.96606 -0.335676 
3.54964 -0.0434098 -0.0393554 -0.185882 -0.428222 -0.274342 -0.210781 -0.200946 -0.152085 0.115018 -0.0526343 -0.29567 0.101105 -9.4747 -3.23637 -1.00959 -3.60959 0.355991 -0.780053 -0.332367 0.568381 2.13485 -0.0220608 1.96186 1.43644 -0.762454 -5.53942 -3.51921 -1.50226 -0.377834 -0.583825 -1.00771 0.577813 2.39362 1.77266 0.0948792 0.494604 2.83026 -1.03125 
3.3272 -0.121878 0.0158139 -0.269435 -0.357354 -0.230509 -0.314124 -0.220339 -0.161336 0.0579326 0.00746309 -0.209717 -0.0330857 -4.44015 -1.98205 -2.60879 -4.03036 0.104609 0.148074 0.639499 -0.0319716 1.824 -0.00588117 1.29986 2.29905 -0.381662 6.51596 0.886174 -4.92901 -1.71965 -3.0014 -0.975408 2.61137 0.714971 1.28162 1.81835 -0.185772 2.35536 -0.0427891 
2.92897 -0.373283 -0.102356 -0.248701 -0.145344 -0.132898 -0.251175 -0.162006 -0.142505 -0.0789114 -0.0645363 -0.16703 -0.0135074 2.53961 -0.897314 -4.65924 -3.71486 -0.459251 0.326098 1.36344 -1.15378 1.39036 -0.580105 0.701104 3.04009 0.137156 20.116 5.96419 -5.81366 -2.47499 -4.01978 0.222871 3.04775 -2.46816 -0.606958 2.51228 -0.898642 1.19708 1.01089 
2.70424 -0.444585 -0.181477 -0.373804 -0.341172 -0.314715 -0.226303 -0.0619989 0.0310008 0.120652 0.127197 0.01074 -0.0273717 7.57982 0.277124 -5.41271 -3.50492 -0.883449 0.968321 1.38127 -1.21435 0.189311 -1.11291 0.179425 3.21999 -0.0642114 23.7858 7.31091 -3.5013 -0.179867 -1.42601 2.17325 1.23192 -4.01211 -3.29179 -0.615087 -2.18159 -0.841581 1.36242 
2.73778 -0.388813 -0.259736 -0.596598 -0.602941 -0.46885 -0.176374 0.0175947 0.157954 0.253807 0.134428 -0.00690091 -0.0811124 11.237 -0.106941 -6.36624 -3.2783 -0.417156 1.48632 0.878974 -0.894479 0.229157 -0.621743 0.045403 2.82602 -0.294243 14.2693 2.4841 -0.0747125 2.82538 2.63092 3.35843 -1.61673 -2.42243 -3.79468 -2.9786 -1.88438 -1.87692 0.780819 
4.30914 0.0537757 -0.685798 -0.609381 -0.469757 -0.0943057 0.0180741 -0.370464 -0.10006 0.0810701 -0.0626809 0.0714264 0.0451258 14.534 -0.346037 -6.35676 -2.1991 0.200344 1.54039 -0.0577781 -0.781868 -0.0328895 -0.382199 0.14628 2.12502 0.147083 -5.40215 -5.13708 3.88133 3.7918 4.26169 0.767018 -4.74628 2.37746 -0.796417 -1.78516 0.628395 -2.05607 -1.01258 
4.75757 0.013535 -0.784195 -0.628015 -0.456915 -0.103291 0.0054892 -0.498456 -0.141056 0.0445632 -0.0508258 0.125777 0.0985463 15.7393 -0.322581 -5.04418 -1.11627 0.672287 1.53502 -0.92443 -0.756425 -0.396126 -0.51893 0.254241 1.0585 0.349891 -15.5999 -7.73818 4.70556 3.34828 3.61256 -1.22353 -4.25002 4.88447 1.91832 0.269573 1.84874 -2.01295 -1.12536 
4.35167 -0.0281503 -0.55223 -0.539429 -0.447271 -0.128355 -0.203852 -0.252813 -0.219101 -0.0958559 -0.00570887 0.0776499 -0.0307215 13.64 -0.94659 -3.53916 0.531137 2.41029 1.70319 -2.47034 -0.693812 -0.633001 -1.00795 -0.55965 -0.332695 0.476849 -11.7754 -4.46929 2.76938 1.61376 1.21433 -2.5638 -2.01793 2.62331 3.14061 2.64673 1.33957 -1.50212 0.158424 
4.27501 -0.45844 -0.737883 -0.554409 -0.277141 -0.0492842 -0.263167 -0.154869 -0.0194313 0.0230816 0.00920956 0.0337352 -0.0483799 7.37097 -1.45412 -1.93764 1.52529 3.37144 1.61576 -3.1166 -0.345529 -0.915778 -1.35073 -0.448786 -0.896043 0.43377 -5.20646 2.87272 1.78273 0.326013 -0.96213 -1.81392 0.502242 -1.05941 0.421245 1.27554 -0.672689 -1.24665 1.02071 
4.62249 -0.453324 -0.780239 -0.499262 -0.191877 -0.0926913 -0.376265 -0.196739 -0.0620598 0.046453 0.10149 0.104339 -0.0134004 -1.02172 -2.06168 -0.507791 0.979647 2.56903 1.17619 -3.17405 1.09223 0.0655215 -0.540905 0.335792 -1.75503 -0.308697 -2.80186 6.38253 0.394181 -0.939346 -1.64866 1.12787 2.43368 -2.79654 -1.63161 -0.608721 -1.92153 -1.23473 0.588758 
4.64586 -0.392079 -0.708648 -0.472258 -0.257764 -0.116932 -0.270932 -0.193238 -0.0532879 0.00659966 0.0666701 0.00552139 0.0660824 -3.23948 -0.151779 0.24265 1.07394 2.0483 1.53754 -1.10474 1.30823 0.153171 -0.793503 0.085381 -1.60727 -0.384649 -5.62403 5.17439 0.707297 -1.25698 -1.57257 2.12832 3.15058 -1.03374 -1.6614 -1.56061 -0.898701 -0.0199703 -0.905741 
4.64713 -0.307239 -0.693939 -0.407735 -0.181365 -0.167165 -0.508635 -0.250087 -0.0182244 0.0767491 -0.0589916 -0.0751964 0.047439 -1.0432 2.97119 0.0876358 -0.31035 1.08393 1.97287 0.910676 0.0907379 0.0405846 -0.640422 -0.293184 -0.96446 0.0136222 -4.49069 3.41151 1.05139 -2.05831 -1.72002 2.29844 4.35351 1.22355 -0.585093 -1.52811 0.715682 1.39953 -1.45551 
4.31518 -0.172482 -0.718811 -0.454429 -0.139799 -0.0123606 -0.379179 -0.325698 -0.215511 -0.09723 -0.0660834 -0.0674893 0.0374968 -0.270157 5.76488 0.958086 -1.20085 -0.0700303 2.22395 1.97576 -0.474457 -0.823427 -0.896782 -0.63648 -0.480742 -0.193514 2.89132 1.71149 0.654066 -2.16933 -1.50517 0.683911 3.38147 1.30036 1.23935 0.613989 0.931891 2.16452 -0.692693 
4.14506 -0.199176 -0.798237 -0.581043 -0.203133 0.167861 -0.332605 -0.218747 -0.119812 -0.0299932 0.0449866 -0.138906 -0.0539573 0.0713406 5.88475 0.991266 -1.65307 -0.830371 2.82637 2.52523 -0.333821 -0.718928 -0.887482 -0.703897 -0.270273 -0.559659 8.83797 1.5071 0.697809 -1.00066 -1.27676 -1.12927 0.967626 -0.431604 0.575647 1.152 0.055338 2.05244 0.540541 
4.07642 -0.0756405 -0.570138 -0.401192 -0.199242 0.0590896 -0.0830321 -0.0981978 -0.0901483 -0.150628 0.0102647 -0.0181284 -0.0383373 2.32587 5.16904 0.547989 -1.66942 -0.953638 3.20617 2.03243 -0.715195 -0.202029 -0.629561 -0.680032 0.608276 -0.893722 9.02875 -0.564865 -0.816174 -0.344158 -0.879564 -0.603217 -2.50587 -2.16704 0.297438 1.51054 -0.866393 0.414256 0.645941 
4.5612 0.245575 -0.64459 -0.695497 -0.258575 0.127162 -0.106053 -0.228513 -0.0864849 -0.0614988 -0.0183563 0.0153076 -0.00742307 4.74599 4.08194 0.14149 -1.18323 -1.21756 2.68445 2.27753 -1.04476 0.15669 -0.0957964 -0.929554 1.14994 -0.680876 3.56231 -3.8227 -1.50623 2.31334 0.3067 -0.465595 -3.67344 -1.98227 0.215972 0.896688 -1.38722 -0.415192 0.0733871 
4.66368 0.273371 -0.643279 -0.699652 -0.268444 0.170046 -0.109844 -0.305007 -0.163142 -0.0148507 -0.0578177 0.00807551 -0.0236824 7.0352 2.69952 -0.0844669 -0.105627 -1.01284 0.992086 1.50583 -1.12838 0.230558 1.12958 -1.52726 1.05001 -0.226052 -1.08887 -4.87579 -1.6067 3.19844 1.01928 -1.10082 -1.89339 -0.538629 0.0276429 0.49713 -1.05468 -0.505926 0.060759 
4.72962 0.21816 -0.643292 -0.611414 -0.337994 0.233642 -0.141103 -0.264029 -0.156612 -0.0768562 -0.020523 -0.0227369 -0.0396019 6.51731 1.48049 0.266927 0.443672 -0.333761 -0.317918 0.436421 -0.80612 -0.680641 1.34795 -1.64894 0.766118 0.0516607 -3.78118 -3.8096 -0.233594 2.09817 1.57461 -2.69029 -0.158774 1.55355 -0.422741 1.11555 -0.287983 -0.476994 0.216607 
4.88717 0.172017 -0.685814 -0.58563 -0.300519 0.302976 -0.229779 -0.369484 -0.0345212 -0.0688999 -0.120486 0.0419101 -0.0731114 4.47465 -0.0480419 -0.0127208 0.603638 -0.0858346 -0.833529 -0.59048 -0.307873 -0.998346 1.83268 -1.14957 -0.114287 -0.044137 -5.07864 -1.30501 1.65259 0.607416 1.17231 -3.76696 0.970924 3.07676 -1.65353 0.940984 0.994257 -0.838392 0.586679 
4.96553 0.15895 -0.742502 -0.515341 -0.280483 0.206816 -0.140349 -0.404093 -0.0781466 0.0210397 -0.200802 0.0656045 -0.0506652 1.74491 -1.13314 0.39137 1.58667 0.0341466 -1.39886 -0.0595794 0.418236 -1.18655 1.5573 -0.802919 -0.412731 -0.0146515 -4.34692 0.732759 1.88749 -1.46606 0.0530266 -1.77634 0.316182 2.3887 -1.58668 0.205578 1.94845 -1.23493 0.349507 
5.01114 0.116829 -0.724216 -0.458914 -0.264504 0.0578815 -0.0647764 -0.32426 -0.199403 0.109866 -0.197639 0.0211232 0.00394652 0.969503 -1.03655 0.677385 1.11454 -0.301056 -1.77428 1.47457 -0.190267 -0.729917 1.13205 -0.43892 -0.596179 0.360684 -2.966 1.108 1.16393 -1.65782 -1.18918 0.930851 1.05092 -0.48498 0.184896 -1.31637 1.66394 -0.905695 -0.00285021 
4.8153 0.0952447 -0.556357 -0.545417 -0.218654 0.0162282 -0.190059 -0.146821 -0.244356 0.083867 -0.10443 -0.0104221 -0.0387767 0.228136 -0.567212 0.955364 0.326438 -1.06597 -1.10356 2.46173 -1.00458 -0.377349 0.896962 -0.398902 -0.490342 0.52162 0.200583 0.916551 -0.563865 -0.865817 -2.46978 3.15442 2.63119 -3.73143 2.16538 -1.94802 0.121821 0.120152 0.153673 
4.7718 0.11817 -0.574221 -0.507229 -0.266989 -0.00330342 -0.190369 -0.191793 -0.222817 0.111685 -0.0975912 -0.056012 -0.036905 -0.802685 -0.167558 1.56555 -0.268218 -2.54724 -0.00974013 2.97655 -0.874306 -0.199175 0.206927 -0.0487847 -0.502122 0.520633 1.67971 0.45792 -0.706406 -0.72224 -2.91126 3.81982 2.76748 -3.90172 2.6641 -1.7647 -1.13963 1.21366 0.158952 
4.84251 0.153944 -0.632408 -0.507825 -0.319804 0.0774393 -0.077326 -0.278775 -0.253274 0.107871 -0.128014 -0.0407702 -0.0208462 -1.89807 0.227436 2.52345 -1.11185 -3.95891 1.09427 2.77343 -0.558484 0.353286 -0.412391 0.135642 -0.377676 0.26492 -0.0727844 0.197798 0.91436 -0.85909 -2.91779 2.25778 0.938676 -0.533078 1.45647 -0.779252 -0.981952 1.14477 -0.0793823 
4.91664 0.105245 -0.584428 -0.530391 -0.389574 0.044415 0.203689 -0.494678 -0.137424 0.0236176 -0.12247 -0.0594765 0.0313465 -3.26079 0.749348 3.42963 -1.50556 -5.09034 1.14879 2.44758 -0.00238809 0.418199 -0.342163 0.231179 -0.0882633 0.407466 -3.47139 0.585878 2.80822 -0.963821 -2.2086 -0.193417 -2.5223 4.31671 -1.06788 0.757956 0.179561 0.502565 -0.245987 
4.8859 0.128603 -0.573036 -0.562914 -0.517414 0.231658 0.149115 -0.517054 -0.0803544 0.0341255 -0.180167 0.00318856 0.00776289 -4.46725 1.1788 4.00883 -1.4348 -5.47235 0.173269 2.26545 0.817323 0.132206 0.0578545 0.350072 0.148262 0.639955 -5.79665 0.958544 3.64386 -0.697543 -0.424042 -3.47236 -3.64726 6.18056 -2.46779 1.45848 1.59002 -0.364017 -0.0527527 
4.78667 0.144005 -0.472408 -0.590665 -0.671809 0.27334 0.134845 -0.385142 -0.111419 0.0101408 -0.179848 0.0110784 -0.00495691 -5.99095 1.32622 4.95737 -1.68833 -4.9059 -0.955548 1.13209 2.47416 -0.432799 0.421824 0.8544 0.245896 0.471379 -4.80512 0.977102 2.12254 0.107735 1.76702 -4.84605 -2.79529 4.13494 -2.2305 1.73719 1.86649 -0.632511 0.224668 
4.58786 0.181979 -0.289605 -0.679952 -0.784706 0.199146 0.13519 -0.237214 -0.159162 0.0396236 -0.136147 -0.0272201 -0.0180904 -7.15495 1.38091 5.40468 -1.54082 -3.88436 -2.03809 -0.249246 3.68432 -0.873889 0.910102 1.15433 0.0973448 0.0883966 -1.36381 0.317896 -0.445921 0.934417 3.48045 -3.40105 -1.21558 0.525699 -0.912235 1.00769 0.965832 -0.236577 -0.0108805 
4.34824 0.232533 -0.132623 -0.678913 -0.860738 0.0310152 0.0839648 -0.100817 -0.257678 0.126717 -0.0618899 -0.0328791 0.0671721 -6.67977 1.39314 4.65642 -1.24182 -2.63512 -2.10141 -1.31131 3.91096 -1.03077 0.865942 1.06232 0.247671 -0.412498 3.06248 -0.712444 -2.80313 1.0164 3.7929 0.214747 0.108927 -2.82703 1.22056 -0.671339 -0.598549 0.306644 -1.03629 
4.17597 0.280465 -0.0847556 -0.674221 -0.838419 -0.0842782 0.0815062 -0.0588862 -0.238716 0.12455 -0.0252774 -0.0151201 0.0508523 -4.21686 0.847445 2.90774 -0.954203 -0.824009 -1.36686 -0.85145 2.60176 -1.09946 0.0515612 0.738359 -0.0836416 -0.186245 6.82788 -1.4782 -4.48171 0.645478 2.95304 4.40687 0.433751 -4.12117 1.57022 -1.98479 -1.96489 0.348051 -1.04871 
4.13267 0.277845 -0.0423775 -0.700993 -0.802098 -0.106074 0.0368714 -0.0050599 -0.262107 0.151708 -0.00233875 -0.0194721 0.0157163 -0.572758 0.0706915 0.523409 -0.700789 0.848724 0.355637 -0.442131 0.591173 -0.86529 0.254507 -0.441695 0.156582 -0.125233 8.75313 -1.83738 -5.0965 0.225761 1.91741 6.07494 1.11669 -4.17482 0.905581 -1.82417 -2.79084 0.249947 -0.163354 
4.10632 0.271658 -0.016862 -0.687363 -0.773766 -0.100667 0.0320006 -0.0250727 -0.262489 0.164973 -0.0364633 -0.0262936 -0.0266013 2.99379 -0.532944 -2.06449 -0.141215 1.7894 2.41043 -0.0216716 -1.41273 -0.231442 -0.11171 -1.39438 0.437427 -0.155431 8.1289 -1.49454 -4.84725 0.0755732 1.05939 5.2146 1.35593 -3.39666 0.175844 -0.666317 -2.36014 0.150703 0.897137 
4.26136 0.254698 -0.10368 -0.693776 -0.777517 0.0288701 0.026106 -0.120547 -0.163284 0.0499524 -0.08114 0.0368031 -0.0735772 6.1697 -1.18028 -3.87449 0.161182 1.98575 4.24099 0.360513 -2.74591 0.241761 -0.462775 -1.91583 0.402561 -0.171886 5.12315 -0.865101 -3.28879 0.551454 0.229809 2.36084 0.960327 -1.82463 -0.45277 1.06412 -0.970746 -0.103136 1.4308 
4.52034 0.201277 -0.281579 -0.714906 -0.664265 0.257475 0.0811754 -0.19507 -0.263551 -0.0517654 -0.134338 -0.0408304 0.0297862 8.14065 -1.76674 -4.43071 0.292367 1.77158 4.99237 0.235638 -2.86904 0.042311 -0.461799 -1.91043 0.250122 0.141845 1.19465 -0.284807 -0.476779 0.834778 -0.889982 -0.943337 -0.193639 0.186268 0.0854835 1.59384 0.780688 0.0448698 0.438286 
4.75498 0.138323 -0.379021 -0.72893 -0.607732 0.323673 0.106129 -0.267546 -0.290704 0.170586 -0.279207 0.028384 0.0175656 8.48263 -1.95342 -4.31868 0.43832 1.91809 4.24799 0.255874 -2.37013 -0.699707 0.0606673 -1.82447 0.0771481 0.667938 -2.07473 0.0584926 2.13626 0.636185 -1.05034 -3.11536 -1.10289 2.25081 -0.46074 0.555693 2.11097 -0.501541 0.0460093 
4.82689 0.164781 -0.507192 -0.659205 -0.620333 0.377647 0.116006 -0.368387 -0.204541 0.092391 -0.247524 0.0349756 0.0131131 8.20572 -2.23958 -3.43105 0.537908 1.88463 2.84795 -0.112094 -1.11922 -1.27345 0.491728 -1.47433 -0.294362 0.988755 -3.03361 -0.306895 3.83806 -0.0357195 -0.331543 -4.05971 -1.38886 3.70174 -1.50928 0.28945 1.57419 -0.873864 0.0425506 
4.98781 0.111582 -0.549917 -0.629025 -0.652423 0.440409 0.101296 -0.381427 -0.208305 0.0798879 -0.211259 0.00989548 0.0374834 6.86071 -2.27831 -2.22693 0.949005 1.76629 1.07217 -0.735818 0.140767 -1.24513 0.729935 -1.11577 -0.714899 0.876944 -2.80531 -0.338893 3.38681 -0.196547 0.585702 -3.70319 -1.19942 3.43331 -1.21941 -0.183581 0.249442 -0.855466 0.00123382 
5.08608 0.0460102 -0.497778 -0.660395 -0.626943 0.441094 0.0300891 -0.285464 -0.265609 0.0690982 -0.191147 -0.00314522 0.0273453 5.23435 -1.95078 -1.37893 1.5316 1.31231 -0.283392 -1.57378 0.898097 -0.253366 0.0989746 -0.538066 -0.788251 0.359879 -2.02119 0.119674 1.17823 0.591038 0.656374 -2.13108 -0.783075 1.49211 0.521204 -0.779417 -0.540679 -0.710461 -0.115648 
5.07863 0.039407 -0.481839 -0.657939 -0.506223 0.31379 0.055971 -0.228529 -0.426935 0.187774 -0.249088 -0.023044 0.0908787 3.47837 -1.44027 -0.922767 2.21837 1.08314 -1.4716 -1.65086 1.61549 -0.0164616 -0.921911 -0.00546379 -1.30156 0.348006 -1.7746 0.866301 -0.741782 1.69022 -0.577724 -0.725624 -0.445883 -0.394933 2.79157 -1.58434 -0.155475 -0.220849 -0.787008 
5.20371 -0.0424497 -0.440181 -0.631995 -0.513567 0.276637 0.00832977 -0.150224 -0.402683 0.146781 -0.267667 -0.0692192 0.0934863 1.90982 -0.954978 -0.577779 2.63362 0.776785 -2.3157 -1.376 2.22736 0.065548 -1.10635 -0.058819 -1.45882 0.414232 -2.86944 1.89684 -1.66633 2.14741 -1.50706 -0.128401 0.46706 -1.19861 2.8495 -2.0219 0.793921 0.0238677 -0.607764 
5.23738 -0.0529347 -0.492405 -0.553906 -0.498071 0.27162 -0.0566562 -0.15923 -0.286836 0.0807554 -0.289241 -0.0853859 0.0576691 -0.0983791 -0.0963222 -0.617244 3.49261 -0.122359 -3.05115 -1.25557 2.04631 1.68748 -1.16703 0.212004 -1.42531 0.278704 -3.71176 2.02752 -0.725915 1.68521 -2.24128 -0.611768 1.12611 -0.571429 1.83816 -0.71564 1.35254 0.0637341 0.0472822 
5.25601 -0.0213158 -0.591796 -0.469651 -0.508367 0.307826 -0.125012 -0.199089 -0.176065 -0.0138156 -0.2418 -0.0922335 0.0361428 -3.19078 0.16517 0.429711 4.18603 -0.497758 -3.98064 -0.675775 1.37777 2.93861 -1.65221 0.601982 -1.03273 -0.0531721 -5.4793 0.980844 2.11208 0.690593 -1.51347 -2.08153 1.52755 0.170643 0.740916 0.623722 1.00308 0.431412 0.220964 
5.14854 0.0222026 -0.589414 -0.361163 -0.526442 0.133646 -0.0414077 -0.135556 -0.242643 -9.14445e-05 -0.226745 -0.13744 0.0606668 -6.3852 -1.58605 1.73597 4.86435 -0.382307 -4.28972 -1.19787 1.29566 3.7307 -2.4503 2.12102 0.260791 -0.77818 -6.61232 -2.23592 4.16677 0.187344 0.327141 -2.03644 0.0837348 0.140877 0.776476 0.534405 1.46292 1.85308 -0.51767 
5.05915 0.0498198 -0.572363 -0.323076 -0.581949 0.10597 -0.015259 -0.0564622 -0.242198 -0.0559997 -0.21525 -0.159097 0.103187 -8.18578 -3.30262 2.82527 5.2935 0.318116 -3.98055 -1.49829 0.490472 3.522 -2.38014 2.21557 1.53245 -0.679608 -5.1132 -5.53394 4.43261 0.406958 2.25081 -0.46716 -1.65957 -0.977617 0.692844 -0.310062 1.21818 3.15529 -1.12285 
4.93539 0.087963 -0.556598 -0.197834 -0.707949 0.0112397 -0.0965603 -0.0758707 0.047207 0.016037 -0.157819 -0.166516 0.0797199 -8.30285 -5.02998 3.41245 5.50145 1.10859 -3.72419 -1.89123 0.274697 3.65405 -1.98343 1.56806 2.77244 -0.0574127 -1.00833 -6.60623 2.07348 0.552193 3.64643 1.76048 -2.29259 -1.51369 -0.430203 -0.957964 -0.345684 3.70275 -0.250775 
4.49031 -0.0140333 -0.243938 -0.161611 -0.558804 -0.207326 -0.0164738 -0.108313 0.0221461 -0.0935491 -0.150935 -0.0957724 0.0168215 -7.22703 -5.71669 3.24277 5.08552 1.92995 -3.48934 -2.35719 0.0527886 3.89889 -1.52724 0.671684 3.16137 0.266607 5.32552 -3.42734 -2.48347 0.185932 2.424 3.27977 -2.1229 -1.22327 -0.303428 0.12499 -2.24033 1.94257 1.3641 
4.21759 -0.466651 -0.167792 -0.00931867 -0.444537 -0.215015 -0.232379 -0.0133816 0.0366294 -0.201647 0.121271 0.119349 -0.0739542 -5.21244 -5.30439 2.42571 4.40468 2.54533 -3.18334 -3.49876 -0.359123 3.94808 -1.44743 0.258459 3.67529 0.145556 8.82391 3.20969 -4.83692 -1.25094 0.306233 1.66021 -0.498065 -0.608884 -0.253453 1.52766 -3.89369 -0.898966 2.12703 
4.35824 -0.577898 -0.159457 0.0880861 -0.403593 -0.0653474 -0.274931 -0.197301 0.0636502 -0.200618 -0.0843216 0.169379 0.0271992 -3.62966 -3.75581 1.34372 3.59421 2.76205 -3.20108 -3.81811 -0.338211 3.2243 -1.27069 -0.352001 3.1832 0.0895391 6.44277 7.68007 -4.48104 -2.64588 -1.41797 -1.11574 0.232644 1.07751 -0.312919 1.51581 -2.0475 -2.82993 0.710135 
4.44268 -0.632602 -0.256466 0.186866 -0.346242 -0.126892 -0.321235 -0.140021 0.241169 -0.164835 -0.205422 0.26729 0.138926 -2.97268 -1.07636 0.0455437 2.2857 3.23773 -2.80527 -4.04136 0.0946057 1.72978 -1.04748 -0.902479 1.70547 0.31562 0.397911 8.86195 -1.90721 -3.29486 -1.44487 -2.24721 0.122616 1.36932 -1.6636 0.764018 0.530387 -4.02134 -1.23462 
4.50856 -0.506872 -0.33447 0.137999 -0.316061 -0.226882 -0.340648 -0.127746 0.28552 -0.145339 -0.225108 0.158858 0.120513 -3.87962 2.09007 -1.06988 0.408661 3.39208 -1.8597 -3.29383 -0.211385 0.993542 -0.0311155 -1.16978 -0.301493 0.542597 -6.77228 6.05076 1.0905 -3.37382 0.525972 -0.673959 0.848691 0.54272 -3.2405 0.0723245 1.83323 -3.55996 -1.62759 
4.53775 -0.385128 -0.332591 0.139426 -0.309181 -0.378979 -0.495105 -0.117552 0.241233 -0.177741 -0.147588 0.259725 0.0518643 -8.12764 3.7682 -0.793638 -2.11302 3.31587 -1.26429 -1.63897 -0.708008 -0.0506837 1.06583 -1.03406 -1.87599 0.328038 -11.8598 0.741108 2.07453 -3.63675 1.80193 2.84352 2.21616 -0.87378 -3.10633 0.901976 1.84871 -2.85289 -0.726347 
4.38457 -0.246408 -0.337005 0.12368 -0.336458 -0.413888 -0.486576 -0.0683777 0.235535 -0.211648 -0.192163 0.152722 0.0413981 -14.0642 2.4718 -0.379539 -3.64709 2.89942 -0.636854 -0.218745 -0.53629 -1.65286 1.18791 0.452501 -2.7131 -0.37518 -13.0171 -4.42553 1.68962 -3.42801 1.30529 4.72245 3.74331 -2.24383 -2.52198 1.68445 1.03116 -1.30413 0.303196 
4.07387 -0.0653647 -0.349259 0.0727733 -0.154838 -0.412791 -0.606532 -0.0474746 0.16184 -0.183032 -0.182892 0.00592445 0.0539547 -16.887 0.902276 0.0459203 -4.94683 2.32084 1.14596 1.48515 -1.09051 -2.92306 1.27858 1.69684 -2.93058 -1.14133 -8.4809 -7.61596 0.436977 -2.51363 -1.27273 4.23401 4.74552 -1.73515 -1.19887 1.32709 1.33248 0.891809 -0.0540764 
3.59127 -0.0200941 -0.267504 -0.126951 0.0291084 -0.286625 -0.410026 -0.205669 0.0906653 -0.106547 -0.175796 -0.075857 0.0712049 -10.8044 0.507637 -0.758307 -6.62793 0.40057 3.02379 1.20389 -1.73306 -2.03182 0.808781 2.82523 -2.01793 -1.15546 7.34352 -5.07428 -1.89971 -1.68263 -4.98686 2.41404 1.40446 -0.363792 0.992848 -0.691959 2.30946 2.47441 -0.87985 
2.97632 -0.291689 -0.238136 -0.31567 -0.0306986 -0.175429 -0.36167 -0.245223 0.0558581 0.0199338 -0.0881388 -0.033505 0.0373152 -3.74599 0.308542 -1.60467 -7.82851 -1.42782 4.27836 0.890124 -2.24421 -0.43588 0.886948 3.6585 -1.40394 -1.23766 24.0545 1.36357 -3.23195 -0.952301 -6.2094 0.583349 -2.66395 0.315079 3.54762 -2.28708 2.52926 2.93717 -1.10541 
2.51657 -0.538963 -0.297406 -0.297647 -0.126567 -0.149834 -0.236746 -0.23103 -0.0933067 -0.0602893 -0.0749888 -0.102491 0.0337436 0.482453 -0.67308 -1.80809 -7.61391 -3.34627 4.60656 0.97239 -2.20199 0.459597 1.7442 4.34059 -0.337455 -1.44584 27.436 5.5584 -2.36697 -0.468915 -5.03089 -0.250217 -4.40642 0.500115 5.00926 -0.72681 1.70872 2.15457 -0.609027 
2.69396 -0.486263 -0.337388 -0.432901 -0.138786 -0.0317785 -0.113729 -0.237029 -0.0765721 -0.0340885 0.0723815 -0.0655829 -0.0815064 3.8563 -1.63916 -1.34296 -6.97312 -4.55258 4.36778 2.17405 -1.17452 0.927401 1.46875 3.46105 0.00327113 -1.13555 13.2985 3.56771 0.484541 1.01195 -1.59764 -1.04678 -1.98527 1.10112 2.92442 0.981392 -1.17041 0.160382 0.92013 
4.39869 -0.101254 -0.56803 -0.781964 -0.479695 0.0772968 -0.511839 -0.34064 0.206835 -0.177304 0.233946 0.0358215 -0.0603366 6.64932 -1.33631 -0.572932 -5.24085 -4.80674 3.62029 2.04268 -0.30787 0.735348 1.01913 2.32935 -0.108947 -1.00196 -11.2545 -2.45347 4.35671 3.88137 2.82038 -1.48452 4.01434 1.75803 -1.97002 2.19007 -4.17398 -1.72707 1.402 
4.54929 -0.0766922 -0.558949 -0.842958 -0.527815 0.0975189 -0.543348 -0.373292 0.318987 -0.0677981 0.294616 0.0388277 -0.104153 7.77841 1.15776 1.64493 -2.66305 -4.1863 2.14611 2.19464 -0.0437885 0.025857 -0.0569643 0.941001 -0.412491 -0.538888 -20.4294 -3.71664 6.31987 5.98412 4.01863 -2.27736 5.72381 1.87408 -5.36538 -0.16329 -5.17961 -2.06713 1.43297 
3.81549 -0.316959 -0.456683 -0.736184 -0.611868 0.137146 -0.301945 -0.309077 0.207596 0.186861 0.289853 -0.00413889 -0.106006 7.23514 3.31377 3.01675 -1.57705 -4.18684 1.32263 1.51029 0.438738 -0.844688 -0.233755 0.602801 -0.029712 0.259497 -10.3606 1.44028 4.68322 4.9608 2.37185 -2.56089 1.82281 0.97346 -5.11925 -3.53934 -2.90739 -0.663274 1.19316 
3.61276 -0.469432 -0.315052 -0.828858 -0.47541 0.16807 0.0155319 -0.172113 0.0993914 0.0372185 0.0645239 -0.117791 -0.0027708 4.47346 2.71507 4.67961 -0.383456 -3.73778 0.0361064 1.86827 0.77754 -2.67677 -0.261135 -0.541987 0.19263 0.865018 4.96457 5.9538 1.77542 2.07741 -0.940885 -2.30756 -3.47871 -0.565186 -2.50577 -2.96372 0.9804 1.91616 0.289493 
3.66298 -0.43426 -0.21802 -0.73049 -0.499134 0.185008 -0.0422541 -0.26438 -0.00748903 0.0201238 0.0540649 -0.115158 -0.0736845 0.963062 1.55674 5.89825 0.680152 -2.96109 -0.712366 2.87708 1.16605 -4.06029 -0.1071 -1.15925 0.372514 0.756971 13.5488 4.93353 -0.99175 -1.63202 -2.89735 -1.41122 -5.0417 -0.620019 0.576932 -0.746542 2.57437 2.93904 0.1563 
3.74752 -0.0352658 0.0745542 -0.470266 -0.596494 -0.00491928 -0.0759821 -0.271506 -0.090213 -0.181312 0.0402735 -0.0910334 -0.0447862 3.47473 2.82918 4.37517 1.06865 -3.98253 -0.389336 1.83824 0.888798 -3.07717 -1.13195 -0.7563 0.796866 0.749379 8.33963 -0.915759 -3.85175 -2.93981 -2.35676 0.929581 -2.34404 -0.327533 2.86788 2.18367 2.01663 1.85183 -0.466971 
4.13718 0.21592 -0.0881531 -0.693149 -0.833377 0.0891866 -0.261995 -0.183912 -0.132187 -0.133279 0.247256 0.023813 0.0524063 7.32342 4.06347 2.04607 1.17399 -5.13617 0.147799 0.61988 0.119419 -1.07498 -1.27687 0.0502434 1.07025 0.588834 -0.89467 -4.71185 -4.5693 -0.267151 -0.931132 2.2094 1.68716 -0.61391 4.22954 2.47452 -0.113634 -0.549922 -0.939282 
4.44747 -0.0367625 0.0961902 -0.783147 -0.801813 0.00758419 -0.13265 -0.222256 -0.233127 -0.0339502 0.113021 0.0842664 0.0124274 7.97114 3.8386 -0.318157 1.74144 -6.39214 0.844493 0.204781 -0.382549 0.57798 0.167613 0.79859 1.08477 0.399632 -5.6016 -2.74712 -5.61338 2.39192 -0.716466 3.01092 2.50171 -0.703658 4.73391 0.971461 -0.587396 -2.26148 -0.390157 
4.52128 -0.116997 0.133512 -0.767951 -0.873442 0.0338833 -0.0976883 -0.200139 -0.176859 -0.0147627 0.107691 0.0742057 -0.0272313 6.59 2.62609 -2.11735 1.41631 -5.67701 0.704626 1.42827 -0.350931 1.83338 1.22948 0.41627 0.59988 0.58542 -5.67944 0.307189 -4.55851 3.21132 0.107247 1.17211 1.71876 -1.10145 3.03502 0.68767 -0.429181 -2.11934 0.174148 
4.35272 0.101752 -0.145889 -0.584162 -1.0805 0.18183 -0.107954 -0.227841 0.035471 -0.125633 0.169616 0.0435142 -0.0150108 4.16363 1.23615 -3.33354 1.02177 -4.13364 0.542467 2.23862 -0.62486 2.3106 2.16951 -0.021424 0.095992 0.323026 -3.14129 1.17402 -0.741142 0.809474 2.45063 -2.16761 0.926945 -0.491583 -0.385436 1.19234 -0.579809 -0.875937 0.53692 
4.48723 0.112262 -0.253213 -0.529258 -1.20361 0.236212 -0.0124766 -0.281859 0.107205 -0.0296157 0.178595 0.00393868 0.0128527 0.966145 1.41105 -2.98128 1.53325 -2.19765 -0.571383 2.72247 -0.837733 2.13995 2.04169 -0.465057 -0.517368 0.227444 -2.20954 0.691437 1.949 -2.46929 4.71552 -3.97462 -0.249818 0.40567 -2.84606 1.08299 -0.363761 0.415692 0.368951 
4.58873 0.095046 -0.313391 -0.468773 -1.29307 0.261242 0.0193032 -0.272417 0.106192 0.0589582 0.140994 -0.015794 0.037256 -0.392912 2.27972 -3.32498 1.38818 -1.39191 -0.989898 2.16727 -0.689664 1.80336 1.66249 -0.072405 -0.498947 0.47304 -2.20199 -0.471412 3.41053 -3.24208 5.16224 -3.74001 -0.621796 0.539516 -3.20199 -0.169789 -0.335018 0.954906 -0.233059 
4.52823 0.141729 -0.313349 -0.509224 -1.14117 0.0444699 0.112416 -0.30106 0.116707 0.118381 0.102774 -0.00149274 0.0377752 -0.903654 2.11488 -2.62698 0.581436 0.0437888 -2.07539 2.35635 -0.53991 0.600348 1.43681 -0.21021 -0.148609 0.515153 -1.89881 -0.572476 2.11706 -1.8174 2.44142 -0.943792 -0.910739 0.697316 -1.99257 -1.70027 0.341559 0.762126 -0.392616 
4.43303 0.206195 -0.288461 -0.569627 -1.07089 -0.013176 0.105585 -0.29435 0.0600912 0.12958 0.111567 0.0195409 0.0245082 -0.707264 1.2525 -1.51379 -0.325285 1.67946 -3.04969 2.33257 -0.000999987 -0.753228 1.18292 -0.135298 0.0383048 0.222866 -0.357986 -0.592103 -0.203188 0.237236 -0.110303 1.06425 -0.348951 0.640751 -0.486839 -2.23995 0.76502 0.206618 -0.33025 
4.32708 0.258778 -0.27968 -0.628187 -0.993978 -0.0632352 0.103081 -0.27767 0.0184225 0.141776 0.141697 -0.00430852 0.0546368 -0.796309 1.01303 -1.49137 -0.361329 2.44845 -2.8684 1.71789 0.503851 -1.13135 0.216925 0.32072 0.0375846 -0.181861 2.07397 -1.16757 -1.35425 1.3613 -1.01978 1.72786 0.136299 0.646496 0.12606 -1.56149 0.767728 -0.259336 -0.568399 
4.4445 0.191748 -0.338841 -0.553201 -1.07981 -0.0216128 0.120597 -0.298469 0.0565663 0.0996632 0.117395 0.0317599 0.0432962 0.282579 0.529474 -2.00184 0.101981 2.52196 -1.66846 0.709538 0.623411 -1.0677 -0.262792 0.946047 -0.233156 -0.695415 2.9453 -1.03788 -1.5474 1.38999 -0.10085 1.72744 -0.801979 0.685427 0.10592 -0.375109 0.964903 -0.848373 -0.890219 
4.34554 0.243181 -0.371518 -0.571134 -1.02338 -0.114053 0.240637 -0.278756 0.013323 0.0721153 0.12011 0.041159 0.0401217 1.48519 -0.0478224 -2.35911 0.441914 2.55845 -0.0916015 -0.720403 0.849372 -0.847823 -0.490507 1.44192 -0.611551 -1.11036 3.07603 -0.943722 -0.922549 0.74929 1.14208 2.05365 -2.87042 0.324036 0.431266 0.475939 1.05149 -1.05204 -1.13225 
4.40458 0.239074 -0.431301 -0.562122 -0.93924 -0.14954 0.23704 -0.22324 -0.0330405 0.0675979 0.181724 0.00210216 0.0130183 2.16572 -0.445548 -2.48349 0.5344 3.30408 0.46451 -1.99767 1.47872 -0.63385 -0.514074 1.47519 -0.925794 -1.32161 1.54891 -0.57064 0.173014 -0.218188 1.75042 2.15695 -4.22272 0.396885 0.539822 0.661088 0.479031 -0.744613 -0.792204 
4.51474 0.210384 -0.495943 -0.52273 -0.913533 -0.0914304 0.18583 -0.202901 -0.0186351 0.0487476 0.218102 -0.0244679 -0.0203047 2.35595 -0.468618 -2.62572 0.470193 4.66921 -0.125076 -2.84901 1.93323 -0.238694 -0.562243 1.27744 -1.04948 -1.50864 -0.680235 0.0417494 0.815053 -1.00026 2.63343 0.0636856 -3.34082 0.767996 0.645672 0.30751 -0.468683 -0.219577 -0.0532402 
4.6791 0.163383 -0.582526 -0.451164 -0.891781 0.0269382 0.0415108 -0.225467 -0.0113851 0.0938913 0.261328 -0.059499 -0.0836642 1.84835 -0.17146 -2.81202 0.347947 6.32657 -0.976345 -3.88145 2.1903 0.202872 -0.089566 0.714114 -1.27935 -1.43757 -2.44288 0.668596 0.557076 -0.969724 3.12915 -2.80527 -1.00513 1.04069 0.899227 -0.0902323 -1.73913 0.323569 0.682411 
4.63112 0.174248 -0.551332 -0.538091 -0.711252 0.0375632 -0.0901142 -0.196571 -0.000710553 0.0770511 0.296648 -0.0776063 -0.113646 0.00192451 -0.474776 -2.25154 0.270859 7.87009 -0.61789 -5.0606 1.61387 1.40276 0.322453 -0.89729 -1.21027 -1.03116 -4.14095 0.653406 0.181613 -0.168351 3.19957 -3.35166 0.728368 0.0557143 1.53094 0.263316 -3.19584 0.46352 1.2054 
4.58682 0.180587 -0.552646 -0.566718 -0.578389 -0.00257836 -0.195691 -0.0409597 -0.0420563 0.0583334 0.267688 -0.0948982 -0.101094 -5.61215 -1.70497 -1.08773 0.699262 9.73275 -0.243407 -6.15547 -0.114966 1.83401 0.314429 -2.42174 -0.668532 -0.423467 -7.90014 -1.25185 0.803928 1.1496 3.19237 -0.747439 0.0311751 -2.97901 1.81637 0.577691 -3.65615 0.664868 1.25948 
4.5979 0.203384 -0.648043 -0.544762 -0.370665 -0.228707 -0.157697 -0.0280296 0.0343189 0.0231714 0.240167 -0.0969023 -0.113175 -6.04979 -2.41339 -1.11371 0.419089 9.68478 -2.2796 -3.95613 0.310821 1.97352 -0.823106 -3.3575 -0.204773 0.403263 -6.89332 -3.03342 1.24664 1.16766 0.828273 1.11452 0.779867 -3.19515 0.978462 -0.569256 -2.8475 0.885424 1.37976 
4.5971 0.217009 -0.759933 -0.479855 -0.218695 -0.285437 -0.265664 -0.031661 0.0915642 0.111536 0.143263 -0.122747 -0.120733 -4.0337 -2.63647 -0.766646 0.855133 8.66121 -3.70968 -2.03506 0.697106 1.8604 -1.73326 -3.80102 -0.0243537 1.0982 -0.144028 -3.01671 1.4418 0.699953 -2.39812 0.227583 2.88896 -1.01038 -0.61687 -2.43434 -0.534106 0.808726 1.27842 
4.18312 0.140235 -0.619349 -0.525215 0.053954 -0.0905846 -0.41642 -0.152536 0.251749 0.141453 -0.0879888 -0.122704 -0.0665633 -1.72998 -1.66779 -0.835811 1.52032 5.67817 -3.81383 -1.5159 1.49191 1.62952 -1.83975 -2.75996 -0.271671 1.2388 9.53936 0.453772 -0.00295973 0.296628 -6.80387 -2.52649 4.1945 3.33409 -2.19871 -2.88601 3.26697 -0.0282499 0.521644 
3.29956 -0.168654 -0.497798 -0.369429 0.346642 0.0117295 -0.679657 -0.428793 0.162442 0.081324 -0.120989 -0.0549053 -0.0397381 0.768555 -1.08497 -0.91861 1.69505 2.40653 -2.8267 -1.63265 1.72253 1.67794 -1.70859 -1.37824 -0.407557 0.877905 16.515 4.66639 -1.59581 -0.277062 -9.89695 -2.49998 3.09692 6.02154 -1.44129 -0.929352 5.13954 -1.13022 -0.676779 
4.25838 -0.136034 -0.752087 -0.507413 0.106318 -0.515136 -0.0816807 0.00295665 0.184739 -0.193105 -0.111112 -0.0495953 0.0289344 2.70013 -0.267627 -0.799298 1.40232 -0.552684 -1.78211 -1.8637 2.23955 1.30883 -1.49255 0.0721369 -0.352322 0.713202 8.33344 5.43103 -0.926289 0.121353 -7.56687 2.01231 -2.65495 2.40389 -0.044999 2.50885 4.74806 -1.17369 -1.68279 
4.69755 -0.072615 -0.658218 -0.363921 0.091673 -0.527641 -0.166915 0.0242073 0.158021 -0.177873 -0.10673 -0.100142 0.0416186 4.11671 0.827405 -0.730129 0.619277 -2.50751 -1.34344 -1.6365 2.46484 1.08539 -1.37448 1.33405 -0.103603 0.452561 -2.7942 3.14286 -0.328163 -1.09418 -3.18802 4.83858 -4.68378 -1.48806 1.12809 3.57166 2.26952 0.000201333 -1.54571 
4.60972 0.213328 -0.694616 -0.35639 -0.174081 -0.453173 -0.42518 0.211321 0.163683 -0.0900398 0.129174 -0.182205 -0.0022858 5.84909 1.78743 -1.15412 0.206212 -3.94981 -0.689453 -1.89353 2.4371 0.967189 -0.829666 2.25616 -0.0779684 -0.0737378 -8.6403 -1.13989 0.949564 -1.81814 2.22251 4.85313 -2.8136 -4.73097 1.26277 1.99759 -1.32728 1.38776 -0.540421 
4.70105 0.115765 -0.765041 -0.346652 -0.292469 -0.313663 -0.5363 0.143353 0.26393 -0.0555611 0.137149 -0.16239 -0.0698352 5.12268 2.29516 -0.663471 -0.197592 -3.81234 1.05818 -2.60572 1.56839 1.35491 -0.164014 1.80479 -0.247661 -0.514399 -8.52431 -2.83629 1.68096 -1.33486 4.78438 2.25352 0.157496 -4.40171 -0.0748878 -0.374676 -2.77001 1.3907 0.295377 
4.63217 0.151854 -0.766298 -0.379874 -0.275746 -0.336928 -0.544449 0.105419 0.277391 -0.0440987 0.15064 -0.114191 -0.0255254 -1.83598 1.65871 1.31034 -0.400319 -1.73653 2.75938 -3.74726 -0.545195 1.04937 0.997705 0.943255 0.128945 -0.589116 -4.0936 -2.13046 2.19011 -0.756743 3.96287 -0.601505 3.00957 -1.51459 -0.949131 -1.25664 -2.82853 0.415044 0.441042 
4.5009 0.185596 -0.713 -0.483186 -0.208641 -0.289334 -0.564572 0.052918 0.2982 -0.0502434 0.108664 -0.068138 -0.0155173 -5.67379 -0.119139 1.60435 -1.20557 0.159462 2.60733 -0.877715 -1.05635 -0.169995 0.157712 -0.524388 0.972158 -0.0115242 -3.79784 -1.73491 2.3851 0.490959 2.92094 -1.07186 3.9 0.192935 -2.42617 -0.933225 -2.18779 -0.0939978 0.623561 
4.55661 0.130366 -0.712666 -0.456431 -0.229969 -0.179749 -0.652386 0.0144366 0.318925 -0.0723695 0.111967 -0.0844119 -0.0480699 -7.68354 -2.19072 1.68668 -0.597453 2.26868 2.14699 0.77728 -1.98899 -1.20141 -0.312809 -1.66276 1.60981 0.870639 -5.54476 -1.77571 0.89414 0.945462 1.95966 -1.2774 3.87394 0.859922 -3.0399 -0.22827 -1.04012 0.445665 1.27722 
4.44927 0.0915982 -0.64792 -0.39156 -0.178654 -0.12348 -0.674412 -0.0331852 0.302014 -0.125531 0.0498365 -0.123713 -0.0762067 -9.28252 -2.98296 1.44732 -0.459163 2.31425 1.10364 1.42251 -0.989493 -2.64126 -0.913598 -1.01986 1.86987 1.45148 -4.41761 -2.77528 -1.4908 0.629204 0.535536 -1.47142 2.68254 1.05776 -2.8959 -0.300261 0.586927 1.45065 1.74555 
4.06219 0.179507 -0.436211 -0.502609 -0.118083 -0.271205 -0.517203 0.0307533 0.252898 0.00690027 0.0230018 -0.07214 -0.0206631 -9.62165 -3.88069 0.974752 -0.150829 2.63245 1.34066 1.49879 -0.0483525 -3.19631 -0.98972 -0.494391 1.36226 1.54022 -0.583256 -2.81529 -3.39358 0.708317 -0.301823 -0.239423 -0.465459 1.17993 -1.5981 -0.878577 2.12262 0.692998 1.2133 
3.83454 -0.059579 -0.522903 -0.514057 0.0211877 -0.14667 -0.221287 0.00656116 0.0191857 -0.169097 -0.104873 0.0335656 0.0613424 -9.59312 -4.27998 0.451181 0.183089 2.4947 1.15494 1.97927 0.829414 -3.53315 -1.27014 -0.138065 1.08829 1.32467 2.88752 -0.607709 -2.43118 0.308662 -1.30504 0.267909 -3.107 1.75817 0.785491 -0.378105 2.741 -1.01097 -0.569864 
3.63662 -0.193172 -0.635862 -0.341739 0.0715181 -0.115997 -0.453283 -0.124474 0.0581802 -0.0897676 -0.0264742 0.0661478 0.129732 -8.85755 -4.59929 0.20415 -0.478178 2.03299 1.02343 1.77226 1.01356 -3.53574 -1.46837 0.188203 1.09106 1.30499 5.02245 1.01791 -0.0648658 -1.08376 -1.63762 0.754876 -2.12118 1.80404 1.59066 -0.539402 1.29468 -1.97615 -1.89537 
3.58387 -0.260903 -0.665201 -0.463065 -0.117242 -0.251921 -0.454485 0.0874994 -0.0759642 -0.210099 0.144029 0.115904 0.13131 -7.66205 -4.40634 -0.460752 -0.496453 1.72443 1.81019 1.26039 0.572727 -2.8506 -1.60483 0.282331 0.843993 1.0908 3.51746 1.876 1.47669 -0.87114 -0.151544 1.65188 -0.283384 -0.689479 2.14702 0.0413172 -1.35771 -1.73455 -1.75861 
3.52821 -0.283882 -0.628115 -0.459394 0.113114 -0.0559004 -0.465148 0.126914 -0.0399848 -0.152046 0.108416 -0.0262574 0.12612 -6.09297 -4.00371 -1.43562 -0.76993 0.408487 1.57514 -0.0686923 -0.133437 -1.37441 -1.06182 0.719588 0.348363 0.677966 0.83974 1.61935 0.741672 -1.12846 -1.23279 -0.160864 0.647389 -2.62509 2.02062 0.888994 -1.71095 0.0766315 -0.521837 
3.41302 -0.304293 -0.605065 -0.439657 0.0796151 -0.0680662 -0.336125 0.154378 -0.0782379 -0.24157 0.042083 0.00593869 0.0436498 -5.14319 -2.40401 -1.0023 -1.22217 -0.350947 0.68795 -0.473746 -0.466957 -0.215885 -0.326843 0.417749 0.253376 0.253173 -0.322816 1.04989 -1.02357 -0.618156 -1.41407 -1.22507 0.02542 -3.26438 1.69005 1.43333 -1.08821 1.13079 0.771045 
3.44907 -0.440511 -0.562243 -0.574259 0.00358717 -0.0467916 -0.430765 0.0588392 -0.109591 -0.262709 0.0598997 0.0475868 0.0974022 -4.53048 -1.39377 -0.487233 -1.69874 -0.739061 0.415679 0.761264 -0.872616 -0.550959 -0.884511 -0.706549 0.565427 0.424321 -0.654189 1.75915 -1.47243 0.395416 -1.44948 -2.28795 -0.221026 -1.68359 0.841779 1.07816 -0.372206 1.24085 1.04906 
3.23146 -0.399938 -0.62944 -0.469722 0.12159 0.106431 -0.363758 -0.0478233 -0.0655157 -0.272726 -0.0144549 0.0344044 0.117694 -4.25959 -0.778815 -0.558527 -1.4003 -0.856628 0.0295566 1.28343 -1.39673 -0.0282942 -0.166462 -1.16304 0.869983 0.449318 1.01375 1.72634 -0.215231 -0.1411 -1.51603 -2.73339 0.728706 1.29544 -0.603032 0.158109 0.196519 0.909243 0.404723 
3.12775 -0.431632 -0.767056 -0.617935 -0.106511 -0.147813 -0.468372 -0.0701937 0.0572766 -0.0864942 0.117385 0.0510935 0.144645 -3.85865 -0.54374 -0.944457 -1.28254 -1.42282 -1.00398 1.10441 -1.49602 0.202106 0.00990406 -0.923981 1.39843 0.607751 1.97809 1.10819 1.17757 0.691444 0.854459 -0.302827 1.51486 2.06588 -1.14286 -0.855938 -0.551065 0.0928105 -0.306876 
3.12639 -0.37306 -0.709431 -0.580408 -0.0250613 -0.132273 -0.382366 -0.0662083 -0.0219304 -0.194284 -0.016959 0.130489 0.127438 -3.22356 -0.307369 -0.839864 -0.591777 -0.708883 -0.788585 0.802781 -1.15853 0.635067 0.464075 -0.915606 0.653772 0.516951 1.76426 -0.254718 1.08126 1.11177 1.38319 0.920644 0.6635 1.48982 0.0190067 -0.190311 -0.0535271 -1.06283 -0.831451 
3.09274 -0.359709 -0.648934 -0.591629 -0.0830637 -0.0994806 -0.308536 -0.0782429 -0.171896 -0.347744 -0.0727202 0.150774 0.210942 -2.74087 0.208378 -0.150636 -0.0255141 -0.390654 -0.296473 1.33601 -0.968088 0.0115662 0.198422 -0.941487 0.281341 0.0530122 1.19108 -0.871824 0.748463 1.16412 1.65273 1.88601 -0.723374 -0.218342 0.930488 0.856486 0.48942 -1.66271 -1.08274 
3.06923 -0.366573 -0.685832 -0.63267 -0.104403 -0.154488 -0.218564 0.0347352 -0.0539751 -0.172638 0.00427075 0.137474 0.126318 -1.71678 0.0392292 0.952606 0.369536 -0.298551 0.240421 1.68968 -0.744793 -0.530703 -0.114791 -0.911639 -0.0816804 -0.457313 0.286099 -0.396315 1.02975 1.57664 1.19191 2.36611 -0.782933 -1.6285 0.0765509 0.10309 0.0818409 -1.56623 -0.796066 
3.02583 -0.420228 -0.740311 -0.598912 -0.0245909 -0.15606 -0.333679 -0.0842227 0.0126005 -0.178362 -0.0272836 0.149084 0.156851 -1.38287 -0.0620203 1.6416 0.880357 0.447082 1.31876 1.50955 -1.00572 -0.25076 0.380001 -0.801309 -0.729495 -0.908163 0.248928 0.233441 1.52347 0.553025 -0.416973 1.26632 -0.145005 -1.14898 -0.587756 0.467266 0.44419 -0.973379 -0.772209 
3.01443 -0.431011 -0.682814 -0.494214 0.0306626 -0.0648851 -0.3208 -0.0672247 0.0404078 -0.173543 -0.0832678 0.016804 0.107415 -0.969228 0.00200358 1.68402 1.02022 0.222967 1.01285 0.605306 -1.32321 0.5828 1.61303 -0.285025 -1.33492 -1.09632 0.698981 0.811597 1.34366 -0.20393 -0.865061 -0.213081 -0.0179446 -0.475762 -0.471817 0.833747 0.357395 0.105345 -0.350774 
2.99188 -0.372435 -0.579143 -0.558715 -0.0470054 0.0172541 -0.237278 -0.186853 -0.155793 -0.246968 -0.0568358 0.0803808 0.112542 -0.47422 0.260888 1.74523 1.19102 0.331316 0.711042 -0.0236275 -1.48789 1.03474 2.2157 -0.245513 -1.46714 -1.26452 1.06463 0.60404 0.0199604 -0.306792 -0.555447 -1.78695 -1.02212 0.649472 1.34428 1.86637 0.325181 0.0278695 0.0850258 
2.97687 -0.390423 -0.522687 -0.46303 -0.0401571 0.0231866 -0.139157 -0.144524 -0.115682 -0.233784 -0.0899039 0.0492838 0.0509776 -0.0606422 0.547102 1.89722 1.18653 0.156317 0.51515 -0.352128 -1.57586 0.672067 1.85187 -0.424205 -1.34232 -0.926418 1.18143 0.459641 -1.19395 -0.558669 -0.0403975 -2.21402 -1.87807 0.832044 1.90763 1.8405 0.310175 0.142558 0.512544 
2.9583 -0.411642 -0.532364 -0.53695 -0.0352142 -0.0154859 -0.283463 -0.183091 0.0332535 -0.0120303 -0.0142913 -0.00501213 0.0288756 0.28854 0.77292 1.71349 0.846435 -0.176716 0.0189661 -0.225655 -0.97409 0.68424 2.01092 -0.213101 -1.10809 -0.839153 0.860332 0.232562 -1.34584 -0.0157535 0.331421 -1.17553 -1.03218 0.600921 0.400732 -0.574589 -0.38432 0.47127 0.870215 
3.03958 -0.333632 -0.497717 -0.461231 -0.031726 -0.0742232 -0.313648 -0.203089 0.0428596 0.00491223 -0.0775615 -0.0251296 0.0386556 0.450375 0.697519 1.06925 0.503695 -0.183366 -0.565342 -0.579671 -0.729289 0.932456 1.9638 -0.0779368 -0.653209 -0.511559 -0.0289726 -0.28948 -0.952477 -0.220785 0.193958 0.265723 0.330622 0.586972 -0.924537 -1.89227 -0.205346 0.583719 0.622023 
