2.74048 -0.443746 -0.401329 -0.465433 -0.258066 -0.272114 -0.127613 0.0720951 -0.0414485 -0.179925 -0.0543824 0.048188 0.0449496 -0.058033 0.00268415 0.763184 0.688422 -0.0374633 0.375588 0.203357 -1.18916 -1.28505 -0.174514 0.213393 -0.243278 -0.307851 0.111764 0.217565 0.505438 0.277286 -0.0187272 0.198505 -0.252427 -1.35698 -1.0403 -0.278791 0.0240568 -0.36847 -0.0494852 
2.71802 -0.480399 -0.36421 -0.396569 -0.247581 -0.225677 -0.0200322 0.108225 -0.0942851 -0.16323 -0.0193206 0.0669709 -0.0214739 -0.231317 -0.176088 0.533284 0.683307 0.0014503 0.0765343 0.310946 -0.442358 -0.84854 -0.234127 0.294637 -0.43709 -0.593398 -0.0768919 -0.0526616 -0.688901 -0.490546 -0.0400792 -0.692392 -0.410827 0.242583 0.413745 -0.646717 -0.534795 -0.504806 0.147503 
2.73507 -0.41649 -0.241499 -0.361013 -0.285631 -0.232056 -0.192963 -0.117558 -0.180477 -0.147613 0.0211962 0.0301338 0.0438521 -0.183515 -0.126134 0.220337 0.311006 -0.0664181 0.203546 0.374335 -0.321258 -0.329105 0.0347944 0.351504 -0.357862 -0.632585 -0.325638 -0.579464 -1.94093 -1.1322 -0.000679493 -0.834656 0.629879 2.51433 2.12333 -0.341261 -0.724337 -0.0329971 -0.152318 
2.79254 -0.384873 -0.313649 -0.427833 -0.214468 -0.176955 -0.110846 -0.10474 -0.199914 -0.16842 0.00716862 -0.00114353 -0.0299 -0.040616 -0.0185044 -0.148783 -0.105195 -0.0181368 0.264155 -0.0868149 -0.929606 -0.613319 -0.0503538 0.647428 -0.0728845 -0.549123 -0.343103 -0.513115 -1.58802 -1.03455 -0.209986 -0.524138 0.0462021 1.77511 1.847 0.228331 0.114501 0.680281 0.0563649 
2.69525 -0.491694 -0.365488 -0.390953 -0.288969 -0.281224 -0.0835681 -0.0067727 -0.161137 -0.252511 -0.0937521 0.0286985 0.0412787 0.0585146 0.0854054 -0.402795 -0.493074 -0.351357 -0.0640985 -0.054833 -0.615575 -0.2436 0.176445 0.722859 -0.236033 -0.677827 0.446474 0.449893 -0.410287 -0.917707 -0.200517 0.345043 -0.369296 -0.229503 0.485289 1.09761 1.21145 0.559596 -0.332998 
2.6919 -0.488057 -0.378687 -0.395371 -0.249434 -0.303741 -0.0749552 0.156488 -0.0498268 -0.197847 -0.000866064 -0.017288 -0.0629477 0.186703 0.0632863 -0.671617 -0.771873 -0.0987723 -0.326381 -0.40497 -0.48686 -0.0626231 0.365381 1.12914 0.0321324 -0.743504 0.767377 0.718704 0.663157 -0.277171 -0.0842234 0.539259 -0.776432 -2.23947 -1.4259 0.93248 1.38109 0.585758 -0.119008 
2.73502 -0.441953 -0.393787 -0.469652 -0.273971 -0.205132 -0.0728405 0.0211614 -0.0311893 -0.120194 0.00641887 0.034603 -0.0283317 -0.0450964 -0.153576 -0.340192 -0.478235 -0.050149 -0.546888 -0.231431 -0.190793 0.0655222 0.16429 0.738082 0.399147 -0.610806 0.265718 0.337914 1.54152 0.780976 0.154653 -0.485046 -0.98137 -1.76173 -1.71714 -0.183015 0.319425 0.101511 0.19011 
2.75743 -0.427086 -0.405946 -0.481682 -0.24891 -0.204987 -0.190283 -0.173934 -0.229537 -0.193779 0.0813835 0.0826439 -0.0159901 0.0198812 0.0410089 0.194018 -0.280517 -0.451595 -0.968784 -0.510591 -0.199704 0.320245 0.565752 0.825632 0.569184 -0.288214 -0.287286 -0.232559 1.2327 1.05284 0.0288591 -1.21948 0.31409 1.04557 0.41646 -0.349862 -1.09666 -0.110679 0.335103 
2.75073 -0.423851 -0.378322 -0.478663 -0.341997 -0.285421 -0.082667 -0.00484663 -0.113076 -0.119255 0.0602016 -0.0207735 -0.0842662 0.63301 0.183786 0.580889 -0.20219 -0.561591 -0.0182858 -0.487077 -0.388411 0.134367 0.908235 1.00181 0.118797 -0.368387 -0.289725 -0.690988 0.629012 0.930782 -0.262578 -0.245144 0.396398 1.79022 1.23619 -0.397617 -1.36892 -0.0589196 0.80094 
2.76055 -0.450385 -0.376273 -0.454701 -0.216528 -0.272255 -0.16696 -0.070411 -0.178168 -0.113554 0.171559 0.0698147 -0.100814 0.618096 -0.00565821 1.04832 0.189979 -0.989524 0.155851 -0.442379 -0.354972 -0.218916 0.400912 0.425207 0.326234 0.407015 0.26437 -0.289816 0.3015 0.280517 -1.13695 1.08909 0.688522 1.76769 1.34415 -0.0107211 -1.06513 -0.444654 0.913117 
2.70366 -0.454914 -0.266347 -0.394988 -0.27024 -0.319893 -0.180354 -0.109361 -0.15951 -0.215335 -0.0151153 0.076455 -0.00463109 -0.215643 -0.414483 0.786849 0.290352 -0.661963 0.0990352 0.339986 0.942551 -0.106269 -0.183147 -0.0490589 0.257749 0.584614 0.107882 -0.156521 -0.740776 -0.614944 -0.591236 2.05457 1.03645 0.93804 -0.0519202 0.037745 0.0762852 -0.181185 0.631721 
2.75295 -0.425567 -0.344574 -0.463018 -0.34086 -0.38582 -0.117445 0.0422262 -0.0364316 -0.0972446 0.0549409 0.0756279 -0.0346046 -1.03456 -0.636198 1.05284 0.296163 -0.526963 0.210849 0.425281 0.702661 0.239759 0.286594 -0.397234 0.259085 0.871458 -1.36751 -0.398926 -0.274659 -0.353425 0.623958 1.31326 0.32174 -1.02408 -1.66777 -0.517311 0.119684 0.147784 0.508783 
2.82261 -0.48031 -0.316989 -0.434842 -0.370758 -0.15004 -0.125544 0.0212012 -0.0862741 -0.0733894 0.103068 -0.029008 -0.0627198 -1.90868 -0.866859 1.29279 0.941429 0.430439 0.772135 0.329654 -0.394438 -0.00680988 0.168018 -0.915316 -0.013133 0.926879 -2.99506 -0.441549 0.355344 0.552211 2.05316 -0.743224 0.19749 -1.75204 -0.918548 -0.255736 -0.77246 0.126783 0.0034744 
2.79474 -0.453698 -0.232884 -0.404234 -0.396189 -0.207064 -0.158019 -0.0142367 -0.148186 -0.156969 0.0649996 0.0911796 0.0539958 -2.4572 -0.954309 1.36351 1.37275 0.73413 0.696555 0.255091 -0.695806 0.526342 0.383764 -1.21847 -0.555929 0.701708 -2.78688 -0.562544 0.616583 1.48883 2.74488 -1.17285 -0.64436 -2.30775 0.520924 0.529077 -0.944707 -0.654707 -0.837243 
2.61909 -0.50359 -0.365462 -0.474981 -0.283539 -0.218115 -0.00298173 0.0958429 -0.167604 -0.220598 0.0141635 0.0953026 0.0380069 -2.56301 -0.954075 1.34956 1.70359 1.68999 1.05932 0.179828 -1.11446 0.343128 0.777396 -0.753696 -1.02807 0.120972 -0.507718 -0.0256936 1.25152 2.09212 1.58052 -0.512646 -1.25071 -1.87822 1.56682 1.14412 -0.68113 -1.55037 -1.10754 
2.55069 -0.518326 -0.211415 -0.425673 -0.309534 -0.277813 -0.161899 -0.134514 -0.162 -0.0599018 0.0403374 0.0760413 0.047287 -2.86896 -0.954466 1.43914 2.07247 2.26272 0.976869 0.0750621 -1.36668 0.356322 0.482738 -1.07021 -0.789709 0.15421 1.64943 0.424192 -0.21092 0.997732 0.469122 0.675494 -0.0968419 0.87042 1.54136 0.526244 0.302154 -1.0436 -0.995672 
2.46279 -0.558239 -0.157132 -0.239777 -0.144151 -0.183797 -0.0825917 -0.143865 -0.0949178 -0.0999271 -0.0873654 -0.0420385 -0.00709093 -2.39316 -0.641365 1.25671 1.8415 2.16558 0.0883647 -0.375373 -1.11762 0.834158 0.600822 -1.00856 -0.680281 0.0650503 2.89189 0.746809 -0.994805 -1.04346 -1.23232 0.624839 -0.233797 1.9008 0.147811 -0.164258 1.30198 0.387648 -0.0174103 
2.47891 -0.559269 -0.171767 -0.236561 -0.165031 -0.237173 -0.184923 -0.148775 -0.0119094 -0.086038 -0.0493444 -0.0115817 0.0103308 -0.617877 -0.181425 1.33746 1.58608 1.35642 -0.00941539 -1.15163 -1.11251 0.329428 0.0966817 -0.78403 -0.690547 0.0633847 3.07627 1.08327 -0.762697 -2.03546 -2.11187 -0.519441 -0.438974 1.56978 -1.69631 -1.52818 0.83343 1.65523 1.00431 
2.50936 -0.538035 -0.143857 -0.231107 -0.114582 -0.131982 -0.105295 -0.132123 -0.0843439 -0.0403892 -0.0239434 -0.104856 -0.0342269 5.51637 2.04205 1.02005 1.01103 -0.787617 -1.52585 -2.28886 -1.06258 -0.249962 -0.378699 -0.78193 -0.598483 0.104052 7.029 2.61782 -0.834784 -2.25764 -3.52063 -3.04899 -1.78063 0.312433 -2.13949 -2.04549 -0.128257 1.62529 1.02327 
2.46764 -0.554442 -0.19728 -0.24034 -0.11774 -0.148671 -0.0805125 -0.057254 -0.0351087 -0.0669435 -0.0347986 0.0208024 0.0156852 14.1934 4.03249 -0.834598 0.246598 -3.3225 -2.63905 -2.58054 0.684526 -0.470548 -0.794806 -0.568929 -0.0110243 -0.0781457 15.4594 4.55967 -1.12863 -1.19134 -5.26048 -4.16847 -2.88231 -0.329081 -1.6304 -1.00312 -0.474574 0.391881 -0.0054028 
2.54246 -0.537634 -0.150231 -0.266602 -0.158804 -0.22497 -0.220605 -0.108393 -0.0416955 -0.0742733 -0.0327492 -0.0243104 0.0276317 21.8069 5.17127 -1.98393 -0.810971 -5.8536 -3.82864 -2.9298 2.07728 -0.204509 -0.0900764 -0.172925 0.683405 -0.0545655 21.0378 4.62415 -2.64283 -0.33833 -5.56602 -3.23359 -1.21141 1.89433 0.454141 0.68692 -0.418233 -0.0430583 -1.01389 
2.72763 -0.460514 -0.0703298 -0.258832 -0.253925 -0.281802 -0.317727 -0.180753 -0.22635 -0.253906 -0.0741107 0.0515763 0.100208 27.0702 5.43579 -2.83024 -1.14089 -7.08478 -4.25224 -2.46921 3.11913 0.270121 0.865139 -0.129815 1.06485 -0.312441 18.2243 1.93563 -3.61417 -0.403729 -4.00654 -1.07123 1.05845 4.03676 3.0119 3.50134 0.669911 0.156857 -1.51566 
3.82847 -0.0479451 -0.213337 -0.332998 -0.526647 -0.598125 -0.415422 -0.175739 -0.202644 -0.18737 -0.126427 -0.0529294 0.00562895 29.9187 4.92407 -3.17776 -1.69091 -7.45431 -4.32915 -2.58629 3.75293 0.843162 1.87758 0.303341 1.33244 -0.458146 3.93631 -3.33945 -1.73464 -0.578727 0.318015 2.62168 2.80988 3.94024 3.03044 4.13135 1.59219 0.858541 -0.705033 
4.94216 0.0575974 -0.427036 -0.274098 -0.797785 -0.581269 -0.462183 0.0705795 -0.102285 -0.100616 -0.0580137 0.0297381 -0.0421928 29.9679 4.02096 -3.30299 -1.79736 -6.93077 -3.62577 -1.9758 3.92857 1.10712 2.81236 0.542046 1.13863 -0.797197 -11.7794 -6.07063 1.11398 -0.926059 4.32366 3.49692 2.63179 0.684719 1.29836 2.57642 1.15408 0.806798 0.336849 
5.34253 0.00340168 -0.458661 -0.358798 -0.892907 -0.616529 -0.392729 0.263621 0.0286966 0.00871845 -0.0630245 0.0641664 -0.0223984 26.0368 2.79402 -3.411 -1.22835 -5.62988 -2.9786 -0.723861 4.13608 1.58018 2.76229 0.374432 1.49115 -0.884216 -19.0397 -4.91585 2.63442 0.241744 5.65039 2.47664 1.11148 -2.83051 -1.13286 -0.655509 0.0504417 0.146212 0.610398 
5.56281 -0.0348414 -0.51257 -0.392536 -0.920498 -0.627236 -0.347111 0.287121 0.0446655 0.138527 -0.0174603 0.130551 -0.0422113 18.1098 1.25211 -2.33549 -0.773721 -3.39099 -1.79353 0.281966 3.31318 1.45394 2.41823 -0.474704 0.973075 -0.669144 -18.793 -1.72511 3.10097 1.5789 4.75127 0.954627 0.297218 -4.29199 -2.60097 -3.769 -2.09636 -0.889191 0.754676 
5.71398 -0.096764 -0.458438 -0.489773 -0.873075 -0.5847 -0.429742 0.298988 0.00040366 0.195085 0.0500016 0.107164 -0.0447257 7.39343 -0.89793 -0.13719 0.078158 0.213519 -0.948422 1.03902 1.15144 0.608879 0.140952 -1.16171 0.437279 -0.322205 -14.4029 0.756092 2.61403 2.72298 3.77267 -0.796227 0.728844 -4.30508 -1.9886 -5.38635 -3.37477 -1.86113 0.232804 
5.78486 -0.105527 -0.509421 -0.448999 -0.889876 -0.607997 -0.408592 0.275577 0.0167536 0.18889 -0.00552619 0.138094 -0.0511294 -0.972172 -2.47748 2.61621 0.437003 3.64294 -0.188985 1.0986 -1.98487 -1.26425 -1.94684 -1.64398 -0.47478 0.311351 -10.8662 -0.584989 3.69418 2.20104 4.49602 0.282481 0.797835 -3.99645 -2.04163 -5.15699 -2.22016 -2.06928 0.541942 
5.66082 -0.0578496 -0.529729 -0.323068 -0.885418 -0.720195 -0.35503 0.291881 0.0327594 0.0331903 -0.0889323 0.17834 -0.0547369 -5.38618 -3.85846 3.81685 0.393354 6.09447 0.978796 1.19195 -3.98227 -2.63919 -3.06435 -1.37814 -1.13712 0.82133 -7.5444 -3.6 4.16095 -0.451728 5.6081 2.351 0.616429 -3.84051 -2.25767 -2.34195 0.502538 -1.85044 1.117 
5.36661 -0.0334528 -0.375772 -0.339515 -0.791506 -0.633225 -0.310072 0.185486 -0.091862 -0.00611378 -0.275408 0.0564658 -0.0117531 -8.53711 -5.42677 3.93439 0.0494153 7.61918 2.308 2.18422 -3.70106 -1.94282 -3.14148 -0.896906 -1.21956 0.808348 -3.17132 -5.59563 1.63759 -2.32746 4.65557 3.71977 0.79748 -1.31425 -0.470009 1.21019 3.62761 -0.0260874 0.726582 
5.14383 -0.155843 -0.251336 -0.268145 -0.489376 -0.749241 -0.27323 0.0146959 -0.0532943 -0.247836 -0.243838 -0.0226279 -0.0793532 -10.7983 -6.5565 3.76689 0.0872657 8.34068 3.36388 3.35039 -3.49961 -1.59845 -2.56948 -0.619852 -0.945431 0.769473 -0.156498 -4.47281 -1.65467 -2.75549 1.05922 4.25596 1.41942 2.18297 1.21165 4.42594 3.64261 1.57965 0.272612 
4.95954 -0.452761 0.0209464 -0.301024 -0.251108 -0.492113 -0.314355 -0.18635 -0.296679 -0.282117 -0.169692 -0.00461241 0.0656349 -10.7953 -7.36844 3.39872 -0.985814 8.35085 3.66713 3.32428 -2.84269 -1.241 -1.58288 0.21544 -0.374053 0.620285 1.76017 -0.58217 -4.69309 -1.60063 -2.87138 0.990386 1.79289 4.73798 3.45832 4.54662 1.44761 2.43297 -1.15117 
4.83809 -0.636252 -0.04155 -0.467279 -0.087774 -0.384595 -0.222193 -0.212174 -0.321088 -0.171675 -0.0789946 -0.0334392 0.109519 -9.38166 -7.7322 2.29253 -1.89053 7.00001 3.63771 2.84544 -0.988274 -0.532612 -0.147747 0.905232 0.0578147 0.416033 2.59166 2.72633 -4.11207 0.190884 -5.34554 -2.36503 0.207002 5.15528 3.14779 2.20179 -1.01693 1.98151 -1.60453 
4.62737 -0.788803 -0.176421 -0.484771 -0.0230725 -0.250996 -0.0242866 0.0454881 -0.0216915 -0.0660127 -0.0241302 0.0527082 -0.00803595 -7.19198 -6.95875 0.0930268 -2.13165 4.41975 3.60189 1.74655 1.30974 0.531349 0.862817 1.49085 0.453145 0.578246 3.81589 4.19764 -2.21001 0.495644 -5.83153 -3.44445 -2.99387 3.05337 0.459377 -0.124539 -1.84086 -0.0392521 -0.185505 
4.39566 -0.829404 -0.109734 -0.378645 0.0280721 -0.214559 0.0542794 -0.0583613 -0.142248 -0.084676 -0.122406 0.0560049 0.0138473 -5.77713 -4.71965 -1.61439 -1.88313 0.877079 3.32802 -0.0987974 3.33204 1.19337 1.29108 1.15607 -0.00776288 0.936588 4.37304 3.98759 -1.50398 0.343333 -5.51794 -2.39887 -5.56127 2.25509 -0.0928015 -1.57361 -0.400413 -1.81914 1.0696 
4.48096 -0.871194 -0.12686 -0.531359 0.0281006 -0.352717 -0.040155 -0.0456961 -0.130379 -0.107521 -0.0934107 0.140913 0.00342705 -5.15232 -1.91552 -2.81339 -0.7575 -1.25552 2.46809 -2.66106 3.32421 1.62837 0.489645 0.506016 -1.10023 1.16668 1.96328 3.67023 -1.06305 1.39356 -4.16381 0.976222 -6.36325 0.190855 -0.814994 -1.63554 0.32065 -3.27538 2.3492 
4.43677 -0.941802 -0.16474 -0.550632 -0.0658525 -0.348769 -0.0823793 0.196768 -0.0957762 -0.0632972 -0.0962288 0.0758113 0.00970375 -2.91696 2.47503 -2.3666 -0.0365882 -3.7128 1.19823 -5.59643 1.3193 0.988095 -0.0128752 0.399133 -1.74868 1.48467 1.13097 6.13839 -0.623386 1.72753 -2.96959 1.10759 -5.57884 -3.66232 -0.622599 -0.999313 0.621179 -2.76354 1.72905 
4.44881 -0.926166 -0.326513 -0.567553 -0.172778 -0.145313 -0.22279 0.267587 -0.0550238 -0.0378613 -0.0406906 0.000798701 0.121037 1.64872 5.75639 -2.55572 0.143873 -5.84679 1.27048 -7.48956 -0.20752 -0.0420617 -0.037891 0.335867 -2.57945 1.41581 3.86436 7.78034 0.411663 1.68599 -2.38585 -0.199468 -2.93229 -5.5183 -0.635053 -0.0213544 -0.0867889 -1.00897 -0.657659 
4.31986 -0.807328 -0.345135 -0.485708 -0.352608 -0.169819 -0.432543 0.32558 -0.0216771 -0.152069 -0.0256331 -0.105303 0.160284 5.76541 7.44115 -3.22588 0.221347 -6.71604 1.82831 -7.87774 -0.361728 0.601047 0.350951 0.17391 -2.9621 0.831824 8.99184 6.31283 0.607514 0.368616 -1.31625 -0.744377 0.479701 -4.79324 -0.824292 1.3706 -1.02162 0.725395 -2.37181 
4.13913 -0.706552 -0.365914 -0.392189 -0.268029 -0.0554607 -0.688441 0.0665557 -0.109096 -0.193831 -0.0814738 -0.204768 0.25573 8.33961 8.17601 -2.93972 0.833903 -6.77593 1.72217 -6.35901 -1.13714 0.656954 1.09972 -0.342538 -3.14963 0.542329 11.8634 1.64826 0.160675 -1.17972 -0.776621 -1.34729 4.40707 -0.0515821 0.471347 2.39881 -1.09283 1.64348 -2.93346 
4.52097 -0.0764781 -0.323467 -0.483281 -0.591697 -0.305909 -0.834116 -0.168442 -0.0876356 -0.0627487 0.00222977 -0.161821 0.18024 10.4427 8.00721 -2.26085 1.0019 -6.24156 0.364928 -4.14653 -1.59305 0.330386 1.66286 -0.656825 -2.21438 0.0922269 6.77308 -5.40757 -0.0539796 -0.535066 1.64479 -0.589601 7.01209 4.35436 0.837709 1.90222 -1.27599 1.33645 -1.29436 
5.14571 -0.0303389 -0.490426 -0.456141 -0.80019 -0.05823 -0.818696 -0.0121601 -0.102332 -0.026583 -0.0572578 -0.210666 0.0573257 11.447 6.7542 -1.39223 0.884183 -4.8044 -1.42191 -2.03917 -0.516095 0.428 2.01135 -1.05049 -0.924544 -0.344076 -2.15228 -7.44763 1.15196 0.126773 3.97832 -2.45889 6.08142 4.5235 0.739199 0.641035 -0.498968 1.66579 1.08823 
5.37377 -0.0873242 -0.554315 -0.457237 -0.742986 -0.0222404 -0.838968 0.0589175 -0.00357328 -0.0189234 -0.145077 -0.250629 0.062438 11.4209 4.7543 -0.823056 0.183075 -2.57215 -2.36821 -0.336835 0.944129 0.683959 2.10359 -1.17416 0.41416 -0.576195 -7.94307 -5.4094 2.37301 0.277956 4.8352 -3.85362 2.94623 2.89543 -0.119384 -0.967895 0.359308 2.28707 1.6355 
5.46438 -0.0986755 -0.493069 -0.449242 -0.784554 -0.17659 -0.66412 0.0367848 0.00485172 0.10616 -0.141091 -0.281803 0.126325 8.97713 2.89854 -0.27358 -0.113564 -0.686121 -3.16656 1.08356 2.31394 0.879326 1.31741 -1.30791 1.41021 -0.850038 -9.12262 -1.67324 2.05729 -0.289299 5.06828 -2.61682 -0.868166 0.483061 -0.592612 -2.49518 0.370414 2.59655 0.490227 
5.50717 -0.0896726 -0.469317 -0.387138 -0.839182 -0.307177 -0.552238 0.124616 -0.068829 0.136016 -0.131466 -0.191696 0.127319 3.93759 0.719748 0.664498 0.0687992 2.12087 -3.1748 1.76588 2.01393 0.539037 0.0676294 -1.6385 1.56682 -0.448327 -7.10773 1.31399 1.45226 -1.13151 3.91269 -0.467078 -2.30447 -1.93032 -0.29912 -2.85556 0.012957 1.36795 -0.903741 
5.54424 -0.0770838 -0.460145 -0.39842 -0.712863 -0.408126 -0.653757 0.247331 0.0093508 0.0879611 -0.157302 -0.104823 0.153895 -0.430956 0.465662 2.46521 -0.565182 4.41698 -4.52097 2.29872 -0.144314 0.245218 -0.610907 -1.54107 1.7716 0.0115701 -5.12002 0.69524 1.33232 -1.18389 2.90661 1.64331 -0.230347 -4.03435 -0.614715 -2.10797 -0.628364 -0.731482 -1.12491 
5.54849 -0.067172 -0.40664 -0.485063 -0.542188 -0.467148 -0.722347 0.267265 0.0242783 0.0299161 -0.174496 -0.0439999 0.101822 -2.23554 -0.0800382 3.79555 -1.26548 4.91916 -3.65929 2.53012 -1.51015 -0.793828 -0.751051 -0.651149 1.56376 -0.687293 -3.53041 -1.13077 2.16886 -0.962055 1.24979 2.16764 2.14808 -4.86 -1.19885 -0.152773 0.127349 -2.20116 -0.530027 
5.38015 0.0350637 -0.408319 -0.465629 -0.496306 -0.479989 -0.655529 0.17209 -0.0127275 -0.0299832 -0.229288 -0.00823451 0.0375293 -4.08951 -0.652426 4.42302 -1.56702 5.66907 -2.81692 2.43865 -2.55675 -0.537785 -1.56096 -0.0619386 1.41362 -1.3202 -1.72398 -2.77631 2.76231 -0.736686 -0.0734145 1.27162 2.91383 -3.36056 -0.876618 1.1224 1.72806 -1.95627 -0.0717821 
5.22221 0.0389329 -0.30099 -0.457758 -0.407714 -0.502952 -0.575921 0.0400426 -0.0351306 -0.0631613 -0.259611 -0.069499 0.0564213 -5.89455 -1.1546 4.9286 -1.68995 5.51859 -1.72694 2.22749 -3.16445 -0.448446 -1.46443 0.563607 0.328663 -1.31997 -0.94331 -2.68312 1.61036 -0.178562 -1.28787 1.05367 0.859193 0.0981656 -0.132616 1.14821 2.70268 -0.871891 -0.186416 
5.18343 -0.0811109 -0.122161 -0.564371 -0.165772 -0.636245 -0.403068 -0.137397 -0.0318472 -0.0515348 -0.301768 -0.0773217 0.115503 -6.79584 -1.60223 4.88321 -1.16576 4.44139 -1.11449 2.57106 -3.32941 -0.627085 -0.987337 1.30176 -0.473708 -1.29233 -1.221 -0.820275 -0.796909 1.05152 -2.44612 1.26684 -2.09714 3.00615 0.879618 0.38245 2.47666 -0.30534 -0.326194 
5.2091 -0.212847 0.019272 -0.635148 -0.247156 -0.476468 -0.389941 -0.126886 -0.185836 0.0406596 -0.105287 -0.098296 -0.0367282 -6.1176 -2.03297 4.33811 -0.49254 2.98637 -0.892299 2.30773 -2.38101 -0.554742 -0.442184 1.98897 -0.582404 -1.19856 -0.695791 1.11312 -2.77705 1.98589 -2.48832 0.285318 -2.93874 3.55688 1.43991 -0.243813 0.616471 0.0371216 0.293541 
4.92753 -0.193914 0.0508402 -0.57884 -0.11847 -0.630841 -0.33813 -0.164607 -0.00638821 -0.119546 -0.0826985 -0.00582255 -0.0501441 -3.71908 -2.25613 3.08949 0.0567148 1.84633 -1.45574 2.02295 -1.08527 -0.0387989 -0.200232 2.29768 0.284855 -1.26561 3.09736 1.53402 -3.69258 2.01873 -2.94857 -0.384121 -1.59353 2.66751 0.405482 0.436511 -0.755762 0.626756 0.332044 
4.71494 -0.18882 0.0950985 -0.574583 -0.135481 -0.52815 -0.461405 -0.0830951 -0.0592993 -0.0744442 -0.0630019 -0.139361 0.000138289 -1.21983 -1.39468 0.717554 1.51877 -0.225395 -2.24768 1.99776 0.352278 0.206405 0.0231458 2.16119 0.925345 -1.23877 7.28735 1.22147 -4.07387 2.14276 -3.00546 -2.29249 1.2304 1.20428 0.0779968 0.657285 -1.35828 1.84978 0.155207 
4.70003 -0.208972 0.0747083 -0.521767 -0.136603 -0.572192 -0.411894 -0.11217 -0.0502307 -0.0617767 -0.0273584 -0.145736 -0.0257999 1.1957 -0.144246 -1.88111 3.53745 -3.26236 -2.05312 1.68748 1.76254 -0.344057 0.554904 1.71723 0.978955 -0.829648 8.65308 1.13955 -4.16073 2.51356 -4.04548 -2.13541 2.32769 0.957551 -0.866041 1.12618 -1.31252 1.81383 0.398017 
4.84679 -0.25031 0.0743214 -0.504064 -0.213315 -0.609823 -0.401634 -0.0464203 -0.0805602 -0.0341404 0.0182282 -0.0694184 -0.0807678 3.5081 0.434894 -3.33689 4.59371 -5.14834 -2.04128 2.07126 2.20422 -1.32723 1.41944 0.92326 0.647157 -0.205792 5.90095 1.25312 -3.47868 2.79406 -5.03958 0.045431 1.69666 0.997028 -2.20423 1.67137 -0.716909 -0.0607406 0.653976 
5.09718 -0.254113 -0.0348222 -0.453163 -0.223025 -0.782878 -0.258229 -0.0579407 -0.0107974 -0.06791 -0.0110232 0.107392 -0.114548 5.87498 0.125516 -3.74571 4.96914 -7.02396 -1.02508 2.50695 2.1546 -2.80742 2.75266 0.787228 0.0631608 5.86809e-05 0.844131 0.649248 -1.17462 1.99439 -4.39736 2.75058 -0.0228577 0.565544 -3.02794 2.0911 -0.246438 -2.55355 1.19537 
5.21996 -0.157489 -0.220598 -0.241281 -0.43351 -0.902882 -0.160822 0.0151778 -0.0409938 -0.0221359 -0.0129652 0.0438414 -0.064799 6.65869 -0.253788 -3.60793 5.07569 -7.57332 -0.542737 2.92037 1.6466 -3.32778 3.13113 0.703451 -0.222866 0.174164 -2.4156 -1.1542 2.06772 -0.590194 -1.47286 4.48405 -1.37875 -0.658786 -2.87638 2.00051 0.217098 -3.29931 0.878725 
5.35642 -0.113219 -0.364511 -0.0558769 -0.769861 -0.733279 -0.20793 0.134189 -0.218973 0.0983936 0.00215117 -0.0132789 -0.0184278 5.84859 -0.516304 -2.99713 4.75564 -7.35992 0.412436 2.47004 1.35984 -3.77997 3.25023 0.674389 -1.08703 0.484858 -3.60264 -2.30286 3.93606 -2.69369 2.75497 2.63043 -1.05509 -2.1288 -0.616062 0.37849 0.423469 -2.03413 0.0489895 
5.41266 -0.169025 -0.318206 -0.0627449 -0.875078 -0.669923 -0.158484 0.137378 -0.377216 0.207444 0.0327882 -0.0857978 -0.0573078 4.23567 -0.702206 -2.19215 4.14247 -6.4203 1.29108 1.98019 0.644927 -3.75435 3.06883 0.580747 -1.90368 0.699375 -3.10072 -1.68705 3.16892 -2.86349 4.81567 0.25391 -0.8125 -2.20584 1.78508 -1.50409 0.123186 -0.0734752 -0.257288 
5.4515 -0.248463 -0.282268 -0.0190755 -0.948084 -0.626973 -0.100767 0.0701105 -0.395327 0.274116 0.0353094 -0.124748 -0.0147231 2.58305 -0.903574 -1.05527 2.98778 -5.09323 2.15669 1.22559 -0.0848797 -3.36151 2.57585 0.456454 -2.26723 0.691229 -2.11796 0.121812 1.08948 -2.09012 4.62707 -1.3056 -0.594252 -1.44745 2.86252 -2.66424 -0.469164 1.23289 -0.408753 
5.46827 -0.298514 -0.260465 -0.00266196 -0.95261 -0.605099 -0.098806 0.0519117 -0.43205 0.29405 0.0552864 -0.172461 -0.000388233 1.4441 -0.872184 -0.205858 1.40663 -2.76244 1.93772 0.802069 -0.823721 -2.18812 1.36253 0.173621 -1.51873 0.230395 -1.45319 1.83663 -0.65729 -1.183 2.85601 -1.4135 -0.617658 -0.429383 2.63311 -2.67623 -0.914079 1.54723 -0.441212 
5.47074 -0.301836 -0.275359 0.0294137 -0.949192 -0.608819 -0.100819 0.0594655 -0.455286 0.27623 0.0788406 -0.191731 -0.0166552 0.325884 -0.172195 -0.0382396 0.232891 -0.448973 0.793531 0.601607 -1.12281 -0.874542 -0.168113 -0.0807281 -0.811797 -0.23463 -1.10655 2.39736 -1.05357 -1.24042 1.69049 -0.815266 -0.772547 0.267152 1.65124 -2.18394 -0.955676 1.49686 -0.647065 
5.47762 -0.285746 -0.29394 0.0411116 -0.969659 -0.593067 -0.0824439 0.0244096 -0.446165 0.272937 0.0536018 -0.184978 -0.0124749 -0.757973 0.99265 -0.444459 -0.475339 1.04856 0.271625 -0.0841646 -0.940267 0.19283 -1.62543 -0.498869 -0.0132442 -0.416896 -1.53254 2.11522 -0.481287 -1.79294 2.10931 -0.796682 -0.856655 0.549969 0.994022 -2.01948 -0.628786 1.22478 -0.870439 
5.47864 -0.257133 -0.302645 0.0243215 -0.985171 -0.554503 -0.07909 -0.027356 -0.415432 0.244178 0.00919572 -0.176909 0.00390031 -2.10768 1.80836 -0.459666 -1.45778 2.96816 -0.345655 -0.581309 -0.609585 0.631303 -3.03078 -0.738452 0.878838 -0.906981 -2.40383 1.3001 0.208085 -1.91002 3.32119 -1.11005 -0.920871 0.71849 0.595159 -2.19255 -0.156865 1.2044 -0.84369 
5.45203 -0.195895 -0.332322 -0.0138215 -0.91507 -0.595502 -0.094942 -0.0104481 -0.391215 0.175883 0.00386707 -0.146782 -0.0458798 -3.67073 1.83603 0.284295 -2.7565 4.79602 -0.87112 -0.398215 -0.593591 0.916408 -3.85984 -1.00374 1.63272 -0.948514 -3.27251 -0.123295 1.39314 -2.12907 4.12611 -1.0588 -0.360231 0.395615 0.169482 -1.89608 -0.00369891 1.15497 -0.244052 
5.39245 -0.134972 -0.344927 -0.0669887 -0.829304 -0.629956 -0.120114 0.0199653 -0.413528 0.100283 0.017138 -0.14128 -0.0919463 -5.93825 1.31639 1.62257 -3.74964 6.20117 -1.06537 -1.02124 -0.46335 1.5378 -4.01744 -0.943395 1.37812 -0.784594 -4.21773 -1.66434 2.74936 -1.92111 3.63378 -0.610405 -0.201306 -0.0624692 0.558065 -0.716328 0.055729 0.373896 0.534101 
5.2736 -0.0684658 -0.339577 -0.138792 -0.711798 -0.618157 -0.17238 -0.00719429 -0.345739 -0.00144351 -0.0351797 -0.0932549 -0.0860076 -8.707 0.122455 3.60215 -3.45565 6.93841 -1.24452 -2.27906 -0.254283 2.28351 -4.19855 -0.993605 0.97728 -0.613981 -4.99838 -3.13692 4.18935 -0.349075 1.51179 -0.093554 -1.00229 -0.198754 1.15794 0.713891 0.0336471 -0.980933 0.9825 
5.11613 -0.0748039 -0.293471 -0.219488 -0.460243 -0.692416 -0.178142 -0.00949172 -0.336851 -0.149721 -0.038169 0.000782203 -0.131257 -10.5685 -1.33857 4.9597 -2.71111 7.06265 -1.00711 -2.74723 -0.474638 2.33128 -4.00304 -0.954324 1.01427 -0.452169 -4.42203 -3.61295 4.09057 1.93357 -1.52214 0.905989 -1.88339 -0.393261 1.2651 1.78115 -0.0670772 -1.76146 1.00981 
4.94011 -0.14896 -0.142418 -0.392331 -0.288212 -0.728772 -0.0851434 -0.0407967 -0.342463 -0.178283 -0.0654868 0.0365659 -0.0908372 -10.9867 -2.67141 5.6424 -2.1017 6.45023 0.263917 -2.73371 -0.989367 1.49065 -3.71184 -0.540606 0.943927 0.0502909 -1.70891 -2.77887 1.78776 3.65999 -3.37508 2.15274 -1.96158 -0.516731 -0.23174 1.33558 0.451153 -1.16863 0.444238 
4.61517 -0.19835 0.0138694 -0.429766 -0.223266 -0.698762 -0.285219 -0.0172129 -0.199272 -0.148434 -0.0342476 -0.115587 -0.0764214 -8.82989 -3.783 5.41245 -1.0663 4.96121 1.18113 -2.40336 -1.39592 0.902966 -2.666 -0.418936 0.51249 0.445912 4.27191 -1.48811 -1.64136 3.43666 -3.8396 2.67442 0.476537 -0.941526 -2.6034 0.832572 0.57364 0.358175 0.162406 
4.27351 -0.337729 0.261396 -0.254854 -0.212178 -0.713753 -0.488005 -0.0242301 -0.0809524 -0.242656 -0.113713 -0.113839 -0.0734224 -5.38946 -3.69954 4.27119 0.271545 2.29459 0.725601 -1.21316 -1.16135 0.720089 -1.66643 -0.168202 0.237885 0.282571 10.2548 0.846984 -4.95328 1.49629 -4.00629 1.24479 3.71763 -0.595312 -3.11211 1.10677 0.797796 0.979633 -0.13632 
4.19242 -0.433586 0.263304 -0.227908 -0.155593 -0.655535 -0.410356 -0.108689 -0.173255 -0.27411 -0.10793 0.00664862 -0.0950401 -1.51204 -2.15465 1.95677 1.30652 -0.58167 0.158454 0.0996717 -0.838476 0.361912 0.0977316 0.173917 -0.376075 0.299872 12.1265 3.46368 -6.0688 0.184733 -4.39866 -1.84712 4.85331 0.743136 -1.37795 2.41326 0.721641 -0.220165 -0.267687 
4.23066 -0.474269 0.244783 -0.307955 -0.11685 -0.460953 -0.376106 -0.150851 -0.365545 -0.350998 0.000803164 0.0176378 -0.0509883 2.24107 0.0610785 -1.27169 2.51959 -3.31796 -0.138696 1.2479 -0.226843 -0.566305 1.72748 0.504089 -0.560178 0.0259208 9.13036 5.47219 -5.90681 0.548694 -5.25477 -4.12281 3.93878 1.99457 0.763496 4.22776 0.119806 -1.41787 -0.481087 
4.59569 -0.549786 0.190576 -0.236851 -0.206545 -0.47477 -0.351338 -0.175815 -0.320107 -0.225765 -0.0676458 -0.0616589 -0.029195 5.25632 1.86085 -3.45548 2.4617 -5.25404 -0.422105 2.85191 0.33419 -1.78504 3.3076 0.718409 -0.502449 -0.0730733 2.20343 5.74996 -4.13163 0.741667 -4.65526 -3.01013 1.39763 2.44594 0.570629 4.27545 0.356634 -1.61683 -0.515763 
4.77698 -0.41565 0.109227 -0.150536 -0.431024 -0.744707 -0.169008 -0.0948921 -0.173237 -0.243242 -0.0698468 -0.00804787 -0.107181 6.80137 3.09295 -4.58619 1.89899 -6.31695 -1.06851 4.12973 0.360623 -1.68897 4.42716 1.28771 -0.991402 -0.239919 -2.9394 2.74902 -1.1242 0.292803 -1.96163 0.247165 -0.586931 0.794635 -0.818419 2.77333 0.559118 -0.957695 -0.115432 
4.88092 -0.203597 -0.0772107 -0.157387 -0.530745 -0.816047 -0.0852411 -0.0675828 -0.241727 -0.0108182 -0.00334965 -0.11961 -0.0732528 5.81274 3.72022 -4.40863 2.20815 -7.34318 -1.09833 3.58154 0.620493 -0.904422 5.07435 1.04339 -1.2897 -0.194354 -5.0898 -1.18645 1.96315 -0.3709 0.394809 2.81603 -1.37164 -0.98193 -0.90135 -0.157197 0.270308 0.609296 0.0537311 
4.94852 -0.0617451 -0.297764 -0.0166414 -0.764933 -0.705197 -0.0974059 -0.00761742 -0.369343 0.138581 0.00535745 -0.136281 -0.0863153 3.66737 3.56056 -3.48699 2.13285 -7.21254 -0.751879 2.57648 0.863275 -0.460222 5.13686 0.67885 -1.03475 -0.0955833 -4.94023 -3.71187 4.44397 -1.37339 2.47168 2.9556 -1.88047 -1.63741 0.483371 -2.42139 -0.220727 1.18341 0.502648 
4.94217 -0.0697741 -0.226485 -0.067616 -0.856091 -0.659511 -0.0795223 0.0193322 -0.443082 0.233953 0.0214238 -0.154818 -0.0818655 1.10252 2.79605 -2.06282 1.28944 -5.94486 0.651594 1.11706 0.998007 -0.7554 4.20281 0.711741 -0.757507 0.421482 -3.26374 -3.60381 4.11654 -1.13592 2.96911 1.80118 -2.59108 -0.717173 1.84685 -2.99585 -1.02667 1.02494 0.908501 
4.9813 -0.130159 -0.179589 -0.06585 -0.86095 -0.770457 0.090429 -0.128765 -0.318521 0.184561 0.0928467 -0.149143 -0.114605 0.197067 1.21147 -0.670417 0.710833 -4.18777 1.97736 -0.622591 1.19934 -0.962155 2.97544 0.710899 -0.827341 0.887703 -1.54119 -1.78099 2.34327 -0.94991 2.6794 0.99487 -3.51786 1.67327 0.997043 -2.52788 -0.956105 0.337513 1.08874 
4.8665 -0.090096 -0.210296 0.0244599 -1.02506 -0.615497 -0.0186799 -0.0895225 -0.324115 0.267493 0.0205495 -0.112053 -0.0747971 0.437685 -0.289499 0.642591 0.683517 -3.03868 2.01837 -1.68286 1.84561 -0.594297 1.03028 0.813807 -0.652949 0.861033 1.31684 -0.765772 0.599931 -0.729943 2.69183 -0.129089 -2.86218 2.71123 -0.502379 -2.12704 0.400395 -0.873995 0.671312 
4.82692 -0.105098 -0.144583 -0.0355118 -1.0098 -0.569637 -0.112628 -0.00454364 -0.354614 0.288178 0.0168291 -0.123904 -0.0348174 0.982904 -0.867078 1.25615 0.317867 -1.51246 1.52669 -2.49476 2.48099 -0.213846 -0.299708 1.09555 -0.93557 0.944305 3.22359 -0.347867 -0.681243 0.270429 1.84088 -0.865832 -1.43686 2.33734 -1.03842 -2.1131 1.34809 -1.19826 -0.255209 
4.83288 -0.123335 -0.0977727 -0.0793809 -0.987516 -0.527134 -0.194598 0.0471819 -0.344436 0.275722 0.0114607 -0.164706 0.0297473 0.0884724 -0.176896 0.813546 0.635239 -0.258836 1.1326 -3.17767 2.84812 0.167363 -1.41072 1.21517 -1.1359 0.710856 1.59905 0.384932 -0.856102 0.80153 1.61712 -1.66841 0.227039 0.697481 -0.176569 -2.11701 1.49574 -0.778414 -1.20323 
4.94199 -0.146222 -0.123594 -0.0449162 -0.970714 -0.545836 -0.250238 0.144546 -0.37385 0.202528 0.091253 -0.19794 0.00997831 -1.86415 0.398427 0.32349 0.5841 2.1723 1.26795 -3.32149 2.26195 0.0978335 -2.9552 0.818646 -0.454447 0.127272 -3.21495 1.35182 -0.887224 0.679193 3.03142 -1.18215 1.41484 -2.22411 1.24457 -2.45496 0.00458704 0.863435 -1.62022 
5.08848 -0.192099 -0.120298 0.0329961 -1.03316 -0.547368 -0.283029 0.234717 -0.42722 0.152003 0.159666 -0.237968 -0.00596802 -3.91656 -0.113012 0.00976139 0.426971 4.9249 1.5984 -2.20909 0.334089 0.463218 -4.18594 -0.278005 0.264893 -0.160485 -8.28338 1.26346 -0.862897 -0.0883982 5.14813 1.03154 1.66434 -4.66826 1.75947 -2.15847 -2.83229 2.54283 -0.98692 
5.11257 -0.17043 -0.119494 0.00285959 -0.964755 -0.542034 -0.354153 0.280259 -0.401956 0.114076 0.178633 -0.270249 0.00440994 -6.50157 -0.931716 -1.01445 -0.212444 6.12901 2.08429 -0.656513 -1.35901 1.62428 -4.05303 -1.22215 0.947318 -0.199147 -9.4576 -0.867965 -1.07993 -1.50933 5.4014 2.43222 2.62866 -5.41648 1.96103 -0.85293 -4.11573 2.98543 0.0346887 
4.72608 -0.0225126 -0.118416 0.0377446 -0.848671 -0.587693 -0.373927 0.225203 -0.282304 0.0132947 0.172711 -0.266498 -0.0390264 -8.58906 -2.44742 -2.02064 -1.29282 6.72901 2.32916 0.167347 -2.06511 3.07502 -3.26922 -1.74371 1.54498 -0.296645 -4.9174 -4.28948 -1.75189 -2.85676 2.58601 2.54239 2.61561 -3.11484 2.06876 1.6979 -3.06611 1.85538 1.00922 
4.41385 -0.0313834 -0.17454 0.0229315 -0.461279 -0.483066 -0.330638 0.0113922 -0.281055 -0.245608 0.0654334 -0.0554334 -0.1203 -9.57338 -4.22641 -2.86416 -2.54091 6.22241 2.44525 0.386739 -2.81843 3.95647 -2.3009 -1.76546 1.91644 0.184449 1.52678 -6.00552 -2.17606 -3.17792 -3.12198 0.439247 1.13303 0.865992 2.03743 4.31575 0.457809 -0.640477 1.59056 
4.20791 -0.217994 -0.176092 0.0168635 -0.276138 -0.251497 -0.2918 -0.140891 -0.28752 -0.225324 -0.187875 -0.0282102 -0.0150273 -9.43531 -5.36059 -3.48931 -3.56888 5.23326 2.36653 0.884896 -2.89146 4.19663 -1.11453 -1.71694 2.32724 0.435342 5.85219 -4.21422 -1.87284 -2.47929 -6.75447 -2.24286 -0.445178 3.59329 1.16435 4.36158 3.77246 -1.5374 0.768804 
4.02492 -0.366849 -0.314453 -0.195917 -0.311915 -0.276596 -0.140929 -0.134286 -0.0738582 -0.0905505 -0.129559 -0.0535676 0.0223805 -7.6605 -6.16141 -3.73135 -3.75878 3.66187 2.3271 1.54516 -1.83306 3.32053 -0.198216 -1.21043 1.97226 0.701748 6.6971 -0.464844 -0.291165 -0.115102 -5.91712 -2.48048 -1.32266 3.82608 -1.63255 1.92905 3.69614 -1.28985 -0.0134804 
3.98838 -0.591535 -0.41813 -0.286288 -0.303741 -0.309451 -0.236236 -0.00495013 0.0992501 -0.0431901 -0.0567869 -0.0453225 -0.0180085 -4.87997 -6.41425 -3.62329 -3.87334 1.68848 2.1617 1.70172 -0.436585 2.82318 1.02626 -0.758351 0.592764 1.03588 4.24463 3.32482 1.31856 1.797 -2.95991 -1.03108 -0.0231006 1.99972 -3.43471 -0.293212 1.19449 -1.32037 -0.274337 
4.04709 -0.756169 -0.504363 -0.336072 -0.431726 -0.32973 -0.315792 -0.0815149 0.0576712 -0.0643349 0.0564705 -0.0312259 0.0501358 -3.3926 -5.13926 -3.28386 -3.3202 -0.320577 1.10543 1.24348 0.721896 2.4751 1.82245 -0.0197847 -0.392552 1.39494 0.983315 4.9181 2.02254 2.51237 0.501368 0.444998 1.03897 0.562548 -2.90421 -1.13004 -1.60243 -1.17611 -0.14704 
3.99484 -0.724565 -0.519139 -0.388298 -0.434418 -0.305703 -0.206849 -0.0653217 0.0346421 -0.00334423 -0.0144489 0.0535201 0.022394 -3.37889 -2.60382 -2.70515 -2.36546 -0.55887 0.120832 0.608762 0.475257 1.74567 1.29451 0.513637 -0.302135 0.915719 -1.72238 4.51767 1.71791 2.26196 1.60631 0.381633 0.0996573 -1.02289 -0.908143 -0.755705 -2.02074 -1.24063 0.353444 
3.98414 -0.728467 -0.52637 -0.362014 -0.367853 -0.233931 -0.114487 0.0523554 -0.0755887 -0.0591688 -0.0118947 -0.0250239 0.0493089 -0.957945 2.4373 -1.63356 -2.27683 0.258098 -0.133188 -1.10021 -0.328798 0.342279 -0.00465743 -0.142511 -0.43542 0.198342 -0.382677 6.4714 0.95076 -0.0362613 1.33215 -1.31024 -2.56543 -2.32642 0.888307 -0.694335 -0.764835 -0.193928 -0.556371 
3.92936 -0.752648 -0.541366 -0.404261 -0.387529 -0.193732 -0.10937 0.0343571 0.0754284 0.0124857 -0.0921009 -0.187565 0.0670869 3.34369 6.83147 -2.05224 -2.42199 0.76034 -0.374247 -2.20719 -0.444192 0.205895 -0.664017 0.243615 -0.731836 0.0973653 6.00321 8.58128 -0.516563 -1.49433 1.03637 -2.13708 -4.8962 -1.6545 0.496441 -1.60481 1.48931 1.08248 -1.30462 
3.79339 -0.701143 -0.590338 -0.382723 -0.397242 -0.272301 -0.177159 -0.0177976 0.0825251 0.00599536 -0.0807599 -0.0730382 0.143283 6.75972 9.3276 -2.56172 -2.57736 1.14034 -0.651169 -3.20824 0.094383 1.06141 -1.27651 0.865474 -0.96277 -0.138711 12.1256 8.13878 -1.68463 -2.15107 0.276879 -1.28966 -4.38974 0.190173 0.225821 -2.06573 2.7871 0.450747 -1.37535 
3.58208 -0.544599 -0.578346 -0.368926 -0.325934 -0.306319 -0.226196 -0.162564 0.0768356 -0.00323486 -0.0613168 -0.0195706 0.0808845 9.73468 10.053 -3.14587 -2.5228 0.811593 -0.93103 -4.44038 0.4631 1.46878 -1.85263 1.78739 -0.934584 -0.0925938 13.0553 3.49092 -2.30907 -1.16047 -0.686882 0.139797 -1.81733 2.90111 0.479944 -1.50087 2.57245 -0.339144 -0.285804 
4.23338 0.186781 -0.554136 -0.67583 -0.259709 -0.368949 -0.517196 -0.155053 0.00589897 -0.160804 -0.0737607 -0.100559 -0.0599508 11.8787 9.73962 -3.39123 -2.47318 0.474995 -1.24732 -4.71406 0.663032 1.77399 -1.91842 2.05024 -0.363767 -0.207688 4.93132 -5.27252 -1.67009 1.75084 -1.37201 1.14876 1.93652 3.34562 0.978647 0.0895437 1.26969 -0.369619 1.26625 
4.93865 0.312306 -0.848264 -0.641476 -0.289563 -0.363698 -0.611638 0.00531524 0.128928 -0.153188 0.14244 -0.127733 0.036159 12.9948 8.38627 -3.25604 -2.0467 0.357343 -1.221 -4.06697 1.38759 1.35003 -2.10721 2.06624 0.0692811 -0.21481 -5.20343 -9.34459 1.06907 2.58177 -1.18034 0.873104 3.75099 1.23669 0.432212 1.1323 -1.56258 0.287176 1.10112 
4.99136 0.288442 -0.874821 -0.642453 -0.324753 -0.35337 -0.5837 0.0420379 0.211213 -0.216332 0.178409 -0.14021 0.0563147 12.7165 5.93461 -2.78942 -1.61948 0.156345 -0.922699 -2.87488 2.08171 1.36896 -1.70681 1.40435 -0.208222 -0.104798 -9.13365 -8.1221 2.57946 2.14435 -0.231026 -0.0516924 3.40478 -0.611917 -0.8099 1.56614 -2.98742 1.16121 0.456908 
5.05845 0.271546 -0.899868 -0.616785 -0.347211 -0.339736 -0.628892 0.107026 0.179144 -0.224093 0.17065 -0.116772 0.0602636 10.6357 2.70464 -2.20802 -0.920753 -0.0878367 -0.869782 -1.45213 2.33177 1.34041 -1.02966 0.570938 -0.0888552 0.37587 -7.63242 -4.144 2.85433 0.670816 0.7021 -0.654553 2.3531 -1.66261 -1.11164 1.32865 -2.90882 0.808485 -0.336127 
5.16887 0.229274 -0.89558 -0.622914 -0.32468 -0.38138 -0.60373 0.091724 0.212755 -0.212687 0.123079 -0.108434 0.05717 6.23291 -0.71714 -1.28112 0.133922 -0.0706941 -0.944118 0.235133 1.82665 1.00931 -0.109933 -0.315261 0.299409 0.650028 -3.26445 -0.361809 1.81327 -0.525805 0.787819 -0.668902 0.955577 -1.08201 -1.12415 0.833126 -1.60021 0.0250306 -0.458245 
5.21876 0.212619 -0.885513 -0.620208 -0.325716 -0.40436 -0.588211 0.115045 0.212782 -0.225995 0.0925536 -0.0851842 0.0592134 3.40919 -1.16146 -0.0262992 0.00539643 0.175711 -1.16099 0.80761 1.13487 0.279042 0.131802 -1.32144 0.249402 0.252166 -0.838123 0.31657 0.276826 -0.238805 0.335361 -0.263551 0.553076 -0.332405 -0.508234 0.691156 0.0264977 -0.55762 0.0162318 
5.2473 0.203539 -0.873694 -0.631763 -0.311423 -0.42922 -0.576787 0.145606 0.206823 -0.209969 0.0494521 -0.0746863 0.0687505 3.00917 -0.950615 0.038482 0.0857634 0.239145 -1.22128 0.983677 0.965535 -0.00954735 0.409258 -1.32688 -0.00553636 0.172494 -0.730188 0.360758 -0.23793 0.196095 -0.232831 0.188804 0.401627 -0.0893722 -0.213013 0.178091 0.758325 -0.842497 0.0245604 
5.29614 0.183629 -0.866869 -0.647684 -0.29105 -0.451227 -0.551243 0.127598 0.218931 -0.188284 0.027784 -0.0904073 0.0665848 2.43189 -0.729219 0.0151777 0.212689 0.0857154 -1.22401 1.45193 0.866915 -0.0139708 0.322219 -0.907425 -0.376337 0.100144 -0.731792 0.435215 -0.508949 0.663008 -0.675172 0.404525 0.281501 0.230836 -0.180285 -0.305987 1.08774 -0.747647 -0.0865148 
5.35544 0.161187 -0.864615 -0.642183 -0.288306 -0.48525 -0.517336 0.156109 0.184508 -0.164671 0.0174188 -0.0943597 0.0737815 1.75955 -0.490657 -0.120811 0.550501 -0.36922 -0.94452 1.7449 1.00272 -0.397679 0.261332 -0.383342 -0.573978 -0.0289048 -0.953573 0.437727 -0.437025 0.831876 -0.921727 0.500408 0.489908 0.154988 -0.101767 -0.572115 1.05899 -0.457434 -0.302382 
5.37944 0.167774 -0.884465 -0.622668 -0.304365 -0.487329 -0.505068 0.179724 0.200306 -0.177567 0.0226629 -0.121389 0.0800446 1.1719 -0.381217 -0.100364 0.836697 -0.91932 -0.637234 2.24604 0.800223 -0.693724 0.34526 -0.156677 -0.553656 -0.252929 -1.27783 0.279545 0.0194135 0.700375 -1.10163 0.534022 0.922628 -0.0908237 -0.530516 -0.296047 0.606881 0.195853 -0.510297 
5.39028 0.169908 -0.896897 -0.600096 -0.323955 -0.484344 -0.483087 0.193568 0.20554 -0.182347 0.0267029 -0.143863 0.0744538 0.87739 -0.380422 -0.170815 1.31029 -1.64461 -0.204032 2.59166 0.698387 -1.05308 0.289632 0.120465 -0.398719 -0.324642 -1.04599 -0.0263113 0.323053 0.563249 -1.23551 0.637495 1.06532 -0.346256 -0.964658 0.19568 0.0913689 0.732099 -0.399471 
5.39299 0.166776 -0.89788 -0.576891 -0.342781 -0.513025 -0.412826 0.212407 0.192878 -0.201831 0.0590295 -0.161264 0.0606635 0.450544 -0.372993 -0.15393 1.59421 -2.238 0.565885 2.41257 0.706667 -1.36547 0.177018 0.222305 0.0336011 -0.265746 -0.527147 -0.283609 0.349302 0.38569 -1.20093 1.21319 0.256189 -0.484599 -0.978286 0.458072 -0.33517 1.09491 0.00616234 
5.38577 0.161772 -0.900507 -0.539864 -0.394591 -0.499424 -0.357439 0.23237 0.13356 -0.181967 0.0650414 -0.152535 0.0426397 0.0505428 -0.402658 -0.159702 1.78819 -2.56699 1.18535 2.23905 0.522686 -1.75253 0.235126 0.155537 0.533977 -0.102711 -0.0910931 -0.329154 0.079412 0.257996 -0.746691 1.47917 -0.785897 -0.326096 -0.701646 0.284585 -0.413274 1.14272 0.588015 
5.35075 0.154886 -0.866919 -0.525876 -0.458392 -0.480343 -0.268984 0.198258 0.102066 -0.149489 0.0237486 -0.117408 0.0183569 -0.307196 -0.469038 -0.104561 1.78922 -2.59775 1.62147 1.94099 0.383397 -2.22038 0.331034 -0.0406134 1.14535 0.221173 -0.0810432 -0.125777 -0.324553 0.0883474 0.0862512 1.33173 -1.70168 0.0263857 -0.390243 -0.144777 -0.191545 0.929153 1.05916 
5.40714 0.129948 -0.895061 -0.458151 -0.534321 -0.44488 -0.243574 0.220906 0.0585322 -0.151944 0.049692 -0.115059 0.0441772 -0.277231 -0.610198 -0.129309 1.676 -2.53075 1.9351 1.48609 0.378344 -2.48296 0.376323 -0.474422 1.61338 0.723948 -0.343946 0.0285958 -0.285922 -0.36557 0.864548 0.587144 -1.58556 0.125638 -0.216167 -0.243104 -0.483644 0.758779 1.10612 
5.38547 0.122288 -0.890387 -0.45061 -0.571365 -0.339756 -0.302876 0.236699 0.0391603 -0.167709 0.0490278 -0.0663047 0.0611488 -0.096571 -0.791052 -0.146599 1.33966 -2.19531 1.89594 1.16734 0.335036 -2.38044 0.399619 -1.0213 1.78844 1.03105 -0.0466213 -0.0976944 -0.106814 -0.705241 1.18674 -0.757265 -0.352064 0.0803866 -0.0146567 -0.0893419 -0.89749 0.251065 0.735521 
5.36568 0.11759 -0.908756 -0.407905 -0.595718 -0.327494 -0.264935 0.233917 -0.0365583 -0.14157 0.0338549 -0.0275442 0.0879906 0.281698 -1.07341 -0.195476 1.03045 -1.76024 1.77365 0.683737 0.454332 -2.02356 0.176951 -1.32372 1.69017 1.30678 0.657387 -0.481571 0.150062 -0.925182 0.955474 -1.16572 0.171095 0.127604 0.577853 -0.103256 -1.1052 -0.329991 0.204382 
5.3195 0.119954 -0.906818 -0.403075 -0.600755 -0.299869 -0.266876 0.236032 -0.0775997 -0.149958 0.0159837 0.0208622 0.124558 0.845951 -1.33023 0.0872595 0.657093 -1.3752 1.69562 -0.0418404 0.71324 -1.99132 0.0308504 -1.4238 1.39183 1.59201 1.52771 -0.832243 0.564436 -0.851186 0.442917 -0.836005 -0.105707 0.22544 0.797701 -0.118399 -0.760009 -0.915279 -0.119011 
5.37745 0.0827158 -0.912529 -0.396253 -0.634355 -0.281547 -0.258805 0.260052 -0.111554 -0.142815 -0.0503449 0.0476179 0.174146 1.15665 -1.35062 0.303666 0.174445 -0.788206 1.23278 -0.232102 0.707204 -1.50673 0.0804377 -1.45789 1.25948 1.33234 1.54047 -0.563341 0.623762 -0.597305 0.39752 -0.306078 -0.841729 0.286324 0.917302 -0.182409 0.349451 -0.979407 -0.459971 
5.40107 0.0488606 -0.90214 -0.423646 -0.625254 -0.322031 -0.190681 0.253265 -0.104791 -0.13365 -0.101915 0.0447181 0.155742 0.965063 -1.25268 0.801162 -0.399118 -0.338025 0.750653 -0.23685 0.820399 -1.1057 0.170055 -1.15837 0.784227 0.842562 0.188915 0.205281 0.865702 -0.649472 0.594652 0.189553 -1.3698 0.316918 0.68929 -0.0390461 1.27929 -0.648165 -0.741937 
5.44979 -0.0028618 -0.910118 -0.401756 -0.652141 -0.266383 -0.246616 0.285292 -0.102952 -0.158612 -0.113363 0.045284 0.18546 1.0554 -1.29125 1.27722 -0.890946 -0.0550881 0.432476 -0.31551 0.897883 -0.694457 0.213024 -0.924618 0.604841 0.460976 -1.09931 0.801133 0.969797 -0.859218 0.874997 -0.441662 -0.361969 0.0510448 0.379036 0.372787 1.33595 -0.132699 -1.01843 
5.51951 -0.0326313 -0.826991 -0.420294 -0.677222 -0.210659 -0.334792 0.313462 -0.183925 -0.153494 -0.113389 0.0359894 0.241563 0.738039 -1.14681 1.838 -1.1736 0.173678 0.203242 -0.502247 0.946316 -0.593625 0.339862 -0.489608 0.438357 -0.011151 -1.98013 0.885145 0.847616 -0.863087 0.857142 -0.976525 0.637617 -0.125453 0.372138 0.456092 0.858642 0.225607 -1.19842 
5.53333 -0.0135183 -0.86718 -0.435208 -0.617644 -0.258523 -0.30587 0.310139 -0.110841 -0.138052 -0.0898844 0.0807131 0.185421 -0.381016 -0.564983 2.37168 -1.21549 0.189023 -0.0856222 -0.429937 0.738659 -0.352961 0.389969 0.0838932 0.123354 -0.724591 -2.06589 0.645979 1.06968 -0.363229 -0.0194058 -0.894853 0.926978 -0.269813 -0.00540461 0.291227 0.232232 -0.175025 -0.980523 
5.38291 0.00513601 -0.761795 -0.519926 -0.596747 -0.252217 -0.300475 0.339608 -0.130542 -0.122117 -0.0673205 0.0415789 0.137385 -2.00614 -0.00770887 3.25862 -1.43979 0.136604 0.0903153 -0.366089 0.40798 -0.455551 0.454349 0.512715 -0.329842 -1.19639 -2.02102 0.573986 1.16112 0.244722 -0.650532 -0.249146 0.648182 -0.692474 -0.123172 -0.0162824 0.0951586 -0.742498 -0.78414 
5.47443 -0.0506206 -0.739681 -0.524363 -0.60786 -0.294469 -0.259052 0.340613 -0.15104 -0.106615 -0.112183 0.093763 0.166521 -4.92544 0.53387 4.1266 -0.740353 0.923895 -0.547428 0.10268 -0.302211 -0.49316 0.0407875 0.214737 -0.421309 -1.9612 -4.28726 0.960375 1.59775 1.23647 -0.00426823 0.243905 -0.0396793 -1.17192 -0.183887 -0.762383 0.0131512 -1.13834 -1.01308 
5.41948 -0.04222 -0.657862 -0.543888 -0.600085 -0.276239 -0.322542 0.362807 -0.181544 -0.103048 -0.0832064 0.0885549 0.136677 -7.45094 0.602203 4.1435 0.621997 2.02237 -0.727229 0.427502 -1.55089 -0.606316 -0.614737 -0.612956 -0.589968 -2.23765 -5.90844 0.742794 1.09336 2.49627 1.75482 0.0931801 0.0680991 -2.22386 -0.330421 -1.43362 -1.01637 -0.808791 -0.764009 
5.29023 0.0242181 -0.604336 -0.523732 -0.648236 -0.312865 -0.269755 0.328363 -0.131531 -0.102116 -0.0555099 0.019942 0.0428109 -8.70116 -0.641765 4.68944 1.93137 3.1197 -0.381673 1.03147 -3.31201 -1.43992 -1.1483 -1.42111 -0.51823 -1.37193 -5.05961 -1.23354 0.323588 3.29158 3.79414 0.00786155 0.79605 -3.44218 -0.936624 -1.66903 -2.13718 0.450402 0.659628 
5.08395 0.0406934 -0.433262 -0.608027 -0.635047 -0.222815 -0.28268 0.290666 -0.188385 -0.0955164 -0.0266425 -0.0482812 0.020799 -8.92144 -2.54737 5.02294 2.72041 3.4197 -0.109009 1.53827 -5.17508 -1.31133 -0.842345 -1.61639 -0.646996 -0.848883 -1.27994 -4.09497 -0.263218 2.93697 3.19354 0.00158054 1.52928 -4.16479 -0.794472 -0.542343 -2.10014 0.981034 1.98775 
4.6575 0.0685829 -0.33117 -0.395792 -0.436668 -0.360947 -0.272572 0.211924 -0.199801 -0.214634 -0.137954 0.0218013 -0.0677853 -9.16508 -4.50469 5.47542 2.39504 4.43411 0.149693 2.12524 -5.59491 -0.678925 0.388523 -1.05073 -0.138104 -0.854361 4.05133 -6.2872 -0.146869 -0.200996 0.945455 0.852881 1.85779 -2.62113 0.33962 2.42397 0.165379 1.13705 2.32633 
4.50918 0.0198553 -0.391226 -0.250464 -0.278119 -0.32575 -0.259113 0.0269344 -0.244739 -0.264167 -0.265083 -0.00393352 -0.0387229 -8.58198 -6.46955 4.83973 1.45963 5.03234 0.0615697 2.60357 -4.78822 0.285736 0.637992 -0.706814 0.589056 -0.455049 5.38655 -5.75443 0.211147 -3.80493 -1.11942 0.717703 1.17679 1.54326 2.30458 3.64993 2.84361 1.16551 0.888102 
4.50569 -0.265329 -0.233153 -0.202712 -0.153546 -0.278908 -0.0822313 -0.20098 -0.359083 -0.266463 -0.298097 0.0554797 0.120642 -7.32715 -7.77029 4.00781 0.31587 4.67021 -0.618691 2.43395 -4.06527 1.22091 1.45198 0.486349 0.971977 -0.258404 3.3584 -2.03014 -1.01809 -5.35438 -2.3759 -0.76302 -0.529478 5.08809 3.95061 3.09503 4.315 0.556049 -1.41431 
4.49244 -0.512803 -0.0875655 -0.259759 -0.296434 -0.254364 -0.0795343 -0.350922 -0.253678 -0.104128 -0.220432 -0.0456782 0.074923 -5.48977 -8.19626 3.02458 -0.523019 3.50245 -0.975952 2.37392 -3.16204 2.06515 2.00772 1.16691 1.1352 -0.0114138 0.732605 1.93655 -2.37707 -3.78272 -1.82871 -1.73114 -1.5044 5.662 2.79378 0.351935 2.92672 0.457522 -1.47803 
4.4144 -0.673873 0.0053504 -0.3886 -0.0636488 -0.264697 -0.00965114 -0.192215 -0.138807 0.115662 -0.0910426 0.131056 -0.0247886 -3.71927 -7.38524 2.36104 -2.26949 1.86838 -0.615543 1.27181 -1.63482 2.05963 1.89733 1.78203 0.571207 0.458543 -0.320078 4.60843 -2.96835 -0.562532 -2.42608 -1.62448 -2.52209 2.67784 -0.0519529 -2.89158 -0.139141 -0.975246 0.114845 
4.26456 -0.775812 -0.102546 -0.502732 -0.0205269 -0.301708 -0.0158855 -0.0197939 -0.0321872 -0.0896203 -0.09633 0.142762 -0.000554637 -3.21338 -5.50196 1.70655 -2.7043 0.678003 -1.18446 0.248351 -0.0884483 2.38645 0.586789 2.43566 0.866508 0.146955 0.963486 5.11748 -1.83309 1.80398 -2.50473 -0.277296 -2.44057 -0.694301 -2.35882 -3.55467 -1.66307 -1.18749 1.34386 
4.19871 -0.801584 -0.094596 -0.525008 -0.123504 -0.474339 -0.037719 -0.158575 0.0282848 0.0513003 0.0837245 0.0754625 -0.0556848 -3.29346 -3.05732 0.434581 -1.91619 0.272282 -1.29161 -0.480953 1.02873 2.5628 -0.861255 1.61308 0.652959 -0.406701 1.64612 3.85721 -0.512416 2.65293 -1.2141 1.4458 -1.24228 -0.96502 -2.54986 -3.89683 -2.8154 -0.38174 1.37278 
4.20073 -0.855776 -0.0585136 -0.469264 -0.145578 -0.397332 -0.00509871 -0.200798 -0.00450671 0.0241594 -0.0373144 0.103031 0.0261437 -2.97033 -1.52181 -0.701507 -0.993686 0.0251683 -0.869617 -0.63014 1.01973 0.632194 -2.44452 0.172813 0.480953 0.903761 1.12683 2.22323 -0.541669 1.94968 -0.197489 1.5426 -0.213989 -0.0210182 -1.86566 -2.52481 -2.13234 0.0109704 0.637935 
4.16948 -0.787125 -0.055977 -0.577174 -0.152976 -0.351594 -0.183299 -0.129967 -0.114123 -0.119056 -0.0852091 0.0272784 0.105233 -2.23637 -0.645333 -1.34544 -0.0783665 -0.77904 -0.0485405 -0.251739 0.474562 -0.000379812 -2.25081 -0.252555 -0.324515 1.07982 0.436956 0.303675 -1.22602 1.36629 0.93889 1.28113 2.02471 0.857292 -0.410453 0.668649 -0.760089 0.467001 -0.359064 
4.15777 -0.760873 -0.0870089 -0.506839 -0.16951 -0.443455 -0.151425 -0.131909 0.00179693 -0.276079 0.0489159 0.173388 0.0416862 -1.12658 0.152393 -1.007 0.763501 -0.864771 0.276021 -0.461668 0.442997 -0.54332 -1.70975 -0.547144 0.18723 1.22711 0.548031 -0.425169 -1.15072 0.512383 0.380847 0.857419 1.64431 0.824296 -0.42171 2.67657 -0.320984 -0.255453 0.121537 
4.07175 -0.766989 -0.10527 -0.410531 -0.104742 -0.392638 -0.0644243 -0.0939294 0.0707485 -0.2639 -0.114508 0.116241 -0.0277911 -0.54479 0.56728 -1.115 1.37719 -0.270624 0.709388 -0.765791 0.568858 -0.477164 -1.39688 -0.587231 0.578823 1.07522 1.51763 0.0296311 -0.0590785 0.2585 -0.366642 -0.10436 -0.301467 -0.550307 -0.227064 3.58955 1.43864 0.0250872 0.182591 
4.06755 -0.834504 -0.197401 -0.476638 -0.177462 -0.335625 -0.0918246 -0.120799 -0.234186 -0.294768 -0.19002 0.0824041 0.241765 -0.302414 1.12559 -1.57356 1.4143 0.100525 0.316329 -0.0647666 0.816371 -0.230554 -0.687014 -0.336603 0.309846 0.689128 1.67877 1.31152 0.814764 0.561523 0.243551 -0.676107 -0.959179 -0.507378 1.15665 1.99788 1.26319 0.356753 -0.862245 
4.07729 -0.83221 -0.247407 -0.475607 -0.144105 -0.280715 0.0343025 -0.0473662 -0.0102103 -0.0605207 -0.00635541 0.0572171 0.0455943 -0.0972614 1.58898 -1.90631 1.38336 -0.210574 0.337877 0.546184 0.279832 -0.213835 0.663346 -0.435714 0.335121 0.161723 0.748354 2.2264 0.461067 0.0410815 0.168352 -0.955401 -1.15707 -0.75784 0.22424 -0.422316 -0.206137 0.263496 -0.713331 
4.16501 -0.730413 -0.15792 -0.386882 -0.217385 -0.398514 -0.171674 -0.0414603 -0.0705243 -0.237518 -0.0818786 0.191326 0.15571 -0.509466 2.13772 -2.45971 0.913008 -0.446709 -0.0404764 0.104526 0.534978 -0.484736 1.81756 0.164852 0.561832 -0.0270605 -1.24348 1.63039 -1.34889 -0.692648 0.100312 -0.688562 0.865741 -0.191402 0.190536 0.193495 0.0771172 0.157905 -1.42657 
4.15795 -0.712835 -0.175478 -0.30083 -0.139752 -0.358503 -0.227936 -0.179942 -0.034454 -0.126257 -0.00935311 0.161723 0.0957456 -1.29824 2.96413 -2.60297 0.251108 -1.0659 0.12826 -0.111787 0.527804 -0.181906 1.94721 1.05511 0.539135 -0.950483 -2.87847 0.968751 -2.01641 -1.7553 -1.03961 0.253888 1.58585 0.921577 -0.362367 0.730689 0.0400991 -0.249844 -1.43016 
4.12876 -0.629022 -0.291287 -0.366655 -0.0965862 -0.36352 -0.00236962 -0.0160888 -0.0654969 -0.212319 -0.139998 0.0854456 0.130183 -2.45061 3.59749 -2.40385 0.0952561 -0.713882 0.289492 -0.0671186 0.700804 0.102374 1.575 1.44395 0.491605 -1.56051 -3.26499 0.144225 -0.945072 -1.65513 -1.33874 1.01918 -0.0502068 0.568273 -0.758018 0.978067 1.66786 -0.0317939 -0.747876 
4.09945 -0.541867 -0.354112 -0.41376 -0.232827 -0.328421 -0.0568262 -0.123702 -0.105426 -0.0841734 -0.132065 0.127044 0.0390367 -3.22848 3.20346 -1.92762 -0.519726 -0.236754 0.893797 -0.021785 0.610864 -1.55465 0.662521 0.938462 -0.502679 -0.437982 -2.22242 -0.717539 1.32497 -0.805609 0.544909 1.48344 -0.531217 0.686837 -0.759908 -0.55132 1.70479 -1.09192 0.513701 
3.95885 -0.527871 -0.486344 -0.37485 -0.22665 -0.468342 -0.11016 0.00495364 -0.0655398 0.0187258 0.0790352 0.278097 0.0280534 -5.33173 2.55431 -2.1136 -1.02627 -0.0814488 1.88751 -0.472241 2.12583 -1.56411 0.718931 1.46019 -1.30149 -0.362915 -1.51899 -1.20591 2.81153 -0.0770168 1.57662 2.06983 -1.77376 0.921521 -1.48179 -2.65376 -0.274893 -2.21169 2.13523 
3.82669 -0.426452 -0.45261 -0.460075 -0.320165 -0.24593 -0.0753815 -0.0244675 -0.0548617 -0.00669065 0.0248628 0.0958121 -0.0954675 -7.05775 2.02686 -1.2701 -1.01563 -0.253152 2.40095 -1.68939 2.67282 -2.2377 -0.184392 1.54993 -1.39072 0.172153 -1.95571 -1.91216 2.2507 0.730845 2.01384 1.24227 -2.3935 1.31703 -1.63353 -2.53183 -0.795541 -1.57016 2.6196 
3.76055 -0.383463 -0.435591 -0.442256 -0.195987 -0.261946 -0.0998759 -3.85628e-05 -0.159853 -0.0800337 0.0977751 0.141644 0.0354385 -7.65491 1.53178 0.104545 -0.385238 -0.176672 2.92184 -2.36663 3.14749 -2.17935 -1.25992 1.14664 -1.8437 0.560618 -2.23883 -1.45994 1.30846 0.897925 0.140595 0.682034 -1.548 2.12974 -0.407491 -2.05693 -1.80786 -0.912529 1.14707 
3.78162 -0.460037 -0.333728 -0.482337 -0.0966199 -0.189772 -0.0743222 -0.00871415 -0.321662 -0.130548 0.0216537 -0.0463978 0.147441 -8.34968 0.867558 0.778426 0.168287 0.405244 2.38945 -2.36046 3.19956 -1.64987 -2.45918 0.251617 -2.03709 1.01096 -2.2498 -0.464542 0.280532 1.32917 -1.48868 -0.910701 -0.85905 0.823491 1.70496 -0.942991 -1.36054 1.14131 -0.859178 
3.36662 -0.433067 -0.470855 -0.457939 -0.198561 -0.124594 -0.351553 0.328743 -0.211608 -0.14008 0.101797 0.00175242 0.107208 -7.98753 0.277501 1.40748 0.883985 0.205081 2.45514 -2.16706 2.3701 -0.908799 -2.8593 -0.853543 -2.2304 1.24439 0.649494 -0.280793 0.600312 1.57828 -1.10117 -1.86459 1.66245 -2.05987 2.64124 -0.289013 -1.38266 1.31706 -1.12781 
3.17361 -0.430103 -0.381207 -0.435135 -0.202328 -0.0583828 -0.38222 0.173395 -0.352599 -0.178657 0.115239 -0.00235287 0.0999668 -7.75945 -0.288041 1.36436 1.48675 0.0169084 1.55169 -1.63097 1.5476 -0.325707 -2.84179 -0.974708 -1.34022 1.121 2.61994 -0.35989 0.384555 1.08834 -0.466645 -1.60563 2.89869 -3.33417 2.80971 0.101545 -1.26944 0.744294 -0.842178 
3.2168 -0.368905 -0.282295 -0.399824 -0.233559 -0.0215015 -0.229551 0.382128 -0.28522 -0.346068 -0.0493944 -0.104708 0.124336 -7.86159 -0.464963 1.22098 1.2946 -0.417136 1.04452 -0.408754 -0.130356 0.612518 -1.66457 -1.33909 -0.815984 -0.0572832 2.00728 -0.916441 -0.333959 0.0789325 0.604092 -1.38843 2.45362 -4.69011 1.22088 1.89826 0.145792 1.13562 -0.528818 
2.99359 -0.429975 -0.339429 -0.361508 -0.184609 -0.194302 -0.34106 0.21218 -0.191326 -0.324378 -0.0190319 -0.0110688 0.103905 -7.44336 -0.457285 0.956736 0.984992 -0.376841 -0.0184717 0.810857 -1.47948 1.64163 -0.439755 -1.33436 -0.114277 -0.857559 1.07016 -0.713505 -0.503824 -1.33949 0.612234 -0.417346 2.36236 -3.06596 -0.0633537 3.06374 0.466792 0.432625 -0.913504 
3.01068 -0.470616 -0.28414 -0.260797 -0.231834 -0.0463495 -0.310854 0.183382 -0.119974 -0.31279 -0.0512413 -0.0871779 0.157041 -6.24214 -0.995432 0.836588 0.329079 -0.127934 -0.654365 2.29855 -2.80931 1.69046 0.597451 -1.40254 0.00225165 -0.718163 -1.00504 -0.280918 -1.24785 -2.42005 0.217891 -0.948253 1.38209 -0.750157 -0.363643 3.32116 0.860811 0.84554 -1.26483 
2.88071 -0.464169 -0.269397 -0.299426 -0.236308 -0.0432143 -0.222022 0.101073 -0.212963 -0.394159 -0.0489114 -0.058675 0.111067 -5.81174 -1.08958 0.511059 -0.0126587 -0.116301 -1.0337 2.23842 -3.13835 1.74786 1.50729 -0.919 0.336042 -0.83195 -0.347528 -0.0292636 -0.629809 -1.7631 -0.0180776 -1.05213 0.347201 0.273166 -0.297404 2.44846 0.640921 0.47394 -0.462664 
2.69381 -0.477862 -0.282397 -0.372767 -0.183298 -0.115877 -0.121929 -0.0519839 -0.174383 -0.175683 -0.0739865 -0.00650025 0.0224971 -5.56295 -1.13754 0.628875 -0.0499053 0.349757 -0.782739 2.13306 -3.49693 1.12006 2.15745 -0.274239 0.626262 -0.9148 1.46928 0.202535 0.347764 0.138748 -0.00752144 -0.166599 -0.659178 1.68031 -0.298113 -0.323001 0.433044 -0.0793917 0.772172 
2.62337 -0.498301 -0.291331 -0.402579 -0.185719 -0.2023 -0.103599 -0.00719087 -0.0503037 -0.114353 -0.0975631 -0.0449988 -0.0171418 -4.42413 -0.778996 1.0307 -0.0481009 0.572809 -0.28243 2.42973 -2.5417 0.590163 1.92439 -0.267333 0.40593 -0.804473 2.36723 0.336491 1.07052 1.69591 0.558561 0.993955 -1.30401 1.0014 -1.0408 -1.85044 0.604363 0.00943549 1.23776 
2.50848 -0.56775 -0.346571 -0.429135 -0.255207 -0.170832 -0.0694524 0.00668609 -0.0657225 -0.106692 -0.0694715 -0.00290238 0.0646273 -3.68403 -0.564071 1.03522 0.0430942 0.92253 -0.544294 1.9602 -1.95735 0.358138 1.58622 -0.0879346 0.552659 -0.700598 3.11163 0.74758 1.51744 2.08047 1.10677 1.66714 -0.898003 0.821401 -1.12158 -2.189 0.197704 -0.421466 0.651247 
2.51624 -0.517389 -0.229719 -0.367788 -0.226746 -0.183428 -0.108651 -0.161085 -0.137166 -0.120654 -0.0545009 0.00209924 0.03092 -2.36443 -0.451693 1.14742 0.573969 0.966995 -0.13737 1.32153 -1.20806 0.405166 1.1141 -0.0185406 0.31135 -0.255769 2.22261 0.525312 0.331671 0.814904 0.846757 1.0623 -0.219579 1.28956 -0.533222 -1.4229 -0.116632 -0.332958 0.0925732 
2.49951 -0.530631 -0.170659 -0.297633 -0.115478 -0.123329 -0.0208991 -0.0967419 -0.113617 -0.132498 -0.0700744 -0.0035751 0.0286335 -1.18351 -0.247067 1.21985 0.948536 0.872731 0.362209 0.837076 -0.590198 -0.0191107 0.0548486 0.0813356 0.128952 0.0875972 1.21471 0.250309 -0.869312 -0.571206 -0.246901 -0.093181 -0.432463 0.898036 0.152276 -0.121728 -0.187295 -0.19942 -0.180799 
