2.49967 -0.501157 -0.13347 -0.256561 -0.257909 -0.227175 -0.140875 -0.150907 -0.101463 -0.118747 -0.136115 -0.05199 0.0527448 1.44174 0.638944 -0.888471 -1.12247 -0.655124 -0.915407 -0.239918 0.444428 -0.101769 0.052854 1.33756 1.59802 0.331691 1.57107 0.740799 -0.643214 -1.05703 -0.78155 -1.39263 -0.823631 0.117507 -0.112704 0.171251 1.0964 1.63554 0.645994 
2.49743 -0.512168 -0.180108 -0.274933 -0.232454 -0.152661 -0.0592737 -0.117359 -0.10947 -0.151388 -0.0863859 -0.0412425 0.0118206 2.1987 1.04521 -0.88647 -1.32506 -0.927906 -0.879422 -0.0824638 0.505928 -0.781501 -0.55364 1.21787 1.59799 0.379141 2.02318 1.07039 0.00270259 -0.682746 -1.03872 -1.33677 -0.945331 -0.274441 -0.853689 -0.274522 0.282803 0.959373 0.86349 
2.54823 -0.478329 -0.223726 -0.351511 -0.301407 -0.275743 -0.103088 -0.0369525 -0.0713915 -0.0984616 -0.033132 0.0539775 0.0287589 3.16015 1.41181 -1.11012 -1.31989 -0.649423 -0.924828 -0.234003 0.684444 -0.984228 -0.871977 1.45675 1.707 0.0554477 1.93138 0.916195 0.350067 0.285396 -0.073612 0.161812 -0.13548 -0.348423 -1.30897 -1.03737 -0.379471 -0.439488 -0.0240003 
2.66639 -0.431526 -0.211662 -0.377932 -0.300559 -0.380396 -0.278794 -0.196132 -0.122363 -0.143267 -0.0256424 0.145231 0.138441 4.05681 1.91915 -0.917029 -1.36574 -0.815352 -0.968862 -0.248066 0.865453 -0.843643 -1.1216 1.37175 1.48597 -0.28031 1.30382 0.65381 0.452776 0.781323 0.50975 1.44118 1.17343 0.722648 -0.559461 -1.1496 -0.72046 -1.69237 -1.47843 
2.71134 -0.402306 -0.240156 -0.394083 -0.374316 -0.335454 -0.13671 -0.0712457 -0.124265 -0.0891263 0.0514969 0.14393 0.0936189 4.43341 1.96273 -0.942898 -1.35686 -1.24534 -1.36702 -0.61721 1.08678 -0.469411 -1.02939 1.21087 1.26543 -0.408285 0.558366 0.10206 0.226111 0.642838 0.544932 0.780462 0.286837 0.725197 0.793025 -0.665237 -0.786187 -1.56543 -1.58662 
2.79509 -0.354516 -0.213413 -0.400262 -0.37038 -0.277068 -0.105103 -0.0900475 -0.276805 -0.272184 -0.0533385 0.0754647 0.0800225 4.90312 1.97239 -1.09074 -0.971576 -0.814589 -1.05601 -0.643035 0.818879 -0.743043 -1.39386 1.1959 1.15485 -0.55117 0.0314474 -0.42986 -0.506579 0.311287 0.349743 -0.136502 -0.43737 0.418195 1.7108 0.51008 0.311002 -0.183139 -0.858479 
2.92007 -0.327771 -0.28981 -0.384247 -0.260681 -0.309889 -0.173408 -0.0455783 -0.20139 -0.238504 0.0569971 0.134591 -0.00594387 5.2684 1.69179 -1.36685 -0.188187 -0.955976 -0.719554 -0.378684 1.14315 0.202639 -1.06361 1.17603 0.336124 -1.12327 -0.0278406 -0.733716 -0.769545 0.403492 -0.850881 -0.890475 -0.718156 0.0014574 1.78963 1.20215 0.436339 0.225037 0.279672 
3.00897 -0.249242 -0.224712 -0.428923 -0.372477 -0.330224 -0.147172 -0.018623 -0.140543 -0.251265 0.024308 0.0987264 -0.0236323 5.60931 1.25023 -1.50316 0.681244 -1.27848 -0.466261 -0.282948 1.70961 0.983214 -0.5645 1.67569 0.195279 -1.03403 0.564643 -1.09369 -0.924059 1.51503 -0.758258 -0.344705 -0.644248 -0.297632 1.05049 1.23264 1.03221 0.39267 1.10628 
3.00628 -0.3022 -0.302262 -0.458334 -0.467134 -0.444517 -0.237517 0.024527 -0.0919016 -0.198935 0.0454411 0.136526 0.00921923 6.25501 0.776738 -1.60453 1.4212 -1.43116 -0.0437738 -0.900315 1.52771 1.46611 -0.845947 1.13923 -0.193582 -0.365301 1.53115 -0.851612 -0.285348 2.36047 -0.513988 1.51034 0.419904 0.279366 0.473176 0.199992 0.302304 -0.744925 1.05382 
3.15621 -0.260943 -0.374953 -0.414673 -0.304256 -0.321561 -0.175847 -0.0539205 -0.251477 -0.333153 0.127309 0.211146 -0.00538957 7.25192 0.181203 -1.73976 2.12521 -1.90919 0.511664 -1.29114 1.79444 1.52724 -0.23209 1.47207 -0.0561536 -0.000383309 2.16221 -0.899249 0.507276 2.15826 -0.928829 1.99396 -0.238976 0.824957 0.142482 -0.208049 -0.739365 -1.31481 0.945998 
3.29703 -0.25969 -0.409091 -0.331711 -0.490695 -0.431938 -0.214048 0.0764332 0.025857 -0.172276 0.129778 0.0864581 -0.0760716 8.72155 -0.384671 -1.97223 2.59821 -1.97946 1.22997 -0.986388 1.63362 0.473667 -0.272268 0.797623 -0.2064 0.808737 2.847 -0.915956 0.30432 0.907622 0.272236 2.25074 -0.357274 0.221943 -1.83497 -0.706167 -1.21579 -0.268919 1.12974 
3.42734 -0.279111 -0.376867 -0.228672 -0.514344 -0.368695 -0.240128 0.08492 -0.0291865 -0.201438 0.247134 0.168829 0.0461171 9.9753 -0.887147 -2.08462 2.75345 -1.20946 1.73578 -0.807728 1.42926 -0.0319654 -0.605746 0.531234 -0.191081 1.13844 2.81136 -0.76415 -0.128991 -0.848652 0.922112 1.0958 0.116237 -0.449197 -2.27728 -0.623976 -1.76558 0.14144 0.582866 
3.57562 -0.295791 -0.421496 -0.197306 -0.526183 -0.218818 -0.233031 0.127275 -0.0293404 -0.366315 0.0488089 0.0214718 0.058226 10.8826 -1.13173 -1.53379 2.71018 -1.06345 1.34215 -0.540229 1.04082 0.467327 -0.486865 0.0132249 -0.56097 1.41957 1.82981 -0.734964 -0.184434 -1.52185 1.29562 -1.4525 0.465281 -1.26854 -0.960371 0.56127 -0.510984 0.910483 0.414997 
3.83453 -0.328893 -0.446803 -0.140947 -0.571728 -0.201363 -0.34256 0.164175 -0.109149 -0.265927 0.188322 0.123731 0.0182473 10.2345 -1.13872 -1.03071 2.29919 -0.56841 0.864397 -0.537817 0.146768 0.421875 -0.146042 -0.25481 -0.719326 1.1043 -0.735651 0.0618205 0.516757 -1.32383 1.86232 -2.33733 1.23123 -2.25227 0.842939 0.461089 -0.135032 0.0614882 -0.284191 
4.12883 -0.362863 -0.556203 -0.127691 -0.524063 -0.200107 -0.259637 0.139644 -0.193372 -0.244813 0.101752 0.132344 0.127451 9.76869 -0.0601321 0.093797 2.05219 1.25423 -0.0426012 -0.0983881 -0.692791 -0.214416 -0.784793 -0.556811 -0.293113 0.343771 -3.23001 1.6296 2.42191 -0.271389 1.71117 -3.05185 0.670611 -1.79897 2.46423 0.330506 0.305819 -0.624782 -1.87284 
4.25207 -0.382531 -0.516386 -0.159008 -0.489538 -0.192965 -0.244412 0.130597 -0.129796 -0.353396 0.104619 0.114048 0.126911 8.56252 1.5331 1.7433 1.72173 1.88024 -1.38468 0.217316 -0.644079 0.855413 -0.167048 -1.0236 -1.0203 -0.948004 -4.13655 3.51445 3.91731 0.627795 1.79345 -2.33649 0.251342 -0.689503 1.70484 0.300001 -0.048907 -0.940946 -2.70694 
4.38734 -0.42991 -0.488594 -0.0964796 -0.563005 -0.363174 -0.272748 0.0949245 0.0632746 -0.253078 0.0944807 0.0574399 0.170093 8.45183 2.7465 2.61936 1.97969 2.23725 -2.36225 0.612782 -0.776495 1.13849 0.171504 -0.675444 -0.955107 -1.25154 -2.09206 4.34038 3.43546 0.798978 1.52211 -0.670009 0.323039 0.835136 -0.134398 -0.339546 -0.721009 -0.86459 -2.5572 
4.34643 -0.349479 -0.469566 -0.068536 -0.405059 -0.249578 -0.257483 -0.0570279 -0.0827588 -0.263458 0.148101 0.0527513 0.0283586 9.12144 3.26339 2.89994 2.36899 1.64153 -2.5995 0.425504 -0.892435 1.54699 -0.126625 -0.631877 -1.42105 -1.2025 2.54901 2.43463 1.22293 0.869469 -1.01772 -0.292383 -0.271782 1.8583 -0.395498 0.0967725 -0.153099 -0.23221 -0.194112 
4.53963 -0.141477 -0.265173 0.0153374 -0.261237 -0.461848 -0.230307 0.0342661 -0.0287135 -0.35671 0.0629401 0.0846754 -0.0599095 9.47071 3.41848 2.84563 2.53834 0.784257 -2.32968 -0.549232 -0.62238 1.5986 0.00412309 -0.0669745 -1.25199 -1.46426 4.75878 -1.14618 -2.35668 0.250772 -3.28602 1.30876 -1.0834 0.892229 -0.627266 0.439668 0.793217 0.172322 2.11096 
4.52438 0.0154839 -0.0638052 -0.00173028 -0.316591 -0.467719 -0.227102 0.115438 0.10684 -0.249572 0.00256495 -0.0794313 -0.117998 9.51643 3.12765 2.21591 2.48705 0.110964 -1.77172 -0.881977 -0.519251 0.881174 0.476735 0.107814 -0.964247 -1.17271 3.74503 -3.78054 -4.26725 -0.222499 -3.45588 1.81625 -1.74878 -0.562063 -0.913488 0.167887 1.67688 1.19744 2.61122 
4.9422 0.0135962 -0.211125 0.0990724 -0.310755 -0.46459 -0.177826 0.0692991 -0.000797243 -0.302241 0.0278011 -0.0257751 -0.0341575 8.63233 2.52919 1.56247 2.00887 -0.470471 -0.836622 -0.849948 -0.536847 0.164079 0.387593 0.416187 -0.736842 -0.724988 -1.93429 -3.63212 -2.77643 -1.05636 -2.111 1.63595 -1.43858 -1.23829 -0.540357 0.678565 1.38298 0.944241 1.24875 
5.33064 -0.066506 -0.262772 0.174634 -0.483241 -0.49083 -0.316807 0.016569 0.0378468 -0.280516 0.144728 -0.0230127 0.0187832 6.88166 1.56535 0.522038 1.80743 -1.32597 -0.61874 -0.777361 -0.371862 0.346757 0.693053 0.387521 -0.675609 0.203032 -8.05015 -1.23533 -0.621609 -1.39352 0.81748 1.34378 0.607799 -0.866369 -0.923377 0.439468 -0.0991027 0.395007 -0.333509 
5.36566 -0.058256 -0.275182 0.142186 -0.480964 -0.453883 -0.397704 0.0392665 0.065183 -0.277332 0.124651 -0.00320589 -0.0188029 3.9733 0.0752882 -0.0310475 0.951173 -1.19857 0.745629 -1.02977 0.0381927 -0.350149 0.87117 0.550508 -0.43257 0.550709 -9.53012 0.227274 1.44822 -1.22697 2.20773 0.603114 1.73538 0.944252 -0.693558 0.0908112 -1.18172 -0.21787 -0.565989 
5.30469 -0.0596138 -0.239377 0.141236 -0.471858 -0.446551 -0.354647 -0.00302867 0.0217839 -0.22111 0.119416 -0.0160353 -0.0262456 0.635767 -1.48099 0.621232 0.013127 -0.332952 1.998 -1.07171 0.899814 -0.811805 -0.241555 0.189232 0.456225 0.789 -7.85506 -0.629963 2.29541 -1.44948 2.14155 1.59652 1.08587 2.78234 -0.293802 -1.06171 -1.51695 -0.00903704 0.0962277 
5.21215 -0.036125 -0.215871 0.140893 -0.478998 -0.422804 -0.306237 -0.0575695 -0.00381268 -0.219894 0.153645 -0.0453447 -0.0249498 -7.35174 -2.07635 2.4159 -0.862651 0.579031 3.5137 -1.48746 1.33215 -0.967547 -0.868275 -0.475176 0.689551 0.632314 -7.95638 -2.37419 2.43318 -1.37531 1.74992 3.02021 -0.825163 2.84239 -0.594932 -2.34905 -1.27484 1.19417 0.820735 
5.06644 0.0183569 -0.272233 0.206893 -0.453046 -0.446807 -0.276134 -0.0143753 0.0112877 -0.213265 0.0943147 -0.0559761 0.00318179 -16.2223 -2.08854 3.22027 -1.73713 1.96697 2.92378 -0.816721 -0.228204 -2.00114 -0.541549 -1.1766 0.473318 0.602483 -12.4693 -2.77373 2.54754 -1.80085 1.2272 1.99482 -1.76949 -0.709576 -1.17787 -1.51488 -0.575828 1.11642 0.623542 
4.99792 -0.101672 -0.120089 0.0841022 -0.377263 -0.323088 -0.377311 0.209508 -0.0390631 -0.222173 0.0751608 -0.0330182 -0.00646396 -22.0415 -3.08167 2.73997 -2.5948 2.25715 2.18026 -0.347145 -1.59149 -2.52251 -0.11674 -1.62291 0.362288 0.790427 -16.5255 -1.46505 0.148877 -1.61047 0.74204 -1.1519 -0.250029 -5.33559 -1.46341 0.663819 -0.560321 0.117483 0.0722521 
4.81201 -0.316277 0.0131291 -0.00302697 -0.365537 -0.104127 -0.388619 0.274916 -0.0368836 -0.417997 0.0323113 0.0670738 0.0678189 -25.373 -3.97886 1.58075 -3.3716 2.57682 2.04755 0.480369 -1.90099 -1.82237 0.661757 -1.70583 0.357406 0.552763 -13.3073 0.182783 -3.19531 -1.14041 0.400568 -4.08127 2.38787 -6.36049 -0.484621 3.8143 -0.154424 -1.32572 -0.840274 
3.73667 -0.315949 0.116594 0.0292834 -0.310829 0.0584741 -0.525659 0.126292 -0.131889 -0.44574 0.0243399 0.103939 0.0736178 -26.0161 -4.44459 0.411083 -3.56291 2.65331 1.62345 1.33725 -2.24749 -1.4684 1.28578 -1.75346 0.370399 0.38979 0.233616 0.366313 -5.3872 -0.615091 -0.220148 -4.27626 4.38609 -2.5523 1.47025 4.14482 0.130116 -1.56989 -1.03851 
2.7967 -0.250653 0.0982645 -0.0886411 -0.197693 -0.340295 -0.390268 -0.311492 -0.276489 -0.190584 -0.011015 -0.0296783 0.0484348 -24.4508 -4.3597 -0.721922 -3.67354 2.11586 1.00999 2.08551 -2.5872 -0.922729 1.91922 -1.17884 -0.0147035 0.161185 13.6483 -0.12251 -4.65449 0.534624 -1.18717 -0.346453 3.1692 3.78314 3.20616 1.4209 0.723296 -0.447672 -0.612535 
2.53763 -0.461823 -0.0809943 -0.22582 -0.22826 -0.314819 -0.319943 -0.291512 -0.26566 -0.165305 -0.1031 -0.00780623 0.0573505 -12.6744 -4.05972 -2.95215 -3.33156 0.196167 0.655488 1.79115 -2.16646 -0.713797 2.50169 -0.605017 -0.355177 0.443159 26.2979 0.0535132 -2.02151 1.18826 -2.70212 2.49902 -0.53023 6.36715 2.1979 -1.02384 1.66871 0.28599 0.329427 
2.41753 -0.546981 -0.189767 -0.265157 -0.159992 -0.1643 -0.130121 -0.133457 -0.0703277 -0.0520609 -0.0491128 -0.00222582 0.00757311 2.77818 -3.5426 -4.055 -3.6804 -1.31799 0.135303 1.1087 -0.723055 -0.229956 2.74298 0.327195 -0.470196 0.560391 33.9153 0.467494 0.173132 0.583815 -4.27923 2.30249 -4.29685 4.42664 -0.2211 -2.73794 1.94154 0.684841 1.41409 
2.42878 -0.559601 -0.215781 -0.219432 -0.151922 -0.173914 -0.109706 -0.13302 -0.1365 -0.104638 -0.0771869 0.0185244 0.0421431 17.474 -3.45134 -3.53832 -2.91389 -1.88667 0.585229 0.166787 2.57493 0.98345 1.583 0.738286 0.425571 0.674325 31.9679 1.0178 1.76725 0.294829 -3.37253 0.781065 -5.56157 2.72621 -0.674048 -2.27261 1.62823 1.06541 1.13178 
2.37759 -0.576302 -0.230099 -0.289001 -0.216501 -0.18278 -0.136136 -0.0956429 -0.0961519 -0.0746888 -0.0135623 -0.0357228 0.0412125 25.8008 -1.90832 -1.58157 -1.64283 -1.45749 2.15359 -1.52582 4.72079 0.96738 -0.384057 0.364599 0.392617 0.447676 20.2131 2.29331 3.37576 0.883909 0.32907 -0.75596 -3.68221 1.32263 -0.680458 -1.93795 -0.385582 0.583357 -0.0829885 
4.40388 -0.725675 -0.437509 -0.36582 -0.528877 -0.0280313 -0.391898 0.0309592 -0.222296 -0.0594146 0.0185997 -0.00887076 0.150233 26.432 0.63 -0.156981 -0.618905 -0.50592 1.82927 -1.77392 4.09241 0.450915 -1.36912 -0.0431026 -0.217522 0.0920162 -6.55837 4.21757 4.39408 2.23955 4.91881 -0.857968 0.680269 0.230928 0.50178 -2.18095 -2.33742 -0.448481 -1.76808 
5.24291 -0.707364 -0.387166 -0.528218 -0.541179 -0.119406 -0.39139 0.0181038 -0.149026 -0.0951103 0.11321 0.0305719 0.157868 23.795 2.78358 0.726041 -0.0827988 0.223633 0.560545 -1.95246 2.67118 0.477925 -1.79337 0.0484933 -0.165916 -0.0705942 -25.4829 5.63604 3.1194 3.24847 6.05375 -0.738015 3.35224 -1.75975 0.857501 -1.22306 -2.34793 -1.33321 -2.16073 
5.34738 -0.696996 -0.215574 -0.293545 -0.360446 -0.0996591 -0.445639 0.352137 0.00315011 -0.168885 0.0460046 0.174051 0.105273 20.1424 4.75714 0.540974 0.830188 0.750958 -0.754416 -1.13385 0.986755 1.7097 -1.33911 -0.0346316 -0.177752 -0.474124 -25.9184 5.46719 -0.564798 1.88013 2.5451 -2.23068 3.8308 -5.68134 0.729367 0.545585 -0.599595 -1.63063 -1.00817 
5.23311 -0.429644 -0.0420634 -0.280427 -0.178093 -0.0221859 -0.476268 0.269194 -0.175453 -0.273695 -0.136802 -0.077467 0.0222421 14.2654 5.98755 0.398474 1.66381 1.10397 -2.30342 -0.268051 -0.743879 2.76189 -0.642022 -0.248011 -0.193046 -0.596688 -12.3408 2.16068 -3.79449 0.385169 -2.43225 -3.88602 2.19892 -5.95654 2.51854 2.88691 1.98141 0.287989 0.673491 
4.85831 -0.290863 -0.191855 -0.272234 -0.155733 -0.0170586 -0.272034 0.158586 -0.130693 -0.304131 -0.141398 -0.100093 0.00862402 4.60604 6.74974 0.259709 2.05548 1.39116 -3.48496 0.689259 -2.39997 3.69248 0.110971 -0.179619 -0.457797 -0.715883 4.06071 -1.26559 -3.666 -0.587251 -4.88932 -3.68539 -0.864485 -3.63703 2.66828 3.54451 2.40843 1.31363 1.6082 
4.88051 -0.133139 -0.175704 -0.268612 -0.162537 -0.204195 -0.312988 0.0529202 0.0280877 -0.223913 0.0659375 0.0203997 0.0357892 0.989622 6.39905 -0.546685 1.71877 0.558758 -3.66284 0.807037 -3.67945 3.29142 1.39973 -0.0397071 -0.646186 -0.627973 5.76502 -3.23748 -1.30226 -1.23448 -3.3148 -1.38039 -1.43564 -0.673712 0.930046 2.57697 0.570243 0.653244 0.900766 
5.36244 0.0104756 -0.330437 -0.135918 -0.281999 -0.376248 -0.299243 -0.12434 0.158549 -0.160494 -0.00296774 0.00461518 0.0323908 -0.828415 5.62606 -1.18837 0.0926988 0.0446032 -3.78056 0.544764 -4.66034 3.2495 2.39952 0.585459 -0.64366 -0.254375 -3.01215 -3.37728 1.72805 -2.02973 0.661454 1.96051 -1.40905 2.19149 -1.36688 0.917806 -0.664847 -0.110508 -0.0664483 
5.52849 -0.0201726 -0.322446 -0.180607 -0.366167 -0.475728 -0.355243 -0.134159 0.25359 -0.061172 0.0110975 -0.0204768 0.0656241 -2.88323 3.3213 -0.99931 -0.55649 -0.189777 -2.27549 -0.684698 -3.10811 3.26901 2.67587 1.33061 -0.255466 0.0254677 -11.26 -2.40165 2.68314 -2.41753 3.24994 4.96421 -1.15877 2.8637 -3.2277 -0.854752 -0.777066 -1.20831 -0.726183 
5.42182 0.0185048 -0.33028 -0.194424 -0.355459 -0.448234 -0.360712 -0.16253 0.270277 -0.0737664 0.0240809 -0.0247823 0.0734997 -6.5248 0.91183 -0.531728 -1.21959 0.868919 0.499579 -1.77302 -1.53757 1.81236 1.73209 1.00569 -0.774207 -0.0462716 -14.3278 -3.00083 1.3269 -1.91946 3.63924 6.30219 -1.00142 3.12898 -3.02356 -2.09037 0.0860068 -1.02827 -0.538809 
5.16075 0.0757026 -0.26297 -0.256854 -0.279627 -0.457116 -0.307037 -0.24335 0.186652 0.0413134 0.0111691 -0.0365219 -0.00292805 -14.5206 -1.95395 -0.11638 -1.0102 2.00117 2.46268 -1.13555 -0.532166 -0.598395 -0.036651 -0.0475803 -1.04311 0.295451 -13.4621 -4.75148 -0.122629 0.20945 2.24492 5.07202 -0.693294 2.64939 -2.70712 -3.65699 0.221474 -0.236983 0.707593 
4.75079 0.147585 -0.241089 -0.348955 -0.122375 -0.435131 -0.381469 -0.221211 0.287086 0.038872 0.0123616 -0.0450092 0.0206602 -20.1692 -4.02498 0.162656 -1.21431 2.41828 3.75486 -0.334715 0.374828 -1.96754 -0.870967 -0.393828 -1.26047 0.575244 -8.42384 -5.79439 -1.37684 2.05821 -0.509339 2.27394 1.37185 1.13641 -2.86837 -3.37352 -1.05369 -0.0721384 1.29428 
4.43797 -0.0345823 -0.211371 -0.35326 -0.173646 -0.133047 -0.552975 -0.0653035 0.221251 -0.0162745 0.101152 -0.146836 0.0286632 -19.2976 -5.38035 0.990781 0.133882 1.6323 4.8814 -0.696765 1.0163 -2.92362 -1.56799 -0.543929 -0.759996 0.804062 0.0483198 -4.17775 -0.136652 2.98566 -2.49493 -1.1496 2.29619 -0.269971 -2.09416 -1.50607 -1.74021 0.964766 1.34419 
3.95677 -0.229347 -0.357579 -0.388064 -0.0316188 0.0792633 -0.506238 -0.0614049 0.129989 -0.152142 0.0759301 -0.139394 0.0254039 -18.3665 -6.04284 1.85019 1.06324 0.481242 4.84346 -0.858469 1.55484 -3.34387 -1.6516 -0.252517 -0.524827 1.24284 8.00258 -0.285434 2.45626 2.85357 -3.97208 -2.90766 1.07621 -0.454163 -0.607586 1.15683 -0.679059 1.18723 0.814847 
3.01764 -0.466825 -0.262277 -0.207092 -0.00456184 -0.104776 -0.337573 -0.14708 -0.088124 -0.289948 -0.0472285 -0.0641344 0.146582 -18.1095 -5.94862 1.46621 1.19035 -0.424783 3.07471 0.405405 1.23482 -2.97288 -1.25749 -0.563305 -0.224323 0.953148 11.5092 3.54698 2.47664 0.32584 -3.19974 -2.95019 -0.12039 -0.20442 1.7167 3.4418 0.781086 0.703966 -1.00024 
3.11652 -0.509283 -0.33415 -0.298711 -0.137048 -0.0605127 -0.261925 -0.116016 -0.0155573 -0.153069 -0.106101 -0.192875 0.131633 -16.229 -4.99949 1.19342 1.2748 -1.07374 1.07264 1.89837 0.575077 -2.65114 -0.429012 -0.918736 0.221202 0.260795 5.33626 4.77337 0.842272 -1.29345 -0.495992 -3.24753 0.201049 -0.36146 2.51609 2.72514 1.23789 0.774384 -1.95033 
3.70314 -0.603923 -0.0430721 -0.0840254 -0.28212 0.149062 -0.557063 -0.00305496 -0.0862785 -0.180307 -0.013942 -0.0470034 0.147098 -13.7534 -3.12229 1.00908 0.854147 -0.953514 -0.877875 3.0232 0.0542378 -1.78327 0.529558 -0.99219 0.789358 -0.405972 -3.36862 3.89564 -2.69218 -2.92979 2.00509 -3.56561 2.94325 -1.00506 2.21507 1.47914 0.264375 0.00370461 -2.37584 
3.09563 -0.545992 0.0266002 -0.119901 -0.268213 0.113619 -0.501432 0.0138056 -0.132328 -0.156061 0.0761111 -0.0948702 0.186724 -10.3242 -1.47992 0.943305 0.243273 -1.28867 -2.15315 2.45835 0.042994 -0.768982 1.2953 -0.518259 0.938507 -0.829074 -2.54238 1.8344 -3.94798 -2.32381 2.54207 -2.93535 2.86214 -1.27089 1.40307 -0.0789952 -0.864235 0.380268 -1.65899 
2.45222 -0.536616 -0.187193 -0.288014 -0.19585 -0.206111 -0.174748 -0.12838 -0.0518553 -0.0446098 -0.0744146 -0.0917529 0.0250363 -5.11326 -0.615848 0.356717 -1.12582 -1.02317 -1.95396 1.88027 0.442432 0.0321521 1.46897 -0.214466 0.629522 -1.08669 5.98115 -0.060937 -1.37588 -0.683507 0.76911 -0.219607 -0.519201 0.177999 0.101474 -1.19119 -0.380788 0.143673 0.641799 
2.44204 -0.533165 -0.207758 -0.244038 -0.186471 -0.192809 -0.138079 -0.103746 -0.0401716 -0.07258 -0.0940594 -0.0575659 0.00779015 1.02975 -0.848216 0.0558801 -2.28104 -0.118156 -2.17244 1.13852 1.00032 0.163797 1.25473 -0.0725602 0.771272 -0.816625 17.831 -1.20953 0.852468 -1.17948 -0.745587 2.04813 -3.96272 1.91556 0.0155449 -0.504964 0.583373 -0.512066 1.78216 
2.42359 -0.543219 -0.199198 -0.251985 -0.16745 -0.141326 -0.094831 -0.0617936 -0.0858881 -0.0654775 -0.0513629 -0.0215599 -0.0126191 7.85204 -0.95938 -0.461285 -3.02892 0.243924 -2.27521 1.11657 1.87711 0.270013 1.14569 -0.669553 0.131131 -0.240815 23.7595 -1.53274 2.42189 -0.977447 -1.03521 2.5228 -5.03391 3.10311 -0.166203 -0.19867 0.603905 -0.796309 2.26414 
2.47122 -0.546917 -0.196228 -0.269916 -0.228475 -0.276669 -0.23121 -0.089425 -0.0602316 -0.0708398 -0.0414362 0.00683419 0.0299735 16.1741 -0.103228 0.319039 -2.21405 0.0315461 -1.23013 -0.803042 2.08409 -0.0788571 0.224225 -0.379648 0.33935 0.392788 18.6576 0.426896 1.92556 -0.364987 0.070621 1.85585 -2.7208 2.17147 -0.490588 -0.3997 0.331831 -0.875028 1.52027 
3.02647 -0.62612 -0.139887 -0.395129 -0.269554 -0.209347 -0.212497 0.00234186 -0.0698146 -0.0626617 -0.0880902 -0.0785839 0.0757457 22.5586 2.09504 0.552229 -0.759869 -0.120575 -1.73003 -2.42067 1.79162 0.0257799 -1.02623 0.594895 0.31176 1.02696 7.85727 4.17305 -0.316111 2.16708 0.917155 -1.45839 -0.416739 -0.935768 -0.0213771 -1.56132 0.373717 0.158643 0.0509621 
4.20082 -0.702576 -0.133153 -0.569644 -0.202981 -0.155868 -0.390809 0.164985 -0.0144959 0.0349848 -0.0156187 -0.0447723 0.0687803 24.0321 3.78245 0.143089 0.263601 -0.144745 -3.26567 -2.53963 0.750112 0.185767 -1.80297 0.953623 0.374087 0.687985 -5.37013 6.69271 -1.64772 4.9753 0.47454 -3.89563 1.17314 -3.98341 0.0606858 -3.18254 0.790211 0.847861 -0.935878 
4.54284 -0.67814 -0.0651136 -0.443921 -0.22271 -0.195042 -0.318729 0.283897 -0.0931546 -0.0285791 -0.118851 -0.0744785 0.144452 21.4438 5.1508 -0.13555 1.5937 -0.108892 -4.42727 -2.17349 -0.222882 0.407245 -2.36159 0.937852 0.609245 0.0264297 -13.4669 5.77654 -2.25008 4.51765 -0.0272928 -4.73231 1.3547 -5.07197 0.705083 -2.60664 1.3114 1.24433 -2.06698 
4.54109 -0.360224 -0.0373294 -0.357894 -0.2064 -0.20368 -0.438424 0.0752215 -0.137924 -0.166515 -0.0155122 -0.0151292 0.142773 16.1234 4.81099 -0.191 2.56118 0.199764 -3.81374 -2.34841 -0.352681 0.264652 -2.64367 1.28738 0.534107 -0.410292 -14.831 -0.199287 -1.22306 2.00368 -0.447688 -2.21073 0.512627 -1.90569 0.815392 -0.396027 0.557307 0.342526 -1.815 
5.02557 -0.0361854 -0.259768 -0.221689 -0.189791 -0.633809 -0.402807 -0.0511486 0.0201033 -0.275621 0.0426884 -0.00627952 0.0923009 7.71062 3.29132 -0.789942 3.99093 1.46619 -2.92616 -2.70923 -0.935294 -0.313643 -3.19777 1.46677 0.537365 -0.606862 -14.4306 -7.27043 0.849822 -0.516936 0.913773 4.31893 -0.952244 1.92528 -0.92696 1.3494 -0.35659 -0.783791 -0.502973 
5.08455 -0.0481688 -0.224701 -0.144672 -0.22865 -0.679935 -0.41184 -0.0769135 -0.0285422 -0.326397 0.068536 0.034451 0.0275202 -5.48549 2.62405 0.0922837 4.70896 1.89314 -1.98065 -1.71087 -1.74984 -0.671512 -2.44322 0.891425 0.407894 -0.908488 -16.3525 -8.41129 2.24387 -1.31296 2.42219 7.25886 -1.09317 3.05269 -1.65083 2.64327 -1.1172 -1.19185 0.704093 
4.73991 -0.0101342 -0.175746 -0.0871513 -0.233568 -0.721511 -0.395673 -0.0777118 -0.0219459 -0.307351 0.035205 0.0664756 -0.0309475 -14.2222 0.412983 0.655014 3.40193 2.0599 0.272743 -0.200629 -1.80239 -0.533456 -0.587816 0.245972 -0.0815911 -1.2814 -18.3529 -5.60879 2.42644 -1.31489 2.21547 6.93095 1.61958 1.27506 -1.58622 3.00059 -1.86796 -1.38338 1.09635 
4.65442 -0.293851 -0.122646 -0.128649 -0.200918 -0.474255 -0.649397 0.0871555 -0.0512615 -0.305788 0.105476 -0.0250951 0.041088 -20.5185 -2.68844 0.611544 1.3937 1.39549 2.36997 1.54666 -0.982612 -0.418463 1.26585 -0.586946 -0.319051 -0.818345 -16.7867 -0.574601 0.74754 -2.27345 -0.165467 2.98254 5.2753 -1.87336 0.0651458 3.25996 -1.90375 -0.227538 0.396272 
4.37952 -0.52185 -0.243094 0.0401682 0.106439 -0.319798 -0.664039 0.0457283 -0.183601 -0.427168 0.0897416 -0.0418726 0.0613121 -24.6749 -4.41604 0.652874 -0.437401 0.647251 4.46001 2.40794 -0.606886 -0.55223 2.36035 -0.910056 -0.373511 -0.298751 -7.46854 1.8698 -1.15438 -4.18945 -3.93491 -0.910613 6.00879 -2.04474 2.13775 3.18433 -1.09577 0.502427 -0.0395513 
2.96669 -0.203479 0.0450555 0.0962715 0.0316457 -0.400251 -0.455842 -0.0931763 -0.147358 -0.199311 -0.00782988 0.019541 -0.0143324 -15.8992 -3.79296 -2.64272 -1.91021 -0.16065 4.14588 3.0853 0.409912 -0.7031 1.77174 -0.657677 -0.419888 0.379206 16.1178 0.38546 -5.8219 -4.82317 -4.68844 -1.85449 2.425 1.00129 1.35123 -0.249837 0.761502 0.607406 0.685282 
2.59865 -0.3882 0.00300035 -0.0689971 -0.0413183 -0.187854 -0.165817 -0.129859 -0.111911 -0.0803153 -0.0958812 -0.0881958 -0.0459676 -2.12487 -2.64723 -4.98111 -2.71272 -1.18592 2.93389 3.23322 0.67873 -1.33233 0.966613 -0.204036 -0.139796 0.836666 36.8104 1.08105 -7.75077 -2.47299 -2.94118 -3.16459 -2.76513 3.33029 -0.814528 -3.61726 2.30777 0.901251 1.439 
2.38069 -0.562739 -0.199561 -0.276289 -0.184032 -0.185924 -0.14041 -0.134127 -0.0437071 -0.0301207 -0.0337728 0.00108733 0.0397496 8.75577 -1.10048 -6.06891 -2.91557 -1.94502 1.25459 4.25409 1.14979 -1.61621 0.4105 -0.0907358 0.351304 0.794522 43.0939 2.05562 -5.34984 1.11919 0.308709 -2.74881 -4.28478 3.96757 -2.91029 -4.83977 2.07591 0.240376 1.12963 
2.37731 -0.587827 -0.246703 -0.297633 -0.215708 -0.174645 -0.16771 -0.0888032 -0.0375737 -0.0478776 -0.0142244 -0.00845779 0.0298062 16.0073 -0.440549 -4.94679 -2.74433 -3.55267 -0.422472 2.6303 1.50942 -0.964907 0.575334 0.933464 0.200789 0.748371 26.1832 2.63173 0.88018 3.69774 1.43513 -2.85719 -3.08299 1.27591 -2.22031 -2.35087 1.22557 -0.0942905 0.036674 
4.46379 -0.462106 -0.855229 -0.363252 -0.253712 -0.230767 -0.190537 0.188421 -0.214296 -0.302615 0.0572189 -0.0158313 0.104246 21.9325 -0.0572137 -4.00099 -1.8185 -2.99119 -1.47159 1.04644 1.88432 -0.289619 -0.160596 1.56025 0.0544664 0.904182 -8.9254 2.4281 9.47156 3.89537 0.734024 -2.42529 -0.731713 -2.42551 1.72467 2.45361 -0.0580928 -0.339682 -1.26669 
5.49928 -0.422947 -0.808628 -0.327338 -0.275462 -0.296813 -0.258535 0.0935247 -0.331678 -0.30002 0.0788574 0.0124848 0.133083 22.7121 2.3492 -1.76979 -0.620342 -1.79125 -2.82668 0.507322 1.30793 0.817855 0.268979 0.992463 -0.41943 0.112204 -27.6261 1.65457 10.3348 1.79825 0.623616 -1.19767 1.08508 -3.33638 5.26071 4.442 -1.26539 -1.29987 -2.04198 
5.31033 -0.463927 -0.703154 -0.294991 -0.214471 -0.26589 -0.0221811 0.187693 -0.329371 -0.254981 0.0380165 0.0197144 0.107658 20.474 4.08263 -0.00539804 0.132099 -0.30372 -2.83532 1.27136 0.0549517 0.801264 0.527055 -0.407492 -0.415723 -0.47157 -22.7609 2.38161 5.25464 -0.384326 1.37128 -0.404964 0.893365 -3.39333 4.62565 2.90521 -2.28517 -0.711708 -1.5023 
4.65253 -0.444436 -0.348903 -0.201555 -0.46265 -0.460496 -0.27282 0.0201033 -0.135788 -0.0636056 0.178605 -0.0379161 0.0512629 14.87 4.55347 0.895268 0.0535278 0.467175 -2.26868 1.73815 -1.306 1.56344 0.682826 -1.72315 -0.146904 -0.40046 -3.87625 2.60447 -2.56076 -1.74861 3.35523 1.73977 1.90575 -1.57619 0.784427 -1.0723 -3.79513 0.333763 -0.183286 
4.66408 -0.266232 -0.298988 -0.242158 -0.369995 -0.493142 -0.150389 0.0589389 0.0145022 -0.0765264 0.117202 -0.0191014 0.0790168 6.06642 4.52185 1.65939 -0.275571 0.972564 -1.08284 1.76739 -2.50986 2.34527 1.03317 -2.74083 0.0483842 -0.556198 9.6817 0.939247 -7.24899 -1.76974 2.61373 3.14163 0.742454 -0.439502 -2.94556 -3.48336 -3.13484 1.21863 0.956548 
5.2149 -0.0945212 -0.351796 -0.314785 -0.235998 -0.512403 -0.0210366 -0.00194696 0.126771 0.017689 -0.0526108 -0.172069 -0.0589484 4.61055 4.41594 -0.107473 -1.03213 1.09711 0.103217 1.3805 -2.1609 2.29428 0.28344 -3.16543 0.0735114 -0.411989 6.19855 -1.73652 -5.63182 -0.884627 0.151091 3.52369 -1.29498 0.303127 -3.73132 -3.4174 -0.749419 1.80325 1.77455 
5.48253 -0.00462652 -0.515142 -0.322393 -0.139806 -0.469326 0.0509225 -0.102435 -0.130022 -0.11968 -0.161784 0.0341003 0.0214927 7.23515 4.01836 -1.94603 -1.56502 0.918154 1.28271 0.315881 -1.96364 1.5664 -0.58383 -3.0522 0.0119845 0.125334 -2.31717 -3.26105 -1.64825 -0.268771 -2.25472 2.7108 -2.70768 1.50309 -0.913825 -1.05867 1.80733 -0.101399 1.06034 
5.6345 -0.00620519 -0.607408 -0.33438 -0.165195 -0.398288 -0.000965256 -0.117236 -0.0251127 -0.217841 -0.234822 0.0193483 0.094932 8.73435 2.94726 -3.34888 -1.96046 1.03403 2.55456 0.188924 -1.00191 0.570584 -1.3411 -2.9746 0.136183 0.607365 -6.77139 -2.87428 1.72509 0.016861 -2.99966 0.895614 -3.10388 1.70611 0.752733 1.17081 3.16081 -1.2556 0.107648 
5.65228 0.0386708 -0.684578 -0.384855 -0.187267 -0.310676 -0.0413641 -0.130396 -0.023216 -0.193932 -0.235023 0.0174624 0.0644449 6.57086 1.41407 -2.90084 -1.8143 0.0121848 2.7721 -1.01738 -0.565993 0.0987512 -1.24467 -1.90702 0.0627954 0.762166 -5.07651 -1.86415 2.70342 0.0533345 -1.5128 -0.486311 -1.40429 1.7633 1.07291 1.43446 2.3614 -1.35989 -0.147386 
5.69985 0.0195714 -0.666137 -0.431503 -0.227862 -0.274478 -0.0852783 -0.0991194 -0.00693125 -0.187041 -0.23126 -0.00938096 0.0550421 3.41884 0.238955 -1.79775 -1.60617 -0.712657 2.49595 -1.70973 0.215261 0.133934 -1.0049 -0.833034 0.15833 0.91805 -2.19319 -0.991674 2.17326 0.247506 0.127593 -1.38727 0.174499 0.980258 0.171121 1.0413 0.913259 -0.549894 -0.396164 
5.73463 0.0181275 -0.695037 -0.437539 -0.270088 -0.204488 -0.143397 -0.0903096 0.0224161 -0.190777 -0.195968 -0.0648271 0.104973 1.79198 -0.325729 -0.554788 -1.39722 -0.850171 1.61435 -1.64074 0.830522 0.785714 -0.253604 -0.307274 -0.470163 0.390582 -1.12034 -0.61094 1.43708 0.546593 1.06324 -2.02463 1.20482 0.334855 -0.930116 0.129782 -0.204524 0.918689 -0.394565 
5.74829 0.0112389 -0.689557 -0.471159 -0.271276 -0.196972 -0.17564 -0.0628602 0.041073 -0.192265 -0.222532 -0.0467607 0.115904 0.930265 -0.477332 0.165512 -0.988369 -0.602506 0.622054 -1.11603 1.12768 0.195823 -0.0379109 0.0345223 -0.276409 0.158676 -0.864889 -0.319141 0.842388 0.880806 0.912123 -2.03731 1.39403 0.129753 -0.769369 -0.209429 -0.303358 0.847543 -0.469458 
5.76436 -0.00985562 -0.666248 -0.4966 -0.259682 -0.200063 -0.170542 -0.0474663 0.0226995 -0.202379 -0.215912 -0.0407377 0.106651 0.652319 -0.700661 0.70538 -0.562734 -0.352509 -0.377346 -0.672062 1.37643 0.0115898 -0.299425 -0.00347553 0.136674 0.0731575 -0.827673 0.0420611 0.437002 0.943856 0.381979 -1.74059 1.04268 0.207812 -0.529881 -0.223604 -0.0414664 0.665048 -0.545241 
5.78075 -0.0344468 -0.644215 -0.504111 -0.250509 -0.217568 -0.169525 -0.0265676 0.00121304 -0.185089 -0.236183 -0.022731 0.0860771 0.543709 -0.742305 0.850638 -0.161532 -0.0880656 -1.26987 -0.115789 1.35618 -0.103831 -0.342984 -0.126245 0.5502 -0.0137731 -0.312923 0.118358 0.218872 0.818928 -0.124137 -1.38018 0.600209 0.256714 -0.0167346 -0.304435 0.225253 0.356049 -0.154544 
5.75268 -0.0385313 -0.629544 -0.478614 -0.241302 -0.27596 -0.145664 -0.0133356 0.0117036 -0.202115 -0.249321 -0.0134359 0.0894607 0.443844 -0.687345 0.913042 0.266165 -0.101062 -1.9147 0.232245 1.41144 -0.16441 -0.346257 -0.199266 0.874963 -0.0869723 0.316286 0.14026 -0.113539 0.598574 -0.436321 -0.6952 0.112405 0.165948 0.302079 -0.133892 0.251351 0.244713 0.261841 
5.74388 -0.0336317 -0.625464 -0.460084 -0.266573 -0.298372 -0.152839 0.0299016 -0.0064895 -0.219256 -0.208022 -0.0259275 0.099902 0.380093 -0.489324 0.590314 0.929503 -0.484989 -1.9898 0.269157 1.34657 -0.0991745 -0.255805 0.0908082 0.701836 0.0909065 0.520546 0.182689 -0.482498 0.632763 -0.541913 -0.0857339 -0.0942715 -0.145519 0.451143 0.231288 0.0411357 0.128798 0.456692 
5.76519 -0.0568413 -0.58282 -0.475327 -0.265946 -0.346206 -0.159105 0.0693847 -0.00532863 -0.240751 -0.223232 0.0323376 0.0643021 0.222404 -0.199214 0.190401 1.61248 -1.05659 -1.88165 0.311369 1.15613 0.00999381 -0.0312891 0.380005 0.423047 0.392032 0.0782738 0.45261 -0.981494 1.14935 -0.909838 0.621231 -0.0447821 -0.552118 0.236505 0.640384 0.359939 -0.57732 0.717301 
5.81798 -0.0801739 -0.578864 -0.453579 -0.259932 -0.415981 -0.120065 0.0652414 0.0144499 -0.221876 -0.241276 0.0380534 0.0944004 0.161943 0.0398008 -0.0862865 1.95598 -1.60408 -1.48992 0.258207 0.932838 0.0401033 0.126206 0.8359 0.119585 0.447282 -0.603531 0.691115 -1.01722 1.25654 -1.28264 1.25471 -0.17491 -0.631411 -0.115787 0.681684 0.869744 -1.01341 0.36368 
5.80212 -0.0618599 -0.596199 -0.405827 -0.296714 -0.425633 -0.136907 0.0939308 0.0172205 -0.227405 -0.235106 0.0545644 0.117076 0.132757 0.1852 -0.312018 2.08252 -1.91988 -1.11962 0.193348 0.728123 0.0409736 0.29118 1.13805 -0.0872592 0.345355 -0.775496 0.556971 -0.570816 0.690559 -1.04353 1.11036 -0.0305044 -0.592795 -0.238424 0.403148 1.08991 -1.02136 -0.205009 
5.79325 -0.0446477 -0.638873 -0.332951 -0.353877 -0.408476 -0.154947 0.101151 0.0180282 -0.209394 -0.189409 0.015386 0.13294 0.344059 0.0987708 -0.307587 1.84537 -1.81373 -1.01764 0.25336 0.447844 0.0514299 0.374292 1.22749 -0.0758514 0.110076 -0.0798874 -0.029571 0.296431 -0.662709 -0.0626456 0.366277 0.103482 -0.327886 -0.235804 -0.0751196 0.664959 -0.185413 -0.834294 
5.76734 -0.0287084 -0.650978 -0.25987 -0.420257 -0.423056 -0.116205 0.0833101 0.00459321 -0.178672 -0.154784 -0.0135593 0.15708 0.358532 0.069609 -0.289961 1.59395 -1.83019 -0.646752 0.207279 0.309693 -0.106557 0.362267 1.38701 -0.200155 -0.0293579 0.769184 -0.63502 0.869846 -1.7613 0.965461 -0.174651 -0.0197635 0.00239989 -0.0977346 -0.488507 -0.15492 0.718487 -1.09232 
5.77632 -0.025101 -0.639662 -0.260114 -0.465969 -0.404819 -0.131562 0.0923965 -0.00132452 -0.179387 -0.104448 -0.0189557 0.117471 0.132605 0.0505988 -0.0578032 1.07922 -1.66907 -0.391938 0.26647 0.169429 -0.293605 0.270338 1.35181 -0.151132 -0.330674 0.760773 -0.71271 0.813129 -1.76217 1.34192 -0.367909 0.167491 -0.0402768 -0.0862321 -0.428383 -0.829372 0.864455 -0.528975 
5.76665 -0.0215774 -0.647818 -0.245846 -0.471082 -0.439483 -0.126014 0.105884 0.0122177 -0.193382 -0.0896791 -0.0118642 0.106599 0.0949039 -0.174003 0.327608 0.358778 -1.06245 -0.600709 0.592403 -0.0642578 -0.43245 0.323992 0.835641 0.154405 -0.661529 0.0185337 -0.398248 0.582847 -1.24248 1.08639 -0.0861491 0.328978 -0.237475 -0.305513 -0.038931 -1.17492 0.648276 -0.112948 
5.85833 -0.0712112 -0.609517 -0.304073 -0.432249 -0.489049 -0.113744 0.103566 0.00425224 -0.194638 -0.0898092 0.0337965 0.0741622 0.0981998 -0.33604 0.527879 -0.177521 -0.437622 -0.745523 0.606385 0.00855512 -0.378534 0.0912515 0.336536 0.468236 -0.716092 -0.985163 0.143027 0.0400324 -0.258917 0.570836 0.199674 0.32798 -0.260725 -0.218825 0.156827 -1.05083 0.052386 0.290818 
5.84654 -0.071189 -0.606312 -0.287169 -0.479048 -0.447083 -0.123318 0.114277 -0.01698 -0.195127 -0.0840332 0.0272914 0.081247 -0.351604 -0.211324 0.425911 -0.301812 0.0736892 -0.802518 0.412205 0.0541369 -0.234584 -0.0939357 0.00786532 0.56571 -0.713889 -1.42781 0.4847 -0.328346 0.317304 0.572038 -0.128943 0.128883 -0.153572 0.157611 0.0391099 -0.686735 -0.153217 0.273871 
5.78546 -0.0490284 -0.601197 -0.290712 -0.488556 -0.453485 -0.0817884 0.0854883 -0.0283189 -0.182201 -0.0827061 0.0110961 0.0806127 -0.690382 -0.223623 0.551309 -0.265581 0.337987 -0.853122 0.437409 -0.188606 -0.188378 -0.0232899 -0.138052 0.393499 -0.587847 -0.895658 0.308459 -0.258275 0.442163 0.548896 -0.233314 -0.443637 0.0371428 0.479999 -0.219211 -0.0522771 -0.252651 0.0540895 
5.7716 -0.0693074 -0.572423 -0.323173 -0.44035 -0.508983 -0.0445732 0.0713374 -0.0467392 -0.154762 -0.145259 0.0627696 0.0396828 -1.0222 -0.121529 0.569864 -0.0803812 0.363757 -0.77361 0.306048 -0.232309 -0.23979 0.0162834 0.0333254 0.171602 -0.523812 -0.33079 0.153493 -0.115954 0.553111 0.179114 -0.0917711 -0.743437 0.0952015 0.462413 -0.344913 0.781198 -0.541795 0.0992076 
5.79007 -0.0738418 -0.595428 -0.304225 -0.434927 -0.504179 -0.0826352 0.113625 -0.0173094 -0.202671 -0.124702 0.0503835 0.0667321 -1.70438 0.0824415 0.480271 0.395888 0.3521 -0.756615 0.246989 -0.359176 -0.288823 0.155613 0.33725 -0.29676 -0.387066 -0.217354 -0.0408138 0.30203 0.45445 -0.125805 0.0086751 -0.3291 -0.307181 -0.145677 0.205122 1.05595 -0.712552 -0.0103195 
5.68487 -0.0266646 -0.617453 -0.266917 -0.426405 -0.523307 -0.0985585 0.102716 -0.00444299 -0.207112 -0.111613 0.0442219 0.0485071 -2.0903 0.078317 0.631075 0.714982 0.47254 -0.964227 0.306516 -0.534328 -0.414931 0.389041 0.642521 -0.524591 -0.483538 -0.409119 -0.161114 0.521132 0.554448 -0.4085 0.155798 0.259351 -0.482041 -0.730422 0.71257 0.921079 -0.794609 0.0334812 
5.71792 -0.0763465 -0.540126 -0.301629 -0.423315 -0.532192 -0.0780424 0.0533264 -0.0177029 -0.180986 -0.0897578 0.0201913 0.0281838 -2.80369 0.147514 0.733835 1.14895 0.476944 -0.975069 0.496072 -0.588856 -0.727019 0.499086 1.10585 -0.737133 -0.560329 -1.54494 0.215098 0.188022 0.87718 -0.176183 -0.0617067 0.829359 -0.351797 -0.969849 0.759899 0.58646 -0.510411 -0.0491036 
5.69608 -0.0641669 -0.553268 -0.274522 -0.426572 -0.549743 -0.0884463 0.0842326 -0.0402844 -0.188439 -0.0570972 0.022953 0.0299701 -4.86209 0.277231 1.26477 1.63198 0.550302 -1.08336 1.18328 -0.727331 -1.24266 0.630683 1.72657 -0.895949 -0.71454 -3.37347 0.284376 0.569134 0.919931 0.36986 -0.395568 1.46737 -0.282237 -1.00817 0.511708 0.40083 -0.0198608 -0.389115 
5.60053 -0.052869 -0.548511 -0.223191 -0.419688 -0.558274 -0.0665278 0.0445412 -0.0663574 -0.14827 -0.0305843 -0.0370504 0.0398617 -7.60127 0.0647188 2.29079 2.00035 0.650162 -1.14657 1.81521 -0.786677 -1.62645 0.730088 2.0927 -0.767256 -0.610514 -5.39853 0.0312681 1.41352 0.820786 0.55563 -0.353694 1.45732 0.193451 -0.655656 -0.268868 0.665804 0.524175 -0.21098 
5.51846 -0.0506733 -0.511461 -0.184038 -0.422357 -0.582165 -0.0373465 0.0200319 -0.0953131 -0.111897 -0.0153111 -0.0402902 0.00541912 -10.9226 -0.659675 3.48506 2.83967 0.472028 -0.876408 1.53085 -0.941186 -1.55933 0.936113 2.17371 -1.0543 -0.278032 -7.50055 -0.853553 2.5237 1.07247 0.236196 0.130232 0.366797 0.11068 0.0244989 -0.407236 0.60906 0.2546 0.3829 
5.36636 -0.0272363 -0.502964 -0.146439 -0.390393 -0.608709 0.0262279 0.0159161 -0.140159 -0.121447 0.0356074 -0.0468582 -0.0157023 -13.444 -1.74906 3.56475 2.56177 0.689909 0.378732 0.641632 -0.667216 -1.67866 0.177481 1.8655 -1.28184 0.302944 -6.63067 -2.52509 2.32756 0.213292 -0.130179 1.80427 -1.77001 0.143285 0.463017 -0.824684 -0.18977 -0.435664 1.31006 
4.98642 -0.0288188 -0.376479 -0.0945661 -0.339106 -0.665476 0.136114 0.00632458 -0.207667 -0.113796 0.103207 -0.0317197 -0.058502 -13.5685 -2.65287 3.10211 1.293 1.03267 0.869319 -0.323889 -0.271578 -0.858963 0.168 1.22979 -0.976834 0.361307 -1.44382 -3.08278 -0.383272 -1.68125 -0.151188 2.73502 -3.81282 0.619381 1.45019 -0.712679 -1.49338 -0.567003 1.49486 
4.63378 -0.0839749 -0.232494 -0.0336167 -0.355375 -0.637829 0.130251 0.0240044 -0.19652 -0.139042 0.164228 -0.0351386 0.0224411 -14.7466 -3.87522 3.41345 -0.303404 1.84278 1.67598 -1.43307 0.943877 -0.124416 0.0265428 0.0159783 -0.205176 0.284481 2.7495 -2.74206 -2.35332 -4.01935 1.0357 2.51138 -3.87132 1.62097 1.82383 -0.187592 -2.9608 0.371038 0.250758 
4.18069 -0.209944 -0.0766929 0.132826 -0.410409 -0.592705 -0.00753453 -0.0644788 -0.158021 -0.0485701 0.144626 -0.148067 0.0414332 -17.7207 -5.04479 4.29844 -1.54666 2.57213 3.06603 -2.27862 0.576737 -0.237962 0.126006 -1.21195 0.157281 0.54378 2.0962 -1.57515 -1.72483 -5.23688 2.35456 1.82926 -1.74644 1.55468 0.839174 0.166829 -3.35847 1.96486 -0.814926 
4.10984 -0.394188 -0.198123 -0.0838533 -0.315929 -0.344682 -0.120073 0.0117513 -0.255896 -0.245658 0.0982898 -0.175102 0.120013 -19.9469 -5.42225 3.33491 -2.39409 2.48603 3.73927 -2.61608 -0.0340503 0.0842755 0.443455 -1.93496 0.460191 0.474859 -4.05456 0.243974 0.0776297 -2.66939 1.67127 0.125424 1.01808 -0.423813 0.102342 1.39485 -2.10973 2.26003 -1.41698 
4.274 -0.377575 -0.325533 -0.242414 -0.260951 -0.480057 -0.170171 0.0811638 -0.0674273 -0.100664 0.0415702 -0.0667587 0.0326405 -20.1741 -4.91407 1.67623 -2.78264 2.0787 3.99772 -2.45111 -0.650068 0.70471 0.631288 -2.00071 0.61448 0.197408 -9.15824 1.37585 0.644633 1.03839 -0.405659 0.0452574 2.72427 -2.79766 -0.90317 0.894632 0.327092 0.737756 -0.697922 
3.67691 -0.547742 -0.0619609 -0.343401 -0.0994533 -0.366066 -0.216115 0.254445 -0.0729188 -0.104261 -0.110947 0.0247155 -0.0022755 -19.3552 -3.85522 0.283847 -2.86891 1.65031 3.52233 -1.43686 -0.953548 0.888118 0.83931 -1.79972 0.831276 -0.343541 -4.57356 2.82642 -2.19017 3.41916 -3.0567 -0.822837 2.92825 -3.74721 -0.210397 0.356755 2.69436 -1.06772 0.0840826 
2.84257 -0.669561 0.198332 -0.336499 -0.0464692 -0.163635 -0.20952 -0.0490366 -0.26051 -0.0731975 -0.161079 -0.00213998 0.0613298 -17.5748 -2.45393 -0.431619 -2.18914 1.35083 2.78452 -0.4145 -1.21763 0.785158 0.773217 -1.36895 0.99744 -0.448701 5.77777 3.45682 -4.60754 3.50589 -3.41878 -2.01248 1.72528 -1.11339 1.16838 -0.351652 2.94962 -1.64221 0.0692654 
2.44263 -0.62845 -0.123402 -0.31481 -0.153688 -0.214316 -0.154724 -0.102706 -0.163907 -0.0453988 -0.0865676 -0.00424925 0.027695 -9.17699 -1.56071 -1.21958 -1.59616 0.0247785 1.7038 0.253016 -1.6446 0.327593 1.01374 -0.570825 1.01118 -0.0803651 19.9006 2.21351 -3.55014 0.625781 -1.83768 -1.89798 0.267651 1.57005 0.21569 -1.06661 1.48865 -0.618865 0.625426 
2.36354 -0.580783 -0.210794 -0.279781 -0.206785 -0.19287 -0.137928 -0.129554 -0.050449 -0.0492415 -0.00371254 -0.0241844 0.00753334 2.17044 -0.0548929 -1.51088 -1.55292 -1.4505 1.28306 0.511504 -1.4554 0.130783 0.306448 0.257271 0.468706 0.583578 29.5737 1.5832 -0.534872 -1.93246 -0.830116 -2.06112 -0.615462 2.8473 -0.552497 -0.656097 -0.162088 0.569789 0.944431 
2.34931 -0.579523 -0.229284 -0.302389 -0.230256 -0.201413 -0.104006 -0.0757976 -0.0528929 -0.0357066 -0.0313575 -0.0218124 0.000967513 13.6838 1.67826 -2.24448 -0.950987 -1.74305 -0.207415 0.82372 -0.397754 1.36294 0.135608 1.04443 0.521569 0.236348 28.6726 1.34782 2.41228 -1.96961 0.22571 -1.45432 -0.604066 2.73287 -0.182832 -0.571969 -0.464661 1.07189 0.575197 
2.37117 -0.562646 -0.203237 -0.239022 -0.150481 -0.185559 -0.154679 -0.108579 -0.0997255 -0.0531557 -0.0838308 -0.0277198 0.0236031 19.4633 2.78202 -1.54939 -0.370933 -0.918111 -1.82619 0.671545 1.02859 1.53915 -0.0389152 1.0104 0.922088 0.0103072 15.5141 1.94828 3.34952 0.0134098 0.848091 -1.75948 0.14095 1.32475 0.549871 -0.112353 0.21873 0.823596 -0.259372 
4.02627 -0.651866 -0.408798 -0.520124 -0.287107 -0.214623 -0.142391 -0.0718413 -0.212302 -0.0681193 -0.029502 0.0771905 0.118527 23.2916 3.88282 0.133648 -0.385568 0.0882622 -2.96274 -0.198414 1.39281 0.801381 -0.552829 0.220002 0.903329 0.0694356 -5.56804 3.21724 2.82625 2.99757 2.19201 -2.74341 -0.169967 0.438145 1.38636 -0.196725 -0.0263755 -0.182968 -1.41899 
4.81362 -0.378894 -0.21587 -0.549947 -0.411688 -0.265138 -0.137689 -0.0149274 -0.0383397 -0.0636017 -0.00762245 0.0282422 0.113478 24.3537 4.69322 -0.0719398 -0.155602 0.299277 -4.18031 -0.348998 1.33733 0.771241 -1.08035 -0.464689 0.813622 -0.282231 -16.8184 1.96189 0.180968 3.34638 2.57777 -2.83919 -0.668588 -0.686343 0.0371857 -0.828045 -1.03012 -0.643331 -1.47719 
4.82584 -0.339004 -0.171622 -0.328596 -0.208669 -0.343467 -0.0660373 0.108748 0.137706 -0.0652166 0.0265638 0.0924852 -0.0317334 22.4891 5.18798 -0.864674 0.508087 0.020539 -4.37315 -0.454838 0.970866 1.15528 -1.8966 -0.404731 0.340466 -0.58045 -13.779 0.584291 -2.62524 0.966757 0.0869429 -1.35519 -1.13054 -1.62564 -1.41818 -1.71258 -1.66306 -1.33157 -0.275322 
4.27671 -0.273998 -0.105435 -0.229377 -0.118097 -0.483882 -0.098672 -0.0087832 -0.0681328 -0.0527797 0.00816304 0.104867 0.0261156 17.4282 5.23026 -1.76129 1.14566 -0.078494 -3.86252 -0.489613 0.649832 1.17138 -2.59297 -0.436725 -0.0407352 -0.696443 -3.04341 -0.930921 -4.45119 -0.925849 -2.07785 1.5557 -0.677515 -1.21369 -0.640648 -2.25659 -0.985669 -1.28859 0.392012 
4.98177 -0.0540315 -0.194682 -0.358171 -0.14363 -0.645819 -0.257001 0.0392324 -0.0609446 -0.163586 -0.0884866 0.053655 0.024999 9.41829 4.68652 -2.12587 1.8971 0.47874 -2.76862 -0.522323 -0.270198 0.78577 -3.06487 -0.83033 -0.431978 -0.59933 0.509663 -2.68709 -3.40971 -1.15719 -2.32284 4.23371 0.798103 -1.12721 -0.24112 -1.39357 0.501348 -0.427964 0.989203 
5.32495 -0.0241351 -0.362925 -0.32955 -0.232736 -0.723271 -0.157523 0.0234618 0.0451017 -0.224333 -0.137051 0.0525033 -0.044739 6.64266 3.02005 -3.03599 1.01377 0.693646 -1.34434 -0.568912 -1.05331 -0.495008 -3.09954 -1.31566 -0.127447 -0.0978147 -3.49933 -2.76363 0.260823 -0.697304 -0.0567747 4.99541 0.797505 -0.936539 -0.635029 0.181172 0.770351 0.411265 1.19016 
5.41273 -0.0115519 -0.460353 -0.26859 -0.308565 -0.621132 -0.168032 0.0108156 0.0590759 -0.336446 -0.0670788 -0.00425182 -0.0242837 6.8855 1.66876 -2.43068 -0.560174 0.196465 0.525862 -1.22097 -0.919069 -1.37918 -2.62319 -1.7006 -0.0124167 0.631354 -6.70182 -3.04489 3.24113 -1.04185 2.42426 3.58302 -0.0773841 -0.131871 -1.71708 2.04781 -0.354127 1.46254 0.894173 
5.39373 0.0160602 -0.525601 -0.244061 -0.259746 -0.541652 -0.200193 -0.00992913 -0.00247182 -0.395196 -0.0713524 0.0207551 0.021526 5.7631 0.810306 -1.95478 -0.934749 0.448322 2.08748 -0.992387 -0.805885 -0.98032 -1.94037 -1.65991 0.191491 0.729912 -6.19264 -2.05243 4.01014 -1.71041 2.35375 1.42249 -0.912207 0.19495 -1.90011 2.86351 -1.22512 1.20565 0.622835 
5.39025 -0.00264437 -0.499229 -0.280223 -0.20277 -0.500712 -0.160383 -0.102235 -0.0317542 -0.407138 -0.106162 0.0362709 0.0516476 0.965485 0.189201 -1.02945 -0.751377 1.26849 2.82754 -0.700073 -1.26068 -1.2008 -1.12712 -1.33925 0.405868 0.968868 -2.86113 -0.176116 2.20879 -1.40516 1.0327 -0.33016 -1.17708 0.716497 -0.317893 2.06904 -0.915565 0.252726 0.012997 
5.38473 -0.0318007 -0.452662 -0.347836 -0.130642 -0.460576 -0.180639 -0.11234 -0.0978324 -0.367622 -0.202588 0.0950739 0.041104 -1.67799 0.372724 0.0930279 -1.11641 2.00206 2.56778 -1.02621 -1.49189 -1.40957 -0.382036 -1.31884 0.412179 0.924746 -2.61169 1.23027 0.00655782 0.154843 -0.260619 -1.37699 -0.0325092 -0.0569511 1.40553 0.732805 0.511265 -0.778464 -0.533274 
5.49477 -0.139205 -0.325929 -0.440141 -0.113822 -0.347439 -0.347447 0.0357299 -0.187515 -0.320392 -0.248109 0.113355 0.0849733 -3.20913 0.790731 0.702797 -1.48356 2.34169 1.8656 -1.0627 -1.65822 -1.11855 0.301933 -1.18356 0.305194 0.430983 -3.73744 2.32849 -1.26662 1.19512 -0.466912 -1.82587 1.0755 -1.45319 2.0199 -0.376306 1.76238 -1.27553 -0.990687 
5.30847 -0.00593531 -0.441106 -0.389535 -0.105869 -0.347249 -0.269289 -0.111464 -0.12411 -0.330949 -0.244558 0.076549 0.101709 -4.65003 1.15183 1.05361 -1.36211 2.24849 1.09953 -0.897923 -1.80662 -0.716863 1.02856 -0.95283 -0.277202 -0.0598395 -3.29229 1.41706 -0.192701 0.794522 0.0586056 -1.66738 0.835044 -1.14813 0.969886 0.10282 1.46601 -1.00132 -1.18396 
5.19673 0.0554109 -0.478856 -0.389307 -0.0513063 -0.378066 -0.263376 -0.161598 -0.0870999 -0.380326 -0.219344 0.0597045 0.0978572 -7.17133 1.36762 1.07067 0.35804 1.67178 -0.14244 -0.332662 -2.48302 -0.851519 2.2208 -0.597293 -1.18753 -0.342392 -3.36317 -0.145109 1.15104 1.4646 -0.204605 -1.647 0.849626 -1.05286 -0.649865 2.05478 0.396967 -1.07277 -0.909373 
5.08395 0.0639619 -0.411363 -0.405398 -0.0243409 -0.399145 -0.261253 -0.203924 -0.0978992 -0.340743 -0.230473 0.0604127 0.0464192 -9.17924 1.33979 1.3401 2.35276 1.13035 -1.60514 -0.292307 -3.51231 -0.701043 3.29311 0.167232 -2.0464 -0.588926 -3.33993 -1.32435 1.61156 3.13646 -0.811529 -2.04511 0.106344 -1.00404 -1.46266 3.51114 -0.0876198 -1.33843 -0.244844 
4.95861 0.114711 -0.383407 -0.453511 0.0183771 -0.351265 -0.314252 -0.22878 -0.114748 -0.324377 -0.176544 0.0352177 0.0265362 -10.0732 1.18237 1.42311 3.82489 0.488902 -2.60347 -0.0925907 -3.97178 -0.873839 3.87176 0.550731 -2.33948 -0.84821 -2.22467 -1.76411 1.10318 4.50001 -1.76859 -2.34057 -0.3471 -0.776069 -1.29493 3.20009 0.00167918 -1.21112 0.307174 
4.77985 0.119465 -0.331482 -0.438551 0.067736 -0.401912 -0.289983 -0.271551 -0.144513 -0.198583 -0.250022 -0.0170125 0.0195211 -9.35591 0.302539 2.09817 4.44977 -0.176239 -2.9693 -0.48455 -3.3583 -1.328 4.20554 0.567446 -2.37753 -0.801648 0.191225 -1.09111 -0.0797336 3.73096 -2.15752 -1.66944 -0.506711 -0.302071 -0.214184 0.661732 0.721788 -0.420029 0.431543 
4.37528 0.08138 -0.301143 -0.112026 -0.0200891 -0.565432 -0.180147 -0.44821 -0.25256 0.0257241 -0.259214 -0.133444 0.0252778 -8.42454 -0.106123 2.1384 4.93109 -0.972716 -3.10652 -0.113271 -3.36045 -1.34525 4.2826 0.247553 -2.13192 -0.576135 4.23627 -0.362491 -0.601235 -0.112515 -1.40531 0.237704 -0.518993 1.17341 0.92744 -2.36921 0.472836 1.12843 0.321943 
4.25337 0.0601828 -0.2149 0.0348274 -0.022577 -0.677736 -0.356125 -0.530624 -0.207196 0.115899 -0.160419 -0.178523 -0.00243195 -7.26609 -0.24544 1.89332 4.98614 -1.43192 -3.04701 0.177049 -3.11343 -1.16028 3.69682 0.150032 -1.71956 -0.397065 5.49509 0.183358 -0.765555 -3.06716 -0.587154 1.82093 0.918692 1.80123 0.911289 -3.4558 -0.62332 2.00773 0.200439 
4.25454 0.0799375 -0.248633 0.0674588 -0.092693 -0.656066 -0.3399 -0.482633 -0.249277 0.0738467 -0.148709 -0.164281 -0.00595942 -4.2521 -0.923826 1.83304 3.64568 -2.11159 -1.13797 -0.271036 -1.60447 -1.15167 1.66765 0.487077 -1.15096 0.202168 5.43143 -0.205433 -0.249039 -4.52502 -0.000675227 3.57266 0.692579 2.20262 0.480166 -3.64023 -0.609125 1.73773 0.643971 
4.23726 0.0615266 -0.208028 0.0748503 -0.110154 -0.688236 -0.319124 -0.492054 -0.245375 0.0639617 -0.170033 -0.18821 0.00389926 0.586311 -1.25016 1.17148 0.979961 -2.50629 1.44985 -1.06316 0.30183 -0.533497 -0.709781 0.749255 -0.353005 0.601139 6.36807 -0.85549 -0.397768 -4.88244 -0.145929 5.07946 -0.586736 2.99951 0.199998 -3.46363 -0.080731 1.13788 1.00774 
4.20927 0.0629138 -0.193291 0.10445 -0.152012 -0.716523 -0.218931 -0.593918 -0.229869 0.109063 -0.239104 -0.146681 0.00744955 4.52612 -0.536811 0.0703083 -1.84765 -2.297 2.7184 -0.858283 1.97014 1.02234 -2.25304 0.215231 0.60513 0.630608 7.06567 -0.401417 -1.36528 -4.36205 -0.34723 4.44829 -1.5534 3.68473 1.21552 -2.93751 0.490997 0.561107 0.818536 
4.13091 0.0707795 -0.155476 0.121095 -0.147433 -0.721135 -0.233973 -0.589571 -0.252017 0.11508 -0.213666 -0.139745 -0.0229119 5.99893 0.00338177 -1.04132 -2.95316 -2.13958 3.08302 0.413639 2.53097 1.93606 -2.52012 -0.431462 1.20933 0.707593 6.22715 0.891931 -2.56123 -3.115 -0.0583643 1.73003 -0.526598 2.74366 2.87499 -1.43187 -0.0616605 0.728839 0.220597 
4.46932 -0.0708342 -0.112797 -0.0800698 -0.260287 -0.318171 -0.413877 -0.328172 -0.323837 -0.171397 -0.0896932 -0.151432 0.116234 5.31849 0.513596 -1.54754 -3.18121 -1.68639 2.96658 0.845033 2.42688 2.73364 -1.84432 -0.664553 1.34383 0.585095 -0.160847 2.6741 -2.9084 0.043937 0.904127 -2.98819 2.56372 -0.512622 3.38206 2.12049 -1.53459 0.832762 -1.03778 
4.92845 -0.0799563 -0.223421 -0.269909 -0.301429 -0.188081 -0.471795 -0.228828 -0.206871 -0.236582 -0.140627 -0.115562 0.108476 2.33637 1.01692 -1.5989 -3.07559 -1.26199 2.88744 0.779502 2.31837 2.92978 -1.10873 -0.66335 1.25643 0.273946 -9.46771 2.5786 -0.70137 2.98117 1.61674 -4.84132 3.42701 -3.11864 1.42635 4.29592 -1.48722 0.126923 -1.37912 
4.9197 0.125354 -0.358232 -0.283182 -0.292084 -0.413797 -0.292265 -0.234874 0.0417208 -0.163332 -0.23885 -0.0479234 0.0453546 -2.76491 1.0568 -0.846542 -2.77122 -0.478449 2.9758 0.778657 1.71663 2.22381 -0.430243 -0.534813 0.495205 0.000159422 -15.4634 0.172853 2.57288 3.40374 1.76128 -1.80983 1.20983 -3.70653 -2.49341 3.68747 -0.122099 -1.32699 -0.843259 
4.84362 0.131144 -0.405458 -0.221971 -0.285222 -0.438346 -0.16337 -0.28175 0.0628111 -0.115859 -0.252735 0.00140398 0.0564962 -9.4342 0.375023 1.01931 -1.1762 0.74611 2.58997 0.96483 0.543918 1.37009 0.326772 -0.162967 0.216882 -0.408369 -16.9379 -2.36728 5.52837 2.5252 2.01164 1.74988 -1.94766 -2.18525 -4.72845 1.10817 1.70983 -2.16102 -0.395653 
4.57479 0.162587 -0.387989 -0.213659 -0.274455 -0.386464 -0.149335 -0.303348 0.0559122 -0.0282541 -0.271207 -0.0259581 0.049067 -16.076 -0.656813 2.84713 1.0517 2.21076 1.50738 1.46253 -0.186084 0.50515 1.21936 0.184227 0.0329845 -1.14127 -12.268 -4.41046 6.05827 1.8405 2.1708 3.28761 -2.88921 0.312724 -4.3052 -1.74069 2.64478 -1.49792 -0.105572 
4.07827 0.161772 -0.275381 -0.233155 -0.256974 -0.331408 -0.24215 -0.307624 0.0239292 0.00321986 -0.254969 -0.0610953 0.0191885 -19.8019 -2.25808 4.20907 2.19024 2.72822 1.69821 0.834763 -0.298455 -1.0521 0.836309 0.987244 0.0256585 -0.903291 -3.74222 -4.31374 3.30327 1.78892 1.82339 1.27656 -1.38785 1.40816 -1.90234 -2.4321 1.91015 0.354214 -0.047808 
3.526 0.089383 -0.131893 -0.267858 -0.186436 -0.168154 -0.227511 -0.375402 -0.138171 -0.0163544 -0.223046 -0.173846 0.0224927 -18.7674 -4.00821 3.84731 1.48016 2.45055 2.41198 -0.232956 0.34462 -2.51096 -0.418815 1.4548 -0.176471 -0.707086 5.74036 -2.58787 -1.69821 0.692785 0.0946744 -1.88413 0.205753 1.99395 0.526486 -2.11414 0.392267 1.87592 0.0306751 
2.99117 -0.0858001 0.147094 -0.0678717 -0.0429283 -0.121325 -0.283094 -0.361652 -0.167692 -0.0731791 -0.0891324 -0.101439 -0.0109824 -13.464 -4.73623 1.30694 0.0992305 1.65493 2.17938 -0.194321 1.47365 -2.12153 -0.825164 2.05609 0.37082 -0.425552 15.2857 -0.444881 -7.67347 -2.73099 -2.6085 -2.60206 1.25576 1.98629 1.48641 -0.817414 -0.643361 1.87319 0.733921 
2.79148 -0.220326 0.175411 0.026462 0.0386404 -0.140948 -0.20245 -0.198342 -0.127267 -0.0923675 -0.0896005 -0.0751918 -0.0587304 -5.81021 -4.99309 -1.3054 -0.876756 0.391972 2.06372 0.735933 2.27763 -0.830363 -1.17099 1.46603 0.602479 0.0774665 19.7968 1.39712 -9.72842 -5.13278 -4.45626 -1.12474 1.40088 1.14169 2.17942 0.368409 -1.33538 0.621041 1.35256 
2.76257 -0.258443 0.0883159 -0.0180836 -0.0105697 -0.181254 -0.251059 -0.272876 -0.179383 -0.105043 -0.0995941 -0.000302696 0.00110012 2.30771 -2.95832 -3.1994 -1.8822 -0.703848 1.11112 0.957515 1.51203 0.298971 -0.448244 1.00868 0.663763 0.0539789 18.1657 3.58578 -6.52115 -4.58389 -3.82491 0.179295 1.03601 -0.344223 2.67678 1.66724 -1.19484 -0.950523 0.678821 
2.95207 -0.331159 -0.154054 -0.227439 -0.0954947 -0.178901 -0.247944 -0.19437 -0.264879 -0.224992 -0.122269 -0.0560584 -0.0284284 11.1961 0.208811 -5.09006 -3.08012 -1.83401 -0.597753 0.955888 0.627025 1.19132 1.35164 0.145089 0.756008 0.0548663 13.4371 6.12172 -0.617986 -1.5037 -1.56884 -0.391687 0.314583 -2.76057 2.31709 3.65785 -1.1269 -1.33867 -0.0423684 
3.53613 -0.395068 -0.512848 -0.367945 -0.185183 -0.131052 -0.139805 -0.0567079 -0.128048 -0.101462 0.0385344 0.0616244 0.0375797 17.4743 2.86961 -6.07059 -4.08076 -3.0987 -1.60443 0.836629 -0.418595 1.70629 2.72174 -0.633459 0.131006 -0.0180266 6.33958 7.12198 4.60427 1.6163 0.328673 -2.45851 -1.21044 -4.22775 0.831743 3.7582 -1.50616 -1.35819 -1.16846 
3.87295 -0.414624 -0.510463 -0.364412 -0.283866 -0.000444261 -0.0399036 -0.0348385 0.028581 -0.130206 -0.172602 -0.0515559 0.0770802 20.0212 4.44713 -5.48505 -3.89132 -3.46832 -1.50232 0.458671 -1.39726 1.72961 3.29698 -0.666998 -0.402816 -0.0411379 1.00891 5.27957 4.60015 2.37617 1.02279 -3.25006 -1.85143 -3.23768 -1.09116 2.6179 -0.35437 -0.509456 -1.30365 
4.08235 -0.017461 -0.378966 -0.417778 -0.255203 -0.165059 -0.203748 -0.338505 -0.0118112 0.0238449 -0.0962984 -0.073187 -0.0401139 19.5714 5.03103 -4.1506 -2.97361 -2.61158 -1.30412 0.479129 -1.7522 1.72711 3.36623 -0.879288 -0.641362 -0.250701 -3.25996 -0.253596 1.78679 1.91793 0.87645 -0.750312 -0.725707 -0.109777 -1.71473 -0.596492 -0.0319907 0.161438 -0.0275298 
4.77252 0.221637 -0.516635 -0.492555 -0.280825 -0.367594 -0.157135 -0.3718 -0.0480085 0.266811 -0.17443 -0.0333324 -0.0189672 16.8193 4.92571 -2.4622 -1.59283 -1.69181 -1.2427 0.297246 -2.24598 1.31814 2.96264 -1.05058 -0.632443 -0.0682646 -8.0602 -4.91411 0.0999205 1.38576 1.12361 2.62175 0.343512 2.10577 -1.32211 -3.96352 0.563895 0.112574 0.776049 
4.98385 0.200507 -0.528775 -0.464709 -0.408593 -0.40516 -0.183588 -0.343276 0.0422847 0.249732 -0.172939 -0.0647656 -0.0510815 12.8741 4.02645 -1.34821 -1.02849 -0.913232 -1.0537 -0.0512002 -1.99618 0.443283 1.62817 -1.37295 -0.796712 -0.0158071 -9.01571 -5.67018 -0.398028 0.719771 1.87008 3.77708 1.11184 2.53108 -0.710232 -4.30543 0.394118 0.360296 1.3848 
5.08404 0.176445 -0.585212 -0.466383 -0.419751 -0.245751 -0.167804 -0.335692 0.0013909 0.188567 -0.141552 -0.105209 -0.0151859 9.46505 2.47565 -1.68204 -0.858357 -0.181634 -0.645898 0.18467 -1.15052 0.0948131 0.35809 -0.766829 -0.294027 0.235411 -7.92665 -3.48325 0.535344 0.337971 1.88221 1.92265 0.886128 1.42469 0.0525406 -3.13755 -0.452241 0.256189 0.847906 
5.10769 0.161758 -0.616459 -0.501861 -0.309326 -0.228305 -0.140182 -0.37741 -0.013326 0.151495 -0.19876 -0.0651415 -0.00316472 6.32629 0.171916 -1.90464 -0.385802 0.120022 0.489156 0.950275 0.132846 0.234301 -1.03673 -0.997886 -0.294045 0.81171 -4.75323 -0.594338 0.832973 0.165112 0.877513 -0.444787 0.18844 0.342962 0.195194 -0.922001 -0.0772954 0.14252 0.0982226 
5.14731 0.132623 -0.61707 -0.462491 -0.319049 -0.233959 -0.114439 -0.363718 -0.0213146 0.110092 -0.203307 -0.0943737 0.0339386 2.77602 -0.667434 -1.26457 -0.000371397 0.57871 1.06699 0.693695 0.452475 0.285033 -2.07436 -0.814734 -0.301257 0.858925 -1.68609 0.586347 0.321797 0.153025 -0.0507177 -1.3387 -0.136468 0.340123 0.378842 0.448021 -0.0369131 0.239943 -0.228032 
5.20835 0.122798 -0.634056 -0.516009 -0.325311 -0.218179 -0.125819 -0.298669 0.00860217 0.0810917 -0.238662 -0.0914939 0.0465641 1.5539 -0.560185 -0.777095 0.0973329 0.872729 0.458638 0.790236 0.590775 0.0164987 -1.8392 -0.967474 0.0440256 0.859 -1.09585 0.376912 0.584769 0.729441 -0.638323 -1.13204 -0.306725 0.242315 0.137245 0.63826 0.230246 0.208669 -0.384636 
5.17636 0.153288 -0.667518 -0.511073 -0.282399 -0.233111 -0.0843825 -0.347852 0.03753 0.0193006 -0.236643 -0.080718 0.0324923 1.16096 -0.609513 -0.179272 0.296787 0.876728 -0.48693 0.228389 1.03019 0.202436 -1.63838 -0.959701 0.436382 0.521998 -0.523678 -0.226972 1.01723 0.713642 -0.367247 -0.627445 -0.851418 0.690873 -0.395134 0.561245 0.215328 0.474509 -0.309744 
5.23298 0.126589 -0.681358 -0.475664 -0.290834 -0.240071 -0.0629696 -0.338551 0.00512796 0.0542341 -0.25081 -0.100504 0.0631149 1.0334 -0.686348 0.228004 0.659153 0.538652 -0.83409 -0.414818 1.43547 0.549411 -1.76484 -0.694288 0.677297 0.258839 -0.297173 -0.520457 1.2736 0.443368 0.136764 -0.704115 -1.34392 0.848982 0.0311725 -0.177314 0.114857 0.95196 -0.510423 
5.20835 0.131535 -0.672788 -0.45855 -0.289147 -0.233514 -0.119477 -0.27583 0.0275657 -0.0029213 -0.26219 -0.0875005 0.0738453 0.713768 -0.721741 0.499138 1.07432 0.62054 -1.3751 -0.833872 1.5989 0.523953 -1.63217 -0.450661 1.04091 0.107372 0.0619621 -0.579889 0.961856 0.52531 0.215683 -0.974575 -1.19623 0.666733 0.30588 -0.363519 0.36476 0.870935 -0.449523 
5.20918 0.106561 -0.612305 -0.447203 -0.306773 -0.294007 -0.0683947 -0.263875 0.00284019 0.0048771 -0.28997 -0.0527732 0.0641169 0.374624 -0.774607 0.795302 1.73871 0.215356 -1.77541 -1.164 1.72725 0.502142 -1.52067 0.129938 1.06315 0.210904 -0.0799961 -0.126751 0.119519 0.754765 -0.162084 -0.76116 -1.00969 0.370778 0.606672 -0.342842 0.931807 0.299824 -0.0402827 
5.26148 0.0650608 -0.593461 -0.445236 -0.226054 -0.312956 -0.17774 -0.197269 0.0163037 -0.0478436 -0.280591 -0.00657353 0.0407614 0.195498 -0.872591 1.09572 2.23935 -0.400957 -2.36484 -1.24221 1.93768 0.511429 -1.26007 0.780673 0.956501 0.0607191 -0.761061 0.396915 -0.311544 1.28505 -1.21567 -0.910362 0.321202 -0.352767 0.279864 0.351722 1.5095 -0.558892 0.231461 
5.272 0.0543997 -0.586722 -0.397548 -0.251991 -0.339565 -0.216349 -0.178782 0.101185 -0.1276 -0.282328 0.020668 0.0373134 -0.133499 -0.829855 1.31799 2.57667 -0.955378 -2.9373 -0.956924 1.88423 0.291751 -1.15367 1.64767 1.13786 -0.591735 -0.91313 0.403259 -0.086363 1.22039 -1.8621 -0.99262 1.27679 -0.426604 -0.78828 1.18982 1.92718 -0.797718 -0.253003 
5.24141 0.0526074 -0.582077 -0.32279 -0.243091 -0.433288 -0.206975 -0.147868 0.0514216 -0.0955203 -0.251459 0.0327282 0.0633347 -0.301151 -0.744888 1.39717 3.04594 -1.80127 -3.29179 -0.729311 1.7816 0.12108 -0.893042 2.51675 0.909312 -1.12767 -0.716801 0.248636 0.409521 0.691199 -2.12558 -0.656676 1.21376 -0.225748 -0.876995 0.861553 1.86753 -0.530097 -1.30887 
5.22043 0.0573704 -0.566461 -0.264929 -0.336147 -0.442291 -0.23362 -0.116369 0.0785061 -0.110813 -0.174706 0.00839158 0.09733 -0.739283 -0.585927 1.57399 3.26146 -2.44485 -3.45803 -0.391289 1.39215 0.0152461 -0.641033 2.99847 0.490578 -1.37056 -0.383699 -0.0345668 0.857067 0.0178442 -1.32112 -0.524395 0.995846 -0.407619 -0.810316 0.503293 0.970291 -0.126783 -1.83005 
5.20241 0.0395587 -0.531511 -0.189579 -0.385377 -0.56138 -0.18621 -0.115324 0.0738396 -0.0925125 -0.105828 -0.00173889 0.0339669 -1.30405 -0.519168 1.90677 3.59941 -3.229 -3.41035 0.403383 0.630007 -0.502134 -0.14914 3.03858 0.0300263 -1.11302 -0.336803 -0.119828 0.808241 -0.233459 -0.489435 0.405374 0.278457 -0.843819 -0.470091 0.0549053 -0.256179 -0.211959 -0.565948 
5.20345 0.0158164 -0.483585 -0.154973 -0.43856 -0.624272 -0.16223 -0.0739774 -0.00325217 -0.0972252 -0.0210787 0.0792335 -0.0771599 -1.72675 -0.517877 2.15221 3.5869 -3.18207 -3.27641 0.689864 -0.045623 -1.12114 0.206098 2.85839 -0.13472 -0.889824 -0.792717 0.0323243 0.430337 -0.0277726 0.254017 0.874685 0.143721 -1.6919 -0.171591 0.115145 -1.41067 -0.738289 1.4766 
5.17979 0.0253799 -0.456075 -0.0772217 -0.539924 -0.658869 -0.222876 -0.0294283 0.0393068 -0.131467 0.0510434 0.0414742 -0.113721 -1.87743 -0.605884 2.27611 3.31955 -2.86225 -2.75156 0.414676 -0.45125 -1.14998 -0.220224 2.60769 0.00861359 -0.815788 -0.915257 -0.0214135 0.0214552 -0.101698 1.19273 1.02613 0.0987767 -1.80466 -0.582337 0.121063 -1.59418 -0.368813 2.33683 
5.12965 0.0123942 -0.386057 -0.0624396 -0.553727 -0.724703 -0.164616 -0.102257 0.0360135 -0.108603 0.0438891 0.0131696 -0.0980818 -1.85335 -0.76957 2.30888 2.94775 -2.15794 -2.61946 0.255495 -0.740099 -1.07435 -0.547358 1.98587 0.263921 -0.359985 -0.291883 -0.166133 -0.383622 -0.36267 1.46676 0.869818 -0.541157 -0.711887 -0.231914 -0.571302 -0.961409 0.425205 1.72269 
5.07728 -0.00922493 -0.350987 0.0530116 -0.632982 -0.718405 -0.125591 -0.166979 -0.0338542 -0.0848001 0.0447332 -0.0155266 -0.00379629 -2.11015 -0.633163 2.05323 2.40026 -1.66826 -1.97085 -0.156058 -0.950902 -0.915104 -0.688895 1.49737 0.246221 0.355377 0.254488 -0.0988867 -0.586871 -1.21129 1.58574 0.358668 -1.0302 0.513666 0.473312 -0.980676 -0.258582 0.999215 0.121613 
5.01445 -0.00266257 -0.331049 0.0879925 -0.607664 -0.77925 -0.130256 -0.204385 -0.085264 -0.0754821 0.0616085 0.00998694 -0.000166492 -2.14132 -0.521534 1.55445 2.0878 -1.25014 -1.62685 -0.477335 -0.83489 -0.651363 -0.667056 0.924101 0.243522 0.856693 0.621189 0.0565107 -0.791867 -1.41868 0.760604 0.400348 -1.12311 1.38953 0.974407 -0.753389 -0.138152 0.842221 -0.614532 
5.00755 -0.0285916 -0.304253 0.0979774 -0.602421 -0.764837 -0.210541 -0.161772 -0.069216 -0.178086 0.131705 0.0570949 -0.0433778 -1.9285 -0.524478 1.04742 1.47358 -0.617259 -1.37974 -0.395059 -0.694361 -0.50838 -0.527815 0.431968 0.519318 0.864683 0.418562 0.356719 -1.04106 -1.1236 0.130155 0.347385 -0.284686 0.980769 1.02056 0.446834 -0.770459 -0.072254 -0.302789 
5.02336 -0.0660188 -0.262225 0.102299 -0.605033 -0.852189 -0.191805 -0.166967 -0.0234927 -0.206011 0.103844 0.07912 -0.000635464 -1.69731 -0.195819 0.404285 0.948475 -0.591178 -1.0979 -0.660034 0.20066 -0.0713784 -0.630979 0.273199 0.690177 0.444366 0.0351982 0.693026 -1.23518 -0.72928 -0.202324 0.622342 0.446638 0.664372 0.475966 1.13236 -0.996046 -0.521162 -0.250483 
4.92486 -0.0266058 -0.273887 0.0923242 -0.632855 -0.816533 -0.2178 -0.191604 -0.0551754 -0.168118 0.130061 0.0528868 0.00576733 -1.72864 0.360805 -0.195387 0.300877 -0.479085 -1.21499 -0.504992 0.869918 0.619438 -0.479112 -0.0546079 0.53094 0.197194 0.00890541 0.859281 -1.20695 -0.334623 -0.21182 0.192324 0.933599 0.791717 0.464878 0.871141 -0.962739 -0.501927 -0.100725 
4.9299 -0.0315297 -0.305211 0.146206 -0.663383 -0.837385 -0.250538 -0.130015 -0.0566378 -0.164476 0.0989629 0.080424 0.00856935 -1.46421 0.577201 -0.641919 -0.207539 -0.232116 -0.911913 -0.390602 0.944656 1.43274 -0.224804 -0.34519 0.00236602 0.283117 0.016861 0.862697 -0.826514 -0.811178 0.473935 -0.0398936 0.689595 0.471247 1.09876 0.215602 -0.347505 -0.626023 -0.168539 
4.92146 -0.0482673 -0.310609 0.111456 -0.612718 -0.851995 -0.195707 -0.179242 -0.0230821 -0.147225 0.0645071 0.0693729 0.017797 -1.36623 0.812462 -1.00089 -0.550228 0.387374 -0.572292 -0.510159 0.78671 1.82543 0.176959 -0.869764 -0.426355 0.333983 0.261435 0.543419 -0.396155 -0.911405 1.05956 0.258518 -0.469458 0.240161 1.5021 -0.356318 -0.0259765 -0.678134 -0.107886 
4.88514 0.00665833 -0.335779 0.103152 -0.681252 -0.856994 -0.215082 -0.0726215 -0.00773341 -0.177524 0.0790922 0.0878726 -0.0198393 -1.34422 1.10336 -1.11738 -1.13522 1.03559 -0.482689 -0.323852 0.871963 2.05226 0.0833362 -1.01354 -0.442648 0.309164 0.432562 0.00362676 0.141366 -1.1016 1.89071 0.263319 -0.574058 -0.682449 1.22421 -0.244692 -0.298814 -0.548332 0.372006 
4.80851 0.0752013 -0.382361 0.0991449 -0.677827 -0.923967 -0.180953 -0.0488246 0.0480768 -0.153861 0.0527878 0.0523292 0.0273683 -1.50135 1.28072 -0.974337 -1.6315 1.78671 -0.388131 -0.609655 0.938313 2.6024 -0.081313 -1.40704 -0.521606 0.473642 0.0415039 -0.177008 0.542288 -1.07567 1.97183 0.762192 -0.890429 -0.786307 0.396994 -0.119513 -0.572508 -0.0998788 0.337846 
4.86764 0.0328698 -0.38699 0.0300225 -0.576064 -0.876613 -0.243982 -0.103194 0.169047 -0.169319 0.0632636 0.00565489 0.0241476 -1.86743 1.35588 -0.736045 -2.11322 2.55106 0.455869 -0.922812 0.122229 2.88589 -0.147063 -1.6796 -0.578545 0.340772 -0.801416 0.0816736 0.643945 -0.586098 1.26846 0.98527 -0.466868 -0.69269 -0.394292 -0.0292343 -0.997734 0.534647 0.0807408 
4.85215 0.0399068 -0.399023 0.0219811 -0.500352 -0.830972 -0.326236 -0.0986618 0.178885 -0.165232 -0.0116963 0.0040217 0.0178325 -2.30589 1.22245 -0.347009 -2.35721 3.49771 1.54772 -1.06996 -0.877702 2.36336 -0.134318 -1.85462 -0.519012 0.0641702 -1.45683 0.104845 0.770753 -0.450558 0.97637 1.66496 0.291695 -1.50451 -0.897804 0.0472169 -0.637811 0.535883 -0.451167 
4.80121 0.0968693 -0.388891 -0.0675793 -0.472895 -0.924424 -0.198408 -0.0646976 0.183394 -0.18326 -0.0224434 0.0467524 0.0574248 -2.79924 0.670023 0.577132 -2.78314 4.59868 2.97259 -0.611046 -2.26642 1.22071 -0.493958 -2.02545 -0.152744 -0.209442 -1.53725 -0.481377 1.17491 -0.165209 1.124 3.13993 0.366599 -2.48663 -1.82592 -0.321804 -0.135026 0.435479 -1.152 
4.68507 0.146636 -0.397702 -0.0921912 -0.411524 -0.853893 -0.336822 -0.038661 0.270223 -0.167405 -0.0885849 0.000969 0.0765217 -2.80978 0.202238 1.36999 -3.20057 5.07389 3.90876 0.224866 -2.76713 -0.596975 -0.497246 -2.40554 0.639545 -0.671559 -0.412766 -1.27493 1.64499 -0.468446 1.377 2.9192 1.86247 -2.69668 -3.45808 -0.398887 0.0574021 0.933168 -1.25387 
4.67139 0.12498 -0.393181 -0.124706 -0.325061 -0.711528 -0.347421 -0.196396 0.31659 -0.180396 -0.13923 0.0197277 0.0134707 -3.31806 0.217562 1.51422 -3.16961 4.75258 4.6291 1.32213 -3.32993 -2.11168 -0.1217 -2.37605 0.919692 -0.143289 0.363661 -1.24156 1.33654 -0.603648 0.596309 1.67746 2.57395 -1.32497 -4.14506 0.0582451 0.228768 0.988036 0.0876419 
4.58363 0.116887 -0.346164 -0.186884 -0.164377 -0.597248 -0.297402 -0.320542 0.209855 -0.168393 -0.143293 0.0061344 -0.024039 -3.57923 -0.0294857 1.59791 -2.95965 4.41708 5.12357 1.29379 -3.3691 -2.46619 -0.208815 -1.86196 0.820977 -0.324612 0.470085 -0.440358 0.142589 0.0729581 -1.22234 -0.139189 1.47919 0.966615 -2.39931 0.391265 0.314856 0.607829 1.04344 
4.49389 0.0701625 -0.215878 -0.272202 -0.064377 -0.435698 -0.22614 -0.403838 0.0795054 -0.284032 -0.159742 0.0780594 -0.0429781 -3.10958 -0.15745 0.909112 -2.86971 3.65917 5.69731 0.870145 -3.41848 -2.97516 -0.0643489 -1.4182 0.654155 -0.164077 0.550602 0.698457 -1.97967 0.649015 -2.82158 -1.38697 -0.561409 2.14871 0.425596 0.968138 0.857753 -0.547637 1.51452 
4.5531 0.0522737 -0.193555 -0.355614 0.00193378 -0.44755 -0.115282 -0.371259 -0.0827941 -0.191273 -0.286348 0.163612 -0.0582528 -2.8472 -0.481033 0.286323 -3.02324 2.36445 5.14996 1.30935 -2.26187 -2.74197 -0.029876 -0.860526 0.283411 -0.472028 -0.0662918 0.726227 -2.93487 0.833134 -3.42526 -0.981694 -2.53538 2.38934 3.24148 0.315809 1.58943 -1.91518 0.350127 
4.44143 0.0987758 -0.261926 -0.353197 -0.0306779 -0.31543 -0.0676543 -0.491187 -0.0955776 -0.12958 -0.242435 0.0989402 0.120731 -2.10949 -0.612673 -0.838494 -3.55071 0.920947 3.97014 0.840197 -0.500546 -1.80648 0.226198 -0.513469 -0.199093 -0.192127 0.967978 -0.286817 -2.64107 -0.464687 -2.7815 -1.3156 -2.38917 2.67536 3.71535 -0.287513 1.20957 -1.7018 -1.42601 
4.33754 0.091991 -0.241167 -0.335133 0.000355382 -0.278955 -0.241945 -0.40291 0.007346 -0.219853 -0.208183 0.0742207 -0.0293007 -1.89704 -1.23332 -2.242 -3.6841 -0.287943 3.73709 0.138792 0.662109 -0.872852 0.169108 0.208334 -0.313438 -0.0575588 1.29408 -1.53627 -2.10269 -1.68258 -1.70438 -0.91994 -0.403922 2.1439 1.77612 -0.219986 0.877899 -0.632904 -0.966329 
4.40707 0.127746 -0.382794 -0.446371 -0.0557822 -0.166773 -0.237443 -0.486055 -0.0839924 -0.1797 -0.19993 0.0763767 0.0506955 -2.12964 -1.57024 -3.47115 -3.57431 -1.55329 2.64318 -0.391935 1.46246 0.0226725 0.554949 0.914974 -0.728446 -0.165889 0.222353 -2.18032 -1.01028 -1.27918 -1.00507 -1.37893 0.674358 1.83764 0.3481 -0.105695 0.678477 0.470993 -0.418965 
4.30767 0.0295979 -0.374898 -0.512379 -0.113163 -0.164182 -0.15932 -0.323863 0.0301926 -0.18828 -0.205074 -0.00992828 -0.1077 -2.44953 -1.7231 -3.77152 -3.8532 -1.50804 2.40093 -0.918382 1.87003 0.60616 0.311216 1.11732 -0.719627 0.0602658 -0.56212 -0.993124 -0.612817 -0.285717 0.115218 -1.16119 0.296776 0.343433 -1.01613 0.49374 0.270923 1.30431 1.38637 
4.44829 -0.00144231 -0.485893 -0.6863 -0.137138 -0.220404 -0.203617 -0.270021 0.0589303 -0.153953 -0.220709 0.00519068 -0.0258899 -2.20102 -2.1019 -3.22574 -3.38706 -0.999402 2.09478 -0.146884 3.08084 0.605821 0.580142 1.03086 -0.581262 -0.224434 -1.87782 0.355212 0.736626 1.86199 1.06448 -0.0543907 0.431582 -0.0267226 -0.750353 0.631019 0.249462 0.584753 1.42164 
4.27487 -0.133644 -0.583264 -0.695662 -0.117968 -0.00329332 -0.215131 -0.280359 -0.0523164 -0.212643 -0.0967471 0.0748374 -0.00901231 -2.0314 -2.02751 -2.82526 -2.84586 -0.800068 1.98611 0.722622 3.68456 0.416626 0.856559 0.636711 -0.658161 0.245774 -0.537962 1.54896 2.03601 2.48017 1.49185 -0.199594 0.594657 1.09325 0.466354 0.539639 -0.907629 -0.55662 0.274835 
4.17419 -0.117253 -0.645968 -0.699883 -0.281164 -0.184302 -0.201912 -0.236742 -0.0206504 -0.124975 -0.0848387 0.0304409 -0.0284705 -2.13479 -1.59458 -1.81861 -1.44342 -0.382924 1.31219 0.616226 3.62472 0.366248 0.149356 0.295542 -0.600233 0.564411 1.26137 1.56742 2.45775 2.45761 1.61293 0.371995 0.956607 1.00766 0.413449 -0.591853 -1.46786 -0.855874 0.0409386 
4.16218 -0.0713655 -0.651579 -0.818654 -0.107711 -0.0700851 -0.266047 -0.20987 0.00665098 -0.126965 -0.175739 0.0525678 0.0777168 -1.44559 -0.914876 -0.737431 0.532049 0.722622 1.3352 -0.378011 2.63415 -0.94908 0.108081 0.396005 0.167506 1.58407 2.09004 0.720583 2.48559 3.25131 0.839307 -0.48071 -0.0454211 -0.00371224 -0.741827 -1.22288 -0.612779 -0.098739 -0.0597853 
4.14734 -0.140873 -0.576874 -0.664745 -0.0855863 0.0201554 -0.090111 -0.00128945 0.0453552 -0.0754827 -0.0936802 -0.0283591 -0.000729652 -1.14895 -0.395329 0.285357 1.6491 0.745116 1.23641 -0.550264 2.42129 -1.13129 -0.297305 0.36332 0.413202 1.36037 2.16176 0.569118 1.32762 2.13364 0.0808839 -1.1172 -2.20389 -2.25429 -1.9993 -1.53971 0.121037 1.5932 0.99144 
4.16575 -0.133988 -0.623564 -0.726286 -0.144028 0.0213011 -0.118851 0.0893402 0.0461577 -0.121778 -0.177327 -0.0493282 -0.0213516 -0.307049 0.263378 1.00618 2.12689 0.246898 0.12 -0.351435 1.90671 -0.7562 -0.0645377 0.357418 0.270757 0.981309 0.686489 0.411991 0.723055 1.4728 -0.681083 -1.2646 -1.96023 -3.21053 -1.72847 -0.384306 1.47136 1.91807 0.619024 
4.15846 -0.0940646 -0.588379 -0.626824 -0.156704 -0.0814193 -0.157762 -0.0417648 -0.0123585 -0.252891 -0.190621 -0.0217892 0.0927743 -0.0836754 0.253636 1.60674 2.83559 0.16859 0.477309 -0.816714 1.68168 -0.338297 -0.186147 0.410384 0.26427 0.720689 -0.384331 0.394178 0.324305 0.0961498 -1.42757 -0.827247 -0.693061 -1.19297 0.828677 1.42699 1.14571 0.42816 -0.905209 
4.22491 -0.123578 -0.479515 -0.417445 0.0463029 0.00196665 -0.364304 -0.0802303 -0.219349 -0.144861 -0.0861384 0.128966 0.198553 0.0445576 0.334854 1.40966 3.45563 -0.0918551 0.440102 -1.07375 0.664628 -0.587675 -0.440189 0.628749 0.0176183 0.244036 -0.896132 0.395262 -0.423364 -1.04125 -1.28402 0.376322 1.22396 0.249105 2.83906 0.93647 -0.201022 -1.77544 -2.05584 
4.20549 -0.103763 -0.528164 -0.542308 -0.127213 0.0104646 -0.288177 0.0129125 -0.112641 -0.216454 -0.0845478 0.119484 0.122675 -0.639664 0.0785472 0.773232 2.75711 0.101969 0.467419 -1.10669 0.795637 -0.195502 -0.658437 -0.153302 0.0154875 0.0326268 -1.19257 -0.527176 -0.814708 -0.325424 0.371475 1.19884 1.71342 1.4666 2.28894 0.142927 -1.45054 -2.40893 -1.87401 
4.14049 -0.0635131 -0.503229 -0.492205 -0.230934 -0.130001 -0.17225 -0.0456224 -0.0449447 -0.106868 -0.0281759 0.0359031 0.0391621 -1.33748 -0.366599 0.288324 2.46412 -0.524341 -0.145448 -0.55389 1.44498 0.616692 -0.735659 0.0220733 -0.28266 -0.642658 -1.06123 -1.2456 -1.62614 -0.649956 0.88309 0.729647 0.57554 1.86216 0.742264 -1.65921 -1.9927 -1.09587 -0.69392 
4.12567 -0.0808912 -0.415914 -0.374249 -0.173369 -0.0103592 -0.316043 0.095783 0.0788471 -0.110328 -0.120278 -0.00948802 0.0639396 -1.51681 -0.598153 -0.297351 1.99714 -0.349836 -0.626957 -0.489631 1.65188 0.671474 -0.328617 -0.0406909 -0.648605 -0.863421 -0.712484 -1.19134 -1.83379 -0.778467 0.686301 -1.55646 -0.0163934 0.267328 -1.42237 -1.5118 -0.515728 0.610543 0.58156 
4.19045 -0.0654511 -0.495106 -0.310786 -0.0287575 0.115506 -0.305732 -0.062705 -0.0947649 -0.227443 -0.0996969 -0.0351149 0.052492 -1.4715 -0.34919 -0.627677 1.23876 -1.02832 -1.09765 0.285652 0.983382 0.802672 -0.82005 -0.168207 -0.871797 -0.968555 -0.0604057 -0.352611 -0.641592 -1.06482 -0.867299 -2.85926 -0.306358 -0.706426 -1.41308 0.121771 1.06224 1.58802 0.980017 
4.00641 -0.194241 -0.560213 -0.39469 -0.0689054 0.0638182 -0.195496 0.234228 0.0129677 -0.241623 -0.23989 -0.0180321 0.00630929 -1.04653 -0.312423 -0.264562 1.91997 -0.422251 -0.977935 0.284855 0.658916 0.222113 -1.33439 -0.191409 -0.338892 -0.177733 1.44518 1.30123 0.826427 -0.29327 -1.52076 -1.86472 0.116066 -2.56079 -0.905801 0.376014 1.8925 1.18316 1.1136 
3.98261 -0.185286 -0.592874 -0.379701 -0.291893 -0.175553 -0.251342 0.21411 0.0711717 -0.299384 -0.119145 -0.00852779 -0.0294533 -1.00936 -0.562925 -0.72016 1.50287 -0.625919 -1.52906 -0.260462 0.723057 0.520639 -1.65371 0.0579603 0.0238696 0.0551258 1.47327 1.34587 1.33735 0.534293 -0.252263 0.269211 0.270802 -2.08468 0.310584 0.497311 0.934239 0.261453 0.808799 
4.04804 -0.151598 -0.563703 -0.275011 -0.0702144 -0.193072 -0.377861 0.0440618 -0.11273 -0.176424 -0.080487 0.00569215 0.102774 -1.32876 -0.452772 -1.05461 0.651122 -1.12022 -2.11852 0.620346 0.49235 0.770827 -0.915042 0.81217 0.134582 -0.268221 0.0717278 0.269272 0.38859 -0.0791058 -0.1399 1.63479 0.79724 0.580503 2.13534 -0.121474 -0.0700395 -0.431064 -0.480854 
4.08388 -0.0857748 -0.528882 -0.359369 -0.249161 -0.115561 -0.216218 -0.0222245 -0.0602027 -0.250813 -0.0558482 0.0207117 0.0200548 -1.24333 -0.268641 -0.803674 0.257511 -1.31302 -2.02375 0.492359 0.241165 1.26564 -0.0300215 1.3601 0.385863 -0.36694 -1.16283 -0.87779 -1.12488 -0.840297 0.851142 1.05228 0.249677 1.56067 1.67831 0.656659 0.0184129 -0.424809 -1.02791 
4.07708 -0.0998602 -0.476728 -0.194334 -0.204899 -0.0807279 -0.166676 0.11675 0.00863509 -0.391059 -0.126679 0.0319174 0.0936413 -0.628405 0.153726 -0.320385 0.319288 -0.393713 -0.882015 0.0423595 -0.719138 0.662447 0.146064 1.27895 -0.289336 -0.466991 -1.35496 -0.930484 -1.18782 -2.01358 0.868021 0.380498 -0.423795 0.825664 0.208392 1.83775 0.139728 -0.663773 -1.41862 
3.96746 -0.190516 -0.619898 -0.257054 -0.253237 -0.279732 -0.348556 0.146718 0.152017 -0.314362 -0.0706602 -0.0230279 0.0227698 -0.405092 0.0891913 -0.375511 -0.0390528 0.683104 0.605192 0.177143 -0.593466 0.320679 0.0799341 0.761768 0.138451 -0.180165 0.647409 0.375551 0.297307 -1.10212 1.47951 1.5358 -0.450781 -1.34398 -2.29295 1.01848 0.082657 0.210837 0.0298206 
3.90006 -0.172354 -0.643714 -0.357029 -0.227751 -0.186284 -0.152029 0.179626 0.121477 -0.211324 -0.0114429 -0.0171922 -0.0368669 -0.762144 -0.0993809 -0.418391 -0.509252 0.196905 0.578495 0.0419191 -0.382334 -0.0979061 -0.251239 0.299049 0.17091 -0.243666 1.81607 0.900597 1.37992 0.312536 1.49331 1.67207 -1.31874 -2.40976 -3.45678 -0.60075 -1.00038 0.624174 1.58487 
3.95968 -0.159346 -0.641631 -0.356147 -0.223535 -0.178851 -0.219432 0.0540619 0.0694984 -0.196525 0.0562977 0.0614147 -0.0306893 -0.98495 -0.222246 -0.503522 -0.657308 0.859121 -0.0171134 -0.875604 -1.05446 -1.57062 -0.11557 0.0258726 0.444467 0.407513 0.877788 0.601933 1.15352 0.526584 0.170519 0.483173 -0.741814 -1.38956 -2.74712 -1.96671 -1.71588 0.726106 1.88935 
3.96959 -0.138701 -0.540983 -0.317104 -0.138815 -0.116563 -0.28867 0.064462 0.00967582 -0.248915 -0.0825545 -0.120446 -0.0403701 -0.69111 -0.12859 -0.261727 -0.821357 0.654602 0.145684 -1.01079 -1.557 -2.16306 -0.119353 0.487616 1.09995 0.526106 -0.468165 -0.338908 -0.0249951 0.545103 -0.962618 -1.30454 -0.363207 0.0873327 -0.888785 -1.55646 -0.332192 1.65293 1.40351 
4.04652 -0.117752 -0.605672 -0.318832 -0.0767667 -0.0236025 -0.276005 -0.00341855 -0.033524 -0.297111 -0.0120343 0.112614 0.0908623 -0.309783 0.149835 0.849399 -0.00874266 0.650262 1.0963 -0.253226 -1.35458 -2.83338 -0.721855 0.0386916 1.23127 0.776955 -1.42766 -0.790127 0.0300488 0.312703 -1.51694 -1.6899 0.333536 1.25482 0.560219 -0.0461636 0.543539 0.270563 -0.552799 
3.94121 -0.140833 -0.573148 -0.346569 -0.190751 -0.12472 -0.293825 -0.0163182 -0.137106 -0.305042 -0.0923871 0.0345635 0.069122 -0.312426 0.00479703 1.19686 0.778864 0.285922 0.845052 -1.01335 -1.38511 -1.65834 -0.826639 0.40169 0.903291 0.258102 -0.459404 -0.327848 0.694374 0.892354 -0.587592 0.37778 0.974495 1.219 2.30033 1.0259 1.74074 -0.392295 -1.91664 
3.88264 -0.155403 -0.615243 -0.388612 -0.155461 -0.23234 -0.341872 -0.0821788 -0.222829 -0.343446 -0.0866342 0.087836 0.107152 -0.718602 -0.156133 0.894156 0.435884 0.100267 0.54472 -1.07857 -1.05928 -0.985326 -0.362033 0.627033 0.818389 0.346607 0.608247 0.140042 0.972676 0.968175 0.0685492 1.6393 0.151579 0.508087 2.88453 1.4632 1.4367 -1.13686 -1.69899 
3.92564 -0.184502 -0.589923 -0.315563 -0.169772 -0.149446 -0.339346 0.0115157 -0.095948 -0.327078 0.0647603 0.185079 0.0784987 -1.13261 -0.280365 0.825896 0.267381 -0.499817 -0.102417 -1.0885 -0.717564 -0.300259 0.260966 0.668798 0.915046 0.614073 0.257665 0.385047 0.456504 -0.0323937 0.253218 0.571255 -0.825633 -0.268655 1.69003 1.20201 -0.583093 -1.60539 0.0566846 
3.91645 -0.145385 -0.453044 -0.26674 -0.155208 -0.00450282 -0.208866 0.0224719 -0.210399 -0.320518 -0.0442156 0.0811231 0.0341907 -1.14795 -0.16265 0.79787 0.0960007 -0.0705587 0.0653581 -0.365805 0.12606 0.170107 0.486686 -0.0701973 -0.212275 -0.01363 -0.146907 0.1918 -1.23066 -1.32696 0.35011 -1.09019 -0.668314 0.0512534 0.59233 0.513435 -1.48822 -0.42777 1.43872 
3.91733 -0.149312 -0.459077 -0.212694 -0.172363 -0.0371569 -0.371486 -0.0967959 0.0169546 -0.274323 0.109357 0.0472814 -0.0845081 -0.773791 -0.105169 0.281729 -0.267904 0.25963 0.163984 -0.68544 0.0452961 0.879659 0.673827 0.117616 0.0907016 -0.0455933 -0.602617 -0.0837041 -1.74532 -2.02369 0.172783 -1.87022 0.358254 0.916864 -1.10188 -0.237842 -2.27747 0.160261 1.50366 
3.88816 -0.165687 -0.551642 -0.359281 -0.139331 -0.105594 -0.449152 -0.109719 -0.104144 -0.250764 0.0459261 0.118333 0.115058 -0.554085 -0.228956 0.126055 -0.298016 -0.200896 0.181138 -0.428689 0.66098 1.00575 0.220419 -0.563773 -0.548368 -0.126269 0.0321512 -0.280925 -1.0702 -0.654534 -0.144147 -0.781121 1.31104 1.50057 -0.542951 -1.20821 -1.2387 -0.0247653 -0.460954 
3.8087 -0.171105 -0.472617 -0.317327 -0.226103 -0.181414 -0.425356 -0.0211273 -0.0925618 -0.239524 -0.0703021 0.0993457 0.190057 -0.928999 -0.374586 -0.610349 -0.843141 -0.221007 -0.754884 -0.0555854 0.573368 0.0706242 -0.0365839 -0.775771 -0.586903 0.263517 0.639915 -0.443518 -0.712863 0.258478 -0.203605 0.386707 1.40939 0.883256 -0.336126 -1.28825 0.832578 -0.0284083 -1.53468 
3.85824 -0.139365 -0.546115 -0.357146 -0.0753095 -0.0561873 -0.207133 0.0725514 -0.111974 -0.284107 -0.123577 0.0301597 0.0335524 -0.955792 -0.89224 -1.18328 -1.07932 -0.351258 -1.03072 0.139312 1.58643 0.157903 0.264735 -0.230896 0.00803942 0.541016 0.202073 -0.792011 0.062753 0.739934 -0.923124 0.236231 0.260448 0.391665 -0.313475 -0.122134 1.82456 0.148331 -0.459767 
3.83161 -0.180776 -0.588566 -0.413127 -0.161761 -0.174581 -0.463163 -0.0716725 -0.0285902 -0.242305 0.0097196 0.13406 0.0369275 -0.799942 -0.770876 -1.20999 -1.5044 -0.558908 -0.553308 0.800678 1.37976 -0.802215 0.53623 -0.501713 0.309797 0.792862 -0.0563231 -0.420005 0.044771 0.108861 -0.573664 0.380043 0.350631 -0.0464968 -0.724658 1.16716 1.28893 0.410014 0.836405 
3.8709 -0.212998 -0.534827 -0.318582 -0.238208 -0.106297 -0.34358 0.101501 -0.0437446 -0.378826 -0.101702 0.0014736 0.038441 -0.603626 -0.535087 -0.782514 -1.12742 -0.654906 -0.423026 0.642046 1.00148 -0.685294 0.753397 0.0746901 0.0268623 -0.0315843 -0.334102 0.371653 0.0213377 -1.06005 0.164226 -0.0820541 -0.42601 -1.05894 -1.19874 2.25785 0.459908 0.996866 1.3766 
3.77789 -0.218288 -0.61781 -0.387784 -0.184081 -0.20546 -0.266872 0.037457 -0.178553 -0.300166 0.00612641 0.0767442 0.100849 -0.229718 -0.237932 -0.631532 -1.39793 -0.378712 -0.418435 -0.119368 0.43335 -0.721077 0.817189 0.217376 0.0621201 0.0240544 0.407465 1.1687 0.899979 -0.767319 0.386459 0.196631 -1.21538 -1.15835 -0.0700254 1.14674 -1.06446 0.0574485 0.142793 
3.78498 -0.29064 -0.609234 -0.401652 -0.200882 -0.137313 -0.295832 0.225416 -0.0704856 -0.170226 0.0292918 0.110787 0.107018 -0.0570288 -0.00905736 0.0541987 -0.750053 -0.255526 -0.405442 -0.778363 -0.0955188 -0.81313 0.509226 -0.0127731 0.148883 0.858646 1.07322 1.59058 1.16688 0.340526 1.12712 0.241803 -1.34388 -1.87455 0.17597 -1.30299 -1.37689 -0.755022 -0.677086 
3.80697 -0.206317 -0.648604 -0.531426 -0.246214 -0.127144 -0.331436 -0.0397375 -0.182905 -0.146669 -0.0472786 0.148863 0.16312 0.298438 0.378672 0.425953 -0.252738 0.515058 0.168122 -0.360377 -0.174261 -0.930115 0.054843 -0.505522 -0.0883679 0.92229 1.04997 0.652525 1.34902 2.03167 1.22423 0.188693 -1.24621 -0.517476 0.95967 -2.68449 -0.577701 -0.884852 -0.442689 
3.78861 -0.188035 -0.576409 -0.464645 -0.219609 -0.203771 -0.363803 0.0508935 -0.190964 -0.174532 -0.028205 0.0619264 0.0746519 0.505412 0.591237 0.565472 -0.0266116 0.897606 0.209381 -1.01845 -0.89871 -0.577461 -0.158618 -0.381291 0.146615 0.857879 0.779375 -0.203857 0.640177 2.27736 0.933771 0.884479 0.187123 0.179485 0.718337 -2.52886 -0.181577 -0.319482 0.531495 
3.83729 -0.161905 -0.559159 -0.506268 -0.179662 -0.1913 -0.415496 0.0565071 -0.129746 -0.217377 -0.0917361 0.056321 0.0850058 0.866885 0.633172 0.911249 0.624975 0.855692 0.533329 -1.13056 -0.826105 -0.164479 -0.980972 -0.730371 -0.224704 0.659482 -0.100954 -0.727121 -0.290216 1.40278 0.291334 0.650589 0.971809 0.228806 0.0587947 -0.736435 0.7542 0.475216 0.73833 
3.87359 -0.171257 -0.526131 -0.365862 -0.119531 -0.115851 -0.411222 -0.00286093 -0.164692 -0.316018 -0.0740752 0.0774287 0.178482 0.760612 0.606919 0.833414 0.977829 0.965734 0.371015 -0.791477 -0.969357 -0.304591 -1.47283 -0.567938 -0.295624 0.633082 -0.560758 -0.671959 -0.740472 -0.342579 -0.691685 0.0828559 0.845215 0.581885 0.137919 1.00749 0.637169 0.488099 -0.0772328 
