2.49432 -0.490604 -0.138113 -0.180801 -0.111123 -0.132675 -0.156391 -0.125455 -0.0881375 -0.0426517 -0.0117654 -0.0698659 0.0143164 -0.485739 -0.32491 -0.174591 -0.590406 -0.753673 -0.53062 0.0479171 0.0206231 -0.333566 -0.643973 -0.222182 0.733213 0.223452 -0.360415 -0.140521 0.126554 0.00726613 -0.37369 -0.425678 0.0353771 -0.0524507 -0.477043 -0.702465 -0.10333 0.288876 0.155138 
2.47178 -0.52587 -0.195465 -0.294034 -0.193829 -0.162517 -0.157356 -0.109937 -0.0634175 -0.0199303 -0.0202925 0.0197749 0.0322611 -0.696586 -0.468315 -0.335717 -0.629263 -0.678648 -0.445471 0.154289 -0.0555016 -0.228536 -0.293394 -0.0374868 0.687635 0.111494 -0.00859547 0.188241 0.399059 0.890933 0.574171 0.254697 0.421374 -0.134871 -0.462349 -0.139666 0.352859 -0.395293 -0.109463 
2.41152 -0.544455 -0.167871 -0.258357 -0.184887 -0.194672 -0.186023 -0.136828 -0.0975405 -0.131488 -0.0796095 -0.0228801 0.0219606 -0.761602 -0.501208 -0.405014 -0.567493 -0.617898 -0.317834 0.245187 -0.0762746 0.0316373 -0.142324 -0.122721 0.663637 0.181913 0.40487 0.310827 0.0777537 0.743593 0.895014 0.905616 0.73986 -0.00362547 0.26786 0.981899 0.587938 -0.368375 -0.127283 
2.4241 -0.536394 -0.153484 -0.226853 -0.218435 -0.238938 -0.203387 -0.132308 -0.117418 -0.0763738 -0.00339215 -0.0190136 0.04337 -0.766162 -0.575995 -0.517956 -0.526211 -0.592155 -0.240282 0.148017 -0.141228 -0.0659329 -0.303377 -0.132471 0.432953 0.173844 0.236409 0.00291473 -0.426214 0.0622123 0.687505 0.993967 0.394382 -0.0428686 0.684336 0.813071 0.0288065 -0.423443 -0.17099 
2.47259 -0.501747 -0.141016 -0.226776 -0.161498 -0.147173 -0.0941077 -0.113353 -0.151047 -0.139615 -0.0375371 0.0293952 0.0400809 -0.578934 -0.476895 -0.54135 -0.248406 -0.379507 -0.142253 0.191906 0.0103485 0.0940872 -0.240692 -0.0963179 0.201352 0.055419 -0.0546827 -0.300867 -0.649805 -0.297669 -0.0834604 0.0661302 -0.540285 0.0550128 0.843118 0.451941 -0.231496 -0.508306 -0.112091 
2.39229 -0.562968 -0.20474 -0.26122 -0.170906 -0.164538 -0.133625 -0.142138 -0.0810983 -0.00420725 0.010966 -0.00957558 0.00642861 -0.0466862 -0.417624 -0.498928 -0.299304 -0.273879 0.0688744 0.560983 0.099856 -0.171379 0.177168 -0.116719 -0.146463 -0.00171861 0.546909 -0.121656 -0.23474 -0.532981 -0.613296 -0.421611 -0.301399 0.338611 -0.189961 -0.412672 -0.585399 -0.240266 0.0840925 
2.40323 -0.55343 -0.19844 -0.256168 -0.189421 -0.161882 -0.131802 -0.13247 -0.0405526 -0.0444732 -0.0508335 0.0108923 0.0500509 0.147811 -0.254043 -0.542258 -0.585127 -0.334877 -0.0438575 0.499686 0.282734 0.181 0.592106 -0.0676317 -0.0928114 0.082125 0.706773 0.224676 0.333198 -0.272732 -0.380247 -0.680138 -0.0272409 0.391181 -0.734743 -0.263431 -0.177414 -0.31172 -0.0187149 
2.39558 -0.579611 -0.224433 -0.280131 -0.217747 -0.181704 -0.172672 -0.145269 -0.118092 -0.12296 -0.0417294 -0.0205899 0.0393628 0.421525 -0.0427369 -0.426844 -0.652306 -0.297732 0.0581707 0.622833 0.407099 0.228312 0.435409 -0.225165 -0.099741 0.0653769 0.981427 0.759817 0.729376 0.00269955 0.0736833 -0.184406 0.684223 0.468543 -0.297767 0.612191 0.292732 0.14114 0.0960405 
2.41884 -0.558391 -0.223626 -0.245833 -0.197677 -0.188843 -0.141477 -0.09609 -0.0611834 -0.087102 -0.0377447 -0.00849982 0.018035 2.23181 -1.08974 -0.404094 -0.439429 -0.553427 -0.68957 0.778607 0.959856 -0.176755 0.940762 -0.23033 -0.409624 0.258752 2.24624 -0.423636 0.495422 0.177373 0.257635 -0.120452 0.996834 0.601409 -0.335896 0.941932 0.205225 0.0767473 0.297367 
2.48622 -0.585295 -0.22855 -0.344267 -0.24607 -0.17461 -0.0564524 -0.104266 -0.160816 -0.00942063 -0.0583781 -0.022212 0.0342866 5.07137 -2.01998 -0.192091 0.270429 -0.264008 -1.08862 0.861897 0.966568 -0.930463 1.14826 -0.348248 -0.598384 0.461368 4.35419 -2.22967 0.0200746 1.26053 0.495942 -0.773098 0.0941045 0.389998 -0.234176 1.06157 0.121963 -0.376392 0.355275 
2.42794 -0.538808 -0.200908 -0.302323 -0.21808 -0.228756 -0.137855 -0.0950245 -0.0554251 -0.0302453 -0.0420003 -0.021983 0.0520937 6.29388 -2.33244 0.210425 0.295069 -0.254341 -0.904113 0.846977 0.652991 -0.984016 1.52198 -0.260043 -0.826914 0.212561 5.56379 -2.89953 0.069814 1.18768 0.143561 -0.511304 -0.138221 -0.20314 -0.905671 0.601031 -0.354004 -0.694086 0.10956 
2.51211 -0.506879 -0.197074 -0.29433 -0.210785 -0.151432 -0.0510352 -0.0723108 -0.0870398 -0.036285 -0.0249361 0.00575106 0.0447795 7.12144 -2.75433 0.39788 0.325119 -0.0554401 -0.869017 0.421721 0.236251 -0.753769 1.66804 -0.526523 -0.818722 0.356009 3.62701 -2.13045 0.255814 0.432594 0.0198672 -0.359737 -1.23197 -1.16287 -0.641793 0.0187144 -0.599375 -0.758916 -0.143414 
2.90567 -0.822138 -0.245526 -0.272689 -0.248535 -0.297732 0.012573 0.0452671 -0.172662 0.0841348 -0.0684475 -0.0676627 0.0762534 5.8119 -2.61592 0.180103 -0.188873 0.427048 -0.399355 0.0163661 -0.695832 -0.21441 0.83976 -0.510511 -1.12825 0.503894 -2.79074 1.39086 0.375214 -1.07004 0.590423 1.25811 -1.54294 -2.39083 1.14937 -1.37895 -0.272777 -0.198584 -0.256758 
3.22276 -0.907694 -0.236808 -0.159999 -0.190952 -0.339963 -0.0881563 -0.0705443 -0.231598 0.128851 -0.0702183 -0.110055 0.0908957 3.94947 -2.13195 0.225428 -0.454977 0.570227 0.316294 -0.404114 -1.04431 0.724186 -0.0114471 -0.117033 -1.1133 0.259988 -8.43802 3.42113 0.107933 -2.54431 0.482143 2.36456 -0.769032 -1.78402 2.58637 -2.40402 0.433161 0.33967 -0.245794 
3.10643 -0.778208 -0.133472 -0.271555 -0.256494 -0.220566 -0.0618242 -0.103934 -0.164133 0.0682628 -0.0874867 -0.106147 0.032809 1.92459 -1.51635 0.230922 -1.08303 0.515905 0.79844 -0.490584 -1.68131 1.26591 -0.256999 -0.0516958 -1.25094 0.128781 -9.00153 3.03055 -0.50015 -1.79752 0.643263 1.69025 -0.310392 -0.840138 2.90731 -1.99718 1.01474 0.315805 0.0175494 
3.17254 -0.871299 -0.177295 -0.279102 -0.207439 -0.275246 -0.148737 -0.132258 -0.164623 0.0797968 -0.123522 -0.0966939 0.0829401 -0.84793 -0.433414 0.176396 -1.47824 0.855092 1.21115 -0.878444 -2.20174 1.75632 -0.813207 0.192128 -1.06021 0.0538519 -6.02216 1.98515 -0.444737 -0.667412 0.241933 1.10751 0.676602 0.100321 1.45086 -0.897364 1.16517 0.233481 -0.221358 
2.84017 -0.777963 -0.240826 -0.390891 -0.105639 -0.170167 -0.0969079 -0.245042 -0.0214379 -0.0346132 -0.082451 -0.163669 0.105632 -3.48069 1.02771 0.107216 -1.58114 0.625535 1.89726 -0.4738 -2.17301 2.16632 -1.45679 0.0320223 -0.447948 0.0605696 -0.244056 0.0107745 -0.109819 1.03682 -0.771103 -0.457837 0.849149 1.13469 -0.861702 0.695204 -0.0322138 0.556785 -0.154412 
2.78401 -0.767688 -0.180158 -0.399482 -0.187527 -0.096863 -0.120741 -0.185557 0.0313988 -0.0630794 -0.00324583 -0.13343 0.050911 -2.92096 0.787739 -0.278204 -1.01476 -0.745967 1.32842 0.341983 -0.800244 1.54799 -0.677781 -0.0400013 0.131503 0.171016 4.00917 -0.751884 -0.259764 2.1962 -1.74969 -1.52618 1.03853 1.5102 -2.56445 1.79878 -1.16861 1.01164 0.248985 
2.75047 -0.753474 -0.173093 -0.405339 -0.173874 -0.150035 -0.138336 -0.269835 0.0798668 -0.00276188 -0.0508643 -0.185669 0.0669901 3.31925 0.858972 -1.47472 0.110107 -1.50582 0.531798 -0.0460896 -1.21459 0.0255722 0.0996922 0.242746 1.06994 0.709095 9.88324 -0.365288 -1.21474 2.25613 -2.80196 -1.52621 0.560699 1.16473 -3.49577 1.77707 -0.87966 2.08948 0.711984 
2.70246 -0.736795 -0.208787 -0.414826 -0.0924344 -0.0935656 -0.132401 -0.293635 -0.00452912 -0.0527302 -0.0248367 -0.144727 0.0669767 12.9606 1.47559 -1.89393 0.579212 -2.5107 0.179579 -0.165162 -1.11861 -1.08731 0.301867 0.590652 1.92616 0.627479 18.8548 0.228555 -2.04845 1.67701 -2.93436 -1.65851 -0.631572 0.134385 -2.92516 1.36106 0.21487 2.28189 0.905878 
2.70083 -0.731654 -0.219211 -0.379868 -0.212327 -0.0880748 -0.0414363 -0.234392 0.0276111 -0.072645 -0.142858 -0.1047 0.100252 20.3917 1.44962 -1.81978 0.956024 -3.01306 0.114332 0.171465 -0.340322 -0.918708 0.537779 0.229726 2.48897 0.0454923 21.6847 1.25688 -1.48181 0.115244 -1.07361 -0.197266 -0.966718 -0.673077 -0.405094 -0.00233386 1.43 1.44028 -0.315286 
3.05418 -0.819049 -0.243242 -0.26098 -0.451012 -0.203099 -0.0157625 -0.0858746 -0.09378 0.123387 -0.0959291 -0.0487474 0.10071 22.9294 1.66648 -1.15489 0.757288 -3.08433 0.0520457 0.17951 -0.394733 -0.808649 0.793878 -0.0383898 2.07018 -0.393734 13.2642 1.59602 1.03758 -1.49744 1.1857 1.30897 -0.690279 -0.836406 2.28531 -1.31291 0.852265 -0.450413 -1.76273 
4.11506 -0.63353 -0.456343 -0.259296 -0.420699 -0.183597 -0.197898 -0.420673 -0.226414 0.0769218 -0.0118934 0.0987191 0.195429 22.3828 1.64427 -0.594187 0.1751 -3.36496 -0.0623521 0.455242 0.573169 -1.24917 0.746158 -0.120739 2.06341 -0.76215 -5.86324 0.0237995 3.61033 -2.20928 1.72891 1.10664 1.16877 1.73262 2.89504 -0.860561 -0.938332 -2.3304 -2.42818 
5.33385 -0.5905 -0.446069 -0.308614 -0.457464 -0.182651 -0.190999 -0.338889 -0.207066 -0.00415008 0.0405631 0.125472 0.139247 19.3182 1.05925 0.215728 0.248586 -2.89073 -0.49239 0.861452 1.12286 -1.50116 0.780264 -0.635801 1.62565 -0.851913 -23.1236 -1.69032 3.75946 -1.06501 1.53014 -0.011944 2.0655 2.6586 0.40431 0.163472 -2.24419 -2.3508 -1.13197 
5.25548 -0.587858 -0.346098 -0.331519 -0.443394 -0.0330788 -0.000726965 -0.191644 0.103187 -0.0282366 -0.0595885 0.0982092 -0.0218999 16.8061 2.23693 1.29301 -0.577456 -2.23845 -1.5338 0.321196 1.61525 -2.20293 -0.0696833 -0.621874 0.752685 -1.47586 -21.3446 -0.850491 2.11051 -0.0709757 0.133943 -2.8524 0.499675 2.2008 -3.68925 0.256279 -1.71727 -1.40193 0.661611 
4.96835 -0.572958 -0.161202 -0.348774 -0.521862 -0.103145 -0.110656 -0.273686 -0.0234789 0.0928144 -0.0717413 -0.0147485 -0.0407846 13.414 3.33165 1.44434 -1.39928 -1.54043 -2.39001 0.241773 2.35275 -1.86254 -1.2509 -0.708413 0.341931 -1.91692 -6.10362 1.46863 -1.06464 0.1949 -0.176682 -4.00468 -0.840653 1.57784 -3.85864 -1.14404 0.129369 0.345377 0.966127 
4.79952 -0.594319 -0.243178 -0.423369 -0.575897 -0.191048 -0.0173797 -0.0996247 -0.22768 0.0842993 -0.121629 0.0876905 0.00871499 8.59632 3.54851 1.2304 -1.4612 -1.64272 -3.37492 0.395446 3.94406 -1.73339 -1.23376 -0.526662 0.163784 -1.85665 8.59863 3.87988 -2.83022 -0.167424 0.314812 -2.92098 -2.33457 -0.107254 -0.688683 -2.24812 2.00854 0.895934 0.377095 
4.71582 -0.709448 -0.205461 -0.258102 -0.501342 -0.227039 0.0630737 -0.0773472 -0.305902 0.0662036 -0.199879 0.100519 0.0477305 6.14942 4.02395 0.0390053 -1.25766 -1.45306 -3.95119 -0.382788 3.94493 -1.84325 -1.34197 0.0726254 0.62 -1.13279 11.923 3.76145 -3.22117 -1.05497 0.158775 -0.75871 -2.16901 0.309838 2.96012 -1.79572 2.84891 0.981865 -0.276628 
5.40529 -0.278613 -0.102093 -0.434315 -0.640495 -0.469719 -0.130609 -0.0137984 -0.409295 -0.0751081 -0.137421 0.0120903 -0.0906126 6.70892 4.49214 -1.0485 -1.09854 -0.919869 -4.19119 -1.70309 3.81846 -1.70731 -1.76594 0.841977 1.06889 -0.308739 0.381275 -0.137821 -2.57916 0.0773928 1.13539 2.24705 -0.807909 0.301262 4.79387 0.127121 1.70869 1.03442 0.656978 
5.86301 -0.191235 -0.293879 -0.481829 -0.616209 -0.524322 -0.128659 0.0433822 -0.290119 -0.138626 -0.0431559 0.116813 -0.125885 4.27533 5.06663 -1.1579 -0.504476 -0.784214 -3.03041 -1.19053 1.7804 -0.141932 -0.619984 0.607806 1.40761 -0.469316 -12.7024 -2.16549 0.379149 1.42059 0.764225 3.38512 0.157773 -2.40844 2.68264 2.99639 -0.541565 0.185392 1.26155 
5.8555 -0.166351 -0.373823 -0.465956 -0.618899 -0.52178 -0.124283 0.140631 -0.270624 -0.100573 -0.00981915 0.160402 -0.0576557 0.311197 5.25934 -0.32671 0.015205 -1.13948 -1.65484 -0.791957 -0.959207 0.863649 1.42073 0.319072 0.849261 -0.631782 -17.9366 -2.06448 2.66825 1.99016 -0.149933 3.30489 1.72659 -5.48251 0.273128 4.78777 -2.43035 -0.579899 0.619709 
5.82242 -0.170432 -0.384457 -0.452939 -0.625778 -0.523667 -0.15672 0.218146 -0.208797 -0.129817 0.0110478 0.186947 -0.0497523 -4.31746 4.63507 0.221665 -0.00452909 -1.33941 -0.446951 0.0144751 -2.69353 0.946008 3.25218 -0.0993807 0.714544 -0.37262 -14.4643 -0.768702 3.7524 1.62486 -0.926547 2.3442 2.69703 -7.19409 -1.55547 5.37121 -2.85896 -1.3251 -0.249585 
5.47737 -0.110255 -0.353356 -0.450806 -0.545207 -0.5258 -0.290567 0.243787 -0.167126 -0.159104 -0.00627143 0.173732 -0.0157697 -9.4261 2.75187 0.914232 0.864684 -1.18727 0.910462 1.23805 -4.17186 0.804527 4.47157 -0.780166 0.736486 0.0849586 -4.14373 0.117989 2.68774 0.189289 -1.68681 0.978902 2.78155 -5.27572 -2.10707 3.48058 -1.45607 -1.11297 -0.861046 
4.86294 0.0330765 -0.210612 -0.348987 -0.684114 -0.448354 -0.0950823 -0.272498 -0.187597 0.224748 -0.143672 0.192332 -0.0992478 -11.3108 2.27791 2.23103 0.918756 -1.55709 1.19391 1.59611 -5.01641 -0.0188696 4.76473 -1.18206 0.203492 -0.00697906 5.2492 -1.30655 0.153376 -0.938801 -0.417221 -0.0835454 1.10628 0.763223 -1.24296 -1.06483 0.731961 -0.248735 -0.0676026 
4.74109 0.0742421 -0.172717 -0.350381 -0.768939 -0.410896 -0.00975793 -0.365547 -0.241911 0.36037 -0.163142 0.132792 -0.0954516 -8.28095 1.23907 2.12974 0.396588 -0.523012 0.368775 1.03554 -3.966 0.388885 2.88686 -0.145756 -0.241027 -0.394056 10.0458 -2.74582 -1.48827 -1.35256 1.85025 -1.5022 -1.53659 5.66698 0.578102 -5.49848 2.68547 0.222489 0.332095 
4.72917 0.0584978 -0.143828 -0.392393 -0.724331 -0.419874 0.000836477 -0.354768 -0.272073 0.385587 -0.156063 0.147537 -0.0655855 -2.82196 -0.0296032 1.50442 0.0511066 -0.299521 -0.490704 0.337054 -1.53355 0.252639 1.03308 1.00363 -0.223939 -0.152066 12.1557 -3.29483 -2.18005 -1.0261 2.49205 -2.49262 -3.45467 7.96775 1.69736 -7.39365 3.57445 0.195742 0.373447 
4.69622 0.0508825 -0.130088 -0.368996 -0.766617 -0.39471 0.00910946 -0.3824 -0.241354 0.330513 -0.132441 0.185627 -0.0833259 3.30086 -1.42161 0.522767 0.0647193 -0.730119 -1.05715 -0.0195954 1.07428 -0.221576 -0.871991 1.96826 -0.174151 0.0767886 11.4824 -2.87619 -2.14846 -0.235497 1.42743 -2.44825 -3.29027 7.00293 0.858718 -5.67198 2.86289 -0.172405 0.47878 
4.63547 0.0547279 -0.0843978 -0.380239 -0.789484 -0.401769 0.0213425 -0.379656 -0.266454 0.341671 -0.123932 0.178707 -0.0805402 7.88895 -2.58068 -0.373514 0.1469 -0.934198 -1.59892 -0.620202 3.4749 -0.493576 -2.75132 2.52567 -0.139751 0.405056 8.35155 -1.78838 -1.52347 0.976604 -1.40709 -1.10109 -0.722456 2.90338 -0.894266 -1.55308 0.764356 -0.153083 0.33357 
5.09949 -0.112377 -0.194761 -0.451387 -0.506113 -0.593674 -0.172762 -0.0688557 -0.0719265 -0.0174935 0.121159 0.111576 -0.107716 9.05897 -2.99044 -0.480462 0.571023 -1.70143 -1.47872 -0.540582 3.24796 -0.622656 -2.7603 2.24272 -0.118854 0.659038 1.6573 0.00429453 -0.0329792 1.71018 -4.50369 1.36344 2.31168 -2.23538 -2.80757 3.18573 -2.19002 0.0284804 0.646481 
5.52529 -0.181227 -0.201061 -0.419446 -0.677874 -0.622776 -0.223739 0.127032 -0.177748 -0.0287517 0.148838 0.171183 -0.0311941 8.7636 -2.98898 -0.37732 0.949937 -2.61904 -1.17299 -0.0603835 2.34139 -1.06568 -1.8249 1.70772 -0.435013 0.899349 -5.46682 1.17845 1.12533 1.30567 -3.68129 2.42676 3.43917 -5.81422 -2.13941 4.9242 -3.29384 -0.242173 0.45019 
5.65004 -0.210678 -0.233663 -0.334316 -0.847541 -0.572409 -0.122597 0.0705861 -0.316304 0.0129333 0.116228 0.148872 -0.0377418 7.51924 -2.87723 0.0520611 0.902255 -3.08592 -0.661537 0.460957 1.13921 -1.45926 -0.662355 1.03136 -0.659798 1.22381 -8.54013 1.39262 1.86148 -0.00838381 -1.03343 2.04034 2.11529 -5.63958 -0.0968283 3.86547 -2.44531 -0.37942 0.425811 
5.65459 -0.237727 -0.213496 -0.290186 -0.947067 -0.575758 -0.00774748 -0.0501596 -0.344716 0.0916666 0.0623688 0.152024 -0.0523642 5.12283 -2.45938 0.536669 0.96528 -3.6556 0.305758 1.0575 -0.414166 -1.72552 0.446169 0.301272 -0.842486 1.56279 -7.09031 0.922348 1.58226 -1.16909 1.53077 1.1711 -0.150088 -2.62118 1.15835 1.28689 -0.565088 -0.690741 0.605733 
5.6124 -0.261431 -0.159628 -0.291819 -1.01469 -0.519562 -0.0113416 -0.135179 -0.327795 0.142132 0.0411881 0.119972 0.0242634 1.46973 -1.61241 1.21381 0.921485 -3.97331 1.23092 1.84127 -2.1467 -1.97892 1.80761 -0.726359 -0.86728 1.65831 -3.15914 0.32392 0.503166 -1.38933 2.77156 0.077536 -1.34447 0.666104 1.40419 -1.12984 0.801271 -0.498188 0.203335 
5.58574 -0.283709 -0.141728 -0.287086 -1.02889 -0.537804 0.00308262 -0.154444 -0.373437 0.188044 0.0487273 0.0920424 0.0469782 -0.685543 -1.22277 1.37855 0.432247 -2.51555 1.18196 1.66502 -2.44704 -1.12201 1.56612 -0.741936 -1.0273 1.38741 -0.564041 0.396343 -0.163212 -0.758752 1.81646 -0.0778302 -0.987455 1.80522 0.705727 -1.44675 0.516164 0.13884 -0.169709 
5.57454 -0.325944 -0.0885328 -0.325396 -1.03696 -0.506879 0.00333521 -0.189048 -0.356255 0.170227 0.057508 0.0862677 0.066291 -1.1168 -0.890129 1.39138 -0.0364688 -1.33415 0.858537 0.909755 -1.49443 -0.490453 1.08513 -0.539438 -0.833621 1.29525 0.318274 0.764998 -0.737938 0.0441374 1.12587 -0.415284 -0.255495 1.68532 0.189733 -0.860238 -0.124545 0.489766 -0.738905 
5.53907 -0.336014 -0.0780767 -0.310216 -1.08795 -0.446124 0.0124191 -0.200874 -0.38387 0.171725 0.0679393 0.0338618 0.125064 -0.82436 -0.580425 1.10638 -0.0577331 -0.686633 0.62704 0.324928 -0.359579 -0.389797 0.624699 -0.349135 -0.724209 1.08101 0.789415 0.842804 -0.724346 0.335916 0.928782 -0.947646 -0.189732 1.46205 0.268504 -0.211467 -0.438316 0.791417 -1.03887 
5.51155 -0.330262 -0.0740545 -0.308173 -1.07672 -0.460687 0.0447618 -0.203712 -0.384908 0.18131 0.0330136 0.0440444 0.112815 -0.271568 -0.315668 0.76307 0.0608744 -0.222045 0.152797 0.119471 0.478651 -0.304441 0.349646 -0.282898 -0.553973 0.639335 1.11998 0.597172 -0.486858 0.347966 0.657945 -0.953341 -0.711474 1.38594 0.281197 0.0472665 -0.0644093 0.443882 -0.647973 
5.52499 -0.331961 -0.0616127 -0.312582 -1.05887 -0.479066 0.053243 -0.19018 -0.380105 0.189443 0.018899 0.0604855 0.103518 0.327028 -0.0916661 0.41477 0.251724 0.0466723 -0.167891 -0.136999 0.958926 -0.0739709 0.244136 -0.324661 -0.390992 0.390304 1.25272 0.230512 -0.438069 0.353586 0.393053 -0.806167 -0.878082 1.1037 0.167825 0.0358271 0.328746 -0.0100155 -0.294931 
5.53013 -0.315044 -0.0584294 -0.312676 -1.05145 -0.482651 0.0287127 -0.152133 -0.381211 0.195376 0.0132546 0.0616294 0.105361 0.899353 0.0674829 0.0348366 0.422815 0.295249 -0.590297 -0.31635 1.29113 -0.0385652 0.281178 -0.331531 -0.255167 0.11897 1.19455 -0.151043 -0.418809 0.211618 0.187722 -0.467196 -0.563678 0.393427 0.186653 -0.148822 0.419573 -0.192337 -0.0919961 
5.55632 -0.317419 -0.056477 -0.280533 -1.06623 -0.487598 0.00800678 -0.105805 -0.391606 0.204439 0.0170729 0.0410631 0.117163 1.35287 0.0706883 -0.154109 0.445269 0.434408 -0.825078 -0.509476 1.32363 0.0564733 0.214477 -0.193926 -0.0933881 -0.158417 0.740038 -0.201936 -0.492469 0.0438442 0.0536451 -0.125784 -0.0629736 -0.394472 0.101445 -0.211568 0.27784 -0.0490077 -0.143915 
5.5923 -0.321529 -0.0519665 -0.287283 -1.04222 -0.522895 -0.00806171 -0.073127 -0.378742 0.200244 0.0285912 0.0253767 0.11731 1.55169 0.0405947 -0.310578 0.447819 0.3674 -0.808318 -0.620708 1.05607 0.0522406 0.174031 0.0198073 -0.0572862 -0.213857 0.119493 -0.0845799 -0.425623 -0.0822023 -0.0550313 0.109488 0.326193 -1.00943 -0.015487 -0.11289 0.0370726 0.366788 -0.368104 
5.64091 -0.323039 -0.0801667 -0.266456 -1.03046 -0.541536 -0.016401 -0.0620828 -0.372121 0.206692 0.0196227 0.0319657 0.112104 1.49672 -0.0193314 -0.343423 0.406279 0.311622 -0.765482 -0.60306 0.584609 0.0640239 0.125132 0.128856 0.0666191 -0.291147 -0.476051 0.00122917 -0.0112291 -0.250113 -0.166367 0.270536 0.320193 -1.22421 -0.0847885 -0.0391385 0.0734807 0.540971 -0.360051 
5.67479 -0.326806 -0.090584 -0.27097 -1.02168 -0.549657 -0.0164163 -0.0567455 -0.374916 0.201081 0.0135305 0.0380875 0.100095 1.18931 -0.0355226 -0.244226 0.41211 0.241994 -0.729816 -0.541432 -0.036999 0.114141 0.100034 0.172163 0.339333 -0.405058 -0.967569 0.103262 0.38569 -0.126492 -0.261464 0.26468 0.0416812 -1.16086 -0.0315846 0.0568027 0.14768 0.543498 -0.168603 
5.68136 -0.323773 -0.0965454 -0.256213 -1.03714 -0.54437 -0.0250506 -0.0639926 -0.381855 0.200674 0.0298742 0.0383055 0.0877197 0.563564 0.0559438 0.0722161 0.441977 0.17171 -0.68122 -0.676547 -0.561855 0.222599 0.0720795 0.26245 0.555824 -0.419163 -1.23212 0.123043 0.785817 0.104985 -0.195332 0.0530848 -0.324052 -0.863351 0.16509 0.0572551 0.176042 0.383235 0.115026 
5.68872 -0.318968 -0.1035 -0.262868 -1.02499 -0.566801 -0.0230285 -0.092959 -0.378554 0.212978 0.0289587 0.0604031 0.0750979 -0.343973 0.185226 0.546239 0.742438 0.0332625 -0.767007 -0.960311 -0.831338 0.434156 0.141088 0.333953 0.463877 -0.345014 -1.56294 0.188813 1.09059 0.511608 -0.121789 -0.244792 -0.729994 -0.3447 0.485065 0.0128421 0.201709 -0.100706 0.315045 
5.69709 -0.329354 -0.0839772 -0.264608 -1.02049 -0.572248 -0.0400987 -0.11341 -0.371923 0.209197 0.0366995 0.0762611 0.0724542 -1.56626 0.344023 1.13864 1.17699 -0.0248309 -1.15769 -1.26314 -0.641858 0.849688 0.211714 0.416081 -0.0856567 -0.322596 -2.10887 0.346151 1.11528 1.04925 -0.0852846 -0.708827 -0.855195 0.416296 0.830853 0.100606 0.112254 -0.939961 0.264497 
5.66356 -0.31607 -0.0689995 -0.236361 -1.0322 -0.578956 -0.0609203 -0.145285 -0.365098 0.211953 0.0388288 0.100966 0.0648302 -3.11212 0.644444 1.3973 1.6064 0.264052 -1.37409 -1.30227 -0.0767061 1.1968 0.0778897 0.393802 -0.577639 -0.610397 -2.79631 0.506029 0.775361 1.14239 0.313265 -0.868161 -0.433659 1.38489 0.940872 -0.0531739 -0.0130435 -1.63192 -0.247851 
5.6122 -0.306329 -0.0205141 -0.21118 -1.03497 -0.596215 -0.107984 -0.157433 -0.345378 0.20945 0.0626117 0.0956006 0.0778061 -6.15466 1.13099 1.31861 1.84069 1.02088 -1.01041 -1.45122 0.671295 1.35215 -0.326272 0.335209 -1.15813 -0.704693 -4.74168 0.839582 -0.165217 0.792697 1.15587 -0.0743178 0.130416 2.01844 0.578487 -0.512221 -0.188582 -1.73244 -0.710113 
5.52953 -0.291727 0.0259196 -0.158336 -1.02942 -0.652018 -0.153438 -0.152825 -0.297652 0.225881 0.0654823 0.0526916 0.0782286 -11.4316 2.26278 1.04454 1.57411 2.6427 0.31625 -1.14271 0.441551 1.25438 -1.10257 -0.238082 -1.68725 -0.588831 -8.70362 1.73372 -1.16637 -0.436361 2.87749 2.08752 0.900819 0.972949 -0.272761 -1.43564 -0.796204 -1.03514 -0.551401 
5.39917 -0.272788 0.0704743 -0.0858256 -1.03014 -0.725227 -0.17848 -0.0906861 -0.23925 0.236889 0.0658427 -0.0391898 0.0553787 -15.6156 3.05861 0.319782 1.03071 4.29951 1.64751 0.0491256 -0.602784 1.29545 -1.47474 -1.70803 -1.73473 0.0420429 -10.9981 2.21435 -1.95861 -1.81671 4.25379 4.20383 2.02493 -1.77144 -0.858052 -1.78252 -2.24625 0.326881 0.718284 
5.20923 -0.22331 0.0529003 -0.0627837 -0.95508 -0.708937 -0.144734 -0.0149633 -0.229757 0.186877 0.0602646 -0.0491798 -0.0311518 -18.6815 3.26452 -0.127353 0.0505957 5.71639 3.06384 1.06527 -0.898876 1.09685 -2.65868 -2.61839 -1.54923 0.070761 -9.40147 1.5084 -1.63976 -2.66625 4.03418 4.61779 2.55882 -3.57479 -0.864893 -1.96776 -3.06507 1.24434 1.66423 
4.68478 -0.147138 0.0148513 -0.0550004 -0.830223 -0.595616 -0.204257 0.0358572 -0.238615 0.121353 0.0689619 -0.0992464 -0.00357816 -19.256 3.02221 -1.26077 -1.42412 6.21848 3.99859 2.22576 -0.902654 0.98569 -3.35596 -3.27317 -1.639 -0.0372704 -1.51487 -0.463809 -1.28746 -3.10337 1.62665 2.53142 2.85936 -2.7929 -0.230555 -1.44698 -2.61072 1.12843 1.11227 
3.87048 0.0553002 -0.000183718 -0.144674 -0.546778 -0.372969 -0.126057 -0.176369 -0.259142 0.00889582 -0.0662843 -0.121009 0.0385124 -14.4161 0.289579 -2.53193 -2.92888 4.54507 6.28698 1.70148 -0.407193 1.46847 -3.37568 -2.97266 -1.16163 0.317568 12.1767 -5.07687 -1.49151 -2.64324 -3.70073 0.868088 0.417645 1.29018 1.071 -0.0181998 0.20046 0.551911 -0.0214169 
3.68178 0.060071 -0.0800713 -0.177673 -0.430635 -0.300931 0.0669958 -0.371904 -0.197884 0.0466045 -0.313345 -0.0680486 0.170741 -6.31087 -2.85443 -3.02481 -3.47967 3.51794 6.05183 0.579371 -0.216802 1.43218 -2.7928 -1.56528 -0.346721 0.627139 22.6165 -8.47056 -1.22808 -1.32851 -6.59516 -0.891242 -3.40893 4.59382 1.22756 1.32344 4.39443 0.124243 -1.13124 
3.44912 0.0203338 -0.0292125 -0.26338 -0.347656 -0.206387 0.0669154 -0.229015 -0.220921 -0.193206 -0.268697 -0.06174 0.0474169 0.905363 -6.35891 -1.9052 -2.91014 2.2715 4.83099 -0.603926 0.0745869 1.51157 -1.90009 0.106876 0.548314 0.479822 24.3153 -9.47846 0.240715 1.14391 -5.86523 -2.38421 -5.32258 3.7637 0.77547 3.19403 6.13759 0.982067 -0.753113 
3.55187 -0.0209054 -0.205814 -0.422031 -0.393506 -0.226932 0.155785 -0.144994 -0.16984 -0.175587 -0.283815 -0.195939 0.0165003 7.53894 -8.75639 -0.586341 -1.84436 0.748577 2.90543 -1.60691 0.95234 1.1693 -1.70507 1.31042 0.795288 0.0933172 14.9064 -6.54261 3.3837 3.84429 -2.09853 -3.61574 -4.92862 1.02409 -0.794698 2.29853 4.94442 1.8153 -0.0608972 
4.44178 -0.581869 -0.335059 -0.507435 -0.774237 0.221058 -0.152405 -0.00492627 0.0028081 -0.0999535 -0.155381 -0.121674 0.103915 13.2296 -8.09857 1.07148 -0.680522 -1.44707 0.253929 -3.21548 1.96398 1.38197 -0.940926 2.3559 0.578537 -0.470581 -0.138847 2.59767 5.82853 4.56013 1.78849 -6.36217 -1.23573 -1.95317 -1.84082 0.455039 0.820586 0.822139 -0.36766 
5.06883 -0.77185 -0.277168 -0.409063 -0.554424 -0.135753 -0.256148 -0.0488277 -0.0995709 -0.0471921 0.0632495 -0.0379706 0.0985977 15.422 -5.26804 1.55342 0.520309 -2.71925 -2.12339 -4.16316 2.52103 1.3122 0.0583774 3.31564 0.490889 -1.08595 -8.47725 10.2656 4.02623 2.98506 0.321708 -5.3542 1.54437 -1.64415 -0.705423 -0.298886 -2.78894 -0.752788 -0.783241 
4.89436 -1.00567 -0.00551068 -0.282303 -0.489608 -0.1616 -0.265821 -0.0752519 -0.0941331 -0.0517623 0.128434 0.0742465 0.0180303 15.4306 -1.6296 0.930995 1.88162 -3.57733 -4.02276 -3.77942 2.15101 1.26548 1.35166 2.84267 0.970366 -0.944243 -6.96735 14.087 -1.33267 0.59798 -2.38835 -3.65498 2.25899 0.415449 0.445151 0.255109 -3.27873 -1.59473 -0.963565 
4.85992 -0.973993 0.0472712 -0.23616 -0.517416 -0.217236 -0.28476 -0.0194558 -0.175135 -0.235834 0.0339017 -0.046922 0.0570595 12.6963 2.18805 0.450539 2.45953 -3.6478 -4.68171 -3.14803 2.09254 0.83754 1.49987 2.14489 1.48635 -0.877627 -1.746 10.9642 -5.91014 -1.09526 -3.68728 -0.635607 1.92053 1.50169 1.28587 2.38392 -1.63987 -0.206031 -0.350295 
5.19241 -0.493053 0.178166 -0.26472 -0.732255 -0.417447 -0.39676 -0.0506336 -0.0116723 -0.117327 -0.0230769 -0.0997057 0.000296988 8.10476 6.02018 -0.603091 1.83957 -2.87426 -5.1929 -1.78743 2.16472 0.522216 1.29125 0.905093 1.39467 -0.745705 0.0591488 2.27935 -6.95252 -1.67163 -1.4223 2.99575 1.06984 1.75681 0.188341 1.78981 0.101326 1.74986 1.05304 
5.46265 -0.289403 -0.0561797 -0.195809 -0.831202 -0.582667 -0.37741 0.0793802 0.000112939 0.0223658 0.101539 -0.0403408 -0.0642148 5.3174 7.27404 -2.02982 0.166028 -2.78861 -3.29922 -1.55726 2.58016 0.923667 0.955975 0.0192876 1.44284 -0.169375 -3.29781 -3.57761 -2.87883 -2.48883 3.13553 3.93085 0.3433 0.214363 -0.980484 -0.669727 0.0807292 1.99667 1.93332 
5.55062 -0.179564 -0.246412 -0.127225 -0.943961 -0.605651 -0.348712 0.155967 -0.00588596 0.0520917 0.0941406 0.0554066 -0.0659137 3.31444 7.46619 -3.19852 -1.36546 -1.41383 -2.27271 -0.870513 1.66859 0.329627 1.40719 -0.139297 1.68073 0.247204 -8.09863 -5.4584 1.878 -3.31835 5.86456 3.88898 0.347043 -1.95369 -1.50081 -2.00966 -0.596971 0.80281 1.60372 
5.62291 -0.145001 -0.316078 -0.203328 -0.979112 -0.489909 -0.390627 0.187213 -0.0243919 0.0669598 0.0840003 0.0875123 0.0103049 -0.346182 5.73549 -2.75159 -2.09703 0.125154 -0.920488 0.568586 -0.334473 -0.42173 2.59426 -0.543584 2.26529 0.271578 -9.82477 -3.63953 4.16576 -2.62831 5.40295 1.92114 1.66463 -4.26147 -1.71137 -0.83475 -1.5651 -0.658715 0.309842 
5.5736 -0.131165 -0.310336 -0.289469 -0.868664 -0.498166 -0.433796 0.218906 -0.0109576 0.0207693 0.0555669 0.140657 0.0559994 -4.65031 3.26443 -1.66545 -2.45176 1.50804 0.602362 2.20682 -2.31944 -1.67402 2.69838 -1.27581 2.13025 0.348613 -8.10892 -0.985399 4.08871 -0.727747 1.98653 0.469464 3.43252 -5.7823 -1.61634 2.16855 -1.76725 -1.28598 -1.24135 
5.4177 -0.102091 -0.268185 -0.412971 -0.683511 -0.524747 -0.478561 0.220609 -0.00785357 -0.0563487 0.0683677 0.166937 0.0677073 -7.68565 2.35896 0.496478 -2.80641 2.02285 1.33269 3.15452 -4.18903 -2.19736 2.7895 -2.12215 1.437 0.0744999 -4.65071 -0.158608 2.33097 1.50275 -1.71303 0.152802 4.29787 -4.86727 -1.58916 3.6583 -1.43869 -1.23733 -1.87929 
5.07397 -0.0101003 -0.259322 -0.476806 -0.613312 -0.481973 -0.316276 0.000118906 -0.131418 0.0852245 0.0328226 0.181891 0.0253643 -9.48994 2.12066 1.85672 -2.24616 1.94588 1.20607 3.8338 -5.22256 -2.35683 2.89986 -2.19314 0.580959 -0.521557 -0.515339 -0.238738 1.15005 2.69259 -3.54024 0.107408 2.29498 -1.5432 -0.378647 1.6213 -0.631727 -1.19355 -1.35217 
4.87893 -0.00809123 -0.190527 -0.452211 -0.668005 -0.454795 -0.13113 -0.227488 -0.185506 0.308006 -0.11769 0.183252 0.00971431 -10.945 2.01854 2.90152 -1.46768 1.50246 1.21535 4.05681 -5.29057 -2.30444 2.49269 -1.58841 -0.442601 -0.815056 1.3393 -0.288613 0.820667 1.97311 -2.37728 0.301293 -1.15029 2.30363 0.823108 -2.16944 1.47899 -1.59416 -0.187245 
4.75725 0.0166113 -0.142953 -0.458159 -0.716868 -0.41589 -0.0240003 -0.330768 -0.232332 0.357299 -0.14304 0.182064 -0.0279862 -10.835 0.623408 3.27323 -0.835938 1.92405 1.64971 3.64744 -4.16783 -2.2477 0.581201 -0.961796 -1.41895 -0.245283 1.25202 -1.59011 0.720651 0.775613 1.17227 0.238969 -3.58201 4.85618 1.4351 -5.75598 2.68473 -1.90073 1.40707 
4.63316 0.0544848 -0.0851834 -0.477936 -0.7152 -0.413421 0.00855638 -0.34078 -0.268719 0.354198 -0.144581 0.165737 -0.0660814 -9.12796 -1.48802 2.83606 -1.70316 2.06192 1.65955 2.79451 -2.10664 -1.22257 -1.42357 -0.996675 -2.15603 0.000884643 1.40923 -3.80933 -0.117653 -1.63086 3.60595 0.239701 -3.77445 5.34724 1.86665 -6.83528 1.97637 -1.8305 2.04131 
4.46331 0.1036 -0.0585089 -0.388655 -0.7352 -0.420126 0.0185946 -0.366816 -0.256748 0.302275 -0.136889 0.117195 -0.0825223 -6.7858 -4.02655 2.09575 -2.86808 2.58192 0.938293 0.990842 0.285417 0.26196 -2.58812 -0.0788335 -2.19571 0.780838 2.8366 -6.01629 -1.504 -3.90187 3.60868 -0.367353 -2.55318 4.15488 2.04762 -3.81224 0.667128 -0.596443 1.92868 
4.19082 0.0985959 0.0998385 -0.468039 -0.66186 -0.316784 -0.0323451 -0.332721 -0.260499 0.20571 -0.0183207 -0.00498504 -0.0093359 -5.01547 -5.7606 1.35454 -3.93345 2.77538 0.601404 -0.200763 1.63195 0.685583 -3.94629 1.05763 -1.13669 1.51067 5.18062 -6.06308 -2.82542 -3.92808 0.734311 -1.45212 -0.911217 1.88488 1.72176 0.128888 -0.421871 2.1254 1.01724 
4.15178 -0.198322 0.10521 -0.494797 -0.331146 -0.282978 -0.0589551 -0.196264 -0.29993 -0.150548 -0.0282872 -0.048413 0.125353 -3.57532 -7.76434 0.446149 -4.16947 2.74113 0.550209 -0.650891 2.07198 1.46255 -4.12128 1.1632 -0.287767 2.03796 4.98894 -3.25515 -2.78321 -1.83537 -3.11441 -1.4505 0.165377 -0.678408 1.32575 3.67495 -0.0591896 3.83762 -0.147367 
4.24489 -0.408021 0.00113583 -0.83473 -0.378145 -0.327052 -0.0329654 -0.0971352 -0.143512 -0.170507 -0.186191 -0.0890053 0.0160959 -2.0184 -9.23619 -0.587705 -3.92487 2.80098 0.715015 -0.688055 2.62102 1.94021 -3.10346 0.921413 0.253169 1.8212 2.58554 -0.235737 -1.52335 2.4834 -3.27777 -0.129197 0.507154 -1.61539 0.0161037 4.15 0.755681 3.39671 -0.467296 
4.26637 -0.620351 -0.0494688 -0.891092 -0.391424 -0.433822 -0.114487 -0.0955582 -0.0656803 0.0881255 -0.0244517 -0.00492292 0.124932 -0.450241 -9.61597 -1.21676 -3.03267 2.86664 0.902193 -0.778149 2.28385 1.5381 -1.93976 0.186342 0.612884 1.68985 0.34042 1.93438 -0.209419 5.07373 -1.01345 1.67988 0.565083 -1.34211 -1.17966 1.72967 -0.605037 0.564867 -0.949937 
4.26524 -0.663785 -0.00609547 -0.90594 -0.487784 -0.368467 -0.073308 -0.160367 -0.190908 -0.101129 0.0514295 0.208093 0.179637 0.899773 -8.38588 -1.69459 -1.50986 2.61702 0.992348 -0.785691 1.29001 1.35396 -0.964112 -0.456606 0.882613 1.02478 -0.320528 2.74237 0.438105 4.79377 2.24905 2.03708 -0.252071 -0.551226 -1.02922 0.465275 -1.82948 -2.68205 -1.13184 
4.22432 -0.897141 -0.0705763 -0.836632 -0.444964 -0.302639 -0.0586291 -0.142608 -0.0498332 -0.130397 -0.0135001 0.16042 0.187129 3.85402 -4.66788 -1.61154 -0.334013 1.67209 1.09366 -0.634941 0.584779 1.08595 0.59962 0.191871 0.560522 -0.0647203 3.40018 5.14257 0.471716 2.29031 2.71207 0.700036 -0.546981 -0.286694 -1.21546 0.00650498 -1.20255 -3.08517 -1.49606 
4.24195 -1.01731 -0.131423 -0.805147 -0.3046 -0.259231 -0.0711753 0.0349674 -0.0322118 -0.00341032 -0.0426035 0.0791992 0.0925993 5.79018 -2.15936 -1.21225 1.66034 2.06326 1.09233 -0.148366 0.163015 0.463689 0.641034 0.991252 0.00138823 -0.657081 6.67232 6.71377 0.388224 0.045399 0.112864 -1.1457 0.196015 -1.18893 -0.436452 0.439842 0.823691 -1.55343 -1.70198 
4.27105 -1.05011 -0.099552 -0.705272 -0.202165 -0.217559 -0.136897 -0.0826378 -0.156637 -0.0532443 -0.13889 0.0285866 0.191716 6.69639 -0.449375 -0.891772 2.6474 2.45774 1.01341 0.539035 -0.21093 -0.0599405 0.0210468 0.731262 -0.44364 -1.56794 6.23792 5.61575 0.347055 -0.125643 -1.82319 -2.12044 1.44079 -1.08868 0.0472095 0.874174 3.06034 0.769309 -1.70224 
4.33829 -0.98519 -0.0986825 -0.716055 -0.127727 -0.184467 -0.165171 -0.149727 -0.0890908 -0.137214 -0.124052 0.0324806 0.143286 7.45133 2.37741 0.162075 2.9668 1.46927 -1.13491 -0.723222 -0.303075 -0.0991472 -0.00951975 0.54259 -1.29719 -1.71393 2.28221 3.80972 1.3866 0.790979 -3.28251 -3.19122 0.69818 -0.49221 -0.503034 -0.40589 2.09 1.33263 -0.692034 
5.04871 -0.629153 -0.166438 -0.785415 -0.241361 -0.251942 -0.107864 -0.0659189 -0.0634552 0.0206425 0.0538035 0.0160717 0.00214754 9.47725 5.54597 0.49598 3.39926 -1.28766 -2.9064 -1.209 0.421819 -1.05072 -0.202771 1.04862 -0.874029 -2.18821 -2.90913 1.49867 1.69363 2.08067 -3.97764 -3.57414 -1.33731 0.926927 -0.956614 -1.5667 -0.665013 0.552497 0.32147 
5.05747 -0.742313 -0.160663 -0.626685 -0.215606 -0.303648 -0.00952521 -0.0989238 -0.0534658 0.0391179 0.122019 0.0163603 -0.0390576 10.8397 6.71566 0.414634 3.9704 -4.15794 -3.85032 -1.2204 0.906424 -1.03765 -0.0633306 1.09467 -0.326361 -2.20037 -2.07784 1.86207 0.863252 1.64567 -5.19942 -2.88247 -2.84413 2.55229 -1.21153 -0.935031 -2.35353 -0.123304 0.636344 
4.91001 -0.815822 -0.11674 -0.486564 -0.127143 -0.273123 0.0205514 -0.186544 -0.162716 -0.0538669 0.0921323 0.11182 -0.0232141 10.9061 6.45898 0.271863 4.19552 -6.27494 -4.18393 -1.02326 2.01129 -0.992135 0.870357 1.34376 -0.412415 -2.23285 1.45635 1.44025 -0.612969 0.497265 -5.76338 -1.06583 -1.96573 2.95987 -0.499312 1.09617 -1.68106 -0.811295 0.571725 
5.01163 -0.373158 0.100388 -0.495987 -0.39353 -0.643526 -0.351582 -0.140418 -0.143701 -0.200642 -0.0226318 -0.0452057 0.022133 9.47323 5.27288 0.412142 4.38421 -7.43783 -3.71852 -0.987069 2.17726 -1.36724 1.59414 0.947179 -0.840693 -1.39009 2.28788 -2.24873 -2.15347 -0.533279 -2.99018 2.81761 1.73146 1.51683 0.367738 3.39563 0.460676 -0.378893 0.305963 
5.5171 -0.171626 -0.09635 -0.350384 -0.715723 -0.683441 -0.26821 0.133638 -0.234764 -0.0769373 0.0566471 -0.00237065 -0.154022 6.90031 3.59325 0.460678 4.29692 -7.53631 -2.73709 -0.884324 1.71223 -1.47336 1.77592 0.417659 -1.18365 -0.627123 -1.3965 -4.9776 -0.933775 -1.51795 1.20341 4.31205 3.08064 -1.67193 0.841408 3.22429 1.3592 -0.679614 1.22451 
5.71535 -0.256607 -0.142125 -0.26346 -0.85457 -0.637574 -0.216689 0.124868 -0.180909 0.0488685 0.0241185 0.035733 -0.131273 6.37332 3.06743 0.0551076 3.43115 -7.49563 -1.54307 -0.537122 1.41686 -1.34399 2.51928 0.427253 -1.38592 -0.392792 -6.18746 -5.12697 0.446419 -1.49959 4.09755 3.7268 2.4315 -3.41369 0.274975 0.954952 0.979033 -0.713977 1.44243 
5.74205 -0.302859 -0.0993111 -0.246028 -0.944106 -0.622992 -0.188386 0.124832 -0.227594 0.133513 0.120664 -0.0523437 -0.0977897 5.13017 1.69835 -0.419519 2.62085 -6.5749 -0.20747 0.292295 0.776305 -0.770195 3.26368 0.629801 -1.3796 -0.135621 -7.09032 -2.57325 0.7587 -1.31683 4.43253 2.06869 0.601198 -3.23851 0.150812 -1.14354 -0.525872 0.161539 0.986453 
5.70588 -0.315593 -0.0603587 -0.240201 -0.993498 -0.566268 -0.175774 0.0595832 -0.226064 0.17756 0.120419 -0.10752 -0.0504745 2.4606 -0.458924 -0.821517 1.9265 -4.35345 1.27306 1.35911 -0.435411 -0.25604 3.45731 0.721404 -0.662359 0.378621 -4.48081 0.336816 0.147977 -1.27364 2.76536 -0.179187 -1.00004 -1.35341 0.700045 -1.70921 -1.24718 0.944819 0.270763 
5.69553 -0.3365 -0.0745831 -0.179447 -1.01828 -0.565803 -0.133513 0.0212498 -0.260605 0.204723 0.133464 -0.125084 -0.0704312 -0.544006 -0.687794 -0.559883 0.923934 -2.50529 0.551204 0.510909 -1.62661 0.326305 2.54171 0.613964 -0.379103 1.15042 -1.56942 1.19974 -1.23237 -1.21471 1.43632 -1.32215 -1.18596 0.276433 1.24376 -1.04282 -0.648489 1.84465 0.00320534 
5.65829 -0.330922 -0.0973905 -0.153217 -1.06408 -0.523646 -0.136117 0.00164537 -0.276658 0.233282 0.110303 -0.108791 -0.079597 -1.05213 -0.301034 -1.01932 -0.0904979 -1.15147 -0.621211 -0.0118628 -1.54831 0.45266 1.83885 0.588719 0.246039 1.06049 0.168703 0.577712 -1.42002 -1.66907 1.52858 -2.54438 -1.16011 0.5392 1.43454 -0.573759 0.139912 1.79305 0.409387 
5.6207 -0.325728 -0.104611 -0.179712 -1.08194 -0.491546 -0.145551 -0.0265003 -0.231338 0.263606 0.0873976 -0.0882209 -0.0428169 -1.25545 -0.267615 -1.46392 -1.24905 -0.693989 -1.90379 0.0362035 -0.617142 1.41737 1.20689 0.155518 1.23945 0.917253 0.707058 -0.0990197 -0.94798 -2.22338 1.28185 -3.43598 -0.437936 1.32613 1.14255 -0.673339 0.689839 1.22189 0.236573 
5.58924 -0.326745 -0.127345 -0.214134 -1.08393 -0.540445 -0.157802 -0.04166 -0.154153 0.298269 0.088364 -0.0559606 0.000706878 -1.89068 -0.4812 -1.71994 -2.65835 -0.649628 -3.0101 0.675931 0.747821 2.31137 0.571971 -0.0470192 1.89205 0.669993 -0.0280437 -0.757596 -0.230726 -2.69713 0.468821 -2.82502 1.11549 2.33924 1.03817 -1.15219 0.0929675 0.75747 -0.41514 
5.54826 -0.275704 -0.235498 -0.211299 -1.08346 -0.694865 -0.215979 -0.0579681 -0.158734 0.292464 0.181116 -0.0101198 0.0143913 -2.99467 -0.603456 -2.22508 -3.44636 0.546883 -3.08366 1.35464 2.11375 2.68268 -0.753161 -0.38871 2.14564 0.240059 -1.76862 -1.13882 0.15988 -2.24719 0.625724 -0.36205 2.69395 3.33859 0.915644 -2.13311 -1.1704 0.271723 -1.27162 
5.6747 -0.349349 -0.253816 -0.325098 -0.97679 -0.770448 -0.204936 -0.0625501 -0.162661 0.314292 0.153503 0.0305794 0.0172191 -3.11161 -1.09498 -2.64852 -3.9726 1.33334 -3.17951 2.42686 3.32214 2.66877 -1.9126 -0.745177 2.13025 -0.41765 -3.00476 -0.790584 -0.287475 -0.836473 0.77641 1.85887 3.14514 3.36641 0.433367 -2.89495 -1.69174 -0.204899 -1.74214 
5.54248 -0.375888 -0.232252 -0.463463 -1.09258 -0.877074 -0.11081 0.112582 -0.00236581 0.272569 0.116389 0.0832539 0.018266 -2.92933 -0.895687 -3.15498 -3.48867 2.48997 -1.80446 2.15216 3.15843 2.07445 -2.41131 -1.49988 1.78966 -0.566342 -1.30196 0.152632 -1.24988 1.4555 2.5359 3.96955 0.925702 0.527129 -1.22426 -2.14831 -1.68779 -0.847938 -1.07731 
5.35791 -0.409644 -0.261158 -0.59794 -1.14344 -0.91111 0.0281974 0.218004 0.0829509 0.221948 0.0764411 0.120028 -0.0122093 -1.863 -0.481539 -3.40393 -3.07158 3.24107 0.0897743 2.27994 3.06387 1.50794 -2.78353 -2.51928 1.32213 -0.729562 2.58439 1.26737 -1.55055 2.92906 3.16973 4.55404 -1.69418 -2.22057 -2.33711 -0.452465 -1.45898 -1.25004 0.0955088 
5.1899 -0.397591 -0.412589 -0.53788 -0.843502 -0.795855 0.0763235 0.323099 0.028 0.0164456 0.0309027 0.132339 -0.0956267 -0.415428 0.347207 -3.30428 -2.61866 3.90877 2.32277 1.5501 2.5622 1.17101 -2.81998 -3.37095 0.747232 -0.436562 5.93568 2.23575 -0.480314 2.23772 1.3927 3.79454 -3.58785 -3.77888 -1.94888 1.73886 -1.07399 -1.29036 1.50732 
5.32061 -0.484273 -0.462442 -0.622798 -0.877542 -0.859407 0.184901 0.397511 0.0383866 -0.0163631 -0.011477 0.147014 -0.138913 1.39025 1.31933 -3.24941 -1.52103 4.28939 3.84621 0.0552927 1.30142 0.678248 -2.56071 -3.56452 0.33929 0.322832 6.25616 2.58508 0.925045 1.20115 0.247814 3.01109 -4.15604 -3.5757 -0.779212 2.32915 -0.713161 -0.924469 2.37195 
5.34822 -0.355486 -0.551653 -0.51388 -0.692558 -0.617778 -0.0689712 0.173057 -0.0119004 0.0578477 -0.118319 0.113371 -0.0173216 3.11874 2.55859 -3.07511 -0.708282 4.3289 4.76811 -1.1512 -0.729956 0.163633 -1.71827 -3.20874 0.125741 0.719646 3.55271 2.07298 1.87024 -0.218051 -1.94495 0.545927 -1.87836 -1.69314 0.801679 1.50004 0.597535 -0.081104 1.44104 
5.5387 -0.314406 -0.591813 -0.587638 -0.678733 -0.551642 0.0602251 0.26838 0.00459077 0.0077063 -0.213018 0.111465 -0.0513599 3.73666 3.81083 -2.57746 -0.45222 3.2239 4.75234 -1.80154 -2.2841 0.673747 -0.588633 -2.85136 -0.335916 0.96233 -0.916935 1.71813 1.58486 -0.285701 -2.69874 -1.18776 -0.380046 -1.71631 1.56397 1.12279 1.72007 0.0951737 0.242295 
5.65285 -0.206654 -0.598049 -0.637637 -0.596299 -0.420851 -0.0874211 0.259271 0.0244889 -0.0156528 -0.247396 0.0942193 0.00615471 3.39598 4.49158 -1.82974 -0.735878 1.33642 4.34175 -2.33776 -2.99965 1.53739 0.454325 -2.21013 -0.890118 1.20728 -4.09471 1.00394 0.652384 0.0914526 -2.95413 -2.15061 1.0373 -1.41199 1.67364 0.895728 2.08027 -0.418931 -1.05975 
5.8095 -0.204587 -0.591727 -0.585877 -0.546747 -0.375315 -0.188345 0.16511 0.0359154 -0.012949 -0.282751 0.116202 0.10701 1.7245 4.75716 -1.17127 -0.697883 0.373074 3.91267 -2.12756 -3.48306 1.47583 1.07057 -1.28275 -1.45241 1.06257 -5.19474 0.27252 0.333544 -0.238566 -3.14952 -2.09339 1.67318 -0.845794 0.89336 1.39207 1.88519 -1.39884 -1.55824 
5.69747 -0.0279697 -0.628031 -0.608492 -0.631182 -0.351336 -0.123161 0.0339606 0.0840235 0.0292055 -0.226866 0.145506 0.0359843 -0.104952 4.31476 -0.66238 -0.77729 -0.892897 3.0906 -1.46496 -3.52711 1.09546 1.41641 -0.0118615 -1.77218 0.57154 -4.01053 -0.890831 0.444339 0.14597 -1.62765 -0.586692 0.410531 -0.241894 -0.974455 1.3372 1.34732 -1.89321 -0.574442 
5.59079 0.0887975 -0.6677 -0.645557 -0.686172 -0.347692 -0.0813392 -0.0415188 0.201508 0.0818878 -0.275165 0.046368 0.000834489 -2.64591 3.93282 -0.153179 -0.277473 -1.19016 2.90484 -1.48112 -4.45482 0.0466713 1.72622 1.28458 -1.89548 0.397356 -2.42562 -1.90904 1.07574 0.415333 -0.106727 0.42334 0.0222189 0.230036 -3.14798 0.370513 1.7731 -0.748667 0.063493 
5.59393 0.104288 -0.677914 -0.657915 -0.716608 -0.271506 -0.2192 -0.00217607 0.234212 0.0758234 -0.252156 -0.031958 0.0351383 -5.0275 3.28203 0.242836 -0.0098086 -0.742999 2.58196 -0.95504 -4.43911 -0.970767 1.38702 2.21316 -1.70714 -0.0608742 -2.59818 -1.74758 1.35712 0.824714 1.79862 0.629143 -0.0906024 -0.404731 -3.86968 -0.738728 2.06168 0.943258 0.198981 
5.53025 0.113913 -0.615125 -0.66757 -0.753796 -0.260297 -0.154601 -0.130551 0.109418 0.189492 -0.205845 -0.0873642 0.0538294 -6.64781 2.52258 0.491044 0.308164 0.271272 2.35203 -0.99056 -3.50735 -2.19925 0.927793 2.87817 -1.64573 -0.133315 -2.89331 -1.34303 0.763446 1.19942 3.0913 0.000727646 -0.281848 0.366967 -2.72816 -1.95294 1.70069 1.94538 0.0245349 
5.41246 0.173149 -0.640838 -0.623195 -0.764474 -0.145214 -0.234952 -0.227141 0.0370851 0.206164 -0.126181 -0.100005 0.0587235 -6.54403 1.343 0.754289 0.749373 1.60795 1.8544 -1.40492 -2.34624 -3.0277 0.227386 3.19858 -1.48144 0.321566 -1.96609 -1.00849 0.124814 0.767197 3.20516 -1.45071 0.124337 2.00013 -0.706307 -2.14975 0.694625 1.47928 -0.162387 
5.22302 0.191632 -0.573846 -0.614635 -0.72526 -0.109627 -0.19227 -0.323653 -0.0674869 0.160024 -0.0149154 -0.0705875 0.0353541 -5.79051 0.779118 0.627986 1.24286 2.20543 1.23705 -1.58176 -1.33927 -3.07913 -0.565273 3.3378 -0.902693 0.256562 1.29732 -0.934955 -0.855101 0.506294 1.8509 -2.24664 -0.375235 3.54534 1.56556 -1.49319 -0.866028 0.123606 0.0605256 
4.99347 0.20985 -0.557491 -0.605665 -0.564612 -0.0995375 -0.249026 -0.331125 -0.0941592 0.0859924 0.0373433 -0.0362858 0.0200595 -4.60252 0.653617 0.176704 1.5408 2.44941 0.159976 -1.36649 -0.281781 -2.22226 -1.14162 2.83595 -0.616366 -0.0439393 5.05866 -0.737675 -1.33659 0.36292 -0.600871 -2.32207 -0.479035 3.62725 2.73872 -0.508593 -1.72995 -0.78645 0.123779 
4.9048 0.179061 -0.578067 -0.535097 -0.497346 -0.126762 -0.282183 -0.240605 -0.196482 0.104756 0.0770166 -0.0833964 0.0624683 -2.88298 0.636358 -0.49325 1.81463 2.26338 -0.856118 -1.61534 1.34493 -0.748167 -2.02568 1.98252 -0.367705 -0.203631 6.19989 0.0942457 -1.31349 0.179246 -2.3464 -1.91072 -0.0183679 2.15165 3.30022 -0.262946 -2.07325 -0.404356 -0.367472 
4.95299 0.167872 -0.577214 -0.543352 -0.453946 -0.177086 -0.299428 -0.190534 -0.165996 0.0711834 0.11616 -0.12956 0.0823087 -0.676878 0.225759 -0.581592 2.07971 1.76142 -2.48644 -0.823016 2.41793 0.208699 -2.34621 0.904445 0.0543101 -0.366305 4.72441 0.434148 -0.802516 0.525083 -2.56627 -1.68541 0.778325 0.81923 2.46381 -0.516608 -2.02089 0.858933 -0.77702 
5.04134 0.19414 -0.625594 -0.491384 -0.510001 -0.187431 -0.349299 -0.154046 -0.0823581 0.0164605 0.100735 -0.124018 0.0349437 1.8613 -0.743621 -0.509177 2.9198 1.20555 -3.31557 -0.370344 2.54789 1.03752 -2.37663 -0.00297943 0.460793 -0.639438 2.53075 -0.789367 0.596664 1.09682 -1.06615 -1.71543 1.83443 -0.479565 0.759514 -0.608018 -1.43652 1.81954 -0.752574 
5.11928 0.213304 -0.656643 -0.46466 -0.499345 -0.265942 -0.360082 -0.0940655 -0.0437308 0.00149977 0.0827438 -0.14058 0.0197466 1.68636 -1.16229 0.828931 3.05539 0.746645 -3.01577 0.430861 1.73538 0.473764 -1.40941 -0.874147 1.13397 -1.13492 -0.990248 -1.90007 2.58078 1.17582 0.582234 -0.386616 2.07723 -1.77742 -1.4847 0.572519 -1.0961 2.17623 -0.726683 
5.13035 0.252127 -0.695779 -0.410018 -0.522094 -0.325492 -0.373475 -0.0140764 0.00838294 -0.087947 0.0555608 -0.0988256 0.0167971 0.677237 -2.55193 2.81853 3.23861 1.16643 -2.15898 0.49583 0.936794 0.155688 -1.13045 -1.81273 1.63207 -0.868875 -3.48206 -3.35013 4.62257 0.792277 1.78413 1.75669 1.10536 -2.46314 -2.89653 1.99665 -1.0714 1.17307 0.0875682 
5.2157 0.178721 -0.633329 -0.338161 -0.505964 -0.506556 -0.232495 0.0049892 -0.0213876 -0.13009 0.0184429 -0.00294632 -0.0118973 -0.292505 -4.07755 4.35601 2.41524 1.33675 -1.21869 1.00005 -0.0144225 -0.444652 -0.589737 -1.9828 1.67213 -0.434007 -4.40478 -3.48667 4.84496 -1.22171 1.5867 3.91787 -0.408918 -2.47075 -2.25686 2.35058 -0.636807 -0.524527 1.0782 
5.36733 -0.0188172 -0.565549 -0.167527 -0.444135 -0.511678 -0.236444 -0.0761468 0.0043146 -0.158298 0.0175971 0.0300756 -0.0620615 -2.39647 -5.4815 5.68579 1.37465 2.27305 0.0074639 2.37489 -0.104367 -0.0486567 0.111189 -1.87177 1.39472 -0.275257 -4.63161 -2.37709 3.1483 -3.37218 0.957967 4.13818 0.150418 -0.617058 0.178682 1.68306 -0.0792323 -1.66726 1.43965 
4.91456 0.0477656 -0.314043 -0.240432 -0.388827 -0.365543 -0.203037 -0.153377 -0.221305 0.057669 -0.0764766 0.0924979 -0.118633 -7.89108 -6.43733 6.09661 0.625896 3.0386 2.00922 2.71319 -0.218261 0.0121966 0.017619 -1.52589 0.944756 0.0256556 -5.51973 -1.6741 -0.485364 -3.34116 0.692184 2.87983 1.11814 1.36293 2.91073 -0.794733 1.14351 -2.1267 1.27914 
4.91584 -0.253719 -0.106664 -0.146189 -0.285856 -0.302886 -0.318842 -0.0979871 -0.165 -0.0474441 -0.174043 0.0466223 0.0523691 -14.7935 -6.69947 5.38699 -0.293265 3.04048 3.22545 2.74485 -0.563325 0.359111 0.835036 -0.680728 0.706304 0.266493 -11.1473 0.654646 -3.92156 -2.35376 -0.0793509 1.35942 2.04066 1.51517 3.1092 -0.904728 2.3604 -0.83127 -0.222279 
5.01711 -0.365115 -0.0812654 -0.371176 -0.362616 -0.29882 -0.185039 -0.19101 -0.125373 -0.0388193 -0.0843553 0.0117282 0.0496422 -18.574 -6.31764 3.91205 -0.978214 2.84422 3.65687 2.11966 -0.485568 0.286479 0.298597 0.0325406 0.476086 0.857114 -13.7486 1.7873 -4.9669 0.409621 -0.13817 -0.193232 0.428266 0.791325 0.752913 -0.975599 2.05834 0.718654 -0.445977 
4.70139 -0.456758 -0.0100573 -0.374182 -0.191687 -0.207463 0.0784605 -0.0258819 0.103381 0.0073057 -0.103352 0.0138455 -0.0473944 -15.4504 -5.35253 0.761622 -2.30841 1.66996 2.50207 1.89708 0.0245409 1.05276 0.00833417 0.936199 0.13898 0.741461 -3.62013 2.31926 -5.76023 0.721488 -1.91035 -2.11731 -2.54131 -0.944481 -1.68015 -0.468728 1.69305 1.00618 -0.088297 
3.68039 -0.533722 -0.0375349 -0.323891 -0.0987429 -0.00822386 -0.0238642 -0.0363167 -0.0176083 -0.138884 -0.0802343 -0.000368025 0.0149267 -8.59269 -4.35292 -1.90441 -2.23081 0.346343 1.11709 1.18966 0.362588 1.60532 -0.442952 1.83033 0.115116 0.501803 15.9357 2.70881 -4.70135 -0.373459 -3.46055 -3.9329 -3.1883 -0.932855 -1.72746 0.694052 0.832396 0.56509 -0.127338 
2.8908 -0.566217 -0.131816 -0.358024 -0.200167 -0.0616658 -0.00568648 -0.139652 0.0218103 0.0687273 0.0218308 0.104124 0.0139001 -3.801 -1.86969 -2.74477 -1.44658 -0.565391 0.135195 0.589788 0.189197 0.00120954 -0.235917 1.50076 0.797113 0.0354067 29.7921 2.7328 -1.98197 5.47171e-05 -3.00282 -3.68695 -2.64345 0.256392 -1.45257 -0.412823 -0.791309 -0.278948 -0.0111456 
3.1003 -0.648636 -0.143022 -0.341114 -0.146469 -0.132364 -0.06456 -0.14533 -0.131833 -0.141121 0.00760871 0.115166 0.103571 2.15842 0.525667 -2.14724 0.0544894 -1.44486 -1.17792 -1.47005 0.035383 -0.999101 0.217547 -0.398579 0.725679 0.458938 25.3942 4.31879 1.52943 1.04024 -2.2838 -2.27981 -1.4855 0.53154 -0.731872 0.875986 -2.79345 -0.551911 -0.397748 
4.21211 -0.636247 -0.501766 -0.575023 -0.317226 -0.254304 -0.0629045 -0.0938876 0.0800537 -0.0401915 0.0896155 0.0220927 -0.0154357 9.90917 3.50505 -2.44551 0.473835 -3.45571 -2.27463 -2.97233 -0.375421 -1.06753 0.0689436 -1.04085 0.402366 0.448206 7.21624 5.88026 4.53954 3.43461 -0.853324 -0.158829 -1.2233 0.372346 -0.725091 0.455257 -4.07961 -0.181402 0.0325447 
4.70523 -0.584442 -0.432502 -0.495581 -0.384668 -0.242385 -0.136777 -0.0602023 0.0198581 -0.0227128 0.106083 0.0653856 0.0153837 16.3075 5.62241 -2.97946 1.08812 -4.59402 -3.04876 -2.59842 0.142988 -0.0410713 0.52628 -1.53069 0.249646 0.387655 -7.0555 5.68472 2.22009 3.1783 -0.972634 0.555248 -0.862786 -0.197055 0.489224 0.157386 -2.86193 -0.277908 0.470272 
4.58916 -0.438174 -0.257203 -0.309804 -0.335964 -0.256958 -0.126735 -0.0875375 -0.233402 -0.0941953 -0.0601261 0.17265 0.0487742 17.5137 6.83551 -3.49772 1.55082 -4.49091 -2.94889 -2.13498 0.849281 0.368285 -0.0252828 -1.74439 -0.00383769 0.452729 -8.94474 3.029 -2.70492 0.561329 -1.41088 0.069919 0.59247 0.216635 2.9404 0.207204 0.710315 -0.480852 0.309866 
4.79814 -0.204769 -0.142745 -0.265743 -0.443395 -0.390939 -0.327894 -0.135421 -0.155856 0.0608372 -0.326524 0.0616753 0.0993557 13.6048 7.2564 -4.02089 1.58583 -4.39552 -2.51783 -1.47188 1.33448 0.730086 0.430341 -1.33929 -0.222329 0.323176 -5.09695 -1.23023 -5.85701 -1.70392 -0.0950351 0.33378 2.6755 1.47049 2.39002 -1.07531 3.96112 -0.302547 -0.0884406 
5.08996 0.0927179 -0.407463 -0.284827 -0.669676 -0.363933 -0.358021 -0.092748 0.0298676 -0.0733902 -0.162487 0.0460865 0.00594511 8.53928 6.60853 -4.03745 1.39174 -3.41788 -2.1137 -0.730404 1.61734 0.302884 0.148773 -0.968104 -0.552017 0.462983 -2.07447 -4.72579 -4.22596 -2.95862 2.05872 0.292946 3.28465 1.81379 0.222388 -0.109061 3.54242 -0.613812 -0.310632 
5.16472 0.106228 -0.636945 -0.210748 -0.741967 -0.413762 -0.261594 -0.0422899 0.0564559 0.0117958 -0.120167 0.0946775 0.103862 6.94326 5.18074 -5.09163 -0.172294 -2.73242 -1.85553 0.0633571 2.03255 0.87383 0.258117 -0.115914 -1.25491 0.0309516 -2.04052 -5.09433 0.557565 -2.85688 3.39052 0.922738 1.81146 1.18137 -1.94309 0.0345222 1.4319 -1.02508 -0.770107 
5.25876 0.117111 -0.755394 -0.270652 -0.685364 -0.495887 -0.196319 0.0136227 0.041686 -0.0565693 -0.0842325 0.107462 0.0951807 6.67253 3.24459 -5.55943 -1.57285 -1.94996 -1.26213 0.57897 2.34126 1.33375 0.490974 0.988384 -1.82756 -0.266139 -2.58735 -3.53348 3.72979 -1.88176 2.87182 1.42198 -0.0105874 -0.0603781 -2.0843 0.700343 -0.773723 -1.31652 -0.776307 
5.36158 0.122389 -0.818237 -0.321596 -0.707168 -0.468202 -0.212241 0.100003 -0.00465237 -0.0437082 -0.0581138 0.0125522 0.0678709 5.05325 1.337 -4.74699 -2.25763 -0.483174 -0.446836 1.09982 2.2048 0.654758 0.495992 1.26418 -1.73474 -0.367028 -1.93714 -1.56464 4.01872 -1.05523 1.60566 1.26467 -1.25747 -1.28532 -0.183121 1.10288 -1.6656 -0.867642 -0.360817 
5.42823 0.130371 -0.849182 -0.3909 -0.680479 -0.488196 -0.170691 0.116432 -0.0164643 0.00619576 -0.068799 -0.0519427 0.0366148 3.61501 -0.0106845 -2.70783 -2.67013 0.779593 0.0360146 0.54013 1.60405 0.121208 1.40653 -0.115919 -1.80088 -0.094705 -1.53016 -0.420121 2.43164 -0.144662 0.509342 1.35648 -1.49501 -1.637 1.10655 0.775886 -1.33935 0.375184 0.278555 
5.48782 0.114656 -0.836695 -0.453449 -0.673578 -0.461217 -0.186223 0.150654 -0.00294383 0.0145905 -0.0701596 -0.0706785 0.0256746 3.11427 -0.337693 -1.31347 -2.78664 0.934051 0.746088 -0.1837 0.874529 0.410219 1.64155 -0.858917 -1.84754 -0.176942 -1.42311 -0.406381 1.07637 0.740281 0.141506 0.900552 -0.983827 -1.6447 1.1115 0.935052 -1.43148 1.16325 1.02991 
5.52168 0.110538 -0.860416 -0.481487 -0.654115 -0.444041 -0.194249 0.143059 0.0237946 0.0373162 -0.0676611 -0.115429 0.0311633 2.54484 -0.828566 -0.372722 -2.48284 0.700132 1.30563 -0.520836 0.215336 0.826164 1.97584 -1.34692 -1.17742 -0.088931 -0.859758 -0.678249 0.747031 0.780393 -0.188716 0.550844 -0.475546 -1.11644 0.595039 0.419601 -1.20972 1.60514 0.677708 
5.53374 0.108587 -0.866456 -0.531243 -0.611275 -0.420763 -0.21986 0.11675 0.056626 0.0847168 -0.110462 -0.128344 0.0424203 1.81384 -1.46802 0.452439 -2.05951 0.795308 1.24117 -0.536114 -0.379465 1.08101 1.66555 -1.54543 0.179259 0.167512 -0.484457 -1.18551 1.03321 0.841514 -0.583589 0.148926 0.106417 -0.467501 -0.0451723 -0.383024 -0.378028 1.93332 0.113233 
5.55392 0.0934969 -0.855162 -0.573608 -0.596819 -0.377348 -0.261828 0.111604 0.0685605 0.162034 -0.20402 -0.104615 0.0709079 0.755623 -1.9749 1.19341 -1.35093 0.562378 1.14094 -0.416658 -0.698313 0.792796 1.09692 -1.51881 1.26029 0.542432 -1.08249 -1.39684 1.50803 1.00233 -0.569327 -0.565632 0.855771 -0.209876 -0.641876 -1.48138 0.705989 2.1647 -0.151985 
5.61247 0.051374 -0.863567 -0.552721 -0.6294 -0.350903 -0.248688 0.0878259 0.0981507 0.186238 -0.219166 -0.121831 0.0919193 -0.207773 -2.26968 1.64618 -0.661295 0.319869 0.65722 -0.0213431 -0.600911 0.325542 0.444781 -1.36802 1.92056 0.371859 -2.1282 -0.990374 1.6169 1.08335 -0.296432 -1.15504 1.01009 0.279654 -1.17906 -2.15223 1.17139 1.9627 -0.319946 
5.63248 -0.0168153 -0.804147 -0.607215 -0.626062 -0.322992 -0.245214 0.0874791 0.11372 0.16948 -0.222487 -0.0453531 0.0335787 -0.666677 -2.49707 1.83256 -0.0583027 0.0485736 -0.271791 0.244381 -0.316822 -0.185826 -0.0790108 -0.803314 2.47516 -0.00925795 -2.24878 -0.0854655 0.590292 1.4134 -0.189887 -1.89489 0.795392 0.57939 -1.37387 -1.66827 1.25669 0.783551 -0.289396 
5.59147 -0.0983262 -0.726782 -0.601571 -0.585566 -0.353644 -0.242249 0.0661287 0.106222 0.133212 -0.220611 0.0752975 0.0689674 -0.739315 -2.44305 1.81163 0.395971 -0.306573 -1.31179 0.779298 0.311993 -0.809755 -0.77672 0.123852 2.61039 -0.789102 -0.836128 0.863894 -0.740017 1.07966 -0.454675 -2.18294 0.585089 1.16763 -1.22544 -0.713369 1.24836 -0.676367 -1.13614 
5.46432 -0.125638 -0.66212 -0.549308 -0.615389 -0.361629 -0.200146 0.0402686 0.0445165 0.0999979 -0.231074 0.116981 0.126171 -0.611084 -2.2636 2.05446 0.910631 -0.548902 -1.77224 1.23407 0.57425 -1.29611 -1.55393 1.04125 2.31286 -1.19133 1.48835 1.07051 -1.14601 0.536505 -0.590502 -1.57625 0.366698 1.28466 -0.675707 -0.162559 1.39338 -1.49293 -1.67714 
5.4304 -0.144598 -0.656463 -0.524341 -0.628199 -0.405869 -0.180095 0.108861 0.0268124 0.0526655 -0.229913 0.118518 0.0434426 -0.300013 -1.9536 2.45846 1.16358 -0.997905 -1.93035 1.71389 0.58061 -1.71216 -1.42973 1.41539 1.68297 -1.28051 2.73036 0.714453 -0.136455 0.15267 -0.917536 -0.186614 0.6901 0.284861 -0.287204 0.309634 1.3029 -1.73163 -0.900847 
5.48257 -0.176848 -0.690488 -0.501177 -0.630953 -0.530333 -0.195428 0.110862 0.00970252 0.0858768 -0.165013 0.158135 0.00618862 0.0518894 -1.14907 2.34856 1.6066 -1.70979 -2.01756 2.20464 0.476562 -1.94478 -1.09897 1.88983 0.766812 -1.47979 1.88117 0.696067 1.20004 0.0596991 -1.23173 1.33989 1.1345 -0.706978 -0.121753 0.408874 0.712577 -1.5315 0.00133627 
5.5355 -0.174225 -0.676112 -0.51524 -0.665587 -0.59683 -0.120399 0.19659 -0.0486991 0.0318117 -0.101234 0.166432 -0.105225 0.674505 -0.422374 2.26866 1.44582 -2.42743 -1.82736 2.5227 0.656665 -2.03657 -0.656527 1.95907 -0.239256 -1.90879 0.224195 0.901521 1.44811 0.158351 -1.35837 1.69833 0.935545 -1.26063 -0.00362227 0.9274 -0.233962 -1.32425 0.903175 
5.5741 -0.21162 -0.556548 -0.446387 -0.693801 -0.519237 -0.0899587 0.151219 -0.0734688 -0.0486909 -0.0585682 0.144853 -0.0589907 1.33694 -0.121151 2.45555 1.06111 -2.61028 -1.52865 2.5534 0.574668 -1.85119 -0.323878 1.65624 -0.74073 -1.82563 -0.830763 1.18685 0.381711 -0.349669 -1.03027 0.720428 0.387865 -0.546969 0.0760359 1.27266 -1.12384 -1.01291 0.582037 
5.60468 -0.240169 -0.452894 -0.437645 -0.784171 -0.522539 0.00123765 0.102294 -0.103334 0.0466636 -0.0644619 0.100402 -0.0416886 1.36387 0.0880757 2.61962 1.06107 -2.76331 -1.01952 2.43195 0.256844 -1.93932 0.0290621 1.08522 -0.868163 -1.23993 -0.700722 0.910665 -0.88244 -0.57764 0.0108203 -0.118042 -0.740986 0.490071 0.143027 0.618713 -1.51055 -0.263867 0.0821681 
5.55438 -0.147302 -0.470296 -0.382245 -0.856003 -0.574168 0.0533137 0.102088 -0.137439 0.0392054 0.0144358 0.101607 -0.12363 1.09518 0.185641 2.65997 1.04551 -2.65201 -0.482598 2.06633 0.0673215 -1.92029 0.271464 0.325446 -0.920599 -0.700725 0.16605 -0.239432 -1.01015 -0.590673 1.02778 -0.17244 -1.56136 0.567634 0.121692 0.269658 -1.72475 0.461393 0.611803 
5.58253 -0.131193 -0.438753 -0.422457 -0.918263 -0.595519 0.0812971 0.177125 -0.180589 0.0513175 -0.0243137 0.0393923 -0.162019 0.81374 0.14771 2.3179 1.05499 -2.25143 -0.419081 1.37029 -0.194153 -1.77133 0.673771 -0.238798 -0.684208 -0.0988771 0.298508 -0.887978 -0.626644 0.0735356 1.50649 0.276218 -1.64501 -0.161324 0.089008 -0.0794345 -1.11404 1.08857 1.17772 
5.63125 -0.164267 -0.377416 -0.439309 -0.908239 -0.59821 0.08738 0.160699 -0.175502 0.0396621 -0.0701314 0.035914 -0.127116 0.657215 0.0985781 1.71472 0.83347 -1.56602 -0.595016 0.59697 -0.0111344 -1.58943 0.799455 -0.590139 -0.281516 0.197036 -0.133055 -0.836792 -0.320125 0.571077 1.38116 0.613661 -1.4701 -0.720322 0.152328 -0.00413553 -0.259461 1.08129 1.45794 
5.64127 -0.169611 -0.376606 -0.367903 -0.944173 -0.596763 0.0791209 0.15771 -0.237176 0.062865 -0.0864802 0.0674746 -0.122004 0.605679 -0.132275 1.32863 0.640584 -0.425888 -0.469764 -0.379766 0.162315 -1.1601 0.305521 -0.799215 0.384042 0.56285 -0.500278 -0.37429 -0.278532 -0.01805 1.4771 0.278062 -1.1695 -0.493553 0.710831 -0.0661028 0.273392 0.886975 0.985829 
5.654 -0.184819 -0.343228 -0.357639 -0.944275 -0.593301 0.0628308 0.133405 -0.258681 0.0851128 -0.098972 0.0719256 -0.0922634 0.448595 -0.396086 1.10401 0.273325 0.668389 -0.207534 -1.29863 0.338642 -0.60606 -0.0248912 -0.940093 0.881556 0.968085 -0.81048 0.30907 -0.713004 -0.721014 1.76801 -0.0481415 -1.26327 0.511311 1.22146 -0.770535 0.51682 0.816331 0.0533274 
5.6415 -0.188436 -0.317993 -0.33866 -0.947528 -0.60293 0.0601222 0.119052 -0.276184 0.0916869 -0.0984797 0.0829627 -0.0639608 -0.256832 -0.121401 0.707065 -0.204261 1.49185 0.426878 -2.35768 0.136083 0.439778 -0.361662 -0.884556 1.19712 1.34031 -0.907616 0.626114 -0.852391 -1.64841 1.89327 0.496503 -1.79086 0.999502 1.95488 -1.16801 0.00109345 0.463722 -0.208067 
5.64629 -0.197413 -0.308115 -0.3382 -0.912176 -0.597821 0.0109059 0.125063 -0.266421 0.0915648 -0.108344 0.0953735 -0.0187144 -1.38934 0.555791 0.0649009 -0.829603 1.93014 1.37255 -3.43944 -0.0958072 1.74762 -0.631927 -1.12391 1.21827 1.49658 -1.60951 1.08441 -1.02163 -1.81975 1.33999 1.65202 -2.19544 0.215128 2.68211 -1.07523 -0.632524 0.115026 0.00853449 
5.65199 -0.201895 -0.3113 -0.372849 -0.824872 -0.619763 -0.0451734 0.161502 -0.22803 0.0522269 -0.127888 0.170299 -0.0374048 -3.26215 1.22688 -0.154708 -1.75748 2.38081 2.44311 -4.19225 -1.05029 2.90785 -0.634547 -1.1894 0.811695 1.67229 -3.26984 1.56543 -0.85703 -1.44792 0.154655 2.86138 -1.97338 -1.70362 2.58121 -0.0630242 -0.736569 -0.816138 0.544992 
5.60686 -0.172018 -0.339187 -0.408985 -0.756142 -0.606522 -0.133505 0.225948 -0.198162 -0.000856222 -0.120801 0.190214 -0.0437807 -5.50228 1.83639 -0.206391 -2.62251 2.72313 3.43809 -5.08383 -1.93019 3.13484 0.0702215 -0.722112 0.107639 1.63038 -4.8265 1.51392 -0.0771992 -1.24475 -0.487203 3.05052 -1.36312 -3.39569 1.30273 1.60953 0.0273783 -1.75747 0.712621 
5.53318 -0.13644 -0.33209 -0.498652 -0.727049 -0.469936 -0.26733 0.162398 -0.0562878 -0.00500319 -0.184404 0.165673 0.0498711 -6.84673 2.22917 -0.34073 -3.39165 2.91848 4.17828 -5.23884 -2.21877 3.00398 0.464535 -0.0875464 -1.05846 1.79622 -4.55622 0.914599 0.399965 -0.912976 -0.339274 1.59526 0.0435913 -2.635 -1.10015 2.27165 1.60279 -2.46572 0.236423 
5.38593 -0.0532335 -0.398271 -0.514427 -0.713277 -0.339373 -0.388149 0.0763469 0.0834374 -0.014569 -0.259399 0.185856 0.0872419 -7.20229 2.29423 -0.3772 -3.59563 2.68438 4.54381 -4.84699 -2.25507 2.63539 0.540455 0.641865 -2.35252 1.97616 -1.54975 -0.285882 0.689472 -0.610759 0.0665029 -0.351215 1.39992 -0.0517681 -2.88128 1.4736 2.80577 -2.91298 -0.0700821 
5.0908 0.00607305 -0.359183 -0.59199 -0.671466 -0.240752 -0.430877 -0.108964 0.106183 0.05044 -0.217433 0.119886 0.110789 -6.38918 2.03714 -0.370778 -3.21305 1.98804 4.31804 -3.7316 -1.84705 1.84881 0.567403 0.930993 -2.88796 1.84773 3.41663 -1.30913 0.111832 0.439861 -0.2615 -1.97621 2.55558 3.17861 -2.91284 -0.57794 2.0009 -1.67856 -0.488605 
4.85134 0.0399438 -0.313657 -0.703705 -0.594445 -0.172092 -0.584811 -0.153997 0.0203874 0.200978 -0.100628 0.0270587 0.109473 -4.44734 1.39968 -0.309359 -2.43295 1.27104 3.16234 -2.10819 -0.706946 0.809212 0.130272 0.84961 -2.10665 1.02433 7.30996 -1.80685 -0.541689 1.99672 -1.38984 -2.91325 3.74794 4.67082 -1.58714 -2.78845 -0.369354 1.12761 -1.11565 
4.86186 0.05716 -0.360306 -0.776512 -0.543626 -0.13395 -0.546287 -0.0537122 0.0221986 0.130082 -0.0467307 -0.10412 0.182101 -1.75252 0.540777 -0.471726 -1.11941 0.747721 1.24271 -0.432311 1.07454 -0.242668 -0.747324 0.757541 -0.847527 -0.0150526 7.80288 -1.83092 -0.593516 3.25525 -2.16044 -3.34313 3.50571 3.79635 -0.387231 -2.99108 -2.42642 4.25755 -2.02338 
4.92667 0.0402456 -0.371652 -0.763667 -0.546761 -0.10074 -0.558467 -0.0194803 0.0548631 0.053509 -0.0105743 -0.193918 0.21884 1.07407 -0.410013 -0.35829 0.0772399 0.120618 -0.409578 0.994676 2.54773 -0.990079 -1.49783 0.530325 0.262845 -0.699415 5.4488 -1.43145 -0.309238 3.39458 -1.93143 -3.37678 2.73231 2.12387 -0.225998 -1.81237 -2.70798 5.44368 -2.43607 
5.03415 0.0280971 -0.386691 -0.72385 -0.606318 -0.129402 -0.470709 0.0494512 0.0209236 0.0318742 -0.0863386 -0.0889957 0.155889 3.38117 -1.17644 -0.146541 1.28489 -0.738374 -1.71815 2.40884 3.36732 -1.78891 -1.91441 0.257806 1.29643 -1.42502 1.79279 -1.08998 0.665988 2.25217 -1.01029 -2.60098 1.63083 -0.0114607 -1.06485 0.0637827 -0.651507 3.09239 -1.69848 
5.15616 -0.00501263 -0.388605 -0.677573 -0.644147 -0.217355 -0.394008 0.168022 -0.018484 -0.0498959 -0.149036 0.100441 0.049161 4.32498 -1.73281 0.300539 2.33205 -1.62139 -2.55953 3.66458 3.06234 -2.6438 -1.83034 0.301415 1.89346 -1.96982 -1.09896 -0.729149 1.43788 0.812887 -0.440519 -1.04214 0.764798 -1.71186 -2.19453 1.9166 1.81186 -0.869649 -0.312065 
5.27687 -0.0484985 -0.429018 -0.575225 -0.636461 -0.324285 -0.357684 0.24944 -0.00650295 -0.119189 -0.165852 0.177537 0.0247769 3.85276 -2.0541 0.982029 2.74069 -2.05319 -2.95824 4.05578 1.95657 -3.51408 -0.805566 0.599983 2.19735 -2.4249 -2.48583 -0.346312 1.78574 -0.478672 -0.469493 0.536467 0.734351 -2.76016 -2.59549 2.64271 2.73821 -3.21814 0.549007 
5.31941 -0.0850643 -0.391397 -0.533922 -0.668853 -0.357624 -0.308671 0.257676 -0.0598132 -0.111815 -0.131398 0.167856 0.0136061 2.96148 -2.17818 1.52132 2.48955 -2.15706 -2.8346 4.31076 0.727106 -3.91838 0.220999 0.875989 1.78663 -2.30579 -2.53757 -0.0555756 1.39654 -1.04142 -0.476019 1.36227 0.439949 -3.09518 -1.54633 2.44644 1.71388 -2.88418 0.714132 
5.32016 -0.130138 -0.298919 -0.520272 -0.72949 -0.406819 -0.171187 0.225658 -0.248206 -0.043082 -0.0357281 0.123977 -0.0524834 1.92027 -2.13469 1.86664 1.98547 -2.05936 -2.20986 4.07397 -0.61999 -3.77026 0.953629 1.33355 0.637547 -1.80286 -1.69808 0.28908 0.291257 -1.15632 -0.102071 1.5652 -0.316446 -2.47716 0.789161 1.34503 -0.420533 -0.983889 0.707068 
5.3318 -0.170981 -0.264108 -0.464901 -0.791812 -0.430159 -0.103144 0.213484 -0.373564 -0.00630593 0.046764 0.0818301 -0.0716496 0.964539 -1.80737 1.80348 1.48324 -2.053 -1.36015 3.72815 -1.69578 -3.26342 1.46304 1.41662 -0.314493 -1.39673 -0.853981 0.643218 -0.745134 -1.09155 0.445809 1.35082 -1.05326 -1.43653 2.79162 -0.0384309 -1.83456 0.454074 0.5324 
5.33738 -0.198815 -0.238645 -0.453117 -0.805374 -0.452671 -0.0449301 0.15019 -0.390104 0.0265099 0.0305465 0.115068 -0.0931811 0.316994 -1.35517 1.52814 0.830359 -1.823 -0.635347 3.07855 -1.92835 -2.43904 1.44696 1.01739 -0.464304 -1.21741 -0.354851 0.941842 -1.41419 -0.796628 0.815742 1.07236 -1.72529 0.0494508 3.28287 -1.04671 -1.73013 0.488064 0.493223 
5.34097 -0.23072 -0.19713 -0.464405 -0.839644 -0.439904 0.00783204 0.0699572 -0.378496 0.0719603 -0.00967173 0.122388 -0.0910837 0.0602131 -0.76031 0.657281 0.491378 -1.13462 -0.298769 2.00638 -1.39316 -0.982214 0.754385 0.293603 -0.0546611 -1.04735 -0.281828 1.2469 -1.72935 -0.509526 1.17526 0.627417 -2.14887 1.65061 2.57721 -1.68084 -0.880988 0.310068 0.219804 
5.34225 -0.239657 -0.190646 -0.465669 -0.85934 -0.432629 0.0386438 0.0286761 -0.381395 0.0796627 -0.000215124 0.106672 -0.10935 -0.420174 0.133587 -0.458301 0.285488 -0.277757 0.0866084 0.453504 -0.526877 0.688149 -0.320103 -0.248062 0.229227 -0.665619 -0.644548 1.54317 -1.83409 -0.234403 1.52208 0.212952 -2.48771 2.68253 1.72507 -1.99045 -0.12796 0.251647 0.167233 
5.33317 -0.223488 -0.228716 -0.440478 -0.885871 -0.42353 0.0509668 0.0223778 -0.358354 0.057441 0.0034591 0.0999278 -0.136907 -1.74082 1.13243 -1.22694 0.20099 0.684501 0.19147 -0.413793 -0.492626 1.75253 -0.526634 -1.05035 0.333691 0.217647 -1.82004 1.79206 -1.61945 0.0543327 1.9348 -0.0863231 -2.30556 1.82223 1.30536 -1.24395 -0.410771 0.262612 1.10601 
5.33246 -0.213779 -0.239875 -0.465145 -0.852564 -0.41835 0.00956545 0.0782 -0.324531 0.0346699 -0.0162962 0.110921 -0.133398 -4.03363 1.75483 -1.09244 0.360209 1.52496 0.153936 -0.691121 -1.10914 1.52799 0.300004 -1.70776 0.511025 1.2292 -4.09619 1.6003 -0.388599 0.401705 1.88799 -0.251088 -0.884402 -1.09487 0.272169 1.0012 -1.31743 0.415316 2.18981 
5.32334 -0.175947 -0.301056 -0.461497 -0.799682 -0.431992 -0.0405881 0.145911 -0.257905 -0.0266941 -0.0432283 0.157033 -0.150875 -6.45538 2.46535 -0.791375 0.584189 2.36508 0.0981223 -1.06211 -1.83041 1.62528 0.987237 -2.21058 0.703365 1.83309 -6.03221 1.0972 1.3838 0.572744 1.37915 -0.131013 0.594736 -3.86097 -0.732671 3.22616 -1.84645 0.236353 2.55705 
5.22588 -0.087343 -0.377272 -0.451421 -0.757876 -0.405045 -0.14276 0.192508 -0.200735 -0.108267 -0.0101106 0.13257 -0.127905 -8.89858 2.47425 0.095127 0.709267 3.59595 0.375123 -1.50014 -2.75116 1.66001 1.91767 -2.63542 0.405128 2.05651 -6.22646 -0.125544 2.95249 0.50905 1.39058 0.190389 1.17665 -4.58332 -1.21115 4.09424 -1.62704 -0.181228 1.30545 
4.99149 -0.00533401 -0.402602 -0.41751 -0.677986 -0.425536 -0.10174 0.0082308 -0.151969 0.0236935 -0.164531 0.133742 0.0447126 -10.6154 1.63431 1.15058 1.18209 4.78811 0.813829 -2.06396 -2.78236 1.01242 1.00299 -1.44038 -0.568661 1.98724 -3.73753 -1.84288 3.22379 0.554711 1.67849 0.931598 -0.25158 -1.35777 -1.28642 0.507202 1.32889 -1.40265 -1.23268 
4.65173 -0.017189 -0.246253 -0.400105 -0.617658 -0.436639 -0.0219408 -0.193601 -0.293444 0.25271 -0.26363 0.207084 0.125041 -11.0421 -0.648415 1.232 1.59405 5.31323 1.48762 -1.19387 -2.4333 0.810571 -0.322998 -1.44053 -1.45307 1.72996 0.751223 -4.19524 0.953462 0.564729 1.7543 1.67501 -0.936359 3.09868 -0.0507897 -4.7775 2.96047 -2.70112 -2.67285 
4.44251 0.0780817 -0.231976 -0.382446 -0.557251 -0.414689 -0.0978219 -0.242442 -0.172281 0.241592 -0.282306 0.200601 0.099213 -10.2855 -2.98457 0.931696 0.951332 4.20301 1.60127 -0.463557 -2.11174 0.18893 -1.46745 -0.683894 -1.6632 1.85268 4.45663 -6.16085 -1.75757 -0.24783 -0.307969 1.26524 0.174917 4.95313 -0.278687 -7.16224 3.17832 -2.16861 -1.70724 
4.20893 0.0117805 -0.135843 -0.375393 -0.354695 -0.337948 -0.193758 -0.290179 -0.147975 0.299351 -0.290753 0.0901902 0.0495715 -8.95413 -4.7151 0.463421 -0.115243 2.91926 1.08836 -0.0260897 -0.787499 0.64392 -1.77941 -0.0220641 -1.40625 1.11522 5.79815 -5.3017 -3.71378 -1.8131 -3.70833 -0.501078 1.84472 4.29812 0.283471 -4.86641 1.69549 0.153453 -0.0459551 
4.10593 -0.128633 -0.086389 -0.264623 -0.218514 -0.281127 -0.314117 -0.106224 -0.2573 -0.11471 0.0321263 -0.067102 0.0343954 -7.10654 -6.32711 -0.609848 -0.190349 1.40575 0.762737 -0.567344 0.196595 1.21304 -2.4773 1.34362 -1.49935 0.533988 4.22911 -2.58136 -3.68941 -2.50725 -5.81831 -2.24408 2.1599 0.412099 1.3692 1.86334 -0.813012 2.4602 1.17248 
4.1307 -0.481784 -0.256247 -0.261068 -0.191905 -0.195854 -0.0592345 -0.0370114 -0.143644 -0.238352 -0.26318 -0.0797695 0.0577759 -4.73676 -7.04837 -1.71044 -0.216134 0.252071 0.559266 -0.667943 0.9931 1.55206 -2.783 2.34724 -0.986745 0.167699 1.85772 1.28258 -1.23194 -1.35871 -4.7654 -2.59819 -0.356826 -1.97529 0.963096 5.75447 0.617608 3.11412 0.414664 
4.12681 -0.571852 -0.344609 -0.449051 -0.468885 -0.285445 -0.0699781 -0.128512 -0.237193 -0.238453 -0.115947 0.0301319 0.197061 -3.11597 -7.17994 -2.2344 -0.147937 -0.404308 0.351474 -0.16311 1.0497 1.39581 -1.91812 2.04787 -0.600422 -0.0306762 0.732566 3.05001 0.614984 1.41919 -0.272565 -0.708759 -1.82844 -1.68686 1.08798 4.93141 0.55451 1.14143 -1.45412 
3.98052 -0.557254 -0.336311 -0.555551 -0.482448 -0.391807 -0.100383 -0.0141594 -0.0294824 -0.0219044 -0.130897 0.0690661 0.0864753 -1.71794 -6.10437 -2.39648 -0.444437 -0.887941 0.664946 0.368902 0.897094 1.26929 -1.03592 1.64049 0.0976378 0.107522 1.40944 2.57051 1.49957 2.55786 3.06754 2.06677 -1.15434 -0.727142 -0.994446 0.837113 0.357689 -0.752188 -1.37187 
3.89567 -0.733706 -0.401103 -0.343792 -0.512836 -0.368622 -0.232298 -0.197459 -0.0153061 -0.0152221 -0.0182488 -0.00985833 0.156159 -0.466042 -4.52672 -1.87455 -0.717253 -0.938174 0.780484 0.35829 -0.15006 1.08988 0.725964 1.01901 0.955227 0.0315244 2.88135 2.22625 1.56497 0.735309 3.47932 2.82966 0.889069 0.968723 -2.08216 -2.1265 -0.702279 -0.652922 -0.756279 
3.98666 -0.775118 -0.382228 -0.346943 -0.461482 -0.303364 -0.195792 -0.111501 -0.0874325 -0.058866 0.0822271 0.104496 0.0651381 1.31923 -2.5284 -0.928953 -0.0428739 -0.0260289 1.50197 -0.741355 -0.631544 0.0625477 0.428632 1.31895 0.389719 -0.213068 3.92307 1.90548 0.776033 -0.815757 1.5677 2.13124 1.47017 0.0960707 -1.8477 -2.15985 -2.4435 -0.587209 0.717756 
3.9729 -0.805325 -0.428414 -0.327562 -0.358441 -0.260023 -0.167697 -0.0741214 -0.0182728 -0.0731305 -0.0579565 -0.0260641 0.0118125 2.42069 -1.74218 -0.810761 0.760273 1.01716 2.38836 -0.429117 -0.148224 -0.00624167 0.306955 0.796205 -0.755105 -0.744565 3.50061 2.12683 0.29221 -1.23926 -0.995111 0.45076 0.285059 -0.667499 -1.31124 -0.30279 -0.815377 -0.270683 1.0841 
4.00903 -0.819662 -0.401331 -0.422675 -0.325958 -0.11299 -0.102489 -0.0355013 -0.0934992 -0.136364 -0.0101959 0.00168621 0.0999335 3.37886 0.661928 -0.298378 0.708234 0.879676 1.93128 -0.460358 -0.0839015 -0.739724 -0.562857 0.301517 -0.791685 -0.828547 1.53602 3.51255 0.243268 0.209841 -1.58956 -1.87981 -1.29469 -0.466777 0.347459 1.16059 -0.290279 -0.699682 -0.510579 
4.15609 -0.835701 -0.392833 -0.435627 -0.412981 -0.182975 -0.119392 -0.147731 -0.117411 -0.08313 0.014864 0.129854 0.108617 5.34599 5.14393 -0.330415 -1.41149 -0.272436 1.43822 -0.0952803 -0.435866 -0.765945 0.637957 -0.528989 -0.644375 -1.1811 0.729517 6.52342 -0.152088 -0.187255 -1.78627 -2.12041 -1.31183 -0.429873 0.794137 1.87949 -0.0794305 -1.1511 -1.40014 
4.40498 -0.766889 -0.41298 -0.352349 -0.357184 -0.0637727 -0.22261 -0.200646 -0.185093 -0.175979 -0.0819743 -0.0193897 0.100199 7.42944 7.8432 -0.961301 -2.38267 -1.93922 1.2567 -0.394109 -1.4485 -0.34909 1.96392 -0.575487 -0.700058 -0.983993 1.72713 8.21948 -0.612855 -2.51435 -2.56284 -1.64048 0.0578038 -0.400284 1.04502 2.8223 0.108855 0.43217 -1.47917 
4.27783 -0.788037 -0.489157 -0.346533 -0.39235 -0.0747983 -0.165366 -0.0695663 -0.0694761 0.00717037 0.0529609 -0.136456 0.0156987 9.2989 9.27825 -1.39003 -3.38745 -2.94122 0.986305 -0.677361 -1.53877 -0.483698 3.12022 -0.229502 -0.277901 -1.08892 4.53158 6.47631 -1.0882 -4.0325 -2.49957 -0.040556 0.528696 -1.19295 0.177523 2.44732 -0.713697 1.41706 -0.12506 
4.28365 -0.347544 -0.338384 -0.346717 -0.391407 -0.268414 -0.264339 -0.0680792 -0.100171 -0.118357 -0.0450299 -0.0109434 -0.0570484 10.146 9.52535 -1.94559 -3.75263 -3.18619 0.334809 -0.748847 -0.882231 -0.219586 3.71655 -0.439819 -0.568945 -1.41564 5.19677 -0.428531 -1.89714 -3.30751 -1.57399 1.54953 0.913756 -0.317255 -0.45616 1.95728 0.0611318 0.912865 1.20649 
4.75797 0.209759 -0.483306 -0.70493 -0.60874 -0.140197 -0.175843 -0.299983 -0.148738 0.158638 -0.0925673 -0.0239078 -0.0494855 10.0543 8.80802 -2.45894 -3.9172 -2.80869 0.0249361 -0.462457 0.258608 -0.0310759 3.62458 -0.513843 -0.87728 -1.17007 1.17292 -7.57739 -1.19844 0.798212 1.13167 0.154106 0.0681177 2.31991 -0.261629 -0.64827 0.391047 -0.161663 1.26356 
5.08747 0.176396 -0.588776 -0.719838 -0.730995 -0.0283897 -0.195792 -0.307483 -0.0855037 0.226707 -0.0277938 0.000756252 -0.033166 9.3922 7.15416 -2.78673 -3.9003 -2.20877 -0.586666 -0.503477 1.06884 0.265678 3.31699 -0.539926 -0.432802 -0.73719 -3.76291 -8.6258 -0.224428 3.27056 3.60191 -1.55207 -0.612272 3.87356 0.0945045 -2.64344 -0.141429 -1.46049 0.709922 
5.21819 0.139628 -0.60875 -0.81831 -0.683534 -0.0471254 -0.228402 -0.211844 -0.150761 0.299332 -0.0576541 -0.0200726 -0.0422302 8.62872 4.99666 -3.10009 -2.70833 -1.2782 -0.780236 -0.763101 1.49383 0.243057 1.93602 -0.745762 -0.617264 -0.169071 -6.76647 -5.56261 0.175907 4.3024 3.52316 -2.46857 -0.58985 3.14549 1.12309 -3.38791 -0.00993402 -1.32848 0.220237 
5.28768 0.109088 -0.639356 -0.800475 -0.678588 -0.132517 -0.218733 -0.0969518 -0.153363 0.266717 -0.0564702 -0.0663152 -0.0578629 5.94504 1.90522 -3.25701 -0.988955 -0.393623 -1.03015 -0.585811 2.4314 0.765296 0.673514 -0.243024 -1.02927 0.0698057 -6.47151 -0.929432 0.620679 3.4574 2.05199 -1.83322 -0.503011 0.632847 1.23136 -3.41341 -0.145663 -0.0139011 0.0913276 
5.33651 0.114505 -0.715392 -0.749665 -0.643612 -0.199025 -0.223532 -0.02986 -0.112002 0.258646 -0.0817264 -0.115389 -0.0423597 2.03307 0.0871201 -2.15994 1.23637 0.800874 -2.37845 -0.711306 3.51808 1.02792 -1.62894 -0.157174 -0.589347 0.075976 -4.67107 1.3025 0.921024 1.89719 0.00468987 -0.459107 0.311402 -1.2009 0.693553 -2.56041 0.32608 1.15767 0.117676 
5.34195 0.133961 -0.75814 -0.76985 -0.558641 -0.208485 -0.314517 0.0291856 -0.0596774 0.236953 -0.118948 -0.116664 -0.0419608 -0.618832 0.418116 -1.1169 2.39416 1.14218 -3.21798 -0.371249 3.58587 0.561337 -2.78132 -0.282335 -0.0866601 0.212554 -3.55008 0.64083 1.87478 1.83115 -1.07542 -0.284823 1.09021 -0.996337 -0.515222 -2.13333 0.726875 1.90483 0.218456 
5.30196 0.164454 -0.820675 -0.663739 -0.582142 -0.259358 -0.288928 0.0432487 -0.0404854 0.164688 -0.076292 -0.148974 -0.0352733 -2.7549 0.727704 -0.243534 3.96945 1.23742 -3.58262 0.123135 2.75354 0.391227 -3.66103 -0.138199 0.711588 0.464162 -3.12515 -0.0675872 2.75504 1.7307 -0.374397 -0.788352 1.27668 -0.485284 -1.68011 -1.27339 0.210282 2.06843 0.332247 
5.20509 0.190236 -0.788267 -0.617005 -0.605919 -0.308559 -0.267833 0.0685157 -0.0126398 0.0505336 -0.066397 -0.0919231 -0.0458263 -4.24085 0.119208 1.28149 5.19228 1.67561 -3.0909 -0.354853 1.46143 0.191532 -3.76108 -0.00761336 1.43829 0.532914 -2.33643 -1.18394 2.96193 2.37385 0.886725 -0.410478 0.208014 -1.02718 -1.62542 0.0262497 -0.115994 1.28967 0.375136 
5.12257 0.202527 -0.738014 -0.557905 -0.583012 -0.399575 -0.24543 0.138457 -0.0249645 -0.0417025 -0.0779699 -0.0246974 -0.0284502 -4.43345 -2.29678 3.58827 6.17872 1.56486 -2.03706 -0.221135 0.350693 -0.250798 -4.21877 0.603156 1.9756 0.396976 -0.616179 -3.62429 3.37063 2.53582 1.36076 1.48457 -0.845254 -2.3929 -0.695972 0.6828 0.282806 0.314263 0.0509633 
5.05441 0.180689 -0.670277 -0.429819 -0.572543 -0.465443 -0.234935 0.225248 -0.127757 -0.0812662 -0.0795358 0.0037599 0.00184761 -4.7845 -5.95896 5.81319 6.06921 0.714975 0.11753 0.282064 -0.871835 -0.936774 -3.71326 1.08438 1.66087 0.437906 0.668285 -7.06868 3.96688 0.677816 0.120725 4.54335 -0.942071 -3.5431 0.218485 1.05432 0.993532 -0.78896 -0.350891 
4.84561 0.209773 -0.6276 -0.238031 -0.472192 -0.567792 -0.18619 0.140901 -0.127436 -0.15816 -0.0899207 0.053737 0.0230391 -5.57496 -9.20688 7.61864 4.3059 0.95989 1.90494 0.176394 -1.59738 -1.02599 -1.99262 0.994217 1.18243 0.555103 0.908936 -9.21154 4.04573 -3.04637 -1.51383 6.18222 -0.166978 -2.62679 0.363988 2.23651 1.20478 -1.75897 -0.347804 
4.78427 0.0345566 -0.449423 -0.0826059 -0.381082 -0.465134 -0.386119 0.0185021 -0.0637445 -0.150242 -0.0715146 0.0751321 0.0027065 -7.26149 -11.2466 8.72252 1.54352 1.79316 2.8085 0.467237 -2.10137 -1.36548 -0.552732 0.479536 0.565953 0.887056 -1.81165 -6.87529 2.62702 -7.37574 -1.20768 4.08013 1.71175 -0.376028 -0.445726 3.06412 -0.128003 -1.80059 0.352564 
4.91226 -0.405409 -0.175896 0.0199307 -0.448884 -0.322367 -0.284708 -0.0221835 -0.0993968 -0.311277 0.0435862 0.109389 -0.0176908 -9.58375 -11.6032 9.658 -0.936455 3.01407 2.69744 -0.0524497 -2.9284 -1.35485 -0.0386894 0.00493662 0.00526908 0.963789 -6.14762 0.100122 0.34236 -8.78696 1.86199 -0.900447 0.887338 0.930493 -0.759112 3.13571 -2.13308 -1.29936 0.969558 
4.71776 -0.852352 0.0145475 -0.112467 -0.619964 -0.0115045 -0.202833 -0.115303 -0.198517 -0.204886 0.0677846 0.00164575 0.01719 -12.0847 -11.2095 8.93552 -3.11219 4.01898 1.96058 0.0285629 -3.00771 -0.673528 0.739797 -0.367784 -0.133146 0.766059 -7.875 6.70988 -2.32283 -5.669 4.9808 -5.99536 -0.443546 1.34432 0.188622 1.32732 -2.71382 0.18202 0.566163 
4.44641 -1.01482 0.145603 -0.341388 -0.446565 -0.044595 -0.236144 -0.086225 -0.136363 0.0101272 0.00884253 -0.00842995 0.0506457 -12.6855 -9.74671 6.77588 -5.24084 4.49761 0.758878 0.344339 -2.06753 -0.02494 1.16999 0.0368344 -0.00449525 0.395652 -4.87239 8.73997 -4.95369 -0.820604 4.30302 -6.76874 -0.881901 0.744583 1.50709 -1.30724 -0.727221 1.28346 -0.659926 
4.0485 -1.03809 0.274311 -0.616679 -0.24208 -0.160995 -0.149409 -0.0772677 -0.24209 -0.0264328 -0.118659 0.0245086 0.119127 -11.9961 -7.26675 3.81608 -5.88154 4.79684 -1.41838 1.06408 -1.39965 0.626031 1.35459 0.276499 0.378864 0.199133 2.63068 5.76911 -6.65818 3.25935 0.667571 -4.07206 -0.659287 0.440934 2.95177 -1.62801 2.2197 1.53 -1.79043 
3.69728 -0.950151 0.465452 -0.592729 -0.0304354 -0.328557 -0.34353 -0.219743 -0.23977 -0.162983 -0.1316 0.0105134 0.107113 -9.72954 -3.64052 1.06907 -5.27642 4.72742 -2.35872 1.21608 -0.8646 1.16883 1.34492 0.12627 0.492731 0.0587608 10.1153 1.93795 -6.84121 3.82614 -3.68377 0.397111 1.94554 1.23177 2.2946 -0.627894 3.19961 0.914751 -1.49884 
3.37882 -1.06307 0.301571 -0.584475 0.0308041 -0.376238 -0.240284 -0.192301 -0.113475 -0.0349557 -0.107964 0.0576577 0.0550123 -6.10829 -1.24106 -1.16221 -3.77162 3.68177 -2.99934 1.49006 -0.115624 2.07581 0.602679 -0.172548 0.703744 -0.172331 12.6928 0.784948 -4.20064 2.41464 -5.62728 3.07954 2.2855 1.39149 0.665841 0.120809 1.07111 -0.49718 -0.132345 
3.50311 -1.08488 0.117509 -0.739457 0.0395998 -0.404277 -0.193426 -0.128609 -0.0152937 -0.0708872 0.0808292 0.109441 -0.00516361 -2.22792 -0.293817 -2.96543 -1.67621 1.9475 -1.78341 2.08507 -0.505998 1.81457 0.071193 -0.217723 0.64365 -0.17652 9.06635 1.40331 -0.953911 2.01642 -4.09009 3.37905 1.48372 0.430346 -1.12508 0.500331 -2.4788 -1.19478 1.23385 
3.69884 -1.18334 0.0610693 -0.684611 0.0223482 -0.50494 -0.142988 -0.179713 0.0130166 -0.0335739 0.092663 0.137067 0.0100662 1.21664 0.330196 -4.21482 -0.358355 -0.182052 -0.829553 2.0919 -0.271913 1.2702 -0.14029 0.28736 0.747517 0.0440946 2.74767 2.43835 0.768458 1.39088 -2.16215 2.32069 -0.0561341 -0.303561 -2.60068 -0.752216 -3.17821 -0.7776 1.62793 
3.88313 -1.02603 0.0637119 -0.679083 -0.0600661 -0.308319 -0.0242127 -0.140076 -0.0585291 -0.0608931 0.0178279 0.0637828 0.0462756 3.10236 1.75849 -3.75859 0.886683 -1.84012 0.432831 1.51018 0.0841817 0.222519 -0.863483 -0.329386 0.00997056 0.488102 -2.24905 2.59313 1.6558 2.30543 -0.685539 0.320408 -2.73102 -1.00457 -2.49171 -1.95757 -1.49157 -0.358764 0.954942 
3.83652 -1.04791 -0.0209793 -0.731453 -0.139118 -0.372643 -0.0300027 -0.0753818 0.078387 -0.0204041 -0.14086 0.042411 0.0599846 5.6216 5.73123 -2.43999 1.53212 -3.21779 0.104223 -0.490026 -0.126737 -0.565781 -1.2789 -1.28015 -0.63128 0.297872 -1.15169 4.95539 1.74993 2.26063 -1.0283 -0.919086 -4.08708 -0.647239 -1.92171 -1.75672 0.7013 -0.278228 -0.480267 
3.87549 -1.01291 -0.113291 -0.60615 -0.0199834 -0.309656 0.011585 -0.257119 -0.0453223 -0.0279864 -0.153809 0.0925685 0.0925278 7.14046 8.70048 -1.94131 2.22455 -4.10231 -0.656673 -2.17405 0.0182628 -0.456822 -0.183843 -2.01106 -0.442592 0.0218866 3.51792 7.20246 1.57835 0.802091 -2.46276 -2.31142 -4.75609 0.984417 0.415886 0.21421 1.22034 -0.287721 -1.68872 
3.89516 -0.930767 -0.170611 -0.637806 -0.185555 -0.408346 -0.040215 -0.172806 -0.155497 -0.172527 0.00203532 0.168884 0.125744 8.15213 10.4164 -1.93241 1.97181 -4.69603 -1.07046 -3.17427 0.410739 0.107767 0.73265 -1.60706 -0.211943 -0.642185 6.85904 6.47999 0.771397 -0.303922 -2.20914 -2.08025 -3.03624 1.2103 2.60695 3.51592 -0.107563 -0.17386 -2.15718 
3.86502 -0.6796 0.0158528 -0.386003 -0.258038 -0.276653 -0.246789 -0.175146 -0.153952 -0.300418 -0.120746 -0.0383136 0.114765 8.82413 10.4202 -1.5945 1.54095 -4.62273 -2.06883 -3.57762 0.496549 0.698946 1.67045 -0.908208 0.242051 -1.28642 6.01215 1.73687 -0.877176 -2.53388 -0.792634 -1.54199 0.619169 1.16987 3.0286 5.12039 -0.0383151 1.22957 -1.63494 
4.41655 -0.0637875 -0.0720927 -0.508171 -0.456484 -0.493863 -0.383104 -0.163275 -0.0699715 -0.121283 -0.188598 -0.0124512 -0.0298678 8.95917 10.0292 -0.816551 1.06608 -4.37708 -2.20679 -3.09841 0.763553 0.758932 2.39403 -0.553604 0.370204 -1.62714 -1.02148 -5.82422 -0.515926 -2.32838 1.76426 0.0586577 3.44767 0.470255 1.56136 3.10977 0.386259 1.46929 -0.0938798 
4.74434 0.0480786 -0.206609 -0.485602 -0.516259 -0.58366 -0.443009 -0.0944804 0.0389242 0.106727 -0.177426 0.130362 -0.0204259 7.70592 8.56445 -0.446523 0.681855 -4.18171 -2.34156 -2.62669 1.55211 1.52911 2.72233 -0.731395 0.31131 -1.71205 -7.22949 -8.57686 0.964564 -0.878376 3.07439 1.33468 3.95248 -0.348343 -0.93569 -0.998434 0.713524 0.38518 0.857782 
4.80357 0.039785 -0.226022 -0.503447 -0.591317 -0.513691 -0.381314 -0.0877717 0.068205 0.142421 -0.147058 0.0942989 -0.061087 5.46773 6.16116 -0.222828 0.541087 -2.66534 -2.07299 -1.49882 1.26319 1.7251 2.57031 -0.918996 0.568448 -1.77023 -9.4127 -6.83518 1.94362 0.613019 2.90126 0.94351 2.08685 -0.155724 -1.87874 -3.88194 0.426207 -0.286266 1.08176 
4.7991 0.016023 -0.159102 -0.557532 -0.560729 -0.56136 -0.342113 -0.090349 0.0603393 0.154434 -0.145108 0.111817 -0.0891452 2.27148 2.6548 0.571219 0.0936201 -1.69777 -1.96254 -0.273974 1.15033 1.50249 1.19508 -0.266418 0.828066 -1.1695 -7.7063 -3.47249 2.42731 1.77732 1.74327 0.766991 -0.0728359 -0.173915 -1.04842 -4.70098 -0.204679 -1.12098 0.903423 
4.70956 0.0204962 -0.107439 -0.543678 -0.560391 -0.606139 -0.319728 -0.0722547 0.0288037 0.182027 -0.197069 0.11565 -0.083332 -1.89533 -1.05315 2.81001 -0.00305089 -0.0520619 -0.975973 -0.0271796 1.23949 0.377852 -0.717104 -0.0726913 -0.214018 -0.29732 -3.67204 -1.68233 2.61019 0.244323 1.13208 0.191606 -1.17755 0.026366 -0.398993 -3.37857 0.0770036 -1.23555 0.649136 
4.62737 0.0410517 -0.146342 -0.421699 -0.599229 -0.59939 -0.388239 -0.00577941 0.0570405 0.0933288 -0.185533 0.108569 -0.0689186 -4.54052 -3.03945 4.6844 -0.424856 1.35967 -0.762179 0.202742 0.557143 -0.597436 -2.03934 -0.0038639 -1.50728 0.00503276 -1.68781 -3.12685 3.45269 -1.63474 1.90495 0.269532 -0.435587 -0.56891 -0.756209 -1.21772 0.467872 -1.70252 0.794396 
4.53013 0.0349068 -0.0988761 -0.440026 -0.532926 -0.633979 -0.365746 -0.0305759 0.062792 0.0111574 -0.182967 0.14142 -0.135139 -6.32046 -5.27502 4.90215 -0.411235 2.81847 -0.454155 0.803688 -0.335974 -1.22202 -2.74824 0.172429 -1.79622 0.727321 -1.68701 -5.07525 2.58564 -2.11431 2.71147 0.97181 1.19464 -1.53848 -1.61898 0.130897 0.689003 -2.04068 1.26767 
4.42969 -0.0815852 0.118966 -0.4356 -0.591394 -0.631223 -0.371083 -0.0353163 0.122891 -0.104181 -0.175017 0.058858 -0.0688478 -7.8445 -7.50189 3.60079 -0.590118 3.36998 0.653783 1.40135 -0.912823 -1.17128 -1.95274 0.723751 -1.61974 1.3187 -2.53613 -5.5293 -1.47792 -1.32623 2.96894 1.59707 2.45304 -2.09872 -1.60751 2.0317 0.85304 -0.384081 1.18075 
4.35836 -0.233646 0.319467 -0.612104 -0.432718 -0.632532 -0.440097 0.0524848 -0.0349524 -0.0614695 -0.180516 -0.0350764 -0.0359119 -8.26151 -9.04793 2.19419 -1.18092 3.69818 1.6953 1.63041 -1.30801 -1.31288 -1.11084 1.69085 -0.904504 1.35755 -2.55571 -3.79337 -5.84033 0.572406 0.913748 2.30567 2.3811 -1.90641 -0.0577424 2.60525 1.37706 2.13341 0.582288 
4.17269 -0.461508 0.414199 -0.597202 -0.286825 -0.643182 -0.322247 -0.098323 -0.0728398 -0.0781641 -0.141869 -0.12939 -0.0352459 -7.74563 -9.61438 0.51574 -1.81624 3.58033 2.46604 2.15048 -1.18105 -1.03231 -0.115052 1.49001 -0.402765 1.49592 -0.113226 -0.203263 -7.5783 0.871592 -1.75872 2.45815 0.529658 0.407526 1.61269 2.33348 0.873247 3.55627 -0.0950073 
3.91829 -0.763092 0.289761 -0.538814 -0.157922 -0.544708 -0.139396 -0.22077 -0.122001 -0.199065 -0.117286 -0.0860613 0.056591 -6.43564 -8.92061 -1.54723 -1.60997 2.70359 2.5471 2.03118 -0.89629 -0.399805 0.887219 1.60618 0.18782 1.27428 3.75131 3.85363 -5.06688 0.00670904 -3.57257 0.687461 -1.67015 2.2717 2.55313 1.98119 0.0357914 2.71123 -1.27908 
3.70172 -0.953341 0.0583401 -0.577938 -0.20134 -0.422453 -0.141432 -0.181661 -0.0300012 0.0559714 -0.046453 0.0212684 0.0939436 -5.09166 -7.38683 -3.47219 -1.26479 2.21959 2.28612 1.69203 -1.06837 -0.62351 1.11854 1.93325 1.86318 0.877699 6.12661 5.80172 -0.629373 -0.246327 -2.98023 -1.58759 -2.40974 1.94107 1.07543 -0.428924 -0.649276 1.18364 -1.35558 
3.70859 -1.00171 0.01947 -0.631935 -0.197907 -0.356663 -0.222615 -0.156498 -0.0928059 0.0309428 0.0802053 0.115802 0.0296429 -2.51863 -5.00956 -4.02787 -0.767536 0.926121 2.64283 2.23244 -0.594661 0.00480702 0.418489 1.68282 1.71901 0.385811 6.151 5.5235 2.25417 -0.0138167 -1.24203 -2.13268 -0.602799 0.801663 -0.421779 -1.81054 -1.2203 -1.01865 -0.882938 
3.78112 -1.01684 -0.068427 -0.678981 -0.219136 -0.317207 -0.147969 -0.065114 0.0138702 0.00404918 -0.0905007 0.0586325 0.0769538 1.54543 -1.7096 -3.68338 -1.04714 -0.697751 1.62598 0.752485 0.564242 0.339162 0.308325 1.10936 1.30608 0.506451 5.51855 4.59551 3.05479 0.608364 -0.582454 -2.02528 0.0836096 -0.536067 -1.27903 -2.13338 -0.410721 -1.89131 -0.0570634 
3.85028 -0.986815 -0.106175 -0.654882 -0.274998 -0.425832 -0.17923 -0.106974 0.0628236 0.0720492 0.000974509 0.0754406 0.00900488 3.67853 1.28949 -2.84074 -0.847839 -1.5668 0.501467 -0.451343 0.90278 0.289027 -0.361395 0.634918 0.49726 0.521874 3.649 3.7628 1.74654 0.729843 -0.720638 -0.789141 -0.250058 -0.21519 -0.985812 -1.99547 -0.638686 -2.08004 1.19464 
3.78605 -1.02609 -0.120963 -0.655545 -0.178636 -0.424717 -0.210061 -0.215488 -0.156972 -0.0232945 0.0971195 0.297289 0.0675267 3.27685 2.8824 -2.7944 -0.614693 -1.28801 0.128147 -0.619824 1.11881 0.606267 -1.32582 -0.152772 -0.720519 0.852713 0.377253 3.17502 -0.691394 0.282498 -1.22072 -0.0386153 -1.42476 1.28061 1.46975 -0.140929 -1.25468 -2.6542 1.30056 
4.03283 -0.93486 -0.0564693 -0.676937 -0.219343 -0.221422 0.0554249 -0.0943418 -0.0740316 -0.120576 0.0128291 -0.0154237 0.011502 1.35568 3.70251 -3.51735 -0.201306 -0.954073 0.173021 -0.528936 1.58402 0.827007 -0.743946 -0.420158 -1.14023 0.551589 -4.94148 1.65502 -2.80684 0.24214 -0.0316671 -0.268559 -2.485 1.50768 1.74027 1.23822 -0.830865 -0.50791 0.332255 
4.39555 -0.727428 -0.12591 -0.710856 -0.407276 -0.460728 -0.256773 -0.0475515 0.000551527 -0.0305933 -0.014093 0.0162326 0.143552 -0.62926 4.1806 -4.1016 -0.38122 0.33735 1.08911 -0.71937 1.62362 0.363312 0.108877 -0.368014 -0.560754 -0.036689 -9.02546 -0.584711 -3.25544 -0.000691354 2.86066 1.73439 0.0992128 0.989176 0.778339 2.05032 -0.657481 1.04316 -1.60708 
4.15419 -0.641267 -0.231134 -0.634444 -0.394577 -0.431378 -0.289222 -0.0891423 -0.0393357 -0.141895 0.00395683 0.0479793 0.161281 -2.05052 4.43399 -4.20945 -0.678566 1.33374 1.42994 -0.501668 1.57452 -0.542764 0.617372 -0.970307 0.0635424 -0.409667 -6.5695 -1.48333 -1.26742 -0.619354 4.09119 1.81569 1.69007 -0.280729 -1.65508 2.6709 0.0311011 2.62172 -2.76133 
3.83387 -0.660769 -0.435993 -0.708279 -0.295684 -0.313722 -0.250693 0.0355855 0.122336 -0.0803786 -0.0686272 -0.0640784 0.17447 -3.5947 4.16827 -3.86934 -1.05786 1.85066 1.56878 -0.445506 2.02454 -0.439397 1.75255 -1.02517 0.215863 -1.11459 -1.16621 -1.20048 2.12429 -0.905685 3.10695 1.05274 1.93695 -1.24129 -3.76674 1.74087 0.556696 3.08529 -2.30473 
3.70361 -0.590578 -0.520478 -0.65668 -0.262065 -0.304246 -0.211131 0.113081 0.0442952 0.0170741 -0.0149272 0.00677331 -0.000741238 -5.48673 3.24868 -3.3411 -1.04645 2.38573 1.27135 -0.387968 1.90566 -1.34491 1.38189 -1.03582 1.35266 -1.16541 2.94006 -0.757117 4.10519 -0.934291 0.306984 -0.244875 1.23087 -0.747151 -2.58937 -0.595168 -0.211529 0.839333 -0.0469755 
3.67955 -0.524928 -0.58192 -0.757194 -0.0421664 -0.139128 -0.197408 0.0489137 -0.0297337 0.106372 -0.0854866 0.134777 -0.0158253 -6.68186 2.04636 -2.20734 -0.739998 2.76869 1.44911 0.5988 2.32412 -1.38022 0.919137 -1.0041 1.31271 -1.4975 2.47287 -0.992604 3.73543 0.399287 -2.74024 -2.55381 -0.677036 0.836001 0.142981 -2.27365 -0.131889 -0.911877 1.69994 
3.72255 -0.442999 -0.503296 -0.759059 -0.0504515 -0.277878 -0.182379 -0.0361404 -0.257906 0.0727637 -0.0771359 0.222189 -0.0325058 -5.42464 2.1979 -0.00379854 0.609068 2.10264 0.975718 0.611807 1.23867 -1.96393 0.342572 -1.42387 1.00668 -0.86074 -0.661912 -1.03136 2.55916 2.68681 -2.95983 -1.56137 -0.798957 0.675626 2.16502 -3.07275 -0.584845 -2.23566 2.29748 
3.59073 -0.466845 -0.452836 -0.82969 -0.0583227 -0.182763 -0.19229 0.148209 -0.134681 0.161613 -0.0512822 0.124074 -0.0579221 -4.47262 2.37561 1.54135 1.98403 1.19004 0.966157 0.515623 -0.067845 -2.39428 -0.835944 -1.20937 0.686158 -0.218019 -1.52746 -0.175985 1.31797 4.1942 -1.7971 -0.155405 -0.234436 -1.58311 1.50944 -2.61597 -0.621458 -1.87105 1.7981 
3.51917 -0.451221 -0.473986 -0.774888 -0.120068 -0.232456 -0.156672 0.20542 -0.161531 -0.0732743 -0.173473 0.10504 0.0157227 -4.58053 2.06971 1.50224 2.45407 0.206764 0.969141 0.836594 -0.224481 -0.995804 -1.71161 -0.74222 -0.2103 0.600812 -0.630651 0.720582 0.247768 3.36883 -0.495531 1.34153 0.611318 -3.05481 0.659907 -0.45566 0.902758 -0.762053 0.353501 
3.31819 -0.492229 -0.491479 -0.704223 -0.0925687 -0.319714 -0.242875 0.29355 -0.048798 0.0128074 -0.125165 0.153685 0.00248254 -5.49424 1.2856 0.963569 3.10577 -1.21077 0.294644 0.823934 -0.504352 0.442491 -1.62656 -0.105256 -1.30012 0.860838 0.446178 0.36205 -1.16617 0.571923 -0.413415 1.56994 1.2376 -3.11119 0.533607 0.787978 1.59668 -0.595334 -0.128697 
3.29923 -0.302396 -0.245985 -0.407992 -0.0882118 -0.207941 -0.170643 -0.0439412 -0.272817 -0.0947777 -0.238884 0.0898699 0.0773787 -6.00891 0.636887 0.0287573 2.57721 -1.51039 0.66954 1.09462 -0.760038 1.67686 -0.977691 0.223124 -1.65927 0.885515 0.0575457 -1.66061 -3.13719 -3.2961 -1.20704 -0.296542 0.8533 0.28232 2.38973 2.14501 2.26737 -0.487287 -0.669824 
3.25053 -0.297296 -0.309073 -0.421315 -0.0859575 -0.0654742 -0.135847 -0.0463173 -0.25296 -0.122184 -0.159077 0.0649721 0.0401644 -5.42521 0.654916 -0.0926628 2.2656 -1.60084 0.57843 1.31347 -1.88466 1.09589 -0.936485 0.559542 -1.15248 0.671198 -0.371654 -2.30307 -2.35237 -4.08443 -1.30689 -1.53232 0.103083 1.78868 2.37933 2.00295 1.09517 -0.198274 -0.514761 
3.16004 -0.30783 -0.468548 -0.501971 -0.150089 -0.117932 -0.0413752 0.0959493 -0.0512511 -0.118439 -0.0459441 0.065309 0.0374261 -4.66831 0.391406 -0.219095 1.3684 -1.27027 0.942495 1.02187 -2.00249 1.1912 -0.209231 0.760682 -1.15827 0.347386 0.517994 -1.37958 0.0257825 -2.25534 -0.0551453 -1.1057 -1.00662 0.712701 -0.203535 0.475565 -0.962173 0.44219 -0.203579 
2.95296 -0.426885 -0.495971 -0.46948 -0.264278 -0.2502 -0.121906 -0.0166382 0.0128591 -0.00959293 -0.064944 -0.0392482 0.0824779 -3.82067 0.0304926 -0.429425 0.250487 -1.22945 1.09109 1.36958 -1.21692 0.775833 -0.527567 0.660202 -0.947738 0.223731 2.09308 0.430587 1.87947 -0.333885 1.6135 0.671676 -0.682271 0.388669 -2.43699 -1.05701 -1.43566 1.39132 -0.324256 
2.89513 -0.434176 -0.512077 -0.5921 -0.260225 -0.180737 -0.0459177 0.0371876 0.0465535 0.0130752 -0.0663948 -0.0280925 0.0633007 -3.40566 -0.644275 -0.552958 -0.581715 -1.55996 0.387154 1.50203 -0.35133 0.694113 -0.117297 0.250663 -0.997666 0.0507251 2.75873 1.27235 2.47874 1.46215 1.31038 1.1686 0.219208 -0.576991 -3.47479 -1.6225 -1.6462 0.622242 -0.0487759 
2.91986 -0.347213 -0.389547 -0.494256 -0.25209 -0.134204 -0.0397892 -0.0766602 -0.102992 -0.120155 -0.070051 0.0384098 0.0441843 -2.63405 -0.553248 0.418471 -0.180516 -1.28302 0.401704 1.40844 -0.982898 -0.511603 -0.197011 -0.523809 -1.1409 0.323027 1.8106 0.216906 0.79582 0.722251 0.273559 0.63819 0.895453 0.118309 -1.76669 -0.273243 -0.854841 -0.660889 0.197817 
2.92727 -0.363844 -0.425439 -0.486168 -0.187409 -0.103385 -0.119368 -0.065529 -0.0492247 -0.107934 -0.134416 -0.0130352 0.0677536 -1.659 -0.326501 1.18167 0.22963 -0.795251 0.975889 1.26574 -1.52285 -1.6901 -0.409794 -0.98082 -1.1943 0.379892 0.574465 -0.510657 -0.0849247 0.110065 -0.843461 -0.363442 1.12747 -0.101895 -0.490532 0.757409 -0.0242168 -1.17899 0.3857 
2.87355 -0.381975 -0.413126 -0.523966 -0.214934 -0.075291 0.0141695 0.0353729 -0.121969 -0.14311 -0.0778663 0.0305605 0.0571556 -0.738202 -0.0370979 1.1916 0.298741 -0.426337 1.27755 1.40712 -1.25036 -1.91225 -0.627293 -0.873931 -1.05658 0.356486 0.117672 -0.662436 -0.350039 0.00430053 -0.577555 -0.628441 -0.346603 -1.02379 0.422798 1.21202 0.0715813 -1.14859 0.458519 
2.85521 -0.391866 -0.354345 -0.47814 -0.365858 -0.140062 0.110819 -0.0972967 -0.169583 -0.0860194 -0.191614 -0.11398 0.0717263 -0.545083 -0.238181 0.949066 0.511894 -0.490697 0.85519 1.05203 -1.29742 -1.66435 -0.320261 -0.750675 -1.25189 0.489022 0.40258 -0.105931 -0.601921 -0.372117 0.842833 0.0624206 -1.36485 -0.129113 0.904956 0.402675 0.760854 0.423522 0.0855282 
2.85231 -0.412619 -0.353189 -0.483558 -0.287762 -0.0552431 0.0524421 -0.147434 -0.200753 -0.0987405 -0.157311 -0.124454 0.106744 -0.540433 -0.489988 0.483215 0.126024 -0.511306 0.585184 0.902524 -0.944559 -1.03437 0.189258 -0.542307 -1.30622 0.501404 0.579697 0.404356 -0.489745 -0.115315 0.929309 -0.189183 -1.32794 0.592972 0.95126 -0.217688 0.657275 1.21025 -0.315718 
