2.46885 -0.557961 -0.155917 -0.225462 -0.219895 -0.231469 -0.145379 -0.140645 -0.107966 -0.0189282 -0.0199744 -0.0298892 0.0177287 2.49164 0.452412 -2.77496 -1.46862 -0.26 -0.103694 0.826175 1.12042 0.446049 -1.28474 -0.385346 0.935719 0.0678595 2.67324 0.467092 -2.61671 -1.46193 -0.64328 -0.748448 0.535055 0.906071 0.279773 -1.19261 -0.0287707 1.40874 0.165638 
2.46312 -0.560428 -0.216351 -0.224987 -0.129456 -0.116286 -0.0958377 -0.105658 -0.0778926 -0.0458621 -0.0814276 -0.0976268 -0.00803839 4.50098 0.553837 -4.09841 -0.81297 -0.417055 -0.163374 1.42201 1.09747 0.35298 -2.09756 -0.760128 2.02483 0.543561 4.15149 0.301343 -3.06389 0.0576944 -0.873259 -1.3572 0.447242 -0.0896064 -0.385457 -1.45421 0.295234 3.05847 0.77322 
2.57418 -0.504612 -0.274119 -0.399054 -0.310433 -0.216607 -0.0420031 0.0217749 -0.0294084 -0.103619 -0.10385 -0.0768505 0.0323173 6.49095 0.757888 -5.07957 -0.382083 -0.500336 -0.18123 1.18845 0.346122 0.251548 -1.36812 -0.491345 2.32279 0.612889 4.472 -0.0286258 -2.52951 2.37237 0.216736 -0.385165 -0.1647 -1.99711 -0.931226 0.065356 0.575761 2.66761 0.71731 
2.72709 -0.502267 -0.418033 -0.38999 -0.241517 -0.285445 -0.0854154 -0.0176419 -0.0453188 -0.146163 -0.0545404 0.0574786 0.00126073 8.28316 1.03231 -5.80608 -0.0330495 -0.0864039 -0.521819 0.448365 0.438906 0.50512 -1.42448 -0.852797 2.62146 1.00896 3.64431 0.12303 -0.948022 2.87371 0.809007 0.437377 -0.950973 -1.8203 -0.351547 1.21333 -0.248911 0.522979 0.83844 
2.84686 -0.512687 -0.578862 -0.382544 -0.246019 -0.253136 -0.0478821 -0.0427488 -0.0902357 -0.195607 -0.0330854 0.17893 0.046192 9.37407 1.19504 -6.30604 -0.235352 -0.0964694 -0.241003 0.299093 0.273876 0.606761 -1.3055 -0.713297 2.82677 1.04725 1.8275 0.445183 0.580224 1.0885 0.960131 0.916588 -1.43929 -0.639728 0.663505 1.73981 -0.612246 -1.67682 0.173279 
3.15515 -0.494642 -0.702703 -0.18523 -0.27112 -0.232789 0.0811733 -0.0418064 -0.0839813 -0.326019 -0.161921 0.287761 0.136858 9.37864 1.24014 -6.13314 -0.405283 -0.0102107 0.108034 -0.0337671 -0.554671 0.441363 -0.752751 -0.176486 2.66739 0.984572 -1.33842 0.477116 1.38158 -2.15657 0.744063 1.1437 -1.5314 0.21186 0.980226 1.64492 0.263258 -2.70148 -0.736364 
3.32188 -0.453156 -0.753829 -0.231364 -0.265483 -0.222663 -0.069535 -0.199196 -0.0800756 -0.0172242 -0.0365165 0.169386 0.0650472 8.09823 0.867797 -5.59831 -0.304425 0.704982 1.04503 0.0717656 -1.21174 -0.105513 -0.419092 -0.0272014 2.12369 0.844934 -3.78844 -0.15068 1.35923 -3.27364 0.0425289 1.01948 0.313135 0.703191 0.00811675 -0.582777 0.577887 -1.22512 -0.606573 
3.48569 -0.409363 -0.839643 -0.253303 -0.152576 -0.301144 -0.177207 -0.00280058 0.0156477 -0.213251 -0.198211 0.21938 0.158562 6.10836 0.959564 -3.56589 -0.702883 0.769292 1.63245 0.58374 -1.33706 -0.0435428 -0.0490163 -0.410297 0.267042 0.651434 -5.36648 -0.73684 2.316 -1.82351 -0.12402 1.40266 2.04666 -1.12193 -1.36201 -0.347673 1.08962 -1.09522 -0.873228 
3.56458 -0.400136 -0.953937 -0.398097 -0.241746 -0.163212 -0.0374604 -0.0327929 0.00856854 -0.217995 -0.117532 0.258361 0.104326 6.21682 2.06694 -0.976634 -0.45466 0.559013 1.58864 0.435756 -1.38456 0.255722 0.345859 -0.306971 -1.16075 -0.10716 -2.94428 0.397368 4.44056 1.44549 -0.0616717 0.489009 1.66208 -1.46694 -1.20609 0.10238 0.0664815 -1.90083 -0.635374 
3.56692 -0.390085 -0.985226 -0.433164 -0.223128 -0.129093 -0.0563774 -0.171709 -0.0290578 -0.159319 -0.0425938 0.239249 0.100734 9.95314 3.14358 -0.559129 -0.0108592 -1.35576 2.04212 0.332829 -1.28455 0.710483 0.172698 0.0266206 -1.88657 -0.108688 5.46393 2.41777 4.06225 3.90043 -2.09494 -0.0315035 0.490863 -0.297679 0.571244 0.170142 -0.95549 -2.41554 -0.159379 
3.52737 -0.449394 -1.02653 -0.417985 -0.179752 -0.100486 0.0135441 -0.180338 -0.142292 -0.215523 -0.068314 0.295124 0.134453 12.638 3.89699 -0.207033 0.99211 -3.10301 2.37778 1.00996 -1.02164 1.09797 -0.403077 -0.0676604 -1.96312 0.237918 12.0306 3.85478 1.77133 3.60342 -4.32879 -0.183764 -1.25735 0.730203 2.54374 0.751219 -0.425722 -2.15066 0.141971 
3.47724 -0.375378 -0.782465 -0.37348 -0.128825 -0.0585318 0.0752067 -0.225365 -0.0667853 -0.176638 -0.170103 0.0391056 0.106166 15.4156 4.15538 -0.345173 1.79055 -4.6108 2.58677 0.883567 -1.51168 1.2764 0.522189 0.180149 -2.42836 0.401959 13.3376 2.5005 -2.79975 1.70576 -5.20415 0.00733639 -1.68692 1.60816 2.47917 -0.0392386 0.217264 0.525717 1.12932 
4.03644 -0.0921004 -0.590452 -0.216746 -0.238215 -0.0907703 -0.00621505 -0.218423 0.00308223 -0.135512 -0.126698 0.0073983 0.0221752 17.1482 4.14038 -0.588865 2.40937 -5.12293 2.20481 0.300307 -1.08425 1.636 0.683842 -0.267957 -2.50035 0.915585 5.10041 -1.21208 -5.18434 -1.09616 -3.15129 0.597177 -0.434786 0.741433 0.690553 0.160387 0.58513 1.82262 1.56651 
5.12104 0.0157833 -0.975458 -0.133848 -0.657886 0.041835 -0.0220673 -0.200357 0.110203 -0.213053 -0.113989 0.0185561 0.160506 17.1115 3.99747 -1.17505 2.16796 -5.59615 2.15629 0.254515 -0.631076 1.82242 0.854283 -0.314149 -2.27044 0.965917 -7.72087 -3.5082 -2.37719 -2.46456 1.695 -0.176453 0.308049 -0.307478 -1.41707 0.881168 0.281805 1.58495 0.553532 
5.04136 0.0445382 -0.936158 -0.178524 -0.687595 0.060686 0.0180805 -0.200211 0.135675 -0.155054 -0.0801382 0.00473925 0.162785 15.084 3.63351 -1.63404 1.22028 -5.32266 1.91736 0.121761 -0.665104 1.8167 1.22357 0.0346004 -1.90545 0.760782 -12.7337 -3.31939 0.464296 -2.36372 4.13896 -0.733809 0.684485 -0.600134 -2.1447 0.698913 -0.267161 0.690005 -0.562652 
5.32767 0.00371973 -1.05317 -0.170312 -0.738894 0.0897324 -0.0101862 -0.231311 0.133443 -0.123046 -0.130926 -0.0152152 0.21339 10.7618 2.64038 -1.95605 -0.123383 -4.17859 1.38518 0.259275 -0.563021 1.08327 1.32769 0.336021 -1.04411 0.612194 -13.0874 -1.05975 3.34951 -2.00844 4.37818 -1.27927 0.693813 -0.313511 -1.38018 0.515736 -0.0647909 -0.380073 -1.6672 
5.36313 -0.00515051 -1.04713 -0.172533 -0.749467 0.118194 0.0250231 -0.25547 0.112461 -0.0953705 -0.126389 -0.025548 0.220979 4.38018 1.48478 -0.706079 -1.643 -2.47024 0.832382 0.802717 -0.671028 0.249561 1.59132 0.509983 -1.21689 0.0446565 -8.5392 0.809258 3.85722 -1.75744 2.58709 -1.58718 0.264868 0.217542 -0.585351 0.195854 0.664323 -0.438369 -1.97441 
5.29153 0.0523899 -1.04176 -0.186402 -0.777499 0.133975 0.0352647 -0.274709 0.102221 -0.0577735 -0.108803 -0.0600312 0.188554 -1.45155 1.37981 2.01983 -2.61876 -0.884435 -0.080067 0.83251 -0.641475 -0.38994 1.78871 1.03374 -1.29443 -1.0651 -4.38458 0.845394 3.14386 -1.8182 0.529573 -1.3506 0.0843823 0.572716 -0.19422 -0.256447 1.23153 -0.110943 -1.37038 
5.22264 0.0976973 -0.992804 -0.266214 -0.748032 0.118018 0.0553516 -0.283344 0.12463 -0.0413506 -0.101559 -0.0819709 0.150235 -4.32561 1.88041 3.75656 -3.19661 -0.928701 -0.850704 0.587628 -0.339425 -0.690511 1.19139 1.78839 -0.755129 -1.69058 -4.44111 0.470581 3.47782 -1.4734 -0.512933 -1.33924 -0.260871 0.674061 -0.504636 -0.585146 1.74738 0.656418 -1.01342 
5.11234 0.136488 -0.90882 -0.342446 -0.715834 0.0707262 0.0634488 -0.266438 0.122666 -0.00789708 -0.095982 -0.108029 0.134597 -9.82375 2.04407 6.12251 -3.72442 0.418547 -1.87109 0.00772216 0.238273 -1.02075 0.795541 1.90848 -0.164028 -2.38916 -6.26228 -0.125132 3.48133 -0.588698 0.163106 -1.3638 -1.1223 0.742645 -0.840883 -1.06592 1.04217 1.52395 -0.743756 
5.05641 0.149818 -0.791482 -0.423181 -0.772444 0.0559304 0.100329 -0.284203 0.069453 0.0352819 -0.00752752 -0.147326 0.0652552 -15.0745 0.557127 7.5461 -2.50267 2.52783 -2.52317 -0.779417 0.870525 -1.44174 0.399185 1.31978 -0.34027 -2.81636 -10.5252 -1.73525 3.10314 1.71002 3.18881 -1.34433 -1.87509 1.11959 -0.897859 -1.30234 -0.859308 1.25842 -0.524554 
4.88965 0.189679 -0.664765 -0.495558 -0.827246 0.0349321 0.0799743 -0.273199 0.0647306 0.0202942 0.0663074 -0.130491 0.0244614 -19.7911 -1.94286 8.24183 -1.16751 3.92933 -3.0141 -1.71874 1.11168 -1.82504 -0.163599 0.724733 -0.0566842 -2.48355 -12.6758 -4.47728 1.59299 3.84188 5.49853 -1.10488 -2.25953 0.979501 -0.838241 -1.04206 -2.65496 0.266159 0.1142 
4.48663 0.276663 -0.449382 -0.569408 -0.857434 -0.0639459 0.0526682 -0.241352 0.0309747 -0.0425061 0.156399 -0.0246977 -0.026812 -22.2241 -4.12417 7.22903 -0.227518 4.26479 -3.51032 -2.2706 1.50476 -2.00118 -0.157451 0.810634 0.231921 -2.07456 -8.33385 -6.64891 -1.86862 4.2076 4.58437 -0.549379 -1.64064 0.626556 -0.320556 -0.0161665 -2.56515 -0.869117 1.02236 
3.77161 0.221703 -0.209685 -0.609941 -0.522305 -0.176393 -0.0625886 -0.182871 -0.0280902 -0.0220005 0.0230414 -0.00529121 -0.094766 -22.8635 -5.78797 5.92064 0.954987 5.02341 -3.05201 -2.32991 1.37591 -1.88273 -0.580223 -0.298629 0.235526 -1.09938 1.12836 -5.72878 -5.04297 2.91673 0.225407 0.754087 0.110858 -0.297659 0.420836 0.255046 -1.12952 -1.02192 2.29632 
3.15812 -0.0956343 -0.117385 -0.29067 -0.226351 -0.179893 -0.0992308 -0.126023 -0.088929 -0.028874 -0.0648796 -0.174692 -0.154565 -21.7223 -6.88985 4.21781 1.58088 5.50552 -2.56538 -2.24564 1.31474 -1.30109 -0.463152 -0.8552 0.376067 -0.198818 9.88242 -1.48053 -5.88831 -0.69011 -3.72647 1.61243 1.51769 -1.02193 1.31367 0.487022 0.622649 0.362937 2.69689 
2.70495 -0.362644 -0.0729578 -0.289633 -0.261944 -0.242589 -0.20355 -0.167275 -0.108871 -0.0815319 -0.0556229 -0.0866877 -0.0660357 -18.4087 -7.20551 2.68657 2.29164 5.14765 -1.8614 -1.62276 1.1023 -0.953599 -0.338907 -1.18244 0.248222 0.351679 13.3261 2.99203 -4.01456 -1.76903 -3.85574 2.15838 2.39332 -0.826688 1.61137 0.356538 0.832093 0.756648 1.56497 
2.70081 -0.444275 -0.263263 -0.400362 -0.371534 -0.353835 -0.176629 -0.0831982 -0.0996168 0.0171644 0.110323 -0.0576138 -0.0782128 -13.4615 -6.74958 1.06439 2.26721 4.06011 -0.673586 -0.823034 0.852484 -0.507823 -0.380346 -1.21469 0.0982057 0.934091 10.2089 4.74567 -0.409563 -0.968108 -1.63165 2.38901 1.93187 -0.608432 1.08798 -0.481812 -0.254196 0.679233 0.320332 
2.58765 -0.495698 -0.203727 -0.29346 -0.201085 -0.217207 -0.131574 -0.155009 -0.104438 -0.0918598 -0.142742 -0.100835 0.0445414 -7.95083 -5.09327 -0.307932 1.42809 1.70568 0.0989221 -0.0229723 0.299544 -0.242827 -0.512372 -0.634348 0.474141 1.41859 5.87675 3.94261 0.833279 -0.541795 -0.814125 1.18206 0.79442 -0.0910679 0.137688 -0.258874 0.103795 0.324213 -0.885443 
2.5119 -0.552056 -0.210049 -0.344135 -0.173726 -0.234818 -0.152532 -0.127136 -0.0434531 -0.0113429 -0.0218363 -0.038744 0.0190086 0.469662 -1.17285 -0.733201 -0.50175 0.191244 -0.186116 0.0270077 0.800277 -0.470649 0.195981 -0.00200121 0.822928 1.00616 7.5494 3.92015 0.354689 -0.675661 -1.44794 -0.223369 -0.223169 0.578552 -1.15014 0.179475 0.351959 -0.445205 -1.15652 
2.47483 -0.5443 -0.139132 -0.222421 -0.177429 -0.238372 -0.117974 -0.107923 -0.0770025 -0.064385 -0.0565355 -0.0393984 -0.010726 8.3279 1.78057 -1.04327 -0.886783 0.137869 -0.360371 0.251868 2.16522 -0.369187 0.999924 -0.00913668 0.726439 0.392185 13.2403 4.67728 -1.28339 -2.46189 -2.21042 -1.67422 -0.941066 1.88666 -1.02258 1.60285 1.07674 0.00327442 -0.761052 
2.44628 -0.574756 -0.157175 -0.265556 -0.142591 -0.164741 -0.102895 -0.086952 -0.0831432 -0.111988 -0.0873327 -0.0390029 0.0292497 13.0184 3.02436 -2.54824 -0.853577 0.96185 -0.21849 0.586887 2.51909 -0.700255 0.0105514 -0.324256 0.927348 -0.111913 16.5698 4.65842 -3.63208 -2.20333 -0.679928 -1.94879 -0.194641 2.56485 -0.567975 1.28876 0.915396 0.327268 -0.942617 
2.48006 -0.574499 -0.237042 -0.319416 -0.250414 -0.194889 -0.114396 -0.15598 -0.123112 -0.0892047 -0.0852098 -0.0168846 0.0700598 15.1515 3.1482 -4.79171 -2.28591 0.182849 -1.15378 0.39512 2.90615 0.0504957 0.2919 0.289656 1.611 -0.896379 10.7534 1.82487 -4.64382 -1.26314 1.55136 -0.938318 0.518246 1.88998 1.12983 -0.24511 -0.306705 0.94974 -1.04906 
3.59967 -0.152565 -0.246815 -0.478934 -0.307573 -0.351453 -0.199611 0.0556801 -0.211007 0.0835833 0.0340863 -0.0459765 -0.0450116 14.9522 2.71992 -6.33616 -1.66833 0.75115 -1.59055 0.241227 2.75612 0.610946 -0.285875 -0.0326799 1.70128 -0.946649 -4.89865 -3.65893 -4.68618 1.01286 2.61241 0.150525 0.833617 -0.683755 2.68623 -2.27845 -0.868196 1.40939 -0.552992 
4.18298 -0.0912088 -0.342674 -0.459067 -0.258567 -0.363146 -0.144344 0.26031 -0.0983663 0.142469 -0.0131218 0.0442836 -0.00820975 12.6781 2.57809 -6.39733 -1.89597 1.82567 -1.56797 -0.329526 1.97534 1.14987 -0.740545 -0.195213 1.3124 -0.785973 -16.7841 -5.2765 -1.43966 1.84022 2.34541 0.677103 -0.336654 -3.50204 2.11625 -3.08732 -1.00511 0.0181638 0.0572892 
4.21372 -0.183746 -0.753253 -0.397903 -0.00279037 -0.251556 0.00231598 0.155691 -0.18393 -0.197202 -0.0887493 0.0633721 -0.0548141 12.854 3.38491 -5.15316 -1.56016 1.12203 -1.57288 0.0357842 0.696841 1.82596 -1.40963 -0.214748 1.23418 -0.879461 -13.9999 -1.82011 4.2999 1.10473 -0.748176 0.297502 -1.29994 -4.07566 1.47734 -1.0531 -0.204124 -1.16098 0.869619 
3.95674 -0.316974 -0.87007 -0.652944 -0.201759 -0.384034 -0.111566 0.139632 0.0561915 -0.0318099 -0.0722052 0.185229 -0.106879 12.1827 3.57243 -4.27288 -1.08202 0.6313 -1.14759 0.791499 -0.938765 2.85585 -2.28691 -0.0964986 0.995279 -0.61008 -0.624493 3.47015 6.75238 0.992978 -2.46894 0.494653 0.0387198 -3.74145 -0.0893239 -0.500077 0.641793 -2.03682 1.22464 
3.82908 -0.358897 -0.92144 -0.337239 -0.0355522 -0.437737 -0.142149 0.150835 0.053595 -0.122554 -0.0355677 0.151626 -0.0839393 8.82874 3.05481 -3.09702 -0.94874 0.167004 -0.61573 1.22545 -2.74488 3.10577 -2.80616 -0.229493 0.573517 0.100154 11.184 6.15128 5.51855 -1.3667 -3.65645 0.563436 1.5912 -2.21807 -0.443869 0.55454 0.927904 -1.45617 0.861051 
3.71542 -0.182638 -0.722142 -0.496144 0.0981867 -0.356018 -0.222811 0.0347635 0.0114898 -0.200098 -0.119956 0.0173347 -0.0314074 8.59843 3.81952 -1.401 -1.28635 -0.662079 -0.53817 0.950855 -3.68033 2.81703 -2.26557 0.00616528 -0.0712517 0.201887 11.3494 3.08464 1.03597 -1.08942 -2.7569 0.463613 2.35123 -0.502834 0.0645109 0.961519 0.654116 0.0678955 0.390434 
4.67511 0.137183 -0.612478 -0.545427 -0.273747 -0.38875 -0.0495632 -0.0732068 0.101454 -0.234588 -0.0653624 0.10984 -0.0703838 9.65795 4.68884 0.249876 -1.30663 -1.4524 -0.321185 0.563187 -3.38897 2.66155 -0.967936 0.0640721 -0.491718 0.417049 -0.582541 -1.86638 -2.33857 -0.440399 0.887009 0.703477 0.269274 0.766533 -0.465153 1.16796 -0.316321 0.0861293 -0.0273729 
5.04909 0.190801 -0.799233 -0.536677 -0.288146 -0.410832 0.0462923 -0.180018 0.242196 -0.269684 0.00537364 0.106484 -0.0445509 10.1388 4.70378 0.482907 -1.08509 -0.918657 0.486606 0.616312 -3.0356 1.58867 -0.842899 -0.126871 -0.890618 0.344106 -9.76602 -4.20362 -1.3593 -0.0181303 2.1102 0.639372 -2.39403 2.04467 -1.16844 2.12049 -1.00083 -0.0645489 -0.531092 
4.98691 0.20558 -0.786018 -0.623349 -0.183147 -0.408028 0.0175252 -0.159629 0.178498 -0.248079 -0.0369144 0.0694924 -0.00380046 8.19268 3.75821 0.34644 -2.10732 -1.13736 0.837258 0.13578 -2.81358 1.4905 0.232007 -0.29144 -0.592613 -0.116036 -11.1274 -3.5946 0.288348 0.966585 2.0947 0.900513 -2.97854 1.61602 -1.39292 1.67595 -0.838196 -0.320066 -0.917003 
4.99501 0.193769 -0.781008 -0.617656 -0.186078 -0.379183 -0.0201128 -0.207448 0.229103 -0.23882 -0.0817974 0.0716997 -0.0305514 3.6564 2.03502 0.41916 -1.39684 -0.736126 1.06423 -0.684602 -2.45427 1.05812 1.09324 -0.219707 -0.137638 -0.638703 -8.44727 -1.57149 2.20639 0.186993 0.730788 0.995212 -2.18724 0.33541 -1.3605 1.23288 -0.224132 -0.0454096 -1.01136 
4.93717 0.229807 -0.806018 -0.597839 -0.207271 -0.336642 -0.0725901 -0.222315 0.231645 -0.203769 -0.0961961 0.0443693 -0.0445814 -3.17789 0.392526 1.80623 -0.189152 0.42123 1.41361 -2.50045 -2.87686 0.0778212 1.80533 0.0913366 0.0454478 -1.32913 -4.8099 -0.501122 3.32843 0.920604 -0.832743 0.376889 -1.15189 -1.46154 -0.879266 0.883521 1.13278 1.13419 -1.38393 
4.94263 0.212141 -0.763091 -0.64853 -0.183152 -0.321802 -0.127778 -0.196695 0.191753 -0.158889 -0.0846427 0.0259217 -0.0674449 -5.74639 0.00118224 3.3028 0.801034 0.215267 1.18511 -3.45177 -3.10278 -0.861205 2.45935 0.870325 0.248667 -2.17655 -4.14145 -0.502347 2.84313 2.32457 -0.660839 -0.446165 -0.931235 -2.34572 -0.795025 0.712202 2.18456 1.30018 -1.45441 
4.83932 0.237517 -0.711904 -0.70333 -0.167642 -0.288051 -0.151364 -0.297555 0.229201 -0.118584 -0.0977029 0.0384638 -0.102321 -5.91459 -0.245593 3.53259 1.95577 -0.232371 0.646537 -3.4651 -3.34709 -1.25253 2.6824 1.94816 0.291268 -2.70593 -2.30463 -0.733206 1.52149 3.23904 -0.29557 -1.37303 -0.784115 -1.21227 -1.42328 0.554662 2.57053 0.531224 -1.18075 
4.57202 0.23414 -0.555854 -0.677377 -0.211889 -0.227845 -0.208047 -0.386533 0.192144 -0.0802655 -0.0907988 0.083019 -0.145488 -5.56606 -0.469701 3.42146 2.78273 -0.514898 -0.0328488 -2.92879 -3.17967 -1.84658 2.59934 2.7125 0.0691707 -2.70338 1.96735 -0.658231 -1.17154 2.85422 -0.233742 -2.04453 0.440667 0.641325 -1.18429 0.00566837 2.06967 -0.783612 -0.372704 
4.32533 0.182249 -0.384992 -0.439481 -0.234116 -0.24692 -0.372561 -0.571261 0.142435 -0.0100501 0.0607066 0.165759 -0.268479 -4.55521 -0.710361 2.93656 3.48217 -0.893418 -0.687065 -2.05532 -2.80131 -2.21535 2.35748 3.1465 -0.462006 -2.26909 5.40933 -0.15021 -3.43214 0.638685 -0.466013 -1.7534 2.4826 2.70696 -0.723128 -0.746424 0.405688 -2.21177 1.31774 
4.34464 0.186482 -0.410409 -0.418086 -0.193104 -0.323202 -0.410426 -0.538636 0.073033 0.0660584 0.154617 0.0922675 -0.318277 -3.30635 -0.708951 2.01575 3.99407 -1.25549 -1.24421 -0.97806 -2.1269 -2.49086 2.09905 3.19231 -1.22953 -1.45254 5.44879 0.0985958 -3.28225 -0.824339 -0.866 -0.785327 3.51457 2.80621 -0.119308 -1.23423 -1.11169 -2.27619 2.57008 
4.39462 0.167926 -0.443144 -0.35605 -0.215363 -0.356729 -0.385963 -0.526078 0.0269245 0.077347 0.195902 0.0519144 -0.333028 -0.641108 -0.689932 0.704494 3.10699 -1.86236 -0.938191 0.0920158 -0.645569 -1.99795 1.43874 2.36923 -1.66457 -0.148879 3.88102 0.41374 -2.0954 -2.31941 -1.22667 0.832781 3.0544 2.12221 1.05998 -1.34307 -2.37363 -1.22755 3.16469 
4.43791 0.1494 -0.455869 -0.2845 -0.287139 -0.381912 -0.320658 -0.535145 0.00205147 0.0605699 0.218022 0.0183368 -0.323105 3.0892 -0.742646 -1.13567 1.76704 -2.36885 0.0827675 1.37789 0.742402 -0.404179 0.0819506 0.586618 -1.82073 1.60066 3.35932 0.24438 -1.32357 -3.0664 -1.2217 2.64827 1.63825 1.64766 2.65229 -1.77806 -3.43776 0.374933 3.25045 
4.45611 0.145982 -0.473037 -0.238781 -0.333471 -0.405147 -0.273865 -0.516518 -0.0489999 0.0864593 0.255274 -0.0744809 -0.261559 5.73062 -0.973594 -2.15389 0.745897 -3.20811 1.47192 2.45086 1.93204 0.967841 -1.37674 -1.20775 -1.4962 3.15032 4.11843 -0.425706 -1.11028 -2.42902 -1.24869 3.71357 0.311661 1.34144 3.87085 -2.58186 -3.73424 2.02988 2.53926 
4.45319 0.149505 -0.473759 -0.215722 -0.339716 -0.440546 -0.220761 -0.501189 -0.0983883 0.119824 0.260493 -0.135949 -0.206207 6.76216 -1.40064 -2.17943 0.785898 -3.8492 2.60731 2.4629 2.27523 2.05442 -2.43532 -2.364 -0.462564 3.93812 4.40215 -1.07433 -1.04812 -0.872836 -1.16269 3.40507 -0.477204 1.29424 3.65661 -2.93821 -3.06331 2.69453 1.46188 
4.67946 0.155914 -0.541964 -0.406571 -0.464176 -0.269282 -0.190614 -0.4012 0.0610746 0.0441509 0.118001 -0.0748506 -0.096255 7.12624 -1.6816 -2.04038 0.822725 -3.8609 3.09294 2.01527 2.486 2.72625 -2.90053 -2.95773 0.425909 4.14098 1.55861 -1.36193 0.0669193 2.00426 -0.321097 0.964958 -0.98787 0.28602 1.21576 -1.77052 -0.806637 2.18492 -0.223347 
5.00907 0.0922044 -0.682894 -0.3908 -0.528723 -0.119605 -0.122892 -0.349592 0.256811 -0.129589 -0.0548959 -0.0459983 0.051606 6.48753 -1.69477 -1.8407 1.07723 -3.48824 3.0441 1.41268 2.36756 2.92954 -2.78136 -3.25367 1.08908 3.88545 -3.13672 -0.516807 1.56541 2.97105 0.770386 -1.88144 -1.44745 -0.824612 -1.70383 0.859416 1.52153 1.03087 -1.83416 
5.11342 0.0155385 -0.665219 -0.265406 -0.646879 -0.0607029 -0.0981439 -0.300961 0.254596 -0.205716 -0.055763 -0.00263858 0.094077 4.28295 -1.42198 -1.23092 1.52247 -2.831 2.16175 1.30515 1.61248 2.56573 -2.14765 -3.1666 1.5657 3.15063 -6.89877 0.977179 2.02864 1.7226 2.17851 -3.74321 -1.00255 -1.89928 -2.96243 3.1444 2.12184 -0.300819 -2.34002 
5.15466 -0.0232728 -0.657966 -0.194497 -0.678298 -0.0585145 -0.130262 -0.260271 0.260986 -0.224817 -0.0768585 0.0498011 0.117242 1.44564 -0.931698 -0.531784 1.84401 -1.85789 0.891346 1.15016 0.77277 1.40566 -1.14915 -2.49741 1.49459 2.12065 -8.16534 2.08555 1.74222 -0.337666 2.77316 -3.83204 0.068546 -2.39353 -2.97691 3.81031 1.61142 -1.12798 -2.16365 
5.171 -0.0434208 -0.653292 -0.160789 -0.683264 -0.078499 -0.13727 -0.256412 0.273689 -0.225305 -0.0880035 0.0763847 0.129687 -1.30707 -0.31418 0.105477 2.35296 -0.958708 -0.591722 0.865533 0.108622 -0.11114 0.125253 -1.54954 0.948794 1.08208 -6.0574 2.2141 0.799806 -1.6846 2.01242 -2.28812 0.64218 -1.69024 -1.98519 2.73683 0.592544 -1.23493 -1.45737 
5.06441 -0.0107575 -0.657936 -0.11959 -0.681887 -0.109034 -0.138301 -0.283853 0.264351 -0.16616 -0.125821 0.06653 0.145516 -2.8562 0.265375 0.6498 1.91153 -0.649715 -1.31004 0.695477 -0.226997 -1.22388 1.20911 -0.83277 0.44057 0.185432 -1.53023 1.09219 0.0192225 -1.42525 0.539986 -0.392228 0.562053 -0.387668 -1.11654 0.774975 0.287375 -1.02764 -0.882201 
4.78627 0.0392197 -0.593201 -0.10223 -0.637656 -0.224007 -0.0342526 -0.371123 0.213027 -0.0774305 -0.138148 0.065518 0.132926 -2.63464 0.574453 0.471453 1.37049 -0.667369 -1.19636 0.556582 -0.252176 -1.33625 1.44923 -0.753403 0.0431297 -0.169374 3.44905 -0.341122 -0.567456 -0.462766 -1.34881 1.53403 -0.601498 1.18845 -0.264163 -0.906062 0.413517 -0.558169 -0.475702 
4.69243 0.0703221 -0.583738 -0.144735 -0.588399 -0.252502 -0.0330074 -0.374561 0.13052 -0.053094 -0.128224 0.056402 0.0962117 -1.59672 0.42867 0.379433 1.24238 -1.20068 -0.701916 0.374399 -0.0171725 -1.24507 1.18306 -0.568112 -0.125106 -0.411037 5.94562 -1.32472 -0.703787 0.510622 -2.4134 2.30697 -1.2928 1.72068 0.885617 -1.64381 0.315767 0.0274469 -0.0634137 
4.77631 0.0788117 -0.625979 -0.103194 -0.66281 -0.223258 -0.0715806 -0.314341 0.147951 -0.0607143 -0.160955 0.0472872 0.114319 -0.0627079 0.0132685 0.301035 1.24748 -1.85536 0.0672427 -0.103356 0.305666 -0.896167 0.772793 -0.44247 -0.0808461 -0.548766 4.95883 -1.54304 -0.274572 0.689274 -1.98672 1.96679 -1.27279 0.996518 1.37744 -1.38278 0.284901 0.445185 -0.00326903 
4.87515 0.0436358 -0.602011 -0.0740973 -0.735555 -0.191827 -0.0433274 -0.310483 0.111223 -0.0588942 -0.145976 0.0261161 0.092488 1.5487 -0.493711 0.300153 1.18957 -2.47601 0.814712 -0.736305 0.739309 -0.353701 0.265449 -0.337759 0.131518 -0.60482 1.83891 -0.929369 0.147693 0.322513 -0.837001 1.00936 -1.15467 0.151724 1.47239 -0.586951 0.00980338 0.678944 0.0513492 
4.95473 0.0275842 -0.621528 -0.0355941 -0.804378 -0.151562 -0.083368 -0.274704 0.129182 -0.0784136 -0.155199 0.0429883 0.090309 2.59965 -0.891587 0.414132 1.04263 -3.03707 1.58148 -1.40009 0.908948 0.440982 -0.0749299 -0.306478 0.204166 -0.465561 -1.205 -0.223222 0.787822 -0.524792 0.237373 0.144512 -0.615813 -0.666999 1.13517 0.209847 -0.0520821 0.429832 0.0502444 
5.0148 -0.00645372 -0.606699 -0.00030382 -0.854511 -0.137987 -0.115244 -0.251726 0.150933 -0.097032 -0.152711 0.0683364 0.0751818 2.12968 -1.07407 0.796441 1.01066 -3.38908 1.92792 -1.80998 0.830916 1.08487 -0.110223 -0.19147 0.332717 -0.26914 -2.63647 0.296783 0.914435 -1.0678 0.452677 0.103607 -0.555587 -0.643902 0.749031 0.485603 0.0444598 -0.00691372 0.229673 
5.06262 -0.0308421 -0.597729 0.0106401 -0.897487 -0.091365 -0.153264 -0.26832 0.181458 -0.0820111 -0.16549 0.0736547 0.0674857 0.723484 -1.07187 1.06858 0.613617 -2.705 1.79778 -2.29426 0.689611 1.36787 -0.0297452 0.070884 0.437733 -0.269652 -2.98807 0.410709 0.647408 -0.933251 0.577203 -0.00151118 -0.680774 -0.0980593 0.502364 0.289157 0.3282 -0.240009 0.37482 
5.03853 -0.030444 -0.569134 0.00403612 -0.937568 -0.0800192 -0.189053 -0.247455 0.194089 -0.0699682 -0.17895 0.0884144 0.0599089 -1.78719 -0.551783 0.912251 -0.31364 -0.626809 0.869449 -2.60136 0.542368 1.42833 -0.00994419 0.421557 0.356639 -0.550519 -3.70038 0.555033 -0.036129 -1.09844 2.39255 -0.901484 -0.569587 0.0687385 -0.0271215 -0.0589358 0.880979 -0.367383 -0.127796 
4.99854 -0.0407532 -0.513574 -0.0285171 -0.98797 -0.0374072 -0.20842 -0.276915 0.248915 -0.0633245 -0.172772 0.0688114 0.0715059 -5.48495 -0.0916845 1.30573 -0.987836 1.89546 -0.207274 -2.17721 -0.261768 0.814022 0.108213 0.489552 -0.019602 -1.02316 -5.73998 0.857403 -0.441527 -1.12726 5.16064 -2.31521 0.00983097 -0.408924 -1.0159 -0.250406 0.751415 -0.378353 -0.981874 
4.94951 -0.0568751 -0.491319 0.00129793 -1.06751 0.0191373 -0.292536 -0.228012 0.271514 -0.0722557 -0.148169 0.0846223 0.0830318 -8.83345 0.604916 2.21169 -2.33632 3.68779 -0.629261 -2.15311 -0.534099 -0.264574 -0.0159238 0.751044 -0.763407 -0.991157 -7.49966 1.31669 0.575619 -2.11259 6.49262 -2.73883 0.794537 -1.18879 -2.25558 -0.28467 0.400455 -1.00489 -1.17592 
4.87357 -0.0736059 -0.505221 -0.0109593 -0.977529 -0.0036058 -0.37726 -0.203754 0.299044 -0.07244 -0.126243 0.0949098 0.0672176 -12.5882 0.636095 3.20172 -3.10234 5.0668 -1.71095 -1.80166 -0.464954 -1.35777 0.53661 1.05001 -1.53541 -0.974428 -8.31201 0.987816 2.32122 -2.39447 4.48565 -2.14746 1.41421 -1.19489 -3.04834 0.518548 0.0403346 -1.78342 -0.474949 
4.53788 0.00927112 -0.539907 -0.161995 -0.633271 -0.177484 -0.370813 -0.237812 0.263754 -0.0829203 -0.0627539 0.0694026 -0.0327531 -15.0622 0.592005 4.14139 -3.47966 5.81445 -2.61774 -0.962104 -0.108119 -2.1433 0.997775 1.12254 -1.95536 -1.04033 -5.65986 -0.190749 3.59378 -1.22722 -0.369648 -0.643978 1.55904 0.263427 -2.46954 1.34131 -0.289432 -1.70003 0.756116 
4.05796 0.0208591 -0.410898 -0.149801 -0.423934 -0.242427 -0.298125 -0.387725 0.169921 -0.0661578 -0.127598 0.0276087 -0.0901767 -18.0464 -0.960965 4.6401 -2.86983 6.25786 -3.18063 -0.376953 0.149699 -2.79005 1.0847 1.20661 -1.95389 -1.06589 -2.33815 -2.60402 2.45985 0.780094 -3.68816 0.248244 1.03408 1.99906 -0.72222 1.28918 0.177339 -0.560265 1.28997 
3.8415 0.0943551 -0.210601 -0.385426 -0.442488 -0.141724 -0.411786 -0.318808 0.0460764 -0.104148 -0.0630992 -0.0849994 -0.00695765 -19.2967 -2.78021 4.07866 -2.49841 5.86302 -2.63859 1.04749 0.674321 -3.03527 0.974541 0.910267 -1.71876 -0.752211 -0.0466328 -5.03564 -1.14002 3.26708 -3.65647 0.706379 1.77994 2.39748 1.05064 0.404444 -0.114283 1.4125 0.6955 
3.38653 -0.0127603 -0.10539 -0.371383 -0.392677 -0.321159 -0.372208 -0.273189 -0.00553937 0.0818591 -0.0338156 -0.15573 -0.0161839 -17.9488 -4.41479 3.03067 -1.32944 4.62324 -1.36846 2.02733 1.02088 -3.44878 1.54895 0.281524 -1.7095 0.136216 3.28503 -5.15769 -4.51066 3.69713 -1.72251 2.32472 2.01385 1.29211 1.22113 -0.776012 -0.856187 2.11983 0.647543 
3.2399 -0.00266884 -0.00386417 -0.380656 -0.381338 -0.381505 -0.266897 -0.185889 -0.0058961 0.0849636 -0.0447291 -0.130383 -0.0500622 -15.3732 -5.57028 1.81302 -0.165995 3.04821 0.0298043 1.97924 1.20906 -2.86111 0.85092 -0.14986 -1.13469 0.888665 4.97442 -3.18702 -5.72215 2.46551 0.139941 3.23952 1.06519 -0.667503 0.674043 -1.5799 -1.29506 1.49449 0.929698 
2.68676 -0.373343 -0.00138172 -0.223438 -0.27826 -0.382247 -0.31417 -0.216117 -0.0338299 0.018094 0.00517226 -0.0944868 -0.0598949 -11.8767 -5.78122 -0.419411 -0.276614 2.46319 1.21485 2.16386 1.32217 -1.99553 0.205641 -0.0800956 -0.240418 0.938609 7.97503 1.32684 -4.46998 -0.452288 0.0459882 3.47353 0.177982 -1.643 0.416979 -1.41131 -1.27827 0.606861 0.95349 
2.5823 -0.51275 -0.193931 -0.299218 -0.259992 -0.234837 -0.111418 -0.104755 -0.0589587 -0.0174671 -0.0516214 -0.0572938 -0.0195303 -7.88708 -4.90105 -2.35001 -0.353461 2.74022 1.97313 2.67806 0.59831 -1.32339 -0.647334 -0.425878 0.536794 0.730823 9.00466 4.83943 -1.66522 -2.67971 -0.288816 1.93092 -1.40398 -1.87022 0.72245 -1.3892 -0.0749421 0.120473 0.302698 
2.68906 -0.564431 -0.263477 -0.204777 -0.189804 -0.17285 -0.0931751 -0.16736 -0.206249 0.176304 -0.135189 -0.16505 0.0869897 -1.03274 -1.33956 -2.71173 -1.26021 1.77327 1.81899 1.5256 0.0912665 -0.879614 -1.06641 -0.106113 0.684428 0.30214 9.76848 7.47701 0.74409 -3.48278 -1.28547 -1.32264 -1.96521 -0.958496 1.70008 -1.14184 1.36044 0.556238 -1.5158 
2.5258 -0.550632 -0.231554 -0.242352 -0.166667 -0.160386 -0.194409 -0.222115 -0.109805 -0.0794357 -0.110011 -0.0989403 0.0737523 5.99966 2.20555 -3.55778 -2.42441 1.04984 1.3952 0.782762 -0.166181 -0.633297 -1.34243 0.220618 0.530844 0.192695 12.8828 8.38823 0.933347 -2.74534 -1.95835 -3.03674 -1.37915 0.268342 1.14002 0.093773 1.64706 0.284034 -1.93286 
2.5887 -0.53735 -0.373476 -0.429923 -0.146774 -0.0355387 -0.0985799 -0.202901 -0.0984303 -0.0548963 -0.0600277 -0.0356528 0.0247234 12.3112 5.63758 -4.07744 -3.64756 0.0883811 1.03972 0.433295 -0.0949606 0.188383 -1.38239 0.260694 0.456666 -0.0868264 12.8898 6.59186 0.0120049 -0.710953 -2.16127 -3.10531 -1.28189 0.750021 0.780157 0.394791 0.861004 -0.331082 -1.069 
2.82458 -0.415712 -0.417671 -0.503704 -0.0713084 -0.0255651 -0.0389839 -0.216022 -0.120044 -0.120768 -0.0821783 -0.0389395 0.0464391 15.35 7.086 -4.02321 -3.73031 -0.428886 0.39399 -0.203716 -0.0836814 0.882542 -1.67797 0.439047 0.358489 -0.536629 9.04671 2.88783 -1.58462 0.503343 -1.86214 -1.06767 -0.380003 1.03307 0.724497 0.441495 -0.372789 -0.681497 -0.00540827 
3.50299 0.0536065 -0.277515 -0.505124 -0.270955 -0.325333 -0.24879 -0.20504 -0.09482 0.0215414 0.0149404 -0.0722111 -0.0786548 16.5405 7.39954 -4.15693 -3.62911 -0.873473 0.0845195 -0.200012 0.308614 1.43712 -2.047 0.51137 0.497415 -0.937304 -0.0496559 -2.72458 -2.27799 1.40698 0.0838102 1.87415 0.798774 0.386907 0.611008 -0.529351 -1.45026 -0.533035 1.00403 
4.03159 0.173217 -0.54684 -0.616964 -0.229455 -0.214353 -0.155107 -0.171223 -0.11489 -0.143779 -0.000412628 -0.0559054 -0.00523672 16.989 6.55448 -4.03974 -2.91343 -1.13843 0.216614 -0.0939741 0.533345 1.4548 -1.31454 -0.076347 0.217941 -0.854218 -7.94062 -5.6145 0.0638289 1.74926 0.708273 2.17487 0.468678 -0.147719 0.957011 -0.622314 -1.39006 0.0680921 0.321393 
4.19592 0.178828 -0.702513 -0.681505 -0.262332 -0.0951428 -0.134128 -0.172689 0.00205938 -0.145056 -0.0500838 -0.0427812 -0.00267113 15.2078 5.18207 -3.8767 -1.62413 -1.04682 0.0457549 -0.488848 0.496504 1.81196 -1.58775 -0.321115 -0.0319994 -0.78302 -9.26547 -5.17304 1.74533 1.85257 0.990685 0.737628 0.0699237 -0.261202 0.256486 -0.0256203 -0.495144 0.178948 -0.367909 
4.30819 0.191641 -0.736804 -0.668142 -0.250379 -0.0951876 -0.11373 -0.14659 0.00708528 -0.182878 -0.07923 -0.0717508 -0.0211029 12.0894 3.19001 -4.14453 -0.923931 -0.451786 0.0581559 -0.517132 0.892901 1.86306 -1.43607 -0.190327 -0.253542 -0.689117 -6.17545 -2.77319 1.90116 1.64824 0.959529 -1.27519 -0.728518 0.0719393 -0.215519 0.585213 0.536071 -0.165526 -0.442459 
4.38204 0.223428 -0.726962 -0.638605 -0.248073 -0.12362 -0.156882 -0.173156 0.0138296 -0.207033 -0.0558459 -0.0532822 -0.0495788 8.28678 1.14473 -4.3266 -0.400676 0.709684 -0.0575635 -0.167848 1.41075 1.44856 -1.17444 -0.243923 -0.535091 -0.312845 -2.08086 -0.377578 0.465567 1.01816 0.899931 -2.71166 -0.934048 1.09753 -0.710892 1.31387 1.1501 -0.836168 -0.0563297 
4.51301 0.182424 -0.710559 -0.687883 -0.28792 -0.0629083 -0.165468 -0.153891 0.081914 -0.221264 -0.117452 -0.0221847 -0.0693005 6.16691 0.646808 -3.15364 0.555505 0.474995 -1.28218 -0.65579 1.49701 1.36746 -0.330255 0.0877582 -0.811554 -0.551441 -0.570662 0.293784 -1.17996 0.730097 0.977288 -2.40768 -0.147563 1.36073 -1.01162 1.11976 1.12498 -1.1163 0.660165 
4.61567 0.220048 -0.850769 -0.618285 -0.252231 -0.126741 -0.182227 -0.147473 0.118274 -0.2524 -0.0587533 -0.0617218 -0.0947984 5.63644 0.389236 -2.52333 1.48228 -0.23297 -1.91516 -0.582548 1.32303 1.26942 -0.297834 0.472605 -0.875671 -0.430291 -0.749468 -0.150414 -0.145097 0.8888 -0.693877 -1.09093 0.441991 0.497774 -0.382218 0.888784 0.352399 -0.560898 0.736127 
4.72518 0.241207 -0.93589 -0.625082 -0.17263 -0.228574 -0.20732 -0.0445214 0.0845567 -0.220093 -0.0145294 -0.124427 -0.0699736 5.13731 -0.0109297 -2.04324 2.12344 -1.26982 -1.84937 -0.42498 0.857882 1.65416 0.0537313 0.449964 -0.824273 0.00272021 -1.17433 -0.833472 1.77711 1.60161 -2.8951 0.623743 0.797526 -1.37006 0.7262 0.144078 -0.476912 0.393879 0.513977 
4.79342 0.27049 -0.999811 -0.62588 -0.131818 -0.32133 -0.214608 0.0418374 0.0409198 -0.151563 -0.0215624 -0.157514 -0.0502002 4.52825 -0.545522 -1.21951 2.86229 -2.5229 -1.48536 -0.245015 0.33934 1.97004 0.635792 0.109865 -0.879927 0.533453 -1.35061 -1.49666 3.20779 2.00698 -4.2978 2.10188 0.581578 -2.82073 1.73703 -0.135984 -0.961011 1.0173 0.495913 
4.85829 0.242234 -0.981781 -0.546418 -0.246426 -0.297784 -0.205563 -0.0153214 0.132984 -0.191513 -0.0314876 -0.144296 -0.0717099 3.7237 -1.21018 0.609257 3.03836 -3.43722 -0.895491 -0.616112 -0.00479747 1.5949 1.65042 -0.694099 -0.344828 0.884997 -1.29519 -1.77381 3.84207 0.88171 -3.23957 2.40892 -0.3117 -2.03134 0.867941 1.12354 -1.6996 1.22219 0.728546 
4.93372 0.199965 -0.956854 -0.424291 -0.410489 -0.281715 -0.171564 -0.0752219 0.210784 -0.241066 -0.0106119 -0.129613 -0.0718095 1.91736 -1.74984 2.74332 2.9616 -4.22884 0.0202174 -1.06914 -0.595541 1.50589 2.37016 -1.62851 0.333714 1.2417 -2.39318 -1.12833 3.62929 -0.60217 -0.533756 1.57228 -1.49408 -0.477794 -0.779229 2.42268 -1.94916 1.00848 0.848422 
4.96167 0.16399 -0.902322 -0.366852 -0.496873 -0.272873 -0.180821 -0.122183 0.266712 -0.184005 -0.0529445 -0.135567 -0.0136946 -1.94722 -1.93856 4.46514 3.09439 -3.78629 0.399707 -1.29877 -1.75291 1.35401 2.71262 -2.02587 0.599233 1.72387 -5.6177 -0.150663 3.13129 -1.51518 2.47683 0.205399 -1.74217 0.300263 -2.0966 2.33792 -1.34644 0.558694 0.841878 
4.9853 0.110658 -0.823503 -0.280469 -0.624505 -0.242696 -0.212392 -0.155528 0.309379 -0.0888412 -0.0965917 -0.149314 0.0310198 -6.65462 -1.99583 5.89434 2.78102 -2.08689 0.367422 -1.78358 -2.61489 0.513162 2.68952 -1.84926 0.438185 1.78978 -9.88485 0.781709 2.24569 -1.54873 4.99166 -1.03746 -1.15803 -0.433627 -2.53122 0.51032 0.10931 -0.159977 0.328468 
5.01339 0.0181605 -0.606218 -0.361167 -0.636231 -0.187568 -0.320883 -0.0809543 0.203766 0.0730048 -0.246129 -0.0441024 0.0348481 -11.575 -1.95157 7.04693 2.12631 0.188866 -0.0353686 -1.78445 -2.2548 -0.733548 2.66911 -1.68836 0.215716 1.52765 -12.6204 1.08329 1.06731 -0.401285 5.51093 -1.63004 0.458344 -1.36682 -1.65404 -2.04286 1.87176 -1.1785 -0.506469 
4.75706 0.0493516 -0.520212 -0.293418 -0.652786 -0.197985 -0.371633 -0.143636 0.237678 0.0870775 -0.249303 -0.0448188 0.0818961 -14.5798 -2.09066 6.94645 1.86122 2.17828 -0.113758 -1.82238 -2.13879 -1.46959 2.16963 -1.3274 0.242196 1.61694 -9.29973 0.0911143 -0.291174 0.235377 4.43531 -1.02795 1.39002 -0.816099 -1.09417 -2.96022 2.23066 -1.06826 -0.858443 
4.1752 0.0567839 -0.400425 -0.22941 -0.480071 -0.286018 -0.346378 -0.290752 0.215451 0.108767 -0.221377 -0.104312 0.182937 -14.8233 -2.83085 7.03423 1.24562 3.07772 0.205539 -1.04922 -0.751158 -2.37937 0.686719 -0.20378 0.0214922 0.830774 0.227908 -1.60669 -1.0339 -0.286411 1.23113 0.780462 1.68007 2.11826 -0.864914 -2.89192 1.80453 -0.292263 -1.47688 
3.71749 0.0223842 -0.254591 -0.235237 -0.322318 -0.30149 -0.419842 -0.381413 0.10965 0.0672829 -0.173819 -0.143219 0.117272 -8.74327 -3.28982 5.39714 0.100879 2.64323 -0.541483 -0.848704 -0.340418 -2.27857 -0.0479483 0.934864 0.665821 0.708375 14.3895 -2.49699 -2.66335 -1.53457 -2.83104 1.05913 1.15581 3.75732 0.0962059 -1.38334 1.26168 1.32193 -0.713217 
3.32701 -0.0435444 -0.0735173 -0.222114 -0.266668 -0.2964 -0.342879 -0.268065 0.0690034 0.0541379 -0.208778 -0.121914 0.0573558 -0.987984 -2.5361 2.29806 0.529188 0.587149 -0.975843 -0.111951 -0.102767 -0.858565 -0.63969 1.15337 1.04088 0.524097 24.9379 -0.859514 -5.25713 -1.72238 -5.93106 0.0973459 0.186933 2.70007 1.73387 0.111461 0.392204 2.27074 0.127874 
3.35822 -0.132569 -0.177749 -0.123095 -0.228705 -0.2385 -0.395517 -0.335115 0.0886118 0.0357324 -0.19316 -0.0672989 0.198989 6.59804 -1.75971 -0.43422 0.824984 -1.94072 -0.867671 0.154771 0.847763 0.459138 -0.978497 1.1157 1.46002 0.315283 23.9195 2.41861 -6.65169 -0.376903 -7.18846 -1.35047 0.00320035 0.766245 3.64294 0.596694 -0.215813 1.62908 0.176092 
3.57924 -0.323708 0.0391653 -0.257548 -0.291691 -0.144343 -0.282732 -0.0222817 -0.0631681 -0.0913735 -0.0690093 -0.128199 0.0479238 12.7249 -0.654052 -2.96763 1.25372 -4.31827 -0.708142 0.100009 1.61751 1.81281 -1.2576 1.14811 1.78777 0.0856373 12.2893 5.22762 -7.07571 2.25082 -5.30448 -1.8654 -0.426373 -1.91127 4.71892 0.636682 -0.963676 0.532346 0.627946 
4.78657 -0.339354 -0.211212 -0.419949 -0.487496 -0.387633 -0.442114 -0.194569 0.0510811 0.0617853 -0.0269362 0.0958541 0.171155 15.5251 0.656456 -4.94767 1.51751 -5.2526 -0.994215 0.05582 1.8075 2.91999 -1.45179 1.25628 1.70579 0.0471995 -5.6599 5.00683 -3.58211 3.45043 -0.976784 -0.0205505 0.026035 -1.02439 2.86498 -1.00877 -0.660711 -1.58644 -0.633285 
5.13206 -0.0953516 -0.502458 -0.147939 -0.731005 -0.375878 -0.333914 -0.214256 0.273641 0.0400093 -0.195909 0.103576 0.146005 15.056 1.96968 -6.13513 1.42441 -4.76848 -1.36288 -0.36009 1.37773 3.28491 -1.58078 1.48275 1.16955 -0.384559 -15.2467 1.85291 0.772655 0.934837 3.79271 0.756631 -0.351887 0.309734 -0.476035 -1.47664 0.819119 -2.22142 -1.24765 
5.09133 -0.0255639 -0.602102 -0.0470618 -0.860921 -0.342451 -0.346188 -0.143935 0.371147 -0.0668519 -0.0978639 0.0463046 0.163832 11.2717 3.01842 -6.0319 0.996238 -3.27466 -1.57888 -0.606941 1.23885 3.23046 -1.5715 1.44143 0.463535 -1.14448 -14.119 -0.779605 2.94906 -2.07965 6.57379 0.639707 -0.779636 0.543243 -2.79181 -0.667611 1.11995 -1.72163 -1.48573 
5.06642 0.00683166 -0.658863 -0.0199853 -0.85882 -0.355311 -0.369448 -0.126524 0.379595 -0.10448 -0.0393074 0.0469548 0.13206 5.69368 3.66501 -5.83121 0.762257 -0.874511 -1.39714 -1.15142 0.506459 2.97022 -1.36282 1.18614 -0.113103 -1.25871 -7.92315 -1.73846 3.38445 -4.04645 6.27814 0.168494 -0.839559 0.445088 -3.16129 0.490312 0.584043 -1.00451 -1.41313 
5.03944 0.0381242 -0.704916 -0.0728761 -0.765418 -0.396002 -0.397828 -0.0832906 0.381233 -0.158255 -0.0027756 0.0418295 0.0661023 -0.55241 3.11923 -3.82569 -0.282126 1.91034 -0.631195 -1.12647 0.924095 1.69707 -1.56458 1.29482 -1.05462 -1.90292 -1.77757 -1.07878 1.9867 -3.51755 4.03724 -0.245575 -0.93259 -1.00016 -1.66144 1.70833 -0.558841 -0.0597594 -0.213191 
5.0103 0.0771385 -0.765189 -0.11568 -0.679333 -0.424806 -0.411791 -0.0730374 0.369368 -0.156855 0.0220011 0.0134384 0.0206441 -2.48558 2.20777 -2.19479 -2.43128 4.25265 -0.743063 -1.89262 0.298625 0.637901 -0.936538 1.49983 -0.839639 -1.8585 -0.828272 -0.121976 1.36226 -1.76575 1.9304 0.322865 -0.490994 -1.53718 -0.164963 1.46647 -1.32684 0.271692 0.496858 
4.99281 0.107116 -0.796506 -0.185962 -0.585723 -0.423831 -0.463717 -0.0649083 0.380261 -0.16189 0.0477093 -0.0164759 -0.0106592 -3.09252 2.11605 -1.27904 -3.78948 5.58333 -0.593897 -2.21304 -0.682547 0.0410189 -0.00225192 0.891277 -0.342404 -1.84144 -1.45516 0.0446967 1.55956 -1.14563 0.828075 0.65598 -0.436782 -1.77734 0.0142235 1.06745 -0.91539 0.770252 0.847264 
4.92183 0.155524 -0.822598 -0.25215 -0.48636 -0.428628 -0.502537 -0.0786829 0.382117 -0.14304 0.0388157 -0.0260399 -0.0432799 -4.29256 2.27684 -0.293293 -4.77617 5.87659 0.148188 -2.28278 -1.59371 -0.563263 0.640128 0.676131 0.13329 -1.57893 -2.10478 0.150952 1.87934 -1.25826 0.217857 1.09379 -0.262664 -1.89849 -0.742971 0.856271 -0.264165 1.34357 0.673028 
4.86943 0.16838 -0.803747 -0.318948 -0.375866 -0.447805 -0.527915 -0.11811 0.391992 -0.13146 0.0326121 -0.0308201 -0.0475115 -5.95121 2.19161 1.09204 -5.24147 5.22889 1.28391 -1.73266 -2.33004 -1.69458 1.14465 0.584331 0.858089 -1.03584 -3.06697 0.174384 2.26662 -1.34163 -0.828275 1.92985 0.536075 -1.42712 -2.1728 0.699547 0.30678 1.66112 0.458109 
4.76105 0.219539 -0.795157 -0.407491 -0.262787 -0.439012 -0.587757 -0.187485 0.416464 -0.12548 0.0295097 0.00258341 -0.0532526 -8.1566 1.70389 2.86641 -5.20178 3.71932 2.38272 -0.391936 -2.56345 -2.97272 0.9627 0.266584 1.53341 -0.253689 -4.09651 -0.473798 2.99582 -0.482023 -2.79303 2.59637 2.36982 -0.383239 -3.4514 0.157798 0.247223 1.38573 0.848904 
4.65435 0.259193 -0.755874 -0.546648 -0.155133 -0.401292 -0.647987 -0.25003 0.345182 -0.0685159 0.0514451 0.0401766 -0.0847549 -10.2044 1.03636 4.53811 -4.51449 1.79712 2.88924 1.30602 -2.26287 -4.22085 0.483749 -0.370334 1.39917 0.543518 -4.53728 -1.44626 3.51498 1.37467 -4.69744 2.0771 4.17085 1.03725 -3.3435 -1.05211 -0.736452 0.153514 1.63102 
4.43757 0.323725 -0.677173 -0.679548 -0.108123 -0.3012 -0.648492 -0.329373 0.239336 -0.0350471 0.0890797 0.0905305 -0.103369 -10.8082 0.502327 5.42998 -3.81348 0.287718 3.04852 2.46951 -1.71685 -5.02283 0.0616404 -0.711345 1.11693 1.05546 -2.57305 -2.01829 2.64402 2.9068 -4.78509 0.230127 4.23838 2.13399 -1.80816 -1.81124 -1.70037 -1.2713 1.85889 
4.19061 0.309044 -0.525095 -0.741164 -0.157791 -0.176403 -0.540027 -0.353788 0.0640645 -0.0145257 0.0934568 0.163051 -0.0603081 -9.83566 0.213441 5.05844 -3.05893 -0.586468 3.19642 3.20546 -1.47527 -5.34102 0.0823375 -0.610699 0.82304 1.0477 1.89113 -1.38376 -0.251962 2.94365 -2.36944 -1.55839 1.99392 1.73686 0.625513 -1.30021 -1.29671 -2.10671 0.76893 
3.8687 0.24486 -0.336826 -0.729098 -0.314754 -0.0900389 -0.349548 -0.338915 -0.0535717 -0.0964353 0.0244962 0.186111 0.0338136 -6.92455 -0.179131 3.69616 -1.94729 -0.699421 2.6844 2.69759 -1.00556 -4.40003 0.272547 -0.533328 0.470791 0.743231 7.69738 0.00438195 -4.20476 1.7917 1.56417 -2.40825 -2.22268 0.503981 3.09041 0.570276 0.295881 -1.55268 -1.24387 
3.65183 0.202824 -0.195131 -0.677751 -0.41285 -0.125617 -0.230716 -0.282141 -0.13994 -0.156982 -0.0794494 0.0552813 0.0863276 -2.84894 -0.242267 1.24522 -0.859702 0.153683 1.0829 1.26189 -0.385257 -2.01193 0.354655 -0.343991 -0.0487728 0.234293 11.7039 1.09546 -7.26512 0.4308 4.66189 -2.59448 -5.67358 -0.471407 5.1838 2.1122 2.00731 -0.0244578 -2.72341 
3.6951 0.230149 -0.208426 -0.726985 -0.360044 -0.138849 -0.254154 -0.283219 -0.169345 -0.136508 -0.0629707 0.0661342 0.0705608 2.6759 -0.291474 -1.79107 0.388914 0.78674 -1.13075 -0.258193 0.459075 0.836913 0.639745 -0.150523 -0.688833 -0.369166 12.1865 1.01571 -7.70779 0.71474 4.21057 -3.15772 -5.88551 0.0543001 6.31933 2.02037 2.03483 0.382306 -2.53605 
3.85345 0.261683 -0.344645 -0.766121 -0.269024 -0.0644491 -0.260125 -0.396686 -0.188118 -0.0430248 0.0308907 0.0958295 0.00171736 7.88697 -0.348918 -4.74905 1.88419 0.749592 -2.53772 -1.2675 1.0968 3.38827 0.475741 0.158959 -1.26465 -1.14458 9.5462 -0.122452 -5.5115 2.40592 0.502165 -3.49199 -2.924 1.8175 5.78597 0.0174904 0.547321 -0.296691 -1.07704 
4.13651 0.246231 -0.496405 -0.721844 -0.162499 -0.114415 -0.478751 -0.369872 -0.028228 0.00988301 0.0308452 0.117682 -0.0559226 12.1531 -0.676762 -6.60586 2.73056 0.00688212 -2.8675 -1.36961 1.65236 5.01971 0.30822 0.347699 -1.46044 -1.66216 5.14985 -1.35953 -1.88984 3.29799 -4.22552 -1.91802 2.28824 2.60631 3.01916 -2.12591 -0.93376 -1.26072 0.4651 
4.37989 0.284105 -0.702471 -0.717901 -0.00899184 -0.31443 -0.623618 -0.308445 0.197907 0.0107182 0.062273 0.0712245 -0.101966 14.2787 -1.22612 -7.29962 3.54138 -1.58182 -2.26153 -0.429686 2.24536 5.6246 -0.345042 0.155314 -1.3566 -1.41479 1.02372 -2.14561 1.54272 2.9773 -7.13536 1.55488 5.8747 2.08811 -0.84605 -2.98832 -1.81593 -1.31454 1.46041 
4.78027 0.254161 -0.87474 -0.581301 -0.135122 -0.483472 -0.578393 -0.204497 0.347555 0.0243077 0.0440774 0.011269 -0.0983963 14.3117 -1.96575 -6.54516 4.02744 -3.35505 -1.61807 1.18095 2.98982 5.25323 -1.11551 -0.728638 -1.50853 -0.763117 -2.58341 -1.83067 3.59986 0.530084 -5.55475 4.47571 5.79425 0.592677 -3.61912 -2.27452 -1.71157 -0.0804029 1.60293 
5.00429 0.170178 -0.983257 -0.362176 -0.356432 -0.42746 -0.432668 -0.145586 0.406084 -0.106596 0.0241954 -0.0428396 -0.121528 12.5676 -2.16828 -5.37693 4.34215 -4.98178 -0.698342 2.50962 3.68208 4.16197 -1.81306 -1.42951 -1.44488 -0.0251282 -4.86896 -0.419404 3.62463 -1.82536 -1.66996 4.50635 2.76187 -0.44478 -4.25236 -0.288372 -1.08127 1.14487 1.39197 
5.21843 0.0825431 -0.974583 -0.368036 -0.532815 -0.345726 -0.287494 -0.0896623 0.436883 -0.151014 -0.0276822 -0.071825 -0.115434 9.71527 -2.11289 -3.68451 3.79613 -5.42557 0.390338 3.64492 3.78867 2.18837 -2.17607 -1.51784 -1.00059 0.547886 -6.14953 1.06958 2.56976 -2.38329 2.32496 1.9278 -1.12289 -0.383747 -3.30648 0.887484 -0.151654 1.75571 0.897706 
5.34264 0.0507695 -1.03153 -0.298728 -0.641866 -0.262072 -0.201951 -0.0328626 0.420492 -0.204184 -0.0670476 -0.0844616 -0.0556315 5.95581 -1.72213 -1.74908 2.7959 -4.41957 0.890495 3.40844 3.75213 0.321335 -2.15862 -1.46001 -0.17519 0.979727 -6.95302 2.03106 1.97537 -2.37168 4.83442 -1.44285 -3.33452 0.045439 -2.0303 1.14721 0.858568 1.69934 0.244861 
5.45907 0.00722194 -1.02027 -0.336506 -0.647155 -0.251238 -0.145913 0.0105482 0.402905 -0.184739 -0.132893 -0.0525096 -0.0425606 0.96196 -0.926656 0.753571 1.44562 -2.55428 0.499553 2.26262 3.38651 -1.05424 -1.63616 -0.789921 0.55444 0.824933 -7.994 2.07664 2.85801 -1.46659 4.47881 -3.24801 -3.41198 0.164397 -1.42942 0.792004 1.78844 1.14552 -0.366613 
5.41251 0.0584433 -1.10649 -0.23249 -0.735115 -0.197033 -0.165907 0.0720187 0.395401 -0.199041 -0.121083 -0.0391299 -0.0334939 -4.7758 -0.281001 3.10602 0.902086 -0.0111205 -1.14564 0.590911 3.43088 -2.36796 -0.881603 0.266192 0.870388 0.80952 -9.87704 1.01595 4.8833 -0.749989 3.94489 -3.77913 -2.45377 -0.00337727 -1.7379 0.435294 2.25546 0.370755 -0.672167 
5.36688 0.0405757 -1.02969 -0.27513 -0.646922 -0.262342 -0.184723 0.156245 0.339469 -0.247895 -0.0998018 -0.00740374 -0.014697 -13.0868 -1.52342 5.4165 1.13031 2.63509 -1.12759 -0.627265 2.98317 -3.74814 -0.272367 1.14255 1.15636 0.689651 -13.8722 -1.55474 5.89438 0.272603 3.35838 -1.41824 -1.34333 -0.733521 -2.3386 0.947373 1.99397 -0.183561 -0.550549 
5.16462 0.0884576 -0.950495 -0.321281 -0.512107 -0.396489 -0.235535 0.225178 0.298142 -0.270131 -0.0958789 0.0347478 0.0179562 -20.9437 -3.27374 7.41708 0.802464 4.14125 -0.402047 -0.439628 1.25032 -4.16098 0.492528 0.998886 0.442782 0.325485 -16.6035 -4.57847 4.84515 0.984696 2.45393 2.42567 0.438837 -2.58359 -2.05319 1.55203 0.486596 -1.22306 -0.365142 
4.80882 0.102852 -0.664627 -0.313579 -0.57657 -0.439763 -0.220983 0.214885 0.219932 -0.214925 -0.0137783 0.0481449 -0.0526791 -25.9463 -4.86427 8.03584 0.393957 4.61716 0.484156 0.118158 -0.216068 -4.22871 1.00182 0.978042 0.211836 0.209593 -13.6288 -6.00677 1.01813 0.174751 1.59836 4.88094 1.89417 -3.86631 -0.507744 1.5775 -1.41593 -1.34382 0.0787762 
4.2296 0.0575133 -0.477381 -0.181564 -0.391334 -0.573357 -0.308329 0.31828 0.053843 -0.2303 0.0864582 0.0138989 -0.00997401 -27.3705 -6.03128 8.16771 0.181339 4.91871 1.24446 0.938754 -1.69456 -4.05203 1.67157 0.575637 0.0877518 0.199616 -3.68144 -4.17263 -2.78165 -1.07486 -0.648721 4.93464 2.93626 -4.43001 1.71929 1.33314 -2.52553 -0.702764 0.0770336 
3.16861 -0.35869 -0.252887 -0.162596 -0.152986 -0.250033 -0.309584 0.252315 -0.109363 -0.166653 0.0769662 0.0746972 0.0149322 -26.0136 -6.28485 6.8941 0.249706 4.26419 2.2626 1.53148 -2.73028 -3.29769 2.11405 0.302387 -0.0844728 0.0259218 10.3731 0.927068 -5.17179 -1.65761 -2.61409 0.929481 2.33347 -2.59729 3.23784 0.438447 -1.74343 0.0154131 -0.123224 
2.55553 -0.508335 -0.158612 -0.244394 -0.166659 -0.13097 -0.108828 -0.0393982 -0.0348874 -0.0872294 -0.0999975 -0.109573 -0.0196443 -16.9078 -5.55236 2.65734 -0.00232595 3.13868 2.26501 0.118692 -2.22632 -2.26484 1.91774 -0.138455 -0.0779401 0.234786 23.4652 5.1085 -7.57143 -0.812183 -3.05854 -2.91674 -1.83616 1.83645 2.76181 -0.720337 0.257087 1.35496 0.135084 
2.44811 -0.576392 -0.228896 -0.320284 -0.19637 -0.141684 -0.0785532 -0.0312166 -0.0460666 -0.0687222 -0.0381656 0.0174432 -0.00838154 -4.37759 -4.16098 -1.62399 -0.475014 1.90683 1.57784 -1.27335 -0.514264 -0.900995 2.04955 -0.376662 -0.0418732 0.743225 29.9519 6.25749 -8.06495 0.30673 -2.90464 -4.26819 -5.20753 5.30246 1.89977 -0.790775 1.21171 0.690666 0.446017 
2.47355 -0.572869 -0.164031 -0.229478 -0.121973 -0.156605 -0.0520488 -0.0880951 -0.0796181 -0.0190465 -0.0440281 0.029695 0.0135709 6.59491 -2.11231 -4.17081 -1.04578 0.285852 0.907628 -2.22925 0.859736 -0.188852 1.30657 -0.453322 0.12055 1.45668 26.4981 4.52292 -6.99431 0.195577 -2.08999 -3.16252 -6.14365 6.64063 0.583524 -1.33023 1.11313 -0.0638452 1.48539 
2.48066 -0.553558 -0.193566 -0.262495 -0.119743 -0.136241 -0.0605586 -0.0788996 -0.0464522 -0.0165657 -0.00428549 0.0214864 -0.0246588 12.9985 0.768208 -4.98846 -0.653883 -0.516834 -0.870963 -3.19244 2.23879 0.604416 -0.114083 -0.493392 0.0300171 1.76723 12.5187 2.065 -2.27006 0.142358 -0.921242 -0.833131 -3.32602 4.09332 0.00459777 -1.89238 -0.333485 -0.591079 1.84147 
3.74195 -0.437706 -0.80213 -0.296796 -0.193892 -0.293342 -0.512078 0.163006 -0.0173729 -0.0695744 -0.0435863 0.0416721 0.0496933 17.3472 3.71486 -5.24102 -0.105133 -0.544707 -2.19281 -4.20076 2.3837 1.64988 -0.871324 0.45299 0.31416 1.13474 -5.27621 2.32321 4.45012 0.335106 0.11719 0.112621 2.18705 -1.80519 1.13011 -1.91106 -0.495832 -0.90382 -0.0386416 
4.44463 -0.45241 -0.855369 -0.299688 -0.275738 -0.305803 -0.525217 0.380556 0.0278219 0.0848297 0.0162231 0.00863516 0.0998684 18.9866 5.4026 -5.36688 0.333683 -1.07544 -3.04977 -4.60632 1.1726 3.19962 -1.27576 0.698058 -0.19335 0.473866 -13.2437 3.60865 5.64467 0.903791 0.596331 -0.843083 3.49124 -6.20623 2.69694 -1.99336 0.333226 -0.0662202 -2.23782 
4.31996 -0.441298 -0.755295 -0.328435 -0.233347 -0.224798 -0.50679 0.347752 -0.10492 -0.114138 -0.0179906 0.0169497 0.259895 15.2948 5.68467 -3.56658 -0.180143 -0.800885 -3.44807 -4.06805 -0.0187893 3.69425 -0.833638 0.342281 -0.125183 -0.0876146 -11.3408 3.24227 4.16842 0.772594 0.710199 -2.05806 2.40022 -6.70575 3.57372 0.763698 0.680098 0.262572 -3.79701 
3.77955 -0.312698 -0.57973 -0.256505 -0.174515 -0.28116 -0.470883 0.252988 0.0417594 -0.239136 -0.135192 -0.0112806 0.183929 8.82965 5.94993 -1.01527 -0.617368 0.234894 -3.43236 -3.04787 -1.55787 3.57175 -0.391403 0.018242 -0.216621 -0.674139 -5.56398 0.785817 1.41228 -0.979452 0.852741 -1.50408 0.199568 -3.53393 1.39974 2.92209 0.619412 0.350369 -2.65749 
4.47956 0.131535 -0.74466 -0.259735 -0.224541 -0.498078 -0.521235 0.010586 0.305794 -0.155053 0.0678736 9.56823e-05 -0.0344871 1.13222 5.6735 1.89353 -0.844465 0.772058 -2.92423 -1.57607 -3.19031 3.30677 -0.344996 0.0768743 -0.106427 -1.2083 -5.74204 -3.1881 1.19576 -1.98903 1.22166 0.714344 -0.919998 1.06264 -2.37104 2.39058 -1.03376 0.249677 0.483635 
4.89631 0.126423 -0.953771 -0.209256 -0.351053 -0.592699 -0.674404 -0.0242066 0.442559 -0.163231 0.111477 0.0138693 -0.0107159 -2.65248 5.02226 2.44017 -1.12988 0.92461 -2.9207 -1.86911 -3.60512 2.87071 -0.167573 -0.179515 0.286515 -1.41007 -9.26493 -4.35345 3.28451 -1.96516 1.42942 2.53232 0.335393 2.94856 -4.40429 0.954235 -1.54039 0.199715 2.00942 
4.28298 0.018763 -0.583167 -0.34377 -0.158693 -0.580072 -0.617681 -0.0257103 0.312119 0.00627377 -0.0631557 0.0298791 0.00228515 -1.85068 3.90247 1.69539 -1.08661 1.30329 -2.37724 -1.97968 -2.78943 1.88599 0.361057 -0.071403 0.253317 -1.3871 -5.19428 -2.83836 0.963036 -0.0104137 0.427187 2.73955 0.596336 2.33177 -3.63051 -2.01173 -0.421446 0.127425 2.03086 
4.01657 0.158946 -0.565062 -0.443998 -0.0519633 -0.567514 -0.665118 -0.0401578 0.289319 -0.0370433 -0.0541408 -0.0222276 -0.0287497 -1.79834 1.89147 1.08214 -1.07823 1.3909 -1.7913 -2.22383 -1.63327 0.401808 0.451627 0.0757838 0.279221 -0.310193 1.3473 -1.82494 -1.70392 1.9715 -0.661608 1.04414 0.323198 1.16654 -1.25885 -2.07381 0.604851 0.178912 1.04744 
4.08536 0.182341 -0.539032 -0.403825 -0.161901 -0.572593 -0.694843 -0.0630061 0.304477 -0.143601 -0.0106793 0.0254602 0.021547 -5.52213 -0.117892 2.28114 -0.266937 1.81661 -0.666638 -1.38258 -0.43359 -1.40342 -0.0884673 -0.660333 0.214612 0.591808 4.99921 -1.14459 -2.77494 2.59736 -0.3187 -0.203914 0.362785 0.452 -0.316358 -0.451651 0.994478 -0.139582 0.043257 
3.8881 0.127797 -0.455232 -0.41086 -0.175907 -0.611456 -0.730227 -0.0570088 0.313091 -0.0763447 -0.0419073 0.0719087 0.0232581 -7.69861 -0.751376 3.266 0.444882 1.64672 0.419925 0.130939 -0.361994 -1.85131 -0.0281597 -0.603817 0.27465 0.539655 1.07689 -1.83655 -0.590466 2.22845 -0.069622 0.538649 1.56302 0.310925 -0.478349 0.708579 0.194657 -0.325113 0.0349213 
4.19291 0.170416 -0.624813 -0.353592 -0.0125722 -0.540424 -0.722721 -0.0763239 0.202049 -0.18324 -0.0251238 0.014229 0.010114 -6.73303 -1.20088 2.99663 1.46293 0.395254 1.50735 1.37449 -0.837807 -2.41564 -0.883645 -0.364127 0.231211 0.327218 -6.6723 -2.04352 3.86661 0.846398 -0.755682 2.0453 3.43129 -0.309035 -1.34403 1.17005 -1.02281 -0.0389136 -0.216618 
4.09846 0.0894282 -0.659383 -0.339854 -0.0725362 -0.689716 -0.828524 -0.0644222 0.286665 -0.111064 0.0170752 0.0200098 0.0511273 -8.63861 -2.37805 4.81163 2.41568 -0.298021 2.09355 2.78145 -1.32762 -3.60393 -0.480724 -0.392312 -0.177906 -0.184416 -8.71443 -1.15555 5.71231 0.439881 -1.5784 3.37166 4.39996 -1.3156 -2.53532 0.0189362 -0.925181 -0.399458 -1.03462 
3.77456 0.061769 -0.401801 -0.231895 -0.0213518 -0.600814 -0.682494 -0.0381303 0.120952 -0.111713 -0.0484827 0.0334344 0.0501662 -10.7171 -2.83283 6.03684 2.5829 -0.47813 2.52263 3.64907 -1.86222 -4.31795 0.0287359 -0.405698 -0.694579 -0.554353 -5.06796 -0.666116 3.94895 0.133552 -2.31302 2.15009 2.68751 -2.01776 -2.02988 -0.491934 0.0774003 -0.753435 -1.18757 
3.28514 -0.0559354 -0.204691 -0.246572 -0.0694247 -0.419103 -0.504388 -0.0899285 0.15004 -0.0348608 -0.0824791 0.0615545 0.0512069 -11.7211 -3.23653 6.42264 2.61443 -1.0004 2.94442 4.31206 -2.18784 -4.57891 -0.21764 -0.424803 -0.82815 -0.479896 0.540115 -0.161635 0.302284 0.137425 -1.25386 -0.397506 -0.106018 -1.36641 -1.20295 -0.597593 0.728265 -0.965638 -0.694001 
3.2511 -0.0504179 -0.121866 -0.229824 -0.142901 -0.280867 -0.376208 -0.208419 -0.0889628 -0.223539 -0.128778 0.033833 0.00284527 -12.25 -3.51339 6.51596 2.17621 -1.46742 2.90865 4.58027 -1.84947 -3.70767 0.315797 -0.6162 -0.76685 -0.548244 4.3824 -0.0573413 -3.25285 -0.26891 0.469885 -2.19781 -2.04652 0.623161 1.76379 0.687565 0.827807 -0.545874 0.33038 
2.88868 -0.141969 0.143947 -0.0831464 -0.191765 -0.343999 -0.33171 -0.256093 -0.214783 -0.135895 -0.0375193 -0.072608 -0.0848148 -10.03 -3.08497 5.14423 1.7227 -1.16121 2.89868 4.30636 -1.48728 -3.08026 0.168451 -0.543557 -0.915725 -0.663493 6.26852 0.334899 -5.42937 -1.42154 1.29679 -2.09196 -2.43556 2.28203 4.06111 0.983037 -0.0628597 0.563541 1.21229 
2.82988 -0.176784 0.155648 -0.0890893 -0.205154 -0.339959 -0.335755 -0.306823 -0.199442 -0.0906559 -0.0386793 -0.0599851 -0.032372 -7.13048 -2.74538 2.9302 1.1674 -0.660742 2.01588 3.05989 -0.856488 -1.75759 0.173812 -0.228227 -0.998057 -0.614824 5.29008 0.803716 -4.56018 -1.54142 1.82965 -0.739821 -1.38575 2.88011 3.74634 0.448078 -0.600709 0.773026 0.649659 
2.71586 -0.27719 0.0934335 -0.0845013 -0.191569 -0.278546 -0.267414 -0.292687 -0.227316 -0.159821 -0.0905704 -0.033259 0.01495 0.937977 -3.01342 -0.758141 0.233487 -2.1052 2.46157 1.78474 0.508597 -0.518687 0.539858 0.35139 -0.605461 -0.0517665 9.2296 0.491332 -4.58482 -1.90126 -0.784167 1.30674 -1.1104 2.38989 2.71586 0.396496 0.264478 0.693282 0.172913 
2.73883 -0.292184 0.0736804 -0.113314 -0.167667 -0.270843 -0.215025 -0.191606 -0.0879788 -0.0529929 -0.114581 -0.0572817 -0.0245396 5.4384 -3.58135 -3.242 -1.25137 -3.32874 2.81419 0.909615 1.39652 1.12913 1.11925 0.883266 -0.0737321 0.741511 12.1774 -0.601009 -4.52994 -2.14986 -3.85161 2.35914 -1.35847 0.909605 0.513788 -0.373215 1.45038 0.60796 0.536799 
2.7577 -0.27413 0.0516235 -0.114334 -0.176468 -0.26803 -0.231134 -0.195154 -0.110403 -0.0837313 -0.087719 -0.0700231 -0.0317839 6.84239 -4.93487 -3.92431 -2.03565 -3.56809 3.96318 0.129178 1.5339 2.16527 0.672539 0.719615 0.383245 1.00514 8.4646 -3.06452 -2.36658 -1.7369 -4.41742 2.57208 -1.64111 -0.208594 0.365906 0.00234106 1.62394 0.553155 0.855597 
2.68686 -0.306242 0.053368 -0.09714 -0.0939211 -0.231525 -0.219126 -0.172591 -0.120473 -0.110898 -0.0954448 -0.0816768 -0.0525454 7.52982 -6.51707 -2.98018 -2.40774 -4.41903 4.17386 -0.15903 1.89942 2.7578 0.519188 0.508176 0.0892593 0.830418 1.5002 -4.58937 1.0399 -1.28983 -3.00578 1.42961 -1.27358 -0.66638 1.12929 -0.0461154 0.23931 0.254076 0.908814 
4.03106 -0.52249 -0.458998 -0.266064 -0.64948 0.104018 -0.256483 -0.0489238 -0.0360549 -0.019874 0.0244441 -0.00514666 0.0513347 8.64422 -7.45128 -1.41408 -2.26169 -4.66595 4.40254 -0.216263 1.75541 2.6653 -0.232139 0.395901 -0.0965083 0.869145 -9.36491 -3.57468 6.60023 0.756119 2.14767 -1.06389 0.10478 -0.843654 0.761622 -1.39891 -1.81296 -0.66907 -0.161701 
3.81496 -0.596399 -0.418565 -0.393994 -0.69119 0.0298201 -0.272609 -0.106166 -0.00943968 -0.0396431 0.0732363 -0.0151592 0.107881 8.87349 -8.18615 -0.23609 -2.18396 -4.50091 4.61892 -0.3655 0.746138 2.10599 -1.17685 0.340965 0.262738 1.0645 -7.84513 -1.1894 7.15531 2.0047 4.08745 -1.45391 0.966937 -0.717962 -0.101562 -1.94234 -2.25157 -0.663909 -0.970722 
3.21585 -0.93481 -0.125177 -0.276642 -0.508741 0.16835 -0.351215 -0.149746 0.0965243 -0.0615167 -0.00384355 -0.0183736 0.050089 8.56995 -8.26984 0.566392 -2.08619 -3.90942 4.23224 -0.474438 0.0210178 2.15994 -0.967578 0.0254956 0.436497 0.987442 0.690801 2.39291 2.69364 1.2363 2.66898 -1.55296 1.01601 -1.14995 -1.56507 -1.45323 -0.89221 0.04721 -0.604929 
3.48093 -1.09864 -0.0516621 -0.368646 -0.692017 0.124992 -0.277533 -0.0184511 0.18927 -0.0572266 -0.09863 -0.0861147 0.0618883 7.49586 -6.79864 1.82222 -1.65336 -2.97902 2.73172 -0.298113 -1.10737 1.63439 -0.676027 -0.196839 0.115756 0.956167 5.30295 4.70893 -1.62338 0.52408 1.29881 -1.28023 0.113035 -2.42891 -2.23245 0.287548 0.848927 0.685173 0.0193181 
3.80924 -1.13229 0.0403035 -0.303058 -0.649339 0.241687 -0.201188 -0.0230106 0.0998504 -0.243602 -0.0876666 -0.0782155 0.0863721 4.88809 -4.82206 2.9348 -0.534831 -1.14767 1.45031 -0.131285 -1.9697 0.956247 -1.4009 -0.269405 0.539757 0.477789 5.20824 4.74494 -4.15483 -0.207537 -0.808677 -1.47283 -0.858884 -2.43996 -1.19593 1.8492 1.71216 1.18837 0.315242 
3.97532 -1.19582 -0.00779232 -0.379362 -0.674376 0.30726 -0.275974 -0.186043 0.0928121 -0.243727 -0.0207148 0.0200727 0.0960617 7.27823 -2.81115 1.37626 0.218011 -1.27496 0.712835 0.282849 -1.90115 -0.106197 -1.08315 -0.00390906 1.12708 0.504391 -0.989981 4.10898 -2.58729 0.864785 -0.182114 -2.64516 -0.185728 -0.843225 -0.900024 1.49876 0.982814 0.767703 0.155272 
4.12827 -1.24394 -0.102284 -0.412054 -0.718346 0.293314 -0.333525 -0.214696 0.151988 -0.109744 -0.0383708 0.0170622 0.0976006 8.42084 -0.885532 -0.94059 0.429058 -1.45308 -0.774834 0.0510224 -2.25702 -0.051593 -0.0289831 0.294245 0.945026 0.703306 -4.58122 2.21976 -1.16473 2.05646 0.725073 -2.60376 0.305159 0.680194 -0.0701879 0.605313 -0.129481 0.0876333 -0.174507 
4.2594 -1.11573 -0.00536867 -0.401699 -0.760283 0.152379 -0.271697 -0.316848 0.0951337 -0.064939 -0.0296121 -0.0720498 0.148636 6.02963 0.229398 -2.15148 1.15561 0.0378538 -1.27807 0.032395 -2.73059 -0.322537 0.932957 0.0370823 0.827203 0.750281 -4.17975 0.542309 -1.81099 1.84399 1.62582 -1.4953 0.659665 1.67143 0.406849 0.589121 -1.23591 -0.467756 -0.184898 
4.33995 -1.15964 -0.0576074 -0.323608 -0.784186 0.266628 -0.299223 -0.308964 0.120959 -0.280387 0.0320138 0.128196 0.107917 3.76417 0.885047 -2.47731 1.41062 0.217933 -2.35989 0.0214136 -2.08459 -0.0722406 1.94438 -0.0332411 0.333497 0.390312 -3.33982 0.216221 -1.41287 0.86011 2.20753 -0.988702 0.47502 1.11295 0.284559 1.85103 -1.29464 -1.77695 -0.158379 
4.32245 -1.0941 -0.112677 -0.260492 -0.751962 0.10772 -0.210724 -0.26492 -0.0202815 -0.175885 -0.00146686 0.125832 0.144427 2.25342 1.28826 -1.96968 2.06115 0.150198 -2.80496 0.451251 -0.785884 0.133069 1.12178 -0.140408 0.0310815 0.175543 -2.29558 -0.0317962 -0.0523793 -0.301188 0.897254 0.105312 -0.252207 0.671458 0.925693 0.86335 -0.309112 -1.44708 -0.478758 
4.35355 -1.16594 -0.266214 -0.234634 -0.738154 0.0138448 -0.340618 -0.353471 0.229655 -0.00607293 -0.0607704 -0.0212524 0.140095 0.747913 1.46613 -1.80161 2.12415 0.530565 -2.64251 0.199329 -0.911367 -0.0196328 0.960586 -0.33169 -0.282751 0.0371936 -1.66861 0.60172 1.80873 -0.704956 -0.560238 0.669764 -0.180594 0.59679 -0.314155 -0.861316 0.54651 -0.360033 -0.549086 
4.35362 -1.08799 -0.318371 -0.212609 -0.56069 0.0827975 -0.206062 -0.390249 0.0755864 0.00660583 -0.136752 -0.00269937 0.182404 -1.08696 1.54384 -1.47965 2 0.520185 -1.32257 0.256977 -0.278549 0.75008 1.32846 0.0933754 -0.341574 -1.05202 -2.02824 0.823148 2.82253 -0.443742 -2.01443 1.35765 -0.347899 0.657349 0.362654 -1.6993 1.56607 0.394207 -1.39966 
4.33815 -1.03631 -0.237298 -0.199481 -0.672297 -0.0290404 -0.259965 -0.334597 0.0847301 0.030644 -0.00478572 -0.00807533 0.0989981 -4.32396 2.42743 -1.46051 1.41142 0.688226 -0.882153 0.606832 0.16256 1.17379 0.85941 -0.119814 -0.704449 -0.791668 -4.58629 0.914795 0.861197 -0.319538 -0.787374 2.57501 0.27437 0.675306 0.975527 -2.06645 0.582338 1.03151 -0.835792 
4.33075 -1.04178 -0.190299 -0.140294 -0.782668 -0.054228 -0.2408 -0.244761 0.159123 -0.172925 -0.00423969 0.0493831 0.113971 -8.39611 3.6358 -1.36265 0.330577 1.0833 0.0657424 0.805696 0.678286 0.956094 -0.855633 -0.303066 0.133272 -0.630385 -8.41069 2.08894 -1.32105 -1.32774 1.52329 2.11591 0.974922 0.687573 0.325652 -0.927523 -0.796304 0.768472 0.20014 
4.25484 -0.996069 -0.272722 -0.151106 -0.672679 -0.0582922 -0.32766 -0.452454 0.093236 0.0102532 -0.0881016 -0.0444316 0.127863 -11.9172 4.62675 -1.00972 -1.22905 1.87977 0.405034 1.34482 1.45515 -0.340199 -1.09954 0.397447 1.14668 -0.891545 -9.89068 2.43388 -1.88347 -2.91907 2.80493 0.934048 1.37741 1.6486 -0.530928 -0.859748 -0.602765 1.27272 0.720459 
4.05119 -0.91102 -0.182363 -0.0999638 -0.714979 0.157123 -0.191251 -0.293666 0.249975 0.0385355 0.0712085 0.00695751 -0.103826 -14.3957 4.93386 -0.965151 -2.49302 2.30337 -0.281764 1.08801 1.98168 -0.381796 -0.798734 0.773349 1.04165 -0.841128 -7.241 1.89334 -1.06231 -3.99816 3.14959 -1.7874 0.607844 1.28194 -2.87778 -0.276612 -0.23834 1.02058 1.56694 
3.51748 -0.786584 -0.399233 -0.150992 -0.61711 0.0793617 -0.159914 -0.233645 0.259041 -0.18963 -0.0719085 0.0398086 0.119415 -15.2923 5.07375 -1.02548 -2.90918 4.00663 -0.310635 1.34461 1.70139 -1.33219 -0.375796 0.0660827 0.0589037 -0.783967 -0.0938549 -0.00424087 1.57969 -2.60488 1.90793 -2.74529 -0.568153 0.264038 -3.12897 1.74781 1.00896 -0.887096 -0.338626 
3.02252 -0.568216 -0.412722 -0.308996 -0.49468 0.0451676 -0.13531 -0.204046 0.107382 -0.262992 -0.152031 0.117615 0.138241 -14.8721 4.7523 -0.431354 -2.8406 4.84352 -0.976721 1.08866 1.34207 -2.58039 0.130426 0.379548 -0.4531 -0.765271 6.6536 -2.43601 2.78551 0.854298 0.526593 -2.17377 -1.26096 -1.17603 -1.89726 2.24212 1.21278 -2.67153 -1.05958 
2.85279 -0.556635 -0.368896 -0.503933 -0.362234 0.0362867 -0.11989 -0.167585 0.0108902 -0.0214871 0.0647502 0.161845 -0.00542717 -12.8488 3.79586 0.105955 -2.77757 4.12929 -1.72823 1.33105 1.81952 -2.87052 -0.385944 0.305155 -0.731827 -0.429131 8.90224 -3.14861 2.0365 3.49838 -1.10907 -0.810468 -0.874646 -1.83132 -0.249973 0.670404 -0.572268 -3.17671 -0.297193 
2.70717 -0.503433 -0.318121 -0.523201 -0.375281 -0.12075 -0.133796 -0.0951469 0.0199367 -0.0589746 0.074281 0.0750967 0.0404181 -9.47078 2.70696 0.260055 -2.71474 3.45544 -2.26574 0.877989 0.995896 -3.20394 0.160927 -0.0984483 -1.23937 -0.0840166 7.52521 -2.72133 0.447417 3.18561 -2.42055 1.14501 0.255169 -1.09097 1.11296 -0.734935 -1.17296 -1.09655 0.163602 
2.69096 -0.477054 -0.292124 -0.410923 -0.186477 -0.0761081 -0.121936 -0.186299 -0.0671058 -0.0575154 -0.0677716 -0.143438 -0.0357011 -5.28059 1.5678 0.996372 -1.58285 2.63967 -1.74826 0.737661 0.716943 -2.4636 0.916245 0.278178 -1.47106 -0.624867 4.42722 -1.53082 -1.21956 0.922913 -3.01131 1.14589 0.566359 0.158792 1.95176 -1.28828 -0.898799 1.66433 1.46228 
2.62382 -0.504246 -0.223291 -0.355726 -0.170007 -0.135341 -0.161661 -0.224634 -0.188662 -0.0827725 0.039699 -0.0542161 0.00441412 -2.08696 0.754171 0.621116 -0.589402 1.3217 -1.67749 0.398601 0.342311 -1.3568 1.28582 0.869595 -0.945773 -0.45085 2.8926 -0.0997444 -1.62129 -0.911352 -2.45579 0.89593 0.217132 0.576229 2.30126 0.415497 0.379111 2.7251 0.632428 
2.60526 -0.523146 -0.292742 -0.47016 -0.294251 -0.151786 -0.0364575 -0.100245 -0.110483 -0.112314 -0.0468272 -0.0792554 0.0414134 -0.75106 0.514943 0.156843 0.14845 0.429364 -1.16077 -0.136085 0.203636 -0.599013 0.81276 0.338741 -0.787896 0.0655971 2.20145 0.304522 -0.777863 -0.367663 -0.821036 0.47959 -1.35421 -0.0901604 1.62575 1.8924 1.90567 1.94853 -0.332926 
2.60746 -0.48374 -0.311126 -0.53916 -0.299538 -0.117599 -0.050659 -0.129769 -0.106347 -0.0603231 -0.034949 -0.0513497 0.00815216 -0.0534954 0.240845 -0.268437 -0.310337 -0.167817 -0.433598 0.191036 0.51376 -0.123342 1.00477 0.558033 0.320397 0.109994 1.11084 0.0981549 -0.0839775 0.576307 -0.131648 0.0605353 -1.30621 -0.0307122 0.829818 1.08238 1.29887 0.569928 -0.212704 
2.65322 -0.474533 -0.288122 -0.432836 -0.188858 -0.137945 -0.0737372 -0.111415 -0.0837267 -0.0612085 -0.0257412 -0.0483537 0.046345 0.215914 0.241715 -0.371063 -0.62514 -0.76597 -0.262367 0.17581 0.858838 0.462017 0.762795 0.618499 1.33813 0.29603 -0.0709476 -0.281143 0.25343 0.479605 -0.0538827 0.604538 -0.306812 -0.0910499 -0.130767 -0.389436 -0.366054 -0.0890334 -0.210186 
2.72173 -0.439573 -0.321366 -0.486881 -0.305215 -0.226186 -0.133212 -0.164798 -0.0868704 0.102626 0.182615 0.0859991 -0.0164466 0.445557 0.334482 -0.363782 -0.431821 -0.513964 0.129347 0.159 0.742118 0.700637 0.524087 0.0647188 1.24489 0.110439 -1.04434 -0.562054 0.509738 0.222184 0.18469 1.06373 0.997693 0.414477 -0.429054 -2.28758 -2.18701 -0.099837 0.417075 
2.67706 -0.482181 -0.307293 -0.437246 -0.273869 -0.148345 -0.206199 -0.125596 -0.0710261 0.0567363 0.0658314 -0.091564 0.011663 0.364594 0.277672 -0.00641656 0.0964919 -0.0846647 0.26681 -0.105457 0.336538 0.33291 0.156528 0.00225621 1.36091 0.0582745 -0.73358 -0.15741 0.276285 -0.280325 0.104493 0.642551 1.62741 0.239109 -0.247969 -2.22838 -2.08468 0.687707 0.310436 
2.64327 -0.483866 -0.32597 -0.524797 -0.310435 -0.13301 -0.0277444 -0.0393596 -0.0655431 0.00105418 0.0368574 0.0384577 0.0415909 0.148769 0.0855483 0.0784495 0.166841 -0.165176 0.304728 0.167353 0.417385 0.235955 -0.386561 -0.431403 1.2041 0.164072 -0.0470905 0.177554 0.280298 0.272431 0.533926 0.0850042 0.106885 -0.679116 -0.250317 -0.895732 -0.800725 0.135903 -0.103777 
2.66588 -0.463434 -0.298044 -0.469931 -0.28142 -0.118022 -0.0729117 -0.0891129 -0.0685378 -0.054949 -0.021736 0.0934077 0.0314486 -0.116669 0.0307426 0.0766976 -0.10804 -0.284951 0.479819 0.405609 0.339476 0.117735 -0.727062 -0.830762 1.01416 0.113528 0.274384 0.114028 0.0488591 0.332732 0.39868 -0.482722 -0.558459 -0.627444 -0.148553 0.492936 0.654578 -0.561851 -0.19235 
