3.08652 -0.366038 -0.402283 -0.285629 -0.303778 -0.2406 -0.075088 -0.0110345 -0.131838 -0.288908 -0.136241 0.0334121 0.0272533 -2.71921 -0.309788 0.722323 -1.85696 0.161419 0.983166 0.717667 -0.237992 -0.421296 0.585125 1.09884 0.724964 0.360963 -2.28847 -0.309348 0.764723 -1.42076 -0.17794 0.268283 0.338015 -0.0196976 -0.454272 0.280937 0.732527 -0.0745349 0.519026 
2.9858 -0.373985 -0.415242 -0.389456 -0.250296 -0.0909095 0.0259459 -0.0597675 -0.139324 -0.206454 -0.0478307 0.191946 0.00355793 -3.48486 -0.341898 1.84351 -0.981185 0.402985 0.973785 0.424881 -0.411942 0.272813 1.51692 1.18193 0.174608 0.104675 -1.62852 -0.367296 1.88039 0.82991 -0.41593 -0.752535 -0.437576 0.0537666 0.395642 0.746954 -0.123862 -1.69014 0.346538 
2.89669 -0.352499 -0.358736 -0.432658 -0.243502 -0.188318 -0.10452 -0.00845468 -0.135726 -0.30519 -0.0615171 0.0931308 0.0302852 -4.32803 -0.778798 2.34091 -0.189292 0.502482 0.527465 -0.292219 -0.840194 0.572205 2.43746 1.21448 -0.0825346 0.0720609 -0.871853 -0.727474 2.02214 2.98528 -0.120631 -0.892444 -0.885315 -0.642931 1.1915 2.11766 -0.52793 -1.54364 -0.205856 
2.82384 -0.391791 -0.381131 -0.515597 -0.315454 -0.15475 0.0209986 -0.0338247 -0.206137 -0.19711 0.0142216 0.0863034 0.0698705 -4.82235 -1.22392 2.49903 0.633911 0.963493 0.346117 -0.345499 -0.776418 0.835454 2.53231 0.893205 -0.605274 0.0155133 -0.239184 -0.824675 1.31358 4.01636 1.01816 -0.893826 -1.50686 -0.625619 1.73306 1.65509 -1.06379 -1.13778 -0.759079 
2.72383 -0.428954 -0.256101 -0.47792 -0.298174 -0.122759 0.0217211 -0.0425466 -0.177621 -0.223948 -0.0338428 0.105492 0.0899392 -4.73321 -1.71075 2.23071 1.3671 1.01873 -0.0385938 -0.709567 -1.05637 0.944119 2.24029 0.353885 -1.12406 -0.0784072 0.460237 -0.911708 -0.924276 2.57714 1.22514 -0.69533 -1.17439 -0.577591 0.867714 0.283302 -0.95492 -0.519972 -0.780742 
2.66613 -0.394835 -0.0725063 -0.234965 -0.216465 -0.141529 -0.08216 -0.0796358 0.00882504 -0.00022754 -0.0114706 -0.018371 -0.015659 -3.28553 -1.37838 1.97469 1.3985 0.47534 -0.494861 -0.798016 -1.15511 0.579849 1.7439 0.242395 -1.36543 -0.206297 1.80563 -0.315566 -2.82612 -1.30011 -0.0238025 -0.120776 0.375256 -0.169943 -1.40198 -2.34337 -0.379253 0.725333 -0.0272393 
2.54165 -0.503231 -0.146008 -0.243269 -0.230154 -0.225996 -0.190006 -0.160362 -0.0546886 0.0691313 0.00708942 0.0419867 0.0295317 -1.21734 -0.406248 1.39897 0.777932 0.127325 -0.335452 -0.661177 -2.05316 -0.331729 1.49987 0.503994 -0.757047 -0.671123 4.20698 1.80707 -2.34573 -3.62652 -1.48362 0.167351 1.18172 -0.265323 -2.75135 -3.44489 0.322755 0.707387 -0.0506678 
2.49264 -0.539586 -0.166759 -0.224851 -0.12137 -0.156103 -0.0527813 -0.0746865 -0.0444371 -0.0477841 -0.0455365 -0.0222688 0.0241178 0.079628 0.20777 0.594602 -0.0713252 -0.0164341 -0.330051 -0.969652 -2.03006 -1.15238 0.505966 0.596745 -0.182688 -0.319345 4.91347 2.90882 -1.29089 -4.16768 -2.50233 0.295612 0.757933 -0.906081 -3.23871 -1.93647 1.28805 1.47397 0.361607 
2.49004 -0.593397 -0.214488 -0.232161 -0.177212 -0.185819 -0.124902 -0.176532 -0.0612328 -0.0842197 -0.0773707 -0.0352003 0.0139907 3.37248 -0.193608 -1.24499 -0.771843 -1.44091 0.618533 -1.43179 -1.2768 -1.27909 -0.185575 1.16898 0.500535 0.062223 5.55701 1.7844 -0.83805 -2.02185 -2.39229 1.29768 -0.642477 0.289795 -1.26877 -0.395775 1.53291 1.74947 0.692722 
2.68055 -0.44544 -0.164466 -0.394241 -0.295226 -0.190013 -0.06845 -0.172601 -0.161815 -0.0841392 0.0443041 0.0169986 0.00218266 11.5134 -0.504401 -2.6203 -1.4605 -2.8026 1.33886 -1.39002 -0.240318 -1.22812 -1.06454 1.24372 1.23625 0.434407 10.0885 -1.30744 -1.79074 1.32475 -1.71043 1.86835 -1.99328 1.94281 1.82804 0.723771 0.552897 1.15387 0.792425 
2.86009 -0.295415 -0.168737 -0.4546 -0.311097 -0.21056 -0.136761 -0.351907 -0.296778 -0.0729255 0.0721999 0.0271681 -0.0586997 17.8695 0.197203 -1.69716 -0.756375 -2.99647 1.23929 -1.23694 0.525169 0.0679672 -1.37913 0.645684 1.02695 0.278698 14.1986 -3.11933 -1.37434 3.12493 -0.861702 1.19559 -1.26153 3.58409 4.21329 0.0941964 -1.12251 0.275995 0.796657 
2.74724 -0.392159 -0.234904 -0.474058 -0.283725 -0.157214 -0.125684 -0.258793 -0.317909 -0.103591 0.0771034 0.100986 0.0964777 22.4719 1.58081 -0.943797 0.200873 -3.25787 -0.214462 -1.19419 0.474954 1.34061 -0.840226 -0.139617 0.68099 0.699401 15.4667 -0.214274 1.04342 3.49415 0.154508 -1.50376 0.682706 2.28153 4.75608 -0.355053 -2.74687 -1.55 -0.158312 
3.29991 -0.606808 -0.434759 -0.343548 -0.524022 0.0443974 -0.32629 -0.107127 -0.101955 -0.112702 0.136956 0.1387 0.0709919 25.4717 2.75449 -1.09896 1.30414 -3.36932 -0.640843 -1.22946 1.21238 2.6955 -0.766396 -1.0667 0.226266 0.573076 7.98857 4.50415 3.03911 1.97004 1.15337 -4.28334 2.03784 -0.496907 2.57254 -0.212268 -3.35832 -2.33741 -0.594758 
4.75595 -0.591461 -0.488384 -0.344667 -0.582067 -0.00286747 -0.288035 -0.0437446 -0.0671339 -0.104909 0.103347 0.140937 0.0438403 25.4097 3.27754 -1.40127 2.07669 -2.95664 -0.693824 -1.42902 1.38999 3.75771 -0.937159 -2.13841 -0.28893 0.148211 -6.47654 6.40106 2.3812 0.153975 1.18941 -3.36364 1.41068 -2.05588 0.267013 0.00167774 -2.20553 -1.7894 -0.873255 
4.88993 -0.421638 -0.201335 -0.266853 -0.46322 -0.154408 -0.207799 -0.0654306 0.0387101 -0.213703 -0.0585155 0.0683737 0.0323399 22.8511 4.3302 -1.54182 1.74014 -2.14554 -0.642526 -1.3361 1.27844 4.21811 -1.07578 -2.62317 -0.691624 -0.422505 -14.1358 4.03478 -1.47542 -1.59898 0.866317 0.315263 -0.701706 -2.07274 -1.4699 0.38694 -0.14008 -0.348893 -1.17959 
5.16304 -0.122343 -0.184108 -0.201164 -0.52468 -0.390589 -0.131982 -0.164898 0.119712 -0.140399 -0.140293 -0.0195541 0.131954 18.6057 5.58162 -1.45291 0.851295 -1.08511 -0.533313 -1.07361 -0.172073 3.65551 -0.828536 -2.7953 -1.21229 -1.26515 -15.8632 -0.823543 -3.49709 -2.75836 1.48269 4.22976 -1.78851 -0.952574 -1.93761 0.075894 1.3746 0.867797 -1.45287 
5.47899 -0.03416 -0.394828 -0.177156 -0.696805 -0.262261 -0.308511 -0.0762161 0.171058 -0.162905 -0.146801 0.0181902 0.0275706 11.2754 6.04817 -1.68729 -0.103546 0.413464 -0.254524 -0.60059 -1.25077 2.41763 -0.593043 -2.54738 -1.51736 -1.17046 -11.9399 -3.49036 -2.56495 -2.53909 2.52728 4.2609 -0.700373 -1.01084 -1.68029 0.262528 1.8105 0.469561 -0.711689 
5.4634 -0.00319528 -0.428969 -0.238772 -0.639827 -0.158305 -0.323368 -0.0892428 0.172759 -0.207289 -0.168481 0.0293513 -0.0335426 4.02081 4.88643 -2.36864 -0.696078 0.860846 0.95823 -0.829461 -1.709 1.54959 0.0423141 -1.78477 -1.47597 -0.975061 -6.01016 -3.46773 -0.327498 -1.39819 2.45145 1.66581 1.02051 -1.16497 -1.64611 1.00573 1.34725 -0.372603 0.622213 
5.34443 0.0918077 -0.504677 -0.315102 -0.508362 -0.120114 -0.370427 -0.144626 0.20653 -0.230123 -0.196616 0.00836611 -0.0671285 1.82262 2.96119 -2.91914 -1.53814 1.26375 1.80108 -0.980724 -1.46725 0.26087 0.957184 -0.850058 -1.17335 -0.83978 -3.15438 -2.73419 2.00888 0.0089191 1.19221 -0.958302 1.79808 -0.449638 -1.76867 1.71309 0.786809 -0.708719 1.60174 
5.3643 0.0882829 -0.527027 -0.357941 -0.479472 -0.0624767 -0.318139 -0.248241 0.211572 -0.184168 -0.213558 -0.0359965 -0.0763355 -1.10898 1.00362 -1.61611 -1.81872 2.21776 1.88278 -0.764173 -1.17584 -1.22446 1.44269 -0.240576 -1.04176 -0.636886 -1.58427 -1.96116 2.78372 0.704573 -0.145656 -2.37368 0.944824 0.902151 -2.35403 2.03971 0.761308 -0.193914 1.67454 
5.36018 0.108917 -0.614713 -0.325953 -0.446244 -0.0497443 -0.324699 -0.245763 0.196251 -0.176585 -0.186113 -0.0901629 -0.0403835 -3.32627 -0.10639 0.203231 -0.906044 2.95155 0.442941 -0.278612 -1.87391 -2.37202 2.26085 0.0344074 -1.37052 0.0838612 -1.83517 -2.01502 3.2141 1.22332 -0.43695 -2.25595 -0.440841 1.03953 -2.65787 1.60284 0.628887 0.496456 0.604018 
5.34148 0.0954257 -0.571587 -0.361487 -0.449302 -0.0414001 -0.299168 -0.276971 0.14731 -0.0834798 -0.198061 -0.0984766 -0.0175627 -3.05037 -0.562346 0.658157 -0.358687 2.36216 -0.360503 -0.178231 -1.56016 -2.62505 2.33843 0.218953 -1.30636 0.455817 -1.92954 -1.32194 2.25927 1.36092 -0.0198348 -1.68738 -0.802692 0.430155 -1.57766 0.0151597 0.372491 0.561715 -0.115249 
5.29593 0.060925 -0.506054 -0.426956 -0.369186 -0.0962447 -0.320803 -0.223666 0.0609295 -0.0160371 -0.196778 -0.0952594 -0.0207921 -1.64563 -0.772613 0.67577 0.0706303 1.53751 -0.887357 -0.465139 -0.256147 -2.12922 1.62643 0.25361 -1.0458 0.756293 0.53492 0.0635539 -0.209235 1.31581 -0.603116 -0.698887 -0.779349 0.4101 1.07935 -1.89663 -0.0748645 0.295632 -0.139533 
5.08011 0.00366163 -0.405899 -0.404422 -0.326746 -0.12045 -0.337338 -0.229121 -0.0885122 0.0348327 -0.150789 -0.106362 -0.00567131 -0.303347 -0.427206 0.111499 0.292584 1.182 -1.58386 -0.365211 0.995896 -1.48477 0.516828 -0.0899112 -0.10427 0.663177 4.8615 1.40548 -2.88293 0.505567 -1.43268 -0.109998 0.155352 1.59223 3.54331 -3.28979 -0.83786 0.802776 -0.0616395 
4.96484 -0.0522444 -0.349495 -0.222615 -0.270858 -0.197121 -0.397241 -0.393081 -0.137127 0.0885012 -0.155261 -0.155223 -0.010229 1.03564 -0.0635682 -0.404099 0.30254 0.644073 -1.92527 0.459072 1.59344 -0.936468 -0.478706 -0.495842 0.873541 0.261856 6.69582 2.11173 -3.8677 -0.913302 -1.85152 0.0848383 1.61536 3.22886 3.66798 -3.50479 -1.15404 1.89252 -0.15066 
5.14365 0.0185659 -0.468546 -0.349316 -0.323043 -0.150064 -0.33919 -0.308025 -0.0418872 -0.0112869 -0.173477 -0.13809 -0.00249294 2.50403 0.291468 -1.25683 0.388444 0.375072 -2.18131 1.08264 2.37501 -0.580921 -1.37619 -0.903592 1.73756 0.0308208 4.4146 1.19936 -2.08016 -0.822788 -0.981468 -0.56453 2.27541 2.66612 1.07304 -1.64013 -1.17388 2.58582 -0.504794 
5.36152 0.0544637 -0.553627 -0.344847 -0.359639 -0.182812 -0.42511 -0.102128 0.0899637 -0.115297 -0.190518 -0.142012 0.0485127 3.93518 0.555767 -2.03663 0.464245 -0.125536 -2.09784 1.79783 2.76785 -0.379042 -1.57493 -1.43796 2.45446 -0.0485599 0.431189 -0.159171 0.145223 -0.328932 0.1216 -0.683019 2.4195 0.476479 -2.09995 0.825968 -0.878364 2.32597 -0.81752 
5.46915 0.0890435 -0.635628 -0.327794 -0.336637 -0.27909 -0.295013 -0.0491121 0.064208 -0.163158 -0.255403 0.0116203 0.012611 5.19272 0.471287 -2.19288 0.0395739 -0.373072 -1.91937 2.24197 3.17565 -0.399752 -1.33107 -1.83758 2.88912 -0.114764 -2.07191 -1.36498 1.82723 0.199759 0.446789 0.134611 0.804049 -1.2278 -3.14413 2.45035 -0.251131 0.494707 -0.33253 
5.47466 0.097316 -0.62826 -0.330418 -0.375423 -0.302107 -0.160431 -0.0593404 -0.00171305 -0.175343 -0.264525 0.0769581 -0.0329966 5.22597 0.0911 -1.78408 -0.26018 -0.595083 -1.55318 2.5088 3.17834 -0.922898 -0.887007 -1.67628 2.92058 -0.155387 -1.74014 -1.68575 1.86 0.459649 0.269213 0.925193 -1.01335 -1.82531 -1.81572 2.45295 0.258882 -1.24637 0.314582 
5.53976 0.0716314 -0.628244 -0.344535 -0.323714 -0.356589 -0.162983 0.0307938 -0.0840707 -0.158103 -0.312028 0.144457 -0.0245307 4.31484 -0.659886 -0.921011 0.42698 -0.646997 -1.22888 2.18607 2.03589 -1.50563 -0.154445 -1.30788 2.43414 -0.120662 -0.354116 -1.1706 1.04033 0.233736 -0.7035 1.73488 -1.59539 -1.65317 0.493229 1.01419 0.959212 -2.20924 0.629141 
5.59871 0.0564899 -0.6673 -0.307289 -0.347162 -0.35885 -0.131561 0.0417614 -0.131393 -0.0951777 -0.360225 0.176724 -0.0111797 3.34738 -0.985397 -0.335339 0.397251 -0.562435 -0.748836 1.924 0.887037 -1.66966 0.274028 -0.881879 1.76707 -0.0821214 0.0301838 -0.454949 0.532779 0.186971 -0.733273 1.34922 -1.5816 -1.26994 1.83721 -0.560093 1.40716 -2.1163 0.515342 
5.67655 0.00268677 -0.617257 -0.337021 -0.358504 -0.345909 -0.130378 0.0585517 -0.14874 -0.071756 -0.368683 0.170943 -0.00225305 3.08546 -1.19295 0.0557189 0.233955 -0.658262 -0.124587 0.797363 0.634063 -1.02086 0.240629 -0.275476 0.709633 0.260753 -0.485168 0.31081 0.0139852 0.0821413 -0.256562 0.604291 -0.932468 -0.970719 1.80316 -1.27248 1.30259 -1.20895 0.160927 
5.73541 -0.0142201 -0.628991 -0.311476 -0.402502 -0.331139 -0.106432 0.0346491 -0.139964 -0.0992222 -0.328916 0.150572 -0.0101239 3.0804 -1.28165 0.213505 0.145585 -0.613752 0.282649 -0.0862858 0.392719 -0.06839 -0.0605043 0.197788 -0.0421241 0.580175 -0.904598 0.484182 0.154017 -0.388651 0.402725 0.163045 -0.895101 -0.312385 1.33628 -1.02542 0.822338 -0.655015 0.168028 
5.80723 -0.0415078 -0.641701 -0.268769 -0.448777 -0.298443 -0.121216 0.0192573 -0.106955 -0.127697 -0.316083 0.146405 0.0132968 2.61931 -1.10799 0.236112 0.124029 -0.561856 0.697785 -0.632271 0.0697482 0.840998 -0.62331 0.702762 -0.497399 0.799048 -0.971481 0.392444 0.195482 -0.664857 1.00109 0.0245817 -1.20453 0.393042 0.923115 -0.545362 0.345257 -0.329953 0.396271 
5.78022 -0.0209677 -0.635288 -0.301153 -0.393906 -0.343661 -0.109609 0.0144198 -0.113786 -0.133034 -0.319119 0.155238 0.0104622 1.31962 -0.660076 0.292479 0.0225623 0.0306376 0.996712 -1.34567 0.0964873 1.38285 -1.30119 1.14587 -0.528058 1.05542 -1.40446 0.345118 0.0886936 -0.250723 0.906695 0.64844 -1.42485 0.448727 0.844007 -0.455021 0.2983 -0.124987 0.68876 
5.84343 -0.0462335 -0.619276 -0.328091 -0.410974 -0.315072 -0.160954 0.0616299 -0.0933678 -0.148925 -0.289127 0.135882 0.0260273 -1.14732 -0.119979 0.726887 -0.02342 0.696918 1.25667 -1.52286 0.0981704 1.74267 -1.51535 1.2384 -0.351421 1.12874 -3.59821 0.685339 0.526552 0.114305 1.11141 0.919584 -0.814809 0.0143187 0.698279 -0.516712 0.264403 0.264091 0.52377 
5.89358 -0.0849204 -0.591504 -0.326487 -0.417476 -0.282043 -0.19679 0.0392067 -0.0310873 -0.16444 -0.265957 0.0897352 0.0594202 -3.94874 -0.683574 2.36504 0.457141 1.42115 1.16072 -1.36588 0.0371074 1.93221 -1.28342 0.932445 -0.908442 1.21774 -6.26246 0.223201 1.97253 0.938348 1.27117 0.449463 0.392187 -0.366425 0.272595 -0.196268 -0.0953189 -0.019081 0.0515823 
5.87879 -0.0731606 -0.623479 -0.306176 -0.387357 -0.252036 -0.256046 0.0536651 0.0167192 -0.214947 -0.249266 0.101712 0.102995 -6.40844 -2.65076 4.07466 1.20412 1.83325 1.97008 -1.09691 -0.504785 1.39644 -1.00066 0.91974 -1.33932 1.17794 -7.11189 -2.42787 4.0033 1.67955 1.02557 0.542991 1.47641 -1.03887 -0.74093 0.657616 -0.461229 -0.794499 -0.427591 
5.6888 -0.0151119 -0.613863 -0.302447 -0.319827 -0.200467 -0.318614 0.0566762 0.0323899 -0.275165 -0.201539 0.129681 0.135784 -8.2282 -4.97632 4.85942 0.468212 1.6347 2.53005 -0.827 -0.31489 0.952502 -0.754 1.34507 -1.31485 0.911048 -4.8561 -5.76225 4.15366 0.427832 0.0807602 0.569553 1.82438 -0.69738 -1.58307 1.38623 -0.206759 -1.13976 -0.866158 
5.36056 0.00517545 -0.466938 -0.324611 -0.271099 -0.168353 -0.262747 0.0431733 0.0751496 -0.26716 -0.201316 0.137478 0.113414 -9.96145 -7.29094 4.84832 -0.361554 0.745147 2.1044 -0.393799 -0.868821 0.149722 0.370538 1.9165 -0.91456 0.622992 -0.710487 -7.60168 1.2193 -1.60261 -1.88686 0.250321 0.809878 -0.406937 -2.13184 2.01626 0.991261 -0.34562 -0.718005 
5.1201 -0.216322 -0.178465 -0.160141 -0.223416 -0.225882 -0.213479 0.00685188 0.1059 -0.227909 -0.250635 -0.0485217 0.13732 -9.98665 -8.79611 4.75159 -1.05654 -0.669819 1.00652 -0.496113 -0.747145 -0.60909 1.66617 2.06442 -0.794359 0.591262 2.95597 -5.09436 -2.89216 -3.76527 -3.76388 -1.02818 -0.720485 0.229697 -1.87172 2.40283 1.78673 1.38145 -0.246896 
4.99284 -0.600838 -0.036232 -0.0812479 -0.212683 0.0119905 -0.23619 -0.0964022 -0.0227367 -0.219907 -0.19752 -0.0463893 0.149854 -8.36173 -9.25899 4.40118 -1.13248 -1.59548 1.14045 -0.942564 -0.795864 -0.636786 1.71569 2.1372 -0.349792 0.0764679 4.97414 0.722815 -4.79648 -3.1172 -3.77421 -2.34759 -1.86381 0.820991 -0.0858711 1.35939 1.15548 2.21074 -0.165164 
4.87741 -0.802978 -0.103371 -0.447797 -0.260045 -0.00544549 -0.249913 0.0730217 -0.0117354 -0.223509 -0.0712055 0.0234174 0.1038 -5.86827 -8.37169 2.67974 -0.934422 -2.26993 1.45051 -0.937185 -0.62314 -0.0773981 1.38737 1.56706 -0.0576707 -0.0932025 5.35556 5.87109 -3.98277 1.11454 -1.79861 -1.10265 -1.5707 0.146654 1.66669 -0.603969 -1.03533 1.4309 -0.0315717 
4.70034 -1.01628 -0.175768 -0.475537 -0.4542 -0.12208 -0.255774 -0.0934469 -0.069101 -0.0213223 0.0303366 0.0755821 0.124677 -5.2549 -5.53573 0.406299 -0.0316614 -1.8861 0.401714 -0.442326 -0.270854 0.746536 1.59403 0.541687 -0.30877 -0.530758 2.89895 9.01848 -2.28052 4.40657 1.96854 0.17807 0.493166 0.618018 3.21355 -2.29311 -3.49424 -0.609291 -0.723561 
4.77838 -1.03117 -0.102313 -0.451767 -0.579293 -0.270476 -0.362013 -0.0105245 -0.0724603 0.0692439 -0.0256703 0.00984162 0.197856 -9.41657 -1.43547 -0.432208 0.917188 -0.994185 -0.0197885 0.344217 -0.144752 1.06504 1.41764 0.0912018 -0.345893 -1.12763 -5.56053 8.63832 -0.572338 5.494 4.71566 0.955445 3.07027 0.0766639 2.53916 -2.18964 -3.44897 -2.07771 -1.51781 
4.86196 -0.968471 -0.0712048 -0.32993 -0.490919 0.00733834 -0.453516 -0.0431326 0.0376945 -0.168351 -0.00755145 0.117107 0.078306 -11.553 2.77891 -1.5589 0.421394 -0.0766474 -1.0359 1.27432 -0.439133 -0.0727282 1.36313 0.107334 -0.638311 -0.714704 -11.6392 6.54524 -0.607286 1.39016 4.1707 -0.928873 4.18819 -0.439658 -1.54612 0.420388 -0.977883 -2.18926 -0.409426 
4.83967 -0.866513 -0.243921 -0.287678 -0.484127 0.0862059 -0.33067 -0.0264301 0.141903 -0.200652 -0.124546 0.0708668 0.11484 -10.6982 5.79733 -1.76018 0.911286 1.08283 -0.981827 2.35421 -1.66251 -1.46011 1.01123 0.244287 -0.903086 -0.367616 -8.88686 4.16234 -0.30361 -3.42262 1.98855 -2.47431 2.90362 -1.42934 -5.28553 1.77621 2.60595 -0.575573 0.682389 
4.34735 -0.65025 -0.299049 -0.11154 -0.32816 -0.233407 -0.148747 -0.00532702 0.219747 0.0119367 -0.26683 -0.10761 0.00984397 -8.17223 8.34204 -1.28088 0.460867 2.14422 -1.53443 1.69634 -1.41838 -1.54425 0.121993 0.750609 -1.21516 -0.93178 3.83222 1.93158 0.336832 -5.33546 -0.938514 -1.70316 -1.1521 -2.07542 -5.55456 0.501714 4.57141 1.30059 1.38175 
3.22854 -0.518317 -0.0452698 -0.024586 -0.264134 -0.124962 -0.103193 -0.0604953 0.0867793 -0.022054 -0.139711 -0.123185 -0.0335084 -3.84643 9.08761 -1.42963 -0.205598 1.93708 -2.37514 1.14384 -1.93257 -1.48192 -0.360285 1.21247 -1.07301 -1.40817 20.4088 0.54822 -0.0947672 -3.70113 -2.36735 -1.51069 -4.35196 -0.939081 -1.097 -1.58041 2.51556 1.60159 0.434528 
3.50241 -0.343786 -0.37249 -0.516328 -0.31559 -0.190854 -0.0890001 -0.146131 -0.31282 0.0206286 0.0539942 -0.0196752 0.152329 1.5933 8.61942 -1.2896 -0.472302 0.621345 -3.6801 0.157033 -1.5026 -1.28261 -0.625608 1.78938 -0.794319 -1.43272 23.2065 -1.1538 1.14434 2.07526 -2.35183 -0.39959 -5.06315 0.987132 5.22587 -3.58768 -0.628879 0.941227 -2.05869 
4.00487 -0.194 -0.367435 -0.45757 -0.291565 -0.211893 0.00795651 -0.287559 -0.319106 -0.00158655 0.0939628 -0.00821843 0.123954 7.35783 7.29261 -0.602031 -0.387771 -0.548339 -3.35446 -1.11017 -1.01133 -1.15344 -1.80972 2.84512 0.121963 -2.05554 14.2553 -2.99788 0.942947 4.33325 -2.36146 0.00106791 -3.17407 2.87318 6.37376 -3.16079 -1.95343 0.273563 -2.63484 
4.31997 0.0419571 -0.196167 -0.328542 -0.276604 -0.397736 -0.348294 -0.18025 -0.0811423 -0.0768403 0.101282 -0.0977588 -0.0527666 12.911 5.41287 -0.675674 0.00914938 -1.71022 -2.61982 -1.17764 -0.501511 -0.92549 -2.86367 3.18297 0.840959 -1.97628 1.37291 -4.65751 0.0312767 3.64053 -1.75649 0.809986 1.84902 2.41182 2.10094 -1.15484 -0.96593 0.481813 -1.12103 
4.8519 0.0700391 -0.285882 -0.318064 -0.355184 -0.422043 -0.339218 -0.225062 0.00983384 -0.191166 0.00636242 -0.079702 -0.0960598 15.9625 3.5638 -1.18293 1.72009 -2.38933 -2.74038 -0.621223 0.271186 0.00997314 -2.76118 2.26515 0.74999 -1.8425 -8.47051 -4.69606 -0.172124 1.79974 -0.955621 1.74012 4.25897 1.29088 -2.76582 0.843253 0.969652 0.687718 1.15262 
5.07072 0.0567859 -0.333033 -0.208469 -0.45121 -0.427602 -0.335861 -0.125581 0.0680101 -0.292596 0.0991393 -0.00221385 -0.129759 12.3294 1.63843 -0.0883617 3.87593 -2.87489 -1.71671 -0.100022 0.949135 0.596548 -2.60486 1.66132 0.362772 -1.77388 -9.45281 -3.34145 -0.636408 -0.202869 -0.305291 1.69225 3.98735 -0.337417 -4.83321 2.40041 0.865693 0.0193277 2.87642 
5.12054 0.0357476 -0.292715 -0.212132 -0.493145 -0.4065 -0.285042 -0.0982585 -0.0521004 -0.315759 0.227399 0.0200896 -0.211793 7.80619 0.0296371 -0.174021 3.35303 -2.86832 -1.04784 0.525249 1.21371 -0.236995 -2.21495 1.40864 0.512341 -0.470152 -7.62977 -1.67833 0.257027 -0.00150177 0.489431 1.17771 1.41799 -1.00496 -2.132 2.07877 -0.90842 -0.718269 3.15969 
5.16019 0.0211243 -0.3225 -0.1574 -0.500243 -0.506297 -0.0965451 -0.128282 -0.180115 -0.279695 0.252907 0.00431367 -0.154465 3.67866 -1.11613 -0.185687 2.41914 -2.28141 -0.349654 1.50367 0.868518 -1.4018 -1.40406 0.958553 0.928073 0.817244 -5.77863 -0.361099 1.30156 -0.814589 1.12557 0.787986 -2.30424 -0.381322 1.15683 0.827416 -2.21339 -0.532091 1.9677 
5.2303 -0.0196317 -0.381639 -0.0164969 -0.578534 -0.468704 -0.109449 -0.114403 -0.181047 -0.276081 0.21121 0.00828063 -0.0769167 -0.146477 -1.38238 0.707 2.04303 -1.69109 -0.226358 0.334118 1.12993 -1.347 -0.400378 0.254329 0.820463 1.2716 -4.2798 0.0431957 1.62664 -2.06523 1.52654 0.245393 -3.42862 0.201922 2.38428 0.17464 -2.50545 0.279197 0.491063 
5.17841 -0.0459649 -0.319053 0.00979556 -0.672777 -0.377027 -0.16537 -0.0963996 -0.202257 -0.292139 0.250319 -0.0173407 -0.0607052 -1.91389 -1.66695 1.6103 1.26258 -1.22232 -0.415042 -0.732691 1.06089 -0.558598 0.445467 -1.1478 0.462392 1.62272 -3.08047 -0.089876 1.67733 -2.15834 1.53645 -0.769575 -3.00955 0.872006 2.34377 0.641833 -2.17231 0.678948 -0.58559 
5.10102 -0.0668981 -0.273531 -0.0366164 -0.587583 -0.446379 -0.172638 -0.101673 -0.130047 -0.354617 0.193481 0.01393 0.00897518 -2.75616 -1.74478 2.08149 0.712654 -0.911813 -0.631842 -1.52434 1.07965 0.57106 1.21319 -2.35242 0.336325 1.83546 -1.38927 -0.295616 1.32873 -1.37242 0.484355 -0.917726 -1.44685 0.709536 1.11609 1.96043 -1.52508 0.0503827 -1.06281 
4.9715 -0.0691514 -0.236612 -0.0928841 -0.540527 -0.476634 -0.226455 -0.066217 -0.159311 -0.315416 0.129039 0.0745511 0.00452191 -3.01802 -1.60458 2.384 -0.0202375 -0.566204 -0.49325 -2.24471 1.28998 1.23374 1.46025 -2.36009 0.239184 1.35948 0.885117 -0.250778 0.324968 -0.2243 -0.355547 -0.602536 0.443855 0.0682779 0.459204 1.99683 -0.371993 -0.8996 -0.567489 
4.8949 -0.113007 -0.191902 -0.0235509 -0.620617 -0.454236 -0.376738 0.0066331 -0.111916 -0.251605 0.0651256 0.0763336 -0.012694 -2.65189 -1.2528 2.21408 -0.47289 -0.129855 -0.770422 -2.18162 1.44758 1.39789 1.59467 -1.96474 0.0387153 1.13073 2.46713 0.381848 -0.911408 0.167229 -0.191965 0.0882384 1.52172 -0.406968 -0.00636394 0.649497 1.1151 -1.14897 0.0813014 
4.88815 -0.191431 -0.076039 -0.0614871 -0.638781 -0.515973 -0.369509 0.026757 -0.0499302 -0.19185 0.000259271 0.0346702 0.0256304 -1.44926 -0.867425 1.34452 -0.0606747 -0.155443 -0.93274 -1.56451 1.54347 0.935353 1.88184 -1.54688 0.110505 0.963498 2.80695 1.30515 -2.16575 0.58522 0.125134 0.712772 1.55586 -0.305885 -0.938364 -0.814511 2.35782 -0.413312 0.0717753 
4.85496 -0.188547 -0.0726684 -0.0767055 -0.629216 -0.539536 -0.312488 -0.0126887 -0.0522762 -0.0847643 -0.0678578 0.024404 0.0635829 -0.177847 -0.21688 0.254974 0.640274 -0.377836 -1.04197 -0.914255 1.5313 0.455228 1.50031 -0.625198 0.332901 0.365104 2.54664 1.74678 -2.76334 1.06922 0.501808 0.137439 1.06093 0.19522 -1.23242 -2.14294 2.55927 0.857592 -0.512598 
4.88386 -0.169075 -0.100141 -0.0849277 -0.612522 -0.505048 -0.352348 0.029272 -0.0489536 -0.134016 0.0293035 0.0104107 0.0422808 0.804916 0.485343 -0.721452 1.33936 -0.661812 -1.02823 -0.100213 1.3247 0.103217 0.40916 0.497129 0.465917 -0.0592339 1.46528 1.63974 -2.38642 1.63098 -0.13056 -0.471487 0.870501 0.245122 -1.35843 -2.15014 1.69149 1.59766 -1.21788 
4.93211 -0.149105 -0.132876 -0.0514817 -0.610809 -0.508881 -0.408931 0.0855022 -0.0127833 -0.161823 0.0486502 0.00187912 0.0959443 1.11976 1.20837 -1.59821 1.71467 -0.565514 -0.825272 0.702582 0.79105 -1.1083 -0.339593 1.73273 0.606074 -0.768471 0.0902805 1.09378 -1.33881 1.63058 -0.768961 -0.395897 0.986861 -0.470318 -1.63334 -1.51261 1.28287 1.14066 -2.00267 
4.99658 -0.132319 -0.186458 0.0150863 -0.656071 -0.527805 -0.332394 0.106172 -0.126455 -0.0986847 0.055336 0.0643763 0.0769937 -0.162901 1.49971 -1.95496 2.46328 -0.467143 -0.564036 0.7539 0.940524 -2.31788 -0.668956 2.39259 0.404415 -1.24732 -2.31366 0.236364 0.220571 0.903536 -0.386989 0.0889103 0.687418 -0.79384 -1.6498 -0.663912 0.945436 -0.551429 -1.54414 
5.02021 -0.0612822 -0.27089 0.0622997 -0.606853 -0.643904 -0.309941 0.111796 -0.090692 -0.201438 0.0934356 0.148078 -0.0125845 -4.43515 1.07894 -1.26125 2.63095 0.0980747 -0.983528 1.01287 0.570448 -2.66771 -0.878204 2.43282 -0.349685 -1.82022 -7.13264 -0.958125 1.81865 0.00630813 0.601277 0.596148 0.387587 -1.0061 -1.66869 0.769234 0.237194 -2.47554 -0.564975 
5.00524 -0.0260255 -0.287472 0.132975 -0.71226 -0.59319 -0.296053 0.121829 -0.121035 -0.278069 0.175424 0.128 -0.0441407 -10.3783 0.314543 -0.124946 1.08932 1.52046 -0.0172435 1.70634 -1.04168 -3.0471 -0.411767 1.71055 -0.96562 -1.9131 -12.5812 -2.05883 2.93428 -2.27865 2.98799 1.26099 0.299642 -1.81878 -0.871899 1.55871 -1.00865 -2.91882 0.335078 
4.97621 -0.00779031 -0.312189 0.164764 -0.707181 -0.544769 -0.262447 0.0516239 -0.297078 -0.222335 0.279779 0.0825263 -0.123078 -15.402 -0.856804 0.0627344 -1.55032 2.83111 2.19016 2.56 -2.0163 -2.1454 0.742613 1.1371 -1.48253 -1.31614 -14.6835 -2.84482 2.23758 -5.23762 4.21434 2.92645 0.981048 -2.19624 1.80778 2.1136 -2.44609 -1.75464 1.72051 
4.67377 -0.0455514 -0.256969 0.235835 -0.648213 -0.575231 -0.27146 0.160801 -0.390281 -0.17398 0.253422 -0.0031621 -0.0758605 -17.6125 -2.04224 -0.051585 -3.82795 3.51201 3.65184 2.00793 -2.62362 -1.09 1.20951 1.09405 -1.58197 -0.0231509 -8.75377 -2.70886 -0.220254 -7.0191 3.0987 4.33157 0.941499 -2.5536 3.53697 1.792 -1.81269 0.694704 2.46425 
3.87952 -0.108685 -0.15545 0.202866 -0.515696 -0.69849 -0.202263 0.0443011 -0.322416 -0.19924 0.226672 -0.109067 -0.163072 -11.948 -3.74979 -1.70933 -4.56511 2.25428 4.65412 1.86141 -2.27406 0.216915 2.53675 -0.177548 -1.89348 0.680905 9.28984 -2.39596 -4.23281 -4.7159 -1.261 4.19802 -0.214386 -0.259497 4.08719 1.56441 -1.13889 2.11398 2.54784 
3.25113 -0.177511 -0.0688666 -0.139348 -0.282589 -0.368223 -0.123104 -0.212519 -0.394996 -0.166023 0.177795 -0.0976275 -0.137681 -4.16462 -4.65407 -3.02414 -4.75581 1.11224 4.74523 1.45772 -2.48973 1.42258 3.62182 -1.43942 -1.62928 1.25212 26.8245 -1.65294 -6.14412 1.25115 -6.23757 0.533436 -1.73074 2.24567 3.102 1.50634 -0.804054 1.56549 1.50047 
3.04391 -0.300829 -0.270732 -0.419234 -0.244733 -0.0582231 0.0141132 -0.155549 -0.164555 0.0472129 0.154963 -0.0858874 0.0110899 2.22011 -5.13457 -2.80821 -4.28354 -0.115089 4.76298 1.23578 -2.50053 1.97686 3.30563 -2.69194 -0.847503 2.31143 30.4809 -0.486373 -2.8594 6.18559 -7.03523 -3.37132 -2.30471 2.08192 -0.31616 0.0830608 -1.60554 0.581666 0.114696 
3.22692 -0.362254 -0.34796 -0.454116 -0.312365 -0.128159 -0.174973 -0.180218 -0.200243 -0.0445916 0.294794 0.00506963 0.110219 9.06433 -4.32193 -1.98311 -3.59803 -1.65461 4.29104 1.08775 -2.01815 1.94458 2.40767 -3.19134 -0.356212 2.19694 18.2118 1.31686 2.86666 6.35511 -4.024 -4.17502 -0.539218 1.33258 -2.03778 -1.32028 -2.78638 -0.520417 -0.874719 
4.68877 -0.567048 -0.720611 -0.252864 -0.665836 -0.124172 -0.110768 -0.0332655 -0.0421397 0.120878 0.0408359 -0.12527 -0.00975671 14.7043 -3.32043 -1.26385 -1.81429 -2.63585 3.35128 1.23244 -0.780873 1.07696 1.74114 -3.65191 0.227193 2.44294 -4.39747 3.39096 7.92834 2.59784 1.56626 -2.88096 1.19686 -0.30949 -3.23383 -3.28714 -1.4013 0.257918 -0.389614 
5.112 -0.563711 -0.662875 -0.242255 -0.700874 -0.105932 -0.14772 -0.216463 -0.091077 0.243669 -0.00798254 -0.133384 0.0473182 15.5059 -1.74292 0.360165 0.649225 -2.87061 0.744722 1.04971 0.545035 0.466132 0.46755 -3.16536 0.502402 1.89688 -16.644 4.09694 7.38272 -0.312124 4.36863 -1.26336 1.98166 0.782364 -2.38847 -3.91736 0.785358 1.17348 -0.273155 
4.804 -0.627445 -0.357458 -0.240996 -0.613944 -0.0531722 -0.0790876 -0.259853 -0.216092 0.10042 -0.133483 -0.0492561 0.223764 12.9436 1.08972 2.09597 2.06089 -1.5218 -1.42476 0.381742 1.04552 -0.203625 -0.864876 -2.45609 0.968281 0.69396 -14.0948 4.90754 1.95385 -0.401052 3.98029 -1.94116 0.335355 2.50117 0.238574 -2.14125 3.24511 1.42965 -1.35903 
4.90485 -0.477309 -0.191766 -0.320914 -0.673761 -0.101117 -0.0483747 -0.14422 -0.16644 -0.0200688 -0.152876 -0.10935 0.0959599 9.3639 3.46743 2.08686 2.03441 -0.0407996 -2.69221 0.241704 1.63069 -0.0136655 -1.30623 -1.85562 1.79364 -0.385571 -4.76422 4.39495 -3.53485 1.19183 2.36582 -3.56862 -2.27036 2.32454 1.3646 -0.342802 3.82935 2.00049 -2.08603 
4.96399 -0.500272 -0.257147 -0.256616 -0.599547 -0.0690823 0.089588 -0.140929 -0.226114 0.0279104 -0.218385 -0.0271797 0.181822 4.90849 5.14266 1.26605 1.79948 0.877371 -3.7299 -0.988812 1.90805 0.470131 -2.20176 -0.129296 2.52026 -0.862057 4.603 3.23711 -6.50145 1.73057 -0.410752 -3.77059 -4.0021 1.44577 2.63669 0.7454 2.66539 1.04743 -2.94024 
4.81978 -0.391033 -0.157899 -0.168573 -0.566405 -0.205169 0.0114984 -0.048578 -0.205706 -0.0418054 -0.0661173 0.0221484 0.157239 5.35261 5.70084 -1.50502 1.81638 0.386956 -4.51508 -1.99606 2.9052 1.87055 -2.11084 0.686939 2.43502 -1.66341 6.65622 1.06552 -6.49612 0.239736 -1.83255 -1.83065 -3.57423 -0.376985 2.50225 1.07946 0.709219 0.0491522 -1.74849 
4.99935 -0.0618028 -0.238794 -0.0966291 -0.474574 -0.385405 -0.155319 0.0428724 -0.100536 -0.0586774 -0.0225424 0.08832 0.0413653 6.57772 5.90226 -4.08307 1.32603 0.150545 -4.84211 -3.09353 3.03368 2.92005 -1.13602 1.1434 1.97502 -2.03593 2.56644 -2.1421 -3.95884 -1.74894 -2.14552 1.00309 -1.31689 -0.986621 1.56071 0.725511 -0.858621 -1.27057 0.4566 
5.44107 0.00753784 -0.465175 -0.0956246 -0.536844 -0.551692 -0.202912 0.0566767 -0.100042 -0.0756175 -0.0712845 0.210001 -0.06899 5.32895 5.38828 -5.20713 0.752892 0.28922 -4.30692 -3.64046 2.64192 3.10577 -0.595033 0.958265 1.48919 -1.32918 -3.70771 -2.86334 -0.567261 -2.85703 -0.766987 3.08883 0.560832 -0.607201 0.720623 0.789296 -1.14715 -2.61941 2.08875 
5.59268 -0.0142095 -0.620172 -0.0232364 -0.666039 -0.530199 -0.29343 0.0636186 0.0341552 -0.105113 -0.021172 0.145593 -0.0621603 4.15656 4.79735 -5.07745 -0.528996 0.394064 -3.48476 -3.90065 2.45886 3.14163 -0.394193 0.501441 0.631575 -1.09358 -7.69714 -2.18631 2.15547 -3.02544 1.8249 3.21793 1.70406 -0.269299 -1.07375 1.03461 -1.31384 -2.00258 2.63245 
5.58169 0.0495316 -0.709979 -0.104121 -0.664765 -0.572565 -0.347484 0.120835 0.124281 -0.0804694 -0.0102379 0.140683 -0.0365013 2.67211 3.63813 -4.95847 -1.47858 0.711249 -2.0532 -2.95988 1.76614 2.59442 0.155619 -0.196586 -0.226086 -0.305257 -7.37768 -0.909536 3.33176 -1.71662 2.76497 2.23711 1.66197 -0.386833 -2.10822 0.643316 -0.698567 -1.24884 1.61646 
5.47113 0.110316 -0.731236 -0.207011 -0.557199 -0.592924 -0.383027 0.171189 0.139329 -0.0633194 -0.0519261 0.123625 -0.00732562 0.0415192 2.40258 -3.90628 -2.01684 1.30937 -0.93245 -1.94563 1.30271 1.59994 0.675748 -0.350728 -1.04276 0.628558 -3.23207 -0.182069 2.27827 -0.0343595 2.02004 1.0014 1.36518 -0.844739 -2.25262 0.604284 -0.174952 -0.521945 0.343646 
5.32744 0.179639 -0.766599 -0.220469 -0.536171 -0.56507 -0.39001 0.192278 0.137252 -0.0694639 -0.0664367 0.0762588 0.028278 -1.83578 1.90598 -2.32124 -2.22129 2.34792 -0.470923 -1.15956 0.720672 1.13667 0.777662 -0.129748 -1.48015 0.98942 1.12258 -0.958994 1.12572 0.813774 0.752104 -0.108584 1.33488 -1.49936 -1.52134 0.378249 0.393989 0.0231523 -0.444745 
5.35134 0.174505 -0.762563 -0.292628 -0.450414 -0.561369 -0.434445 0.212948 0.12606 -0.0463599 -0.0933551 0.089808 0.0213714 -1.99475 1.57957 -1.34363 -2.04132 2.84394 -0.566133 -0.488309 0.200441 0.283796 0.806744 -0.110688 -1.1571 0.75958 2.26289 -1.32749 0.646927 1.38637 -0.479481 -0.502016 1.15916 -1.57524 -0.394849 -0.0499393 0.947923 0.0590132 -0.503426 
5.31102 0.224088 -0.826213 -0.282852 -0.43426 -0.564124 -0.403178 0.170707 0.128011 -0.0256641 -0.0568897 0.0368741 0.0335776 -1.51724 1.06675 -0.885802 -1.03785 2.4346 -0.613141 -0.133287 -0.167943 -0.332566 0.702329 0.0291966 -0.81641 0.503483 1.76575 -1.22095 0.85267 1.2435 -0.896639 -0.729699 0.601197 -0.710476 -0.040561 -0.388573 0.595753 0.77571 -0.482574 
5.2915 0.249546 -0.859234 -0.296637 -0.364131 -0.595482 -0.410389 0.190503 0.0792142 0.0406665 -0.0708793 0.00147327 0.0636185 -0.59886 0.42088 -0.40434 -0.260652 1.79715 -0.962139 0.118286 -0.348832 -0.512364 0.498007 0.32751 -0.362546 0.343269 0.747183 -0.969103 1.14179 1.21697 -1.24444 -0.568405 0.144343 0.10199 -0.0482794 -0.832773 0.189401 1.30131 -0.389084 
5.37329 0.18289 -0.800239 -0.335127 -0.318244 -0.63257 -0.36438 0.106306 0.151783 -0.0221793 -0.0327579 0.0084117 0.0418171 0.00753403 -0.058968 -0.029376 0.388162 1.36686 -1.40788 0.0931049 -0.154467 -0.7421 0.418508 0.307936 0.189867 0.300063 -0.260792 -0.357518 0.714018 1.45961 -1.39864 -0.364562 -0.457658 1.15097 -0.713775 -0.415539 -0.363366 1.33286 0.0246334 
5.34421 0.199938 -0.809481 -0.299902 -0.336956 -0.625686 -0.385862 0.120362 0.116845 -0.0100875 -0.0248641 0.0264438 0.0321989 0.0541134 -0.435262 0.51202 1.04384 0.41906 -1.34349 0.205695 -0.0798951 -0.933179 0.0484999 0.4964 0.524081 0.156802 -0.0943241 -0.415859 0.690456 1.07678 -1.23247 -0.154212 -0.417317 1.08204 -0.772885 -0.235997 -0.317197 0.918798 0.111273 
5.28961 0.228615 -0.831757 -0.235584 -0.351831 -0.659001 -0.397508 0.165567 0.0624482 0.00979003 -0.0456936 0.0654741 0.0423948 -0.0216885 -0.789909 1.23391 1.30523 -0.305989 -1.05979 0.00793928 0.31734 -1.4264 -0.132214 0.455813 0.993085 -0.15149 0.0153408 -0.514551 0.860754 0.461426 -1.19425 0.450911 -0.106427 0.439704 -0.715035 -0.147751 0.136057 0.191589 -0.18311 
5.33779 0.176386 -0.766487 -0.244132 -0.331899 -0.713741 -0.381823 0.166407 0.0660049 -0.0172654 -0.0258843 0.0798749 0.0604303 -0.482857 -0.817833 1.48358 1.684 -0.987075 -0.820103 0.199601 0.477246 -1.85462 -0.390131 0.577322 1.25364 -0.471582 -0.493525 -0.26016 0.697986 0.133717 -1.13257 0.982292 0.275279 -0.0504405 -0.851199 -0.122426 0.384017 -0.118987 -0.724448 
5.33702 0.173624 -0.780666 -0.182618 -0.33135 -0.747772 -0.415167 0.208671 0.0201419 0.00830362 -0.0571576 0.110633 0.0774457 -0.590742 -1.0338 1.71587 1.75394 -1.47026 -0.501597 0.812211 0.680144 -1.88581 -0.906632 0.741096 1.0222 -0.440737 -0.487513 -0.38607 0.783584 -0.332063 -0.978957 1.13267 1.26789 -0.532315 -0.119603 -0.999596 0.778902 -0.409102 -0.879348 
5.34314 0.128686 -0.707212 -0.157982 -0.430551 -0.693769 -0.38003 0.161733 0.00260552 -0.0387371 0.0116822 0.112043 0.0291204 -1.01995 -1.18446 1.81818 1.57168 -1.46317 -0.0693554 1.74975 0.298514 -1.74967 -1.36667 0.681732 0.6507 -0.701703 -1.01011 -0.00300589 -0.0261874 -0.341482 -0.0856615 0.752595 1.91042 -0.3747 0.291656 -1.15859 0.151194 -0.627902 -0.438259 
5.28661 0.127777 -0.652287 -0.150731 -0.455653 -0.675741 -0.399579 0.208925 -0.0926005 -0.0126119 0.0075974 0.13775 -0.00329362 -1.31363 -1.29382 1.76034 1.55822 -1.6569 0.626389 2.6973 -0.432229 -1.33967 -2.15528 0.893869 0.167451 -0.94875 -0.81566 -0.00614628 -0.678377 -0.0800555 0.418287 0.564256 2.47395 -0.937967 1.18953 -1.65205 -0.140719 -0.965178 0.0698656 
5.22448 0.135797 -0.663211 -0.0981353 -0.466166 -0.711895 -0.332592 0.201389 -0.133457 -0.0493454 0.0277775 0.163791 -0.0276674 -1.76053 -1.19715 1.52408 1.71191 -2.08644 1.64513 3.20073 -1.04201 -1.04039 -2.64527 0.859833 -0.107952 -1.2805 -0.340431 -0.136878 -0.661771 0.0615655 0.16922 1.27107 1.71731 -1.47342 1.48664 -1.43054 -0.329025 -1.02052 0.0748549 
5.31556 0.0348918 -0.585527 -0.11193 -0.512327 -0.689935 -0.200694 0.195061 -0.0385691 -0.202825 0.0769979 0.116772 0.00720426 -2.16246 -0.996591 1.4859 1.30813 -1.91728 2.20948 3.55496 -1.72667 -0.544322 -2.97927 0.70574 -0.330598 -1.3358 -0.747068 0.492631 -0.671458 0.137921 -0.100529 1.70557 -0.00669159 -1.67042 0.720898 -0.214472 -0.562367 -0.401354 -0.305459 
5.13901 0.0808729 -0.623341 -0.0806917 -0.484167 -0.638755 -0.124548 0.155316 -0.116892 -0.171024 0.0105305 0.101908 -0.0526003 -2.0508 -0.769104 0.923706 1.2336 -1.38403 2.32841 3.25285 -1.85024 -0.213396 -2.80132 0.112748 -0.287957 -0.946651 0.195522 0.466279 -0.229231 -0.209106 -0.224506 1.29197 -1.52702 -0.99732 0.412569 0.486639 -0.416258 0.321922 -0.00533814 
5.15068 0.0443839 -0.607602 -0.0189154 -0.552463 -0.583029 -0.0352365 0.0627198 -0.071925 -0.305496 0.079361 0.0748053 -0.060702 -1.54542 -0.82791 0.863406 0.818251 -1.06139 2.58375 2.79457 -2.18599 0.189714 -2.46977 -0.256653 -0.243634 -0.763761 0.736387 0.43854 0.00451517 -0.989747 0.728263 0.120075 -2.41611 0.314392 -0.154862 1.7061 -0.998345 0.881849 0.438794 
5.13224 0.0211567 -0.573891 0.0127245 -0.646698 -0.449974 -0.0440521 0.0220422 -0.0788009 -0.329537 0.0699107 0.0900693 -0.117848 -1.1545 -0.849727 0.963374 0.56956 -0.955776 2.83954 1.93092 -2.40805 0.458003 -1.40941 -1.06559 -0.11828 -0.107487 1.30479 0.0276754 0.0373399 -1.11275 1.39012 -1.09562 -1.88896 0.748296 0.133425 2.19607 -1.4483 0.734575 1.45447 
5.04391 0.0605504 -0.541492 -0.0538854 -0.595654 -0.442888 -0.012593 -0.0336067 -0.0693626 -0.341552 0.0440361 0.0914064 -0.111341 -1.52172 -0.689337 1.1733 0.510444 -0.768266 2.71843 0.9579 -2.65466 0.686501 -0.123812 -1.70471 0.0631624 0.484477 1.08212 -0.612231 0.450481 -0.447179 0.784274 -0.971998 -1.14368 0.350541 0.775906 2.25801 -1.49595 0.131059 1.90977 
5.09981 0.0417765 -0.598523 -0.000899844 -0.571259 -0.443993 -0.0426922 0.00383068 -0.0871608 -0.326599 -0.0091172 0.122164 -0.0644401 -2.27052 -0.968869 2.07748 0.118613 -0.389295 2.2404 -0.0629138 -2.69859 1.00792 0.947494 -2.18097 -0.0352518 1.28918 -1.64659 -0.518137 1.40121 -0.0781208 0.222758 -0.49272 -0.827556 -0.759371 0.845006 2.35582 -1.25623 -0.564799 1.54834 
5.13128 -0.00658605 -0.519332 -0.0714718 -0.559884 -0.401448 -0.0325343 -0.0417525 -0.0740202 -0.313124 -0.0272589 0.123704 -0.09107 -4.48548 -0.707809 3.19234 -0.608127 0.587387 1.73516 -1.24097 -2.65822 0.313639 2.26515 -2.04818 -0.70097 1.50088 -4.7103 0.0413573 2.32022 -0.0703607 0.308713 -0.325488 -1.40625 -1.1235 -0.0288075 1.86607 0.148761 -1.4046 0.803708 
5.12036 -0.03002 -0.50095 -0.0172426 -0.615098 -0.350791 -0.0225707 -0.123191 -0.00787408 -0.232173 -0.141772 0.114744 0.0377461 -5.78293 -0.526918 3.9918 -1.18388 1.13437 1.24117 -1.72521 -2.69656 -0.546558 2.97405 -1.23037 -1.46388 1.46903 -5.85172 0.735082 2.66703 -1.16987 1.11845 -0.468166 -1.89363 -0.411498 -2.04021 1.20481 2.07731 -1.84506 -0.914356 
4.96693 -0.0339428 -0.421972 -0.00222188 -0.621344 -0.318587 -0.0393926 -0.202936 0.0544301 -0.184837 -0.161885 0.0904627 0.0623957 -6.13507 -0.617712 4.46379 -1.32447 1.16647 1.14954 -2.06931 -2.66592 -1.45498 3.48405 -0.334155 -2.01486 1.02723 -3.16011 0.873758 1.56255 -1.73823 1.54063 -0.769957 -1.36308 0.578943 -3.49603 0.524785 3.13197 -1.64588 -1.82442 
4.69329 -0.0602269 -0.285204 -0.0441785 -0.554572 -0.336937 -0.142914 -0.245437 0.00602255 -0.0804337 -0.230113 0.0609404 0.0945066 -6.6541 -0.338291 4.60117 -1.27283 0.964341 0.640233 -1.91557 -2.6493 -2.11294 3.46806 0.5259 -2.36121 0.448943 1.70802 0.544906 -0.648513 -0.611267 0.305101 -0.848345 0.305497 1.18443 -2.92724 -0.47166 2.9912 -0.685819 -1.94917 
4.39187 -0.00633487 -0.110186 -0.150016 -0.450906 -0.319467 -0.262962 -0.284805 -0.138851 -0.0279993 -0.0715422 -0.0762637 0.0428382 -6.55569 0.0687413 3.78399 -1.07583 1.01495 0.135867 -2.04279 -2.33422 -2.3818 2.93507 1.12581 -2.40028 -0.0337522 5.04963 -0.0143222 -2.78249 0.973828 -1.21193 -0.82563 1.69408 0.919101 -0.286695 -1.35916 0.876239 0.795908 -1.11427 
4.41988 -0.00256793 -0.0804205 -0.20682 -0.464646 -0.306492 -0.235753 -0.29877 -0.242028 0.0236575 -0.0068434 -0.111226 0.0159363 -5.72124 0.278309 2.3404 -1.16107 0.652965 0.39584 -2.43193 -1.58505 -2.2841 2.19237 1.60655 -2.26083 -0.704608 4.15789 -0.0363668 -4.02854 1.95187 -1.96401 -0.0942442 0.948176 0.670933 2.39338 -1.82822 -1.0904 1.41696 0.000746633 
4.49655 -0.0531932 -0.0726314 -0.184556 -0.453616 -0.303083 -0.239824 -0.321048 -0.288015 0.0862719 0.00301895 -0.123832 0.00403962 -5.94546 0.0990721 0.0841044 -1.24044 0.875418 -0.0482447 -1.74861 -0.316203 -1.04833 0.403617 1.14571 -0.835808 -0.0664743 -0.485662 0.0707212 -4.43004 0.943017 -0.855467 0.0931921 0.132134 1.36556 4.10722 -3.00474 -2.03668 2.27288 1.17147 
4.40633 -0.0284689 -0.0714673 -0.102558 -0.52771 -0.379638 -0.203635 -0.340767 -0.289502 0.073744 0.00959943 -0.12782 -0.00774223 -7.22214 -0.090407 -1.45919 -1.80573 0.772362 -0.186194 -0.354374 1.16066 0.595794 -1.19924 0.170444 0.144521 -0.214161 -5.34596 -0.267883 -3.37498 -1.61658 1.0257 0.284616 0.288348 2.78822 4.00434 -3.3842 -2.39472 2.39511 1.22213 
4.33142 0.00464637 -0.121312 -0.144615 -0.478033 -0.361209 -0.284009 -0.389737 -0.225014 0.0296295 0.00239549 -0.144254 -0.0165711 -11.2599 -1.77714 -2.19804 -2.48477 0.369246 -0.269742 1.04856 2.91156 2.6163 -1.27718 -0.91801 0.454694 -0.227805 -10.0454 -2.00338 -1.04465 -3.31699 1.36276 -0.0901963 2.277 4.2536 3.01089 -1.85166 -1.6627 1.27463 0.324103 
4.28399 0.00645084 -0.257601 -0.162891 -0.572093 -0.20261 -0.422514 -0.322628 -0.184263 0.0494135 -0.0018409 -0.168154 -0.0183567 -15.4503 -3.29134 -1.69917 -2.37164 1.18418 0.076474 1.42358 3.49402 3.29259 -1.35282 -1.26169 0.541509 -0.225041 -11.07 -3.90579 2.02232 -2.39089 1.5681 -0.540445 3.75672 3.203 1.18378 0.43051 -0.763542 -0.0937026 -0.718977 
3.82115 -0.0581984 -0.418323 -0.252065 -0.360019 -0.392236 -0.264351 -0.161128 -0.00998766 -0.222654 -0.0877416 0.0914746 0.166049 -17.6213 -4.33943 -0.994484 -2.07052 2.03748 0.483182 1.69762 3.31602 2.72305 -1.34084 -0.849924 0.80405 -0.121566 -6.16077 -4.18526 4.20344 0.772299 0.643257 0.763615 1.96758 -0.277503 -1.81536 3.15415 1.03438 -1.88494 -1.62247 
3.42502 -0.0629003 -0.318138 -0.451024 -0.369819 -0.366318 -0.126039 -0.0189269 0.0136907 -0.232969 -0.177698 0.00483611 -0.0291426 -17.6982 -5.13884 -0.186684 -1.41374 2.76457 1.10421 1.91198 2.69966 1.7465 -1.06036 -0.431174 0.773497 -0.00776826 1.55824 -2.47064 3.36648 4.2997 0.658148 1.49371 -0.85499 -3.89378 -3.73239 2.80919 2.41869 -1.26424 -0.113189 
2.69133 -0.411597 -0.262029 -0.539218 -0.465418 -0.341713 -0.0161249 0.148708 0.158112 0.00572143 -0.124663 -0.147207 -0.058655 -11.7028 -3.61843 -0.901586 -2.13832 1.72755 1.36442 2.48265 1.30382 0.478673 0.402881 0.501733 0.617785 -0.20008 14.5205 3.20314 -0.532825 3.26449 -0.0549186 1.7476 -2.5218 -6.03895 -4.47713 1.11032 2.56424 0.407401 0.868929 
2.52945 -0.523673 -0.165577 -0.332639 -0.268198 -0.257304 -0.0913452 0.00434624 0.0411697 -0.037708 -0.110321 -0.0835779 -0.0282579 -3.71608 -1.15065 -1.0817 -2.37157 1.00086 1.69819 2.58946 -0.678779 -0.66799 1.76614 1.22771 0.102272 -0.607777 22.6713 7.90708 -4.16399 -1.00157 -2.42693 1.08203 -1.43648 -4.57567 -2.60042 0.937523 1.71662 0.676053 0.659511 
2.53368 -0.541189 -0.165178 -0.260292 -0.195758 -0.242859 -0.107698 -0.0960258 -0.0963083 -0.0827997 -0.0120276 0.00222832 0.0127732 5.90319 1.86094 -1.18643 -2.13829 -1.42653 2.51156 1.8606 -2.40958 -1.71982 2.7536 1.52621 -0.485485 -0.933199 23.542 9.62627 -4.47629 -4.23175 -4.62581 -0.0719658 0.628373 -1.86483 0.120533 0.949136 -0.245536 0.156915 -0.222278 
2.48981 -0.55039 -0.170325 -0.212572 -0.173872 -0.177632 -0.0855149 -0.127082 -0.104148 -0.120557 -0.0239059 -0.0269248 0.0294341 13.8995 4.46488 -1.8885 -2.33728 -2.66581 2.1275 1.56472 -3.26539 -1.80944 2.1565 1.88022 0.00798546 -0.0704082 17.5213 7.40907 -1.58863 -4.45691 -5.39175 -0.767631 1.40632 0.438822 1.50067 0.898517 -1.00364 -0.797481 -0.992886 
3.61898 -0.125642 -0.576879 -0.667417 -0.452347 -0.140779 -0.0030966 -0.248813 -0.129142 0.139085 0.0896763 -0.0290024 -0.0260174 19.0541 6.93562 -1.90801 -2.63179 -3.98072 1.3817 1.33318 -2.84926 -2.20136 1.33484 1.50482 0.225816 0.0422328 2.36685 1.05823 3.16943 0.313291 -3.03623 -1.54794 0.406304 2.52799 1.39599 -1.13071 -1.34361 -0.814123 0.00729696 
4.01362 0.0455141 -0.507228 -0.633228 -0.41802 -0.0857118 0.0315425 -0.311299 -0.139371 0.185569 0.0669688 -0.0737064 -0.0733965 19.3053 7.48757 -1.55852 -2.99247 -5.37816 0.634226 1.42281 -1.94337 -1.36569 1.58756 1.16818 -0.134055 -0.0304457 -8.27458 -3.12602 4.37451 3.4071 -0.420318 -1.95917 -1.06108 2.56774 0.353298 -2.42928 -0.740023 0.177135 1.06971 
4.40158 0.189428 -0.414502 -0.615903 -0.710617 -0.0951852 0.0746409 -0.312628 -0.145191 0.105872 -0.0184626 -0.0442552 -0.0648022 16.9205 6.98216 -0.761655 -2.3521 -5.35606 0.422398 0.908088 -1.63327 -0.411802 1.43601 0.690775 -0.0608223 -0.145176 -13.6192 -4.6426 2.68497 3.81442 2.41977 -1.31059 -1.96385 1.36006 0.196915 -1.53656 0.193434 0.710194 1.00104 
4.60381 0.214071 -0.402157 -0.725755 -0.713314 -0.130655 0.109472 -0.293253 -0.112714 0.0639323 0.0986361 -0.0675093 -0.00986721 12.9313 5.55438 0.146535 -1.16641 -4.50522 0.14147 0.183017 -1.40442 0.169898 0.902529 0.553182 0.317107 -0.174646 -11.9285 -3.52303 0.224696 2.74837 3.00973 0.080544 -2.02243 -0.380391 0.885989 0.0375323 -0.118465 0.880205 -0.0950037 
4.58419 0.254716 -0.352709 -0.619359 -0.808295 -0.188093 0.0461246 -0.186052 -0.243568 0.0923333 0.0753218 -0.0678671 0.00260556 7.19953 3.17248 0.854465 0.819577 -2.80865 -0.0982852 -0.481179 -1.12397 0.633224 0.225252 0.282484 0.371321 -0.0848819 -4.92256 -1.57901 -2.14801 0.392849 2.81661 1.03923 -1.02375 -1.91225 1.91614 1.12317 -0.035917 0.567431 -1.0342 
4.56525 0.290292 -0.339237 -0.567742 -0.819047 -0.174709 0.0320613 -0.314938 -0.181513 0.143891 0.0819746 -0.0404146 0.00110321 5.2361 2.04793 -0.543076 1.06018 -1.77525 0.104011 -1.25036 -1.28334 1.24722 0.559392 0.511998 0.226569 -0.325779 -0.166338 -0.998878 -2.52201 0.0110766 2.40638 1.15827 -0.533311 -1.16069 1.77011 0.668341 -0.226718 -0.385662 -1.26277 
4.57706 0.341522 -0.36726 -0.582836 -0.799096 -0.104559 -0.0129512 -0.399343 -0.0906863 0.131652 0.0805161 0.0150232 -0.0324666 4.36088 1.12767 -1.56931 1.38254 0.0678743 -0.104607 -1.80834 -1.01989 1.43631 1.09259 0.735514 -0.535985 -0.59939 2.79135 -1.11879 -2.21466 0.0953782 1.51815 -0.192273 -0.257966 0.751412 0.512734 0.250106 0.0150105 -1.68712 -0.579347 
4.6826 0.349121 -0.390349 -0.59949 -0.815182 -0.101704 -0.0255 -0.395113 -0.0448497 0.134874 0.0903107 0.00858987 -0.0634923 4.70141 0.537306 -2.20972 2.06915 0.55436 -0.518672 -2.10179 -0.478463 1.77122 1.09264 0.20808 -1.09786 -0.606389 2.67786 -1.37887 -1.45414 0.708036 1.29502 -1.53786 -0.447958 2.30216 -0.454158 -0.0551184 0.170542 -2.30583 0.465806 
4.83903 0.34467 -0.490273 -0.543863 -0.785967 -0.137656 -0.0174608 -0.418166 -0.051779 0.20054 0.0974667 -0.0343071 -0.0735765 5.73739 -0.225826 -2.55238 1.86966 1.26847 -1.01183 -2.24519 0.156841 2.59473 0.647768 -0.253775 -1.32577 -0.24629 0.959118 -1.41646 0.126423 1.01089 0.722914 -2.12741 -0.824516 2.94672 -0.322508 -0.692459 -0.697779 -1.38983 1.22795 
4.95695 0.35184 -0.588435 -0.494476 -0.756685 -0.0632147 -0.129717 -0.448728 0.0302226 0.209116 0.110885 -0.0832973 -0.11268 6.14597 -0.89781 -2.33743 1.92868 1.36366 -1.57419 -2.47573 1.46776 2.59062 0.0196208 -0.842135 -1.21607 0.177642 -0.573334 -1.28373 1.49626 0.431166 0.123384 -1.91031 -0.348552 2.30001 0.469344 -1.32433 -1.57348 0.575141 1.56459 
5.07019 0.308335 -0.585562 -0.473537 -0.67325 -0.215387 -0.15187 -0.314893 -0.0233759 0.218283 0.143072 -0.195442 -0.0833002 5.81775 -1.38884 -1.78488 2.02132 1.25988 -1.78256 -2.78441 2.29825 2.80351 -0.839404 -1.24553 -0.63134 0.601326 -1.57751 -0.726217 1.84128 -0.412837 -0.66237 0.0456723 -0.317831 0.852636 1.5348 -2.07298 -1.87908 2.77918 1.00012 
5.15332 0.276623 -0.624595 -0.364209 -0.71047 -0.287325 -0.185464 -0.244637 0.0493512 0.192797 0.0811501 -0.21252 -0.0298662 4.90956 -1.52594 -1.29507 2.09342 1.01217 -1.54349 -3.27417 2.82041 3.17641 -1.78567 -1.66795 0.459982 0.948244 -1.92391 -0.0912852 1.48524 -0.996257 -0.907692 1.6065 -0.482868 -0.0376496 1.31462 -2.15788 -1.0468 3.54277 0.128414 
5.26233 0.224426 -0.618113 -0.385497 -0.650157 -0.310797 -0.256514 -0.228389 0.179543 0.15572 -0.0239253 -0.142026 0.00197373 3.80006 -1.61626 -0.491768 1.97843 0.38469 -1.45418 -2.84128 3.12572 2.73288 -2.19071 -1.75765 1.32365 1.06476 -2.1081 0.458208 0.695092 -0.397723 -1.25896 1.83591 0.13881 -0.327592 -0.483111 -1.13844 0.472066 2.38576 -0.494713 
5.29463 0.198995 -0.594511 -0.368799 -0.67037 -0.301334 -0.290615 -0.177269 0.209268 0.0973482 -0.0570491 -0.0758062 0.00530134 3.12311 -1.85469 -0.034586 1.88082 0.406694 -1.82042 -1.88701 3.31699 1.35697 -1.73978 -1.87251 1.81321 1.14207 -1.55388 0.318697 0.0631819 0.218935 -0.524963 0.460807 1.14783 -0.0575429 -2.69622 0.797083 1.19152 0.258383 -0.532603 
5.31173 0.185834 -0.587399 -0.362273 -0.672194 -0.257878 -0.376754 -0.134074 0.29916 -0.0235652 -0.0522172 0.00665067 0.00779116 2.04989 -1.42411 0.0652401 1.65208 -0.44594 -0.47107 -1.7438 2.55619 1.11238 -1.77899 -1.3616 2.18259 0.668178 -1.14384 0.194077 -0.0489361 0.394593 -0.397398 -0.509332 1.99547 -0.0955709 -3.70377 2.18762 1.36323 -1.54411 -0.430277 
5.33859 0.184163 -0.630096 -0.297177 -0.6964 -0.254497 -0.467963 -0.0604352 0.345796 -0.0719406 -0.0886967 0.0757676 0.0322337 1.02441 -1.02462 0.346252 1.1167 -0.900095 0.503251 -1.46798 1.97512 0.591276 -1.57731 -0.52134 1.68788 0.341592 -1.18333 0.310477 0.251179 -0.300739 -0.647031 0.363948 1.73637 -1.01141 -2.25187 1.93885 1.22026 -2.17951 -0.417894 
5.34672 0.147019 -0.588571 -0.251714 -0.745561 -0.332993 -0.335366 -0.0352056 0.193514 0.00844023 -0.0600651 0.0420815 0.0295913 0.150074 -0.727132 0.61379 0.773856 -1.56409 1.37601 -1.06476 1.2518 0.15931 -1.04319 0.249919 0.635722 0.196043 -1.40079 0.667905 0.560252 -1.46078 -0.936606 2.46003 -0.0738614 -1.97721 0.88972 0.385641 0.941651 -1.75383 -0.370585 
5.42534 0.0650309 -0.599752 -0.22996 -0.602304 -0.45976 -0.292539 0.0550735 0.0286717 0.108743 -0.112892 0.0105499 0.0556644 -0.286856 -0.70192 1.14276 -0.0602139 -1.70722 2.12539 -0.804492 0.24305 0.218065 -0.4464 0.675188 -0.335942 0.0807545 -1.66453 0.859602 1.17009 -2.19512 -1.5919 3.84741 -1.11763 -2.66337 3.0173 -0.879147 1.04529 -1.23142 -0.360222 
5.32546 0.153411 -0.593758 -0.246001 -0.81165 -0.20444 -0.423752 -0.0264277 0.229112 -0.0474623 -0.0258145 0.0529572 -0.000945519 -0.76103 -0.585674 1.74652 -1.07372 -1.67856 2.79284 -0.445244 -0.806811 0.02733 0.266846 1.09069 -1.16916 -0.169914 -0.823648 0.109211 1.46312 -2.3111 -0.0802044 2.14463 -0.452888 -2.14811 1.67945 0.0719386 0.58319 -1.1051 -0.102642 
5.28797 0.150413 -0.553384 -0.286717 -0.830066 -0.143289 -0.436417 -0.0432169 0.276704 -0.0628421 -0.0178847 0.0111767 0.0270898 -1.36866 -0.315704 2.2038 -1.97387 -1.50048 3.69746 -0.333285 -2.07595 0.0164363 0.807296 1.52527 -1.63908 -0.440859 -0.239697 -0.188373 1.09933 -1.62863 1.02947 0.345112 0.522627 -1.69135 -0.715498 1.5396 0.354434 -0.735065 -0.277016 
5.27629 0.125074 -0.499916 -0.328535 -0.875204 -0.0607313 -0.433709 -0.0986773 0.283099 -0.018156 0.00202861 -0.0551821 0.0331537 -2.33232 0.104246 2.47129 -2.29066 -1.32607 4.12866 -0.169756 -3.18024 0.053351 1.04805 1.69805 -1.72234 -0.369586 -0.701881 0.103174 0.510409 -0.437419 1.60408 -1.2119 1.70116 -1.38679 -2.7406 2.2455 0.280429 -0.238139 -0.256139 
5.28012 0.0843623 -0.411491 -0.415814 -0.861562 -0.00558813 -0.442699 -0.153858 0.301477 -0.00888221 0.027095 -0.0838406 0.0166742 -3.06121 0.232792 2.82498 -2.42549 -0.724718 3.36529 0.67036 -3.98836 -0.417053 1.49067 1.7907 -1.7291 -0.309264 -1.47995 0.566725 -0.258903 0.772331 1.74209 -2.1537 2.0109 -1.07968 -2.85844 1.75152 0.00319255 0.324348 0.0779346 
5.23488 0.103893 -0.370643 -0.489126 -0.8462 0.0384009 -0.421872 -0.209402 0.232431 0.0520469 0.0788127 -0.117458 -0.0176554 -3.10279 -0.118641 2.81569 -1.83486 0.451531 1.11689 1.80894 -3.56995 -1.82973 2.38576 1.17844 -1.65013 -0.0189881 -1.7042 0.537749 -0.513192 1.78411 0.947407 -2.82397 1.70178 -0.241763 -1.29327 0.286849 -0.57464 0.813565 0.542849 
5.16521 0.135 -0.360183 -0.499024 -0.850525 0.128309 -0.408836 -0.326247 0.170817 0.148665 0.111509 -0.140118 -0.0315756 -2.81925 -0.131221 2.2722 -0.97516 0.798947 -0.149996 1.79712 -2.82806 -2.05285 2.32482 0.516861 -1.11966 0.176912 -0.148073 -0.292171 -0.678505 2.07161 0.786039 -3.77967 0.789861 1.77434 0.124738 -0.82776 -1.60736 0.927074 0.996404 
5.006 0.161876 -0.297458 -0.468744 -0.865765 0.102274 -0.289952 -0.425128 0.0923892 0.177268 0.132588 -0.166542 0.0135837 -2.02727 -0.328488 1.66779 -0.0108733 1.12123 -1.3171 0.9784 -1.3422 -1.49392 1.34666 -0.29031 -0.245022 0.461659 2.52364 -1.11385 -1.09549 1.8178 0.47047 -3.0833 -1.61937 3.83373 1.72848 -1.88639 -2.2443 1.30743 0.742691 
4.97138 0.129882 -0.244653 -0.522974 -0.739919 -0.00905481 -0.242049 -0.473794 0.0925603 0.18956 0.13209 -0.165884 0.00948645 -1.01406 -0.706401 1.09221 1.2154 1.15579 -2.56772 0.291213 0.422469 -1.02253 0.242727 -1.07617 0.753931 0.805628 3.98172 -1.28165 -1.34727 1.82528 -0.316828 -1.50473 -3.30578 4.84274 2.23743 -2.7047 -2.08275 1.87453 0.443196 
4.95109 0.108089 -0.235441 -0.436617 -0.773857 -0.14087 -0.197638 -0.38966 0.0378067 0.222578 0.0699312 -0.15703 0.0293574 0.265167 -1.37477 0.876953 2.29229 1.06077 -3.81056 -0.278664 2.07654 -0.55677 -1.09514 -1.50607 1.71466 0.986341 3.73352 -1.09117 -0.976231 1.51856 -0.481409 -0.318424 -3.16969 3.8545 1.63297 -2.99357 -0.791925 2.15683 0.0122038 
5.03865 0.0930906 -0.285406 -0.400961 -0.76227 -0.134919 -0.297497 -0.318096 0.0869294 0.207286 -0.00553744 -0.139059 0.069949 1.12715 -1.74803 0.513032 3.33907 0.905974 -4.91741 -0.719437 3.67342 -0.547631 -2.34146 -1.45776 2.56117 0.735599 1.49667 -0.633006 -0.215546 1.71743 -0.579889 -0.711918 -0.876479 1.9822 -0.237785 -2.45205 0.876933 1.93506 -0.560228 
5.14093 0.0355871 -0.274017 -0.36266 -0.733188 -0.169031 -0.451824 -0.184032 0.187406 0.0608926 -0.0467791 -0.0487956 0.0748403 1.37595 -1.81432 0.228373 4.19114 0.583314 -5.1963 -1.20448 4.6357 -0.730896 -3.41633 -0.663989 2.91395 0.024003 -1.384 0.124981 0.303549 1.76347 -0.605546 -1.39747 1.75126 0.0298238 -2.12606 -1.32298 2.4228 0.663423 -1.18799 
5.17407 -0.00660694 -0.2638 -0.263878 -0.724478 -0.299546 -0.426179 -0.0802104 0.135204 0.00452678 -0.0735671 0.0502384 0.0940038 0.705645 -1.50504 0.0864823 4.82773 0.294178 -5.29579 -1.03372 4.95825 -1.33137 -4.03248 0.285961 2.90544 -0.555187 -3.05311 0.835291 0.243807 1.0693 -0.213202 -1.17847 2.27727 -0.936025 -2.38086 -0.387043 2.99258 -0.833316 -1.75638 
5.21024 -0.0612511 -0.225224 -0.175959 -0.736242 -0.426231 -0.383732 -0.0342666 0.0738485 -0.0598786 -0.0348078 0.10286 0.0890013 -0.239954 -1.23339 0.612964 4.18661 0.535015 -5.06739 -0.697228 4.72465 -2.12706 -4.01716 1.26518 2.68243 -1.29028 -3.34552 1.27794 0.276377 -0.445834 0.092722 0.17092 1.23704 -0.770878 -1.80312 0.591551 2.20892 -1.67572 -1.74957 
5.14501 -0.0482929 -0.266882 -0.0318831 -0.739061 -0.552379 -0.362748 0.050762 -0.0109063 -0.125902 0.00462207 0.163003 0.0421315 -1.02311 -0.743278 0.440771 3.92496 0.258412 -4.48784 0.0335301 3.63392 -2.2331 -3.65414 1.96065 2.01077 -1.59601 -1.59508 1.12141 0.0776044 -2.10868 0.215645 2.19849 -0.166285 -1.28894 0.183678 1.15517 0.780674 -1.89647 -0.769007 
5.05633 -0.0484777 -0.234202 0.0461237 -0.748835 -0.605472 -0.375331 0.103211 -0.0428242 -0.248301 0.131568 0.138012 -0.0407349 -1.48838 -0.0087053 -0.303616 3.41924 -0.0925274 -3.15524 0.337372 2.31777 -2.0459 -2.40001 1.79842 1.13617 -1.54098 0.56402 0.882177 -0.8061 -2.5637 -0.124207 3.46782 -0.804887 -2.01391 1.76244 2.08183 -1.25707 -1.25232 0.645665 
4.99835 -0.0340511 -0.245421 0.0906901 -0.695982 -0.711521 -0.351608 0.174245 -0.102501 -0.268613 0.14928 0.150249 -0.0663724 -1.48508 0.721172 -1.25051 2.41399 -0.118674 -1.21187 -0.343556 1.23492 -0.807711 -1.56195 1.28716 0.215023 -1.10109 1.79863 0.891665 -2.0187 -1.93779 -0.714381 4.21474 -0.985019 -2.79765 2.90715 2.40792 -2.31934 -0.96526 1.80193 
4.97089 -0.0524489 -0.131325 -0.0210942 -0.67835 -0.693836 -0.385466 0.245881 -0.200243 -0.237583 0.161394 0.175 -0.120215 -1.32634 1.35139 -2.0111 1.10643 0.180124 0.608032 -0.920344 -0.0191253 0.623609 -0.597871 0.437849 -0.663494 -0.35868 1.63864 1.14099 -2.97759 -0.94677 -0.467654 3.7421 -0.934837 -3.1502 3.58831 1.9525 -2.3666 -1.22665 2.33674 
5.03674 -0.0161732 -0.289177 0.0912991 -0.749896 -0.612477 -0.378269 0.106352 -0.03259 -0.298716 0.175478 0.136994 -0.0701385 -1.22053 1.81174 -2.61902 -0.452492 1.0749 1.86991 -1.24924 -1.43721 1.81158 0.436205 -0.189181 -1.61432 0.228894 -0.126101 1.18084 -1.94381 -1.64054 1.32118 2.09212 -0.882075 -2.11737 2.31866 1.55574 -1.45359 -1.55536 1.45529 
5.02817 0.0326238 -0.383203 0.117693 -0.776973 -0.549555 -0.405332 0.0845444 -0.0382791 -0.187148 0.0817755 0.137297 -0.0555641 -1.83838 2.09496 -2.63959 -1.87974 1.87472 2.46813 -1.14338 -1.96141 1.7728 1.48673 -0.522467 -1.98826 0.620315 -2.05951 0.65244 0.370813 -2.87357 2.85383 0.178857 -0.157231 -0.808896 0.274534 0.762756 0.412419 -1.59705 0.172705 
5.01484 0.0882128 -0.472515 0.0745959 -0.735802 -0.457879 -0.485574 0.0759481 0.067568 -0.206782 0.0679009 0.0819234 0.00316144 -2.52466 1.99072 -2.36384 -2.99304 2.49108 3.03981 -1.04589 -2.45455 1.43193 1.79148 0.0179138 -2.15926 0.25628 -2.9516 -0.321251 2.319 -3.29919 2.98647 -1.13265 0.931075 0.220957 -2.38057 0.643456 1.76976 -0.540062 -1.39127 
4.98076 0.129196 -0.488335 -0.015147 -0.666108 -0.397817 -0.500033 -0.0316308 0.151145 -0.171737 0.0455419 0.0014671 0.0369149 -2.6353 1.38578 -1.56136 -3.94805 2.67223 3.35657 -0.377873 -2.80561 0.811275 2.22299 0.282144 -2.19964 0.218914 -1.76846 -1.58747 3.27816 -2.64457 1.01245 -0.664333 1.66915 0.761742 -3.73698 0.583198 2.0682 0.806176 -1.8321 
4.87399 0.188985 -0.554521 -0.125703 -0.487816 -0.403535 -0.509583 -0.117927 0.170986 -0.117798 0.0824404 -0.0945808 -0.00981229 -2.94741 0.948057 -0.421962 -5.0572 3.07245 2.82639 0.504978 -2.36502 -0.462869 2.34874 0.630899 -1.72039 -0.307671 0.573309 -2.01361 2.45694 -0.786906 -1.55607 0.108045 2.16321 0.584424 -2.91935 0.0544025 1.10337 1.86806 -1.04389 
4.69055 0.191066 -0.437937 -0.260316 -0.445924 -0.406087 -0.458584 -0.0216548 -0.00547264 -0.0456372 0.135901 -0.0748969 -0.0249663 -2.63769 0.614538 -0.0517631 -4.86875 2.71949 2.08084 1.6791 -2.37271 -1.143 2.35397 0.48183 -0.774997 -0.590627 2.6851 -1.27961 0.304468 1.17847 -2.60827 0.00847881 2.08557 -0.186951 -0.806508 -0.0377896 -0.991598 2.23669 -0.0351817 
4.67067 0.154271 -0.447468 -0.336443 -0.406287 -0.309784 -0.468909 -0.0975553 -0.0397393 -0.0590144 0.228455 -0.0523977 -0.127022 -2.05187 0.593568 -0.110303 -4.34405 2.10864 1.51282 2.08012 -1.90703 -1.55865 2.26688 0.0597746 0.280885 -0.95889 2.8337 0.377393 -1.48082 2.22481 -2.05819 -1.04255 1.21566 0.125239 1.11265 -0.334956 -2.47043 1.9345 0.822752 
4.79064 0.0617498 -0.355079 -0.448222 -0.49552 -0.167032 -0.379326 -0.201021 -0.0343198 0.0453869 0.1615 -0.0826425 -0.0348796 -0.898256 0.856589 -0.791953 -3.59457 1.58701 1.06233 1.87676 -1.25281 -1.10098 1.71023 -0.411948 0.977246 -1.12369 1.60959 2.02011 -2.84215 2.4487 -0.21132 -2.19919 -0.530757 0.899881 2.10378 -1.00401 -2.2032 1.30531 0.1274 
4.72267 0.1505 -0.440884 -0.481754 -0.412677 -0.264751 -0.290223 -0.186471 -0.0584689 0.00865807 0.170543 -0.0418974 -0.0820075 0.76252 1.23012 -1.74991 -2.58716 1.17344 0.455531 1.61172 -0.844662 0.0694902 1.05997 -1.24413 1.14319 -0.808791 1.41879 1.99781 -2.64175 1.76157 0.834717 -1.84693 -2.05759 1.39045 2.4776 -1.21581 -1.29636 -0.0031501 -0.185008 
4.73376 0.181945 -0.513258 -0.413009 -0.445121 -0.313021 -0.20259 -0.232216 -0.0840878 0.116507 0.0307686 0.0679227 -0.0741444 2.6738 1.55456 -3.19303 -1.53043 1.62745 -0.668309 1.23584 -0.101957 0.988166 0.550142 -1.84346 0.446117 -0.39991 2.19198 0.864583 -1.73707 0.72839 1.45676 -1.37176 -2.32874 2.18634 1.77151 -1.58077 0.221312 -1.75271 0.00642258 
4.73776 0.248615 -0.558931 -0.488019 -0.399553 -0.272428 -0.318119 -0.171256 -0.0237311 0.0577714 0.0434734 0.0778977 -0.114691 3.70191 1.66736 -3.81376 -0.737833 1.77523 -1.71024 1.25465 0.933837 1.48 -0.0221057 -2.54908 0.0461125 0.149 3.25935 -0.80302 -0.939065 0.782296 0.907972 -1.15955 -0.466301 1.64017 0.815659 -1.19363 0.192574 -2.36787 0.816454 
4.82376 0.304125 -0.647 -0.529378 -0.334356 -0.288357 -0.347109 -0.177327 0.0659271 0.0261534 0.0388242 0.0423848 -0.152013 4.50186 1.28924 -4.10448 0.0845987 1.64604 -2.01745 1.16867 1.61711 1.89628 -0.953594 -2.81155 -0.073882 0.321083 2.98236 -2.10507 0.263504 1.17874 -0.588246 -0.638172 1.56217 1.11235 -0.240886 -0.769448 -0.722453 -1.43497 1.71437 
4.94538 0.334501 -0.739925 -0.503711 -0.294099 -0.360131 -0.309839 -0.167689 0.139247 0.0171792 -0.0306114 0.000467045 -0.113075 5.58407 0.185357 -3.52578 0.636197 0.687664 -1.25737 1.47123 1.66477 2.02269 -1.52905 -2.96035 -0.256822 0.909397 1.22342 -2.39946 1.21529 1.48151 -2.02263 0.494886 2.36202 0.298142 -0.879472 -0.952368 -0.951889 0.511812 1.35262 
5.13263 0.298816 -0.84138 -0.475328 -0.207065 -0.472823 -0.278062 -0.0101943 0.0485215 0.0320915 -0.0375594 -0.0954787 -0.068667 6.14978 -0.79 -2.86176 0.791726 0.361368 -0.896272 1.96923 1.72145 1.663 -2.07432 -2.81666 -0.230952 1.31126 -0.457457 -2.07812 2.07643 1.10445 -2.79666 2.02976 1.78661 -1.12202 -0.561645 -0.904139 -0.882529 2.20439 0.653615 
5.2058 0.270764 -0.853225 -0.460501 -0.265801 -0.466476 -0.185258 -0.0303292 0.131769 -0.0362415 -0.160958 -0.0460402 -0.029431 6.22122 -1.69367 -2.26491 1.48754 -0.310534 -0.491573 2.59549 1.36919 1.06477 -2.13104 -2.8392 0.328516 1.75083 -1.13882 -1.29971 1.88564 0.403757 -1.67906 2.37962 0.0463287 -1.2576 -0.699922 -0.631217 0.571341 2.01305 -0.0567211 
5.30242 0.213955 -0.862634 -0.40793 -0.33956 -0.418273 -0.130215 -0.0257517 0.190023 -0.106981 -0.240077 0.00305244 0.00281614 5.64342 -2.16988 -1.6159 1.97057 -1.25764 0.37604 2.6186 1.11182 0.361462 -2.05942 -2.43734 0.881156 1.9718 -1.24433 -0.297793 0.981341 0.0860694 -0.355135 1.53893 -1.01717 -0.977366 -1.10859 0.29275 1.67474 0.874005 -0.269566 
5.38096 0.163085 -0.864556 -0.353785 -0.418631 -0.357015 -0.0603891 -0.0373742 0.168222 -0.160465 -0.245099 0.0389845 0.024155 4.55763 -2.11763 -1.06398 2.06292 -1.85964 1.39691 1.79057 0.944644 -0.0436117 -1.9574 -1.77201 1.26797 1.78814 -1.4386 0.639164 0.0920606 0.0876551 0.362476 0.600352 -1.95041 -0.0441639 -1.12865 1.03706 1.8493 -0.294506 -0.155872 
5.48437 0.109612 -0.863338 -0.387279 -0.344944 -0.382104 -0.0431715 -0.0123925 0.127518 -0.158474 -0.28493 0.0706625 0.0512097 3.50082 -1.74212 -0.60364 1.81875 -2.15136 1.98178 1.06725 0.577512 -0.203588 -1.6329 -1.11342 1.40817 1.41714 -1.78991 1.22968 -0.196346 0.089281 -0.12834 0.327992 -2.04175 0.582079 -0.840841 1.1652 1.65038 -0.961662 -0.330809 
5.53737 0.078006 -0.895276 -0.31452 -0.373857 -0.340206 -0.0588849 -0.0139279 0.146406 -0.212927 -0.265637 0.0949268 0.0841151 2.76715 -1.35268 -0.428295 1.43471 -1.45753 1.52371 0.300836 0.935572 -0.878216 -0.82952 -0.516286 1.06597 1.12547 -1.9728 1.3043 0.283519 -0.655235 -0.0479057 -0.252345 -1.37591 0.633013 -0.370188 1.21305 0.551602 -0.759438 -0.637683 
5.57096 0.0755485 -0.92065 -0.249332 -0.481801 -0.282015 -0.0293369 -0.0118337 0.102312 -0.189783 -0.24952 0.0875021 0.11971 1.99121 -0.994543 0.0126891 0.932161 -0.996593 0.84318 -0.164854 1.15318 -1.12738 -0.213548 -0.16045 0.747096 0.638942 -1.50975 0.708828 1.00353 -1.36869 0.832508 -1.26404 -0.618568 0.557786 -0.0226582 0.939213 -0.162631 -0.34433 -1.06738 
5.54477 0.0950097 -0.925266 -0.235632 -0.497583 -0.226186 -0.133689 0.0581608 0.096309 -0.204549 -0.251091 0.0928376 0.123806 1.36871 -0.733561 0.423207 0.694004 -0.968754 0.241948 -0.510621 1.43826 -1.05306 0.199913 -0.0182665 0.512135 0.0906489 -0.631416 -0.0618091 1.36999 -1.2969 1.08297 -2.07663 0.459972 0.206032 -0.0124774 0.753544 -0.289683 -0.0706608 -1.24081 
5.58024 0.0855742 -0.901571 -0.278407 -0.511142 -0.229926 -0.100742 0.0549955 0.0735291 -0.195387 -0.238458 0.0961949 0.0972522 0.613569 -0.504328 0.803435 0.834718 -1.16841 -0.477038 -0.551099 1.62131 -0.974003 0.334886 0.336798 0.345603 -0.554583 -0.386637 -0.363199 1.10476 -0.217782 0.686268 -2.2066 0.490365 0.23585 0.130213 0.32043 0.0914059 0.000568055 -1.14457 
5.58567 0.071434 -0.886413 -0.292528 -0.427806 -0.317245 -0.0989626 0.0950962 0.0418436 -0.147448 -0.297101 0.11946 0.114159 -0.284691 -0.353702 1.46454 0.665977 -0.803733 -1.62709 -0.709652 2.07658 -1.38926 0.557764 0.944713 0.188256 -1.28261 -0.990505 -0.0859794 0.742811 0.998763 -0.516212 -1.51892 -0.026467 0.418457 -0.0763435 -0.270647 1.40357 -0.22977 -1.18847 
5.59691 0.0418246 -0.816455 -0.294991 -0.467796 -0.341899 -0.0950125 0.111474 0.04248 -0.153769 -0.268061 0.117226 0.0621048 -1.43432 -0.402933 2.35071 0.952857 -0.847028 -2.47454 -0.713789 1.88018 -1.89824 0.760972 2.04501 -0.0984249 -1.82411 -2.22062 0.350872 0.729791 1.57325 -1.06636 -0.974354 -0.448472 0.261663 -0.987089 -0.0483129 2.52074 -0.596304 -0.882069 
5.61227 0.0313141 -0.803117 -0.253228 -0.53437 -0.351184 -0.111274 0.158072 0.0282118 -0.145354 -0.249351 0.117656 0.0292385 -3.39821 -0.581496 3.16335 1.91748 -1.32728 -2.8511 -0.557739 1.03117 -2.3775 0.60285 3.55899 -0.53863 -1.95133 -4.06751 0.323418 1.37386 1.63523 -0.827034 -0.497768 -0.620734 -0.799693 -1.55987 -0.0717957 3.40204 -0.939979 -0.36817 
5.5584 0.0413045 -0.793409 -0.187515 -0.541108 -0.440423 -0.117499 0.193046 0.0161951 -0.157714 -0.192172 0.118499 -0.0150642 -7.47447 -0.713763 4.19514 2.98246 -1.4753 -2.22653 -0.820303 -0.444774 -2.75561 -0.351498 4.76645 -1.36544 -1.80944 -6.85711 -0.240977 2.30063 1.50442 -0.373627 0.82555 -0.203163 -2.95873 -1.54439 -0.790459 3.146 -1.49265 0.425269 
5.43771 0.0580489 -0.706925 -0.181445 -0.522752 -0.537681 -0.182817 0.287482 -0.0945108 -0.137539 -0.065939 0.101076 -0.0793849 -13.0152 -0.387576 5.30106 2.16338 -0.543817 -1.54384 -0.547477 -2.67062 -3.98829 -0.227265 5.12297 -1.74632 -1.38064 -10.4919 -0.340283 2.56424 -0.0108241 1.22738 2.04651 0.627731 -5.3354 -1.43761 -0.896251 0.971223 -1.33745 1.43526 
5.29695 0.0347008 -0.571634 -0.10703 -0.633057 -0.553296 -0.159482 0.20145 -0.197058 -0.0691572 0.0877871 0.0460158 -0.106536 -17.672 -0.347774 6.30182 1.45127 0.532971 -1.4535 -0.41831 -4.33666 -4.6244 0.501557 4.59532 -2.11553 -0.945953 -11.8836 -0.0712238 2.13591 -2.12395 2.94332 1.94868 0.818696 -5.31421 -0.958798 -0.124248 -1.93606 -0.731216 1.54179 
4.99129 -0.00538664 -0.477386 0.0327933 -0.672167 -0.561586 -0.18152 0.0895265 -0.220377 -0.152477 0.259421 0.00468803 -0.0951215 -20.3775 -0.625202 6.80665 0.388128 1.64766 -0.737599 -0.41305 -5.16296 -4.16359 0.554297 3.50809 -2.01787 -0.315297 -8.08673 0.168575 0.8655 -3.99882 3.69232 1.18412 0.546376 -2.55129 0.0624011 1.34207 -4.47931 0.401371 1.22662 
4.35102 -0.0383729 -0.306015 0.111291 -0.616971 -0.450981 -0.193779 -0.129361 -0.268259 -0.323749 0.311986 -0.119336 -0.0866713 -17.9338 -0.852663 4.49526 -1.84031 3.47935 0.395897 -1.03714 -4.81515 -1.99402 0.434065 1.18927 -1.23488 0.627056 3.71362 0.0527665 -3.20715 -5.09695 3.64713 0.201965 -0.722956 2.24206 3.08473 2.05478 -5.61948 2.12021 1.01895 
3.64214 0.0546893 -0.162286 -0.219526 -0.359993 -0.487977 -0.116138 -0.359759 -0.544566 -0.0953571 0.224232 -0.0650941 -0.0343699 -12.6279 -0.881392 2.20969 -3.33187 4.85827 0.96398 -1.38391 -4.15028 0.112003 0.813103 -1.28575 -0.330089 1.55139 17.2847 -0.589303 -6.74604 -3.0936 1.92858 0.377831 -2.1395 5.81418 6.45819 0.551844 -4.78928 2.60432 1.0213 
3.3718 -0.00695267 -0.0227052 -0.160413 -0.390051 -0.591426 -0.158126 -0.373625 -0.510342 0.0208747 0.192162 -0.131579 -0.0869394 -6.54518 -0.35851 1.01204 -3.82427 4.87091 1.21714 -1.49303 -3.33152 1.81875 1.62437 -2.73093 -0.0835565 1.43983 23.0934 0.0276026 -6.95559 -0.762395 -0.140076 1.20936 -1.63568 4.79463 6.49027 -0.257231 -2.63351 1.85657 0.812143 
3.29209 -0.0688455 -0.0182061 -0.212062 -0.321149 -0.472763 -0.208831 -0.301341 -0.374954 -0.0981645 0.138285 -0.074829 -0.0231531 0.647907 0.491254 0.140624 -3.9686 3.465 0.930724 -1.00214 -1.97056 2.58049 3.00073 -3.58205 0.148691 1.07826 19.0509 1.49918 -3.11794 1.85364 -3.04829 0.312261 0.354701 1.55974 2.7798 0.961029 -0.0452589 -0.0986007 -0.413496 
3.98401 -0.0708829 -0.539373 -0.534859 -0.0220195 -0.389475 -0.374296 -0.169264 -0.0342885 -0.138025 -0.091414 0.0479512 0.0745394 7.79551 1.14056 -0.768762 -3.25275 0.982639 0.8773 -0.640881 -0.337294 3.2548 3.69558 -3.2913 0.296903 0.89327 6.89396 2.51164 3.45294 4.07475 -6.60905 -0.540097 2.80143 -1.26504 -2.6043 2.2771 2.62125 -2.04721 -1.67083 
4.35983 -0.0592369 -0.479115 -0.503187 0.00129739 -0.428852 -0.362941 -0.215554 -0.0507776 0.00407503 -0.162452 0.0599215 0.136739 12.6658 1.50188 -1.49889 -1.7206 -1.61091 1.49419 -0.265614 0.601828 3.87954 2.91811 -2.42814 -0.144661 0.638347 -2.09825 2.35181 4.54583 3.07073 -7.14811 -0.503384 3.22855 -1.06968 -4.39241 1.75681 3.32613 -2.06781 -1.83312 
4.40527 0.0325996 -0.236669 -0.339904 -0.227615 -0.383119 -0.283241 -0.397273 -0.0289581 0.127361 -0.0553544 -0.0975085 -0.00388363 14.1887 1.84764 -1.73061 -1.82996 -2.68732 2.19152 0.219607 0.91151 3.20762 2.36569 -1.89521 -0.518397 0.479569 -3.7933 0.274722 1.06878 0.627955 -4.05668 0.477095 1.24306 1.56699 -2.47857 -1.15145 1.85317 -0.760549 -0.452297 
4.60069 0.137143 -0.206658 -0.385519 -0.370588 -0.459851 -0.187514 -0.325372 -0.120638 0.249382 -0.0963517 -0.0819006 -0.0135725 13.0615 1.62551 -1.09077 -1.11137 -4.11276 2.16366 1.25011 1.20138 1.90207 1.77123 -1.12179 -1.3124 0.167008 -2.637 -1.94923 -2.52612 -1.24206 0.248494 2.06251 -0.47504 2.75473 0.359012 -4.25302 0.274052 0.0866527 0.855034 
4.79733 0.162748 -0.242717 -0.414874 -0.525194 -0.367881 -0.199382 -0.249098 -0.0942411 0.262788 -0.0714586 -0.0832286 0.0395473 9.77211 0.91752 -0.0367393 -0.275859 -4.68041 2.24477 2.1447 1.49411 0.551149 0.597573 -0.587676 -1.50721 0.0409972 -1.23421 -2.92727 -3.62226 -1.63696 3.6701 1.5108 -0.603773 2.14484 1.16735 -4.63772 -1.22721 0.527978 1.0473 
4.97983 0.174019 -0.353449 -0.420839 -0.585244 -0.290132 -0.185021 -0.23368 -0.015247 0.212616 -0.0767839 -0.0976215 0.0451673 8.23483 -0.00942998 -1.35529 -0.615047 -3.47428 2.3063 2.01636 2.47002 0.492232 -0.917469 -0.95167 -0.863079 0.297509 -2.34134 -2.63523 -1.10716 0.0390199 3.92896 -0.276191 0.322457 0.707261 -0.437152 -2.74461 -1.28677 0.694759 0.57837 
5.1863 0.106899 -0.420368 -0.550729 -0.51925 -0.183567 -0.252396 -0.129122 0.0692225 0.117478 -0.146842 -0.143038 0.0367865 7.13126 -0.924983 -2.63134 -0.614305 -1.39634 1.71524 1.38803 3.30769 0.665298 -1.9569 -1.89577 0.192992 0.944582 -4.00197 -1.11051 0.722749 2.03511 2.62107 -2.20296 0.768669 -0.544208 -1.4631 -0.297675 -0.857342 1.28086 0.0266118 
5.24774 0.0550311 -0.441475 -0.500433 -0.608751 -0.15945 -0.0976553 -0.0590821 0.021486 0.0148886 -0.139399 -0.184484 0.0818416 5.00537 -1.38122 -2.59576 0.174612 0.142799 0.793499 0.979055 3.21598 0.703736 -2.32975 -2.24104 0.78965 0.815386 -4.10479 0.379601 0.854445 2.10475 2.13132 -3.39117 -0.533793 -0.439109 -1.1819 1.53288 -0.927528 2.18483 -0.239843 
5.27581 0.0264275 -0.448242 -0.491646 -0.535104 -0.172539 -0.0531313 -0.0700896 -0.026137 0.0173912 -0.214771 -0.118851 0.0909417 2.88936 -1.43413 -1.81666 0.75394 1.21391 -0.831497 0.896513 3.30719 -0.0835491 -2.01714 -2.26517 1.50864 0.273916 -3.6113 1.00279 0.807094 1.5356 1.16798 -3.22127 -1.59622 0.265341 -0.370304 1.66237 -0.0737952 1.90325 -0.626122 
5.34486 -0.00194702 -0.497437 -0.451722 -0.51906 -0.20649 -0.0631101 -0.00657548 -0.0417633 0.0107592 -0.240438 -0.0735972 0.0929803 0.932295 -1.34722 -0.698866 1.44126 1.49474 -2.40557 0.80411 3.09882 -0.991873 -1.47386 -1.1939 1.93621 -0.303709 -3.10647 0.847441 1.3552 0.636813 0.434628 -2.61217 -1.31744 0.222597 -0.329387 0.97466 1.51916 0.820047 -1.29577 
5.32373 0.00357845 -0.551652 -0.385544 -0.454515 -0.274672 -0.124504 0.0573976 0.0349752 -0.0107665 -0.333923 -0.0159611 0.117482 -1.20612 -0.792323 0.0562246 2.52555 0.960233 -3.45472 0.397262 2.31839 -1.39567 -1.42522 0.82325 2.40545 -1.29896 -2.73836 0.36604 2.05475 0.237289 -0.885206 -1.41181 -0.448948 -0.532349 -1.02743 -0.269215 4.08408 -0.268576 -2.14965 
5.25233 0.0193168 -0.544936 -0.363194 -0.417027 -0.375961 -0.109681 0.120442 -0.00451799 -0.00193829 -0.360954 0.0470022 0.094378 -3.86465 -0.387665 1.33497 2.69171 0.684898 -3.4209 -0.585701 1.47683 -1.73542 -1.23742 2.25417 2.05314 -2.08115 -3.70342 0.147156 2.65143 0.638656 -2.04208 0.31754 -0.000681438 -1.96935 -1.46585 -0.972303 5.28683 -1.30266 -2.07762 
5.2223 -0.0138532 -0.473635 -0.364394 -0.402669 -0.454071 -0.104341 0.205721 -0.0902391 -0.0154259 -0.305825 0.0942027 0.027986 -8.36594 -0.811315 3.05838 2.69079 0.478441 -3.40987 -0.800186 0.76797 -2.03976 -1.11323 3.55057 1.5114 -2.56955 -6.99749 -0.275757 2.96146 0.647897 -1.44701 1.45143 -0.359651 -2.9864 -0.909464 -0.511247 3.85535 -1.51164 -1.20585 
5.17163 -0.0486526 -0.410631 -0.295421 -0.415003 -0.554858 -0.0711788 0.16826 -0.145895 -0.0407179 -0.115457 0.0670345 -0.0370626 -13.6683 -1.24312 3.24399 2.40096 1.32333 -2.33405 -1.3675 -0.913606 -3.07751 -1.49661 4.28479 0.417337 -2.24042 -10.9106 -0.822454 1.51155 -0.166604 0.807088 2.59722 -1.35369 -3.06392 -0.804869 -0.0979444 0.449951 -1.70943 0.702487 
4.99174 0.00140515 -0.404873 -0.158859 -0.516228 -0.567558 -0.13569 0.11031 -0.13142 -0.177539 0.11667 0.133009 -0.167647 -14.1629 -2.822 1.6469 1.91328 2.64472 -1.14557 -1.22807 -1.92145 -3.28105 -1.34785 3.87196 -0.0219013 -1.23628 -8.17131 -2.61161 -1.97378 -1.52909 4.09829 2.66903 -0.97985 -2.06598 -0.496051 0.859608 -3.57405 -1.43021 3.14681 
4.6066 0.00459232 -0.203164 -0.160535 -0.516673 -0.499377 -0.183168 0.0503272 -0.250037 -0.121365 0.106049 0.0420489 -0.157108 -13.7152 -3.93494 0.0317967 1.57421 3.64822 -0.570935 -1.25215 -2.19005 -2.76668 -0.993121 2.7495 -0.294126 -0.0606217 0.348409 -3.56127 -5.91424 -1.86669 5.09106 1.34804 0.121407 -0.254312 0.449747 0.933274 -4.83183 -0.218614 3.92312 
3.92419 -0.163227 -0.0113174 -0.167623 -0.386933 -0.614175 -0.167167 0.0408153 -0.261329 -0.0687418 0.126337 0.0927712 -0.188454 -15.0092 -3.86625 -0.398957 0.46794 3.44344 1.4477 -0.91058 -2.71978 -1.8906 -0.301359 1.83544 -0.609996 0.917906 8.01857 -1.7865 -6.12341 -1.97486 1.96883 1.96748 1.2122 0.775748 1.62484 0.948767 -3.38799 0.252402 3.05557 
3.35796 -0.184075 -0.279768 -0.167636 -0.160701 -0.445295 -0.328408 -0.16363 -0.455859 -0.219671 0.146439 -0.0580369 -0.0630217 -12.7931 -4.06895 -1.17586 -1.14988 2.97949 3.0266 -0.15064 -2.99875 -1.71103 0.0368212 0.651259 -0.376079 1.88096 11.3218 0.485734 -1.68555 -2.16228 -3.1291 2.04031 2.6584 1.11178 2.52013 1.24703 -0.727635 1.12943 0.77941 
3.99411 -0.488001 -0.621829 -0.185998 0.0319709 -0.442882 -0.208065 -0.0979759 -0.335201 -0.137611 -0.0179363 0.064305 0.0646924 -10.0447 -4.03268 -1.28592 -2.40291 1.80099 3.60983 0.304492 -2.57149 -1.14633 0.486554 -0.00555269 -0.0234229 2.25414 4.70829 3.33422 3.9076 -2.22984 -7.02613 2.38955 1.62958 0.217655 1.47805 0.444928 1.8925 0.868608 -1.49447 
3.9184 -0.499939 -0.589662 -0.16514 0.00957406 -0.570213 -0.208442 -0.0159792 -0.325007 -0.0963028 -0.0228592 0.0684891 0.0698739 -7.7487 -2.62085 -1.12154 -2.95501 0.546809 3.88975 1.06453 -2.39896 -0.428518 0.392736 0.127024 0.345379 1.86624 -0.825624 3.92437 5.75326 -2.07316 -5.97915 2.03495 0.825966 -0.758052 0.0919834 -0.0885043 1.88032 0.336086 -2.02705 
3.22089 -0.350081 -0.311473 -0.329775 -0.223335 -0.156486 -0.156541 -0.178413 -0.27521 -0.0444646 0.140791 -1.40744e-05 0.0375684 -5.27797 -1.03988 0.208905 -3.26598 -1.30002 3.8589 1.01059 -2.07242 0.245995 0.715341 0.223158 0.59806 1.142 -0.825818 2.42014 3.40374 -0.343738 -1.8164 -1.61431 -0.577574 0.0488487 -0.289164 -0.396819 0.186038 0.52384 -1.71448 
3.62813 -0.468817 -0.42877 -0.447807 -0.257649 -0.113917 -0.0703389 -0.297034 -0.409857 -0.126632 0.129789 0.0666781 0.102487 -4.47045 -0.189253 2.223 -2.58656 -2.4639 2.4944 0.851885 -0.86691 1.30336 0.905931 0.176563 0.6145 0.178959 -0.914102 1.51884 0.811795 2.03754 1.58668 -3.55988 -1.90933 1.60784 0.962052 -0.169313 -1.22875 -0.411946 -1.11772 
3.42596 -0.479315 -0.329599 -0.463681 -0.384615 -0.151809 -0.179493 -0.19934 -0.323908 -0.0949305 0.132574 0.123442 0.0549558 -1.17611 1.4117 2.7243 -0.913928 -2.29489 0.757401 -0.585275 -0.21221 1.91841 -0.0736133 -0.548046 0.238279 0.463092 7.29166 0.625808 -1.55089 4.10457 3.37293 -4.93678 -1.96753 2.80607 2.45202 -0.357878 -2.71514 -0.599566 0.49166 
3.10132 -0.305664 -0.247927 -0.501214 -0.269409 -0.111 -0.0497053 -0.282487 -0.34823 -0.0733452 0.10177 0.0591128 0.050922 6.90839 2.40762 1.40517 0.379742 -2.22607 -1.04651 -1.52912 0.949652 2.88315 -0.135713 -1.53145 0.375837 0.373455 15.7815 0.919748 -2.56137 4.63258 1.20926 -4.89791 -2.73637 3.51964 3.06419 -0.619986 -2.48206 -0.391242 0.996682 
3.15382 -0.344129 -0.16931 -0.524426 -0.355308 -0.159781 -0.172358 -0.267202 -0.264985 -0.0134083 0.102211 0.125308 0.00830349 14.9986 2.8408 -0.429476 1.94838 -2.3563 -2.85964 -2.06387 2.38264 3.60531 -0.346059 -1.99253 0.255355 0.116571 20.1179 1.91137 -3.36518 3.2576 -1.4917 -2.13842 -1.42663 2.44895 2.10231 -0.959457 -1.02825 -0.442196 0.740205 
3.22783 -0.404121 -0.229743 -0.358941 -0.306406 -0.264796 -0.215847 -0.114952 -0.158893 -0.0852021 0.0402089 0.02366 0.0291388 18.8003 3.44432 -1.0752 2.50791 -2.92926 -2.92593 -2.02039 3.42831 3.97529 -0.316022 -2.01531 -0.111759 -0.380162 17.813 1.73526 -3.22125 0.163171 -3.34169 0.442713 0.47763 0.940461 -0.20538 -0.424676 0.539655 0.308858 -0.58106 
4.38324 -0.250702 -0.326987 -0.158452 -0.235841 -0.481676 -0.34608 -0.0360406 -0.000702464 -0.193189 -0.175954 0.0967267 0.23854 22.5909 3.19127 -2.19103 2.15174 -3.03962 -2.54206 -1.05148 3.6143 3.06943 -0.465742 -2.05716 -0.160705 -0.611258 2.61388 0.064867 -1.30152 -2.89256 -3.18017 3.12031 2.69637 -0.136733 -2.57004 0.694706 2.15013 0.0436826 -2.60145 
5.04192 -0.0387111 -0.36632 -0.227944 -0.520513 -0.510515 -0.377597 0.0405796 0.0496862 -0.059783 -0.115782 0.110935 0.0608457 23.2048 2.74827 -2.99029 1.54144 -3.39787 -1.74995 -0.578458 3.78005 2.4395 -0.802572 -1.724 -0.0142895 -0.884901 -10.7176 -1.91777 0.137542 -3.54389 0.401401 3.85036 3.66679 -1.17715 -3.61173 0.117123 1.57986 -0.242638 -1.74381 
5.39994 -0.0521533 -0.471531 -0.195761 -0.680399 -0.370565 -0.317236 0.0405051 0.0725234 -0.129023 -0.00350785 0.0528526 0.0115956 20.0934 2.7581 -3.28039 0.469862 -2.73894 -0.514904 0.419105 3.25425 1.15169 -0.780557 -1.47082 -0.090774 -1.07014 -15.944 -2.45177 0.987972 -2.83212 3.29858 2.22811 2.108 -1.1353 -3.0146 0.0334214 -0.0268057 0.124633 -0.259762 
5.57006 -0.0849407 -0.492505 -0.2499 -0.672441 -0.401101 -0.264754 0.160837 0.0216118 -0.141905 -0.0936592 0.0729146 -0.0225545 14.3231 2.35315 -2.56132 -1.26696 -2.05156 0.787556 0.899027 2.46726 -0.140818 -0.437135 -1.03828 0.147566 -1.36581 -14.1539 -1.31278 1.06009 -1.32134 4.2323 0.919484 0.0258785 -1.18422 -1.48158 -0.262971 -0.677033 0.0338373 1.17484 
5.64555 -0.0843806 -0.508668 -0.311315 -0.626174 -0.402927 -0.168201 0.179007 -0.0548321 -0.108494 -0.143287 0.0873232 -0.0523242 6.4757 1.29463 -1.79355 -2.25787 -0.972305 1.72304 1.51141 1.70139 -1.10345 -0.185831 -0.8296 0.0841019 -1.45615 -8.27149 0.0911061 1.10694 -0.341515 2.8823 0.0738873 -1.49141 -1.2733 -0.070426 -0.088524 -0.760676 0.350824 1.71812 
5.60842 -0.0226368 -0.573465 -0.32088 -0.62157 -0.325755 -0.180195 0.170837 -0.00452817 -0.190364 -0.121284 0.0703704 -0.0422496 1.81764 0.768933 -1.31065 -2.13109 0.679286 1.73292 1.2325 1.08233 -1.07274 -0.859264 -1.25179 0.318377 -0.518688 -4.51861 0.379441 1.28101 -0.166755 0.674733 -0.125398 -1.36572 -1.10545 0.393993 0.348856 -0.0609386 0.461092 0.772218 
5.62854 -0.0123201 -0.609229 -0.353586 -0.570521 -0.309516 -0.211471 0.19443 -0.0587539 -0.151493 -0.166238 0.0817888 -0.0394069 -0.382402 0.839632 -0.767384 -1.9893 1.17225 1.36559 0.79826 0.469439 -0.981855 -0.414673 -1.63868 0.72054 -0.124188 -2.09222 -0.217649 0.996984 0.534098 -0.633206 -0.0985502 -0.346864 -1.13785 0.710023 0.0392191 0.261157 0.477961 0.338531 
5.52997 0.00539946 -0.545535 -0.453973 -0.531313 -0.281317 -0.228007 0.229256 -0.0916132 -0.1656 -0.188951 0.0834197 -0.036325 -1.31937 0.806939 -0.445004 -1.5523 0.544166 1.67846 0.90307 -0.783047 -0.769953 0.0224483 -1.17762 0.524116 0.0373598 -0.106829 -0.611325 0.376769 1.20798 -1.37648 -0.221926 0.791045 -1.48924 0.534065 0.451335 0.223644 0.260708 -0.0268695 
5.51223 0.00437971 -0.551873 -0.456739 -0.538474 -0.272175 -0.154443 0.168336 -0.0984159 -0.136934 -0.240206 0.124557 -0.0221938 -1.43801 0.425012 -0.191898 -0.998771 0.0505311 1.5504 1.16564 -1.58164 -0.762172 0.547241 -1.18226 0.340322 0.380162 0.957186 -0.742824 -0.015013 1.37674 -1.42291 -0.0794926 1.26157 -1.76355 -0.0191553 1.05173 0.314927 -0.446619 0.0600072 
5.4364 0.0479373 -0.582072 -0.452378 -0.541612 -0.234322 -0.199124 0.177224 -0.0327015 -0.246068 -0.197821 0.132883 -0.0398283 -0.639559 -0.133726 -0.213807 -0.424947 -0.176932 0.896131 1.69142 -1.686 -0.901404 1.12537 -1.29334 0.481499 0.68936 1.87233 -0.941942 -0.331476 1.27357 -0.912438 -0.427887 1.39021 -1.27625 -0.594174 1.69877 -0.00888862 -0.675327 0.621546 
5.49085 0.00670705 -0.581582 -0.435243 -0.551872 -0.230736 -0.16182 0.136305 -0.0886421 -0.146539 -0.26968 0.166133 -0.0230423 -0.0826111 -0.258426 -0.703744 0.369724 -0.590046 0.389215 2.1526 -1.76372 -0.530911 1.30931 -0.976067 0.278036 0.78025 1.73055 -0.591186 -0.762818 1.00906 -0.119462 -1.10954 0.869259 0.10365 -0.331329 1.1472 0.107775 -0.616087 0.740506 
5.47133 0.00901616 -0.559106 -0.453491 -0.640116 -0.16568 -0.0485646 0.000431462 -0.121517 -0.0835463 -0.236509 0.102888 -0.04069 0.225557 -0.361804 -1.27038 1.1425 -0.482397 -0.269562 1.84789 -1.22291 -0.0636869 1.33413 -0.963734 0.149719 1.00703 0.741877 -0.104715 -1.11666 0.95212 0.920713 -1.87109 -0.604368 2.12581 0.726988 -0.21954 -0.0468052 0.0466165 0.711636 
5.4811 -0.0220155 -0.572101 -0.42112 -0.606381 -0.186523 -0.00756059 -0.0465289 -0.157417 -0.0341572 -0.298496 0.0934776 0.0342402 -0.68825 -0.080909 -1.78397 1.43796 -0.0139738 -0.744771 1.38187 -0.498756 0.288739 0.780404 -0.774745 0.173639 1.33125 -1.35467 0.754057 -1.42562 0.826227 1.18753 -1.63011 -1.61748 2.79088 1.73002 -1.75089 0.316615 0.561777 0.250789 
5.59378 -0.051187 -0.64055 -0.382082 -0.581157 -0.262145 0.0018505 0.0524772 -0.143373 -0.0356501 -0.314278 0.16185 0.0772499 -2.1448 0.146711 -2.26638 1.44918 0.240331 -1.14055 0.888446 0.268779 0.877423 0.307062 -0.682405 0.103801 1.52824 -4.2412 1.31283 -1.09545 0.189706 0.909902 -0.509152 -2.17495 2.05433 2.06032 -2.51428 0.593204 0.210355 -0.107457 
5.56687 -0.0115588 -0.709532 -0.332605 -0.62207 -0.286577 0.0432044 0.0377156 -0.100957 -0.0136479 -0.277443 0.115513 0.0424729 -4.62169 0.652567 -2.6981 0.553957 1.15584 -1.21544 -0.518042 1.64765 1.80943 -0.882582 0.268984 -0.240645 1.12307 -5.9322 1.05496 -0.424538 -1.4171 1.14467 0.542851 -2.39639 1.47767 1.4695 -2.22428 0.970891 -0.258964 -0.373618 
5.46913 -0.0163548 -0.718018 -0.300128 -0.555816 -0.335047 -0.0533206 0.129574 -0.0330994 -0.057836 -0.336525 0.131312 0.0940723 -9.84446 0.32787 -2.99475 -1.4116 1.97087 -1.91174 -1.3219 3.72697 3.11649 -1.88125 0.656023 -0.280336 0.68149 -8.82435 0.0361205 -0.0545294 -3.92557 1.00718 0.552131 -1.34169 1.71813 1.36417 -1.52169 1.60975 -0.953532 -1.0673 
5.247 0.0565553 -0.811571 -0.280608 -0.510956 -0.330787 -0.0334442 0.115667 -0.014311 -0.161427 -0.306541 0.179714 0.14795 -16.704 -0.921991 -1.70133 -3.02917 1.80346 -1.83 -1.23609 4.5747 4.24258 -1.85549 0.828655 -0.643335 0.0158011 -12.1054 -2.44076 1.64728 -5.14036 0.574383 -0.21092 -0.147337 2.52756 1.75787 0.176846 0.924694 -1.23758 -1.53226 
5.06275 0.0573001 -0.862362 -0.304869 -0.550445 -0.334724 -0.0836073 0.174265 0.0725821 -0.176119 -0.296032 0.128926 0.144549 -22.7716 -2.61077 0.877868 -3.26855 1.74656 -0.959268 -0.649135 3.11701 3.81435 -0.768564 1.06803 -1.76249 -0.744142 -13.7538 -4.57223 4.42034 -3.14977 -0.0528742 -0.0943824 1.7214 0.48512 0.681556 2.20432 0.148704 -1.37539 -1.73983 
4.79007 0.0856424 -0.889562 -0.498964 -0.384214 -0.317455 -0.238314 0.317471 0.119019 -0.228574 -0.148207 0.0509596 0.0577359 -21.2853 -3.53967 2.36634 -2.39753 1.74698 -0.836228 -1.10542 0.522832 2.41425 0.231075 0.485452 -1.73388 0.00958971 -5.5951 -4.45136 5.69289 2.12346 -1.33935 0.354348 2.1925 -4.89281 -1.88779 3.73511 -1.61595 -0.766822 0.0826699 
3.87397 -0.0610318 -0.933282 -0.799614 -0.357159 -0.498074 -0.144084 0.578793 0.320638 -0.300867 -0.187069 0.0651047 0.0520421 -17.5857 -3.7173 2.95354 -1.36453 1.32672 -0.727807 -1.18253 -1.48804 1.00896 0.996355 -0.037174 -1.15877 0.475484 10.5959 -1.25014 4.07332 6.94752 -1.37259 1.34309 0.0882539 -8.9695 -4.96438 3.37417 -2.29507 0.681448 2.12035 
3.08495 -0.312144 -0.651782 -0.7809 -0.443786 -0.451718 -0.058801 0.551359 0.41881 -0.162082 -0.26148 0.0380764 0.0368456 -12.919 -4.12997 2.10981 -0.450489 1.0009 -0.0830054 -0.989088 -2.41785 -0.174968 1.20518 0.156238 -0.202744 0.676947 23.143 2.66617 -2.17937 6.65795 -0.539982 1.47355 -1.621 -7.32172 -5.63336 0.336238 -0.803666 2.64131 2.83816 
2.67412 -0.463374 -0.337265 -0.558667 -0.409243 -0.299926 0.0126702 0.171436 0.210188 0.0218366 -0.173553 -0.155403 -0.0609967 -6.63242 -3.71549 0.559734 1.72839 1.04765 0.237418 -0.810885 -3.13057 -1.40785 0.252928 0.342479 0.938783 1.06535 24.3577 4.34525 -8.01957 3.06601 0.193973 0.458968 -2.14776 -0.109516 -2.59414 -3.56497 0.767513 4.12283 2.00398 
3.72003 -0.34728 -0.465676 -0.364252 -0.377161 -0.420672 -0.254845 -0.181951 0.0415651 0.0158806 -0.32808 -0.0161457 0.239851 0.797049 -2.26169 0.129688 3.85568 0.413886 0.789406 -1.24491 -3.86785 -2.45908 -0.903057 0.465204 1.45119 1.62366 11.3329 3.35664 -7.09924 -0.600847 0.490284 0.610162 -0.503558 6.11607 0.762303 -5.44599 2.81212 2.39354 -0.915887 
3.83854 -0.283019 -0.561048 -0.381145 -0.380191 -0.433418 -0.275918 -0.0762806 0.0334817 -0.0573291 -0.362585 0.133899 0.252013 7.58105 -0.992635 -0.407103 4.69734 0.0156498 0.987074 -1.84658 -3.71396 -2.96514 -1.28405 1.6663 1.59168 1.46143 0.0037117 0.982819 -1.7807 -1.58517 -0.415263 -0.0271273 0.849757 6.26288 2.4599 -3.5501 3.10176 -0.531194 -2.10293 
3.77039 -0.403651 -0.871053 -0.463617 -0.378928 -0.275446 -0.167406 0.0506642 0.0376119 -0.152127 -0.131009 0.213978 0.173791 9.83284 -0.0294002 -1.45943 3.58561 -0.332874 0.611597 -1.0905 -1.85018 -2.66198 -2.19064 2.30239 1.51664 0.87178 -4.99623 -0.157331 4.86358 -0.869157 -1.56387 -0.672639 1.46966 2.42934 1.76143 0.289017 1.13737 -2.95258 -1.9516 
4.02835 -0.384825 -0.968954 -0.212677 -0.297637 -0.346965 -0.224582 0.102592 0.0195652 -0.336482 -0.118903 0.220517 0.17311 8.37217 0.348433 -1.41105 1.84451 -1.31688 0.627883 -0.214897 0.427271 -1.71696 -2.56962 2.71114 1.15178 0.0910198 -5.60445 -0.410368 6.57081 -1.9532 -2.47523 -0.214334 2.04739 -0.953585 0.147864 3.39246 -0.0219875 -3.38293 -1.4155 
4.23973 -0.23627 -0.664805 -0.178269 -0.365076 -0.288198 -0.362719 0.0199345 -0.0351701 -0.412813 -0.101008 0.136921 0.226125 3.32304 -0.103533 0.114237 0.863739 -1.24836 1.38302 1.09442 1.54006 -0.689253 -2.19777 2.99203 -0.368685 -1.53271 -4.17528 -0.518399 2.44738 -2.60961 -1.27066 0.0980394 2.26985 -0.924105 0.145554 3.24372 -1.28053 -1.6976 -0.999205 
4.21344 -0.391278 -0.608101 -0.225407 -0.46764 -0.386732 -0.281026 0.0251401 0.0161388 -0.212669 0.0325591 0.1434 0.174902 1.80981 0.183757 1.33417 0.739282 -0.996701 1.24094 1.56786 0.805561 -0.279124 -1.12362 2.5262 -1.16498 -2.01897 -4.37145 0.558456 -1.03622 -2.02853 0.918667 1.19286 1.76532 0.342839 0.698954 0.885878 -1.65664 -0.29453 -1.29213 
4.08136 -0.40362 -0.611971 -0.26955 -0.509887 -0.321565 -0.0700513 0.0528745 -0.059302 -0.249727 -0.0149226 0.0949471 0.104456 0.0775537 0.373493 2.29615 0.817402 -1.0228 0.498482 1.02247 0.315385 -0.0909511 -0.502122 1.76103 -1.16715 -1.68798 -3.32337 0.630274 -2.4505 0.0838028 2.26579 0.518995 -0.701456 0.565941 1.38028 -0.694965 -0.641459 0.852302 -0.493771 
4.19137 -0.321727 -0.608341 -0.317772 -0.598655 -0.237441 -0.128267 0.0591072 -0.116535 -0.278521 0.0642912 0.0637353 0.0887767 -2.63956 0.0703299 1.74104 -0.153183 -0.634285 0.684218 1.5917 0.324827 0.0893675 -0.297985 1.26072 -0.712281 -1.3701 -2.80372 0.218755 -1.44312 1.75613 2.55468 -1.07311 -1.63514 0.00809516 1.19088 -1.32459 -0.853337 1.43649 0.968822 
4.08441 -0.342535 -0.621401 -0.289698 -0.417421 -0.188899 -0.126546 0.119782 0.0310781 -0.349821 0.00386182 0.0231003 0.0133203 -4.61982 -0.158511 0.131826 -0.14439 0.778002 0.44367 2.121 0.358941 -0.027627 -0.228762 1.03044 0.156507 -1.44627 -2.59946 -0.236159 -0.197706 1.04859 1.16832 -1.69745 -0.968603 -0.949979 -0.56462 -0.195855 -0.202371 1.75261 1.84494 
4.01357 -0.272628 -0.608259 -0.251396 -0.413784 -0.234513 -0.0359221 0.0867791 0.0426842 -0.259716 0.0546923 0.0746952 -0.0597941 -5.35772 0.650867 0.586758 0.0328991 1.23857 -0.285416 1.0259 -0.121088 -0.351107 -0.509085 0.441349 0.187566 -0.891997 -2.46284 -0.714131 0.43543 -0.486552 0.110998 -1.83328 -0.21996 -1.06359 -1.56049 0.736268 -0.272635 0.903284 1.67445 
3.88405 -0.35868 -0.589178 -0.151421 -0.488592 -0.322137 -0.20956 0.0829548 -0.00242072 -0.350265 0.118685 0.108383 0.0544074 -5.8089 0.364742 0.6954 0.123925 1.67791 -0.667381 -0.146693 -0.79925 -0.296181 -0.414318 0.364396 0.572234 -0.48821 -1.18224 0.0956084 0.546986 -1.60722 0.205107 -0.422205 0.301456 -1.17888 -1.51352 0.940182 -0.77916 -0.15479 0.190501 
3.7344 -0.350031 -0.587977 -0.253077 -0.413616 -0.259732 -0.049953 0.0889869 -0.0185227 -0.409343 0.0157458 0.116164 0.0995044 -6.83091 -0.121113 0.736315 -0.197222 1.64471 -1.01959 -0.418825 -1.39766 -0.762971 -0.300583 0.11187 0.787019 -0.0818003 0.325058 0.288406 0.531639 -1.17923 -0.255478 0.15315 -1.57717 -1.22515 -0.71965 0.655519 -0.221749 -0.67468 -0.555691 
3.58717 -0.341578 -0.658359 -0.269272 -0.267959 -0.272976 0.0408956 0.0398266 -0.0843262 -0.276931 0.104808 0.187017 -0.0167274 -7.02772 -0.0604029 1.04771 -0.807636 1.08045 -0.765367 -0.401256 -1.66434 -1.86914 -0.214006 0.0902821 0.812248 0.233381 0.534757 -0.0569602 0.626063 -0.525651 -0.654195 0.827273 -1.93751 -0.546212 -0.022223 -0.602415 -0.459455 -0.725317 -0.136461 
3.52324 -0.256904 -0.444859 -0.284307 -0.41417 -0.450072 -0.126164 -0.00107925 -0.0935014 -0.254016 0.0486656 0.0737041 0.0271543 -7.20777 -0.42449 0.900481 -1.35248 1.12675 -0.15193 -0.528604 -1.58834 -1.8619 -0.607841 -0.605382 0.868006 0.447157 -0.0764694 -0.817624 -0.613467 -0.192629 -0.357497 1.70525 -0.239517 0.193892 -0.124632 -1.13904 -0.34767 0.590269 0.39083 
3.44865 -0.342179 -0.547324 -0.27346 -0.303546 -0.280593 -0.188515 -0.0623727 -0.0776186 -0.370724 0.0471593 0.138204 0.00381915 -6.95175 -0.207318 1.2285 -1.69559 1.0462 0.461277 -0.131454 -1.22282 -1.09467 0.203579 -0.645218 0.919619 0.205542 -0.555412 -0.616998 -0.109197 -0.261687 -0.644783 1.06133 1.21929 1.28468 0.307675 -0.0802608 -0.317759 0.865634 0.97368 
3.27984 -0.36441 -0.544225 -0.333337 -0.327849 -0.328078 -0.20399 -0.0989798 -0.137186 -0.359174 0.0662684 0.155 0.049762 -6.45074 -0.422134 1.60533 -0.857323 1.10111 0.345976 -0.977579 -0.645308 -0.325137 0.59259 -0.336529 0.838753 0.268634 0.151488 -0.0683205 0.489781 0.317866 0.375802 0.583683 1.61647 1.89121 1.60733 1.28199 -0.275149 0.51532 0.351746 
3.14825 -0.320332 -0.464206 -0.361324 -0.304143 -0.283255 -0.0922787 -0.0618052 -0.244962 -0.357332 0.0452832 0.161639 0.03288 -5.61468 -0.599072 1.85752 -0.531576 0.874313 0.933863 -0.884708 -0.323512 0.19559 0.130377 -0.650306 0.150166 0.237254 1.60165 0.119411 0.782237 1.20134 0.620604 -0.168466 0.0263916 1.15774 2.4419 1.72959 0.282849 -0.762557 -0.643103 
3.02537 -0.400173 -0.526502 -0.390912 -0.304419 -0.26558 -0.121663 -0.0822017 -0.183231 -0.408012 -0.0524509 0.24454 0.0878752 -5.03908 -0.665121 1.46738 -0.683026 1.30261 1.47746 -0.189544 0.0392064 0.403951 0.283386 -0.678458 -0.0642509 -0.316176 2.6667 0.53094 1.12879 1.1555 0.317711 -0.323333 -1.08961 0.310648 1.52578 0.793831 0.411342 -2.28335 -1.40084 
2.95818 -0.35665 -0.400394 -0.413658 -0.312428 -0.227792 -0.102597 -0.0190673 -0.0613191 -0.233878 0.0338896 0.234371 0.0840592 -4.11292 -0.147734 1.93454 -0.906875 0.491568 0.510955 0.0271796 0.559157 0.720338 0.854122 -0.99719 -0.581517 -0.045492 2.55656 0.26902 -0.271892 0.101381 -0.283382 -0.290252 -0.724718 -0.411859 -0.292169 -1.02681 -0.427692 -1.96265 -0.956212 
2.91748 -0.378088 -0.360077 -0.28385 -0.159712 -0.298707 -0.213038 0.0122497 -0.0303616 -0.219834 0.0358294 0.19906 0.0534471 -2.89306 0.0305742 1.76365 -0.887176 0.150735 0.246449 -0.0557145 0.749433 1.07619 0.838665 -1.17282 -0.816788 0.0347827 1.66479 0.476182 -0.91404 -1.62664 -1.88603 -0.643212 0.668466 -0.333653 -1.36411 -1.16343 -0.927197 -0.667592 0.41839 
2.94666 -0.384282 -0.33546 -0.318016 -0.241641 -0.195059 -0.178667 -0.0768953 -0.0794219 -0.326186 -0.011827 0.0600732 -0.026782 -1.92515 0.0997489 1.38007 -0.966701 -0.283897 -0.231402 -0.266197 0.672174 1.11012 0.761595 -1.10377 -0.944083 0.247703 0.750662 0.521464 -1.06075 -1.63641 -1.805 -1.32612 1.13108 0.510747 -0.978417 -0.147888 -0.703001 1.18588 1.70341 
2.86866 -0.375688 -0.34494 -0.433307 -0.216944 -0.173409 -0.173833 -0.0466849 -0.0904841 -0.317106 -0.0586413 0.0760263 -0.0435762 -1.19191 0.369103 1.17149 -1.04588 -0.596588 -0.508544 0.0161857 0.65968 0.521549 0.585923 -0.971406 -0.997391 0.325088 0.661352 0.167639 -0.872085 -0.265102 -1.14741 -1.28122 0.651413 0.492242 -0.053772 0.431596 0.0854509 1.68518 1.78851 
2.85658 -0.344199 -0.319132 -0.473621 -0.331261 -0.304671 -0.1383 0.0221275 -0.0535478 -0.251362 -0.101971 0.114207 0.100888 -0.781419 0.263121 0.506346 -1.16069 -0.88354 -0.675897 0.197668 0.461271 0.0502116 0.050878 -1.18046 -0.58876 0.609441 0.691828 -0.0994812 -0.401924 0.993288 0.393882 -0.0840606 -0.054377 -0.0280638 0.18353 0.384194 1.01147 0.918652 0.193109 
