3.08994 -0.459251 -0.631244 -0.370707 -0.233396 -0.305534 -0.213629 -0.032799 0.010687 -0.139413 -0.0437797 -0.000384887 -0.0336136 -0.438645 0.737935 1.23053 -0.313239 -0.231803 0.316594 1.08421 1.21683 -0.834043 -0.990023 0.591063 0.846654 -0.106678 -0.873168 0.435188 1.17977 -0.280386 -0.15637 0.150147 0.343366 0.658358 -0.646738 -0.718828 0.814082 0.900112 0.179826 
3.16052 -0.388927 -0.591327 -0.355456 -0.225264 -0.257189 -0.0565899 0.0577696 -0.0568455 -0.203329 -0.0789588 0.00183595 -0.081033 -1.62709 0.481948 1.67713 -0.515718 -0.296854 0.233298 1.18442 1.09092 -0.980499 -0.516245 0.936856 0.641685 -0.102502 -2.77493 -0.504061 1.32305 -0.66697 -0.24797 -0.0112682 -0.370586 -0.63226 -0.159048 1.0305 1.25939 0.317685 0.412939 
3.15304 -0.409026 -0.632332 -0.408543 -0.28765 -0.347404 -0.194486 0.144294 0.000393548 -0.284852 -0.0295245 0.054776 -0.0532718 -3.06786 0.115909 2.36107 -0.408443 -0.249636 0.549457 0.879807 0.0270629 -1.48494 -0.392648 0.87924 0.928732 0.263559 -3.97775 -1.1525 1.53125 -0.383138 0.00641938 0.598024 -0.146204 -2.42414 -0.42289 2.25034 0.554346 -0.305422 0.465842 
3.07144 -0.36015 -0.483501 -0.299437 -0.171559 -0.272126 -0.150132 0.0386614 -0.149964 -0.333237 0.0175986 0.119338 -0.00386515 -4.68465 -0.377719 2.94886 -0.242268 -0.326869 0.728638 0.60363 -0.909209 -1.07527 0.615095 0.736363 0.727858 0.520094 -3.89152 -1.67132 0.768123 -0.151889 -0.341879 0.451583 -0.559694 -2.79296 0.571805 2.78113 -0.612968 -0.96975 0.362503 
2.94495 -0.391787 -0.443854 -0.487364 -0.31263 -0.242592 -0.0390313 0.106626 -0.0553054 -0.152852 0.0596195 0.0933507 -0.0609103 -6.16293 -1.03971 3.19979 0.123776 -0.28743 0.601681 0.260285 -1.54006 -0.526206 1.54354 0.480226 0.246424 0.650309 -2.60633 -1.44397 0.188017 1.4208 0.340134 0.0526865 -1.14059 -2.4234 0.846645 1.50784 -1.56172 -1.0375 0.509197 
2.78538 -0.451469 -0.426102 -0.43832 -0.265539 -0.300652 -0.0850061 0.0553605 -0.102044 -0.125123 0.0786318 0.0160829 -0.0487261 -6.79524 -1.52495 3.31243 0.582904 0.00687835 0.607404 -0.407557 -2.13279 0.0781562 2.27203 0.1671 -0.324271 0.804002 -0.259918 -0.560383 -0.116565 1.76679 0.514953 -0.0181604 -0.931027 -0.587148 1.48121 0.420641 -1.64288 -0.780801 0.23534 
2.64616 -0.477037 -0.315482 -0.377785 -0.245507 -0.199567 -0.154058 -0.157088 -0.219723 -0.209096 0.00838267 0.143204 0.037967 -4.07788 -0.32656 3.24422 0.704865 -0.29965 0.446791 0.500058 -1.74585 0.132702 2.47665 -0.259505 -0.820049 0.542704 4.24072 1.41325 -0.734268 0.832918 -0.033175 -0.986139 0.1722 2.17515 1.6715 -0.112745 -0.521526 -1.05419 -0.451775 
2.49121 -0.51338 -0.260581 -0.364829 -0.279648 -0.20732 -0.132056 -0.156263 -0.0487995 -0.00547984 0.000108025 0.0571207 0.0284807 1.11868 0.388583 2.16577 0.978521 -0.847337 0.669546 0.168036 -0.890526 0.484844 2.35071 -0.19237 -1.11965 0.321912 10.5087 3.13015 -1.2599 0.125498 -0.51502 -0.218426 1.06764 3.02871 -0.178801 -1.13677 0.681936 -0.459932 -0.771008 
2.37615 -0.569005 -0.252129 -0.313392 -0.262043 -0.259301 -0.128454 -0.110773 -0.0288206 0.00817875 -0.0172352 0.00135725 0.0124242 7.85524 1.18372 2.10497 1.63304 -0.516782 0.564213 0.530126 -0.489446 0.0622121 1.88176 -0.861508 -0.987316 -0.402918 16.1559 3.39039 -1.21014 -0.755797 -1.14203 0.407498 1.6633 2.45177 -1.19938 -0.820477 0.567532 0.199368 -1.4801 
2.4092 -0.552253 -0.191925 -0.275792 -0.205487 -0.214574 -0.188285 -0.120739 -0.0248737 -0.00491284 -0.0248463 -0.0205223 0.0298032 13.965 1.27731 1.7371 1.10855 -1.24101 0.288015 1.14105 0.682061 -0.656213 1.58314 -1.07708 -1.10343 -0.751183 16.6756 1.21397 -0.942479 -0.663608 -1.23469 0.143884 1.31729 1.1289 -2.41652 -0.705089 -0.282969 0.454387 -1.30616 
2.9882 -0.242503 -0.177202 -0.355419 -0.358884 -0.293848 0.0156166 -0.0110136 -0.0868024 -0.0223581 -0.00450883 -0.00960374 0.00118389 18.4533 0.549135 1.1145 0.838641 -1.37312 -0.147253 1.22586 1.62136 -1.68299 1.14394 -0.36345 -1.10302 -0.914038 9.48374 -3.10289 -0.301908 -0.0886336 -0.127501 0.0178632 -0.418233 -0.405231 -2.6538 -0.58999 -0.585202 0.686791 -0.338814 
3.57427 -0.301584 -0.274974 -0.251127 -0.374595 -0.0944029 -0.103871 -0.0192701 -0.0914414 0.0421457 0.0757458 -0.0295953 -0.00283665 20.5447 -0.0981841 1.06756 0.954773 -1.6424 -0.463816 1.01575 0.941906 -3.26013 -0.270571 -0.859428 -0.271897 -0.0829628 -1.03684 -4.6656 0.496973 -0.0938627 0.157311 -1.69349 -0.75978 -1.02083 -2.23242 -1.14508 -0.929422 0.654987 1.26839 
4.16658 -0.315821 -0.117262 -0.25294 -0.321886 -0.207272 0.0368687 -0.0416813 -0.120147 0.098627 -0.140909 -0.0234049 -0.177996 21.9335 0.810439 1.25412 0.444756 -2.34551 -1.67235 0.135738 0.710169 -3.4012 -0.921808 -0.723702 -0.131351 -0.558756 -7.79471 -2.04989 0.190615 -0.20325 -0.470899 -2.50368 -2.23494 -0.95281 -1.12716 -2.29708 0.507933 0.516097 1.96805 
4.44176 -0.440578 -0.152028 -0.301161 -0.446824 -0.270691 0.00695094 0.0458847 -0.304964 0.0236912 -0.119671 -0.0887186 -0.0560809 21.9576 1.26134 0.844073 -0.17377 -3.39086 -2.88938 -0.819737 0.965888 -2.52982 -0.744075 -0.478513 0.251074 -0.755363 -6.5796 2.92491 -0.0147682 -0.714169 -1.4057 -2.63816 -2.59574 -0.52897 1.81795 -1.3753 1.03899 0.838586 0.402694 
4.61009 -0.583614 -0.164943 -0.252268 -0.391205 -0.24491 -0.0556128 0.0367293 -0.386044 -0.00197704 0.0440434 -0.00852341 -0.0237513 19.5608 1.14731 0.339082 -0.49747 -3.8193 -3.62563 -2.15615 1.33558 -1.15721 -0.453205 0.145993 0.603168 -0.50399 -1.1761 6.17446 -0.886351 -1.58437 -2.80525 -2.38818 -1.97465 1.12604 4.31139 0.612088 1.06654 0.53116 -1.21568 
4.64104 -0.564477 -0.0940151 -0.184915 -0.481956 -0.327653 -0.0356809 -0.107058 -0.447534 -0.110054 -0.179196 0.0341055 0.122609 16.628 2.15307 -0.119679 -0.973575 -4.30034 -4.51753 -2.44798 1.89306 0.258473 -0.0750386 0.711152 1.10849 -0.16029 1.84978 4.31661 -1.9918 -1.49526 -1.91335 -0.680859 -1.51981 2.56319 5.27555 2.91896 2.02351 0.447517 -1.84219 
5.15782 -0.151922 -0.0488972 -0.309429 -0.606851 -0.572977 -0.201063 0.0163488 -0.359123 -0.148994 -0.0578206 -0.0582108 -0.17109 13.3464 2.87186 -0.866069 -0.788906 -4.0728 -4.22861 -3.37245 2.29394 1.7684 0.312264 1.57878 1.21268 0.373302 -2.04713 -0.752072 -1.8302 -0.0576078 0.564597 1.16219 0.111145 1.92308 3.55214 3.11197 0.963878 0.691106 0.516393 
5.62712 -0.106459 -0.155694 -0.387002 -0.796216 -0.601538 -0.241684 0.124503 -0.208568 0.00529642 -0.0232581 0.0431309 -0.131116 10.1167 3.47476 -0.784436 -0.283662 -2.77343 -3.93391 -3.45567 2.45182 3.02343 0.560229 1.23203 1.2281 -0.0810467 -8.98819 -3.52063 -0.547945 1.71616 3.56107 2.00478 0.48569 0.368399 0.400564 0.507494 0.0463082 -0.104899 1.92103 
5.79332 -0.152994 -0.230577 -0.378698 -0.846227 -0.622812 -0.290439 0.224274 -0.133129 0.0492245 0.0795793 0.0733406 -0.0767296 5.87481 3.16398 -0.322885 -0.384555 -0.609589 -3.76884 -2.95139 2.29362 3.41597 0.0523825 0.600832 0.941472 -0.373071 -13.2121 -3.23085 1.5861 2.10648 6.16518 1.60382 0.889112 -1.7963 -1.58014 -2.32179 -1.56497 -0.535533 1.1369 
5.78159 -0.160421 -0.247086 -0.342992 -0.827817 -0.66469 -0.309706 0.220314 -0.0720139 0.10639 0.0654271 0.121466 -0.0445069 0.962 0.930387 1.31118 -1.01343 2.19505 -2.23494 -2.1184 1.14946 2.9738 0.126103 0.364407 0.69649 -0.220091 -12.6953 -2.23666 4.10398 0.184484 6.55383 1.31911 1.49642 -3.44874 -2.3997 -3.42423 -2.78491 -1.10711 -0.213008 
5.66016 -0.13779 -0.214249 -0.305056 -0.748265 -0.711503 -0.399837 0.24932 -0.0389572 0.0602309 0.0582113 0.0789396 -0.00343063 -5.26432 -2.48346 2.77868 -0.98542 5.14846 -0.0549417 -0.294523 -1.57763 1.45636 -0.505788 -0.47209 0.0067004 0.924317 -8.64326 -2.7277 4.76576 -2.24439 5.46132 2.18369 2.72365 -4.67766 -2.43848 -2.1022 -1.82743 -1.51241 -1.20835 
5.45422 -0.108016 -0.189202 -0.23613 -0.639613 -0.723248 -0.439443 0.283731 -0.0536807 -0.040684 0.0210491 0.0761418 -0.0316154 -9.60182 -4.74237 3.3144 -1.22897 7.42249 1.50792 1.08157 -3.29287 0.296551 -1.66324 -0.565356 -0.495805 0.770622 -4.37847 -5.27121 2.56833 -3.09982 3.21108 3.90463 3.8105 -4.7659 -1.86794 0.0716989 -0.114887 -0.95279 -0.0296452 
5.17912 -0.128541 -0.0687502 -0.323184 -0.346752 -0.805373 -0.374247 0.176605 -0.0216616 -0.170795 -0.0361194 0.107159 -0.106833 -10.9402 -6.03228 3.10473 -1.97609 7.77895 2.88098 2.79572 -3.34654 0.0332285 -1.93393 -0.909168 -0.830264 0.379488 -0.378515 -5.66013 -1.37027 -1.76585 -0.392053 4.59918 3.77764 -1.68951 -0.935547 1.34647 1.33457 -0.654134 0.864842 
4.98531 -0.352439 0.261342 -0.521802 -0.231059 -0.629062 -0.309164 -0.0257612 -0.0581661 -0.0419392 -0.121181 0.0662958 -0.048682 -10.7387 -7.10087 2.28923 -2.7755 6.88968 3.90224 3.97685 -3.28389 -0.122464 -1.52568 -0.557746 -1.03112 0.0780224 2.55984 -2.68446 -5.38286 0.292946 -3.41365 2.48821 2.50981 2.3168 0.450943 1.0461 1.84164 0.0780798 0.300017 
4.71204 -0.613631 0.237613 -0.509156 -0.0403915 -0.460149 -0.149745 -0.257381 -0.168152 -0.0932366 -0.0334567 -0.0794875 0.00999253 -9.45298 -7.41043 1.40405 -3.43807 4.98092 4.2586 4.09204 -3.09962 0.0783979 -0.597026 -0.0305334 -0.635172 0.051878 4.60142 1.73296 -5.17597 0.59669 -5.76205 -0.703719 -0.45474 4.92419 1.75793 1.08091 1.02673 1.15945 -0.615225 
4.55602 -0.852876 0.0311746 -0.502465 0.056274 -0.340901 -0.0834801 -0.196257 -0.119412 -0.171746 0.0370669 0.0543309 0.0244364 -7.37094 -6.77368 0.0749299 -3.16629 3.15573 4.28322 3.78082 -2.91922 0.133696 0.825392 0.103342 -0.397102 0.424451 4.89037 4.99719 -2.0966 0.488771 -5.50526 -2.79293 -2.55133 3.04756 1.22932 1.94703 -0.349256 0.933417 -0.783357 
4.56873 -0.842696 -0.00165628 -0.579648 -0.0206327 -0.294632 0.0812068 0.0307902 -0.0235551 -0.148609 -0.0450508 -0.00219945 -0.0360101 -4.55896 -5.38908 -1.16391 -2.53012 1.25562 3.95653 3.02911 -1.27025 -0.422929 1.40431 0.303456 -0.449437 0.795098 4.16043 4.84882 0.774757 0.353975 -2.75302 -2.84006 -3.51892 -0.212728 -0.752754 1.97083 -0.665518 0.577315 0.258755 
4.48136 -0.913256 -0.0210023 -0.651264 -0.0756559 -0.279263 0.0896178 -0.0882704 -0.0446933 -0.0722587 -0.00523725 -0.0178932 -0.057799 -1.2232 -2.99004 -2.17192 -1.15132 0.0400557 2.82135 1.52081 0.0921103 -0.529914 1.06451 0.139818 0.168729 0.695117 4.73489 3.48215 1.75065 1.4246 -0.285058 -1.19797 -3.05994 -0.86105 -2.10658 0.874545 -0.908046 0.171589 1.30032 
4.43909 -0.90428 0.03461 -0.729826 -0.160896 -0.307251 -0.0577706 -0.131053 -0.00984013 -0.0439859 0.0351964 0.0483431 -0.0245146 0.83728 -1.07362 -2.22656 -0.183972 -1.84161 2.10451 -0.109504 1.20009 -0.146902 1.71176 0.239162 0.669468 0.499399 4.28488 1.78818 -0.209533 3.11416 0.317144 0.306782 -1.54315 0.692284 -1.77405 -0.574049 0.0360525 -0.139937 0.918995 
4.45432 -0.881957 -0.0470003 -0.640366 -0.0727135 -0.242313 0.0112755 -0.256119 -0.0720084 0.09956 -0.0616757 0.0437505 0.0288176 0.846186 0.335048 -2.34192 0.98723 -2.76238 2.27469 -1.37282 1.14229 -0.311286 1.58735 0.602817 -0.00973495 0.318882 1.73694 0.978043 -1.90415 3.23543 -1.43336 1.0269 -1.45179 2.89386 0.386151 -1.90873 1.3886 -0.0442281 -0.535336 
4.59277 -0.918253 -0.013926 -0.719256 -0.0583715 -0.198162 0.0534385 -0.05835 -0.214847 0.0246617 -0.0286351 -0.0341511 0.0716291 -0.937656 0.847752 -2.95858 2.34945 -2.94892 1.46665 -2.29025 0.629937 -0.146712 0.893995 1.40549 0.188236 0.200895 -3.497 1.1092 -2.52975 2.85708 -2.81461 -0.0893882 -1.34906 1.64046 2.60219 -1.44207 1.90114 -0.0445945 -1.78888 
4.85222 -0.841547 -0.0629623 -0.545563 -0.108001 -0.166356 -0.0939827 -0.0816149 -0.182753 -0.0260442 -0.0605335 0.0671303 0.0738054 -2.64901 1.4044 -3.29972 3.50428 -2.3654 1.29457 -2.38656 1.10493 0.535181 0.052104 0.707823 -0.110389 0.160503 -8.4506 0.627099 -1.52919 1.22207 -1.28726 -1.22202 -0.590711 -0.622796 2.68928 -0.848336 0.950926 -0.682757 -1.46397 
4.69395 -0.860578 -0.23579 -0.455746 -0.359454 -0.122404 -0.135774 0.0431924 -0.0548963 0.0958381 0.105436 0.0788448 0.0223418 -4.34151 1.25466 -3.83868 3.38237 -1.55838 1.11606 -2.48563 1.35217 1.11041 -0.217695 0.64735 -0.169642 -0.233554 -7.71943 0.185035 0.354623 -0.796399 2.50823 -1.8625 -0.101023 -2.14481 1.28604 -0.714208 -1.29121 -0.473777 -0.232253 
4.4498 -0.788064 -0.345591 -0.404077 -0.389664 0.0148732 -0.199951 0.0585111 -0.0534459 0.00148612 0.118512 -0.0307743 -0.0294451 -5.00386 0.923804 -3.68159 2.67996 -1.75382 1.002 -2.40307 0.074722 1.1464 -0.647782 0.637947 0.0836546 -0.336643 -1.91993 -0.900155 1.50126 -2.16231 4.04715 -1.28611 1.13871 -3.00862 -0.751028 0.108512 -2.52343 0.373766 1.00977 
4.13107 -0.756606 -0.358669 -0.338416 -0.414256 -0.259985 -0.208864 -0.0525603 -0.00345443 -0.0189295 0.178105 0.0334244 -0.0417268 -3.83352 0.872877 -3.61351 1.68238 -1.51966 0.476548 -1.60371 -1.02768 1.00031 -0.317141 0.383828 0.166438 -0.42403 6.35195 -1.37116 1.47684 -3.38187 2.53804 0.6986 1.77513 -1.61943 -2.29761 0.353321 -1.81862 0.49611 1.09883 
4.02708 -0.734277 -0.346211 -0.252773 -0.24324 -0.138602 -0.240785 -0.0536084 0.0350437 -0.0467821 -0.0590748 -0.0252881 0.0366891 -2.19921 1.5598 -1.5219 0.746255 -1.59176 -0.908037 -1.45145 -0.872943 -0.116694 -1.12443 -0.49271 -0.256946 0.476627 10.5123 0.0921045 2.06887 -2.57353 -1.64292 -0.397653 0.998539 -0.278302 -2.70236 -0.248535 -0.00504839 0.616401 0.877809 
4.00559 -0.795569 -0.457624 -0.40072 -0.174237 -0.120415 -0.332489 0.0171812 0.0494506 0.0262601 0.0469517 0.0484 -0.00631615 4.73681 3.86083 -0.621091 0.720156 -2.46079 -2.40425 -1.3579 -0.235842 -1.11016 -1.02733 -1.39692 -0.016197 0.350983 12.6812 3.72197 2.27331 0.0739141 -5.29413 -2.5368 0.363181 1.87189 -2.07695 -0.524623 0.245291 -0.243794 0.146978 
4.19703 -0.822647 -0.462279 -0.385006 -0.34295 -0.0296034 -0.208371 -0.284152 -0.10539 -0.0245233 0.0222242 0.0603151 0.0376911 11.6087 5.12669 -0.232267 0.731148 -4.53009 -3.82104 -0.96234 1.35943 -1.32971 -0.0264604 -0.979183 0.449831 0.00422219 12.3307 6.14933 1.71086 1.95295 -5.63222 -4.67494 -0.845446 4.85921 -0.282737 0.150164 0.300262 -0.472511 -0.957433 
4.57564 -0.76016 -0.506743 -0.484418 -0.39129 -0.144215 -0.153132 -0.122331 -0.097089 -0.00890816 0.0788924 0.0264207 -0.00949742 16.1671 5.87487 -0.103711 0.771651 -6.29535 -4.06612 -0.663263 3.01807 -1.3729 0.501206 -0.289835 0.509668 -0.559486 8.68349 4.81779 0.467002 2.72658 -4.23201 -4.11799 -0.754569 4.59688 1.15598 1.47818 0.543386 0.370152 -1.56982 
4.54891 -0.499877 -0.15714 -0.331454 -0.565425 -0.389661 -0.408711 -0.0218116 -0.167536 -0.226885 -0.082871 -0.00707664 0.174421 17.6866 6.05393 0.133707 0.894058 -7.78534 -4.82389 -0.00098753 3.46986 -1.22793 1.2329 0.798062 0.664834 -0.998487 3.64865 -0.178205 -1.96491 0.795228 -1.04995 -0.0134791 1.45697 2.26363 1.89804 3.26153 1.67011 0.812376 -2.07188 
5.53905 -0.0876417 -0.429348 -0.224115 -0.829386 -0.505201 -0.354649 0.136995 -0.164943 -0.000290993 -0.063475 0.0391234 -0.0591771 16.7305 5.75346 0.39041 1.50826 -7.88102 -4.57233 0.732496 3.37938 -1.02839 1.68324 0.902295 0.405174 -0.950752 -6.61269 -5.63096 -1.06989 -1.40004 2.0549 3.2248 2.47074 -1.61469 1.09669 2.07481 2.27964 0.533127 -0.251501 
5.89256 -0.134166 -0.432905 -0.246751 -0.995484 -0.624994 -0.292074 0.275181 -0.126831 0.0797356 0.0588143 0.0737983 -0.0833723 13.397 4.6538 0.340033 1.39654 -6.77716 -3.69513 1.20468 3.17644 -0.736562 2.27164 1.33792 0.269268 -0.970931 -12.5289 -6.28915 0.273545 -1.6387 3.6529 4.82352 2.66152 -4.8931 -0.552258 0.171004 0.963805 -0.497012 1.31169 
5.91904 -0.172627 -0.409999 -0.251711 -1.04072 -0.629313 -0.275048 0.329872 -0.10254 0.0753496 0.0987166 0.108013 -0.0993042 8.73033 2.88666 0.283825 1.17911 -5.64323 -1.92572 2.34571 1.02144 -1.22202 2.67144 1.4311 0.00507309 -0.618731 -12.8013 -3.81796 1.20249 -1.04954 3.68261 3.75029 1.85887 -5.05746 -1.66192 -0.832866 -0.462709 -1.48627 1.95724 
5.92502 -0.200371 -0.382539 -0.275219 -1.10392 -0.574959 -0.191883 0.234839 -0.130263 0.170342 0.118914 0.0862934 -0.07024 3.82111 0.932306 -0.0760181 0.39183 -4.08687 -0.0446592 3.65368 -0.903832 -1.69767 2.94469 1.79163 -0.688505 -0.380099 -9.89558 -0.499965 1.44565 0.150751 2.44048 1.83857 0.500821 -3.58154 -2.05604 -1.41796 -1.42471 -1.83396 1.64953 
5.88462 -0.209105 -0.399258 -0.243524 -1.14154 -0.5531 -0.129933 0.172433 -0.196444 0.182137 0.154675 0.069195 -0.0537042 -3.24867 -0.0380068 1.31707 -0.330758 -2.06921 1.0259 3.59049 -2.95841 -2.15552 1.70242 1.40062 -1.86897 0.841523 -5.62988 1.53537 0.527814 -0.139083 1.65177 0.642537 0.0552337 -2.00472 -1.13177 -0.746529 -1.0716 -1.90934 0.450706 
5.7815 -0.200997 -0.350023 -0.23776 -1.15248 -0.523046 -0.0529149 0.11234 -0.249252 0.182579 0.158427 0.031644 -0.0395243 -7.09087 1.01347 1.56767 -1.1689 -0.0609623 1.42316 3.70873 -5.05865 -2.0342 1.30377 -0.0145998 -2.26592 1.00256 -4.75524 1.76775 0.430738 -1.5173 2.3463 -0.222057 -0.324877 -1.74629 0.567852 -0.623073 -1.16926 -1.1996 0.0552646 
5.65288 -0.185372 -0.318761 -0.24309 -1.17863 -0.514167 0.0290433 0.0247812 -0.324698 0.237988 0.131594 -0.0195111 -0.00974079 -8.74946 1.77489 1.64122 -1.91392 1.3398 1.09623 3.75787 -6.13519 -1.55659 1.11167 -1.23133 -2.03084 0.801622 -3.82349 1.67114 0.270561 -2.47573 3.40817 -0.627301 -0.509806 -1.95543 2.14547 -0.699409 -1.92361 0.352952 -0.483983 
5.48295 -0.150968 -0.30321 -0.225807 -1.22151 -0.464129 0.0610807 -0.0428286 -0.387452 0.252459 0.15494 -0.104446 0.00899472 -9.51845 2.20146 1.73262 -2.5163 2.44977 0.498446 3.5606 -6.20863 -0.962142 0.701165 -2.07176 -1.53588 0.52511 -1.43165 0.999583 0.0838517 -2.48522 3.4394 -1.18275 -0.155584 -1.58599 2.57283 -0.395094 -2.54141 1.99385 -0.77981 
5.20305 -0.0780125 -0.251099 -0.336187 -1.09607 -0.439926 0.0913202 -0.18093 -0.367531 0.211393 0.188269 -0.217012 0.0294677 -9.6872 2.46788 1.68212 -2.857 3.03195 0.120882 3.16934 -5.70099 -0.525201 0.395829 -2.54029 -0.993883 0.31108 1.59895 -0.0177612 -0.365807 -0.683269 1.44432 -1.36533 -0.171292 0.621427 1.36692 -0.272927 -2.02534 2.85187 -0.829734 
4.9358 0.0176073 -0.219951 -0.500434 -0.901139 -0.476392 0.194106 -0.430634 -0.275979 0.248625 -0.0242432 -0.131368 0.0200804 -9.76557 2.63408 1.35056 -2.68416 3.21801 -0.360198 2.84622 -4.59575 -0.425596 -0.427013 -2.25748 -0.425537 0.0734892 2.96293 -0.76772 -0.611787 1.65904 -1.30483 -0.938422 -0.597052 3.70089 -0.734362 -1.02233 0.675561 1.63335 -0.46812 
4.889 0.0295592 -0.207418 -0.517935 -0.863327 -0.500497 0.235801 -0.489346 -0.262306 0.262456 -0.117674 -0.0593248 -0.0203546 -7.98466 1.76593 -0.312538 -1.13002 4.47894 -0.117694 -0.251543 -1.94498 1.04621 -2.01876 -1.97256 0.329094 0.226547 3.15973 -1.47426 -2.1286 3.76311 -1.20871 0.253369 -3.62676 6.14484 -0.485208 -2.51258 2.65446 0.117598 0.452098 
4.82742 0.0348555 -0.175216 -0.543874 -0.846443 -0.531686 0.284887 -0.49807 -0.29733 0.25902 -0.117598 -0.0704065 -0.00357918 -3.40735 0.411838 -1.90654 0.742486 4.97549 -0.309552 -3.2799 0.662105 2.02353 -2.69815 -0.970316 0.799841 -0.0383325 5.49661 -2.31527 -3.78503 4.95975 0.493823 1.02964 -7.16346 6.73752 1.39353 -3.11144 3.51614 -0.632344 0.489785 
4.6971 0.0813674 -0.18632 -0.522111 -0.850815 -0.520168 0.272415 -0.440992 -0.35075 0.212488 -0.103948 -0.0761004 -0.000357487 0.98786 -0.341704 -2.76868 2.58844 3.26145 -0.676233 -5.36702 4.18174 1.85892 -2.96457 0.397985 0.67449 -0.256109 8.65042 -2.46229 -3.68365 4.2609 0.849433 0.469807 -7.94826 6.12416 2.65699 -1.96388 3.01374 -0.766853 0.00923557 
4.46322 0.137665 -0.186632 -0.495065 -0.839552 -0.559673 0.328088 -0.382543 -0.407479 0.0789042 -0.016531 -0.0887394 -0.009447 5.25202 -0.926756 -3.60002 3.66895 1.60948 -0.975457 -6.62411 6.92836 1.62057 -2.80567 1.9121 0.0352531 -0.112699 11.2889 -1.75641 -2.17774 2.0247 -1.14844 -0.743525 -4.86593 4.31639 1.93393 1.0798 1.38919 -0.405486 -0.434186 
4.70158 -0.0443671 -0.527903 -0.21983 -0.481666 -0.417987 -0.34734 -0.0597885 -0.0511773 -0.139683 -0.0634959 -0.0347134 0.0815547 8.04864 -0.984185 -4.19573 3.58426 0.639491 -1.28115 -6.85787 7.90788 1.90493 -2.25706 2.5725 -0.0796104 -0.0243355 8.46945 0.483516 1.06275 -1.63285 -5.08214 -2.20309 2.90264 1.01597 -1.42562 3.84217 0.703898 -0.35973 -0.800245 
5.29148 -0.146223 -0.594176 -0.129094 -0.472368 -0.511412 -0.506043 -0.00429221 -0.0309731 -0.0614185 0.0938973 -0.0583298 -0.0298892 9.76881 -0.813098 -4.42497 3.10042 -0.318862 -1.18872 -6.36517 7.63432 2.19466 -1.60704 2.74404 0.270998 -0.272373 0.878418 2.21006 2.2634 -3.83737 -5.42838 -1.32264 7.13451 -1.86076 -2.50542 3.48378 -0.416449 0.203942 -0.053106 
5.36802 -0.0293051 -0.499504 -0.128836 -0.794844 -0.616977 -0.444552 0.301088 -0.164582 -0.0511186 0.146804 -0.110891 -0.0465699 10.1435 -0.522102 -3.90085 2.0518 -1.14101 -1.05372 -5.01379 6.35878 2.02898 -0.675505 2.50001 0.580444 -0.433827 -4.77942 1.96168 1.48835 -3.78714 -1.78462 0.738474 6.37175 -4.89534 -1.25045 1.65486 -1.0398 1.07894 0.236395 
5.6564 -0.0479608 -0.606015 -0.157981 -0.829457 -0.668579 -0.401254 0.366442 -0.1522 0.0306516 0.139563 -0.100266 0.00424428 8.53484 0.242458 -2.82026 0.875323 -2.0194 -0.857199 -2.79687 4.12561 1.57187 0.225752 1.66011 0.892234 -0.633387 -8.37649 1.31904 1.16318 -2.07768 1.34717 2.17476 3.20027 -5.83555 0.270425 -0.63307 -1.38723 1.35335 -0.115191 
5.73691 -0.0280667 -0.674772 -0.199419 -0.835975 -0.681777 -0.397046 0.373636 -0.0821312 0.0363506 0.179596 -0.0470401 -0.00408928 4.26541 1.49187 -1.06152 -0.33349 -2.77345 -0.850416 0.558295 1.11222 0.779679 0.577424 0.484651 1.22506 -0.855802 -8.06929 0.492865 1.21004 0.115057 2.84064 2.20469 0.209072 -5.11362 1.23638 -1.55013 -2.35085 1.00581 -0.330568 
5.72657 0.00270376 -0.712527 -0.202078 -0.864041 -0.60346 -0.415336 0.334829 -0.0494166 -0.00865122 0.225131 0.000355339 -0.0436882 -0.0920086 1.37425 0.182258 -0.448712 -1.40993 -0.618871 1.79357 -1.20174 1.39976 -0.0243685 -1.15057 1.47193 -0.292019 -6.2322 -0.134692 2.76731 0.956571 2.17799 -0.0726035 0.95245 -4.115 0.686383 -0.822979 -2.9141 0.0239394 -0.163707 
5.67656 0.0193467 -0.690716 -0.231884 -0.851273 -0.579572 -0.42481 0.301279 -0.0662688 -0.00175581 0.206845 0.0188369 -0.0488448 -2.0374 -0.714816 2.07665 0.0340669 0.297444 -0.00623626 2.14221 -3.9174 1.94004 -0.13116 -1.7903 0.9976 -0.178422 -4.09898 -2.06671 4.38223 1.29831 1.11507 -1.24108 2.08457 -2.9047 0.219156 -0.0870651 -2.5094 -1.20775 0.518105 
5.55593 0.0757209 -0.666593 -0.213056 -0.861079 -0.59056 -0.370259 0.19036 -0.0145853 -0.0163543 0.121925 0.0488512 -0.0737148 -5.74075 -3.5509 5.19544 0.67885 1.53539 0.996559 2.13469 -5.10052 1.37641 -0.414589 -2.17517 0.500899 -0.0574157 -2.71127 -5.91645 5.57895 1.17625 1.85672 -0.127652 1.47901 -1.91997 -0.515029 0.498722 -0.841688 -1.8074 1.13322 
5.39778 0.125151 -0.616735 -0.177683 -0.846636 -0.606212 -0.315955 0.0800854 0.0565989 -0.0439812 -0.0147668 0.101147 -0.0864062 -8.5934 -7.0394 6.83894 0.181661 2.99581 2.94917 2.47567 -4.60279 0.524922 -0.593701 -2.01023 -0.0539571 0.2792 -3.31111 -9.08717 4.97753 -0.220573 2.80038 3.26526 0.126789 0.379728 -1.68485 0.280405 1.72674 -1.7695 1.01821 
5.31148 0.00780306 -0.426413 -0.168983 -0.766371 -0.738764 -0.162655 -0.0328442 0.080307 -0.0398341 -0.0705611 0.0595969 -0.0228483 -9.86067 -8.93613 7.96169 -0.860444 4.49242 4.20156 2.97294 -4.01943 0.0930281 -0.287158 -2.06557 -1.01735 0.393263 -3.88926 -7.59617 2.24339 -2.15189 3.21767 6.14187 -1.07034 2.60959 -2.17304 -0.0129954 2.49708 -1.30003 0.0819919 
5.32959 -0.344695 -0.155546 -0.120192 -0.763208 -0.606904 -0.139764 -0.195904 0.0679737 0.0110474 -0.0201945 -0.0676054 -0.0221909 -9.64278 -9.33266 8.08165 -1.55785 5.57695 5.11364 2.45888 -3.50193 -0.955722 -0.259355 -1.61029 -1.54202 0.954719 -2.38506 -1.08807 -1.7112 -3.46302 3.00843 4.81348 -1.41993 3.66151 -2.21885 -0.289365 1.39444 -0.346278 0.021993 
4.80394 -0.727215 0.141871 -0.0777873 -0.55018 -0.401281 -0.214098 -0.242399 -0.0162551 -0.0278706 -0.0511373 -0.00981562 0.00243702 -8.42411 -8.9596 7.50469 -2.25369 5.84609 5.14083 1.99581 -1.44131 -1.2477 -0.0798644 -1.35886 -1.56138 1.29486 3.21976 6.17366 -4.69638 -2.97002 0.549243 -0.00746696 -0.623999 3.66049 -0.617114 0.0719046 -0.350782 0.101486 0.200975 
4.51513 -1.04148 0.0665322 -0.314086 -0.390127 -0.0454008 -0.123481 -0.0397487 -0.0666161 -0.0981918 0.0458807 -0.0123665 0.00507338 -6.32405 -7.46451 5.52945 -3.15494 5.42353 5.04897 0.948324 0.721919 -1.24702 0.110556 -0.863295 -1.24025 1.1772 7.86938 9.70787 -4.87159 -0.571632 -2.18722 -5.01252 -1.06953 2.60246 0.996558 0.679904 -1.53185 0.800675 0.391251 
4.52552 -0.916781 0.190428 -0.437544 -0.2631 -0.0481651 -0.020225 -0.128881 -0.0279079 -0.0161129 -0.0826485 -0.159058 -0.0399409 -4.7175 -4.93427 2.3093 -3.44675 3.90599 4.56124 -0.360685 1.94635 -1.12788 -0.11179 -0.628137 -0.101265 1.13403 7.77018 6.83493 -5.03459 1.36003 -4.48498 -5.73844 -2.05464 2.21092 1.48318 0.248222 -0.341013 2.20962 0.579686 
4.60688 -0.802373 0.203226 -0.407578 -0.187821 -0.0727344 -0.155992 -0.222467 -0.209459 -0.0426613 -0.0774756 -0.136627 0.112443 -3.34524 -1.74448 -1.27296 -3.075 2.38013 3.21845 -0.819164 2.12803 -0.734722 -0.894163 -0.523911 0.760205 1.14313 3.49392 2.1867 -5.2681 1.99714 -5.02485 -2.71371 -1.94151 0.924836 1.80812 -0.777242 1.0706 2.41169 -0.452512 
4.63967 -0.832049 0.230669 -0.421302 -0.238572 -0.191136 -0.0665636 0.0659269 -0.0392129 -0.0218612 -0.181233 -0.0676456 0.102594 -2.14793 0.513018 -3.73458 -2.29972 -0.0734416 1.30244 -1.14072 1.65477 0.503982 -0.868648 0.471793 0.990838 0.776513 -2.65314 -0.379571 -5.08599 1.79015 -3.80234 0.395874 -1.65841 -1.92021 0.967164 -1.60335 2.76083 1.61919 -0.950726 
4.75158 -0.834858 0.0812908 -0.543545 -0.246067 -0.110056 -0.191297 0.171389 -0.0238855 -0.00590696 -0.111068 -0.0416614 0.0570899 -2.93841 1.58691 -4.50973 -0.883127 -1.60656 -0.685565 -1.54438 0.19372 1.06087 -0.735156 0.64169 1.43629 0.4068 -6.15098 -0.392047 -3.04156 1.57823 -2.17282 0.297246 0.353792 -3.91923 0.674755 -1.18475 2.33778 0.0586988 -1.05633 
4.6248 -0.865502 -0.105288 -0.518025 -0.38411 -0.0693291 -0.279816 0.0697898 -0.085579 -0.071953 -0.0635529 0.0748028 0.124278 -4.38266 1.31492 -5.16327 -0.27276 -2.25346 -0.662419 -1.58868 -0.617891 1.37726 -0.730653 0.861963 1.25188 0.35942 -5.03902 1.1048 0.818233 1.17917 0.0726768 -1.33981 1.61965 -4.10307 0.852673 0.674087 0.146737 -2.046 -0.84583 
4.48087 -0.801593 -0.305857 -0.448095 -0.37089 0.0168142 -0.249774 -0.052309 -0.082253 -0.224137 -0.0387398 0.0507764 0.110569 -5.05933 0.877157 -5.15589 0.194634 -1.96086 -0.533207 -0.892632 -1.44045 1.22074 -0.105026 1.06086 0.748701 0.108498 -1.17093 0.780039 3.38048 0.777422 1.56808 -2.13583 1.46029 -1.91604 -0.222538 2.53902 -1.32458 -2.06096 0.258628 
4.20684 -0.796392 -0.334141 -0.477979 -0.507903 -0.102421 -0.265937 -0.0170849 0.10391 -0.131842 0.129127 0.0498648 0.049173 -3.58408 1.10932 -4.10176 0.5683 -1.67374 -1.08978 -0.766646 -2.1704 0.973424 0.412783 1.00247 0.602678 0.314345 4.80271 -0.0881651 3.81367 0.345222 2.19912 -1.3645 1.08053 0.960586 -0.928506 2.49529 -2.46453 -0.872411 0.941213 
4.08626 -0.727067 -0.328942 -0.460103 -0.480247 -0.251326 -0.225088 -0.16121 0.0477253 -0.0919231 -0.0013162 0.0607007 0.0354542 -3.12619 1.12384 -2.04626 1.44124 -1.58831 -1.48559 0.545286 -1.78933 0.839959 1.23723 0.240766 -0.0599529 0.359341 7.04756 -0.945247 2.94755 0.420145 1.05008 0.632049 0.587362 2.86563 -1.12415 1.60329 -1.14004 0.00981984 0.883202 
4.10441 -0.670674 -0.322071 -0.461865 -0.441275 -0.155901 -0.251268 -0.231866 0.0665501 -0.0522817 -0.0975393 -0.0759491 0.120997 0.309214 3.40269 -1.20326 0.203403 -1.30574 -1.86236 0.957424 -1.02158 0.0816401 1.4663 -0.624195 -0.482099 -0.0863873 6.7737 1.24715 1.14985 -0.474124 -0.820775 0.600423 0.657352 2.74016 -1.44188 -0.267009 -0.179138 0.987323 -0.287832 
4.18064 -0.775288 -0.408863 -0.38023 -0.37797 -0.153554 -0.227196 -0.171218 -0.0667737 0.011878 0.021924 0.0118295 0.15536 7.57993 5.1525 -1.64105 -1.1135 -1.4947 -1.34149 0.356083 0.242646 -0.667392 2.08649 -1.63086 -0.466305 -0.0260539 8.85898 4.92577 -1.02448 -2.44454 -1.8672 0.831119 0.0304216 1.7656 -0.784176 -1.13288 -0.935851 0.0370461 -1.31249 
4.5307 -0.715441 -0.312993 -0.426792 -0.502159 -0.320637 -0.251746 -0.0416641 0.12775 0.0251067 -0.0227217 0.115801 0.127897 13.7962 6.09048 -2.71268 -2.32488 -1.23592 -0.0434174 0.061733 1.20407 -1.09652 2.0093 -2.36496 -0.431264 0.134677 10.5456 5.74022 -3.38949 -3.97199 -1.02222 1.67741 -0.877642 0.740234 -0.894552 -0.426036 -1.29785 -0.872366 -1.08726 
4.21633 -0.711024 -0.22601 -0.289622 -0.567724 -0.194419 -0.0909836 -0.079203 0.0277077 0.0927092 -0.0551656 -0.036471 0.103859 16.9919 6.30478 -3.58037 -3.2396 -1.36829 0.93947 -0.202664 2.19034 -0.674046 1.96076 -2.03505 -0.314693 -0.174059 11.8405 3.20759 -4.26193 -4.06746 0.743106 1.80515 -1.91464 0.498645 0.0452821 0.194312 -1.36354 -0.293352 -0.161304 
4.71498 -0.111176 -0.456582 -0.631591 -0.591359 -0.291829 -0.166121 -0.150643 -0.130935 -0.0474368 -0.137168 -0.00103648 0.0383744 17.3789 6.17957 -3.98467 -3.6881 -1.01307 1.21278 -0.478416 2.20348 -0.412071 1.72967 -1.90738 0.0939182 -0.796591 4.1333 -3.40449 -1.74772 -0.593614 2.05566 2.29004 -1.36439 0.665607 1.65429 1.04811 0.131914 0.175623 0.524483 
5.82314 -0.0242106 -0.678023 -0.70527 -0.623014 -0.163771 -0.302548 0.0199666 -0.0782587 0.12252 -0.238512 -0.0269756 0.0762266 15.702 5.79493 -3.92314 -3.85948 -0.144185 1.66206 -0.906671 1.39083 -0.0297186 1.55356 -2.06917 -0.0764578 -1.1477 -9.15956 -6.48868 1.73752 2.2708 2.62693 0.642283 0.060652 -0.71673 1.59603 0.0673021 1.82401 1.12382 -0.165 
6.03903 -0.0967291 -0.728958 -0.813112 -0.587326 -0.100761 -0.269035 0.0844337 -0.000609148 0.18702 -0.245129 -0.0175753 0.106449 12.3837 4.39507 -3.76258 -3.46614 1.09539 2.04193 -1.1297 0.639513 -0.273452 1.48408 -1.47806 0.0149826 -1.26378 -15.732 -5.03998 3.85172 3.40074 1.98792 -0.98371 0.526966 -2.07568 0.786245 -0.925928 1.90523 1.0239 -1.06171 
6.01597 -0.107935 -0.748391 -0.792848 -0.567958 -0.0599069 -0.246159 0.0808023 -2.96104e-06 0.181606 -0.240557 -0.0131412 0.0647971 8.84461 2.74647 -2.75984 -2.97343 1.68011 1.51393 -1.30673 0.334107 0.406007 1.35586 -0.854247 0.546122 -1.38281 -14.884 -1.86359 3.61498 2.38554 1.06846 -1.46857 0.643703 -2.57497 -0.548977 -1.05854 1.27853 0.184442 -1.08308 
5.91678 -0.107355 -0.742605 -0.777353 -0.495646 -0.0405415 -0.295114 0.0421471 0.00412538 0.164431 -0.220484 0.0305725 0.00740283 1.86871 0.705458 -0.639711 -1.55896 1.59971 1.30281 -0.439079 -0.183214 0.513028 1.48027 -0.0485646 0.353811 -1.55182 -8.02412 1.23319 2.15229 0.0614702 -0.50915 -1.57448 0.607348 -1.54961 -1.12163 -0.617305 0.515713 -0.421838 -0.487841 
5.83576 -0.0877762 -0.738155 -0.785185 -0.419792 -0.0631342 -0.318022 -0.0251403 -0.000210898 0.192713 -0.227361 0.0491058 -0.0386833 -5.4612 1.08842 1.33694 -0.869339 1.0084 0.136516 0.529633 -1.31809 -0.906091 1.09039 0.72436 0.0438465 -1.50379 -3.66012 1.48821 1.79443 -0.311727 -2.16416 -1.01675 1.17048 -0.0384237 -1.56389 0.528462 0.455652 -1.11163 0.688816 
5.76294 -0.0650901 -0.708925 -0.826878 -0.400881 -0.060227 -0.313493 -0.0339368 -0.00676781 0.200417 -0.220921 0.0361005 -0.0627976 -9.26873 1.2514 3.23153 0.761949 0.255296 -0.666562 0.460069 -2.49643 -2.51337 1.66973 1.53889 -0.273128 -0.809349 -4.95492 0.481924 2.85763 1.3696 -2.638 -1.03211 1.33393 -0.523563 -2.62091 1.35058 1.27506 -1.09551 1.76117 
5.66576 -0.0245323 -0.693236 -0.855496 -0.415086 -0.0550124 -0.29288 -0.0500805 -0.00412328 0.216334 -0.217649 0.022129 -0.0837471 -11.1703 1.07509 4.57351 1.83535 -0.488224 -1.19168 0.508259 -3.01087 -3.32276 2.40185 2.06675 -0.661245 0.00664861 -5.89199 -0.698965 3.5758 3.53228 -2.01044 -1.11195 0.515199 -1.46702 -3.10219 1.72874 1.79991 -0.758239 2.1772 
5.48328 0.0445708 -0.617676 -0.903694 -0.477643 -0.0671554 -0.242947 -0.0582399 -0.0551481 0.242795 -0.180359 0.00818806 -0.119106 -12.1848 0.813034 5.48629 2.74551 -1.24008 -1.43394 0.670588 -3.15701 -3.65861 2.78009 2.30543 -1.13715 0.708294 -4.06255 -1.66996 2.86716 4.24758 -0.580856 -0.797462 -0.73933 -1.77767 -1.7671 1.37373 1.33293 -0.34907 1.93192 
5.08821 0.0896522 -0.463247 -0.810963 -0.553304 -0.152373 -0.161751 -0.118087 -0.259094 0.326926 -0.117344 -0.0543536 -0.0387313 -12.5854 0.457575 5.99817 3.59171 -1.71501 -1.50719 0.663615 -3.09721 -3.56751 2.80605 2.16757 -1.39333 1.1329 0.61215 -1.6726 0.637181 2.43272 0.543263 0.0545657 -1.35387 -0.668938 1.16956 0.144167 -0.269621 -0.0177279 0.603683 
4.67692 -0.0238446 -0.208629 -0.528291 -0.544671 -0.186776 -0.249693 -0.334079 -0.40402 0.450376 0.0246932 -0.0370115 0.0562787 -12.4525 0.242108 5.95693 4.14091 -1.78034 -1.45066 0.560108 -3.00714 -3.047 2.47166 1.71159 -1.41649 1.33852 4.63776 -0.256015 -2.06265 -0.969889 0.590883 0.796009 -0.480581 1.57022 3.44859 -1.60738 -2.2056 -0.0935464 -0.774301 
4.59697 -0.0179254 -0.165763 -0.488714 -0.567299 -0.201799 -0.248931 -0.337196 -0.383048 0.489908 0.0270988 -0.0690565 0.0439035 -11.9517 0.275437 5.35035 4.11998 -1.44784 -1.19209 0.619873 -2.5921 -2.25751 1.58394 1.05509 -1.14853 1.40542 4.43719 0.975509 -3.05765 -2.61941 0.45577 1.07025 0.571324 2.34238 3.41819 -2.71822 -2.75666 0.26559 -1.06733 
4.48707 -0.00565352 -0.107972 -0.473755 -0.588585 -0.207414 -0.243967 -0.345991 -0.361031 0.483931 0.0171444 -0.109416 0.0517441 -8.17453 0.0707027 2.81721 3.03929 -0.315076 -0.740847 0.372961 -1.37526 -0.359685 -0.83063 0.649986 -0.158213 1.01954 4.54924 1.17824 -4.13935 -3.09729 1.04039 0.915394 0.921327 2.57443 2.67556 -4.10597 -1.62174 1.4251 -0.918247 
4.38231 -0.0041594 -0.0553253 -0.429341 -0.614904 -0.226244 -0.22455 -0.352884 -0.349709 0.492907 -0.0376557 -0.133198 0.0509627 -2.29234 0.480016 0.358288 0.246138 -0.276917 0.379014 0.200024 -0.135395 1.33992 -2.24353 -0.0932447 0.950557 0.120872 6.99557 0.804337 -4.62237 -3.78017 1.04664 1.19793 0.342169 2.07767 1.68972 -3.99483 -0.044311 2.56972 -0.701559 
4.23331 0.0321639 -0.0273468 -0.406798 -0.637132 -0.211984 -0.202408 -0.359968 -0.325397 0.449589 -0.0628825 -0.13905 0.0647163 3.23059 0.972469 -1.76415 -2.60045 -0.729335 1.56291 0.197739 0.912032 2.48423 -2.90181 -0.894853 1.47761 -0.676027 11.195 -0.0700604 -4.33258 -4.58537 0.266163 1.99107 -0.904709 1.23248 1.42762 -2.05684 0.612096 2.70365 -1.04743 
4.01572 0.0959901 -0.0275197 -0.402619 -0.615649 -0.202318 -0.138347 -0.351433 -0.331254 0.365845 -0.0799403 -0.0970504 0.0860275 6.71557 0.830712 -2.82951 -4.02236 -1.06421 2.417 -0.236882 1.19482 2.97516 -2.86773 -1.05681 1.81298 -1.1628 12.8732 -0.571626 -2.9702 -4.76735 -1.31459 2.43911 -1.6864 0.644496 1.40653 0.947941 0.0217113 1.10635 -1.58172 
4.51949 0.0260473 -0.35842 -0.525718 -0.451521 -0.196193 -0.196997 -0.21018 -0.138595 0.00559189 0.0140607 0.0677121 0.036226 8.96903 0.552044 -3.34495 -4.62343 -1.43013 2.79962 -0.69349 1.31695 3.11726 -2.51693 -1.03319 1.99421 -1.49191 6.11274 -0.521078 0.705384 -2.14224 -2.73722 1.75342 -1.37959 -0.628275 0.0401927 4.14489 -0.972134 -1.28128 -1.10693 
4.98726 0.105825 -0.350609 -0.811145 -0.656084 -0.0491543 -0.216949 -0.234248 -0.157987 0.170249 -0.0591546 0.126149 -0.0177787 9.32607 0.236179 -3.08955 -4.60655 -1.52606 2.80579 -1.25465 1.03162 2.70335 -1.93051 -0.784358 2.01485 -1.40266 -3.7506 -0.866929 2.76777 2.23083 -1.22477 -0.432658 -0.79368 -1.13903 -1.04515 3.33519 -0.603208 -2.19739 0.134463 
5.26729 0.0855719 -0.392758 -0.91728 -0.728761 0.0778761 -0.269281 -0.251551 -0.0675913 0.235602 -0.122217 0.0883852 -0.0674735 7.32078 0.0568946 -2.23374 -3.60518 -1.49585 2.4901 -1.88346 0.238024 1.94634 -1.1338 -0.527154 2.06139 -1.03676 -11.5311 -0.456133 3.46652 5.09217 0.808476 -2.34157 -0.294982 -1.54277 -2.30649 1.01164 0.584551 -1.01461 1.55717 
5.31668 0.0678705 -0.42914 -0.941029 -0.754031 0.095992 -0.29432 -0.206086 -0.00190035 0.23155 -0.141068 0.054473 -0.11589 3.09134 -0.0686858 -0.611573 -1.85505 -1.16592 1.57015 -1.92254 -1.20023 1.1544 -0.0273518 -0.35834 1.85842 -0.552081 -13.8032 0.0617765 3.10568 5.51093 2.46081 -3.09383 0.181334 -2.41773 -2.67601 -0.635143 1.43437 0.825326 2.26358 
5.26867 0.0491724 -0.400369 -0.888474 -0.785848 0.0675919 -0.311926 -0.210358 -0.014792 0.20661 -0.139122 0.0788651 -0.104046 -3.47164 -0.255193 1.63744 0.295268 -0.28373 -0.052457 -1.03212 -2.11268 -0.214541 0.772986 -0.222566 1.27158 -0.0314511 -11.0062 0.0391957 2.21388 3.7078 3.2538 -3.03424 0.936063 -2.27538 -2.01409 -1.00365 1.48372 1.41221 1.55046 
5.09988 0.0413076 -0.338552 -0.852628 -0.74638 0.0478502 -0.360019 -0.269517 -0.0892536 0.202159 -0.111932 0.126148 -0.0462455 -9.69176 -0.71523 2.32953 2.54796 1.87264 -1.53776 -0.395929 -2.04019 -0.622492 -0.0223563 0.309616 0.449279 0.309063 -7.98274 -0.137362 1.74296 1.81677 2.79804 -2.19858 1.90001 -1.04331 -0.903519 0.148656 0.472872 -0.413701 0.0903861 
4.79344 0.0853255 -0.3119 -0.756738 -0.721396 0.0547369 -0.430212 -0.36885 -0.121236 0.173071 -0.0736074 0.221241 -0.000603846 -10.308 -2.47978 1.84507 4.64497 3.20517 -2.30107 0.151579 -0.434879 -0.986869 -1.28055 0.30237 -0.317608 0.81635 -1.48899 -2.53542 -0.26664 1.69413 2.55219 -1.24487 2.17485 2.64796 0.447127 -0.6066 -0.656626 -3.04677 -0.710113 
4.52643 0.0757186 -0.219429 -0.679576 -0.645304 -0.043909 -0.361874 -0.525153 -0.10324 0.224691 -0.0731592 0.254788 -0.000993757 -7.30354 -2.69932 1.44951 4.56784 3.41917 -2.80557 -0.0716047 0.664616 -0.527221 -1.60928 0.367027 -0.8938 1.21991 6.9635 -3.09558 -2.36027 0.908408 1.00665 -0.192079 0.452051 5.68721 1.43817 -1.72486 -0.871466 -3.83529 -0.299052 
4.28832 -0.00840716 -0.110522 -0.652949 -0.536134 -0.189636 -0.249444 -0.445663 -0.184629 0.19662 -0.0626663 0.204782 -0.0350714 -2.81742 -2.11722 0.560059 3.68553 2.4164 -2.58558 -0.707178 1.5964 0.590258 -1.36488 -0.560829 -0.790652 1.35209 14.3079 -0.972307 -3.57497 -0.675604 -2.05763 1.16109 -2.23959 4.89557 2.48573 -1.35484 -1.37238 -1.45312 0.83913 
3.81248 -0.0154605 -0.106878 -0.536064 -0.402871 -0.159796 -0.26746 -0.399555 -0.14855 0.20571 -0.0767467 0.0154194 -0.0481231 1.76788 -1.71777 -0.0341581 3.14275 0.908125 -2.64347 -0.796886 2.61847 1.41047 -1.4281 -1.36681 -0.306886 1.22228 16.6608 2.03166 -2.49224 -2.65405 -4.90981 0.998048 -3.05062 1.74756 2.25314 -0.147347 -1.53833 2.71923 1.26381 
4.45198 -0.451687 -0.347892 -0.220788 -0.340966 -0.153996 -0.282308 -0.033607 -0.115906 -0.0657928 -0.142787 -0.056845 0.0399886 4.78202 -1.27194 -0.344029 3.20424 -0.315706 -3.19848 -0.781078 3.56296 1.51006 -1.49377 -1.72262 0.306925 1.15753 7.38235 5.33115 0.519348 -3.21156 -5.40091 -0.354974 -1.6514 -2.38193 0.893396 1.89177 -1.02513 5.13165 0.311296 
4.8733 -0.179499 -0.272302 -0.484061 -0.450969 -0.274293 -0.425905 -0.0882727 -0.0123736 0.0258695 -0.0668911 -0.00771538 0.0906172 5.16022 -0.598126 -0.693327 3.76171 -1.21467 -3.70552 -0.815268 3.57417 1.55246 -1.94412 -0.710633 0.629344 0.914406 -4.9004 3.16064 1.8547 0.607025 -2.49612 -1.83412 1.58625 -3.14944 -1.03057 1.14209 0.562983 3.5155 -1.12806 
5.08347 -0.0232277 -0.320184 -0.547368 -0.654128 -0.203859 -0.536861 -0.146213 0.0837747 0.121784 -0.277623 0.180484 0.122816 1.51945 -0.49827 -0.880675 4.36698 -1.21565 -3.32276 -0.524732 2.38804 1.17962 -2.56999 0.940724 0.956513 0.356379 -15.464 -0.943992 1.7228 3.96835 2.19273 -2.13045 3.67118 -1.87864 -2.67874 -1.39979 4.13104 -0.781164 -2.21768 
5.10998 -0.0682915 -0.2551 -0.429765 -0.715759 -0.312789 -0.439022 -0.103332 0.0469922 0.0486123 -0.283727 0.276652 0.102189 -7.41759 -1.47877 -0.113153 3.69496 0.402078 -2.23945 0.852868 1.8665 0.685267 -2.22651 2.20844 0.971742 -0.557185 -22.6562 -4.34772 0.359 3.48638 6.09919 1.02957 3.40615 -0.277008 -2.04133 -2.06043 5.45381 -4.18974 -2.3396 
4.88851 -0.0762333 -0.224967 -0.208827 -0.67646 -0.507487 -0.384301 -0.0220228 -0.0246418 0.0140653 -0.241321 0.299506 0.0977626 -17.7996 -1.95372 1.01376 2.80776 2.30163 -0.554286 2.38605 0.613304 -0.114495 -1.24282 2.45367 0.0247195 -1.00358 -21.0344 -5.66242 -0.339114 -0.562998 6.72823 5.16043 2.42043 0.338107 -0.779014 -0.891021 3.13285 -4.57923 -1.18122 
4.55972 -0.103643 -0.239743 -0.043744 -0.608992 -0.642938 -0.315129 -0.0693006 0.0171925 -0.0927683 0.0203731 0.151132 0.0321196 -23.4986 -4.03713 1.06321 3.09909 4.28505 1.07395 3.57186 0.735734 -0.704553 -1.32952 2.30856 -1.32796 -1.24759 -13.1934 -3.16052 0.494093 -5.14707 4.33218 6.92934 0.935108 -0.16336 0.124098 2.17063 -1.69819 -2.21629 0.337347 
3.83031 -0.282367 -0.296805 0.0500027 -0.451511 -0.4716 -0.290599 -0.0983703 -0.0745048 -0.267634 0.203151 0.0928584 -0.0379385 -25.1092 -4.7389 0.975882 1.9208 5.58028 2.23338 3.84515 0.14666 -1.1421 -0.963882 2.44115 -2.47657 -1.18064 0.892841 0.200837 0.729027 -5.8729 0.33554 4.63094 -0.131353 -1.01882 0.487597 3.92379 -5.39896 0.21875 1.51957 
2.62986 -0.53682 -0.213565 -0.120212 -0.134849 -0.221225 -0.141553 0.0751082 0.00403657 -0.113286 0.163202 0.0368984 -0.093462 -13.8937 -3.75949 -2.45706 -0.55405 5.08469 3.23614 2.06348 0.75787 0.164584 -1.00764 1.39764 -2.70679 -0.272733 24.8536 3.72158 -3.07082 -3.63135 -3.82637 -0.5005 -2.52607 -0.826157 0.881918 1.35445 -4.64446 1.45076 2.24907 
2.44879 -0.533718 -0.154033 -0.186924 -0.130649 -0.11596 -0.053164 -0.0352458 -0.0702477 -0.0420759 -0.018351 -0.00893236 0.0250477 -0.693243 -2.44172 -4.75786 -2.66098 3.67914 3.43457 0.12568 0.793308 0.737125 -0.806289 0.926081 -1.97134 0.324674 39.3959 5.06085 -7.03633 -1.44439 -5.14947 -4.16525 -5.01506 0.603779 1.61363 -1.45927 -0.481775 1.85943 1.47211 
2.47927 -0.520115 -0.133921 -0.199105 -0.119009 -0.126483 -0.0678725 -0.0576975 -0.0390516 -0.0322411 -0.0187881 -0.0261033 -0.0162026 10.109 -0.588644 -5.26982 -3.52149 2.06032 3.01255 -1.33477 1.00072 1.03603 -0.170984 -0.259475 -1.49789 0.45647 37.1409 4.50565 -7.01998 -0.19193 -4.34222 -4.10656 -5.27587 1.41558 1.70755 -2.49386 2.33668 0.969914 0.282701 
2.48153 -0.532049 -0.209109 -0.231998 -0.0980614 -0.0864354 -0.062897 -0.173264 -0.111127 -0.0253461 -0.0132318 -0.0288129 -0.0157993 18.2094 1.33356 -4.88966 -2.83488 0.754445 1.23368 -2.42019 0.99251 1.41761 0.102343 -0.861435 -1.20434 0.473553 17.9236 2.6467 -1.63832 1.18408 -1.82178 -2.24748 -3.28139 1.62394 0.993232 -1.2171 2.07688 0.178531 -0.957584 
4.8274 -0.395227 -0.969862 -0.413987 -0.203594 -0.166681 -0.347193 0.177984 0.18006 -0.260393 -0.0304278 -0.0397399 0.127591 22.4025 2.45477 -4.43933 -1.36141 -0.286438 -0.654916 -3.78528 0.592086 0.80208 -0.879259 -0.728253 -0.832364 0.603765 -14.0837 0.151082 7.47637 2.91752 1.00707 -0.649125 0.472113 -0.77264 -1.57691 1.53004 -0.277592 -0.293171 -1.61156 
5.22648 -0.347311 -0.930601 -0.435667 -0.241409 -0.222307 -0.461104 0.0614893 0.0665721 -0.203194 0.181988 0.026412 0.0769428 19.4582 2.23364 -3.39292 -0.661995 -0.456782 -1.43887 -3.89251 0.832428 -0.365926 -0.502682 -0.447129 -0.532924 0.296 -27.5986 -1.26641 9.48294 3.38315 1.51397 -0.357465 2.6236 -1.77026 -3.31993 2.14663 -2.8874 -0.336985 -0.512958 
4.93288 -0.273309 -0.689934 -0.401708 -0.225263 -0.111423 -0.41569 0.0440504 0.0925997 -0.114474 0.0669113 -0.130217 -0.0402389 13.2743 1.72218 -1.6978 -0.544845 -0.617085 -1.27608 -2.61396 0.926853 -1.41885 0.0913909 -0.733371 -0.027856 0.0467647 -23.5247 -2.23792 5.3519 1.61311 0.606353 -0.696445 3.04792 -1.19002 -3.77031 1.31015 -2.08436 1.16301 0.457376 
4.67952 -0.271036 -0.564673 -0.269502 -0.118563 -0.182308 -0.416245 0.0657628 0.0902868 -0.103561 -0.0372497 -0.0971527 -0.0213635 7.165 2.31281 0.997211 -0.7207 -0.489298 -1.0819 -1.61744 0.450553 -2.59455 0.657203 -1.24669 0.312622 -0.475913 -8.42725 -0.792711 0.242096 -1.75683 -0.953861 0.178254 2.33789 -0.397554 -3.01558 0.392302 -0.342876 1.66499 0.35797 
4.64439 -0.289727 -0.557039 -0.246412 -0.126559 -0.308755 -0.542103 0.0378109 -0.0260947 -0.201409 -0.0963425 -0.0667768 0.0811204 0.502987 2.79031 2.31931 -0.814025 -0.529039 -1.19838 0.500218 -0.0447029 -3.56219 1.62787 -1.66954 0.680481 -0.601831 7.68746 1.94299 -3.75528 -3.71526 -1.75656 0.731321 2.18173 1.20996 -0.236565 0.272566 0.991432 1.38064 -0.292778 
4.56414 -0.309086 -0.577125 -0.301261 -0.223514 -0.304852 -0.47682 0.0151998 -0.250289 -0.0382428 -0.0842931 -0.054869 0.0707951 3.32361 2.92102 0.0662971 -1.65861 -1.36795 -1.19431 1.60319 1.02112 -3.1938 1.57619 -2.14399 0.901665 0.258824 12.2852 3.13132 -3.88969 -2.9881 -1.46825 0.625842 1.95356 1.40428 1.87899 0.177433 1.09423 0.526631 -0.224276 
4.46414 -0.328612 -0.580252 -0.408698 -0.248419 -0.220653 -0.324681 0.101686 -0.192245 -0.054121 -0.061068 0.0308844 -0.0216452 7.89591 2.56218 -2.20649 -2.63196 -2.20165 -1.05211 2.04118 1.38358 -2.96636 1.58487 -1.62094 1.24226 1.19693 11.1464 1.8153 -3.59488 -0.907401 -1.0785 0.161761 1.12752 1.1805 2.40802 0.424134 -0.155009 -0.934889 1.30486 
4.94852 -0.0188163 -0.461975 -0.522167 -0.22039 -0.225826 -0.44468 0.0213022 -0.292432 -0.0764911 -0.127971 0.0211549 -0.0501161 10.3647 2.46988 -3.48025 -3.35123 -2.75767 -0.0375984 2.49322 1.27309 -2.12821 1.99067 -1.33694 0.775366 1.39773 4.13415 -2.03101 -3.33369 0.971484 -0.753894 0.305745 0.692558 0.667935 2.22424 0.561052 -0.450527 -1.18746 2.45383 
5.42483 0.0931424 -0.793231 -0.541184 -0.313801 -0.378386 -0.264817 0.180771 -0.213668 0.00504192 -0.139592 0.0432016 0.0400912 10.7263 2.1347 -3.70013 -3.36066 -2.47932 0.765637 2.81872 1.00964 -1.11409 2.47167 -1.21104 0.585898 1.41794 -3.89874 -4.12861 -0.255312 1.17922 0.173941 1.63685 -0.768662 -1.31208 0.743528 0.412329 -0.17662 -0.937684 1.63319 
5.59898 -0.00828311 -0.882099 -0.578809 -0.435615 -0.320929 -0.213599 0.22049 -0.269281 0.0508605 -0.162589 0.0381954 0.121469 10.0527 1.33485 -3.29745 -3.02752 -1.87427 1.16162 2.16934 0.472431 -0.22491 2.13604 -1.27084 0.552019 1.79303 -8.27747 -3.23133 2.44852 0.621956 1.48016 2.13992 -1.27658 -2.42351 0.222219 0.402884 0.364377 -0.0841269 -0.300129 
5.73094 -0.0938313 -0.914178 -0.625106 -0.445047 -0.255425 -0.204058 0.200893 -0.274992 0.0722634 -0.211775 0.00484251 0.202612 7.93532 0.10921 -2.44119 -2.49187 -1.46793 1.41685 1.5564 -0.370063 -0.0637855 2.16874 -1.26682 0.480921 1.97264 -7.9996 -1.16863 3.95384 0.153022 2.06609 1.43405 -1.32605 -2.25759 0.491728 -0.314335 0.650814 0.914147 -1.78989 
5.69818 -0.0563271 -0.961149 -0.651393 -0.446718 -0.184233 -0.193049 0.139307 -0.240241 0.129508 -0.226131 -0.0066371 0.196179 3.8361 -1.29867 -1.13152 -2.04041 -1.02308 1.84548 1.52995 -0.876255 0.245417 1.85153 -1.19224 0.658478 1.47882 -4.36979 0.314342 3.99952 0.147426 1.64709 -0.120263 -1.12284 -1.30286 0.253911 -1.07708 0.228245 1.05028 -1.78587 
5.67941 -0.0656449 -0.922059 -0.701614 -0.426866 -0.166649 -0.168331 0.0977393 -0.276568 0.195664 -0.208717 0.0522846 0.186542 0.540859 -1.16534 1.31111 -1.92143 -0.257736 2.05156 0.980191 -1.9642 0.21356 0.916954 -1.22077 0.796987 0.46004 -2.21711 0.621445 2.53919 0.555229 0.511166 -1.24637 0.0116844 -0.148041 0.524702 -1.77268 -0.278804 0.463822 -1.23308 
5.71449 -0.1071 -0.865309 -0.75286 -0.412271 -0.106487 -0.192753 0.0722346 -0.254038 0.188623 -0.224141 0.0905714 0.199134 -1.83077 -0.357544 3.10107 -1.5561 0.263222 0.986407 1.26694 -2.38484 0.546751 0.252837 -0.926673 0.9071 -0.50763 -2.7284 0.78612 2.29485 0.888828 -0.210422 -1.89738 0.936305 -0.04332 0.209195 -1.86332 -0.248866 -0.344625 -1.09105 
5.7214 -0.143692 -0.803872 -0.760285 -0.412183 -0.0959874 -0.177906 0.0327825 -0.212796 0.174256 -0.255196 0.105719 0.192673 -4.90508 0.269833 4.90071 -0.622046 0.775461 -0.123884 0.904771 -2.3213 0.733067 -0.758202 -0.327057 1.14675 -1.44096 -4.9099 1.3185 2.64845 1.40097 0.265805 -2.25136 0.581646 -0.107372 0.119861 -1.78719 0.589441 -0.546971 -1.31978 
5.64024 -0.123497 -0.743299 -0.761792 -0.418591 -0.105669 -0.146732 0.0131461 -0.238959 0.15975 -0.309316 0.100838 0.170337 -7.45398 -0.332774 6.44353 0.677331 1.53179 -0.594067 0.632564 -2.43061 0.616393 -1.91831 0.790384 0.80985 -1.77956 -6.60665 0.516198 2.99264 2.28301 1.36209 -1.62437 -0.414162 -0.375465 0.114553 -1.6231 2.34812 -0.479125 -1.2884 
5.52979 -0.0741595 -0.648666 -0.791349 -0.416047 -0.126097 -0.0830702 -0.0539471 -0.210668 0.0868383 -0.313527 0.120726 0.122681 -8.79368 -2.26636 6.49212 1.59304 2.71231 -0.963796 1.06486 -1.71493 1.20277 -2.92209 1.4181 0.170027 -2.00177 -5.17565 -2.76601 1.72109 2.62791 2.7486 -0.521107 -0.83069 0.597175 0.342797 -1.41201 2.98452 -0.595483 -0.593094 
5.31062 -0.0593262 -0.444438 -0.773283 -0.409294 -0.228271 -0.00837022 -0.105271 -0.19742 0.0933699 -0.264731 0.110962 0.0658981 -9.8645 -4.61018 6.02553 1.474 2.81438 -1.51685 0.651653 -1.54786 1.54079 -2.98559 2.6366 -0.186424 -1.64763 -1.23731 -6.35946 -1.25828 1.12717 2.308 0.626573 -1.21435 1.22202 0.861614 -0.907666 2.6182 -0.762368 0.86628 
4.88871 -0.0157672 -0.243731 -0.642099 -0.28308 -0.273848 -0.17051 -0.105383 -0.160561 -0.0285521 -0.19089 0.166544 -0.020786 -9.57066 -6.41934 5.38199 1.031 2.81418 -1.61848 0.536196 -0.570781 1.41057 -2.80665 3.08778 -0.536519 -1.08465 3.92036 -7.46325 -3.87898 -1.64216 0.0760897 0.759357 0.125416 1.89314 0.641824 0.605934 0.846032 -1.08871 2.17365 
4.67755 -0.218199 -0.108249 -0.508719 -0.172132 -0.183931 -0.149174 -0.205569 -0.201989 -0.112425 -0.0070273 0.0961838 -0.00909836 -8.54717 -7.68126 4.75362 0.40097 2.61175 -1.45138 0.156521 0.494319 1.5399 -2.17654 3.07688 -0.69184 -0.418453 6.017 -4.00631 -4.08327 -3.84515 -2.30925 -0.0516812 0.351731 2.57011 0.238646 2.1455 -1.53556 -0.498447 2.28731 
4.75745 -0.628917 -0.22161 -0.54268 0.00423016 -0.229934 0.0269127 -0.0239533 -0.0514155 -0.191075 -0.0603262 0.0576385 -0.0248867 -7.4478 -8.4288 3.79876 0.0976824 2.5556 -0.822291 -0.051205 1.03626 0.758802 -1.24242 2.88375 -0.93663 0.0875233 3.86524 1.76409 -1.5149 -3.09433 -3.11303 0.15037 -0.355412 1.21657 -1.5143 2.91402 -1.97848 0.100552 1.36946 
4.61295 -0.862974 -0.214383 -0.711412 -0.177457 -0.30917 -0.160372 -0.149961 -0.020888 -0.118841 0.107054 0.0708983 0.0759799 -5.41344 -7.7723 2.6305 -0.874988 1.99927 0.27643 0.271626 1.03176 0.501973 -0.40104 1.43243 -1.06868 0.6041 1.53262 5.80633 0.647735 -0.603019 -1.1055 1.37456 0.376334 0.200095 -2.08763 2.24216 -2.9146 0.213304 -0.188478 
4.64365 -0.876823 -0.152636 -0.730796 -0.158917 -0.307148 -0.0534173 0.0224948 -0.102191 -0.128057 0.0134454 0.0292821 0.0848099 -3.92952 -6.30284 2.09142 -1.55033 1.29717 -0.0661235 0.932665 0.507391 0.998759 0.160391 0.206535 -1.03606 0.566423 -0.772448 6.02549 1.13614 1.26987 0.660703 1.39353 0.205989 -2.0877 -0.410746 0.608024 -2.19877 0.399489 -1.23209 
4.54971 -0.886704 -0.0474746 -0.762755 -0.146248 -0.303255 -0.103196 0.0813816 -0.0508933 -0.0764769 -0.00385906 0.0437191 0.0901112 -4.33748 -4.1521 2.49461 -1.63519 0.506111 -0.385967 1.02635 0.343781 1.60128 0.625962 -0.465488 -1.11313 -0.0990874 -1.228 3.43445 0.508221 1.63317 0.783675 0.467068 1.14416 -2.80637 1.60412 -0.700339 -0.988825 -0.290845 -1.61235 
4.37721 -0.969104 -0.0157115 -0.679803 -0.0351826 -0.227472 -0.0804992 -0.0127125 -0.205323 -0.045026 0.0810679 0.0119528 0.0523342 -6.27392 -1.90381 2.6936 -0.896814 0.246923 -0.101778 0.23835 -0.410222 1.30764 0.689721 -0.238513 -0.561383 -0.374046 -1.77965 1.10359 -0.600909 0.616875 -0.393856 -1.23399 0.402285 -1.26041 3.2097 -1.16264 0.0125548 0.146873 -1.06886 
4.43326 -0.89117 -0.005458 -0.789705 -0.0675542 -0.11498 -0.0108788 -0.0719225 -0.101209 -0.0282627 -0.13062 -0.00694214 0.0850539 -8.59841 -0.321126 1.85685 -0.25055 1.10715 -0.253208 0.959591 0.226772 1.4887 0.381373 -1.19169 -0.543702 -0.728566 -4.7981 0.379273 -1.37175 0.291875 -0.918276 -2.20089 -0.837588 0.885887 1.49758 -0.605977 1.30069 0.497517 -0.230102 
4.29548 -0.910722 0.0573553 -0.737544 -0.025317 -0.344802 -0.00165385 -0.142226 0.0979986 -0.135191 -0.0895307 0.0145113 0.00806216 -11.0942 0.775367 0.23673 0.381552 0.510287 -0.682815 0.109954 -0.182815 1.94127 0.534158 -0.910897 -0.681352 -1.03409 -6.12184 1.62276 -2.83612 0.589605 -0.803322 -0.671737 -1.37399 2.6264 -1.29041 0.611758 0.481989 0.211234 0.378378 
4.09611 -1.0077 0.167485 -0.744971 -0.109328 -0.311286 0.0608621 -0.0611363 0.152214 -0.0638939 0.000435386 -0.106501 -0.0549999 -11.6958 1.85427 -1.4244 0.809852 -0.184691 -0.579827 0.0162256 -0.541484 1.61246 -0.0428869 -0.943874 -0.877233 -0.781026 -4.31634 3.12681 -4.18334 1.0515 -0.411323 0.611816 -1.52404 1.1273 -2.58649 0.391299 -0.679653 0.12971 0.888808 
3.77979 -0.978258 0.0498892 -0.731602 -0.0716087 -0.282034 -0.128386 -0.0724403 0.0581527 -0.0683416 0.0431876 0.0703931 0.0194748 -11.2071 2.93335 -2.35523 1.08669 -1.37173 -0.653693 -0.770243 -0.615051 1.49621 -0.121803 -0.629076 -0.498296 -0.356639 0.919776 3.1763 -3.28925 1.29506 -1.25641 1.34906 -0.499463 -1.31133 -1.92833 -0.0894487 -0.746858 -0.689613 0.610514 
3.35847 -0.821276 -0.0278118 -0.767901 0.0129224 -0.35796 0.0340122 0.0815712 0.0536455 -0.0520352 -0.172672 -0.0213901 0.0264634 -10.1706 4.14861 -2.33059 2.40727 -1.58745 -0.812877 -1.35425 -0.964622 -0.270959 0.100813 0.0768963 -0.00771227 -0.458202 7.02828 2.33087 -0.397428 1.67969 -2.07526 1.11488 -0.723253 -3.38457 -1.17036 -0.517339 0.587593 0.297418 0.182385 
3.14653 -0.698342 -0.184237 -0.616832 -0.122066 -0.360466 -0.122826 0.00381634 0.10963 0.00771635 -0.101493 -0.0965543 -0.0745328 -2.47568 6.61526 -2.23332 1.79044 -2.70365 -0.494357 -2.23394 -0.954286 -1.26243 0.632721 -0.798148 0.630518 -0.203761 14.3113 2.22468 2.94488 0.252456 -1.85775 -0.495149 -0.783816 -2.24125 -0.926587 -0.327153 0.709412 1.8015 0.019959 
3.21508 -0.644269 -0.264136 -0.619908 -0.155923 -0.242669 -0.0581566 -0.16058 0.0485405 -0.131582 -0.115061 -0.100955 0.0164471 6.7052 7.93089 -2.18218 1.26572 -3.63616 -0.589136 -2.7153 -1.65151 -0.924418 0.9316 -1.46146 1.49969 0.138641 19.4969 2.33215 3.80876 -1.39333 -1.81032 -1.30183 -1.40554 0.343805 -0.242333 1.49945 -0.190355 2.48402 -0.184892 
3.24796 -0.573738 -0.24089 -0.590103 -0.294025 -0.275628 -0.170303 -0.208681 0.0752438 -0.0724062 -0.0386129 -0.00785631 0.0355613 13.3546 8.01833 -1.30306 0.988026 -4.70319 -0.42425 -2.34575 -2.01074 -0.52233 1.47322 -1.56728 1.41749 0.31795 18.6255 1.77264 1.88584 -2.39217 -1.11378 -0.758073 -0.797499 1.62171 0.415974 1.96912 -1.74621 1.75001 0.428391 
3.27507 -0.358451 -0.0900784 -0.389692 -0.226974 -0.38478 -0.164836 -0.23258 -0.112915 -0.035319 -0.0556665 0.0468695 -0.0623425 14.7963 7.41784 -0.361945 1.24446 -5.06925 0.0171621 -2.42179 -2.4219 -0.588613 1.66854 -0.942273 1.61396 0.63023 7.70682 -0.681325 -0.525865 -2.00166 -0.901809 0.826624 0.758938 1.3076 1.72995 1.39787 -1.61536 -0.607427 1.14771 
4.5941 0.00964294 -0.103332 -0.664142 -0.459575 -0.445296 -0.346864 -0.123557 -0.0260313 0.0234769 -0.220494 0.116129 -0.0429105 9.75097 6.69116 1.38994 1.6699 -3.50822 -0.129071 -1.51314 -1.44437 -0.768139 1.13128 -0.95939 1.04197 0.567012 -15.1605 -3.9607 -0.196499 1.9667 1.63911 1.81877 2.30002 -0.152601 0.860012 -0.66192 0.952341 -2.7435 0.568501 
5.17802 -0.0284685 -0.217847 -0.674924 -0.564455 -0.343922 -0.342812 -0.225476 0.0761242 0.111815 -0.241391 0.177816 0.0433286 2.63589 5.40411 2.52533 2.68119 -2.04298 -0.686794 -1.18556 -0.171883 -0.648965 0.743541 -0.404051 -0.00221599 0.0164994 -30.6755 -4.58763 2.28042 4.26741 4.36974 0.612526 2.60988 0.420815 -0.891058 -2.99348 2.62766 -3.59603 -0.636392 
5.01499 0.00627123 -0.217318 -0.588227 -0.627856 -0.320681 -0.293516 -0.263154 0.0189059 0.145129 -0.252441 0.132063 0.0901996 -4.8958 3.25562 3.01434 3.64018 -0.313334 -0.520753 -0.64668 0.0953879 -0.723507 -0.169475 0.173619 -1.10434 -0.200477 -29.8256 -4.11502 3.8015 4.3494 5.52919 -1.16062 1.0256 1.39379 -1.36018 -3.32866 3.0578 -2.57599 -1.85458 
4.33818 0.0509776 -0.151022 -0.432222 -0.629394 -0.290464 -0.256951 -0.312509 -0.0139376 0.116371 -0.186394 0.040256 0.0666488 -12.6183 0.338375 2.90083 4.35101 1.35851 0.254711 -0.172687 -0.0557144 -0.726737 -1.18059 0.892645 -1.67113 -0.261322 -14.2576 -3.58361 2.4999 2.09344 4.82511 -1.36924 -0.331813 1.469 -1.24679 -2.33557 1.50364 -0.528731 -1.7665 
3.3827 0.0805125 0.0985676 -0.269751 -0.392733 -0.344575 -0.245916 -0.217869 -0.0546369 -0.0409788 -0.134496 -0.0446652 -0.0241681 -20.0778 -2.20903 2.83124 5.48818 3.48587 0.69511 0.621524 -0.277375 -1.60687 -1.98653 1.44729 -1.93436 -0.544873 5.28692 -3.47397 -1.62671 -1.34869 1.65955 0.432596 -0.8217 0.0374936 -0.303906 -0.221305 -0.547127 1.35754 -0.112528 
3.13622 0.0121985 0.171571 -0.187587 -0.349358 -0.440969 -0.265118 -0.121796 -0.0770135 -0.0755251 -0.0708108 -0.0745793 -0.0324042 -13.935 -3.3489 1.19754 3.95744 3.06238 -0.00927645 0.779992 1.04039 -1.50549 -1.94127 1.80353 -1.47591 -0.801577 19.2959 -3.36989 -5.60854 -3.73399 -1.51605 1.75517 0.292164 -0.675276 0.5671 1.45402 -1.16995 2.25768 1.07826 
2.94381 -0.0931164 0.198801 -0.0895082 -0.297757 -0.4274 -0.328702 -0.199008 -0.0957412 -0.0535316 -0.0405981 -0.0780683 -0.052213 -1.14848 -2.86878 -1.69741 1.62782 1.65575 -0.790924 0.646853 1.65729 -0.530039 -1.12987 1.53047 -0.12599 -0.529255 28.3131 -0.247826 -7.71349 -5.4171 -4.36925 0.402231 1.26022 0.575504 1.40324 2.25976 -1.02575 2.42449 1.47242 
2.78719 -0.235682 0.134849 -0.0562023 -0.175039 -0.280028 -0.272377 -0.253082 -0.147363 -0.132512 -0.0822033 -0.0548847 -0.0542378 12.584 -2.2412 -4.44745 -0.630422 -0.842426 -1.25725 0.709764 2.39454 0.203392 0.0946397 1.04126 1.12073 -0.248705 31.0152 3.38518 -6.87039 -5.47304 -6.56335 -2.22584 0.936638 2.3726 2.25458 2.77864 -0.164341 2.10401 0.798602 
2.70387 -0.327816 0.051249 -0.066657 -0.115227 -0.228454 -0.224674 -0.251948 -0.187041 -0.142606 -0.112878 -0.0591605 -0.00998448 22.4373 -1.43577 -6.35375 -2.26688 -3.25267 -1.54282 1.4222 2.5866 0.303783 1.10739 0.680215 2.23793 -0.34055 23.7587 5.12077 -3.28197 -3.64595 -6.07283 -3.54206 0.553835 2.84059 1.69169 2.10757 0.226166 1.8584 -0.64553 
4.31282 -0.428392 -0.287881 -0.309811 -0.434253 -0.399924 -0.171035 -0.00821024 -0.0688004 -0.0301213 0.0292506 0.00817803 -0.014473 26.227 -0.353702 -6.43994 -3.24942 -4.26611 -1.81442 2.05531 3.03275 -0.00627645 1.28571 0.480768 2.68595 -0.635145 3.20296 4.03921 2.03149 -0.210125 -2.27097 -1.86193 0.370179 0.896075 -0.66259 0.417222 -0.367524 0.924911 -1.43108 
5.17356 -0.085262 -0.506185 -0.407473 -0.542608 -0.534613 -0.205045 -0.0271946 0.0113328 0.0375904 -0.0395183 0.126948 0.0170939 26.5627 0.565588 -5.51141 -3.63158 -4.71385 -2.3418 2.32771 3.72145 -0.435431 1.19799 0.50556 2.70449 -0.812355 -14.9992 -0.161545 5.87252 2.17941 1.74345 0.80112 0.617911 -0.547016 -2.80852 -1.30368 -0.263367 -0.517224 -1.52697 
5.61273 -0.106021 -0.542707 -0.431136 -0.730779 -0.532508 -0.18321 0.0995634 0.00615169 0.0806709 -0.0292717 0.145623 -0.0459968 23.1366 1.18326 -3.85957 -3.27271 -4.41757 -2.64008 2.22124 3.74394 -1.04199 1.04179 0.47317 2.49407 -0.969634 -22.5307 -2.25454 6.16787 2.56966 4.68055 2.13789 0.589217 -1.52423 -3.2968 -2.27268 -0.347472 -1.33293 -0.377314 
5.63836 -0.145515 -0.495987 -0.431424 -0.732606 -0.578045 -0.03896 0.115638 -0.114243 0.0475635 -0.0239996 0.231393 -0.143706 16.2415 0.97641 -1.93064 -2.30133 -3.08444 -1.8384 2.32523 2.90717 -1.84047 0.247064 0.224928 1.98939 -1.07656 -17.9194 -2.30686 3.73065 1.72727 4.40458 2.20804 -0.210667 -1.53039 -1.76358 -1.82495 -0.259019 -1.86755 1.04345 
5.64186 -0.162397 -0.439187 -0.470835 -0.705034 -0.578811 -0.018087 0.167896 -0.191057 0.0184402 -0.00787353 0.21803 -0.133461 5.9746 0.339895 0.0231376 -0.800911 -1.02666 -0.447339 2.21682 1.74126 -2.64263 -0.806127 -0.156238 1.0979 -0.876767 -8.07205 -1.0966 0.481486 0.959294 2.25139 1.49356 -0.63352 -1.30973 0.262011 -0.969728 -0.137444 -1.4791 1.36033 
5.65125 -0.178426 -0.411199 -0.473713 -0.695902 -0.580822 -0.0273059 0.204884 -0.226965 0.00996855 0.000235893 0.213729 -0.121143 0.761295 -0.859591 0.796205 -0.242467 0.111806 0.296812 2.12524 1.32991 -2.76419 -1.28173 0.00745598 0.332264 -0.656502 -3.02818 0.412722 -1.0864 0.790133 0.825611 1.00267 -0.694967 -1.45605 1.30307 -0.397174 -0.376943 -0.92024 0.913355 
5.58008 -0.169842 -0.410104 -0.482587 -0.661036 -0.57547 0.0169117 0.216519 -0.285396 -0.0132698 -0.034064 0.232928 -0.113584 -1.3919 -0.522141 0.477077 0.0789832 0.875078 0.610975 1.40815 0.714671 -2.0748 -1.52991 -0.0940218 -0.0364933 -0.0879852 -0.731649 0.458147 -1.24776 0.769527 -0.252826 0.658809 -0.890431 -0.825417 1.70936 -0.0582418 -0.0255044 -0.601086 0.192408 
5.56766 -0.216949 -0.413117 -0.469361 -0.646041 -0.521715 0.0855218 0.173175 -0.31626 -0.06411 -0.0343868 0.208132 -0.113807 -1.76104 -0.109499 -0.151934 0.265049 0.883901 0.923602 0.479665 0.556971 -1.08406 -1.35934 -0.291211 -0.299136 0.308464 -0.26306 0.771155 -0.905801 0.402696 -0.275207 -0.0227948 -1.31116 -0.0666851 1.59177 0.31477 -0.00131767 0.0229332 -0.102347 
5.524 -0.204514 -0.439396 -0.427325 -0.657392 -0.499257 0.0622698 0.196039 -0.309809 -0.0990088 -0.0173201 0.182528 -0.107336 -1.65562 -0.0151346 -0.430058 0.124562 1.00806 0.938708 0.0119618 0.361356 -0.249538 -1.28836 -0.468918 -0.0922074 0.15829 0.39843 0.589419 -0.275065 -0.486988 0.170121 -0.344364 -1.53264 0.364785 1.42418 0.503159 -0.216368 0.464116 -0.0720531 
5.48123 -0.188711 -0.433323 -0.449042 -0.62398 -0.514349 0.0711634 0.192002 -0.318149 -0.0843178 -0.0348768 0.190241 -0.120946 -1.35096 0.0503074 -0.583737 -0.196648 1.22612 0.787096 -0.438819 0.421198 0.389839 -1.2099 -0.483383 0.00815772 0.0673192 0.967531 0.109766 0.0591244 -0.975721 0.516915 -0.403527 -1.29096 0.516567 1.17087 0.3205 -0.277052 0.615243 -0.0334325 
5.46243 -0.173469 -0.469851 -0.42102 -0.629766 -0.48209 0.0178485 0.214814 -0.277918 -0.125651 -0.0312404 0.186514 -0.0999594 -1.05836 0.174776 -0.62666 -0.509039 1.36584 0.558994 -1.06674 0.646163 0.981393 -0.98044 -0.467065 0.0999574 0.0674136 0.905554 -0.259237 0.315344 -1.25194 0.814028 -0.485507 -0.524114 0.326522 0.650071 0.244531 -0.278221 0.498672 -0.122615 
5.43171 -0.150775 -0.492587 -0.428674 -0.604954 -0.471975 -0.00656944 0.231253 -0.268415 -0.115626 -0.0659068 0.20459 -0.0933765 -1.26263 0.397387 -0.427889 -0.961465 1.63822 0.255399 -1.71582 0.923401 1.4052 -0.643837 -0.594968 0.213792 0.280336 0.264824 -0.319053 0.463204 -0.965937 0.665755 -0.412826 -0.272355 0.145877 0.42715 0.175556 0.0229771 -0.0222347 0.10083 
5.47305 -0.192165 -0.450735 -0.509337 -0.54238 -0.474301 -0.0275277 0.234603 -0.225621 -0.148212 -0.0767853 0.229512 -0.119741 -2.87516 0.721814 -0.0621889 -1.11881 1.6132 0.273173 -2.09911 0.59796 1.78765 -0.151528 -0.565417 0.0622862 0.781459 -2.43146 0.585966 0.399187 0.0207077 -0.0935585 -0.164408 -0.596959 -0.181778 0.384562 0.727256 0.255357 -0.60695 0.861886 
5.47715 -0.189956 -0.479311 -0.524732 -0.505814 -0.489086 -0.0465301 0.262887 -0.206232 -0.158882 -0.0693287 0.219105 -0.111755 -5.93407 1.01869 1.14651 -0.797678 0.789824 0.402448 -1.21777 -1.19976 1.19302 1.65881 -0.781123 -0.181775 0.971155 -6.24843 1.21946 1.575 0.849319 -1.34406 0.263099 0.37269 -2.28313 -0.41197 2.63638 -0.0944848 -0.775095 1.08362 
5.42123 -0.162052 -0.496638 -0.532404 -0.487009 -0.483264 -0.0864022 0.28168 -0.177096 -0.154872 -0.0871338 0.222609 -0.0989595 -8.73913 1.38334 2.32668 -0.616499 -0.242437 0.580055 0.201858 -3.16564 0.187446 3.31733 -0.899807 -0.555793 0.896131 -8.35135 1.29328 2.70705 1.29027 -2.67381 0.736805 2.2958 -4.61106 -1.72447 4.15649 -0.345232 -0.860183 0.608907 
5.32846 -0.144153 -0.458943 -0.570993 -0.445201 -0.484438 -0.161739 0.299404 -0.133529 -0.140249 -0.102156 0.206338 -0.0496558 -10.9307 1.73856 3.05549 -0.120279 -1.22381 0.800621 1.13817 -4.57652 -0.578984 4.19514 -0.948802 -0.78974 0.938868 -7.07617 0.851571 2.77816 1.27484 -3.12977 0.822448 3.87682 -5.37897 -2.8004 4.0147 -0.53431 -0.489272 -0.406064 
4.92902 -0.0533929 -0.425654 -0.535858 -0.484339 -0.448532 -0.225714 0.223636 -0.0673183 -0.0695176 -0.0794126 0.164351 0.0386558 -12.7132 2.12253 3.44448 0.592186 -1.90196 0.887286 1.781 -5.4139 -1.17388 4.4154 -0.937999 -0.857521 0.983944 -2.02725 -0.06264 1.55989 0.774788 -1.92028 0.313711 3.47776 -3.1938 -2.58803 1.22167 -0.351738 0.127143 -1.21987 
4.46234 -0.0349361 -0.185189 -0.485407 -0.629313 -0.430433 0.0416967 -0.160398 -0.257418 0.302262 -0.173317 0.162271 -0.00917402 -14.0655 2.11888 3.91838 1.23383 -2.17903 0.81969 2.21679 -5.86215 -1.20533 3.95812 -0.909811 -0.758799 0.853628 2.53075 -0.451218 -0.930133 0.645862 0.379718 -0.388157 0.199343 1.47166 -0.018612 -3.43106 0.440709 0.48647 -0.72217 
4.31386 0.0046507 -0.136362 -0.50777 -0.716279 -0.382279 0.160009 -0.286502 -0.336632 0.34626 -0.166114 0.115077 -0.0338015 -14.0889 1.32452 3.80588 1.56121 -1.41225 1.15975 1.43553 -4.66611 -0.84418 2.56476 -0.257819 -1.14799 0.675542 3.55108 -1.23279 -2.02421 0.707882 2.76901 -0.452161 -3.4261 5.13985 2.47566 -5.825 1.19591 0.247792 0.0758563 
4.19887 0.0315779 -0.1293 -0.478719 -0.719399 -0.378846 0.128036 -0.295894 -0.331755 0.310395 -0.186047 0.135963 -0.0088082 -8.44386 -1.0019 2.37398 1.00099 0.236721 1.88924 0.437651 -2.59767 -0.22371 0.758582 0.427448 -1.49195 0.424421 6.91599 -3.40672 -2.63377 -0.334741 4.40107 0.648599 -4.8796 6.43589 3.43382 -5.4312 1.84791 -0.752246 0.441154 
4.02369 0.0616619 -0.100701 -0.429514 -0.697017 -0.399154 0.112732 -0.300745 -0.31421 0.242487 -0.166466 0.142271 0.0063358 -3.55189 -2.95041 2.41367 0.227617 1.91318 1.86811 -1.75146 -0.227793 0.237206 -1.26326 1.21654 -1.59064 0.491323 9.60944 -5.05428 -1.33148 -1.68853 4.2958 1.47301 -4.90622 5.27907 2.25373 -3.08851 1.99588 -1.35769 0.498212 
3.72752 0.0696025 -0.033813 -0.3466 -0.697981 -0.416606 0.116998 -0.340647 -0.238289 0.203362 -0.173662 0.137164 0.0203712 0.925451 -3.54835 1.90031 -0.113622 3.15403 0.565256 -4.09972 2.62758 1.57957 -3.18755 1.57403 -1.28399 0.930755 11.7129 -4.255 0.304112 -2.41305 2.62059 -0.0185833 -3.35327 3.28466 0.249324 -0.556948 1.0213 -0.580755 0.255736 
3.61825 -0.0653948 -0.0404645 -0.36524 -0.521626 -0.281786 -0.12738 -0.108745 -0.167541 0.0705733 -0.0512502 0.00510905 0.0334743 4.14235 -3.12224 1.16309 -0.185231 3.21088 -1.03053 -4.60068 3.51007 2.24182 -3.33511 1.48472 -0.708414 0.609783 9.7055 0.173974 0.537222 -1.43554 -0.725572 -3.47532 -0.416176 0.523901 -0.560568 0.889602 -0.630867 1.43127 -0.259865 
4.64053 -0.45215 -0.238944 -0.537675 -0.328538 -0.139881 -0.151909 -0.00704395 -0.129459 0.0197216 -0.0161555 -0.0414632 0.0355286 6.5785 -1.96678 -0.101402 0.215975 2.1711 -2.17188 -4.3875 3.69388 2.25357 -2.80249 1.1134 -0.0546916 0.0677383 0.560986 6.07673 -0.383318 1.55254 -4.12071 -5.92109 1.62567 -1.31558 -0.397148 1.6102 -1.96522 3.01506 -0.9021 
4.37305 -0.452569 0.146259 -0.544047 -0.334307 -0.240223 -0.371921 -0.0260184 -0.211898 -0.00882675 0.0463233 -0.0258239 0.087027 7.96826 -0.669535 -0.980133 0.393217 1.10777 -3.05236 -4.04393 3.59895 2.00053 -2.15389 0.728009 0.537615 -0.285864 -3.14678 7.63203 -3.65032 3.00886 -4.8787 -4.46795 3.33727 -1.74025 0.285535 1.67653 -2.16975 2.75113 -1.51342 
4.52985 -0.30548 0.117684 -0.473195 -0.366564 -0.544485 -0.384285 0.10871 -0.0938914 -0.0399968 -0.0528881 0.0699522 0.10394 7.33258 0.825766 -1.45398 0.806481 0.110955 -3.69278 -3.24012 2.88289 1.41214 -1.51547 0.19487 1.22265 -0.602656 -5.51638 4.65235 -3.7722 2.45389 -3.14798 0.0585379 2.73393 -1.92736 -0.314285 1.33735 -0.967655 1.00392 -1.33338 
4.69828 -0.135563 -0.103024 -0.453186 -0.451902 -0.664329 -0.296367 0.0667988 -0.0329379 -0.053156 -0.0405745 0.116186 -0.0100522 3.47894 2.12354 -0.910963 1.40905 -0.792075 -3.82186 -2.06051 1.37341 0.966841 -0.920087 -0.201451 1.62776 -0.847568 -6.43554 -0.515527 -0.372455 0.569974 0.249655 3.85773 0.609906 -1.18935 -1.13471 0.535586 0.386992 -0.965762 -0.119822 
4.74768 -0.0278636 -0.275338 -0.298973 -0.572999 -0.669385 -0.350237 0.106557 -0.0404259 -0.0269673 -0.0868957 0.183193 -0.0347555 -4.1606 2.98329 -0.306565 2.1212 -0.92404 -2.52635 -1.3897 0.28842 1.01785 -0.985635 -0.0454602 1.1019 -0.962272 -8.39234 -3.94638 3.48425 -1.38905 2.86189 5.20949 0.015724 -1.67049 -1.08474 -0.384077 1.27685 -2.22923 0.707287 
4.73828 -0.0342059 -0.222468 -0.339078 -0.539165 -0.680237 -0.405237 0.146879 -0.038667 -0.046445 -0.045693 0.158761 -0.0191249 -9.0537 2.02135 -0.218031 2.41636 -0.0719026 -0.362294 -0.260522 -0.748078 0.906799 -0.787644 -0.149937 0.222275 -0.867607 -13.4889 -3.51383 5.44361 -0.732624 3.00852 4.21769 0.347681 -2.40813 -0.602825 -0.55814 0.833592 -2.25265 0.979678 
4.58575 -0.0387422 -0.180289 -0.306668 -0.505458 -0.670184 -0.404365 0.108351 -0.0711672 -0.0533161 -0.0720176 0.179757 -0.0314317 -13.0362 -0.591969 2.13377 2.11421 1.14169 2.10593 -0.555532 -1.91059 0.0915313 -0.683135 0.569942 -0.83803 -0.174765 -11.7887 -2.9462 4.27428 0.137822 2.20001 2.77491 0.804647 -2.18159 0.119731 -0.26658 0.394735 -1.83481 1.08759 
4.29199 -0.123151 -0.0295774 -0.332274 -0.432916 -0.588293 -0.44502 0.0621498 -0.0695313 -0.0891184 -0.00520629 0.125532 -0.0404476 -16.1393 -2.63469 3.72465 1.769 2.37324 3.43125 -0.367831 -2.25978 -0.555163 -0.617312 0.879472 -1.51694 0.590457 -5.73749 -2.43185 1.34148 0.623031 1.03695 1.62701 1.16737 -1.41539 -0.399929 0.472771 0.0826399 -0.943211 0.979847 
3.62322 -0.112098 -0.00486026 -0.277996 -0.394328 -0.44359 -0.407252 -0.0209057 0.00829796 -0.161487 0.021971 0.054948 -0.0394793 -18.4273 -3.71194 3.07776 1.38771 3.31098 3.96857 0.889115 -2.61349 -0.907945 -0.406853 0.78527 -1.85726 0.599336 1.93401 -2.35412 -1.81819 0.193277 0.529161 0.338422 1.2195 0.188838 -1.48437 1.23003 -0.284964 0.127004 0.64076 
3.03322 -0.0957536 0.123174 -0.144887 -0.357838 -0.444285 -0.331968 -0.11395 -0.0358582 -0.090052 -0.0687088 0.0371838 -0.0079432 -12.4374 -4.36673 -0.186641 0.620442 1.33217 4.94482 1.37753 -2.5922 -0.36216 0.0638221 0.524908 -1.38633 0.699525 12.8675 -1.89992 -6.292 -1.97786 -1.64546 0.442912 0.969168 1.46032 -0.636298 1.00019 -0.0561399 1.02377 0.0131876 
3.19341 -0.418975 0.298016 -0.188055 -0.267588 -0.318918 -0.458014 -0.148463 -0.0854642 -0.10518 0.0461429 -0.00787414 0.06636 -2.58498 -4.68984 -2.74347 -0.509616 -0.0419151 4.94945 1.77533 -1.95773 0.151318 0.379323 0.61659 -0.919694 0.649342 20.8308 0.427855 -9.09909 -3.03261 -4.01707 0.109266 1.40193 1.81699 1.07614 0.696372 -0.501181 1.75159 -0.877939 
2.92233 -0.451788 0.181445 -0.198387 -0.206098 -0.243992 -0.343404 -0.144153 -0.159221 -0.099978 0.0675253 -0.0277578 0.0581465 7.23544 -4.73144 -4.2426 -1.34804 -1.38276 4.08958 2.03071 -1.06984 0.228452 0.474326 0.596661 -0.500016 0.453144 25.4459 1.23865 -6.37195 -3.08124 -5.0579 -0.636761 0.37687 1.64095 2.36733 -0.0278278 -0.158502 1.42653 -0.986036 
2.51368 -0.459394 -0.0861738 -0.163715 -0.13276 -0.21606 -0.175771 -0.15611 -0.178267 -0.0623653 -0.0186966 -0.0253298 0.000102987 13.3715 -5.11529 -3.31632 -1.09978 -2.21473 2.98559 1.65092 0.0583602 0.2132 0.142644 0.097598 0.107945 0.169256 19.5779 0.787964 1.47263 -0.759993 -3.61049 -1.86795 -1.15139 1.52198 1.88273 -1.05678 -0.068485 0.765517 -0.471153 
3.97525 -0.569361 -0.520945 -0.380611 -0.63074 0.012058 -0.270416 -0.167784 0.0194028 -0.0323493 0.00313453 0.0583444 0.0563485 16.9629 -2.79701 -2.93002 -0.903149 -3.08492 0.924961 0.778435 0.962843 0.809481 -0.226996 0.408121 0.350318 -0.553342 0.794664 2.14895 8.89402 2.80303 0.968644 -4.85667 -1.9149 1.46083 -0.347468 -1.30468 -0.0637409 -0.212872 -0.651694 
4.75955 -0.613889 -0.471542 -0.441585 -0.536288 -0.0469242 -0.204367 -0.133477 0.0240846 -0.0481413 0.0621495 0.0565987 0.0219932 16.8793 0.756598 -2.95244 -0.0964022 -4.1356 -1.7069 0.406585 1.29247 1.37733 0.0686777 0.260604 0.96305 -1.11 -13.5871 4.61142 8.18868 4.21259 1.89802 -5.90346 -2.50002 0.952016 -1.04916 -0.544358 0.0976823 -0.0958632 -0.714513 
4.94752 -0.68276 -0.322108 -0.434817 -0.569391 -0.117283 -0.190843 -0.0920516 -0.0286882 -0.095101 0.0941134 -0.00692606 0.0111524 15.7938 2.88382 -2.09491 0.971098 -4.54022 -3.55098 -0.527244 1.44804 1.72594 0.238107 0.346498 1.2906 -0.888645 -17.3843 7.36613 1.24256 3.59018 0.885356 -5.09708 -1.52603 0.119571 -0.256048 0.928326 -0.00945924 0.771014 -0.496716 
4.48406 -0.823814 0.0603993 -0.163172 -0.548835 -0.142453 -0.245436 -0.0243245 -0.0432098 -0.167466 -0.0676517 0.0612547 0.0111459 11.7954 4.40201 -0.981387 1.80358 -3.87486 -4.77429 -0.960055 1.25229 1.45079 0.30697 0.382726 1.61303 -0.601363 -9.33438 6.91751 -6.07524 0.555543 -0.644939 -2.525 0.00319734 -1.03867 0.689651 1.93361 0.366827 1.20086 0.228636 
4.73189 -0.337268 -0.082998 -0.201654 -0.635604 -0.451032 -0.365924 0.00194799 0.0189671 -0.106082 0.0851618 0.0420185 -0.0868436 3.38769 5.4782 -0.26393 2.48058 -2.01599 -5.38497 -0.499201 0.736898 0.67216 0.581923 -0.201068 1.62564 -0.3516 -1.54224 0.926189 -6.21216 -1.49304 -0.542021 1.93621 1.3727 -1.71888 0.484708 1.33239 -0.642766 1.16342 1.61056 
4.82781 -0.105156 -0.364758 -0.196425 -0.786658 -0.594831 -0.324538 -0.019748 0.069722 -0.0151952 0.0997993 0.153582 -0.0966194 -0.0900478 5.63534 -1.36593 1.77626 -1.76261 -4.63445 -0.553955 0.393609 0.810991 0.878473 -0.679627 1.99685 0.0275891 -0.642248 -4.17123 -0.816445 -2.33013 2.37254 4.03386 1.63849 -1.25894 -0.638042 -0.133595 -1.3227 0.0697593 1.6734 
4.82573 -0.0600774 -0.485302 -0.0901611 -0.84516 -0.592231 -0.305618 0.0034316 0.103315 -0.00913165 0.0567145 0.167707 -0.0171652 -0.874224 5.18622 -2.02387 0.17406 -0.7056 -3.54605 -0.403036 0.0243562 1.05461 1.27202 -1.12017 1.98552 0.401036 -2.71252 -5.73011 3.88783 -3.07941 3.86598 3.83412 0.68088 -0.519263 -1.05821 -0.772964 -1.55897 -0.782255 0.796395 
4.84445 -0.0815945 -0.471422 -0.111527 -0.79892 -0.599026 -0.285527 -0.0518144 0.0867645 -0.016764 0.020213 0.235177 -0.0112971 -1.04736 3.78345 -1.51856 -1.71241 0.641246 -2.12681 -0.228887 0.0819787 0.766553 1.21092 -1.32542 1.25553 0.537649 -4.28453 -4.0131 5.53746 -2.88795 3.74088 2.41099 -0.704993 0.805539 -0.609128 -0.714041 -1.22542 -1.49787 -0.250348 
4.73346 -0.0900388 -0.399131 -0.172025 -0.740422 -0.56954 -0.257183 -0.0936924 0.0461984 0.00854629 -0.0388433 0.220422 0.0345163 -3.24141 0.831249 0.885405 -2.58684 2.12565 -0.422082 -0.103148 0.161497 0.139985 0.991835 -2.11602 0.821715 0.613253 -2.58245 -1.2034 3.70692 -2.60916 2.25417 0.568249 -1.39102 1.32391 -0.0981887 -0.0282509 -0.040836 -1.56629 -1.18913 
4.69393 -0.0900024 -0.38877 -0.24831 -0.671235 -0.602758 -0.288132 -0.0204703 0.0845932 -0.0058468 -0.0448603 0.266917 0.00516943 -6.38817 -0.280458 3.36804 -2.8393 3.97896 0.692515 -0.291258 0.104802 -0.683288 0.357217 -2.12809 -0.135002 0.273469 -3.47869 -0.347254 2.29279 -0.643515 1.325 0.709498 -0.599396 0.421846 -0.772382 0.00842282 0.29402 -1.45289 -0.998427 
4.56662 -0.0660685 -0.306468 -0.363488 -0.598516 -0.598265 -0.323703 -0.0330165 0.121236 0.0447679 -0.121124 0.225607 0.0338833 -6.90008 -1.32383 4.30385 -2.70131 5.50642 1.00219 -0.314583 0.0759501 -1.89655 -0.233038 -1.10411 -0.402798 -0.0222625 -2.68493 -1.28549 1.11366 1.89549 1.65081 1.11081 0.440359 -0.444135 -2.28944 -1.0091 1.44309 -0.720438 -0.436852 
4.43618 -0.0814377 -0.161176 -0.423492 -0.500235 -0.56544 -0.364636 0.0470356 0.0785702 0.0130343 -0.148072 0.1676 -0.00880181 -6.88066 -3.03679 4.21668 -2.32351 5.46048 1.59599 -0.0336692 -0.164006 -2.03775 -0.490907 -0.621413 -1.08034 0.0387481 -0.574862 -3.0852 -0.368371 2.74066 1.24415 1.3113 1.39897 -1.66099 -2.29297 -1.38475 1.91848 -0.153996 0.376868 
4.38245 -0.142147 -0.124414 -0.507205 -0.474253 -0.574645 -0.351944 0.00262242 0.0389094 0.0910258 -0.152751 0.200048 -0.0290345 -6.78495 -5.24028 3.32383 -2.92562 4.40671 2.54519 0.642401 -0.315258 -1.94216 -0.545556 0.490666 -1.24438 0.15724 1.41946 -4.80616 -1.9323 1.05002 -0.629696 1.74046 1.80039 -1.27319 -0.758128 -1.15584 2.2215 -0.192292 1.00903 
3.80908 -0.119789 0.0282972 -0.38962 -0.254918 -0.444503 -0.306424 -0.0575346 -0.0674582 -0.0249636 -0.170411 0.128067 -0.0204397 -6.40377 -7.15068 2.49513 -3.2965 3.1861 3.0626 1.58311 -0.174853 -1.25383 -0.295975 1.45044 -1.73828 0.0668195 4.40647 -5.49663 -3.35579 -2.26204 -3.78594 1.0015 1.63778 0.389674 2.34324 0.571252 2.09397 -0.294019 0.534374 
4.11718 -0.338477 0.0216135 -0.345533 -0.0523906 -0.464352 -0.302085 -0.0383246 -0.250005 -0.107202 0.00641104 0.182356 0.0193943 -5.45189 -8.10255 1.5639 -3.08492 2.57693 2.63541 2.13666 0.107033 -0.798816 -0.531464 1.82166 -1.21507 0.148455 2.27753 -2.89059 -2.73279 -3.60626 -4.90049 -0.0833782 1.16254 1.4813 4.21802 1.65851 0.344164 -0.292482 -0.145027 
4.07496 -0.620552 0.0131432 -0.455689 -0.189048 -0.363952 -0.244062 -0.124719 -0.103912 -0.054686 -0.0983987 0.0694556 0.0382654 -4.29797 -8.47254 0.863687 -2.71371 1.91842 2.61796 2.11267 -0.265071 -0.114984 -0.513969 1.18541 -0.435727 0.551676 0.7519 1.04506 -0.956155 -1.3156 -2.27835 -1.29781 -0.0821559 1.6281 2.65461 0.954655 -1.04555 1.14148 -0.45704 
3.88294 -0.856404 -0.0810162 -0.765341 -0.334777 -0.209537 -0.154998 -0.0655235 -0.0758336 -0.00572914 0.0657942 0.0889305 0.0591583 -3.58879 -8.43621 0.72544 -2.55503 1.44327 2.62564 1.60529 -0.596573 -0.106278 -0.428737 1.29386 -0.133365 0.726124 0.160526 3.73138 1.10182 2.68909 1.31363 -1.84987 -1.57612 -0.478756 -0.372656 -0.194738 -2.17171 1.9517 -0.0830587 
3.85267 -0.966282 -0.0577428 -0.795364 -0.333574 -0.256972 -0.0916357 0.056311 0.0824083 0.0414493 0.112932 -0.0116501 -0.0327228 -2.33961 -7.41923 0.650869 -2.57674 0.22146 1.79908 0.90793 -0.675216 0.396397 0.448697 0.45774 0.123862 0.873139 -0.255746 4.22854 1.98842 4.27359 2.45277 -0.97366 -2.49671 -2.4383 -2.88016 -0.765761 -2.32155 1.79914 0.967028 
3.82456 -0.945753 -0.0109785 -0.710227 -0.165484 -0.373457 -0.108353 0.0376545 -0.0148615 -0.0536012 0.0112618 0.12649 0.0301651 -3.09694 -5.43857 0.965697 -2.24505 -0.314647 2.06593 0.730301 -1.06218 0.35375 0.817641 -0.580355 0.202771 0.910008 1.13954 2.56706 1.10996 2.19538 0.185136 0.681349 -1.70516 -2.44904 -2.45004 0.387681 -0.987409 0.0945608 0.945265 
3.81687 -1.04414 0.0383464 -0.641829 -0.142281 -0.21931 -0.163329 -0.0956292 -0.0283237 -0.0655623 -0.131247 0.207052 0.080918 -2.02992 -3.56995 1.03894 -0.873635 0.434955 2.06224 0.560026 -0.871303 -0.70389 -0.0387467 -0.691205 0.413031 0.942038 1.30268 1.65884 -0.397714 -0.371917 -2.01674 1.21366 0.27824 -0.348144 -0.616518 0.615166 0.157589 -1.65154 0.222125 
3.68129 -1.16787 0.0834267 -0.68954 -0.105235 -0.159322 -0.192915 -0.201197 -0.181163 -0.0365434 0.0860822 0.155678 0.08884 -0.849189 -2.19872 0.659186 0.336794 0.846453 1.46581 -0.0267597 -1.15077 -0.870484 -0.821178 -0.526007 0.395122 0.777558 1.97272 1.73993 -1.98703 -1.07913 -1.99046 0.447971 1.29922 1.94269 1.28207 -0.61605 0.814996 -1.31439 -0.689805 
3.69473 -1.11842 0.114544 -0.696508 -0.225627 -0.254846 -0.213347 -0.144524 -0.073028 0.0516232 -0.0856722 0.100853 0.131683 -0.00191784 -1.1267 -0.180445 0.0419134 0.27112 1.64785 -0.23336 -1.01157 -0.468669 -0.97021 -0.67883 -0.105792 0.905727 2.36097 1.84825 -2.50125 -0.163433 -0.0304656 -0.493108 0.909733 2.35686 1.86513 -1.96634 1.17616 -0.715539 -1.2007 
3.73789 -1.14952 0.0807438 -0.802465 -0.266212 -0.0642225 -0.105664 -0.183194 -0.104383 0.0596368 -0.0973217 0.121451 0.133582 1.47975 0.264679 -0.45665 -0.172599 -0.394797 1.06805 0.169543 0.559054 0.0545341 -0.723126 -0.720503 -0.707727 0.656707 2.5054 2.63493 -1.40042 1.15421 1.25733 -2.41666 -0.42635 2.35603 1.26785 -1.79062 0.0487953 0.153307 -0.549396 
3.79105 -1.1616 0.0418148 -0.700855 -0.200768 -0.0119748 -0.0590593 -0.0941623 -0.139179 -0.122749 -0.0682658 0.0847742 0.121085 3.71401 2.5795 -0.559493 0.208232 0.0283559 -0.172428 0.490964 2.01066 0.502398 -0.424274 -0.331797 -0.744231 -0.195488 3.21916 3.62544 0.407952 1.09822 1.0486 -2.74102 -0.955294 1.68406 0.712619 0.882707 -0.70432 0.452851 -0.473581 
3.79073 -1.13914 -0.0557984 -0.692236 -0.151567 -0.172565 -0.17496 -0.117712 -0.0713272 -0.173791 0.113089 0.144462 0.0737918 5.44662 4.19397 -0.927303 0.937585 0.434282 -0.774514 0.155559 1.98636 0.242067 -0.439448 -1.18221 -0.458674 -0.417128 3.5896 3.92043 1.57856 0.938461 0.461899 -1.66199 -0.404517 0.709916 -1.06117 2.5452 -1.55995 0.0643577 -0.312898 
3.87632 -1.04877 -0.0703025 -0.740635 -0.206743 -0.123121 -0.173968 -0.0852899 0.043823 -0.106413 -0.118785 0.0181187 0.12972 4.12228 5.14654 -2.10823 1.32433 1.00811 -0.925561 -0.663204 0.75084 -0.487026 -0.183822 -0.182088 -0.0547803 -0.529207 0.742914 2.99236 0.0369608 0.92768 0.23616 -0.538755 -0.590085 -1.52168 -2.14038 2.27311 -0.0687172 0.710138 -0.45173 
4.07111 -0.879676 0.0441404 -0.676838 -0.198885 -0.232683 -0.105537 0.115331 -0.0937182 -0.0915281 -0.196065 0.100886 0.167914 1.47869 6.279 -2.96562 1.85883 1.71666 -0.479862 -1.21076 0.754388 -0.60427 0.0121913 -0.655122 -0.573387 -0.326835 -5.25162 0.833717 -2.98081 0.460902 0.852299 2.36264 -0.968693 -3.40038 -1.616 0.34574 1.11598 -0.0670845 -0.18547 
4.349 -0.652828 0.0544966 -0.604792 -0.103058 -0.246173 -0.108487 0.123653 -0.0349972 0.00698278 -0.0386321 0.0977023 -0.0113304 -1.89907 6.4905 -3.09816 1.34391 1.355 -0.110456 -1.66078 0.0586151 -1.01249 0.856553 -1.18929 -0.639179 -0.346809 -11.2219 -1.45653 -3.82135 -0.296662 0.479243 2.86765 -1.3913 -2.83635 -0.84061 -1.36629 0.411825 -0.695203 0.799488 
4.36432 -0.631698 -0.0570327 -0.5768 -0.120761 -0.247439 -0.204007 -0.0572205 -0.200252 -0.0414265 -0.182747 0.0703191 0.0724935 -4.99822 6.06374 -2.99166 1.34435 1.17458 0.737351 -1.42718 0.576087 -1.13017 0.900577 -1.5993 -1.02235 -0.472933 -11.8042 -2.06884 -1.59467 -0.977921 -0.111669 1.90906 -0.620175 0.590581 1.22676 -0.987145 -0.172182 -1.03055 0.336154 
3.90641 -0.53941 -0.340507 -0.586556 -0.119714 -0.216696 -0.298033 -0.218462 -0.169376 -0.00396611 -0.00465313 0.129937 0.087875 -7.76411 4.90259 -3.19362 1.30359 1.3151 1.12724 -1.51468 0.104446 -1.22617 1.02863 -0.444323 -0.503505 -0.720472 -5.53776 -2.27878 2.32564 -0.949463 -0.776013 0.530155 0.829231 3.09622 1.49304 0.336176 -1.41584 -0.736971 -0.232819 
3.61608 -0.399121 -0.404503 -0.51516 0.0608379 0.0375522 -0.230972 0.0161464 -0.148635 -0.120933 -0.180932 -0.038592 0.112693 -9.93726 3.38553 -3.57039 1.02252 1.2094 1.53797 -1.73715 -0.735034 -0.190765 0.984378 -0.133722 -0.752926 -0.626527 1.44576 -2.46787 3.57304 -0.428856 -1.24269 -1.71995 0.985057 1.56956 1.14178 1.57299 0.451882 0.993246 -0.78249 
3.35892 -0.410667 -0.310801 -0.599733 -0.0843676 -0.146701 -0.345596 -0.070179 -0.201086 -0.0120022 -0.205469 0.0140024 0.0499848 -10.6932 2.23351 -2.75991 1.0176 0.646098 1.55813 -0.71821 -0.432688 0.00569523 0.484484 -0.300641 -0.786004 -0.285964 5.49241 -1.88634 1.98133 0.701937 -0.305688 -0.900373 1.64233 -0.701259 0.929755 0.675749 1.90509 1.03289 -0.531984 
3.26739 -0.370416 -0.300268 -0.547224 -0.0754018 -0.11303 -0.29293 0.150097 -0.109134 -0.00201475 -0.237785 -0.0463582 0.0181689 -9.21326 1.50251 -1.73847 0.904919 0.258015 1.28642 0.585426 0.53476 0.534878 -0.0897588 0.0586772 -0.646514 -0.384452 4.96424 -1.62396 -0.0903764 0.612255 -0.298938 -0.216259 1.75517 -2.63268 -0.165139 -1.41205 1.57705 0.723584 0.698402 
3.22018 -0.384298 -0.340885 -0.529888 -0.0253248 -0.0520343 -0.286798 -0.00667901 -0.181017 0.11298 -0.115612 0.0717536 0.0212031 -6.30894 0.77947 -0.555565 0.936938 0.113063 1.00166 1.03839 0.197096 0.778658 -0.271257 0.0908767 -0.766648 -0.789449 2.68782 -0.666932 -0.610434 0.16717 -0.300805 0.337834 1.55503 -1.36834 0.264437 -2.72353 0.466515 -0.616444 0.543266 
3.11874 -0.397518 -0.43773 -0.488879 0.013649 -0.0784965 -0.349738 -0.111408 -0.069526 0.0573718 -0.0940383 0.0194386 0.0235172 -4.56096 0.234689 -0.378462 1.03873 0.057258 0.840495 1.21194 -1.03534 1.07551 -0.11528 0.379139 -0.802373 -0.737451 1.63168 -0.00372738 0.644093 -0.231658 0.0288201 0.907763 1.17471 0.477915 0.177972 -1.79792 -1.31018 -1.47267 0.0582254 
3.04016 -0.354818 -0.375827 -0.436651 -0.0554754 -0.0280319 -0.168869 -0.0832575 -0.135673 -0.0341976 -0.110631 -0.029605 0.010878 -3.34814 0.180089 -0.85012 1.01214 0.194834 1.61177 1.98659 -1.33324 0.767087 -1.28456 -0.140564 -1.46579 -0.319274 1.26773 -0.104551 0.836397 -0.847121 -0.0436126 0.230516 -0.354162 0.154487 0.116733 -0.041288 -1.76888 -1.23925 -0.278391 
2.99404 -0.401908 -0.441026 -0.493601 -0.0956025 -0.0329724 -0.10984 0.0229688 -0.136382 -0.161591 -0.154505 -0.0151062 0.0859118 -2.95867 -0.131119 -0.620739 0.623307 -0.824268 0.728337 1.95192 -1.5515 0.401205 -1.6264 -0.240306 -1.48957 -0.0820476 1.04149 -0.0853486 0.652972 -0.437721 -0.525232 -0.466154 -0.724031 -0.238639 -0.181178 1.07792 -0.966796 -0.709656 -0.218016 
2.99225 -0.363601 -0.385127 -0.464619 -0.0108266 0.0186452 -0.203445 -0.102389 -0.0265101 -0.0450362 -0.085109 -0.073985 -0.0711851 -2.30671 0.0636718 0.0503322 0.728922 -0.664017 0.779909 1.70136 -1.31293 -0.124342 -1.7812 -0.764948 -1.59441 0.0825447 0.780384 -0.223429 0.173467 -0.0575315 -0.878564 -0.921777 -0.420385 -0.681806 -1.69792 0.451034 -0.151647 0.687483 0.974788 
2.93252 -0.367372 -0.364259 -0.406934 0.0376347 0.0776371 -0.155628 -0.135823 -0.00840103 -0.00839548 -0.219302 -0.163481 -0.0120825 -1.75749 -0.101874 0.0968847 0.396283 -0.486619 0.665972 1.16854 -1.66093 -0.717227 -0.673869 -0.191369 -1.09552 -0.147067 0.617976 -0.24755 -0.225484 -0.0792239 -0.651928 -1.22111 -0.756948 -0.694015 -1.86967 0.254747 1.49096 1.60011 0.609767 
2.91818 -0.377179 -0.452392 -0.483369 -0.100373 0.0665213 -0.0535758 -0.174789 -0.145404 -0.194608 -0.254607 -0.183097 0.0234504 -1.17993 -0.103295 0.14048 0.208049 -0.0799701 0.560988 0.849908 -1.74538 -0.893378 0.0228496 -0.202354 -0.786425 -0.0806712 0.745543 0.0678583 0.425669 0.135328 0.866158 -0.2548 -0.570917 0.0173739 -1.02177 1.30308 1.60127 1.58446 -0.0694047 
2.85931 -0.421412 -0.406233 -0.460267 -0.248338 -0.109598 -0.0682762 -0.0947051 -0.0933959 -0.14233 -0.137364 -0.125057 0.0342872 -0.826145 0.0300331 0.254354 0.200502 -0.202791 0.172993 0.674545 -1.53206 -1.27975 -0.127835 -0.166596 -0.281681 0.0737132 0.993286 0.30254 0.115108 -0.327651 1.88578 0.766887 -0.492352 0.428345 -0.138776 0.887052 0.25493 0.883213 -0.3913 
2.91445 -0.347913 -0.332834 -0.367425 -0.00569951 0.0913404 -0.118754 -0.261975 -0.22133 -0.140638 -0.186168 -0.104638 0.0519741 -0.466727 0.00937051 -0.0700694 -0.362738 -0.510928 -0.519913 0.474112 -0.460578 -1.12201 -0.620112 -0.338914 0.210801 0.438598 0.721749 0.204288 -0.317846 -1.0651 0.33951 -0.430768 -0.343817 1.74545 1.54109 0.0997123 -0.784012 -0.00448376 -0.522851 
2.85954 -0.415019 -0.446334 -0.453707 -0.0465833 0.0248112 -0.153438 -0.315666 -0.17636 -0.00350263 -0.0514246 -0.115913 -0.0419182 -0.0503883 0.0908581 0.0676649 -0.215429 -0.243956 -0.91484 -0.15557 -0.0106774 -0.261403 -0.0642402 0.128297 0.700045 0.147182 0.581934 0.28192 -0.0399508 -0.420444 -0.699232 -1.14252 -0.210184 2.3763 1.9698 -1.10097 -1.72597 -0.0999084 0.482026 
2.90326 -0.365143 -0.352379 -0.449822 -0.0433027 0.0793388 0.0121234 -0.196112 -0.210376 -0.0657667 -0.208485 -0.144886 0.0134106 0.433425 0.0249711 0.777049 0.0145897 0.0853406 -0.742698 -0.537292 0.575235 0.330876 0.294637 -0.0525882 0.759924 0.0394079 0.46421 -0.218246 0.183078 0.115061 -1.34903 -1.49858 -1.02232 1.49193 1.60787 -0.925842 -0.291591 0.330625 0.38625 
2.89167 -0.376737 -0.39085 -0.460172 -0.103502 -0.0150362 -0.0876804 -0.178035 -0.21546 -0.19394 -0.204671 -0.0757497 0.0486802 0.542893 0.0565757 0.466813 -0.0625059 0.489037 -0.00766357 -0.862884 -0.315133 0.0132071 0.177493 0.0696253 0.739793 -0.141133 0.27357 -0.357891 0.74717 0.906511 -0.0157462 0.193253 -1.10677 -0.822248 0.370088 0.886134 1.29672 0.401927 -0.242789 
2.91361 -0.361851 -0.422682 -0.533788 -0.111679 -0.0818392 -0.147437 -0.119973 -0.0984931 -0.160033 -0.225356 -0.108475 0.0169636 0.049016 -0.323534 -0.00810862 -0.372438 -0.377979 -0.551405 -0.897283 -0.433491 0.13131 0.185943 0.426174 0.863995 -0.0759367 -0.333381 -0.461524 0.292493 0.904193 1.08398 1.9997 -0.519228 -3.13073 -1.71119 1.31905 1.79702 0.420679 -0.441251 
2.90997 -0.374184 -0.37243 -0.402425 -0.0778911 -0.0840832 -0.147142 -0.154405 -0.0506417 -0.0432995 -0.169933 -0.0590281 0.0320224 -0.00335979 -0.105207 0.0965788 -0.303434 -0.541548 -0.661526 -0.965353 -0.297266 0.320837 0.325718 0.783099 0.872123 -0.0548943 -0.951894 -0.288408 -0.936881 -0.718313 0.178529 1.24685 0.241954 -2.33108 -1.65418 0.858746 1.56222 -0.122329 -0.634264 
2.98093 -0.408959 -0.252428 -0.438305 -0.139653 -0.041738 -0.130848 -0.0916135 -0.146394 -0.137915 -0.185422 -0.0507602 0.0298566 -0.292371 -0.217781 -0.409787 -0.475432 -0.894402 -0.893662 -1.18315 -0.793898 0.540046 1.07197 1.63744 0.495939 -0.548028 -1.17321 0.319277 -1.70231 -1.20071 -0.795877 -0.473738 0.822051 -0.37972 0.00192928 0.552181 0.581567 -0.770417 -0.370562 
2.91737 -0.382725 -0.369209 -0.427383 0.00713422 0.0830362 -0.238185 -0.400924 -0.237126 -0.0565343 -0.0570453 -0.0180624 -0.0222664 -0.536068 0.0538288 0.124442 -0.179513 -0.677414 -0.337554 -0.350042 -0.759824 0.0891259 0.570782 0.807188 -0.170486 -0.310251 -0.593597 0.59127 -0.421404 -0.707076 -1.72167 -1.92911 1.20843 2.55432 1.40441 -0.957516 -1.31618 -1.37943 0.325968 
2.83992 -0.431748 -0.447284 -0.500473 -0.0987102 -0.0123794 -0.193164 -0.36456 -0.216123 -0.0559644 -0.095625 -0.0132703 0.0141926 -0.220289 0.587985 0.44854 0.135962 -0.534461 0.150082 0.421762 -0.275228 -0.191606 0.0202098 0.19174 -0.708021 -0.0932517 0.828196 1.23745 1.45122 0.774071 -0.390369 -0.60026 1.36445 3.06012 1.34368 -1.45982 -2.32794 -1.78886 0.511458 
2.87652 -0.376596 -0.404394 -0.531843 -0.18874 -0.130843 -0.169706 -0.159292 -0.0690314 -0.00365752 -0.0240915 -0.0398657 -0.0239782 -0.296637 0.574456 0.180002 -0.109512 -0.458433 0.106644 0.602548 0.317738 -0.0865598 -0.395142 -0.266916 -0.913613 0.191938 1.07206 0.630572 1.88945 1.78988 1.33235 1.47505 1.02885 1.133 -0.434054 -1.61662 -2.39002 -0.881425 1.0197 
2.87652 -0.38261 -0.433172 -0.525345 -0.230716 -0.133731 -0.17652 -0.224721 -0.0797492 0.0107887 -0.0276478 -0.105658 -0.0541448 -0.732419 0.238654 -0.0900081 0.100245 -0.093128 0.0826561 0.855606 0.653942 0.558021 -0.0312895 -0.516875 -1.13604 0.190516 0.369781 -0.472399 0.865546 1.07001 2.1018 2.20589 0.404869 -0.194851 -1.04071 -0.684468 -1.04062 0.259756 0.696617 
2.83745 -0.340807 -0.287176 -0.431132 -0.13839 -0.0444653 -0.126517 -0.21875 -0.180609 -0.21967 -0.246525 -0.139438 0.0563652 -0.98759 -0.311938 0.405396 0.285529 -0.432786 -0.158723 1.37578 1.63961 0.800075 -0.455144 -0.908212 -0.914273 0.603243 -1.1164 -1.76647 -1.39079 -0.329798 1.00015 0.769755 -0.311886 -1.09743 -0.0883396 1.46997 1.48105 1.33818 -0.115821 
2.97535 -0.254594 -0.275319 -0.408633 -0.105421 0.0254344 -0.0517484 -0.134376 -0.124265 -0.110274 -0.207103 -0.192273 0.0178222 -1.49259 -0.718902 0.37913 0.4571 -0.251569 0.0973503 1.25141 1.35425 0.771177 -0.231487 -0.476622 -0.639703 0.51806 -2.7052 -2.51957 -1.90646 -1.22471 -1.12334 -1.45468 -0.474605 -0.434811 0.869734 1.50277 2.0224 1.56198 -0.28457 
2.87081 -0.379586 -0.354806 -0.443965 -0.11241 -0.0137127 -0.115824 -0.168946 -0.15123 -0.0979361 -0.142656 -0.0975121 0.0668011 -2.01893 -1.18275 0.220389 0.505977 -0.198152 -0.156392 0.869319 0.831395 0.435005 -0.0720875 0.154957 0.138829 0.393044 -1.92076 -1.10488 -0.54242 -0.714646 -1.94937 -2.30606 -0.340576 0.491223 1.17679 0.860181 1.82718 0.981508 -0.719832 
2.7748 -0.449173 -0.40102 -0.471905 -0.0825089 0.0109864 -0.090222 -0.202339 -0.089345 -0.033528 -0.139086 -0.160788 -0.0112158 -2.04991 -1.43626 0.0110556 0.496535 0.0330925 -0.177748 0.493983 0.526604 0.368946 0.562727 0.967489 0.56683 -0.169897 -0.074255 0.39432 0.679996 0.403483 -0.984909 -1.24555 -0.630421 -0.0454893 -0.207363 -0.054952 1.04427 0.590725 -0.704717 
2.69746 -0.478149 -0.366816 -0.450544 -0.182702 -0.0725255 -0.0295804 -0.130448 -0.0799622 -0.109743 -0.147357 -0.0855152 0.0842191 -1.90574 -1.59717 -0.394572 0.364015 -0.0536576 -0.342748 0.0194559 -0.0365841 0.324932 1.26844 1.76247 0.71186 -0.84001 1.75147 1.31954 1.0529 1.04176 1.20145 0.856953 -0.984176 -1.10055 -1.36622 -0.0903936 0.245229 -0.153226 -1.13068 
2.64359 -0.492332 -0.379854 -0.470684 -0.246729 -0.111827 -0.0312279 -0.0712733 -0.0176779 -0.0425474 -0.0925799 -0.121875 0.0384861 -1.78182 -1.43242 -0.151402 0.55349 0.171137 -0.193512 -0.276991 -0.566599 -0.158466 0.834968 1.45975 0.668189 -0.944081 2.57965 1.24736 0.448533 0.923533 2.35797 2.12642 -0.870413 -1.85872 -1.73313 0.20048 -0.228845 -0.420511 -0.995771 
2.66662 -0.472676 -0.31804 -0.42082 -0.20984 -0.168727 -0.100195 -0.093689 -0.0658871 -0.0558274 -0.00324144 -0.027828 -0.0018578 -0.832331 -0.678142 0.215865 0.800603 0.503016 0.262394 -0.221522 -0.665447 -0.396088 0.731131 1.13193 0.306759 -1.11686 1.54626 0.406584 -0.450251 0.0955467 1.71979 2.04296 -0.249834 -1.53382 -1.036 0.0812493 -0.993209 -0.782217 -0.166997 
2.70138 -0.499264 -0.35199 -0.376274 -0.0806285 -0.00163762 -0.104587 -0.228042 -0.144665 -0.00232297 -0.0243243 -0.085856 -0.0676381 -0.131561 -0.304157 0.262373 0.838697 0.775155 0.549636 -0.433591 -0.843482 -0.748137 0.581032 0.943571 0.312717 -0.95929 0.359247 0.185402 -0.419085 -0.595826 -0.0650715 0.325114 0.41328 0.112544 0.291965 -0.380706 -1.10376 -0.566497 0.676121 
