2.73093 -0.417778 -0.326904 -0.476423 -0.291286 -0.193648 -0.0660949 -0.0189048 -0.0696783 -0.0348769 0.0144476 -0.0397814 -0.0288802 -1.672 -0.97487 1.34289 1.4438 0.270949 -0.590571 -0.733174 -1.18428 -0.0362815 -0.180192 -0.137338 0.248714 0.470951 -1.48971 -0.842226 1.36428 1.45813 0.390432 -0.858283 -0.520599 -0.0591196 0.562112 -0.28252 -0.641351 -0.4403 0.151762 
2.67703 -0.453848 -0.316146 -0.460721 -0.305055 -0.139922 -0.1051 -0.236677 -0.182404 -0.0208741 0.124307 0.0999621 0.0197191 -2.13312 -1.28982 1.39238 1.81928 0.81324 -0.408754 -0.681495 -1.04737 0.181465 -0.0561006 -0.325909 0.154791 0.347729 -1.01762 -0.635638 0.971625 1.469 1.37412 -0.394895 0.072882 1.77254 1.503 -0.274937 -1.18535 -1.12271 -0.727094 
2.61667 -0.479114 -0.255914 -0.422931 -0.352062 -0.292101 -0.144521 -0.149571 -0.102232 -0.0229033 -0.0379944 -0.0549088 0.0852929 -2.29395 -1.33823 1.52105 2.09341 1.18753 -0.34242 -0.770924 -0.922464 0.388333 0.243627 -0.298351 0.10471 0.150675 -0.0427513 -0.110105 -0.0235147 0.762089 1.91982 1.00754 0.469569 1.51203 1.03436 0.245477 -0.0796493 -0.158966 -1.32239 
2.52946 -0.526821 -0.180742 -0.330092 -0.301425 -0.291186 -0.126969 -0.113276 -0.0674657 -0.0552174 0.00729168 -0.0452051 0.00910073 -2.32251 -1.24278 1.41004 2.00456 1.40806 0.0434103 -0.548144 -0.470604 0.427912 0.130901 -0.383642 0.183025 0.0689853 0.86562 0.561099 -1.12299 -0.649382 1.09803 1.63998 0.573497 0.710645 0.000685252 0.586357 0.369381 0.522474 -0.619985 
2.53465 -0.540027 -0.138985 -0.255893 -0.182113 -0.232341 -0.154768 -0.12442 -0.0359498 -0.074157 -0.015764 -0.000907325 -0.00886456 -1.8383 -0.887176 1.24953 1.73246 1.48318 0.28866 -0.0944919 0.068302 0.559737 0.00700096 -0.391996 0.0897111 -0.194523 1.26433 1.03284 -1.38013 -1.68954 -0.569963 1.12058 0.788094 0.0532754 -0.840468 0.396636 0.726061 0.609735 0.0840049 
2.47417 -0.578689 -0.210574 -0.273538 -0.149591 -0.193433 -0.11992 -0.121759 -0.0425764 -0.0122651 -0.0276825 -0.0237457 -0.00449336 -1.23524 -0.545203 0.864374 1.30142 1.44917 0.516126 0.127703 0.461399 0.28904 -0.30952 -0.41429 0.0841384 -0.268395 1.37481 1.09014 -0.642958 -1.58847 -1.54062 0.196976 0.446304 -0.474546 -1.33966 -0.649867 0.593723 0.622723 0.635024 
2.48505 -0.552284 -0.161699 -0.248156 -0.156168 -0.22225 -0.168653 -0.150473 -0.0385202 0.0372968 0.0158171 -0.00877589 -0.0168548 -0.678633 -0.446809 0.214778 0.59524 1.11116 0.974098 -0.0301598 0.0642955 -0.19343 -0.560167 0.096021 0.591698 0.062032 0.984643 0.392635 -0.377841 -1.14557 -1.54266 -0.547042 0.0289697 0.0228199 -0.811464 -1.50258 -0.226003 -0.129755 0.938307 
2.45665 -0.549945 -0.180315 -0.281833 -0.160828 -0.149527 -0.11624 -0.101626 -0.0725532 -0.0477729 -0.0120526 0.0310743 0.0149926 0.0222874 -0.450085 -0.161419 0.0816737 0.439271 1.10702 -0.354919 0.0085335 -0.753134 -0.642521 -0.287855 0.362604 0.743801 0.816049 -0.482837 -0.183705 -0.249783 -0.822091 -0.403314 -0.852431 -0.123435 -0.511203 -1.02435 -0.362009 -0.417087 0.794294 
2.51628 -0.517947 -0.156044 -0.278998 -0.164564 -0.173642 -0.0710585 -0.100545 -0.0502103 -0.0537907 0.000556381 0.00588088 -0.0194938 3.73287 -0.316382 -0.943711 -0.85117 -0.988434 1.0441 -0.209658 0.49223 -0.862058 -0.555071 -0.648707 0.34342 1.10237 3.85444 -0.811945 -1.0462 -0.535578 -1.027 0.314599 -1.09736 0.296792 -0.206813 0.110717 -0.914237 -0.216995 0.97037 
2.49232 -0.546398 -0.169491 -0.269379 -0.160171 -0.173087 -0.130164 -0.157408 -0.145974 -0.106674 -0.00640133 0.0392319 0.0302619 12.4865 -0.232035 -1.70129 -1.76168 -2.12127 0.768783 -0.228255 0.614765 -0.77615 -0.380758 -0.972007 0.508566 1.32368 12.9764 -0.329927 -2.02623 -1.65338 -2.0769 0.359608 -0.159879 0.844172 0.443954 1.55705 -1.03685 -0.068396 0.563757 
2.48843 -0.59436 -0.209694 -0.306029 -0.186176 -0.177477 -0.19244 -0.117368 -0.0770841 -0.125659 -0.015787 0.0125889 0.0853732 17.417 0.000898659 -2.06391 -1.86271 -2.16786 0.448044 0.53783 1.17856 -0.811652 -0.127135 -1.12733 0.437594 0.831726 18.389 0.873074 -1.62542 -1.57385 -1.8863 -0.286494 1.5041 1.11207 0.278498 1.83612 -0.545313 0.373694 -0.72165 
2.55281 -0.623323 -0.190021 -0.26644 -0.181171 -0.0779051 -0.206722 -0.111088 -0.170277 -0.107245 -0.07148 0.000170879 0.107655 18.5298 1.4933 -0.937472 -1.32263 -3.39656 -1.10191 -0.845171 1.14936 -1.01042 -0.157307 -1.09585 -0.20133 0.251159 12.9927 2.75044 0.501141 -0.36783 -1.8376 -2.38774 0.773167 0.805499 0.100611 0.402399 0.237178 -0.117579 -1.79087 
3.39828 -0.565496 -0.369037 -0.448186 -0.390697 -0.0744586 -0.126707 -0.0119722 -0.118052 -0.0454869 -0.130703 0.0542886 0.127686 21.0748 3.30371 -1.3154 -1.21899 -4.33095 -2.17549 -1.75749 1.76087 -1.4715 -0.491184 -0.885225 -0.573047 -0.517493 -0.316666 4.23541 2.46695 1.94334 -0.767957 -3.86501 -1.70297 0.203482 -0.904431 -1.41914 1.15827 -1.24686 -2.53819 
4.86976 -0.570997 -0.462128 -0.564874 -0.488436 -0.146934 -0.132857 -0.0630067 -0.121385 0.00233632 -0.126994 0.0698721 0.145474 22.8472 4.8555 -1.80426 -1.09206 -5.02167 -2.39492 -2.6685 2.80765 -1.07206 -0.317744 -0.35715 -1.1931 -1.03947 -13.0911 4.49374 1.97145 2.80689 -0.471213 -2.66507 -4.1039 0.897654 -0.971925 -2.10164 1.46318 -1.9393 -1.79991 
4.57336 -0.493265 -0.354688 -0.417695 -0.334111 -0.185572 0.0252307 0.0593358 -0.164813 -0.036078 -0.0979108 0.0570857 0.000277668 22.2919 5.6749 -2.37112 -0.655528 -5.01712 -2.34827 -3.35216 3.27065 -0.707447 -0.410541 0.466134 -0.837996 -1.15438 -10.3776 2.48325 -1.27088 1.15396 -0.875872 0.194003 -4.63155 1.3172 0.474964 -0.977654 1.47021 -0.996292 0.330939 
4.13011 -0.190047 -0.0795452 -0.325182 -0.667546 -0.454888 -0.414837 -0.00774697 -0.24126 -0.174932 -0.12314 -0.0834068 -0.00523045 19.1691 5.64544 -2.8889 -0.406141 -4.38875 -1.90178 -3.95843 3.38338 -0.017479 -0.80826 1.34576 -0.518868 -0.797735 -1.56646 -1.53479 -4.55567 -0.782684 1.23159 4.07083 -0.694775 1.50923 1.98818 0.855655 1.46898 1.32478 1.93281 
4.93494 -0.0229111 -0.411828 -0.411452 -0.715987 -0.484859 -0.424227 0.127053 -0.314981 -0.197579 -0.0782553 -0.0850755 -0.0891547 13.5511 4.90133 -3.15666 0.359761 -3.37578 -0.587364 -4.38775 3.06339 0.264783 -1.17076 1.86779 -0.165075 -0.328881 0.468641 -4.33999 -3.46306 -1.17281 2.21995 5.14449 2.01062 -0.0207208 2.79549 1.3234 0.985727 2.77354 2.72036 
5.28683 0.00419346 -0.527779 -0.441578 -0.789188 -0.325012 -0.557374 0.291692 -0.188385 -0.100679 -0.0312058 -0.144706 -0.0104154 9.38108 3.73939 -3.91202 0.481976 -2.94511 0.930204 -3.89973 2.51671 0.953056 -1.31118 2.06036 0.373239 0.197807 -2.01281 -4.76255 -0.778453 -0.159576 2.68167 3.36214 3.52843 -2.48057 1.49975 0.0694469 0.324231 2.71597 1.56137 
5.42748 -0.0128027 -0.623404 -0.416847 -0.77702 -0.297026 -0.548236 0.314881 -0.111931 -0.112856 0.0433531 0.0197491 0.0314268 10.0814 2.30362 -5.0033 0.0597481 -2.42084 2.06878 -3.09931 1.39764 1.81353 -1.08053 1.97546 1.03436 0.824571 -7.311 -2.79705 1.51728 1.00402 1.90073 1.03416 2.8932 -3.38349 0.140146 -0.96404 -0.62146 0.688604 -0.181452 
5.52424 -0.0316668 -0.674359 -0.454688 -0.742771 -0.222564 -0.55556 0.295337 -0.108195 -0.166901 0.0816096 0.0391878 0.0807182 8.44624 0.884513 -5.48335 0.423844 -0.587184 2.50773 -0.891951 0.441204 2.48017 -0.547125 1.41295 1.82508 0.784938 -7.58866 -0.197208 1.71782 1.50215 0.448027 -1.69031 1.24933 -3.193 -0.230413 -0.681157 -1.60262 -0.658932 -1.22605 
5.57896 -0.0334529 -0.752614 -0.41221 -0.792027 -0.141318 -0.58425 0.282485 -0.101408 -0.191423 0.0861749 0.0700261 0.079754 3.6438 0.315349 -3.83467 1.19227 0.0619897 1.14305 0.0638013 -1.09421 2.38355 -0.12285 0.268007 1.99174 0.536627 -4.18783 0.916255 0.730085 1.02196 0.827813 -3.38849 1.42446 -1.8567 -0.171908 0.899907 -2.23696 -0.739303 -1.51525 
5.64062 -0.0627249 -0.791388 -0.382392 -0.828407 -0.110693 -0.549315 0.20031 -0.0479695 -0.234146 0.117254 0.065973 0.0621985 1.01408 0.224789 -2.57437 1.42692 0.79225 -0.799885 0.845497 -1.83924 1.31461 0.402259 -0.984347 1.73272 -0.108766 -3.16181 0.764047 1.35143 0.470837 1.4535 -4.12551 1.07382 -0.181906 -0.640261 2.57196 -2.73066 -0.401412 -0.869781 
5.57945 0.00138555 -0.864595 -0.356194 -0.79226 -0.123905 -0.569181 0.174076 0.0167671 -0.248322 0.105239 0.0801165 0.0486111 -0.883667 0.21605 -1.21953 1.34498 1.33914 -2.00411 0.978447 -1.89558 0.514938 1.09901 -2.50532 0.936217 -0.439545 -2.59954 -0.327956 2.68003 -0.255947 1.69366 -3.65415 0.877186 0.641144 -1.8378 2.6532 -2.84279 -0.116977 -0.24512 
5.54352 0.0514806 -0.9467 -0.291417 -0.733776 -0.244756 -0.524135 0.121077 0.0571324 -0.187281 0.00754257 0.131061 0.0392908 -1.79745 0.245889 -0.206403 1.31923 1.37443 -2.76907 1.22059 -1.66031 0.162707 1.31853 -3.14206 0.675903 -0.92915 -1.67451 -1.06594 3.42211 -1.00659 0.746254 -1.19161 0.10448 1.1356 -2.29447 0.923547 -1.66899 -0.725796 -0.0906443 
5.54829 0.0211311 -0.906452 -0.274407 -0.71302 -0.373817 -0.424295 0.0756224 0.017364 -0.0787954 -0.0801689 0.169154 0.00376004 -1.53988 0.0496237 0.549267 1.1048 0.607727 -2.57706 1.45768 -1.23916 -0.465647 0.929878 -2.42104 0.154617 -1.66039 0.0769672 -0.918833 2.2596 -0.864214 -1.44553 1.96016 -0.622012 1.19174 -1.52406 -1.71599 1.00728 -1.31255 -0.739961 
5.43998 -0.015343 -0.794921 -0.287317 -0.643565 -0.460648 -0.458435 0.125559 -0.0689114 -0.00124453 -0.152384 0.127962 0.0116424 -0.274624 -0.427969 0.940327 1.05299 -0.446872 -1.83068 1.27034 -0.207328 -1.537 0.441665 -1.21215 -0.217984 -2.21218 3.10687 -0.571892 -0.0328529 -0.153819 -3.56426 3.87139 -0.470768 1.0502 -0.563954 -3.41639 3.95586 -1.1956 -1.6164 
5.30937 -0.0268763 -0.722118 -0.297775 -0.579801 -0.469725 -0.46274 0.0915577 -0.098321 -0.0303746 -0.296883 0.121386 0.0170712 1.61173 -1.12058 1.2592 0.857899 -1.32436 -0.805331 1.13027 0.568986 -2.42556 -0.130793 0.137383 -0.593332 -2.45762 5.54636 -0.420966 -1.731 0.418584 -3.90293 3.61631 -0.273641 1.43618 -0.474114 -2.77591 5.48725 -0.705632 -1.67557 
5.38518 -0.00375438 -0.7366 -0.27869 -0.670565 -0.431071 -0.423206 0.0854434 -0.0595114 -0.116886 -0.23544 0.116389 -0.0680665 3.14664 -1.48652 1.47249 0.313191 -1.90025 0.62262 0.803289 0.918067 -2.94664 -0.595435 1.41828 -1.11236 -2.32695 5.25767 -0.717033 -1.44768 0.0783927 -1.75663 1.96833 -0.183233 1.19158 -1.14048 -0.348265 3.76746 -0.278982 -0.229219 
5.5465 -0.034438 -0.765571 -0.24402 -0.887259 -0.318416 -0.384058 0.0989822 -0.120108 -0.202381 -0.0135209 0.0510077 -0.214963 4.24828 -1.52954 1.21114 -0.172907 -2.11687 1.70405 0.531659 0.706873 -3.00944 -0.594545 2.11097 -1.4303 -1.79569 2.38584 -0.69398 0.0760815 -1.05821 1.50528 0.150008 -0.277223 0.0624174 -1.10838 2.13621 -0.0540543 0.00370853 1.97424 
5.73558 -0.10323 -0.781708 -0.203796 -0.933786 -0.305344 -0.411425 0.218631 -0.242319 -0.205488 0.0789558 0.0525864 -0.242816 5.23274 -1.60093 0.888339 -0.536939 -1.98936 2.24216 0.616921 0.182594 -2.87906 -0.0993351 2.29724 -1.35283 -1.17777 -1.17085 -0.119265 1.19974 -1.91568 3.18809 -0.407957 -0.288915 -1.67937 -0.0480472 2.94551 -2.8588 -0.106699 3.08156 
5.85293 -0.137839 -0.75856 -0.224785 -0.879472 -0.314891 -0.400072 0.241506 -0.298648 -0.176661 0.0734649 0.0526057 -0.224925 5.38552 -1.64615 0.627232 -0.881181 -1.16776 2.13727 0.375233 -0.089798 -2.80843 0.672284 2.09631 -1.2057 -0.421611 -2.95653 0.446715 0.761197 -1.56705 2.77215 -0.251662 -0.282825 -2.44768 1.08259 1.99868 -3.25359 0.0797569 2.52292 
5.89461 -0.155088 -0.68524 -0.305534 -0.862023 -0.248774 -0.384655 0.177789 -0.350368 -0.117617 0.0603778 -0.00433613 -0.185696 4.47672 -1.49073 0.521782 -1.31756 0.540389 1.81285 -0.00887066 -0.493068 -2.44691 1.23354 1.08318 -0.882809 0.37705 -2.43257 0.769664 -0.724658 -0.342995 1.79234 -0.274894 -0.393647 -1.48615 1.79045 0.182309 -1.58707 0.662036 0.789864 
5.91001 -0.176096 -0.656431 -0.359189 -0.862752 -0.215559 -0.380994 0.104897 -0.378038 -0.0448587 0.0242292 -0.0388566 -0.132474 3.28858 -1.06482 0.137367 -1.7927 2.23607 1.27122 -0.209974 -1.06258 -1.58643 1.35412 0.0338909 -0.202118 0.804662 -1.20986 0.77744 -1.89781 0.466736 1.45936 -0.517641 -0.512647 0.00348836 1.66348 -1.35005 0.240816 1.30136 -0.888317 
5.96637 -0.202143 -0.649534 -0.366878 -0.834909 -0.182762 -0.380786 0.0793995 -0.388825 -0.0212799 0.0114375 -0.0301009 -0.109335 2.29947 -0.573926 -0.540352 -1.8874 2.91291 1.02511 -0.235994 -1.43219 -0.79236 0.875154 -0.0932888 0.195256 0.702957 -0.529934 0.747184 -2.20464 0.524113 1.61863 -0.983645 -0.480851 0.990678 1.14542 -1.84643 0.908638 1.51075 -1.34149 
5.99835 -0.20583 -0.709297 -0.36891 -0.778676 -0.18721 -0.408971 0.080894 -0.397466 -0.0347373 0.0278064 -0.0110088 -0.112904 1.62764 -0.135975 -1.34305 -1.56227 3.03514 0.698361 -0.215626 -1.47253 -0.209222 0.283748 -0.0613799 0.710791 0.45552 -0.603199 0.76438 -1.48803 0.216125 1.05913 -0.982765 0.109694 0.596379 0.790202 -1.41071 0.482004 1.1532 -0.856274 
6.03581 -0.188873 -0.739979 -0.39927 -0.670524 -0.162387 -0.426828 0.0795105 -0.37012 -0.0592884 0.0504265 0.00640839 -0.140201 1.16863 0.258894 -1.623 -1.21087 3.15477 0.306382 -0.169588 -1.22525 0.16974 -0.014433 -0.452336 1.18019 0.475945 -1.04929 0.674241 -0.172142 0.123143 -0.324685 -0.620144 0.581885 -0.156907 0.292353 -0.291886 -0.663526 0.418539 0.322439 
6.05282 -0.190652 -0.796083 -0.45819 -0.582866 -0.188173 -0.421517 0.0425803 -0.361841 -0.0685478 0.0514131 0.0733601 -0.165859 0.624861 0.465982 -1.14889 -0.893897 2.85831 -0.118178 0.0978187 -1.01729 0.154558 -0.262739 -0.780487 1.15526 0.677897 -1.32744 0.433264 1.42338 0.56554 -1.62997 -0.320798 0.781729 -0.38261 -0.169491 0.550108 -1.58273 -0.517681 1.36321 
6.06785 -0.182776 -0.848067 -0.451293 -0.544783 -0.194387 -0.426259 0.0649175 -0.378281 -0.099479 0.0762538 0.0735004 -0.139016 -1.26446 0.893955 -0.0117443 -0.679689 2.593 -0.489194 0.218086 -1.33142 -0.149891 -0.455804 -1.33694 0.848892 0.85859 -2.51085 0.382307 2.96059 0.764109 -1.68725 -0.297676 0.548345 -0.610926 -0.617178 0.61764 -1.93947 -0.976681 1.30983 
6.04115 -0.147106 -0.879765 -0.448435 -0.539656 -0.199879 -0.391004 -0.0108422 -0.342794 -0.0979809 0.0228737 0.10669 -0.121646 -3.73516 0.980685 1.78964 0.0647745 2.29593 -0.682097 0.231149 -2.43838 -0.403493 0.0206032 -2.07697 0.391604 0.935801 -4.40544 0.170568 4.02355 1.1721 -0.70805 -0.43417 -0.169987 -1.15803 -1.00295 0.506847 -1.40649 -1.27079 0.393966 
6.02405 -0.125585 -0.802526 -0.476789 -0.509667 -0.177886 -0.393672 -0.0248995 -0.348544 -0.0338314 -0.0899994 0.108659 -0.0467523 -6.27839 0.379952 3.79223 1.14577 2.78457 -1.27832 -0.206239 -2.6842 -0.603379 0.0536114 -1.99004 -0.306637 0.990964 -6.02797 -0.602118 4.17629 1.86248 1.19617 -0.934482 -0.989884 -1.38566 -0.733961 -0.150814 0.253837 -1.30288 -0.876792 
5.99355 -0.147905 -0.716653 -0.447461 -0.543051 -0.234426 -0.356001 -0.021684 -0.394905 -0.0594603 -0.0988054 0.0702665 -0.00586313 -8.25057 -1.23473 5.99056 1.53175 3.57435 -0.735243 0.440627 -2.59641 -0.370148 -0.661136 -2.00063 -0.602419 1.57358 -5.75396 -2.44085 3.77594 1.57307 2.94757 -0.144345 -0.48339 -0.876775 0.285237 -0.982996 1.15098 -0.58518 -0.718089 
5.66265 -0.0646284 -0.594759 -0.441566 -0.454609 -0.258972 -0.390198 -0.110962 -0.443769 -0.122059 -0.150491 0.0617076 -0.0327466 -9.68708 -3.0943 6.98733 1.29591 3.99477 -0.722596 1.68813 -1.97658 0.373586 -0.503099 -1.01644 -0.472094 1.48491 -2.42455 -4.70581 2.04853 0.375154 2.57667 0.618954 1.69678 1.23293 1.76278 -0.840826 2.32165 0.24435 0.220324 
5.38502 -0.0895136 -0.421902 -0.319985 -0.395316 -0.266294 -0.41956 -0.331261 -0.434005 -0.0034644 -0.224076 0.038175 -0.0626089 -10.0711 -4.0711 7.35166 1.01162 3.98856 -1.17511 2.52333 -0.913175 1.11472 -0.65988 0.325325 -0.468665 1.19635 1.53319 -4.4777 -0.30496 -1.6854 0.537503 0.525326 3.66178 3.6154 2.64615 -0.814289 2.94726 0.966314 0.794152 
5.18157 -0.228613 -0.239991 -0.221589 -0.159281 -0.382448 -0.506636 -0.220509 -0.42107 -0.0930384 -0.0966749 -0.0288596 -0.0519781 -10.4032 -4.67842 6.51073 0.830364 3.86124 -0.950709 3.3949 -0.507403 2.30035 -0.485508 1.03229 -0.814355 0.513906 3.36222 -1.71618 -2.78431 -2.66408 -2.31805 0.587075 4.09282 3.10754 2.74599 0.677325 1.75822 0.647669 0.0351735 
5.0733 -0.508992 -0.0353735 -0.320563 -0.0643389 -0.17746 -0.237667 -0.210728 -0.352874 -0.263864 -0.18045 0.0455208 0.129238 -9.46051 -4.94361 5.18834 0.196889 3.23735 -0.980522 3.4163 0.192833 3.41341 0.0331298 1.46302 -0.47686 0.216723 3.03461 2.12366 -4.50394 -1.61101 -3.71898 -1.01635 0.768092 1.43783 1.91081 2.11 0.898205 -0.262846 -1.76485 
4.94534 -0.648019 -0.089485 -0.382688 -0.114706 -0.281603 -0.0468559 -0.104114 -0.231286 -0.0852372 0.00929302 0.0781364 0.0608491 -6.9992 -4.66825 3.59504 -0.331309 2.01954 -0.839833 3.47838 1.13559 3.49717 -0.264813 1.30237 -0.159074 0.445739 2.30189 4.21345 -3.81679 -0.109108 -2.81199 -0.621299 -2.77606 -0.71571 -0.0297927 0.762932 -1.54082 -0.520149 -1.55424 
4.9128 -0.551515 -0.00596176 -0.38455 -0.151926 -0.413483 -0.0503408 -0.0578166 -0.178747 -0.12945 0.0571038 0.0474311 0.0339969 -4.97583 -3.97154 1.2026 -1.1046 0.964757 -0.897726 2.94674 1.62387 3.45922 -0.534269 1.05431 0.091105 0.357647 2.35792 2.65594 -3.33648 0.554105 -1.20465 0.259076 -4.0322 -1.48355 -1.34008 -0.348063 -2.46716 0.0854594 -0.340235 
4.6704 -0.595917 -0.0571302 -0.345677 -0.0903974 -0.292164 0.00866394 -0.158208 -0.062099 -0.0560271 -0.0396571 -0.0878538 -0.0429302 -3.55991 -2.7622 -0.958219 -1.28658 0.0755016 -0.013287 1.7661 1.38978 3.65571 0.383835 0.00626582 -0.324107 0.143368 3.45292 0.646924 -2.65107 0.0933044 0.0925395 0.985717 -3.55646 0.0997648 -1.60478 -1.26938 -1.81675 0.565245 1.21724 
4.66777 -0.649489 -0.0683872 -0.397599 -0.13971 -0.40628 -0.100627 -0.103862 -0.00287904 -0.0396591 0.0167418 0.0318456 -0.0205542 -3.5843 -1.5813 -2.75007 -0.429999 -0.810384 -0.414333 -0.843836 1.29013 2.09158 0.573505 0.266063 -0.643351 0.577785 1.90074 -0.482109 -2.59393 0.122523 -0.0963639 1.85398 -1.97474 0.652704 -1.93888 -0.754029 -0.605293 -0.0642537 2.16546 
4.74649 -0.617427 -0.0599183 -0.388143 -0.153973 -0.350077 -0.064285 -0.0669917 -0.115838 -0.213225 -0.0934089 0.0557057 0.0664335 -4.30636 -1.28089 -3.60859 -0.367538 -2.32845 0.449584 -2.64319 1.51317 0.444764 0.0824598 -0.0928602 -0.399069 1.8883 -1.78169 -0.319084 -2.60331 0.231169 -2.2041 0.978662 -2.09542 1.16763 -1.91224 1.33259 1.58336 -0.512944 1.8676 
4.73887 -0.733564 -0.247889 -0.441955 -0.126499 -0.397953 -0.0970382 -0.0803405 -0.0154191 -0.166296 -0.0493072 0.0458624 0.038835 -5.16331 -1.74309 -4.00292 -0.54792 -3.11233 0.905427 -3.77876 1.85401 -0.28349 0.549085 1.01424 0.0104687 1.97792 -4.53622 0.623558 -0.470006 0.473436 -3.57659 0.37263 -2.60246 0.991308 -2.38992 1.48882 2.666 -0.230125 1.05368 
4.7031 -0.741535 -0.319336 -0.4462 -0.0772063 -0.187963 -0.149297 0.022096 0.138076 -0.0287086 -0.132024 -0.0950307 0.0625115 -5.58846 -1.44937 -3.84306 -0.98436 -3.61223 1.74553 -3.28953 2.4658 -1.50604 0.622276 1.3974 -0.259773 1.90881 -4.78555 0.616226 1.19059 -0.218348 -3.05219 0.314073 -0.800405 0.245667 -2.7179 0.634443 2.27812 0.339413 -0.509051 
4.42685 -0.737779 -0.428842 -0.341109 -0.291879 -0.34456 -0.33021 0.00560528 -0.17523 -0.105161 0.058697 -0.0205473 0.242677 -5.83953 1.373 -1.83606 -0.259133 -4.02205 1.52887 -3.21092 0.832104 -2.64824 0.455418 1.25822 -0.588865 1.12376 -0.489548 2.95873 4.14152 -0.585143 -0.41407 0.28261 1.37912 -1.42008 -1.25051 -0.412909 -0.0230164 0.392198 -2.60549 
4.19909 -0.734717 -0.498493 -0.445802 -0.601753 -0.275082 -0.419669 0.130579 -0.219685 -0.0648388 0.0475788 0.0294372 0.308846 -3.23544 4.4144 -1.23101 0.970078 -4.61058 0.344185 -2.5794 -0.482127 -3.7383 0.802627 1.07634 -0.870968 0.38117 6.34239 6.34664 4.42761 1.41749 2.24883 -0.979292 3.42887 -3.77464 -1.24039 -1.31931 -2.24518 -0.639037 -3.1693 
4.10676 -0.808017 -0.430586 -0.460166 -0.489599 -0.271326 -0.537738 0.112089 -0.108733 0.00105194 0.233914 0.0259606 0.134009 0.432312 6.86751 -0.599464 1.94024 -4.62423 -0.371839 -1.37723 -1.36152 -4.60941 0.377943 0.143142 -1.14676 -0.479263 11.2452 8.011 1.76462 3.09573 1.86786 -2.43405 3.85028 -4.22428 -1.3581 -1.09672 -3.78969 -1.37876 -1.98429 
4.04574 -0.779665 -0.481719 -0.541223 -0.465804 -0.00784281 -0.249901 0.176006 -0.267343 -0.0204682 0.049319 -0.118647 0.146184 4.07612 7.91542 -0.551057 2.45483 -4.06603 -1.13242 -0.249784 -2.06678 -4.4697 0.325416 -0.553934 -1.33944 -1.48349 11.8236 5.57676 -1.21042 3.63196 0.607342 -3.32833 1.52036 -2.50975 -0.119528 0.110797 -2.50049 -1.08474 -0.785143 
4.17551 -0.149038 -0.0749133 -0.338566 -0.598663 -0.322272 -0.476203 -0.20142 -0.415214 -0.145014 0.0377396 -0.00577256 0.0914027 7.43839 8.06877 -0.551471 2.46046 -2.7567 -0.765647 0.772398 -1.98186 -3.18351 0.99977 -1.30624 -2.15937 -2.40787 6.88786 -2.02476 -4.51274 0.979769 0.129815 -0.830392 0.672567 1.83746 1.35615 1.59299 -0.20065 -1.03887 0.189076 
4.76885 0.0844027 -0.415775 -0.145889 -0.708766 -0.42916 -0.322577 -0.20029 -0.564483 -0.0592035 -0.0240843 -0.123129 0.107631 9.30502 7.44413 -0.852014 2.52769 -1.9616 -1.43049 1.4926 -1.94542 -2.4357 1.03031 -0.854441 -2.29153 -2.55316 -1.19659 -7.24727 -2.377 -2.65994 0.709938 1.67595 -0.334998 3.88616 3.65747 1.74587 1.94368 -0.0778251 -0.0871098 
4.96164 0.0807268 -0.506584 -0.159546 -0.689483 -0.387969 -0.28083 -0.161774 -0.508947 -0.0401059 -0.0844329 -0.190121 0.00148224 9.94372 6.03624 -1.16877 2.04534 -2.92214 -1.70648 1.04361 0.0254057 -1.38167 0.603824 -0.0364204 -1.80349 -1.92286 -5.31176 -7.64485 0.759406 -3.71586 0.674448 1.9176 -0.990574 4.381 3.91171 0.391178 3.69799 0.955693 0.13405 
5.01897 0.0491374 -0.529072 -0.149022 -0.714739 -0.348735 -0.312707 -0.125254 -0.480042 0.0375528 -0.0782848 -0.218493 -0.016205 9.38732 3.35656 -0.779832 1.33577 -3.54624 -1.62144 0.0392022 1.83397 0.177339 0.605508 1.42882 -1.0381 -1.84602 -4.95062 -4.56896 3.07892 -2.82831 -0.864324 1.00272 -0.806827 3.60975 2.348 -1.61963 3.1471 1.72509 0.668392 
5.06332 0.0311334 -0.522264 -0.197723 -0.735633 -0.317081 -0.327617 -0.0669786 -0.501447 0.0982505 0.00405995 -0.265281 -0.0396003 7.48501 0.0123915 -0.641193 0.192503 -3.60672 -0.198038 0.650046 3.46699 1.22154 0.686177 1.62677 -0.842502 -1.27143 -2.07197 -0.969812 3.79888 -0.320077 -2.26095 -0.619773 -0.918136 1.42377 0.857772 -2.40037 1.16869 2.15155 1.12582 
5.12478 0.0251112 -0.511145 -0.251568 -0.760456 -0.411518 -0.221551 -0.080756 -0.404292 0.0646035 0.100704 -0.229004 -0.0955637 4.88292 -0.87665 1.28077 -0.030296 -3.79964 -0.0531148 0.247256 3.23347 1.4826 0.242668 1.64902 -0.115247 -0.732996 0.0533333 0.0804431 1.76586 1.57853 -2.01628 -0.111438 -0.0749241 -0.0876975 -0.837188 -1.01314 -1.56967 0.931498 1.56385 
5.27698 0.0161912 -0.448711 -0.235711 -0.929168 -0.417891 -0.374859 0.225032 -0.329433 -0.0576172 0.21666 -0.188547 -0.0689354 3.22743 -0.468287 1.6494 0.502134 -3.3976 -0.80291 0.471328 2.53547 1.35545 -0.187368 1.22446 0.421194 -0.105661 -1.71064 0.503181 0.0478739 1.88114 0.759362 -0.0667946 1.2664 -3.00502 -1.26232 0.619047 -3.41384 -0.0292574 1.08183 
5.36309 -0.0224027 -0.344724 -0.222039 -1.0671 -0.368031 -0.354926 0.231193 -0.369315 -0.0311313 0.187817 -0.169362 -0.0832001 0.149702 0.355651 1.4174 0.991778 -1.5558 -1.2762 0.624729 0.906802 1.33223 -0.723534 -0.125484 0.898968 -0.0323806 -5.62081 1.42158 -1.63118 1.44402 4.41016 -0.762949 1.18881 -4.51333 -0.631883 0.847402 -3.42655 -0.18469 0.430286 
5.41696 -0.0275621 -0.321918 -0.169609 -1.10032 -0.386971 -0.265205 0.137187 -0.364901 0.00746925 0.0902114 -0.179882 -0.028284 -2.48726 0.95557 0.84846 1.07442 0.520097 -1.2869 0.672797 -0.691858 1.0134 -0.927016 -1.22156 1.1812 -0.228136 -8.12964 1.94246 -2.30351 -0.0939359 6.62892 -0.947412 0.247934 -4.05258 -0.0374451 -0.0786915 -1.79335 0.275447 -0.8678 
5.42261 -0.0140376 -0.344645 -0.0999107 -1.12598 -0.408336 -0.239562 0.132631 -0.400236 0.0390911 0.0709866 -0.203369 -0.0124616 -3.86628 0.908641 0.688257 1.03663 1.14793 -0.834291 0.495124 -1.0911 0.232942 -0.198999 -1.33837 1.0094 -0.274686 -6.47869 1.11889 -1.32182 -1.41579 4.86396 -0.279528 -0.677232 -1.72383 0.162177 -0.516963 0.395898 0.702679 -1.44454 
5.22936 0.0522624 -0.374332 -0.0922852 -0.971445 -0.519922 -0.215719 0.0986087 -0.306956 -0.0187773 0.0448757 -0.153776 -0.0364895 -3.15752 0.217181 0.678517 0.746058 0.848202 -1.01994 1.02158 -1.10376 -0.0304394 0.976166 -0.877326 0.903577 -0.248123 0.737141 -1.24983 0.608737 -1.59098 -1.06777 0.989192 -1.10681 2.10512 -0.699182 0.813777 2.39995 0.258962 -0.63811 
4.74795 0.152716 -0.400619 -0.0725103 -0.701279 -0.524975 -0.258855 -0.107476 -0.286014 -0.0590753 -0.0937966 -0.0923641 -0.0783471 -1.1878 -0.559873 0.834489 0.241577 -0.0874057 -1.17567 0.933414 -0.12587 0.166488 1.75698 -0.0644639 0.998066 0.0472578 9.48003 -3.58014 2.1461 -1.17271 -6.9548 1.14356 0.0143422 4.67499 -1.02579 2.85507 3.33803 -0.422472 0.827448 
4.73305 0.154195 -0.430252 -0.165656 -0.614133 -0.492621 -0.23985 -0.132051 -0.340314 -0.07772 -0.0403555 -0.0813444 -0.143454 0.801645 -1.22324 1.51704 -0.277727 -1.34553 -1.18742 0.668546 1.11303 0.138881 2.1671 0.637382 0.900551 0.296018 11.7825 -3.63556 2.50222 -0.0819819 -8.12596 0.047902 0.738675 4.55879 -0.238769 3.23239 2.07867 -0.788242 2.1346 
4.92062 0.0412528 -0.311874 -0.139046 -0.92488 -0.452334 -0.259433 0.093261 -0.394032 0.0504644 0.111014 -0.102082 -0.108721 2.47989 -1.53211 2.00889 -0.339882 -2.20844 -1.26741 0.532451 1.71967 0.0758315 2.3091 0.688367 0.53424 0.488316 6.60915 -1.11226 1.07985 0.484014 -3.14578 -1.16613 0.623715 1.42609 0.619659 1.03811 -0.523092 -0.769532 1.63063 
5.33007 -0.109822 -0.235559 -0.120268 -1.17305 -0.527665 -0.198936 0.247187 -0.359353 0.192364 0.16141 -0.090133 -0.0377688 4.06585 -2.01385 2.48283 0.00615803 -2.69486 -1.03247 0.303362 1.93275 -0.29616 2.52638 0.381 -0.398753 0.848371 -2.37954 1.7501 -0.3244 0.750411 3.51435 -1.05559 -0.44334 -2.18863 0.628761 -1.78633 -2.64452 -1.06781 0.175723 
5.50638 -0.153804 -0.203277 -0.16074 -1.22428 -0.541256 -0.155306 0.194576 -0.326616 0.278492 0.119596 -0.0559084 0.0105989 3.15227 -2.06314 2.97589 0.72628 -2.17141 -1.01853 0.332513 1.49084 -0.606491 2.21565 -0.0773689 -1.0675 0.887053 -9.37931 2.76197 -0.672643 1.38416 7.06424 0.00383508 -1.23795 -3.9986 -0.479878 -3.17076 -3.05317 -1.4788 -1.22084 
5.46103 -0.119639 -0.140257 -0.162794 -1.20627 -0.598426 -0.169508 0.244513 -0.332193 0.236738 0.10363 -0.0947315 0.0366582 -3.16745 -1.55673 3.16137 1.30765 0.436323 -0.350917 0.0256545 -0.742508 -0.460091 1.34744 -1.04948 -1.32011 0.879854 -13.1159 1.53847 -0.228933 1.34688 6.86634 1.84778 -1.09551 -4.59116 -1.12265 -2.50516 -1.74725 -1.19278 -1.50475 
5.34037 -0.0488743 -0.165324 -0.0992322 -1.10074 -0.64941 -0.203111 0.207285 -0.33729 0.188425 0.0418749 -0.130122 -0.0161378 -12.1252 -2.73781 2.76434 1.73933 4.29594 1.19964 0.169223 -2.90868 0.179223 -0.10285 -2.28377 -0.771922 0.688442 -16.0112 -2.24692 0.645452 1.08719 4.71897 3.75663 -0.039024 -3.52773 -0.230723 -1.21148 -0.441014 0.355724 -0.366801 
5.29108 -0.114326 -0.102244 -0.0667119 -0.974642 -0.60958 -0.242889 0.132115 -0.363454 0.212957 -0.0357661 -0.229995 0.00905996 -20.2397 -3.93232 1.63627 1.13125 6.50392 2.89329 0.0941839 -4.07852 0.763179 -1.06625 -2.48687 0.162964 0.372539 -16.7966 -4.88327 -0.570688 -0.511477 2.5786 4.2168 1.08431 -1.97827 1.69055 -0.613342 0.400747 2.77284 0.447912 
4.87488 -0.11416 0.000246744 0.0255762 -0.877514 -0.575659 -0.208966 0.0107658 -0.455443 0.196756 -0.0675662 -0.232581 -0.0358679 -24.0029 -5.74014 0.713753 1.17286 7.18406 4.22565 0.731287 -3.77429 1.40813 -1.21697 -2.18972 1.13454 0.252459 -10.9106 -5.81875 -2.54494 -1.81298 0.710387 3.49828 1.69208 0.575092 3.20319 -0.17666 0.690488 3.89964 0.827908 
4.03649 -0.142408 0.0498537 -0.00436562 -0.670667 -0.41986 -0.237359 -0.201448 -0.40456 0.161641 -0.0507708 -0.225014 0.00513893 -22.8104 -6.39758 -1.36431 0.291493 6.57523 5.17981 1.26691 -3.5706 1.96023 -1.11382 -1.55718 1.74077 0.388329 3.10515 -3.22362 -4.72408 -2.25768 -2.02165 1.08722 1.60655 3.19963 2.50773 0.0961944 1.03003 2.72177 0.342262 
3.21774 -0.639911 0.0538878 0.0916809 -0.458976 -0.213287 -0.143135 -0.177428 -0.243093 0.0946072 -0.172363 -0.0717496 0.0613417 -13.5686 -6.38798 -3.29765 -0.823404 4.58511 4.85062 1.40678 -2.83974 2.51287 -0.815131 -0.981454 2.5065 0.766049 22.8557 2.56507 -5.55515 -2.37482 -4.91481 -2.12185 0.308881 3.20879 0.367637 0.788346 1.52191 0.194116 -0.20437 
2.81526 -0.700615 -0.155811 -0.137188 -0.444663 -0.158039 -0.149129 -0.221331 -0.165479 0.0991812 -0.136778 0.0532449 0.0380011 -2.48011 -5.17872 -4.78888 -1.83257 2.25849 3.92674 1.24329 -1.75598 2.83484 -0.68867 -0.420099 2.80053 0.786627 35.4609 5.84827 -3.36469 -1.16709 -6.06479 -3.74139 -0.914152 2.11361 -1.35576 0.967041 1.19374 -1.98984 -0.0759209 
2.86495 -0.850568 -0.160803 0.00222833 -0.396351 -0.0806239 -0.0191386 -0.123867 -0.136439 0.137154 -0.136657 0.0863116 0.0349469 6.88608 -3.40189 -4.80927 -2.29025 -0.285233 2.39318 1.01707 -0.176003 3.07661 -0.303653 -0.316936 2.26044 0.701176 30.8039 6.90704 0.16726 -0.777618 -5.85132 -4.25685 -1.85527 0.774186 -1.53438 0.61156 0.440456 -2.4205 -0.120953 
3.2672 -0.693182 -0.471352 -0.147304 -0.460381 -0.0464268 -0.0540981 -0.176001 -0.144847 0.0791621 -0.0750611 -0.0036937 0.0566539 15.1465 -0.587966 -3.21933 -1.84232 -1.99044 1.4305 0.988012 0.641814 2.04472 0.0815659 -0.423152 0.831477 0.122638 12.8599 4.7712 5.38291 0.874635 -3.03799 -2.40637 -1.15931 0.374559 -0.994478 0.496537 -0.74867 -2.05508 -0.476581 
4.77641 -0.703972 -0.580965 -0.19976 -0.637242 -0.172092 -0.109981 -0.199276 -0.0922997 0.130405 -0.11797 0.0977641 0.096056 18.9071 2.69071 -1.04031 -1.18471 -2.70874 0.649117 0.509028 1.05147 1.24869 0.0103508 -0.483483 -0.661415 -0.374366 -10.5782 2.57472 7.99873 2.42106 0.75194 0.402877 0.217923 1.02404 -0.602534 -0.272733 -1.36789 -2.08305 -1.13687 
5.21775 -0.638595 -0.549279 -0.26202 -0.711022 -0.150453 -0.128934 -0.175463 -0.0836214 0.121156 -0.0997693 0.0722025 0.0876149 16.749 3.77379 1.80314 0.0562335 -3.02847 -0.414595 -0.669698 1.12131 0.51926 -0.159709 -0.464109 -1.18095 -0.293208 -21.5299 1.52105 7.08353 2.83054 2.44059 0.764292 -0.189654 0.699667 -0.964617 -0.547446 -0.666378 -1.36814 -1.03856 
4.81813 -0.56232 -0.356409 -0.205497 -0.825494 -0.22792 -0.0763529 -0.0531324 -0.00754832 0.138313 -0.152677 0.0390952 0.0555487 13.1193 5.17277 2.70963 0.31868 -3.27909 -1.55932 -1.65667 1.1602 -1.23791 -0.795168 -0.114416 -1.9619 -0.452965 -15.559 1.04311 2.44462 2.20024 2.13947 -0.389353 -1.47719 0.0209325 -2.77876 -1.16639 0.837237 -0.967429 -0.239728 
4.94371 -0.415252 -0.145482 -0.129149 -0.699986 -0.0321851 -0.0278295 -0.138298 -0.122001 0.139953 -0.194499 -0.112621 5.90834e-05 9.11116 5.23488 3.40484 0.726029 -3.56492 -2.30632 -2.09458 2.46336 -1.74849 -0.592974 0.696997 -2.08985 -0.600278 -3.48367 0.616471 -3.3019 -0.337986 -1.12197 -3.20565 -2.86473 0.80959 -2.67288 -0.899233 2.60688 0.120401 0.695163 
4.88394 -0.339026 -0.0966516 -0.0779854 -0.667439 -0.0457432 -0.0595366 -0.0123364 -0.0432817 0.0555382 -0.235756 -0.10807 -0.0218344 5.11749 5.16991 2.23768 0.208102 -3.56096 -2.73078 -2.28104 3.45691 -1.88242 -0.376256 2.15118 -2.07916 -0.683973 7.86104 -0.398385 -6.11803 -2.44142 -3.36956 -3.94004 -2.13596 1.66095 -1.53902 0.642554 3.67785 0.928825 0.854162 
4.63957 -0.315201 0.0277862 -0.0706127 -0.831601 -0.281013 -0.307796 -0.0800389 -0.138144 0.0880933 -0.110085 -0.0270766 0.0457092 6.34552 4.46173 -0.339381 -0.0366601 -3.78991 -3.20969 -2.47648 3.79612 -1.84434 0.0989831 3.35997 -1.1474 -0.524865 10.1195 -1.29759 -6.75043 -2.76272 -2.43844 -1.27411 0.620955 2.56419 0.980797 1.65174 3.13739 1.22703 0.102492 
5.13023 -0.0791708 -0.200856 -0.069725 -0.92537 -0.387256 -0.293531 -0.00854895 -0.465859 -0.0356024 -0.0564179 -0.237502 0.0107483 8.69451 3.31912 -3.21527 -0.312615 -3.47274 -3.25994 -2.61661 3.92628 -1.80053 -0.0970394 4.27403 0.106791 -0.124333 3.54837 -3.0131 -4.34396 -1.13119 0.335779 1.51075 2.03019 1.61616 3.5215 1.80445 1.54872 2.78156 -0.0482746 
5.55226 -0.0705848 -0.258697 -0.190904 -1.11474 -0.441898 -0.354854 0.238884 -0.265605 0.092649 0.0789513 -0.188276 0.0108637 8.53411 2.0001 -5.30407 -0.45682 -3.05744 -3.43237 -2.30225 4.51988 -1.24303 -0.614329 4.42677 1.37964 0.270631 -3.37361 -3.21727 -2.17488 1.36244 3.9093 3.20673 2.20667 -0.818507 2.03997 -0.593951 -0.809292 2.8649 0.190658 
5.72488 -0.10409 -0.360575 -0.283591 -1.14185 -0.494329 -0.332219 0.317334 -0.193226 0.157643 0.216552 -0.109755 -0.00638612 7.84888 1.24743 -6.24214 -0.443607 -1.74938 -2.27781 -1.47432 4.23005 -1.03837 -0.993183 3.93676 1.79358 0.374151 -7.90782 -2.1513 -0.370486 2.55702 4.90661 2.8006 1.06365 -1.781 0.106284 -2.90631 -2.72816 1.89324 0.661613 
5.75822 -0.104133 -0.548341 -0.183802 -1.14937 -0.462834 -0.334143 0.306179 -0.228003 0.177841 0.281743 -0.0328234 -0.0106983 6.01021 0.690195 -6.25213 -0.494474 0.126262 -0.668441 -0.350803 3.76783 -0.114029 -1.55968 2.64358 1.9671 0.432186 -7.78232 -0.463021 1.55756 1.08549 3.84547 1.46305 0.165613 -1.97191 -1.07508 -3.26935 -3.29434 -0.0679342 0.861513 
5.73223 -0.144503 -0.6545 -0.109785 -1.04865 -0.455405 -0.352666 0.350515 -0.271342 0.0334456 0.285235 0.0470874 0.0335206 2.157 0.125897 -5.24013 -0.150281 1.47966 0.108323 -0.299707 2.70202 0.582137 -1.79488 1.35723 2.44018 0.928413 -4.054 1.27756 2.08508 -0.781773 1.6524 0.732604 0.233475 -1.44284 -0.724341 -1.38007 -2.9136 -1.93293 0.504711 
5.73303 -0.160425 -0.72512 -0.109443 -0.965434 -0.465351 -0.360701 0.444954 -0.284942 -0.0902449 0.257295 0.0868569 0.0586878 -0.276972 0.506918 -4.4763 0.139969 2.65791 0.447044 -0.367686 1.58233 -0.0627431 -2.59171 0.138336 1.80382 1.15517 -1.41347 1.48558 2.3942 -1.73957 -0.211613 0.266232 -0.0757653 -1.10565 0.943232 1.16102 -1.59753 -1.93326 0.250037 
5.67358 -0.102198 -0.793273 -0.14151 -0.934113 -0.437632 -0.364049 0.455077 -0.299434 -0.114826 0.251376 0.0737171 0.0559736 -1.1368 0.850888 -3.24795 -0.286676 3.10024 0.347041 -0.743872 1.28142 0.168433 -2.7423 -0.557046 1.16296 1.20076 0.00976181 0.722184 2.09762 -1.34493 -0.468396 -0.409266 -0.464089 -0.857807 1.41815 1.84441 -0.330538 -1.06422 0.00920975 
5.64239 -0.0703587 -0.78424 -0.224574 -0.891433 -0.408345 -0.334573 0.402869 -0.262272 -0.119913 0.213623 0.0545064 0.0859481 -1.28518 0.982068 -1.8437 -1.28504 3.2353 -0.119402 -1.00914 1.1078 0.708156 -2.26318 -0.585781 0.619045 0.958889 0.480913 -0.165951 1.54116 -0.38684 -0.0342267 -0.994585 -1.02212 -0.235782 0.960908 1.24494 0.716803 -0.147252 -0.447219 
5.63384 -0.0347391 -0.856186 -0.171672 -0.872791 -0.413059 -0.361114 0.440402 -0.255485 -0.121644 0.170587 0.0688007 0.138012 -1.23639 1.11078 -0.955954 -1.68361 2.87172 -0.466791 -1.29312 0.803064 0.928945 -1.10402 -0.304548 0.222161 0.623821 0.365797 -0.800696 1.56304 -0.352439 0.426439 -1.24474 -1.03193 0.130626 0.267767 0.568472 1.26153 0.18113 -0.876451 
5.62388 -0.0233319 -0.85342 -0.211533 -0.809664 -0.422777 -0.422043 0.467681 -0.210439 -0.159867 0.190534 0.0784404 0.137421 -1.15365 0.962943 -0.230617 -1.60818 2.63079 -0.868212 -1.55664 0.534706 0.954261 -0.295434 0.123179 0.0701943 0.376079 0.120039 -0.74468 1.30213 -0.128579 0.0508857 -1.0601 -0.456931 0.100773 -0.478132 0.790462 1.0977 -0.0291175 -0.902195 
5.6133 -0.0293671 -0.82813 -0.274735 -0.728001 -0.473036 -0.45457 0.482141 -0.177887 -0.189689 0.213939 0.094767 0.123652 -0.875252 0.622342 0.333259 -1.2874 2.45696 -1.38032 -1.7064 0.609524 0.803593 0.167462 0.44049 0.127744 0.12461 -0.0536079 -0.272177 0.794592 0.484338 -0.770159 -0.482812 0.149971 -0.215026 -0.925168 1.35866 0.558912 -0.345458 -0.571573 
5.59064 -0.0303792 -0.799165 -0.322762 -0.674248 -0.506891 -0.480063 0.476713 -0.169295 -0.184088 0.242347 0.0916156 0.101549 -0.741405 0.496777 0.569426 -0.772727 2.13203 -1.79754 -1.84148 0.777735 0.587114 0.474566 0.776874 0.15022 -0.202675 0.14065 0.0809676 0.251956 1.19323 -1.2357 -0.178381 0.441154 -0.210704 -0.712253 1.25082 -0.0347507 -0.300932 -0.0901946 
5.5647 -0.012514 -0.803231 -0.307347 -0.672605 -0.519638 -0.519298 0.497726 -0.199573 -0.124757 0.2448 0.0825502 0.110623 -0.690617 0.443268 0.930326 -0.458031 1.57877 -1.91343 -1.65496 0.563354 0.484399 0.774905 0.923801 0.0492121 -0.512044 0.377111 0.192084 -0.0781155 1.50709 -1.25766 -0.140125 0.419656 -0.0715601 -0.102176 0.44692 -0.234557 -0.0246243 -0.0302953 
5.55729 -0.00828465 -0.774858 -0.312251 -0.648657 -0.556632 -0.537317 0.499287 -0.187161 -0.107557 0.267822 0.0727345 0.10751 -0.589794 0.40981 1.14276 0.217998 0.58456 -1.83309 -1.17538 0.230358 0.289736 1.26573 0.751842 -0.213717 -0.556714 0.380932 0.0676771 0.0922186 1.21248 -1.36212 0.0517636 0.470906 -0.24196 0.303743 -0.0567345 -0.25727 -0.0352755 -0.187474 
5.56147 -0.00251856 -0.757037 -0.301958 -0.635902 -0.597179 -0.544995 0.504225 -0.193111 -0.0746163 0.27079 0.0818134 0.0936172 -0.608212 0.42238 1.38642 0.808355 -0.629322 -1.45154 -0.752679 -0.108582 0.137205 1.67539 0.666942 -0.672481 -0.592499 0.0553799 -0.117756 0.526608 0.714006 -1.81059 0.497755 0.711873 -0.65786 0.261035 0.0219201 -0.139337 -0.553499 -0.258232 
5.55676 0.0179333 -0.761752 -0.26153 -0.630444 -0.641063 -0.583214 0.529737 -0.168492 -0.078931 0.28633 0.0882091 0.0867882 -0.628939 0.336083 1.77375 1.01671 -1.63487 -1.12571 -0.183517 -0.500839 0.049077 1.83529 0.727679 -1.14066 -0.70793 -0.299599 -0.313452 1.04301 0.0732275 -2.24721 1.00579 1.18229 -1.13343 -0.252122 0.563664 0.0598728 -1.23373 -0.272321 
5.54578 0.0261812 -0.73398 -0.237699 -0.664959 -0.653197 -0.594448 0.518014 -0.153767 -0.0652891 0.294896 0.0849743 0.0615029 -0.593439 0.110769 2.13176 1.033 -2.44512 -0.81062 0.381404 -0.795722 -0.0605084 1.70915 0.889204 -1.40999 -0.927669 -0.359585 -0.431005 1.04216 -0.285479 -2.08225 1.09295 1.33787 -0.964526 -0.729714 0.661976 0.318803 -1.33181 -0.194379 
5.54482 0.0108044 -0.668599 -0.216774 -0.741882 -0.659458 -0.552979 0.47023 -0.158111 -0.00184904 0.289288 0.0342431 0.0564865 -0.594938 -0.105639 2.22808 1.09052 -3.07533 -0.529296 0.947222 -0.9583 -0.331856 1.69525 0.839099 -1.41105 -1.02654 -0.136473 -0.442433 0.444383 -0.399328 -1.04032 0.63496 1.11393 -0.3004 -0.766998 0.00208628 0.404422 -0.403878 -0.221887 
5.5052 0.0194383 -0.617353 -0.199642 -0.842982 -0.63361 -0.539003 0.442102 -0.179543 0.0555891 0.315794 -0.0354046 0.0390647 -0.683363 -0.301258 2.24895 1.0269 -3.38844 -0.133373 1.36114 -1.15125 -0.473422 1.51669 0.723504 -1.22883 -1.02662 0.216013 -0.423913 -0.384873 -0.194703 0.249121 0.118242 0.691118 0.283151 -0.421798 -0.781929 -0.0400925 1.01843 -0.114809 
5.48818 0.0129578 -0.554031 -0.213167 -0.901306 -0.637422 -0.490969 0.404303 -0.196409 0.0842904 0.354261 -0.0866287 0.0117751 -0.752949 -0.492079 2.23707 0.771235 -3.32755 0.379109 1.69293 -1.45699 -0.585065 1.31049 0.478356 -0.904484 -0.947634 0.233404 -0.274273 -0.947011 0.0367251 1.07496 0.208041 0.090207 0.336421 0.113628 -1.17284 -0.701054 1.88971 0.179644 
5.49929 -0.00994971 -0.529042 -0.185755 -0.962998 -0.638886 -0.469262 0.415971 -0.217143 0.0742715 0.379029 -0.0783238 -0.0146415 -0.803556 -0.62841 2.05412 0.382045 -2.62937 0.687432 1.9102 -1.59074 -0.524142 0.818777 0.155747 -0.440405 -0.688386 -0.085659 -0.110627 -0.751411 -0.356282 1.60791 0.630474 -0.0596547 -0.304634 0.52547 -1.00918 -1.16991 1.63017 0.554134 
5.49962 -0.0249477 -0.521852 -0.160469 -0.992231 -0.664393 -0.417295 0.407596 -0.231698 0.0927605 0.357226 -0.0424112 -0.0248151 -0.979307 -0.799886 1.61363 -0.0258541 -1.73658 1.46874 2.30147 -1.61818 -0.765331 0.00201603 -0.440906 0.187522 -0.341234 -0.485874 -0.13955 -0.348778 -0.94593 1.70064 1.5469 0.307648 -0.787604 0.212605 -0.969798 -1.28947 0.693767 0.885295 
5.47088 -0.0281453 -0.505835 -0.147901 -1.02279 -0.625689 -0.407244 0.375521 -0.222799 0.0844731 0.340184 -0.0155629 -0.0300845 -1.09493 -0.988063 1.25375 -0.454436 -0.733953 2.14625 2.75648 -1.84243 -0.893576 -0.714155 -1.34473 0.703642 0.107891 -0.63868 -0.258445 -0.198426 -1.32571 1.72524 1.92045 0.974192 -0.779617 -0.45357 -1.06562 -1.36259 -0.0504744 1.00185 
5.44876 -0.0391187 -0.469046 -0.167693 -1.03878 -0.56313 -0.385661 0.310209 -0.216791 0.0843945 0.322176 -0.013452 -0.0273523 -1.42551 -0.90084 0.846845 -0.73359 -0.119902 2.94919 2.6763 -1.93473 -0.951688 -1.09863 -2.03485 0.798581 0.536095 -0.60725 -0.181202 -0.46754 -1.04208 1.38685 1.69328 0.985046 -0.214948 -0.856614 -1.05361 -1.28796 -0.320356 0.860211 
5.43123 -0.060211 -0.433919 -0.218043 -0.986993 -0.550803 -0.326683 0.272812 -0.210343 0.058163 0.296231 -0.010331 -0.00399232 -1.73285 -0.731838 0.663498 -1.15301 0.518918 3.37531 2.43599 -2.0531 -0.885508 -1.18289 -2.41007 0.586602 0.794623 -0.449518 0.16977 -0.756815 -0.312698 0.688415 0.984758 -0.0609491 0.345512 -0.581921 -0.491107 -0.902293 -0.310192 0.415963 
5.38228 -0.0988431 -0.451061 -0.241637 -0.984333 -0.394824 -0.205009 0.249811 -0.314739 -0.00587796 0.219488 0.0100397 0.0268953 -1.76967 -0.613377 0.49608 -1.32968 0.879254 3.51675 1.8125 -1.80643 -0.708579 -1.22982 -2.43613 0.337235 0.902843 -0.057436 0.618571 -0.589008 0.252097 0.222238 -0.524118 -1.79909 0.708871 0.630465 0.481002 0.0112214 -0.356778 -0.097178 
5.35764 -0.115053 -0.441906 -0.273948 -0.940566 -0.348354 -0.143552 0.193291 -0.321316 -0.0451777 0.130854 0.0267684 0.050007 -1.79201 -0.426494 0.118908 -1.03191 0.956419 3.16185 0.959243 -1.15688 -0.460594 -1.30364 -2.09362 0.197797 0.801461 0.156469 0.774283 -0.435427 0.785357 -0.289706 -1.38991 -3.01721 1.21206 1.38246 0.824311 1.23762 -0.379936 -0.539813 
5.30663 -0.0884603 -0.461046 -0.2723 -0.961005 -0.271529 -0.192461 0.1922 -0.317794 -0.0448844 0.111539 0.00666409 0.0649342 -2.45656 -0.0709217 -0.162637 -0.616941 1.20085 2.27731 -0.190678 -0.413495 0.0279607 -1.67305 -1.32899 0.243837 0.352659 -0.310455 0.576711 -0.183764 0.935202 -0.00260818 -2.1497 -2.8625 1.42749 1.54203 0.0722706 2.06204 -0.0712765 -0.946438 
5.28406 -0.0868894 -0.445233 -0.308625 -0.911414 -0.270452 -0.205899 0.170457 -0.300203 -0.030824 0.0911135 0.00448176 0.0630946 -4.5584 0.144141 0.329941 -0.205939 1.81859 0.940574 -0.769193 -0.764745 0.263347 -0.576588 -1.1194 0.303202 0.104225 -2.74449 0.270965 0.450247 0.961317 0.836441 -2.59067 -1.38836 0.544185 0.775947 0.233035 1.59459 0.294979 -0.832783 
5.28679 -0.0958523 -0.445286 -0.306066 -0.906446 -0.248047 -0.257562 0.188673 -0.272545 -0.0377463 0.081659 0.00753136 0.0713681 -6.05686 0.0509222 0.926445 0.0894417 2.24413 -0.397218 -1.06457 -1.30924 0.604669 0.715523 -0.945482 0.35749 0.063036 -4.91739 -0.210745 1.2147 0.650342 1.49546 -2.41865 0.661499 -1.21391 -0.304223 1.45936 0.185207 0.512545 -0.293548 
5.23686 -0.081475 -0.485774 -0.249141 -0.926559 -0.242537 -0.327037 0.243034 -0.250438 -0.095585 0.126713 0.0115864 0.0531872 -6.52271 -0.308732 0.543635 0.3406 2.81813 -1.49687 -1.31488 -0.825278 0.79427 0.983655 -1.25315 0.645941 0.203099 -4.16191 -0.819524 1.02338 0.0258478 1.94762 -2.21984 1.5965 -1.81341 -0.54445 2.39824 -1.69003 0.603429 0.579535 
5.04654 -0.0494375 -0.472869 -0.257721 -0.830121 -0.317867 -0.391202 0.265446 -0.206104 -0.206212 0.195917 0.037895 -0.00758055 -5.58989 -0.417467 -0.466574 -0.121686 3.11647 -1.76685 -1.12111 -0.653869 1.2804 0.392121 -1.02288 0.876144 0.171194 0.596481 -0.938578 -1.02518 -0.736655 0.86163 -0.610843 1.25438 -0.757938 0.0731007 1.46655 -1.90427 0.361396 1.06811 
4.60878 -0.0761712 -0.317083 -0.261427 -0.668648 -0.432156 -0.271318 0.0459097 -0.272734 0.0876853 0.0436002 0.0519522 0.0447222 -4.00489 -0.479134 -1.29017 -0.736758 2.82022 -1.37481 -2.06345 -0.498233 1.67581 -0.411229 -0.897362 0.681102 0.835081 7.10441 -0.434577 -3.52889 -1.59178 -0.997263 1.46712 -1.38565 1.74613 1.41567 -2.47682 -0.0628201 -0.153775 1.09773 
4.57155 -0.136139 -0.29702 -0.250829 -0.688895 -0.415087 -0.245672 -0.02173 -0.268295 0.170209 -0.00253076 0.0631328 0.0853522 -1.8071 -0.516091 -2.10036 -1.56831 2.81644 -0.590647 -2.43669 -0.402924 2.28748 -0.133903 -1.19621 -0.221209 1.09131 9.47047 0.435574 -4.11402 -2.10483 -1.65239 2.86107 -3.13825 2.72225 2.22204 -3.87628 1.31583 -1.3878 0.61106 
4.67597 -0.17344 -0.486196 -0.240588 -0.58058 -0.516596 -0.366243 0.190499 -0.190218 0.0222774 -0.101688 0.114576 0.114392 0.777363 -0.553206 -2.5951 -2.36285 2.38264 0.83337 -2.37647 -0.661482 2.27899 0.299072 -1.26891 -0.987816 1.20559 7.05225 0.902778 -1.73641 -1.94625 -1.86694 3.85073 -2.23984 0.601804 1.20614 -1.4864 1.85767 -2.50018 -0.0697351 
4.87986 -0.109097 -0.663273 -0.378298 -0.603267 -0.39771 -0.372356 0.168184 -0.0767331 -0.136476 0.0632922 0.105237 0.0643841 3.33946 -0.429199 -2.88116 -2.91189 1.50042 2.66982 -2.04636 -0.479896 2.20283 0.539608 -1.07475 -1.74542 0.983645 1.96967 0.489512 1.56918 -0.869088 -0.926814 3.22056 0.344621 -1.26316 -0.708698 2.43015 0.272858 -2.50496 -0.632035 
4.98722 -0.129082 -0.648036 -0.444641 -0.642039 -0.340571 -0.652446 0.159327 -0.0426727 -0.212621 0.0443607 0.0436735 0.223268 5.16088 0.16661 -2.94838 -3.25676 0.737459 4.07673 -2.05523 -0.373505 2.01775 0.122553 -0.235387 -2.23469 0.2417 -1.87738 0.389467 3.04282 0.170166 -0.19374 2.1952 3.72386 -2.49323 -2.23372 4.6746 -0.593063 -1.21536 -1.74545 
5.08878 -0.135023 -0.711201 -0.49644 -0.551171 -0.261151 -0.60837 0.163206 0.0581865 -0.00196127 -0.0529936 -0.121163 0.163235 5.05016 0.66876 -2.25603 -3.39153 0.768854 4.60109 -1.39224 -1.14907 1.45357 0.880996 0.10851 -2.40434 -0.462158 -2.49018 0.522589 2.51973 0.740676 -0.308035 0.785983 3.64726 -1.93886 -2.52643 2.40526 0.100673 0.903236 -1.84243 
5.13322 -0.135893 -0.698761 -0.53734 -0.574823 -0.126867 -0.536043 0.0501568 -0.041829 0.0528196 -0.020668 -0.122461 0.142442 4.07636 0.921707 -1.00534 -2.85136 0.138122 4.55416 -0.0136572 -2.08561 0.431163 2.03187 0.201787 -2.18233 -0.82044 -1.65367 0.773535 0.883375 1.0929 -0.300746 -1.31697 1.92903 -0.20692 -1.34242 -0.395019 0.52645 1.99032 -1.23324 
5.15164 -0.123594 -0.659351 -0.60494 -0.578882 -0.000352362 -0.451348 0.0576123 -0.0287035 0.0996494 -0.0358505 -0.157777 0.0988802 3.16405 0.842642 -0.19756 -1.93852 -0.0925571 3.38089 1.08961 -1.84301 -0.461404 2.52023 -0.220467 -1.55361 -0.875114 -0.45273 0.605665 -0.14841 1.30903 -0.7438 -2.85999 0.366443 0.577169 -0.566709 -1.8267 0.854367 2.03758 0.0236116 
5.18308 -0.0562201 -0.664166 -0.632122 -0.582695 0.0469713 -0.486965 -0.0355577 -0.0559142 0.122344 -0.00169537 -0.165921 0.0562633 2.70364 1.07855 -0.146424 -1.30865 -0.421658 2.25516 2.13143 -1.47932 -0.809749 1.9908 0.0993585 -0.64709 -1.1765 -0.00799561 -0.143783 -0.177106 1.51535 -0.976783 -3.49484 -0.224218 1.58069 -0.0951471 -1.73183 0.0651818 1.38304 1.26799 
5.28137 -0.0479132 -0.71683 -0.668565 -0.524092 0.0604052 -0.492795 -0.0568757 -0.0298571 0.130986 0.0154308 -0.15454 0.0163672 2.40478 1.2395 -0.231011 -0.600698 -0.687506 1.04017 1.41067 -0.886144 -0.652422 0.803793 0.113212 0.101383 -0.383542 -0.237185 -0.341694 -0.133619 1.51307 -0.740602 -2.79432 -0.172928 1.81753 0.361025 -0.928575 -0.72447 0.475484 1.65001 
5.28028 -0.0281892 -0.702261 -0.614863 -0.628175 0.0193869 -0.401323 -0.0382687 -0.0892407 0.136764 0.00339705 -0.122224 0.0448851 2.38159 1.26169 -0.688038 0.013432 -0.182564 -0.179521 0.278257 0.0714773 0.201437 0.236866 -0.374516 0.0529582 0.349343 -0.27247 -0.213549 -0.384384 0.907545 0.564202 -1.30217 -1.43551 1.41217 1.1074 -0.779374 -0.943367 -0.203863 1.55521 
5.34232 -0.0375789 -0.677828 -0.625502 -0.648376 -0.0266942 -0.358351 -0.012902 -0.109615 0.147688 -5.70521e-05 -0.131189 0.0743711 2.28753 1.04572 -0.84829 0.642173 0.0305488 -1.14287 -0.441612 0.836985 0.487751 -0.332333 -0.633091 -0.00942081 0.934132 -0.428873 0.0182734 -0.610593 0.581266 1.51115 -0.248868 -2.43959 1.2014 1.67206 -0.813602 -0.948819 -0.696756 1.00307 
5.36701 -0.00529858 -0.693551 -0.620339 -0.661571 -0.0409409 -0.364101 -0.00558796 -0.0952644 0.123036 0.00464507 -0.111507 0.0651964 2.01037 0.626022 -0.535078 1.23158 -0.235787 -1.67065 -0.509444 1.92438 0.747826 -1.38612 -0.562357 0.204588 1.11069 -0.372332 -0.227477 -0.195758 0.658199 1.13277 -0.153477 -2.05512 1.19465 1.16381 -1.39235 -0.182974 -0.434014 0.226112 
5.39499 0.0268919 -0.754098 -0.578399 -0.61187 -0.0454876 -0.452569 0.0194138 -0.016055 0.1187 -0.0628453 -0.12825 0.140383 1.70444 0.323177 -0.157709 1.74915 -0.579267 -1.87786 -0.822028 2.68206 0.777673 -2.21418 -0.429658 0.552566 1.01141 -0.289913 -0.842761 0.808353 0.793238 -0.496487 -0.45017 -0.170514 1.48344 -0.169944 -1.96901 0.883493 0.605773 -0.858206 
5.43891 0.0386217 -0.794768 -0.570544 -0.525214 -0.0721653 -0.560606 0.0706967 0.0386583 0.0932264 -0.093349 -0.16441 0.179683 1.55525 -0.0350516 0.136604 1.86419 -0.474787 -2.06627 -1.05871 3.18807 0.752653 -2.9175 -0.0524513 1.07266 0.37851 -0.513361 -1.14913 1.69939 0.870406 -2.16343 -0.742813 1.74988 1.38367 -1.45155 -1.9788 1.5244 1.82006 -1.63524 
5.45317 0.0235808 -0.757015 -0.534294 -0.562118 -0.128689 -0.535939 0.140853 0.0169096 0.047979 -0.0865568 -0.177089 0.172763 1.02029 -0.252404 0.543472 1.97094 -0.579719 -2.35841 -0.878176 3.40555 0.46771 -3.24818 0.22544 1.63489 -0.0942525 -0.66263 -0.863924 1.50883 0.239622 -1.66145 -0.673955 1.8061 0.578309 -1.48614 -0.995169 1.25824 2.13855 -1.61835 
5.46435 -0.00285823 -0.702475 -0.458867 -0.67373 -0.178396 -0.478772 0.234679 0.00862774 -0.132916 -0.00172379 -0.0775037 0.132738 0.220472 -0.367248 1.22234 1.82159 -0.684509 -2.6136 -0.29582 2.71659 0.0388269 -2.62446 0.315567 1.85474 -0.18731 -1.28771 0.00204736 0.78865 -0.681659 0.180034 -0.355237 0.841783 -1.30459 -0.821898 1.47029 0.00166302 0.968861 -0.602121 
5.49604 -0.0276772 -0.691199 -0.406328 -0.711961 -0.201918 -0.502295 0.312981 -0.0055831 -0.162991 -0.0203947 -0.0137631 0.125512 -0.606537 -0.389686 2.05877 1.30366 -0.541087 -2.84249 0.579726 0.797392 0.0314358 -1.26847 0.300801 1.89579 -0.174081 -1.92307 0.711799 0.531718 -1.45463 1.88366 -0.183848 0.311111 -3.93827 0.454418 3.71324 -1.02151 -0.732662 0.840713 
5.4906 -0.0447708 -0.652891 -0.404958 -0.705542 -0.276234 -0.479865 0.363844 -0.0392887 -0.213946 0.0146497 0.0530795 0.0592912 -1.27603 -0.136653 2.33462 0.893117 -0.538455 -2.4553 1.09386 -1.50579 0.408564 0.380945 0.127795 1.62103 0.0100587 -1.86953 1.01946 0.393166 -1.5221 1.93675 0.516577 0.214749 -5.95466 1.54137 4.92119 -1.38021 -2.05549 1.768 
5.44782 -0.0334211 -0.626978 -0.408259 -0.673153 -0.335053 -0.486667 0.373632 -0.0323975 -0.21424 0.00466774 0.0751236 0.0744087 -1.80923 0.424562 1.99582 0.292149 0.113641 -2.01182 1.04449 -3.46266 0.815987 2.19689 -0.359933 1.08796 0.375699 -1.13514 0.994333 0.018425 -1.06248 0.830678 1.13369 0.520909 -5.80945 1.62094 4.39898 -1.00422 -2.09701 1.42326 
5.34594 0.00263496 -0.570698 -0.40733 -0.659111 -0.356825 -0.461263 0.21829 -0.028704 -0.0770452 -0.0376379 0.0500707 0.139858 -2.20934 0.97385 1.55956 -0.0941324 0.590992 -1.53607 0.761589 -4.66793 0.845848 3.89501 -0.981397 0.462428 0.624429 0.0558739 0.781372 -0.883626 -0.290716 -0.330625 1.41451 0.089019 -2.63536 0.720466 2.13982 -0.374613 -0.937901 0.154608 
5.30919 -0.00456048 -0.484871 -0.451389 -0.583248 -0.414973 -0.406507 -0.0406139 0.0789584 0.0806534 -0.079134 0.0260835 0.19427 -2.8918 1.43311 1.32468 0.00390419 0.651119 -1.23539 0.531863 -5.15997 0.769009 4.49484 -1.06236 0.0369315 0.597797 0.198072 0.742127 -1.61625 0.640263 -0.909116 1.17704 -0.918572 1.67779 -1.00319 -0.20774 0.0295983 0.138181 -1.01897 
5.29914 0.0242539 -0.497165 -0.434729 -0.660991 -0.348778 -0.396877 -0.17662 0.119632 0.148834 -0.0552759 0.00245979 0.175283 -3.87221 1.46139 1.29872 0.744943 0.66291 -1.15761 0.286652 -5.12552 0.779435 4.5443 -1.00762 -0.673869 0.386726 -1.10752 0.251495 -0.884519 1.46366 -0.199378 -0.207856 -1.24347 3.94228 -1.75544 -1.76526 0.305895 0.228385 -1.45748 
5.25435 0.0859775 -0.535754 -0.456236 -0.619226 -0.377182 -0.388781 -0.203152 0.092736 0.229841 -0.0939344 0.0157589 0.180258 -3.51555 1.06045 1.07298 1.23888 0.0895535 -1.2526 -0.109141 -3.18956 0.639665 3.0974 -0.195546 -0.470569 -0.176478 -1.35283 -0.742209 0.256544 1.84923 -0.234554 -1.07019 -1.16895 4.55208 -1.02059 -3.1052 1.154 0.00409157 -1.18276 
5.22366 0.113636 -0.542559 -0.4193 -0.640285 -0.374713 -0.435045 -0.171411 0.0390508 0.291099 -0.136005 0.0535317 0.159825 -1.95333 0.3968 0.713427 1.65349 -0.840817 -1.41163 -0.73114 -0.0311161 -0.12161 1.09451 0.896727 0.133588 -0.743254 0.652668 -1.72121 0.798997 1.2883 -0.916277 -1.27526 -0.650765 4.4353 -0.225504 -3.81994 2.2419 0.0849257 -0.577714 
5.08172 0.146693 -0.506773 -0.363757 -0.624618 -0.417854 -0.467985 -0.188452 0.0282636 0.303425 -0.119283 0.0367157 0.13778 -0.347456 -0.311448 0.750575 1.86171 -1.89104 -1.31914 -0.738526 2.08257 -1.16973 -0.240419 1.71251 0.312042 -0.86811 4.38148 -2.31972 0.563114 -0.0227075 -2.11907 -0.394935 0.198156 3.81747 -0.315913 -3.38883 2.55654 0.55581 0.0748023 
4.87197 0.107357 -0.419713 -0.244902 -0.576634 -0.504039 -0.439755 -0.260489 0.0727523 0.312512 -0.0914083 -0.0857312 0.101964 1.17348 -1.10949 1.11313 2.02923 -2.66517 -1.34631 -0.330157 3.02906 -2.01215 -0.900854 2.33945 0.145266 -0.756032 6.87032 -1.81003 -0.206936 -1.03277 -3.16819 1.08227 0.827226 2.70301 -1.66218 -1.80276 1.93546 0.91062 0.530228 
5.05701 0.0551772 -0.449674 -0.268035 -0.697114 -0.529868 -0.489803 0.007943 0.0969191 0.12099 0.0363656 0.0412487 0.0908194 2.75421 -1.86621 1.46461 2.00976 -3.4073 -1.04761 -0.0178466 3.43967 -2.57479 -1.28742 2.97027 -0.223027 -0.676645 4.93602 -0.844199 -0.0423064 -0.922836 -1.98075 1.55601 1.38446 -0.306984 -2.60047 1.04505 0.246434 -0.379773 0.672319 
5.30348 0.000301409 -0.464711 -0.249506 -0.824746 -0.535762 -0.540337 0.212353 -0.033019 0.0660951 0.124322 0.11095 0.0789118 4.16468 -2.40555 1.82415 1.22031 -3.05808 -1.29211 0.77935 3.06761 -2.62684 -1.49532 3.35011 -0.613547 -0.486414 0.969345 -0.121565 0.689331 -0.803134 0.608326 0.680049 1.70421 -3.00345 -1.36524 2.2146 -0.851864 -1.67329 0.44746 
5.40566 -0.0474884 -0.39532 -0.262579 -0.910161 -0.495845 -0.431855 0.105021 -0.109502 0.131675 0.137996 0.044797 0.108706 4.64806 -2.25157 1.64174 0.628155 -2.49416 -1.30498 1.07175 2.64668 -2.45971 -1.52377 3.14872 -0.597391 -0.355015 -2.55152 0.622377 0.624965 -0.620869 3.08712 -0.900739 0.769943 -2.96336 0.88946 1.10789 -0.966607 -1.53029 -0.052826 
5.4453 -0.0734724 -0.377406 -0.181493 -0.998728 -0.487829 -0.38901 0.108536 -0.212857 0.155355 0.186562 -0.0128448 0.0921358 3.33401 -1.07702 0.70242 0.690479 -1.92441 -0.988109 0.595935 2.01543 -2.01671 -1.3826 2.54686 -0.42736 -0.336553 -4.69879 1.70179 -0.602416 -0.336649 3.83292 -1.44705 -0.732691 -1.65941 2.9835 -0.635701 -0.956514 -0.249185 -0.320802 
5.50683 -0.11639 -0.337943 -0.181591 -0.997418 -0.507321 -0.420688 0.181859 -0.266706 0.157272 0.224135 -0.0434264 0.082164 -0.0814629 0.436828 0.100307 0.951543 -0.629854 -0.74779 0.182437 0.0834787 -0.633291 -1.00192 1.62421 -0.932438 -0.388117 -5.76239 3.15424 -2.35899 0.192544 2.496 -0.386602 -1.99583 -0.695172 3.9324 -1.765 -1.01645 1.20143 -0.307064 
5.57218 -0.174358 -0.247885 -0.283916 -0.860897 -0.647251 -0.315539 0.108976 -0.202021 0.10279 0.279565 -0.0770786 0.0803758 -3.53983 1.80783 -0.492418 0.691434 1.19925 -0.620857 -0.459085 -1.58348 1.29501 -0.897422 0.779111 -1.26632 -0.499869 -6.69219 3.9658 -3.11945 0.852732 1.09172 1.49718 -2.75384 -1.27772 3.35771 -0.70367 -1.58923 0.998876 -0.209314 
5.45822 -0.100686 -0.302901 -0.237683 -0.841314 -0.659947 -0.365598 0.135116 -0.153813 0.0393171 0.280223 -0.0458351 0.0662393 -6.71021 2.93378 -1.01514 0.0381244 3.1016 -0.250967 -1.08105 -2.62689 2.54039 -0.747636 -0.0383369 -1.13162 -0.840326 -6.55507 2.96817 -1.65476 -0.231501 1.59473 2.35351 -1.43901 -3.25659 2.20989 1.23312 -1.96975 -0.352118 -0.208806 
5.24492 0.0595538 -0.476945 -0.0980884 -0.909696 -0.594894 -0.499116 0.180467 -0.119574 0.00337072 0.263256 -0.0111882 0.0421641 -9.20076 3.59066 -1.1077 -0.934243 4.59123 0.521483 -1.20221 -3.6546 3.19211 -0.560477 -0.957854 -0.727564 -1.07103 -4.60654 0.560645 0.942525 -2.26765 3.14698 1.86844 0.570075 -3.72514 0.555225 2.12115 -1.8155 -0.937812 -0.423071 
5.02257 0.171765 -0.494011 -0.130554 -0.859746 -0.55056 -0.526606 0.0375698 0.0229592 -0.0231279 0.243854 -0.0388825 0.0455241 -10.342 3.73111 -1.22866 -1.32203 5.13145 1.27042 -1.067 -4.10467 3.00348 -0.277805 -1.44837 -0.53625 -1.18179 -1.11181 -1.69708 2.1852 -2.93688 3.25571 0.843174 1.74185 -1.6022 -1.47552 1.66546 -1.06584 -0.340349 -0.532666 
4.81818 0.21738 -0.472788 -0.203345 -0.646286 -0.55825 -0.542765 -0.157209 0.116524 0.0633228 0.187338 -0.143096 0.0302979 -9.57074 3.44955 -1.47882 -1.57955 5.18483 1.71953 -1.06968 -3.67612 2.22411 0.326323 -1.64188 -0.582663 -1.01367 3.11621 -2.50312 1.37359 -1.82692 1.01104 -0.143556 1.79387 1.67473 -2.65647 0.205237 0.162553 0.778221 -0.0767646 
4.52239 0.265261 -0.442269 -0.308634 -0.45573 -0.49724 -0.487949 -0.29812 0.113116 0.128845 0.122048 -0.159163 -0.0271246 -6.45002 2.55026 -1.60713 -2.05425 4.90947 1.35372 -0.519727 -3.00323 1.605 0.614444 -1.21386 -0.767425 -0.52495 7.61207 -1.96672 -1.03055 0.581353 -2.43348 -0.94846 0.396268 4.38417 -2.36884 -0.902797 1.43374 1.03513 0.979433 
4.36935 0.273971 -0.415857 -0.386839 -0.359884 -0.436866 -0.485252 -0.28765 0.0968392 0.0719013 0.0788704 -0.0766629 -0.0634378 -1.98764 1.31438 -1.93955 -2.11734 3.78059 0.699086 0.161167 -1.18742 0.941356 -0.116051 -0.766177 -0.335981 0.204048 10.5966 -1.15945 -3.02897 2.25584 -4.82417 -1.5593 -0.40463 5.10267 -1.11014 -1.44716 1.96066 0.544253 2.00475 
4.39806 0.25771 -0.450484 -0.373116 -0.34896 -0.438018 -0.488066 -0.245801 0.0675292 0.0512352 0.110631 -0.0881596 -0.0557749 2.61929 0.25168 -3.21602 -0.992564 1.63458 0.157971 0.552761 1.81415 0.176289 -1.40473 -0.650407 0.372762 0.946465 10.6034 -0.954682 -3.39179 2.47152 -5.13634 -1.59323 -0.00484011 4.66077 0.266366 -2.18521 1.01923 0.433885 2.31208 
4.53744 0.28865 -0.550382 -0.388334 -0.309865 -0.47616 -0.507704 -0.206384 0.0572553 0.103173 0.118934 -0.128193 -0.0105688 6.9935 -0.801361 -4.03645 -0.443034 -0.394583 -0.254275 1.03412 4.36172 0.183025 -2.87618 -0.660972 0.997515 1.45056 7.94087 -1.65166 -2.01598 1.54039 -3.8213 -0.966925 1.04169 3.92694 0.930677 -2.96126 -0.578617 0.791262 1.38909 
4.80079 0.307936 -0.685602 -0.366407 -0.390814 -0.497186 -0.522737 -0.151257 0.0974519 0.0787499 0.178727 -0.141907 0.0486349 9.98484 -1.40332 -4.82272 0.155343 -2.17715 0.160961 0.967912 6.0497 0.237825 -3.44951 -0.808614 1.04775 1.71861 3.12681 -1.90385 -0.203723 0.257631 -1.95073 0.78357 1.42829 2.94478 0.44109 -2.41747 -1.93723 1.00487 -0.189703 
5.0858 0.252273 -0.777289 -0.341918 -0.51115 -0.516004 -0.479227 0.0367391 0.100927 -0.102573 0.157613 -0.0431171 0.118439 10.9665 -1.94311 -4.7615 0.265604 -2.73837 0.716995 1.45727 5.94117 0.169147 -3.32832 -0.89326 1.04089 1.61983 -1.38153 -1.41353 1.39193 -0.820553 0.152879 2.2628 0.992741 0.229992 -0.264946 -0.0859754 -1.59184 0.36022 -1.48318 
5.29545 0.183508 -0.914342 -0.245506 -0.597416 -0.532956 -0.413062 0.251899 0.0964572 -0.232659 0.0651897 -0.0164213 0.164938 9.81923 -2.15953 -4.0366 -0.0243371 -2.57761 1.78974 1.68854 5.00945 -0.227405 -3.22701 -0.944076 1.59385 1.2111 -4.6293 -0.20012 2.40777 -1.4442 1.61815 3.05992 0.00909337 -3.28325 -1.1194 2.30821 0.190227 -0.0809966 -1.82626 
5.52785 0.0766472 -0.888351 -0.385588 -0.552571 -0.540671 -0.334744 0.334875 0.16525 -0.304237 0.00834313 -0.00410927 0.13185 7.57396 -2.18298 -3.02188 -0.269177 -2.22347 2.9527 1.64243 3.74256 -0.978507 -2.87047 -0.862014 2.0669 0.675235 -6.31528 1.19143 2.09754 -0.661533 1.77019 2.83138 -0.932521 -5.21641 -2.03068 3.20135 1.64531 0.137175 -1.09087 
5.56394 0.108618 -1.00492 -0.346146 -0.680954 -0.321716 -0.403473 0.437779 0.0958825 -0.258046 -0.0141593 -0.00877944 0.113453 5.14375 -2.00073 -1.96479 -0.560662 -1.45518 3.63435 1.4504 2.23683 -1.98438 -1.78255 -0.685909 2.09723 0.20849 -5.28944 1.29005 1.88105 -0.149101 1.60145 0.886191 -0.819117 -4.91277 -2.06269 2.16102 1.98723 0.600236 -0.176304 
5.61769 0.0371204 -0.964234 -0.372264 -0.622477 -0.303645 -0.298278 0.313538 0.0641123 -0.246661 0.0328279 0.0306113 0.114313 2.96625 -1.50249 -1.03082 -0.829208 -0.64504 3.74161 1.08553 0.511993 -2.44867 -0.575401 -0.0413783 1.76215 -0.176839 -3.25336 1.04691 1.15408 0.274884 0.695651 -0.72267 -0.83264 -2.09894 -1.44011 0.712385 1.05204 0.43644 0.254497 
5.55059 0.0500407 -0.96182 -0.390466 -0.603479 -0.201536 -0.318752 0.247568 -0.00976079 -0.274329 0.0729522 0.114884 0.117575 1.45433 -1.06211 -0.204252 -0.776182 -0.424567 3.43519 0.648288 -0.488252 -2.71692 0.204206 0.549375 1.51851 -0.300724 -0.832317 0.332826 0.702352 0.506359 -0.0362927 -2.08461 -0.389841 0.534454 -0.127261 0.254693 -0.0368393 -0.697153 0.13668 
5.53551 0.0626249 -0.982572 -0.397251 -0.629684 -0.118712 -0.342956 0.245268 -0.088411 -0.271245 0.0649919 0.157162 0.121468 0.489912 -0.774882 0.18864 -0.148334 -0.429377 2.24056 0.667757 -0.757886 -2.61336 0.409379 0.886054 1.15819 -0.390183 0.51907 -0.217286 0.788312 0.387184 -0.204416 -2.88839 0.233795 1.48243 1.35909 0.16994 -0.257903 -1.57623 -0.40569 
5.59941 0.0266043 -0.980128 -0.395923 -0.645199 -0.111534 -0.318611 0.259053 -0.178247 -0.233943 0.0667135 0.157859 0.12655 0.347776 -0.81567 0.671508 0.123484 -0.30961 0.445091 0.973565 -0.467505 -1.92153 0.303543 0.890175 0.636349 -0.715025 0.245207 -0.0864749 0.517962 0.838452 -0.485509 -2.80261 0.468738 1.36639 2.10348 0.121227 -0.0819937 -1.72039 -0.874433 
5.5989 0.0159848 -0.949319 -0.419495 -0.617384 -0.137693 -0.295756 0.251729 -0.151971 -0.257886 0.0960233 0.15516 0.10718 0.278194 -0.605012 0.624064 0.702425 -1.01063 -0.637503 0.826166 0.618838 -1.38934 0.58066 0.554235 -0.201839 -1.0686 -0.15493 0.00116355 0.293831 1.1519 -0.679725 -2.54864 0.668093 0.851096 1.69503 0.276987 -0.0769873 -1.37479 -0.964993 
5.60856 -0.00189201 -0.927492 -0.382985 -0.671023 -0.127717 -0.311493 0.298627 -0.169661 -0.222276 0.0882959 0.128797 0.099922 0.425306 -0.685445 0.884763 1.09029 -1.52826 -1.93038 1.24807 1.24587 -0.908036 1.13169 0.282444 -1.17251 -1.27768 -0.582422 0.292461 0.0133715 0.981776 -0.921251 -1.89495 0.535279 0.656762 0.677995 0.55761 -0.292406 -1.03037 -0.674307 
5.61406 -0.0177639 -0.902145 -0.370062 -0.65948 -0.231508 -0.238087 0.277801 -0.13877 -0.233203 0.122977 0.109239 0.0457757 0.0831127 -0.678791 1.40839 1.19836 -1.79212 -2.96739 1.50262 1.56536 -0.685353 1.64479 0.0867412 -1.85731 -1.26847 -0.653812 0.307477 0.240454 0.419421 -1.14311 -1.00664 0.116867 0.847233 -0.555371 1.24855 -0.774363 -1.0044 0.162582 
5.60878 -0.01651 -0.909091 -0.315106 -0.699908 -0.29671 -0.220656 0.320561 -0.136498 -0.221619 0.125343 0.0848814 -0.00150071 -0.754507 -0.50147 1.97459 1.21485 -1.93791 -3.6492 1.46156 1.6121 -0.629912 1.82937 -0.0912655 -2.10238 -0.904527 -0.924601 0.1089 1.1004 -0.44733 -0.562598 -0.660802 -0.0560122 0.397778 -1.06089 1.28196 -0.74999 -0.763916 1.14835 
5.60204 -0.0169011 -0.901137 -0.270007 -0.78146 -0.331197 -0.219524 0.387342 -0.165137 -0.162966 0.0977056 0.0338808 -0.0190254 -1.754 -0.553064 2.78955 1.14117 -1.45041 -4.34006 1.32974 0.922147 -0.878702 1.92234 -0.114835 -1.86522 -0.17572 -1.80403 -0.11116 2.06752 -1.0185 1.0198 -0.873433 -0.260515 -1.06703 -0.622252 0.300704 -0.115374 0.20714 1.8533 
5.59855 -0.0316819 -0.849018 -0.266094 -0.833835 -0.408726 -0.162706 0.415207 -0.2034 -0.0849473 0.0829748 -0.0378135 -0.0170971 -3.63816 -0.433071 3.7826 1.07886 -0.672859 -4.26849 -0.0506519 0.170592 -1.14628 1.92953 0.179364 -1.29959 0.592255 -3.35452 -0.0760306 2.43877 -0.609768 2.28424 -0.355223 -1.86397 -2.2343 -0.14481 -0.722635 0.717204 1.53031 2.00115 
5.55531 -0.0432607 -0.757499 -0.286747 -0.846978 -0.498665 -0.145056 0.446204 -0.242592 -0.0194172 0.0643783 -0.0887931 0.000545881 -6.936 -0.192272 5.21908 1.08439 0.233136 -3.84228 -1.93952 -0.491455 -1.00719 2.08159 0.182938 -0.911604 0.966654 -5.85503 0.25541 2.524 0.214094 2.93135 0.458454 -3.6806 -2.72562 0.63463 -1.11336 1.11664 2.11293 1.0688 
5.45149 -0.0396498 -0.669834 -0.275231 -0.845582 -0.587678 -0.14528 0.430546 -0.244298 -0.0416761 0.0766092 -0.0826273 0.0551039 -11.4959 -0.188022 6.60661 1.17794 2.02055 -4.09883 -2.1255 -1.86364 -0.226297 1.79854 -0.271108 -0.611669 0.571811 -8.85814 0.416669 2.32954 0.950935 3.1332 0.886099 -3.42796 -2.39437 1.40781 -0.569842 0.0811863 1.3523 -0.871196 
5.31013 -0.0774215 -0.532516 -0.268929 -0.721838 -0.716154 -0.148985 0.275463 -0.247032 -0.0538112 0.115971 -0.022886 0.123377 -16.0967 -0.064473 7.39098 0.86433 3.71519 -3.12682 -2.52748 -3.17733 0.778289 1.02875 -0.760146 -0.0280321 -0.0921336 -10.5647 0.536757 1.51255 0.577341 2.57442 1.82852 -1.43197 -1.41195 2.12807 -0.288838 -1.59764 0.0647151 -2.67411 
5.01728 -0.0472568 -0.414603 -0.204871 -0.703253 -0.644005 -0.447287 0.27332 -0.30177 -0.000295391 0.17109 0.0174172 0.156589 -18.6909 -0.739795 8.12223 0.440906 4.92049 -2.02072 -2.3113 -4.61487 1.87407 0.597683 -2.07654 0.355926 -0.744136 -7.72609 -0.637889 0.817152 -0.874578 2.20021 1.74352 2.72024 -1.73916 2.71334 -0.527803 -3.47314 -0.721421 -3.07805 
4.50639 -0.0105196 -0.197347 -0.179896 -0.625561 -0.694391 -0.592619 0.242472 -0.215441 0.055807 0.12686 -0.0284772 0.07962 -19.27 -1.70146 7.83727 0.416376 6.26579 -0.672959 -2.03828 -5.95115 2.421 0.320514 -3.53573 0.425927 -1.1446 -0.417282 -2.25369 -0.791609 -1.64414 1.88715 2.32486 4.35151 -2.36826 1.69588 -0.939477 -4.033 -0.381449 -1.39522 
3.90845 -0.051974 -0.0587345 -0.12327 -0.40827 -0.877008 -0.328935 0.0769322 -0.105049 0.0302094 -0.0212557 -0.0653593 -0.050083 -18.4588 -1.21686 5.87302 -0.423051 6.31449 1.90386 -1.33642 -6.35981 1.84484 -0.143966 -3.43271 0.0673012 -1.57364 7.35152 -1.61288 -3.36752 -2.10079 0.172287 4.43411 2.23755 -1.7622 -0.868109 -1.13809 -1.43189 0.073966 0.919558 
3.47845 -0.032269 0.0100109 -0.232058 -0.318126 -0.649744 -0.427438 -0.0121124 -0.0435355 -0.040103 -0.0690191 -0.00763688 -0.0822278 -12.7198 0.133203 3.33593 -2.23406 5.21059 2.93333 -0.715242 -5.63694 2.00998 -0.0684628 -3.50453 -0.216194 -2.00707 14.4708 1.10544 -5.70296 -2.3563 -1.84338 3.42344 0.098705 0.14359 -2.34698 -0.213281 1.49695 -0.0442768 1.64221 
3.45592 -0.235438 0.216566 -0.295123 -0.243077 -0.661372 -0.326008 -0.20972 0.0383013 0.0166406 -0.289902 -0.0169353 -0.0775181 -3.61984 1.24772 0.117514 -3.73835 2.6537 3.64255 -0.304473 -3.96147 1.97814 0.51988 -2.2761 -0.205987 -0.910189 18.4508 5.01862 -7.92523 -2.60415 -5.25633 2.29089 -2.50843 4.22732 -2.30775 1.08181 4.94029 -0.158256 1.84426 
3.42754 -0.343183 0.176787 -0.20657 -0.00801026 -0.586588 -0.409442 -0.3685 -0.00021998 0.00249348 -0.404089 -0.0185108 -0.0316666 5.31105 1.99791 -3.01779 -4.2816 -0.398983 4.4819 -0.472677 -2.08076 1.28413 0.920626 -0.914914 0.138111 0.75795 18.7558 5.85619 -7.11227 -2.50507 -8.22024 -0.131026 -1.92434 6.78777 -0.491359 2.06841 5.41792 -0.038757 1.91535 
3.2864 -0.0450155 -0.100979 -0.369598 -0.109277 -0.211365 -0.385976 -0.371269 -0.181209 -0.104387 -0.112058 -0.0571172 -0.0645082 12.0575 2.61435 -5.1205 -4.19243 -3.45049 4.89551 -1.05095 0.277186 0.753137 1.0609 0.363938 0.13293 1.90873 14.6759 1.85621 -3.53933 -0.0752442 -7.59269 -2.65538 -0.117126 6.34363 1.40287 1.87194 2.18196 0.354864 2.28475 
4.08091 0.166396 -0.189644 -0.647599 -0.214745 -0.415111 -0.466099 -0.27318 0.021595 0.0371905 -0.215164 -0.038123 -0.150065 15.9353 2.63791 -6.26595 -3.57805 -5.20964 3.94032 -0.350356 2.45008 0.422527 1.09371 0.866534 0.0165986 2.2604 3.86596 -2.8884 0.0809388 2.84914 -4.22247 -1.34778 1.58165 3.79127 0.470814 -0.260991 -0.406217 0.441815 2.15504 
4.75519 0.206237 -0.411573 -0.67189 -0.574965 -0.291438 -0.594274 -0.0171115 0.0422398 0.200286 -0.0122467 -0.0282479 0.0958781 16.8219 2.4931 -6.74308 -3.14575 -6.01146 3.51754 0.0468525 4.34524 0.255805 0.713095 1.22557 0.186906 2.00344 -6.01766 -5.29538 3.12765 3.62103 1.49445 -1.12622 3.17991 0.257253 -0.583836 -2.30973 -3.15807 0.14777 -0.508151 
4.94025 0.148362 -0.50795 -0.612442 -0.685426 -0.242913 -0.477462 -0.0362649 0.017438 0.150016 -0.0800135 0.00350558 0.190303 15.9254 1.2115 -5.78482 -2.33784 -6.04902 2.52787 1.10593 4.86576 0.400331 0.611411 0.585302 0.404359 1.59137 -10.0371 -4.08208 3.34593 2.52103 4.98344 -0.630795 2.35424 -1.24625 -1.26538 -2.3594 -2.71482 -0.0457532 -2.64449 
5.01349 0.117908 -0.54471 -0.58745 -0.777789 -0.18609 -0.405857 0.0442086 0.0300825 0.0523483 -0.108084 -0.0299244 0.165602 12.9655 -0.859719 -4.24092 -0.499531 -4.48121 1.41554 1.78437 4.12959 0.308595 0.183302 -0.541934 0.75321 1.14085 -8.68807 -1.34745 2.13288 0.91529 5.06759 -0.602841 1.04987 -1.95339 -1.24907 -1.02644 -0.785817 0.318788 -3.11449 
5.17055 0.0536148 -0.565502 -0.628815 -0.764372 -0.172943 -0.369056 0.155304 0.00356928 0.0566147 -0.17574 -0.011971 0.149451 7.53633 -1.83151 -3.38032 1.1433 -2.63229 1.60608 2.29823 3.01155 -0.525277 -1.15833 -0.312841 0.956424 0.439593 -4.85148 0.426834 1.01762 0.866795 3.1649 -1.45259 -0.432387 -2.19091 -0.13 -0.0216455 0.719262 0.714948 -1.97324 
5.27575 0.0132873 -0.611044 -0.664739 -0.726746 -0.147906 -0.331803 0.216771 -0.0051956 0.0477495 -0.190547 0.000882827 0.0873559 4.12121 -1.88739 -2.2538 1.74836 -0.862309 0.572024 2.33113 2.07114 -0.702142 -1.79806 -0.43311 0.8716 -0.845142 -2.99683 0.87409 0.358715 1.93269 0.637722 -1.3052 -1.24119 -1.66757 0.0191681 -0.0695535 2.02811 0.509854 0.00444315 
5.30748 -0.00556074 -0.665655 -0.600176 -0.731645 -0.149636 -0.269214 0.177338 -0.0200949 0.0685164 -0.19465 0.0264221 0.0850886 2.73783 -1.55469 -1.49312 2.08901 -0.466921 -0.373874 1.58473 2.14808 -0.940047 -1.48707 0.446365 0.633465 -1.20341 -2.4686 0.657803 0.893806 1.90112 -0.503966 -1.5127 -1.25862 -0.518263 -0.182697 -0.660657 1.83132 -0.265973 0.511719 
5.28999 -0.0108162 -0.690076 -0.52953 -0.746278 -0.145844 -0.245884 0.158408 -0.0456076 0.017563 -0.149846 0.0720802 0.0588132 1.63603 -1.3876 -0.491337 2.39871 -0.316173 -1.6947 1.10983 1.98496 -1.21544 -1.14258 1.08556 0.372054 -0.936118 -1.65295 0.215295 1.96486 0.704768 -0.7759 -2.1199 -1.05705 1.03745 -0.430291 -0.190458 1.09508 -1.30965 0.529217 
5.31472 -0.0255762 -0.73041 -0.455356 -0.733983 -0.178971 -0.275471 0.198127 -0.0162528 -0.0734494 -0.112241 0.106577 0.0598006 0.96949 -2.05771 1.80927 2.18319 -0.102316 -3.15986 0.801197 1.52305 -1.49123 -1.04528 1.62684 0.00393187 -0.511429 -0.513626 -1.02093 4.05756 -1.21923 -0.0128869 -2.84692 -0.442316 1.09784 -0.959275 0.971575 0.246934 -1.5797 0.537766 
5.33217 -0.056001 -0.710458 -0.388734 -0.778061 -0.222338 -0.267932 0.262271 -0.0642664 -0.0672138 -0.0707448 0.0517482 0.0519544 -0.989668 -2.25551 4.10014 2.16252 0.353164 -4.40353 0.218397 0.971573 -2.12555 -0.763663 2.09446 -0.177833 -0.128418 -1.47329 -1.49611 5.41528 -1.99339 1.32664 -2.94059 -0.277498 -0.517618 -1.17631 1.35011 0.0194791 -0.71253 0.544878 
5.31006 -0.0642586 -0.654709 -0.359759 -0.812263 -0.306697 -0.252994 0.330386 -0.126798 -0.0595024 -0.038351 0.0235441 0.0266478 -6.11603 -1.24577 5.75051 2.49708 0.87653 -4.96748 -0.45408 0.130967 -2.30704 -0.0243073 2.16582 -1.20834 -0.055464 -6.64332 -0.042072 4.87272 -0.663206 2.09304 -1.73532 -0.664607 -2.83846 -0.75304 1.50598 0.0144148 -0.485893 0.544446 
5.28785 -0.100939 -0.534744 -0.363771 -0.794671 -0.464902 -0.245818 0.381189 -0.147428 -0.0532347 -0.0202395 -0.00901863 0.0476979 -13.2384 -0.659334 7.04721 2.60167 2.45989 -4.09534 -0.608033 -1.89781 -1.93593 0.372841 1.71548 -1.69358 -0.622512 -14.4618 2.05836 2.47261 1.25717 2.85956 1.53187 -0.964514 -4.94527 0.313396 0.831832 -0.202012 -0.427325 -0.565278 
5.39201 -0.334497 -0.170788 -0.464152 -0.690752 -0.627507 -0.235844 0.310262 -0.204548 -0.0437639 0.0053158 0.0029601 0.0822721 -19.7977 -0.733039 7.54588 2.84506 4.1019 -2.47349 -0.817273 -3.9953 -1.37959 0.4209 1.03565 -1.5988 -0.925467 -19.5034 3.29241 -1.52851 2.79585 3.06278 5.0079 -0.976287 -5.18858 1.83536 -0.187195 -1.0197 -0.433604 -1.49137 
4.96717 -0.249155 -0.0537519 -0.332905 -0.625358 -0.698926 -0.307884 0.215516 -0.319696 -0.027044 0.0998179 0.0353286 0.0712096 -24.155 -1.38983 6.43001 2.61114 5.1888 -0.140903 -0.599107 -5.48726 -0.492612 0.00656147 0.371566 -0.931276 -1.02169 -14.6574 0.597456 -4.22439 1.30354 2.45872 6.97298 0.288187 -3.5139 2.89213 -1.14076 -2.03503 0.214564 -1.44509 
3.99302 0.0274456 -0.0290111 -0.125217 -0.620665 -0.691785 -0.361576 0.0814522 -0.27635 0.0775573 0.0881514 -0.181099 0.0517537 -26.1979 -2.30002 4.43512 2.18617 5.69812 2.18906 0.113942 -5.63879 0.343153 -0.277627 -0.243035 -0.253262 -0.812997 -1.14126 -3.97466 -5.23971 -1.83293 1.24834 6.11092 1.9014 0.133121 2.36217 -1.8442 -2.03081 2.26104 -0.159291 
3.13368 -0.0512795 0.0963453 -0.128533 -0.323023 -0.466573 -0.317625 -0.200129 -0.187365 -0.0265013 0.0325308 -0.122201 -0.114313 -22.557 -1.89432 0.279658 -0.156685 5.49892 3.72516 0.312169 -4.87235 1.1717 -0.264885 -0.567189 0.46081 -0.72697 15.1989 -4.37364 -6.89122 -5.3897 -1.49441 2.122 2.01363 4.32346 1.0774 -0.658244 -0.882303 2.68051 1.81812 
2.75285 -0.221175 0.117859 -0.064228 -0.187914 -0.363117 -0.372712 -0.288012 -0.150983 -0.0738363 -0.0240516 -0.0714259 -0.065296 -12.5063 -0.925914 -3.65955 -2.49972 5.16683 3.98666 0.59655 -3.31701 1.64007 -0.0273794 -0.990316 1.07867 -0.666742 28.0058 -0.669393 -7.24809 -7.56409 -2.71771 -2.05347 1.33676 5.92502 -0.270308 1.03773 0.372471 1.9636 1.86185 
2.63814 -0.401086 -0.0333696 -0.15995 -0.20247 -0.198344 -0.260584 -0.297882 -0.131361 -0.09852 -0.035672 -0.00723724 -0.0458752 -4.64656 -1.00593 -5.12429 -4.5218 4.71465 3.87997 1.04309 -1.58918 2.14091 0.214488 -1.14581 1.47299 -0.41993 26.2948 4.44324 -5.0419 -5.64687 -2.10583 -4.23305 -0.455926 4.80103 -0.626753 2.12703 1.03356 0.260318 0.716872 
2.52582 -0.520283 -0.103807 -0.217137 -0.158887 -0.149634 -0.142564 -0.166959 -0.112925 -0.0800447 -0.0560299 0.035468 0.0137433 0.428406 -1.17872 -3.72188 -3.92405 2.87381 2.62049 1.24426 0.417569 1.8177 -0.0927301 -0.892011 1.54541 0.0496625 12.1289 5.92264 1.16076 0.187438 -1.99534 -3.90918 -1.46179 2.02574 -0.297616 1.32255 0.761489 -1.72663 -0.574721 
3.27279 -0.297058 -0.561974 -0.689928 -0.138471 -0.224474 -0.258601 -0.129918 -0.0487303 -0.0186589 -0.0202318 0.0756678 0.00515685 1.69848 -0.889566 -2.82697 -2.58476 0.573963 0.898285 1.2917 1.66667 1.19758 0.321757 -0.267341 1.0965 0.763504 -8.96164 1.2386 8.26245 7.28699 -2.19989 -1.74013 -0.356434 -0.402747 -0.469947 -0.609603 0.376516 -1.89853 -0.637083 
4.39371 -0.168733 -0.634682 -0.767501 -0.0252364 -0.324814 -0.247435 -0.11127 -0.0934675 0.0399081 -0.0630846 0.105349 -0.0329781 -0.0560818 -0.460371 -1.20957 -1.26949 -0.418006 -0.193257 0.889425 1.48204 0.674176 0.361602 0.151168 0.452999 0.617355 -23.4677 -3.46878 9.55495 9.45766 -3.20958 -0.137214 0.0638226 -1.47275 -0.760182 -1.72818 0.492585 -1.53791 0.442276 
3.49222 -0.155837 -0.495994 -0.662718 0.00720027 -0.178584 -0.219766 -0.102605 -0.000461815 0.0524459 -0.0388305 0.063083 -0.0497189 -3.34852 -0.694712 0.862919 0.716072 -0.579891 -0.343899 0.700673 1.15243 0.167612 -0.0156321 0.282487 -0.186113 0.404114 -17.141 -5.15753 5.07437 5.8462 -2.44571 0.413869 0.6084 -1.39219 -1.51102 -1.65029 0.446146 -0.559032 0.803297 
2.85213 -0.241044 -0.00680396 -0.22146 -0.247219 -0.265273 -0.187039 -0.0176604 -0.011518 -0.0816731 -0.0656738 -0.042822 -0.0131935 -5.90093 -0.901928 1.95249 1.37974 -1.85375 -0.339798 0.760243 0.4088 -0.143929 -0.403643 0.357826 -0.724793 0.250587 -1.60344 -2.48114 -2.37264 -1.9045 -0.291255 0.660064 0.379993 -1.11037 -1.25643 -0.215705 0.340529 0.227694 0.284759 
2.58983 -0.469281 -0.15287 -0.267823 -0.273301 -0.28147 -0.128146 -0.0977873 -0.0628831 -0.0456554 0.000255199 0.0778408 0.0510878 -4.73865 -1.78744 2.28854 2.81996 -2.71976 0.00260085 1.34739 -0.0618678 -0.409715 -0.573736 0.504202 -0.567471 0.102316 15.7026 2.06166 -5.90981 -5.4512 0.39447 0.406103 -0.0930059 -0.446643 -0.275799 0.639978 0.000475751 0.174207 -0.917063 
2.55705 -0.460046 -0.159904 -0.305336 -0.231544 -0.30274 -0.237155 -0.149052 -0.0965682 -0.0400462 -0.00373338 0.0203065 0.0435078 0.58433 -1.55183 0.719721 2.09152 -3.2662 0.00161925 1.34623 -0.430235 -0.550664 -0.606827 0.531523 -0.412493 -0.146708 23.9759 3.86165 -5.26338 -4.00841 -0.182043 0.0138235 0.520924 -0.0396969 0.39457 0.854639 -0.286651 0.450114 -1.46954 
2.50446 -0.515752 -0.137089 -0.262346 -0.170039 -0.155877 -0.0947987 -0.0626722 -0.115137 -0.0885333 -0.0138689 -0.00643812 0.00491832 12.034 1.09079 -1.83965 -0.04228 -3.55629 -0.42721 0.41007 -0.140448 -1.24429 -0.633159 0.0832298 0.016932 -0.518328 21.5798 5.11469 -3.15668 -1.5286 -1.54156 -0.754846 -0.851639 0.168444 0.292437 0.374956 -0.533359 0.642164 -1.12972 
2.77076 -0.357727 -0.257519 -0.522696 -0.42537 -0.271347 -0.1034 -0.0975071 -0.0819463 -0.064047 -0.0107926 -0.0453191 0.0131242 20.6112 3.19574 -4.42213 -1.89812 -3.27237 0.154829 -0.377607 0.959148 -1.25717 -0.331362 -0.473002 0.64116 -0.643733 15.0337 3.99773 -1.08545 1.12744 -1.08081 -0.332442 -1.96491 1.69775 -0.608969 -0.47817 -1.11477 1.06622 -0.183376 
3.87299 -0.367465 -0.413888 -0.347761 -0.433611 -0.265911 -0.0797347 -0.142826 -0.0811999 -0.0240438 0.0386336 0.0657795 -0.0453348 23.9348 4.87464 -4.77472 -1.70158 -3.35362 0.608052 -0.752795 1.89753 -1.1771 -0.679573 -0.726779 0.626705 -0.750061 1.93006 2.65873 -0.790184 -0.058612 0.139429 0.759019 -2.28663 2.60587 -1.01064 -0.872281 -1.14579 0.8232 0.836082 
4.31624 -0.32801 -0.394919 -0.331592 -0.447917 -0.287275 -0.0660569 -0.157519 -0.122302 -0.0525249 -0.0122117 0.0225216 -0.0745597 23.7223 5.09117 -5.2854 -1.48982 -2.90706 0.968661 -0.658625 1.93426 -1.16939 -0.924674 -0.390151 1.31656 -0.42235 -8.38492 0.626731 -0.650902 -0.491235 1.63179 1.80429 -1.25149 2.05702 -0.425559 -0.832262 -0.0806566 0.660181 1.23847 
4.70762 0.105597 -0.509907 -0.496381 -0.602738 -0.284512 -0.26563 -0.0231902 -0.222944 -0.132511 -0.0755441 0.0407454 -0.0774691 20.7666 4.8407 -5.42249 -1.13238 -1.86422 1.18874 -1.11234 1.57764 -1.32392 -0.973718 -0.0453697 1.61466 0.213673 -14.175 -3.08485 -0.0337315 0.471505 3.17024 2.00375 1.39509 -0.374092 0.536372 -0.208446 1.42475 0.402208 1.26025 
5.19485 0.023642 -0.657852 -0.49009 -0.644155 -0.204507 -0.267643 0.190451 -0.201382 -0.109255 -0.135961 0.126128 -0.00611196 14.9423 3.78981 -4.93252 -0.284384 -0.19533 1.98903 -0.995669 1.48438 -1.40545 -1.17294 0.24272 1.5357 0.770761 -14.4531 -3.51861 0.736739 0.94991 3.21421 0.703356 1.96715 -3.19249 0.721564 0.210096 2.24321 -0.25602 0.879114 
5.10723 0.0685084 -0.75233 -0.485412 -0.580263 -0.134831 -0.217399 0.117231 -0.214555 -0.144534 -0.0510762 0.114599 -0.0360979 7.76995 2.95664 -4.37979 -0.481544 0.582048 2.085 -0.928883 1.15003 -1.15387 -1.06758 0.394434 1.06489 1.2844 -9.15604 -3.04408 1.44476 1.72846 2.42235 -0.399516 1.03233 -3.03622 0.518687 0.635775 1.22794 -0.570662 0.646845 
5.11484 0.0655999 -0.795653 -0.48964 -0.498967 -0.105128 -0.181265 0.025698 -0.219198 -0.179493 0.0177631 0.179204 -0.013666 4.00912 1.46746 -3.87025 0.0168257 1.4263 1.9241 -0.494269 0.283053 -0.627131 -0.633534 0.773532 0.931304 1.45001 -4.9241 -1.55902 1.88743 1.10244 0.744244 -1.18072 -0.276984 -1.28363 0.355742 0.796734 -0.456579 -1.26182 0.254144 
5.10128 0.071028 -0.854156 -0.461783 -0.458512 -0.0695882 -0.195255 0.0223137 -0.256732 -0.17095 0.0291642 0.178523 0.0566988 1.09324 -0.134522 -3.04934 0.930789 2.12057 1.30529 0.434019 -1.1107 0.0202682 -0.177288 0.7682 0.616118 1.2679 -1.2993 -0.235452 1.45343 0.302913 -0.659149 -1.56339 -0.59479 -0.0719104 0.71104 0.72394 -1.46511 -0.946328 -0.466565 
5.08592 0.0733234 -0.899475 -0.431994 -0.43562 -0.0498253 -0.22013 0.0230205 -0.255309 -0.180613 0.035885 0.157244 0.0884997 -0.590607 0.065861 -2.35533 1.09009 1.99403 0.572039 0.31851 -1.79216 0.195247 -0.122619 0.566882 0.245618 0.901835 0.559586 -0.379442 0.836182 0.12303 -0.962211 -1.38022 0.23394 0.111453 1.03708 0.572369 -1.36284 -0.229655 -0.952996 
5.06139 0.0774889 -0.923843 -0.410257 -0.405731 -0.0550551 -0.253182 0.0277137 -0.248565 -0.158093 0.0103843 0.148802 0.088276 -0.161495 -0.113279 -1.94022 1.09239 1.38564 0.14795 0.0281156 -1.27501 0.34526 0.16246 -0.0368182 0.19183 0.728144 0.395252 -0.0551664 0.341841 -0.0610568 -0.885902 -0.80343 0.733036 -0.324416 0.681869 0.0846541 -0.472773 0.225472 -1.10448 
5.10915 0.0344641 -0.905761 -0.426934 -0.373802 -0.071994 -0.228252 -0.0174892 -0.222362 -0.149439 0.0107417 0.142766 0.0931279 0.113194 -0.145896 -1.69034 1.0911 0.670557 0.0207535 0.00501511 -0.988743 0.496822 0.308469 -0.405387 0.0693108 0.423628 0.359476 0.228576 -0.0401554 -0.0505863 -1.00131 0.00825138 0.341842 0.0509555 0.00712176 -0.177919 0.0469863 0.501893 -0.609649 
5.07536 0.0574284 -0.974598 -0.36304 -0.378462 -0.111287 -0.159061 -0.0994826 -0.176109 -0.139636 -0.0287821 0.170685 0.077348 0.563587 -0.148398 -1.44676 0.917502 0.12228 -0.0291952 0.248758 -1.08101 0.635822 0.274835 -0.47595 0.248014 0.137499 0.705284 0.165449 0.140016 -0.327851 -1.08394 0.7451 -0.352735 0.735541 -0.597392 -0.176046 0.293345 0.242316 0.0813689 
5.08392 0.06237 -1.00751 -0.353581 -0.372775 -0.0993555 -0.193795 -0.0748096 -0.181864 -0.161825 -0.00275574 0.171117 0.0729713 1.01596 -0.152368 -1.13892 0.594497 -0.306132 0.0905249 0.401305 -1.02156 0.548873 0.167349 -0.378969 0.415831 0.111896 0.952709 -0.00540739 0.546743 -0.5657 -0.990816 0.798651 -0.290636 0.596053 -0.520624 -0.0921169 0.169971 0.0520385 0.416928 
5.0972 0.0591258 -1.0167 -0.364996 -0.383978 -0.0757811 -0.21704 -0.0551157 -0.204789 -0.140621 -0.00963264 0.176161 0.0694787 1.45033 -0.161493 -0.831735 0.301565 -0.796459 0.410001 0.363426 -0.732765 0.225299 0.0580952 -0.246381 0.500707 0.23915 1.0248 -0.159012 0.877588 -0.680385 -0.716397 0.480577 0.0130235 0.264674 -0.31036 -0.103302 0.0725724 0.000996158 0.455932 
5.14371 0.0485446 -1.02962 -0.340466 -0.425469 -0.056472 -0.200371 -0.0827016 -0.188786 -0.139131 -0.025374 0.185897 0.0931522 1.7153 -0.132138 -0.492404 0.0543914 -1.23578 0.719251 0.214121 -0.293577 -0.189674 0.0493568 -0.237485 0.530342 0.32831 0.74799 -0.214431 1.01004 -0.761941 -0.396707 0.163385 0.208725 0.227103 -0.387885 -0.0860728 0.0633037 0.0133413 0.194932 
5.18724 0.0547176 -1.04637 -0.342022 -0.446689 -0.0546986 -0.17457 -0.112902 -0.179681 -0.138992 -0.0304962 0.19827 0.102022 2.01983 -0.321211 0.149587 -0.376967 -1.4447 0.779414 0.085859 0.0740464 -0.556571 0.120456 -0.255329 0.464073 0.341449 0.118158 -0.170235 0.914119 -0.527476 -0.25936 -0.0835058 0.0644255 0.499023 -0.615526 0.0524371 -0.0924377 0.0202352 -0.162315 
5.22279 0.0448452 -1.01985 -0.377291 -0.454222 -0.0440991 -0.178208 -0.105394 -0.179372 -0.158009 -0.0149263 0.201167 0.108119 1.8711 -0.301595 0.505269 -0.446465 -1.70295 0.587364 0.0108219 0.317012 -0.655127 0.183785 -0.539927 0.337718 0.214673 -0.46459 -0.0394411 0.63688 -0.143238 -0.296084 -0.26695 -0.406839 0.894502 -0.691837 0.214659 -0.357214 -0.170268 -0.437853 
5.26786 0.0341415 -1.00479 -0.385886 -0.497244 -0.0124913 -0.19046 -0.0808666 -0.220966 -0.143137 -0.0254483 0.212691 0.119438 1.59775 -0.315891 0.759041 -0.558644 -1.84102 0.291928 -0.281408 0.881939 -0.670825 0.00677516 -0.704135 0.0364991 0.0560563 -0.932608 0.0601229 0.351297 0.0680131 -0.26096 -0.623139 -0.716664 1.08393 -0.204534 0.0728371 -0.586745 -0.534253 -0.551826 
5.30166 0.0287593 -0.992626 -0.39009 -0.537259 0.00082293 -0.169583 -0.0751067 -0.243661 -0.136789 -0.0398287 0.223295 0.117928 0.886974 -0.313081 0.998698 -0.868177 -1.87353 0.0131408 -0.385114 1.49462 -0.75261 -0.0808374 -0.861447 -0.400195 -0.102984 -1.35191 0.103686 0.122565 -0.0387304 -0.173544 -0.813193 -0.634264 1.10519 0.36248 -0.261822 -0.569322 -0.957955 -0.35833 
5.31192 0.0157506 -0.95676 -0.410249 -0.552453 -0.026306 -0.174585 -0.0621996 -0.26317 -0.122321 -0.0595136 0.225487 0.100271 -0.549736 -0.282818 1.20543 -1.25306 -1.89549 -0.188958 -0.227026 1.83697 -0.754261 -0.113412 -1.00072 -0.929903 -0.0984088 -2.24157 0.151063 0.0280378 -0.590972 -0.011532 -0.580731 0.0425579 0.834982 0.566028 -0.482151 -0.256378 -1.24686 0.0500884 
5.29153 0.0345394 -0.95504 -0.39548 -0.603622 -0.0288202 -0.234352 -0.00204997 -0.264102 -0.129738 -0.0943613 0.196247 0.0868032 -2.59073 -0.198273 1.45789 -1.62483 -1.57379 -0.452881 -0.061963 2.19569 -0.693759 -0.506811 -0.969453 -1.23469 -0.0103714 -3.60382 0.0302194 0.415799 -1.27674 0.563248 -0.280138 0.905467 0.413133 0.299951 -0.714549 0.295599 -0.948192 0.45973 
5.30372 0.014162 -0.934491 -0.426083 -0.636977 -0.0489646 -0.264055 0.0719575 -0.258192 -0.159612 -0.113192 0.158382 0.0866777 -5.26405 -0.124135 1.74865 -1.84872 -0.799457 -1.20899 -0.061899 2.19739 -0.192193 -0.996852 -0.590861 -1.29759 0.0518886 -5.38375 0.0984252 0.714476 -1.10251 1.34758 -0.51694 1.05446 -0.267492 0.226172 -0.759866 0.836868 -0.0938499 0.549158 
5.2327 0.0104415 -0.908272 -0.479279 -0.662635 -0.0616731 -0.205433 0.0959713 -0.26514 -0.163215 -0.13048 0.115025 0.0943643 -9.69248 -0.57062 1.98513 -2.15159 0.196776 -2.31373 -0.0501226 2.35993 0.566117 -1.55818 -0.148446 -0.958096 0.237727 -7.89549 -0.365151 0.771662 -0.457721 2.22406 -1.64181 0.266632 -0.384591 0.889375 -1.03074 1.20633 1.07439 0.372318 
5.02697 0.0183606 -0.873243 -0.557351 -0.677795 -0.0631103 -0.157919 0.100641 -0.280197 -0.156966 -0.136506 0.0643173 0.111897 -16.7308 -2.04425 3.47371 -2.14624 1.06511 -2.32608 1.08245 2.02405 1.65615 -1.30191 -0.280546 -1.21033 0.257861 -11.891 -2.05602 1.82858 0.505718 2.50223 -1.82889 0.346651 -0.430803 2.12568 -0.416175 0.591567 1.14184 -0.0868773 
4.7923 0.0166685 -0.801787 -0.606346 -0.628438 -0.0824424 -0.177813 0.188319 -0.298893 -0.251804 -0.115251 0.0746848 0.126362 -22.0921 -3.77109 5.07298 -0.951476 2.55559 -2.14996 1.25964 0.195542 1.85568 -0.670593 -0.0718693 -1.36021 -0.0573552 -13.4533 -3.95587 2.99091 2.17196 2.37991 -0.606017 0.498778 -2.09034 2.20212 1.2209 -0.235824 0.0465751 -0.699287 
4.49105 0.0168952 -0.764213 -0.591373 -0.5513 -0.225675 -0.215326 0.164986 -0.218817 -0.280397 -0.0690709 0.100642 0.118381 -24.9199 -4.88011 6.2404 0.7108 3.69815 -1.57275 1.0909 -1.54426 1.7919 -0.0582594 0.186383 -1.13717 -0.413155 -9.36306 -4.47553 3.63708 3.53779 1.85911 1.92867 0.60592 -3.74309 0.546286 2.40724 -0.664857 -0.947008 -1.04042 
3.81299 -0.106868 -0.732693 -0.653893 -0.466318 -0.397735 -0.206362 0.242132 -0.112499 -0.347407 -0.0534989 0.161702 0.137693 -24.8458 -5.50568 6.73972 2.05073 4.28052 -1.1143 0.766683 -2.62445 1.68951 0.679001 0.233938 -0.956162 -0.686023 1.1676 -2.27381 2.4815 4.10843 0.923981 3.60151 -0.0268748 -4.52926 -1.66292 2.84386 -0.395579 -1.15814 -1.0235 
2.75455 -0.392179 -0.366852 -0.638587 -0.440541 -0.237591 0.0437653 0.191074 0.0259173 -0.202009 -0.186165 -0.0122314 0.102718 -22.2854 -5.64417 6.53375 3.03263 4.05426 -0.539615 0.85497 -2.71088 1.73528 1.47106 0.345456 -0.928592 -0.975188 13.353 1.63406 -1.34568 2.78223 -0.401779 2.31398 -1.41768 -2.04896 -2.63555 1.4522 0.80319 0.280226 -0.460132 
2.52421 -0.544455 -0.22757 -0.378158 -0.241834 -0.216168 -0.135491 -0.131668 -0.10493 -0.142635 -0.112948 -0.0482644 0.0371488 -18.1129 -5.17808 5.70589 3.51161 3.52658 0.190684 1.0083 -2.99903 1.2632 1.96072 0.171026 -1.11923 -1.14629 17.1736 4.12604 -4.1153 -0.371782 -2.13922 0.44154 -0.56239 2.29803 -1.29357 -0.271776 0.687296 1.09907 0.259637 
2.48614 -0.553539 -0.155385 -0.271719 -0.187198 -0.160218 -0.137492 -0.202046 -0.130031 -0.143189 -0.0703537 0.0130765 0.0280575 -12.6452 -4.17268 4.41488 3.26185 2.57736 0.818374 0.856515 -2.65306 0.749653 2.0037 0.0743843 -1.26506 -1.06214 13.3064 3.9739 -4.96312 -2.67085 -2.86434 -1.23672 0.173388 4.16242 0.419967 -1.08011 0.054577 0.604208 0.579464 
2.49504 -0.554224 -0.148185 -0.283111 -0.181444 -0.197575 -0.115016 -0.179654 -0.113552 -0.0779785 -0.0934879 0.00410802 0.0342609 -6.36188 -2.5881 2.77167 2.95762 1.83047 0.945012 0.29743 -2.31591 0.125554 1.47645 0.364198 -1.00353 -0.94449 6.05227 2.21961 -3.61911 -2.92312 -2.18968 -1.17417 0.323746 3.08317 0.838214 -1.71542 -0.301801 0.0438535 0.539472 
2.50322 -0.569899 -0.160701 -0.270381 -0.237648 -0.189785 -0.0479088 -0.0241332 -0.0316675 -0.0393678 -0.0509605 -0.0186237 0.00747401 -1.50393 -0.99034 0.627881 1.8982 1.1023 0.0191851 -0.438694 -0.986254 -0.241023 0.485044 0.704444 0.0923598 -0.382669 0.73574 0.624918 -1.43453 -1.84126 -0.76346 -0.457866 -0.396657 0.298261 -0.13973 -1.53338 -0.476571 0.118581 0.628134 
2.48103 -0.573738 -0.173069 -0.246295 -0.187803 -0.181112 -0.0516599 -0.110426 -0.0839403 -0.0918148 -0.0950359 -0.0432037 -0.0066492 -0.419584 -0.248883 -0.199809 0.513921 0.34291 0.0643372 0.167753 0.297775 0.14464 0.286884 0.481724 0.0785977 -0.110215 0.0172043 0.23531 -0.344772 -0.564695 0.297921 0.0224212 -1.20897 -0.891183 -0.935795 -0.705547 0.366036 0.740783 0.539948 
2.46168 -0.58482 -0.203133 -0.289474 -0.23239 -0.2121 -0.0765056 -0.11426 -0.0218746 -0.0686521 -0.0917892 -0.0718402 0.00944637 -0.0497293 -0.0705727 -0.612697 0.000382766 0.549138 0.298021 -0.133182 0.186238 0.0330541 0.239785 0.442922 -0.289118 -0.0810716 0.49408 0.457803 0.120421 -0.123098 0.881511 0.766406 -0.690347 -0.502931 -1.01014 0.113016 0.537343 0.745924 0.289108 
2.4595 -0.590681 -0.188487 -0.242589 -0.179217 -0.190737 -0.106113 -0.162945 -0.0803522 -0.129677 -0.0470354 -0.0390776 -0.00143078 0.13338 0.072062 -0.655443 -0.0741318 0.88121 0.69748 -0.44931 -0.259802 -0.217173 0.0981418 0.530663 -0.323502 -0.0636304 0.905781 0.519153 0.024421 -0.361613 0.69439 0.982287 0.065206 0.216747 -0.15082 1.04847 0.124065 -0.282881 -0.0517537 
2.44284 -0.584576 -0.209099 -0.266041 -0.187744 -0.230043 -0.134274 -0.0932326 -0.114253 -0.124275 -0.0483837 0.0582547 0.0555183 0.326539 0.211927 -0.580787 -0.19234 1.14936 0.852128 -0.660247 -0.646872 -0.423238 0.190224 0.458896 -0.31476 0.00949073 0.897923 0.307108 0.0015651 -0.212579 0.442093 1.03017 0.492765 0.0887465 0.55206 0.918055 -0.154394 -1.309 -0.531574 
2.47995 -0.56144 -0.206478 -0.269424 -0.158125 -0.145555 -0.0932685 -0.124658 -0.0996517 -0.0519294 -0.0220139 -0.0276017 0.00635224 0.535028 0.273387 -0.48011 -0.245026 1.04954 0.950339 -0.520364 -0.286938 -0.241634 0.448241 0.532795 -0.340678 -0.0204558 0.262505 -0.0431901 0.0239483 -0.0521874 -0.000271589 0.101174 0.199495 -0.187453 0.490928 -0.0094519 -0.513248 -0.830712 -0.258866 
2.5206 -0.554196 -0.236786 -0.284985 -0.0945018 -0.102192 -0.130302 -0.149055 -0.0917976 -0.0508604 -0.0265171 -0.0748914 0.00339433 0.615176 0.299953 -0.365191 -0.162679 1.05581 1.00432 -0.316842 -0.233548 -0.261263 0.455517 0.361873 -0.433228 -0.116939 -0.395252 -0.26984 0.234262 0.108326 -0.729161 -0.748206 0.159835 0.0418528 0.334435 -0.455574 -0.383041 0.0994475 0.0452001 
