2.59286 -0.496577 -0.234296 -0.317616 -0.146651 -0.115573 -0.0561497 -0.0851593 -0.0734356 -0.165999 -0.0696278 0.151859 0.145714 0.933918 0.118749 -1.02959 -0.71549 -0.398365 -1.02091 -0.825896 0.30229 0.389318 1.07855 0.967638 -0.976193 -1.01423 0.714518 0.0521812 -0.856991 -0.213715 -0.0169849 -0.660484 -0.243766 0.416796 0.0622746 0.417498 0.575941 -0.482081 -0.535264 
2.65194 -0.482484 -0.286617 -0.410982 -0.212187 -0.20008 -0.195916 -0.103191 -0.0064831 -0.046189 0.00752985 0.0552234 0.0558952 1.44838 0.231445 -1.22214 -0.60247 -0.294531 -1.20312 -0.790305 0.521985 0.101712 0.826567 0.497165 -1.15633 -0.73443 0.773686 0.211446 -0.344479 1.08568 1.09333 0.00620427 0.608999 0.515002 -0.7685 -1.04291 -0.785114 0.0981162 0.618324 
2.61625 -0.510588 -0.2954 -0.451571 -0.272124 -0.183112 -0.0518675 -0.0541571 -0.0365016 -0.0253695 0.0329466 0.0791548 0.0439276 1.64935 0.14785 -1.58348 -0.729992 -0.545611 -1.55663 -0.613667 0.991388 0.253669 0.650181 0.265496 -1.50944 -0.420614 0.815937 0.291358 -0.103053 1.3421 1.19984 -0.018128 0.338838 0.513408 -0.596035 -1.56971 -1.59769 -0.183538 1.32504 
2.69225 -0.506693 -0.384409 -0.416627 -0.218425 -0.245224 -0.168567 -0.0298079 -0.0287829 -0.0873722 0.0270372 0.0900875 0.0738026 1.43427 -0.0896211 -1.23968 -0.25105 -0.633195 -1.76165 -0.0342975 0.739654 -0.288694 0.296013 0.181536 -1.46977 -0.645675 -0.141512 -0.148042 0.716674 0.857938 0.000976235 -0.0788438 1.12094 0.00558068 -0.685352 -1.07347 -1.30179 -0.315331 0.742354 
2.72532 -0.45582 -0.335476 -0.331912 -0.113292 -0.218665 -0.14551 -0.0620938 -0.0448006 -0.055599 0.0292065 0.0146513 0.0194372 0.710485 -0.383292 -0.712302 0.102986 -0.368925 -1.11469 0.309258 0.445984 -0.364777 0.447905 0.287083 -1.36766 -0.841546 -1.52349 -0.922698 1.01907 -0.109145 -1.15651 0.201897 1.03762 -0.513168 -0.22231 0.0974373 0.0200366 0.0252779 -0.300833 
2.80006 -0.460722 -0.373614 -0.374518 -0.178049 -0.257323 -0.131567 -0.00738862 -0.101044 -0.116629 -0.0934384 0.0147451 0.118216 -0.106126 -0.570281 0.258614 0.584656 0.178914 -0.0879781 0.614678 -0.188804 -0.56327 0.413766 0.0509527 -1.13679 -0.515786 -2.64082 -1.0705 1.76277 -0.163112 -0.527047 1.35461 0.454361 -1.60076 0.274849 1.50516 1.53411 0.224909 -1.41389 
2.77348 -0.500831 -0.450639 -0.448879 -0.274626 -0.335587 -0.11516 0.0744812 0.0019451 -0.0853862 -0.0396897 -0.062778 0.119845 -0.567112 -0.831628 0.661669 0.538216 -0.0215662 0.130079 0.47898 -0.500032 -0.39537 0.661904 -0.228474 -0.988424 -0.468122 -2.34046 -0.728866 1.96356 0.296469 0.597397 2.26163 0.124132 -1.80329 -0.00189468 1.43541 0.915242 0.977065 -0.908138 
2.71462 -0.540364 -0.32844 -0.330079 -0.265746 -0.353465 -0.0292296 -0.0658931 -0.15279 -0.109679 0.00472177 -0.0182408 -0.0213413 -1.28549 -1.19848 1.4142 0.299053 -0.411996 0.83764 0.854613 -0.94687 -0.145467 0.976983 -0.259886 -0.527279 -0.562846 -0.809151 -0.143028 0.965211 -0.0333394 0.926072 2.01519 -0.808017 -0.762506 0.815575 0.708003 -0.485815 0.983387 0.663574 
2.61789 -0.565361 -0.306083 -0.36442 -0.207556 -0.199944 -0.0814532 -0.0715607 -0.0560581 0.0309167 0.0706861 -0.045156 -0.0558075 -1.03944 -1.17447 1.64863 0.155003 -0.561474 0.755009 0.146208 -1.25947 0.042611 1.44618 0.136435 0.124487 -0.32987 1.32826 0.483195 0.208376 -0.0992896 0.110119 -0.017134 -0.909583 0.00982611 0.453756 -0.216141 -1.21356 1.00455 1.48821 
2.60095 -0.555886 -0.213144 -0.344213 -0.15189 -0.1261 -0.097313 -0.15344 -0.0823163 0.0336378 0.0203452 -0.0622207 0.0242198 1.98456 -1.00344 1.92207 0.454908 -0.824428 0.987255 0.0839931 -0.774691 -0.0797718 0.470939 0.151365 0.736487 -0.365972 5.12951 0.536588 -0.725628 -0.302433 -1.53454 -1.60043 -0.555458 1.55273 0.0165926 -1.71542 -0.860116 1.21376 1.13328 
2.61802 -0.606919 -0.284421 -0.366182 -0.25836 -0.22526 -0.0431758 -0.0670814 -0.0766287 0.00435371 -0.0644327 -0.01557 0.036596 4.80324 -0.495418 1.98523 0.643596 -1.06148 1.38969 0.167165 -0.000430906 -0.0610094 -0.368309 -0.200779 0.992922 -0.0827807 7.57746 0.860835 -0.425344 0.12772 -1.65543 -1.03869 -0.0643472 2.02029 -0.154894 -2.25533 0.47645 0.564924 0.0589995 
2.5898 -0.629275 -0.185525 -0.352427 -0.242469 -0.13039 -0.0572184 -0.153248 -0.0361413 0.00769996 -0.0521907 0.015011 0.0111333 8.17595 1.53991 2.17579 1.55621 -2.27878 0.187583 -0.0296596 -0.128177 0.326425 -1.06691 -0.0722494 0.399219 0.257946 8.64426 2.5882 0.391395 1.71967 -1.88999 -1.15463 0.536169 1.0183 -0.553089 -2.30638 1.07314 -0.584596 -0.727581 
2.72931 -0.566098 -0.176319 -0.347543 -0.241942 -0.237117 -0.183691 -0.174897 -0.061156 0.132001 0.040845 0.0329645 0.0475162 13.5428 3.31888 1.68607 2.87178 -3.7899 -2.03014 -0.32108 -0.391658 0.267231 -1.95507 0.526284 0.364745 0.0751779 8.85074 4.08007 0.276807 2.90004 -2.28208 -1.73981 0.437972 -0.485598 0.345113 -1.74297 1.13093 -1.47891 -0.825 
3.39171 -0.607787 -0.175709 -0.325178 -0.407607 -0.18957 -0.0547455 0.0285304 -0.126842 -0.213983 -0.0537624 0.103037 0.0416319 17.7051 4.26612 0.911117 3.95804 -4.97088 -3.34421 -0.88753 -0.559919 0.40266 -2.15312 1.34124 0.293386 -0.386801 6.24888 4.30971 -0.550905 3.4316 -2.11013 -3.49279 -1.09649 -2.69459 0.825406 0.595711 1.46326 -1.49694 -0.467539 
3.41356 -0.555403 -0.140668 -0.298041 -0.393763 -0.091427 -0.0131365 0.0551764 -0.0417627 -0.143293 -0.012967 0.0361256 0.00352994 20.3627 4.42671 0.561685 5.31287 -6.08672 -3.03462 -1.64976 -0.886854 0.0284414 -2.09539 1.78762 0.0288054 -0.334888 4.89854 1.52114 -1.89142 2.93735 -2.66259 -3.23645 -2.32586 -2.37541 0.0610698 1.21068 1.02689 -0.160586 0.0606654 
3.73866 -0.147109 0.0457018 -0.0049893 -0.572033 -0.353258 -0.074037 -0.257021 -0.0635103 -0.153849 0.0601336 -0.0741601 -0.0127938 20.9684 3.84455 -0.00424957 6.07365 -6.94826 -2.98354 -1.85136 -0.856571 -0.507346 -1.84393 1.82736 -0.186866 -0.294603 0.777765 -3.57212 -2.50505 0.667003 -1.45888 0.707886 -2.074 0.205672 -0.942641 1.40818 0.228336 1.06445 0.40798 
4.55206 -0.0733547 -0.153031 0.0582243 -0.730939 -0.589233 -0.194818 -0.198363 0.00188735 -0.187993 0.147076 0.00713041 -0.000344395 18.7761 2.83576 -0.201335 6.28396 -6.9203 -2.12793 -1.93492 -1.28785 -0.837755 -1.22985 1.66757 -0.455207 -0.370111 -6.2266 -5.81381 -0.788679 -0.896233 0.294899 4.38659 -0.438603 1.41303 -2.06699 1.31775 -0.80791 0.577236 0.44228 
4.83121 -0.133285 -0.208433 0.140896 -0.837439 -0.614162 -0.239693 -0.200591 -0.0317021 -0.210783 0.154314 0.0378958 -0.0218151 14.5566 1.76774 -0.318782 5.75556 -6.1204 -1.32723 -2.23218 -1.78672 -1.4071 0.193707 1.82089 -0.646432 -0.378712 -10.3579 -4.69767 0.941671 -2.05173 1.95275 5.42158 1.52474 1.46937 -2.01674 0.781099 -1.23761 -0.395736 0.0765931 
5.02953 -0.233775 -0.193815 0.309112 -1.04821 -0.404107 -0.308374 -0.170168 -0.120202 -0.210667 0.146006 0.0316842 0.0151221 11.3178 0.102779 -0.492182 4.62518 -5.37635 -0.0955068 -1.75418 -0.993872 -2.24947 0.0597518 1.38894 -0.449509 -0.334169 -11.9114 -1.48113 1.59338 -2.89884 3.6326 2.94509 2.32733 0.312154 -0.909299 0.953112 -0.664725 -1.15009 -0.489476 
5.10235 -0.275144 -0.154012 0.35139 -1.07562 -0.414286 -0.288653 -0.192993 -0.177176 -0.186707 0.181729 0.00907428 -0.0055299 6.51479 -1.72432 -0.474567 2.80071 -3.98593 1.53601 -0.821776 0.344848 -2.4048 0.311692 0.904631 -0.594843 -0.312365 -8.64244 0.968407 1.07546 -2.7298 3.07707 0.0202302 1.84319 -0.0484932 0.10676 0.346781 -0.256434 -1.04135 -0.409974 
5.05924 -0.27091 -0.152818 0.375972 -1.07743 -0.378997 -0.302958 -0.232153 -0.201577 -0.147998 0.178088 -0.036158 -0.013181 1.33752 -1.64445 0.389443 1.69726 -2.90921 1.83278 0.0592683 0.613436 -2.17877 0.754739 0.859153 -1.18117 -0.393291 -4.2368 1.01547 -0.191234 -2.60795 1.67473 -1.80127 1.10568 1.26957 1.1777 -0.0965305 0.241263 -0.212546 -0.0962061 
4.99538 -0.275098 -0.136239 0.367291 -1.09384 -0.321468 -0.259727 -0.241715 -0.271402 -0.13993 0.197639 -0.0521135 -0.0480115 -1.69348 -0.905562 0.482748 0.314433 -1.89316 0.745412 0.566191 0.952251 -1.46337 0.994168 1.22461 -1.43487 -0.416209 -2.671 0.650501 -0.496047 -2.00722 0.538602 -2.48598 0.369211 1.71348 1.83972 0.00115204 0.545956 0.0582807 0.260161 
4.9791 -0.299474 -0.14097 0.367546 -1.1137 -0.294233 -0.246104 -0.189775 -0.310111 -0.164811 0.208779 -0.063937 -0.0512519 -4.64115 0.518413 -0.10248 -1.57467 -0.118188 -1.77027 1.82556 0.626438 -0.437205 1.30934 1.18364 -1.31449 -0.394806 -3.27968 1.40457 -0.721801 -2.02923 0.9118 -3.4836 0.851094 0.538138 2.12305 0.672293 0.475833 0.198862 0.457557 
4.95757 -0.328409 -0.128332 0.333283 -1.14593 -0.34313 -0.232353 -0.141191 -0.290518 -0.144407 0.210331 -0.107605 -0.0325303 -5.92463 1.18646 -0.485436 -2.6596 0.59459 -2.11716 2.21074 0.806579 0.183121 1.1754 0.984976 -1.22631 -0.0822935 -3.74232 2.16904 -0.853545 -2.26159 2.12982 -2.97075 1.42477 -0.901275 1.58829 0.658849 0.0624943 0.301416 0.374248 
4.84363 -0.305287 -0.146612 0.305057 -1.18957 -0.412454 -0.223872 -0.0675692 -0.230182 -0.0837126 0.284487 -0.115929 -0.0468234 -7.65257 1.15329 -0.345907 -3.7732 0.968235 -3.12303 2.3161 1.03484 0.790328 1.37297 1.18403 -0.877519 0.040704 -3.73745 1.51234 -0.373714 -2.34323 2.45772 -1.50342 1.22798 -1.51817 0.65184 0.298039 -0.530381 0.441154 0.317134 
4.63969 -0.272268 -0.13895 0.233706 -1.16048 -0.478317 -0.203885 -0.0759722 -0.231254 -0.0744043 0.334632 -0.144827 -0.0563903 -6.30122 0.928846 -0.262409 -4.14127 1.57915 -3.1148 2.50494 0.958189 0.975876 1.13492 0.83605 -0.722068 0.137823 0.427755 -0.432229 0.361022 -1.25435 1.46135 0.942144 0.503729 -0.668848 -0.336095 -0.492207 -0.958487 0.568612 0.136685 
4.33349 -0.075812 -0.235811 0.0476661 -0.945018 -0.776507 0.0380524 -0.208747 -0.169863 0.00141588 0.270866 -0.127755 -0.0324832 -8.09503 1.14003 -0.522409 -4.39687 1.49351 -3.36066 2.30084 1.04663 1.18315 1.22146 1.03239 -0.34618 -0.212458 2.38269 -2.31111 0.828029 0.576414 -1.12575 2.66582 -1.51027 1.26791 -0.720467 -0.962511 -0.127379 0.574942 -0.45846 
4.37722 -0.124815 -0.21036 0.0151352 -0.973998 -0.537462 -0.0252062 -0.122326 -0.195237 -0.0579551 0.270966 -0.16945 -0.00854439 -6.14853 0.826686 -1.03439 -3.23812 1.65801 -1.5024 2.00905 0.992613 0.840298 0.225471 -0.13291 -0.172155 -0.277395 3.67339 -2.05631 -0.129404 2.48713 -1.82907 2.56038 -1.70967 1.4554 -0.506824 -1.23866 -0.627856 0.476495 -0.74671 
4.01199 -0.221166 -0.133628 -0.118377 -1.00596 -0.722825 -0.0490196 -0.069804 -0.146059 0.033149 0.35698 -0.126321 -0.0360247 -2.8671 0.344338 -1.29191 -2.29741 1.41346 -0.0830603 1.30795 1.23293 0.863205 -0.575189 -0.504459 0.0609598 -0.436956 5.93285 -0.409166 -1.54249 3.6838 -1.34502 3.11056 -1.45609 0.897767 -0.0464996 -1.77236 -1.10222 0.218727 -0.656611 
4.56312 -0.260783 -0.144033 -0.0801634 -0.926969 -0.590544 0.0496401 -0.0662846 -0.213193 -0.0691769 0.268588 -0.151964 -0.0405541 1.87704 -0.415546 -1.68053 -0.884139 0.626153 1.70474 0.334638 1.54917 1.05221 -1.21955 -0.731352 0.387819 -0.33971 6.33936 0.508841 -1.99083 3.21076 -0.711662 2.72316 -1.43863 -0.0974423 0.715041 -1.47422 -0.947165 0.301066 -0.000243053 
3.73262 -0.14411 -0.248435 -0.155226 -1.04298 -0.778866 -0.0144866 0.0284074 -0.123383 0.0215877 0.402853 -0.105861 -0.115709 6.12616 -0.910854 -2.15803 0.575157 -0.0962108 3.19686 -0.967248 1.98609 1.12984 -1.83272 -0.736383 0.81528 -0.486186 11.0073 0.163775 -1.39495 2.22828 0.397726 2.76594 -1.06236 -0.835912 0.737129 -1.28821 -0.977 0.551198 0.714805 
4.37235 -0.212024 -0.333566 0.0674103 -0.942899 -0.401228 0.00787416 -0.00459995 -0.175525 -0.177561 0.0998221 -0.154985 -0.0572471 8.80307 -0.16573 -3.15008 1.3286 0.0974337 3.16566 -1.3627 1.55432 1.27368 -1.85846 -1.03561 1.35905 -0.392052 7.93521 0.0748537 -0.54395 0.304574 -0.120482 0.795091 -1.62446 -0.358562 0.567145 0.1681 0.863034 1.14426 0.566599 
4.58132 -0.196244 -0.333898 -0.0193033 -0.962172 -0.476586 -0.0481462 0.054547 -0.0749289 -0.157423 0.26908 -0.108389 -0.105804 11.1971 0.435187 -3.96684 1.90405 0.386063 3.88656 -1.83429 1.15736 1.28583 -2.07443 -1.4145 1.65942 0.015132 2.64656 0.390198 -0.568777 -0.290716 0.165396 -0.705131 -1.1237 -0.471995 -0.206414 0.878798 0.37749 1.23324 0.557891 
4.99535 -0.26149 -0.395214 0.045973 -0.997376 -0.331178 -0.0807502 0.030435 -0.0549274 -0.19747 0.227237 -0.0747444 -0.0420547 11.169 0.491522 -4.06822 1.59214 0.656265 3.33796 -2.26907 0.836402 1.6458 -1.9176 -1.27474 2.03446 0.472406 -2.48781 1.09918 -0.635705 -0.735567 0.874231 -1.77163 -0.240525 -0.480164 -0.458932 0.715291 -0.157596 0.734454 0.392873 
5.16446 -0.22567 -0.489159 0.081897 -0.969449 -0.302453 -0.152097 0.0956085 -0.0376185 -0.229745 0.205709 -0.00317497 -0.0898341 12.4379 0.359138 -3.75959 1.11036 1.46368 2.93862 -2.00911 0.2291 1.75794 -2.05378 -1.43272 1.97468 1.06149 -6.30188 0.901759 -0.114443 -1.20595 1.18206 -2.19348 0.614433 -0.896657 0.174519 0.308813 -0.352277 -0.200751 0.823705 
5.28534 -0.149483 -0.584275 0.100032 -0.96202 -0.266579 -0.214962 0.0872983 -0.0493938 -0.2165 0.179636 0.0399745 -0.0679263 8.52428 0.846605 -3.59427 -0.00955339 1.77267 1.47575 -2.06845 0.0513532 2.08365 -1.4054 -1.02976 2.02539 1.20253 -4.76966 -0.105525 0.79816 -1.30109 1.63574 -1.25442 1.11783 -1.02525 0.770017 -0.475942 -0.78518 -0.97397 1.01975 
5.39792 -0.142698 -0.659383 0.109287 -0.906299 -0.249877 -0.218179 0.0619902 -0.0204823 -0.244321 0.136788 0.0731773 -0.0284484 5.50264 1.36277 -3.55738 -0.331814 2.45927 1.49524 -1.83006 -0.282629 1.88613 -1.39142 -1.89193 1.55409 1.36465 -4.76199 0.0130155 1.28035 -1.73757 1.14815 -0.878358 0.659667 -0.525097 0.923171 -0.0574405 -0.134089 -1.16287 0.383534 
5.50412 -0.162876 -0.688706 0.0778768 -0.85403 -0.263653 -0.227452 0.0614144 0.0486891 -0.311594 0.125388 0.0985887 0.0134486 1.99721 2.13002 -3.26242 -1.35654 3.20464 1.00243 -1.91321 -0.32221 2.20262 -1.2172 -1.95736 0.964052 1.1362 -4.9668 0.897689 0.770585 -1.44555 0.764222 0.242753 -0.253416 -0.0366659 0.330689 0.512562 -0.372104 -1.14866 -0.424885 
5.51247 -0.145961 -0.711971 0.0367041 -0.780483 -0.276897 -0.2217 0.0182341 0.119334 -0.343125 0.103544 0.0781653 0.0644312 -1.09201 2.64462 -2.43391 -2.65503 3.80767 0.810904 -1.6853 -0.875875 2.21805 -0.673031 -1.56473 -0.192146 0.79317 -5.82013 1.94798 0.512094 -1.66756 0.689187 0.498536 -0.806166 0.18599 -0.464685 1.22894 0.127655 -1.35089 -1.54371 
5.49231 -0.108135 -0.759276 0.000217027 -0.723459 -0.228964 -0.289201 0.0283879 0.143598 -0.328927 0.0346883 0.105693 0.0726117 -5.00606 2.84608 -0.855302 -3.14942 4.36249 0.149252 -1.20817 -1.3252 0.901393 0.106673 -0.58617 -1.25935 -0.239848 -6.91783 1.80656 1.6574 -1.44246 0.814426 -0.46939 0.00678803 -0.602397 -2.03326 1.77417 1.59314 -2.01121 -2.1922 
5.35556 -0.00707409 -0.812682 -0.0398048 -0.674272 -0.192947 -0.311399 0.0305833 0.144711 -0.326221 0.00515325 0.0894806 0.0518826 -8.30786 2.81823 0.754074 -2.53896 4.69402 -0.699915 -1.25739 -2.2646 -0.872672 1.34101 1.05236 -1.69085 -1.82369 -6.61191 0.0441553 3.47049 0.123645 0.965756 -2.00714 0.808216 -1.94909 -3.64347 2.25256 3.46574 -1.77412 -2.82114 
5.2192 0.08721 -0.867529 -0.133833 -0.568334 -0.174753 -0.401577 0.0390455 0.22753 -0.348499 -0.0309026 0.0626704 0.042218 -10.7735 2.66341 2.1025 -1.86208 4.92155 -1.18639 -1.14234 -2.96888 -2.07879 2.34622 2.12762 -1.86209 -3.00618 -4.91517 -1.77437 4.50175 2.21034 0.552618 -2.6638 1.33745 -2.60245 -4.25902 2.30947 4.14289 -0.644261 -2.83933 
4.96519 0.176467 -0.790905 -0.312502 -0.461452 -0.205733 -0.371415 -0.0632107 0.202876 -0.25372 0.0609231 -0.0781611 -0.0291061 -12.831 2.30291 3.58789 -2.47068 5.38645 -0.992096 -0.782244 -3.10585 -3.00903 3.34702 2.38098 -1.82999 -3.22588 -2.38477 -2.45972 3.62929 2.423 0.319407 -1.13824 0.871031 -1.45431 -2.82139 1.76393 1.95201 1.12269 -1.19989 
4.54006 0.162897 -0.58487 -0.246001 -0.374432 -0.327811 -0.292591 -0.142005 -0.0873294 -0.168556 0.192735 -0.146229 -0.138643 -15.918 0.71733 5.62596 -2.15223 4.95908 -0.653763 0.28168 -2.7551 -3.14131 3.79965 2.16709 -1.85248 -2.71779 -1.38161 -2.58906 2.02159 0.601358 -0.504948 1.81521 0.560437 1.0268 0.919529 0.70112 -1.79504 1.86934 1.52006 
4.38592 0.10748 -0.482211 -0.0744297 -0.290789 -0.425871 -0.38072 -0.313537 -0.199391 -0.0561555 0.387076 -0.0770033 -0.315936 -17.6033 -1.49197 6.26342 -1.52314 4.49314 -0.117189 1.55173 -1.73796 -3.05433 3.59404 1.15949 -1.6855 -1.73041 -2.62227 -2.87288 0.298104 -1.51748 -1.25407 3.77763 1.84524 3.85972 3.27077 -0.952047 -5.10751 0.818297 4.16443 
4.22937 0.131493 -0.428049 -0.11301 -0.21863 -0.3959 -0.377074 -0.323333 -0.131042 -0.0385762 0.351679 -0.0826867 -0.326946 -16.5838 -2.60559 5.69936 -1.42801 2.94341 -0.201711 2.31599 -0.393859 -2.37643 3.31504 -0.140289 -1.2781 -0.520025 -1.63043 -2.87462 -1.42981 -1.77816 -2.56216 2.4502 2.39856 4.71242 3.35578 -1.75119 -5.23327 -0.233603 4.53711 
3.90653 0.173847 -0.29932 -0.450692 -0.0527085 -0.244992 -0.343943 -0.277114 -0.176178 0.0958482 0.214175 -0.102579 -0.213246 -8.77968 -4.20016 3.02349 -1.73417 2.0569 0.240394 2.21903 0.74757 -0.974231 2.41898 -1.91067 -0.153347 1.10847 8.16576 -3.00045 -4.47643 0.0158606 -3.28356 -0.588337 1.60715 3.02876 2.27148 -2.23466 -2.87749 -0.0461882 2.86858 
3.23931 -0.0693875 -0.0347216 -0.299604 -0.167378 -0.187763 -0.204299 -0.185843 -0.121209 0.100082 0.146866 -0.140994 -0.151701 -1.23115 -4.81601 0.509229 -2.63036 1.52195 0.934581 1.81994 1.67882 0.685059 1.72348 -3.21576 0.3605 2.33644 20.4812 -1.19824 -7.11808 0.116684 -1.72351 -2.29848 -0.973382 0.405737 0.742463 -1.58582 -0.318081 1.1822 0.76179 
3.04665 -0.253456 -0.156431 -0.260414 -0.0950268 -0.175835 -0.06404 -0.082955 -0.156861 0.0285733 0.0453361 -0.182822 -0.096134 1.54442 -4.61704 -2.00382 -2.60743 1.13419 1.33905 0.952934 1.79271 1.41729 0.88866 -4.07091 0.521499 2.7472 21.4671 1.14628 -6.86797 0.19037 -0.0141426 -1.36698 -4.03091 -2.22583 0.758559 -0.572509 1.17115 2.14375 -1.02223 
3.28238 -0.142195 -0.239343 -0.409035 -0.270347 -0.362848 -0.106452 -0.0317973 -0.0856378 0.0962203 0.0118749 -0.174582 -0.0566609 1.99877 -4.03368 -4.10304 -1.9988 1.15076 1.12078 -0.235295 1.25119 1.26464 0.165356 -3.38037 0.734569 2.32596 7.06142 2.35466 -4.27981 0.436513 2.22408 1.3887 -4.40194 -2.8304 0.344058 -0.646652 1.32962 1.37471 -1.60172 
4.63068 -0.414066 -0.555399 -0.484129 -0.135984 -0.296409 -0.157795 -0.108637 -0.0656729 0.0754139 -0.0590268 -0.0277472 0.0328121 2.61049 -2.23978 -4.82246 -0.89373 1.49979 0.39918 -1.82483 0.646551 1.66179 -0.923656 -2.45993 0.984627 1.19081 -14.6799 4.54536 0.946384 1.06473 2.23831 1.78682 -3.24415 -1.54537 0.0134201 -1.03328 1.35304 -0.476324 -2.08168 
4.73717 -0.406275 -0.532747 -0.495874 -0.07361 -0.225077 -0.210087 -0.0702825 -0.043884 0.113057 -0.064516 -0.0270378 0.0194849 6.00847 1.62361 -5.15635 -1.57922 1.35416 -0.357897 -3.13967 0.265123 2.33019 -1.09403 -1.5367 1.26516 0.399443 -18.2451 6.00254 3.57517 1.42624 -0.000964213 -0.382073 -1.14547 0.0612909 0.60932 -1.576 1.53672 -1.20481 -1.85645 
4.01834 -0.331296 -0.725448 -0.395062 -0.0486262 -0.149746 -0.385262 -0.177896 0.0254181 0.0634672 -0.148158 -0.0173843 -0.0357494 7.23275 4.19286 -4.32387 -1.36183 -0.138025 -0.635917 -3.93815 -0.401714 3.27252 -0.995622 -0.536614 1.47508 -0.350553 -2.50034 6.30933 3.75956 0.0734014 -2.88913 -2.76334 0.707534 1.11249 1.41016 -0.836151 1.91446 -0.700704 -1.13149 
3.50028 -0.289473 -0.785457 -0.500368 0.0293537 -0.13834 -0.378575 -0.136309 -0.0275395 0.008851 -0.0898817 -0.0586873 0.003592 6.02138 5.2961 -3.31157 -0.407502 -0.799068 -0.851574 -3.49602 -0.454922 3.49982 -1.4451 0.158267 1.11402 -0.782806 14.7022 4.519 2.10247 -0.180426 -5.011 -3.51001 1.19368 0.567548 2.18944 0.382483 1.56424 0.327335 -0.5027 
3.51389 -0.116093 -0.584023 -0.434517 0.102305 -0.229752 -0.482922 -0.0955353 0.0674386 -0.0882989 -0.107402 -0.0377568 -0.0812403 4.28347 6.35858 -1.94845 -0.065917 -2.45416 -1.74573 -2.88341 -0.197242 3.77145 -1.45204 0.630624 0.615931 -1.00694 18.7652 -0.239904 -0.66305 0.0318191 -4.50391 -1.54619 1.64878 -0.495399 1.19938 1.10966 0.864808 0.637021 0.487142 
4.43514 0.286439 -0.687545 -0.540431 -0.148528 -0.38572 -0.482125 -0.0405567 0.241292 -0.0391003 -0.0495936 0.00596045 -0.0759963 7.58614 5.85309 -1.80992 0.152647 -3.39328 -2.37848 -2.0902 0.0719375 3.60005 -1.4737 0.904331 0.582239 -0.700732 4.96582 -4.59965 -0.735616 1.24286 -1.30732 0.771025 1.4597 -0.617876 -0.95485 0.609512 -0.0649422 -0.188264 0.76558 
4.85789 0.295097 -0.823758 -0.526007 -0.365783 -0.372674 -0.562137 -0.166858 0.345429 -0.0109339 -0.0121868 0.0634575 -0.108271 11.0908 4.70902 -1.32836 0.508058 -3.82111 -2.43998 -1.25094 0.482204 3.19475 -1.17197 1.1878 0.356397 -0.344864 -8.08874 -5.33524 -0.0134768 1.70958 1.87997 1.64875 1.22211 0.367682 -2.43154 -0.233117 -0.642209 -1.09576 0.912717 
4.89444 0.2498 -0.823924 -0.44736 -0.298039 -0.41822 -0.516766 -0.137315 0.327898 -0.086273 -0.00133842 0.024115 -0.0874366 10.8942 3.1266 -1.24697 1.05077 -3.57849 -1.87081 -1.03729 0.25591 2.83798 -0.887683 0.852445 0.113881 -0.184527 -11.3806 -3.65684 1.01 0.811107 2.88073 1.64706 0.616251 0.932751 -2.33924 -0.225456 -0.558524 -1.22816 0.663385 
4.9301 0.226348 -0.79945 -0.461506 -0.378155 -0.414675 -0.534313 -0.13713 0.371141 -0.0889115 -0.0268114 0.0312881 -0.0825748 7.39947 1.0483 -1.32808 1.04897 -2.50796 -1.03115 -0.687948 0.248624 1.82298 -0.673424 0.579064 -0.354196 0.27309 -7.4227 -1.36959 1.492 0.185155 2.87203 0.953386 -0.0814984 0.782215 -1.32698 0.0237559 -0.431381 -0.901133 0.195133 
4.9168 0.266331 -0.850558 -0.411511 -0.394065 -0.44533 -0.53195 -0.0645389 0.349619 -0.112863 0.00248146 0.0153129 -0.0683069 2.25978 -0.474355 -0.457481 1.37762 -0.92549 -0.299274 -0.661745 0.506251 0.830086 -0.904787 0.196816 -0.706773 0.423305 -2.00864 -0.0807519 1.05587 -0.750183 1.5831 0.580192 -0.359303 0.0143505 -0.291853 0.475935 -0.389768 -0.285228 0.066231 
4.90571 0.267046 -0.866903 -0.344464 -0.408733 -0.428913 -0.54861 -0.0661859 0.367734 -0.12614 0.0271601 -0.0228462 -0.0645139 0.298225 -0.317127 0.145488 1.12475 -0.139204 -0.32766 -0.421644 1.04138 0.369859 -0.91845 0.09233 -0.80155 0.599429 -0.260977 -0.114759 0.641788 -0.962767 0.712547 0.240826 -0.207283 -0.328595 -0.173607 0.341436 -0.361592 0.346866 0.0666932 
4.92108 0.232062 -0.80961 -0.385801 -0.35613 -0.416367 -0.570676 -0.0897845 0.396143 -0.128313 -7.3458e-05 -0.0380339 -0.0653532 -0.0214157 -0.0988919 0.191701 0.819654 -0.143021 -0.299517 -0.570335 1.04298 0.228722 -0.6231 0.0341694 -0.577659 0.595905 -0.389961 0.183805 0.1359 -0.387247 0.0435849 -0.326761 0.293855 0.228839 -0.523755 -0.00748863 -0.113553 0.577485 0.211025 
4.96981 0.196657 -0.796264 -0.387981 -0.323501 -0.429656 -0.591463 -0.0649887 0.390461 -0.125495 -0.0204047 -0.0479577 -0.0476112 -0.0325069 -0.227564 0.328001 0.641579 0.329612 -0.55504 -0.421889 0.960705 -0.0133915 -0.530226 0.0130259 -0.475885 0.60368 -0.464523 0.378436 -0.165517 -0.113741 -0.486026 -0.674888 0.516676 0.322861 -0.512281 -0.0158533 0.124029 0.617383 0.109405 
4.90893 0.240374 -0.81283 -0.359584 -0.374921 -0.415168 -0.595038 -0.0318975 0.381768 -0.149049 -0.00835162 -0.0425634 -0.0312221 -0.0264454 -0.309767 0.383256 0.470335 0.355987 -0.644972 -0.349246 0.75817 0.00506967 -0.508225 0.00735976 -0.316934 0.553111 -0.0491295 0.117485 -0.336525 0.118966 -0.0726642 -0.77526 0.431193 0.0875076 -0.30528 0.0501878 0.29118 0.264608 -0.0903878 
4.90066 0.246297 -0.807537 -0.353841 -0.379733 -0.456628 -0.570588 -0.0153363 0.3762 -0.17131 0.013591 -0.0339617 -0.0187952 -0.0525665 -0.218365 0.213439 0.454731 0.323799 -0.884707 -0.260065 0.848206 -0.13718 -0.48068 0.0680312 -0.14462 0.536337 0.292576 -0.227402 -0.27142 0.184782 0.311033 -0.312714 0.00971395 -0.328187 0.0631779 0.175352 0.1756 -0.100762 -0.25382 
4.89908 0.24069 -0.806458 -0.338279 -0.36349 -0.47653 -0.589887 0.0154651 0.359528 -0.162317 -0.00579013 -0.0361463 -0.00906314 -0.226519 -0.0587309 -0.10744 0.849852 0.16657 -0.911422 -0.297845 0.85569 -0.101582 -0.536138 0.235362 -0.0831496 0.47671 0.264719 -0.242208 -0.209755 0.215397 0.357687 0.200628 -0.294927 -0.518894 0.412234 0.0382918 0.119528 -0.173411 -0.279426 
4.94082 0.196984 -0.779403 -0.357901 -0.328485 -0.516478 -0.579254 0.0031463 0.359722 -0.156608 -0.00849712 -0.0423986 -0.00747982 -0.342754 -0.085196 -0.176963 1.06101 0.308687 -0.924563 -0.411948 0.769459 0.0162465 -0.601764 0.309141 -0.119367 0.393183 -0.209202 0.0981145 -0.359262 0.599027 0.0718679 0.489546 -0.528224 -0.133216 0.39753 -0.188393 0.103247 -0.0986872 -0.118001 
4.91214 0.224712 -0.819126 -0.316145 -0.347516 -0.504075 -0.591892 0.00796656 0.378768 -0.188612 0.0254237 -0.0536991 -0.00815372 -0.254265 -0.256049 -0.183995 1.14796 0.689941 -1.0175 -0.448679 0.582667 0.216891 -0.649045 0.309926 -0.19321 0.321633 -0.513908 0.172273 -0.145508 0.559088 0.103731 0.219864 -0.303458 0.0745329 0.270702 -0.279771 0.00830786 0.0306567 0.0236919 
4.91622 0.217726 -0.816429 -0.303389 -0.33461 -0.525558 -0.605107 0.0266443 0.3674 -0.182212 0.0184509 -0.0516361 0.0010653 -0.344568 -0.272602 -0.186264 1.14141 0.885104 -1.04059 -0.281358 0.417626 0.42317 -0.677767 0.358056 -0.188812 0.241984 -0.4056 0.0155241 0.113298 0.149398 0.401243 -0.282333 0.311461 -0.0504083 0.275086 -0.270406 0.0625393 0.0761154 0.00565869 
4.89299 0.221738 -0.825231 -0.257487 -0.332671 -0.512881 -0.634311 0.0308607 0.393663 -0.203703 0.0182597 -0.0483855 0.00295379 -0.536432 -0.235388 -0.0431008 0.657335 1.60649 -1.49048 0.17135 0.754929 0.140746 -0.214647 0.282776 -0.236026 0.297357 -0.119795 -0.178296 0.425515 -0.88404 1.24048 -1.03272 1.06449 0.221095 -0.276234 0.527071 -0.10614 -0.0341643 0.0341571 
4.88503 0.207616 -0.823591 -0.230061 -0.304572 -0.546161 -0.647234 0.0611918 0.385192 -0.22292 0.0266887 -0.0602076 0.0148952 -1.62934 -0.284445 0.264013 0.196906 2.38748 -1.86809 0.731765 1.85236 -0.522372 0.307967 -0.131982 -0.0845598 0.609985 -0.854103 -0.276946 0.727338 -1.71486 1.90106 -1.30137 1.66598 1.21604 -1.07901 1.38373 -0.534085 0.080022 0.28789 
4.86628 0.209664 -0.828145 -0.219454 -0.272685 -0.581947 -0.621047 0.0428007 0.41026 -0.245509 0.0405446 -0.0627526 0.0157735 -5.02273 -1.03579 1.49001 0.198402 3.27039 -1.6339 2.01935 2.5789 -1.36701 0.439023 -0.662879 0.392123 0.878354 -4.54659 -0.780643 1.61493 -1.16932 2.07335 -0.347377 2.22454 2.33518 -2.06713 1.39255 -1.08549 0.573116 0.647678 
4.8718 0.196844 -0.814217 -0.236191 -0.242228 -0.620669 -0.572962 0.033822 0.427485 -0.241429 0.0525521 -0.0536338 0.00910893 -7.82617 -2.12176 1.6639 0.767196 3.35831 -0.634121 4.10446 2.27705 -3.33269 -0.135692 -0.80312 0.806683 0.857021 -7.84391 -1.90252 1.64844 0.66688 1.10942 1.65402 3.30759 1.65362 -3.68284 -0.0569393 -1.17951 1.08751 0.620554 
4.84747 0.192 -0.784823 -0.331906 -0.0714854 -0.726919 -0.526659 0.155137 0.323698 -0.113738 0.00949701 -0.0800569 0.0374133 -9.28169 -3.25765 1.76121 0.845643 2.76663 0.0485671 5.16287 1.59774 -4.15783 -0.741137 -0.800092 1.33461 0.651299 -7.56218 -2.89294 0.747949 2.37341 -1.47877 3.41614 3.29699 -1.17295 -3.13609 -2.47081 -0.302305 1.51668 -0.133044 
4.61088 0.163866 -0.739505 -0.339961 0.000174397 -0.751546 -0.464626 0.349286 0.236239 -0.0957122 -0.0521695 -0.0391795 0.103614 -10.0918 -4.20975 1.19626 1.23966 1.66734 1.66859 5.35116 0.202548 -5.29223 -1.64326 -0.211526 2.11258 0.475485 -2.47781 -2.91831 -1.2353 2.47429 -3.65569 4.10386 1.57242 -4.7168 -2.0328 -3.70108 1.40831 1.47367 -1.0456 
3.91153 0.0237203 -0.526864 -0.200374 0.0728154 -0.617414 -0.26481 0.355414 0.159796 -0.184087 -0.0894151 0.0491814 0.11874 -9.83454 -5.00831 0.436671 1.76236 0.315631 3.00168 5.07035 -0.640579 -5.48319 -2.09977 0.213908 2.4419 -0.133204 5.54156 -1.48792 -3.48629 0.79829 -4.56651 2.80562 -1.63539 -5.26427 0.215453 -2.42627 2.39175 0.699879 -1.70726 
3.83755 -0.137911 -0.677104 -0.0713619 -0.00182039 -0.466753 0.0289798 0.18036 -0.194256 -0.327395 -0.054382 0.0706716 0.0787116 -8.89041 -5.41971 -0.443658 1.53557 -1.70061 4.20571 4.77334 -1.59477 -4.67377 -1.55337 0.494758 1.87921 -0.452514 8.24774 0.384783 -3.03702 -1.59882 -3.88958 0.992504 -4.0739 -2.51125 3.46032 1.21482 1.75652 -0.747293 -1.27357 
3.90078 -0.232314 -0.664114 -0.148698 -0.101429 -0.509843 -0.0559572 0.105746 -0.0381641 -0.377772 -0.0297999 0.127528 0.0428068 -6.50737 -5.09981 -1.37041 0.832938 -3.0647 5.11535 3.82767 -2.56376 -3.98189 -0.894975 1.07819 1.53778 -0.630136 6.51251 1.85825 -1.85432 -2.81476 -1.72238 0.206459 -3.35308 0.868299 3.03512 4.33579 0.416701 -2.02449 -0.150517 
3.83732 -0.303892 -0.780595 -0.0885097 -0.172459 -0.287425 -0.0996948 -0.0587185 -0.249702 -0.473968 0.104761 0.230765 0.0583587 -3.16137 -4.18453 -1.9397 -0.23409 -3.81815 4.60039 2.41315 -2.80152 -3.16827 -0.426189 1.15171 1.06338 -0.91091 3.37552 2.54938 0.291009 -3.09147 -0.0418625 -1.34845 -1.6267 3.19449 2.51528 4.4819 -1.32931 -2.32795 0.568761 
3.85019 -0.379261 -0.820149 -0.0483797 -0.230634 -0.261197 -0.0671612 0.0189881 -0.16409 -0.406109 0.0750668 0.203169 -0.0509357 -0.0726652 -3.19208 -2.405 -1.4457 -3.9931 3.08929 1.03854 -1.35017 -2.13748 0.958426 0.666601 0.866383 -0.52576 0.858445 2.20579 1.4472 -2.21388 1.10422 -2.37871 -0.315373 3.06393 0.458989 2.22873 -1.81586 -0.789351 1.36628 
3.78662 -0.431751 -0.84378 -0.203587 -0.418142 -0.177485 0.0410702 0.00365973 -0.0826558 -0.172945 0.0336954 0.0491906 0.00385336 -0.239632 -2.48187 -1.64742 -2.13567 -3.29838 1.5133 0.080645 0.634595 -1.25472 1.94096 -0.299569 0.867344 0.236172 0.505739 1.20852 1.18256 -0.357873 1.95058 -3.67092 -0.45793 2.68791 -1.20644 -0.980237 -1.71189 1.39024 1.30419 
3.86955 -0.393253 -0.876704 -0.297662 -0.32954 -0.101568 -0.0156694 0.00139865 -0.256798 -0.131903 0.0926182 0.121093 0.044626 0.155981 -1.13106 0.144798 -1.55029 -2.47638 1.41811 0.340671 1.91734 -1.26376 1.41193 -1.25536 0.0824513 0.397175 0.146065 0.847261 2.40795 1.47147 1.43958 -2.99854 -0.745142 2.34321 0.281701 -2.75556 -1.77524 1.15605 0.641414 
3.89014 -0.385878 -0.839705 -0.284485 -0.412135 -0.195129 -0.0514387 0.0244571 -0.267701 -0.311538 0.0289781 0.164561 -0.00766319 4.5281 0.913994 1.12468 -0.49491 -2.79855 0.272623 -0.120982 2.37276 0.467616 0.911133 -1.52978 -0.458987 0.475442 3.81203 2.17422 2.41316 3.2035 0.274478 -0.479873 -0.707058 0.958862 1.88128 -2.15087 -0.532127 -0.444033 0.118802 
3.88221 -0.475889 -0.884071 -0.298705 -0.442247 -0.280432 -0.000195625 0.171377 -0.251935 -0.154563 -0.0287277 0.243971 0.0647974 9.36983 2.25557 1.05832 0.904608 -3.90824 0.666633 -0.965479 1.96966 1.07575 -0.251665 -1.26416 -0.662206 0.819854 9.93679 3.84112 1.54128 3.88233 -2.14641 2.03611 -1.04751 -0.989838 3.54854 -1.76607 0.651633 -2.53908 -0.690882 
3.76032 -0.531206 -0.880298 -0.332465 -0.426238 -0.346542 -0.0296811 0.252595 -0.315431 -0.159327 -0.0965751 0.253796 0.130382 12.3857 3.43952 0.565589 2.00708 -3.99745 0.491986 -1.17696 1.46655 1.91768 -1.18035 -1.11783 -0.655589 0.557216 12.8546 4.31059 -0.900153 2.74264 -3.42331 2.74822 -0.704669 -2.80281 3.6372 -0.628224 1.60569 -2.65656 -0.73839 
3.95563 -0.307747 -0.522195 -0.207916 -0.425885 -0.09695 -0.0336552 0.270202 -0.214623 -0.351895 -0.139561 0.0816239 0.0330955 14.0776 3.80191 -0.069417 2.3724 -4.61003 0.900282 -1.22293 0.992834 3.03926 -1.22406 -0.871104 -1.25925 0.46892 8.4779 1.59675 -4.30551 0.220564 -2.31974 0.84458 -0.568406 -2.72631 1.3648 0.527635 1.74609 -0.321715 0.00883837 
4.90024 -0.0586424 -0.702789 -0.0278856 -0.693432 -0.21321 -0.123563 0.179098 0.0202729 -0.287989 -0.0212421 0.0741547 0.0458885 15.0089 3.76077 -0.732537 2.09937 -4.27076 1.56144 -1.37031 0.387678 3.27284 -1.03143 -0.266777 -1.53164 0.534358 -2.91825 -2.27735 -3.56837 -2.42748 0.97455 -0.347723 0.273655 -0.949007 -1.21155 0.363155 0.403776 1.18754 0.300531 
5.34684 -0.101621 -0.828418 0.0131182 -0.949529 -0.0322004 -0.181503 0.188389 0.0184952 -0.310798 -0.0522923 0.0163205 0.0937554 14.1234 3.70951 -1.30026 1.40327 -3.58338 1.47638 -1.2576 -0.206349 3.2901 -1.33211 0.0523263 -1.50645 0.173393 -10.9601 -3.61704 -1.20699 -3.56789 4.28973 -1.81087 1.02932 0.696615 -1.97774 0.680127 -0.26875 1.82621 0.20201 
5.25168 0.00375126 -0.897523 -0.0858996 -0.815954 -0.143344 -0.0843684 0.128029 0.0369791 -0.296303 -0.0842604 0.049663 0.0874598 11.6661 2.85021 -1.80776 0.266242 -2.47661 0.68428 -0.767178 -0.288331 2.98034 -0.6238 0.128156 -0.976419 0.00267611 -11.2564 -3.19717 1.43074 -2.75746 4.41608 -1.57616 0.755624 1.42939 -1.64162 0.40607 -0.477075 1.04718 -0.251996 
5.35049 -0.0402713 -0.922898 -0.0855558 -0.858744 -0.0727846 -0.182582 0.181797 0.0553648 -0.339061 -0.0472798 0.0511915 0.0971582 6.96533 1.29899 -2.09194 -1.20315 -1.36505 -0.050391 -0.84797 0.322801 2.08874 0.177676 0.0918424 -0.319876 -0.0460492 -7.56073 -1.02979 2.83573 -1.48277 2.81964 -0.922604 0.528232 1.11272 -0.525051 0.608714 -0.361596 0.0143177 -0.972983 
5.44768 -0.0914101 -0.90855 -0.0980442 -0.841683 -0.0782901 -0.192922 0.196298 0.0855506 -0.372808 -0.0517766 0.0446278 0.107952 1.52925 0.252182 -0.151613 -2.26127 0.0739308 0.184284 -0.901942 0.840394 1.51466 0.0509527 -0.15974 -0.2191 -0.621004 -3.46767 0.264562 2.33217 -0.586016 0.231763 -0.347833 -0.434539 0.454607 0.271321 1.08457 0.149345 -0.221304 -1.17111 
5.36226 -0.0276947 -0.938913 -0.17038 -0.779449 -0.142075 -0.127499 0.218983 0.130684 -0.331819 -0.0796312 0.0455738 0.0825442 -0.700527 -0.0679813 1.73053 -2.11766 0.339877 -0.548114 -1.01276 0.534751 1.67221 0.754796 -0.0863257 0.062463 -0.898234 -1.85622 -0.311371 2.75008 0.264269 -1.59762 0.619446 -1.21231 -0.390216 0.109247 0.995713 0.202877 -0.0934733 -0.744271 
5.34723 -0.0276466 -0.8932 -0.234308 -0.728788 -0.198942 -0.116143 0.211975 0.128817 -0.280859 -0.0954696 0.042775 0.0620822 -2.27546 -0.406907 3.16125 -0.861747 -0.580324 -0.495169 -1.37405 -0.396049 1.46933 1.58692 -0.0817962 -0.324441 -0.605483 -2.60203 -0.540334 2.92573 1.76173 -1.98317 0.34379 -1.07363 -1.85123 -0.0600812 1.08399 0.185278 -0.0174653 0.222732 
5.30501 -0.0194198 -0.844368 -0.259102 -0.819238 -0.0815747 -0.251076 0.293881 0.157917 -0.283187 -0.0553817 0.0118218 0.00992047 -7.23473 -0.444374 4.17635 0.202238 -0.00994045 -1.43874 -1.1663 -1.79845 1.7536 2.26477 -0.274323 -0.531256 0.146257 -5.93501 -0.952363 2.45246 3.25631 -0.578322 -1.179 -0.0517288 -3.35349 0.0382297 1.24013 -0.18298 -0.153367 1.8664 
5.2632 -0.0446934 -0.726888 -0.293629 -0.836075 -0.0849864 -0.294752 0.258808 0.229622 -0.305492 -0.0451676 0.0276022 -0.0301439 -8.66656 -0.621102 4.03966 1.7018 0.568339 -1.99309 -1.74298 -2.44144 1.70113 2.19091 -0.575752 -0.462444 0.964703 -6.94957 -0.629718 0.222983 3.98982 1.70991 -2.37605 0.477295 -3.08359 -0.0903782 0.780518 -0.791948 -0.320347 2.9225 
5.21091 -0.10865 -0.566865 -0.23966 -0.897446 -0.178439 -0.261853 0.164031 0.229974 -0.166132 -0.0882192 0.0686299 0.012486 -6.62331 -0.83729 3.37941 2.9264 -0.0228005 -1.29893 -1.78097 -2.32779 1.05461 1.66217 -0.329768 -0.348111 1.14269 -2.28965 0.25954 -2.76174 2.87982 2.37059 -1.07814 0.443427 -0.523141 -0.51772 -0.933354 -0.444194 -0.234081 1.83357 
4.89404 -0.0721187 -0.488703 -0.0657854 -0.924866 -0.199672 -0.286619 -0.00763872 0.194512 -0.0750863 -0.0833719 -0.0275751 0.0867971 -3.76467 -1.17998 2.36779 3.11805 -0.471794 -1.44624 -1.29258 -1.47543 0.996068 1.08235 -0.204424 -0.120793 1.1685 7.63393 0.0125379 -4.23265 -0.0278743 0.704164 0.665494 0.337422 3.25101 -0.623956 -2.47446 0.219057 0.642284 -0.436952 
4.05371 -0.121094 -0.421298 -0.00972018 -0.713022 -0.351739 -0.292056 -0.0990962 0.337196 -0.0728444 -0.100446 -0.0352052 0.207674 -1.52617 -1.06684 1.45398 2.54464 -0.310189 -1.35376 -0.218124 -0.702896 0.0452031 0.31461 0.171038 0.147027 0.446639 15.8183 0.113098 -3.59513 -2.71138 -2.39903 2.80338 0.807395 5.2602 -1.76061 -2.89154 1.29201 1.04352 -3.20312 
4.51257 -0.132092 -0.55847 0.117789 -0.631827 -0.394733 -0.417317 -0.0332334 0.305087 -0.151461 -0.177943 0.010574 0.242281 0.492367 -0.806284 0.403923 1.78057 -0.928644 -0.512772 0.331168 0.79177 -0.727737 -0.452373 0.768021 0.207693 -0.476847 11.0564 0.115577 -0.862015 -4.23813 -3.72424 2.83282 2.05777 4.18409 -1.8457 -1.74631 2.04582 0.738506 -4.09832 
5.05037 -0.100989 -0.616188 0.115495 -0.88878 -0.156212 -0.328404 0.0840411 0.181272 -0.176099 -0.068135 0.0200046 0.104955 2.13433 -0.471592 -0.0418123 0.806296 -1.21358 0.478001 0.799367 1.40756 -1.42201 -1.44581 1.45972 0.286849 -1.48996 -0.172619 0.267143 1.53408 -3.08922 -1.63229 0.911581 1.93015 0.641859 -1.41095 -0.342293 1.45562 0.0904685 -2.4411 
5.26166 -0.214654 -0.592987 0.00106311 -0.94281 -0.306327 -0.31246 0.212299 0.295779 -0.190923 -0.0675663 0.0409125 0.0979226 3.41147 -0.447322 0.293993 0.115622 -1.96947 0.713703 1.66267 1.91056 -2.05394 -1.61458 2.09354 0.207803 -2.30353 -8.9006 0.936034 2.31315 -0.100505 0.36586 0.100676 1.35801 -2.49694 -1.38447 0.567036 1.01839 -0.970835 -0.418414 
5.10027 -0.147495 -0.539194 -0.067432 -0.894327 -0.216359 -0.226376 0.199432 0.116307 -0.266384 0.0177777 0.0533711 -0.0595754 3.37947 -0.144203 1.10706 -0.0688311 -2.89606 0.971057 2.60079 0.89313 -2.91842 -1.11266 2.44549 -0.166827 -2.66435 -9.53074 0.512891 1.93905 1.98491 1.09793 -1.1821 0.729784 -3.8346 -0.229973 1.2887 0.0329136 -1.27434 1.67276 
5.03631 -0.150889 -0.545795 -0.0423842 -1.01766 -0.180294 -0.21656 0.274447 0.121285 -0.259664 0.0513596 0.0429234 -0.0751926 -1.92672 0.0808513 2.47822 -0.239776 -2.12436 0.533623 3.18396 -1.03304 -2.6539 -0.159019 2.69404 -1.02632 -2.46531 -5.01824 0.305576 1.39001 2.11741 1.40204 -1.3555 0.415696 -4.05589 0.101759 1.6664 -0.43487 -1.43039 1.77275 
4.92725 -0.133629 -0.466921 0.00240053 -0.962846 -0.163264 -0.17361 0.0937105 0.042162 -0.282516 0.0889558 0.0355956 -0.068798 -4.40096 0.201119 3.01053 -0.077486 -1.28797 0.566608 2.1416 -2.77895 -2.16845 0.42401 2.25662 -1.32523 -1.64117 -0.628716 0.0292765 0.743222 0.322501 0.299749 -0.0231731 -0.546116 -2.61421 0.904099 1.78403 -0.507593 -1.05133 0.973953 
4.81742 -0.153523 -0.406573 0.0798479 -1.03556 -0.254786 -0.0856723 0.142708 0.0104462 -0.244804 0.161832 -0.0532414 -0.0818628 -5.88222 0.570598 3.04146 0.476147 -0.475584 1.03066 1.20527 -3.68294 -1.91482 1.08327 2.30189 -1.78931 -1.61726 0.370991 -0.00338788 0.0804059 -1.32956 1.15891 0.972148 -2.3682 -1.38171 1.6964 1.25107 -0.583625 -0.293413 0.000564791 
4.78785 -0.140693 -0.344887 0.0689368 -1.07849 -0.241917 0.00803594 -0.0281414 -0.0582489 -0.210608 0.147818 -0.0373485 -0.0851497 -5.59252 0.935488 2.15079 -0.111674 1.25331 0.202442 -0.00793863 -3.52821 -1.19391 1.26924 1.66122 -1.67647 -1.0501 0.0811977 0.771197 -1.42326 -1.98503 2.96104 0.983052 -3.7024 0.87685 1.36873 0.0369635 -0.461027 0.368183 -0.58323 
4.49316 -0.116134 -0.253668 0.0359131 -0.95713 -0.236092 -0.000243821 -0.146131 -0.0175442 -0.13436 0.201109 -0.151471 -0.139269 -6.01027 1.17658 1.62536 -1.01572 3.9141 -0.564875 -0.586193 -2.76335 -2.27323 2.05015 0.812874 -2.04798 -0.463783 0.249252 0.934116 -2.56969 -1.68297 4.54266 -0.779087 -2.98463 3.07823 -0.641876 -0.122029 -1.21709 0.568332 0.4814 
4.73744 -0.127342 -0.250003 -0.0287567 -1.10348 -0.0358332 -0.177094 -0.195153 -0.0108601 -0.144121 0.201876 -0.0976133 -0.11299 -5.43315 1.6171 0.705375 -2.00397 5.62226 -1.06876 -1.83451 -1.31298 -2.72208 2.73422 -0.312199 -2.22841 0.366721 -0.827856 1.13501 -2.44386 -1.24121 6.12685 -3.22245 -0.954488 3.6826 -2.6754 0.683058 -2.14049 -0.283277 1.82141 
4.36965 -0.102731 -0.226089 0.0353108 -0.906199 -0.136493 -0.201674 -0.171746 0.0069671 -0.092432 0.280242 -0.177743 -0.230206 -5.74924 1.83554 -0.0583876 -2.00608 7.23414 -1.92894 -1.66348 -0.989083 -2.91895 2.72579 -1.13801 -1.87669 0.775798 0.0843201 0.582064 -1.56922 -0.482179 4.02046 -3.57528 1.37852 2.49239 -2.99049 1.15638 -2.67911 -0.426107 2.68185 
4.3781 0.0377672 -0.387964 -0.12706 -0.61389 -0.266988 -0.25914 -0.131336 -0.0629236 -0.171306 0.195142 -0.109085 -0.169393 -4.40914 1.9499 -1.24552 -1.25171 7.39946 -3.38977 -0.802977 -0.375977 -2.97353 2.37379 -1.69155 -1.49595 1.02136 1.48198 -0.390976 -0.418896 1.53681 -0.500435 -2.39128 3.16179 -0.270328 -1.05107 0.875904 -1.78083 -0.0527535 1.50218 
4.18208 -0.0140259 -0.312637 -0.152526 -0.359289 -0.354387 -0.194677 -0.0486252 -0.378315 0.076657 0.102219 -0.283244 -0.0345609 -3.48843 1.75871 -1.45415 -0.80408 6.40631 -3.68506 0.355761 -0.397367 -2.97738 2.22128 -1.77556 -1.13215 1.19283 2.68759 -0.664843 -0.0431529 2.49644 -4.79782 -0.174992 3.14615 -2.45607 2.53998 -1.0832 0.380983 1.17856 -0.825039 
4.28121 0.0734425 -0.346386 -0.226163 -0.309519 -0.368118 -0.366538 -0.0330336 -0.350578 0.12981 0.0121703 -0.306568 0.0522617 -2.86318 1.66915 -1.72801 -0.186518 5.50627 -4.2181 1.54116 -1.03957 -2.24766 2.20754 -1.59159 -1.12199 0.852635 3.18188 -0.939481 -0.15067 2.49083 -6.26309 1.28639 2.67225 -2.92839 3.71568 -1.96898 2.08377 1.63768 -2.44863 
4.00546 0.0524282 -0.356071 -0.0815529 -0.225073 -0.525434 -0.102883 -0.165601 -0.306643 0.0826165 0.0301936 -0.251746 -0.029225 -0.287254 1.16291 -1.63785 -0.0667725 3.27664 -3.02592 1.44866 -1.51551 -1.39024 1.91678 -1.23927 -0.572635 0.57101 3.4644 -0.623273 -0.0882521 0.456464 -4.56224 2.44229 -0.317922 -1.16715 2.87287 -1.18989 2.35917 0.852375 -2.25639 
4.32634 0.097791 -0.509635 -0.0102301 -0.311377 -0.651738 -0.0227556 -0.219373 -0.318629 0.040867 -0.00752379 -0.205277 -0.0438787 3.202 -0.30465 -1.50472 1.27171 0.264437 -1.56331 0.705607 -1.54089 0.909783 0.787794 -0.475145 0.429277 -0.296782 4.51254 -1.38888 0.19179 -0.730906 -2.4592 3.27758 -3.15575 0.993785 2.29463 -0.898361 1.40579 0.836817 -0.974995 
4.13569 0.0681947 -0.367884 -0.0957945 -0.366283 -0.475676 -0.0496029 -0.254956 -0.302343 0.119416 0.0850356 -0.267389 -0.0487981 6.45539 -1.24164 -1.4225 2.67176 -4.04071 0.0695644 0.400217 -0.985754 2.20487 -0.625608 0.740711 1.32793 -0.917443 6.82718 -2.45198 0.234382 1.08047 -3.8195 2.87212 -3.35924 2.76897 1.21391 -1.07895 0.531868 0.98322 0.204867 
4.26714 0.115127 -0.503966 -0.0532155 -0.316656 -0.600834 -0.0469985 -0.319375 -0.230857 0.141302 0.0697225 -0.270655 -0.0999774 8.28321 -2.47082 -0.486615 3.4968 -7.05161 1.73916 0.26608 -0.296705 1.83346 -0.748856 1.54666 1.22663 -1.00211 6.59357 -3.0439 1.37171 2.7313 -6.84127 3.28224 -1.88972 2.96894 0.283359 -1.50762 0.65271 0.989038 0.784259 
4.39296 0.08278 -0.480114 -0.119114 -0.306001 -0.51104 -0.157099 -0.259845 -0.260617 0.153163 0.0780031 -0.232975 -0.108361 9.70645 -3.10609 0.618711 3.2439 -8.7363 3.18419 -0.654474 0.19893 1.5816 -0.499581 1.58057 0.821355 -0.546532 2.80049 -2.35631 2.29983 3.16693 -7.18928 2.19521 1.34259 1.03051 -0.830071 -0.862981 0.793669 -0.0609812 0.670919 
4.99491 -0.135783 -0.556793 0.0828957 -0.548875 -0.436408 -0.284012 -0.192635 0.015313 -0.0466823 0.0520308 -0.0535135 -0.107225 8.75392 -3.50433 1.80074 3.07006 -8.89191 3.6685 -0.340425 -0.0999386 1.47642 -0.491421 1.3412 0.501427 -0.266529 -3.4046 0.125128 2.9703 0.0591756 -2.70924 0.748442 2.95258 -1.47287 -2.47816 1.16041 0.211865 -1.93914 0.600603 
5.0817 -0.187026 -0.449852 0.313147 -1.14816 -0.305702 -0.123349 -0.10324 -0.146472 -0.0077573 0.214285 -0.134093 -0.0907137 8.13694 -3.39112 2.27215 2.91395 -8.46301 3.35277 0.307663 -0.587606 1.0385 -0.755504 0.658606 0.315714 0.0356306 -7.29052 1.74315 2.31063 -3.56082 5.02752 -0.841251 1.87961 -3.29196 -1.37806 1.6199 -1.44938 -2.07076 0.397756 
5.14623 -0.25153 -0.346068 0.311279 -1.27642 -0.19695 -0.127166 -0.166127 -0.189743 0.0457149 0.232747 -0.172637 -0.105585 5.71197 -3.04306 3.11182 2.11726 -7.40365 3.56206 0.785801 -1.16102 0.494949 -0.617857 0.259803 -0.186125 0.404164 -6.96911 2.47518 0.256991 -4.20715 8.67747 -2.22172 0.558108 -2.85217 -0.0767669 0.662681 -2.41217 -1.06916 0.34831 
5.16221 -0.271764 -0.269878 0.249793 -1.23637 -0.196572 -0.0920674 -0.263345 -0.147386 0.0646683 0.184932 -0.19182 -0.0968088 2.93596 -2.15466 3.10747 1.19746 -5.07617 2.63239 1.42466 -2.04483 0.140046 -0.234379 -0.197959 -0.800418 0.523046 -4.45845 1.83157 -1.14669 -2.7082 7.34834 -1.85044 -0.681091 -0.898054 0.339277 -0.380821 -1.81855 0.0404588 0.316557 
5.13321 -0.272543 -0.219469 0.207781 -1.19136 -0.197219 -0.0443672 -0.35384 -0.114837 0.0470965 0.137271 -0.210326 -0.0761111 -0.0647545 -1.00947 2.77471 -0.180849 -2.00784 1.94764 1.33843 -2.55462 -0.44785 0.391052 -0.646073 -1.2987 0.620743 -1.41991 0.783202 -1.99919 -0.207639 3.30634 -0.96602 -1.19278 0.883212 0.345474 -0.667011 -0.457211 0.603011 0.184806 
5.09793 -0.282624 -0.171018 0.195395 -1.17893 -0.157294 -0.046388 -0.380885 -0.135085 0.0223427 0.100383 -0.224503 -0.0639764 -0.74387 -0.607669 1.70437 -0.819933 0.706065 1.26899 0.480876 -2.54653 0.270122 0.117336 -1.3394 -0.80169 0.695151 -0.359751 0.376655 -1.92728 1.09475 0.060183 -0.309304 -0.807876 1.52725 -0.294297 0.122419 0.726464 0.359342 0.0584714 
5.07714 -0.282021 -0.171488 0.193614 -1.16957 -0.122505 -0.0612246 -0.398222 -0.135966 0.0199573 0.0826069 -0.230702 -0.0462582 -1.26206 -0.286901 0.8025 -0.377635 0.999871 1.03015 0.0306267 -1.71607 0.235541 -0.0912155 -1.20033 -0.525758 0.745968 0.0666065 0.108749 -1.48523 1.06655 -0.624965 0.00636788 -0.888234 1.33083 -0.19767 0.454342 0.781072 0.346149 -0.116262 
5.06043 -0.293155 -0.16329 0.181962 -1.1154 -0.162508 -0.0272046 -0.431112 -0.136566 0.0291929 0.0864016 -0.24556 -0.0440617 -1.7352 -0.09981 0.0945297 0.228012 0.717071 1.23783 -0.586804 -0.753928 -0.181439 -0.129058 -0.795379 -0.274371 0.582939 -0.331322 0.204577 -1.02013 0.841514 -0.674625 0.357304 -1.03516 1.25745 -0.145815 0.189672 0.42713 0.478993 -0.214897 
5.04529 -0.290594 -0.190041 0.208504 -1.14319 -0.103936 -0.0659043 -0.439954 -0.134042 0.0468282 0.0826324 -0.257385 -0.0248999 -2.36316 0.21995 -0.610821 0.672269 0.63975 1.3689 -1.22943 0.153899 -0.567325 -0.201245 -0.30072 -0.0934186 0.199 -1.29176 0.5042 -0.67882 0.563625 -0.168722 0.355781 -1.00297 1.38831 -0.525258 -0.403636 0.392716 0.481417 -0.574583 
5.03634 -0.296581 -0.206069 0.222702 -1.1375 -0.0939262 -0.0772933 -0.439524 -0.120844 0.0452642 0.054953 -0.23899 -0.0112764 -4.21362 0.995127 -0.905799 -0.0892692 1.85181 1.25132 -1.5377 0.345775 -0.123766 -0.8795 -0.06952 0.143566 -0.0824047 -3.22493 1.23631 -0.349564 -0.653412 1.4344 0.231007 -0.884132 1.0264 -0.294338 -1.28408 0.50927 0.350984 -0.840783 
4.97845 -0.292985 -0.209945 0.240185 -1.14057 -0.0617347 -0.124618 -0.407397 -0.140791 0.0358858 0.0609625 -0.239906 -0.0138262 -6.29278 2.08189 -1.26676 -1.14963 3.92685 0.0407766 -1.28029 0.676744 -0.556395 -1.23905 -0.115244 0.337192 -0.282965 -4.79669 2.21079 -0.445263 -2.33588 4.06816 -1.37687 0.121382 0.326519 -0.179804 -1.49195 0.267816 0.265477 -0.711882 
4.88323 -0.272264 -0.231225 0.265117 -1.1225 -0.0250541 -0.161958 -0.371907 -0.180881 0.0226333 0.0660267 -0.224314 -0.0294773 -7.81995 2.90256 -1.35717 -2.12815 5.44769 -1.02516 -0.859498 0.837464 -0.882349 -1.33238 -0.255012 0.408974 -0.336758 -4.67138 2.46585 -0.272693 -3.46535 5.47351 -3.16772 1.42501 -0.432917 -0.109424 -0.834563 -0.233652 0.0515923 -0.171781 
4.7588 -0.218987 -0.297096 0.290086 -1.08272 -0.00170268 -0.220829 -0.315408 -0.223839 -0.0154148 0.106542 -0.230863 -0.0766477 -8.78632 3.36623 -1.06575 -3.16348 6.79525 -2.37097 -0.0767668 0.827312 -1.14799 -1.15616 -0.372843 0.393396 -0.416332 -2.47803 1.56256 0.350673 -3.20627 4.37712 -3.9222 2.3587 -0.759544 -0.329745 0.591268 -0.826548 -0.0746486 0.492298 
4.38858 -0.0909652 -0.264319 0.0512256 -0.778222 -0.0143426 -0.229056 -0.394293 -0.0762767 -0.164988 0.0806563 -0.203483 -0.071846 -9.34207 3.67735 -0.586832 -3.91415 7.44118 -3.48329 0.467374 0.868704 -1.24804 -0.668887 -0.516095 0.25726 -0.362686 1.26186 -0.210955 0.944396 -0.872025 0.462766 -3.20715 2.14027 -0.0351147 -1.02298 2.27868 -0.807701 -0.303204 0.62844 
4.18935 0.0449274 -0.352591 -0.0471366 -0.474728 -0.291769 -0.131281 -0.335827 -0.260374 -0.107391 0.0433816 -0.194891 -0.0657369 -9.28949 3.54011 0.395499 -4.38913 7.08878 -3.67701 0.445639 0.881408 -0.743677 -0.434812 -0.246434 0.23534 -0.375238 3.1758 -1.7913 2.22383 0.955437 -3.77169 0.197427 0.100295 0.389331 0.346877 1.92393 0.188571 -0.342378 0.213767 
4.12618 0.0595384 -0.329757 -0.085084 -0.448928 -0.332722 -0.0931123 -0.345454 -0.263926 -0.0702857 0.0278402 -0.210201 -0.0516332 -9.39637 2.92671 1.77695 -4.34457 5.91963 -3.15501 0.673498 1.25333 -0.0646419 0.287482 -0.141666 0.187325 -0.369329 1.95079 -2.13756 2.96534 1.67378 -5.21668 2.94128 -1.39302 1.04957 1.61211 1.00323 1.00733 -0.088976 -0.374527 
4.04954 0.0695927 -0.284115 -0.154393 -0.379802 -0.405242 -0.0531254 -0.333867 -0.280087 -0.0370047 0.0148892 -0.208342 -0.0621678 -9.72785 1.32949 2.37581 -3.85894 4.55922 -2.08898 0.792978 2.04695 0.559427 0.796606 -0.0929118 0.861004 0.351863 -1.11183 -2.41385 2.22287 1.47004 -4.16049 4.44883 -1.71486 1.65511 2.48899 -0.128838 1.21028 0.795898 0.0876971 
3.91839 0.118943 -0.23401 -0.200495 -0.336575 -0.480768 -0.0708787 -0.285617 -0.277725 0.00216378 -0.00463236 -0.214397 -0.0573416 -9.17797 -1.09898 1.81818 -2.37528 3.41897 -0.386297 0.664478 3.18927 0.806487 0.952383 0.213679 0.823707 0.142615 -2.99842 -3.48989 -0.174265 1.12883 -0.900115 4.30532 -0.477683 1.90244 2.13491 -0.926073 0.674497 1.13304 0.381412 
3.79994 0.116722 -0.0991123 -0.251571 -0.391609 -0.357838 -0.199355 -0.254742 -0.179041 -0.0703457 0.111379 -0.198089 -0.0990307 -7.46146 -2.15646 0.946687 -1.89909 2.68548 0.809903 0.84128 3.38231 1.42517 0.737389 0.673622 0.89887 -0.277775 -0.325295 -3.40394 -3.67083 1.16766 1.77191 1.45081 1.75855 1.5753 -0.113543 -0.247504 -0.211017 0.714966 0.225379 
3.52334 0.0965118 0.0322511 -0.262108 -0.405486 -0.285125 -0.108317 -0.158902 -0.124988 0.0345298 0.0767501 -0.193244 -0.113167 -5.30884 -2.50668 -0.468061 -0.894946 2.2968 0.750615 1.49192 3.13282 1.11918 0.65819 0.742524 0.677621 -0.613534 5.41779 -1.95032 -5.54713 1.57659 1.69925 -1.16604 2.39542 -0.336548 -1.63656 -0.192491 -0.28563 -0.458865 -0.569276 
3.22243 -0.0779701 -0.0762467 -0.308577 -0.292118 -0.250815 -0.0846604 -0.0357167 -0.0846655 -0.00253638 0.0603632 -0.0206441 0.0603826 -0.4972 -3.95336 -1.90274 0.0713242 0.828101 2.03817 0.649977 1.76687 0.921385 0.194448 0.517794 0.828858 -0.38872 12.1647 -0.210542 -4.27094 1.88128 -1.33293 -1.43923 0.64319 -3.238 -2.09554 -0.11545 -0.296657 -1.51493 -1.40167 
3.18311 -0.303805 -0.244286 -0.233707 -0.0792068 -0.177282 -0.0537428 0.0648843 -0.101167 -0.0496053 0.0727626 -0.139284 -0.0907993 6.78776 -5.72894 -2.99935 -0.632158 -0.766043 2.05538 0.167308 1.09944 0.913727 0.23275 0.335142 1.04688 0.479037 16.707 -0.0280429 -1.08902 0.0800152 -5.45337 -0.599528 -2.05327 -4.29108 -0.80998 0.0807071 -0.316263 -0.453178 0.579025 
3.54362 -0.142291 -0.350522 -0.317946 -0.107264 -0.331998 0.0746386 0.0212436 -0.162045 0.0361205 0.135013 -0.122499 -0.153125 12.4111 -6.30061 -2.94032 -0.54002 -2.50109 0.619305 0.0529042 0.4093 0.695579 0.530896 0.186459 1.5322 1.22154 14.4635 -2.08187 2.48893 -1.00163 -6.99916 0.60578 -3.86132 -2.77982 1.08116 -0.164236 -0.22577 1.15987 2.59311 
3.69044 -0.148172 -0.397545 -0.155299 -0.232688 -0.3785 0.146802 -0.0585895 -0.184535 0.04835 0.097435 -0.187096 -0.159923 14.5741 -5.91663 -2.64838 0.255207 -3.5987 -0.16107 0.0679546 -0.264296 0.399617 -0.098349 0.151079 1.84349 1.33149 5.78827 -2.2073 3.76817 -1.3015 -4.24814 -0.0945973 -2.14231 0.212083 1.51144 -0.271022 -0.206401 2.45851 2.94568 
4.30942 -0.488826 -0.442308 -0.144372 -0.474435 -0.0122818 -0.204532 -0.25636 -0.134086 -0.0552318 0.056967 -0.0728887 -0.0609565 14.7975 -3.36281 -1.26211 1.55484 -4.52973 -0.614657 -0.437876 -0.500224 0.539066 -0.391134 -0.309469 1.47693 1.16056 -6.45123 2.43844 3.08099 1.06644 0.819063 -2.76546 1.48263 2.85925 0.651002 -0.530541 -0.308761 1.39417 1.02232 
5.06937 -0.720709 -0.442985 -0.489996 -0.598579 -0.159106 -0.192553 -0.07394 -0.0338902 0.0324414 0.0909572 -0.0241881 0.110617 16.1672 -1.02139 -1.28525 2.64851 -6.04409 -0.801619 -1.58556 0.466137 1.28212 -0.995858 -0.490845 1.89356 1.4237 -11.4056 7.55551 0.194092 5.18267 2.99803 -2.22066 1.87539 2.88049 -0.275416 -1.52681 -0.541251 -0.758654 -2.3743 
5.07286 -0.678996 -0.256419 -0.317365 -0.742534 -0.366488 -0.113152 -0.0749483 -0.0279168 0.0658034 0.142868 0.0962434 0.116467 14.9877 0.140955 -1.55876 3.44181 -6.16269 -0.793808 -2.02077 1.7029 2.21183 -2.03295 -0.319225 1.76064 1.17835 -6.10004 8.7115 -3.02507 4.64573 1.8881 -0.34294 0.163486 2.13055 0.26309 -2.09532 -0.334927 -2.15638 -3.1852 
4.64446 -0.636789 -0.372419 -0.106964 -0.61587 -0.327654 0.0692384 -0.056739 -0.108273 -0.0594975 0.0630553 0.110011 0.0538936 13.1304 1.95852 -2.18937 3.36416 -5.12425 -1.0963 -1.48252 2.49786 2.39386 -2.81254 0.0950854 1.57705 0.657567 2.80816 4.84314 -3.6378 1.2685 -0.733771 1.27527 -2.04599 0.884995 1.39625 -1.88976 0.618878 -1.92217 -1.76376 
4.71645 -0.257448 -0.331367 0.0684606 -0.612945 -0.329303 -0.107631 -0.0176215 -0.0492944 -0.103765 -0.0120318 0.0115185 0.0395712 9.67326 3.91503 -3.003 3.77592 -3.6473 -1.2114 -0.433865 2.70889 1.79905 -3.29741 0.119042 0.869277 0.0542912 5.3778 -1.70494 -2.83916 -2.94093 -1.03614 2.4021 -1.35787 -0.59252 0.831007 -1.34432 1.28759 -0.23487 0.320127 
5.67741 -0.180933 -0.639 0.157696 -0.952353 -0.316579 -0.297494 0.164289 0.0701259 -0.169991 0.0560493 0.0427567 -0.0306611 7.39157 4.22022 -3.63647 3.46481 -1.98795 0.090493 -0.609991 1.42711 1.42661 -3.78056 -0.195269 0.414705 -0.341005 -2.08985 -4.51273 0.381951 -5.28986 2.76942 1.41461 1.59602 -2.25073 -0.890642 0.0380177 0.505342 0.417564 1.70334 
5.70303 -0.21915 -0.632232 0.105587 -1.03461 -0.376243 -0.211229 0.156139 0.176116 -0.26111 0.12772 0.0695186 0.00843345 7.25438 3.31386 -4.22402 1.26357 -0.499277 0.961458 -0.809992 0.604435 1.63655 -3.46064 -0.335945 -0.0890574 0.183751 -8.11382 -3.43764 1.80268 -3.86907 5.54199 0.95222 2.33846 -3.20048 -2.08786 1.26158 -0.895244 0.211635 1.39568 
5.71291 -0.236073 -0.685701 0.0779685 -0.949131 -0.310165 -0.167715 0.123055 0.134615 -0.356768 0.12432 0.0880706 0.042289 6.03433 2.38085 -3.75335 -0.488957 0.250299 1.4335 -1.29263 -0.0975884 1.71335 -2.32161 -0.486396 -0.0836601 0.745371 -9.42896 -0.89932 1.50338 -1.98207 5.29023 0.800662 0.875339 -2.43754 -1.29854 2.31058 -1.88525 -0.570862 0.565802 
5.67176 -0.217432 -0.756471 0.0959944 -0.893189 -0.19973 -0.190905 0.102314 0.04268 -0.396597 0.0710307 0.0904126 0.0790177 1.30265 1.40916 -3.12687 -1.99558 1.87044 1.98466 -0.760754 -1.23057 1.28873 -1.1744 -0.605727 -0.263354 0.555643 -6.54518 1.49631 1.14028 -1.03663 2.50907 0.364246 -1.37267 -1.18538 0.632815 3.01124 -1.24587 -1.23919 -0.566459 
5.68721 -0.221759 -0.745207 -0.0355618 -0.71053 -0.258561 -0.14236 0.0165537 0.0920177 -0.377928 0.0304475 0.0803315 0.0670392 -5.74022 1.95087 -1.34508 -2.74423 3.88571 1.76968 -0.639097 -2.70793 0.479098 0.226768 -0.495479 -1.25472 -0.0951138 -5.47835 2.05632 0.855603 -0.330447 -0.676872 0.115651 -2.28838 -0.369798 0.810859 2.84111 0.6357 -1.54133 -1.74424 
5.61786 -0.168027 -0.808607 -0.0488583 -0.657041 -0.244334 -0.147759 -0.0284682 0.168894 -0.367424 0.0247388 0.0454634 0.114584 -9.43809 2.72508 -0.130372 -2.70525 5.15581 0.791548 -1.02422 -3.41686 -1.00761 2.0939 0.383659 -2.0206 -1.68052 -7.96701 1.51841 2.52864 -0.267368 -0.261169 -1.36402 -1.00481 -0.980284 -1.47901 2.72161 2.58073 -1.58728 -3.12314 
5.4799 -0.0886585 -0.868664 -0.0421872 -0.676489 -0.106144 -0.306471 0.0143228 0.178836 -0.304314 -0.0591483 0.0396267 0.11748 -12.9494 3.14712 1.29655 -3.07946 5.77259 -0.0127025 -1.28092 -3.40026 -1.58202 3.26321 0.910963 -2.36028 -2.82831 -8.69504 0.521001 3.72781 -0.434583 1.80075 -2.69736 0.827728 -1.32889 -3.53111 2.0196 3.16522 -1.1487 -3.47582 
5.23925 -0.00350343 -0.837772 -0.174917 -0.600666 -0.0698193 -0.32916 -0.0938602 0.205617 -0.238174 -0.00210624 -0.0380103 0.00811285 -16.1622 2.47528 2.6222 -3.48384 6.03263 -1.13875 -1.29051 -2.7631 -2.11073 4.38222 1.61671 -2.24146 -3.42206 -6.87281 -1.28442 3.55668 -0.257001 2.6057 -3.1835 1.4407 0.240544 -3.74456 1.56345 1.88402 0.233499 -1.90923 
4.72017 0.0589912 -0.716598 -0.221692 -0.50174 -0.194836 -0.310228 -0.238132 0.114111 -0.16402 0.132857 -0.154817 -0.100686 -19.0218 0.742316 3.77633 -2.543 5.81164 -1.33315 0.268449 -1.39826 -3.12374 4.54025 1.55757 -2.0859 -2.82772 -2.81295 -3.72109 2.15091 0.405862 1.53117 -1.56769 2.49847 2.97588 -1.62121 0.459755 -0.851024 1.58516 1.27689 
4.35615 0.100582 -0.570137 -0.208869 -0.235972 -0.367913 -0.250243 -0.32854 -0.163582 0.0201911 0.2762 -0.179077 -0.281623 -18.938 -0.57834 4.56421 -2.37904 5.30711 -2.13978 1.39283 -0.715774 -3.97838 3.5857 0.817741 -1.65345 -1.91613 1.79103 -4.62802 0.00224066 1.04573 -2.00871 0.603262 2.4618 4.31099 1.09257 -2.00011 -3.43716 1.88834 4.56004 
4.04044 0.130689 -0.508327 -0.338669 -0.117385 -0.262695 -0.314156 -0.260178 -0.126422 0.00717655 0.153691 -0.16144 -0.283828 -15.6275 -2.15201 4.738 -1.75889 4.02538 -1.91781 2.29255 -0.515229 -3.54277 2.0647 -0.128962 -0.81268 -0.739644 7.26739 -4.05185 -1.25114 2.02887 -4.88451 1.7666 2.05104 2.55702 2.03223 -3.73869 -3.73984 1.57952 4.99478 
3.68708 -0.0341666 -0.435832 -0.422753 -0.0841132 -0.397354 -0.332503 -0.167762 -0.138755 0.181249 0.209044 -0.127741 -0.2607 -7.39462 -3.71343 3.79463 -1.22533 1.93785 -0.980889 2.61918 0.981858 -1.20866 1.58829 -1.17656 0.246641 0.589681 15.369 -1.83517 -2.08146 1.66418 -5.72472 2.57129 1.06455 0.0989019 3.70601 -3.93685 -2.56788 1.04611 2.97209 
3.32035 -0.272271 -0.327783 -0.234163 -0.0580415 -0.324285 0.0474233 -0.0326207 -0.213251 0.125294 0.105614 -0.175441 -0.0853394 -1.39033 -3.77305 2.11615 -0.916231 0.727316 -0.189109 1.54378 2.18501 0.756745 0.276121 -1.91675 1.52167 1.62577 18.4198 1.37935 -2.992 0.0832495 -3.79563 1.50551 -2.72822 -1.10203 4.56796 -2.1965 -0.0580094 1.51522 -0.212958 
3.44905 -0.177495 -0.326252 -0.346475 -0.148466 -0.434941 -0.0623184 -0.129742 -0.299318 -0.0457166 -0.00518114 -0.160076 -0.0321404 3.06715 -1.57798 -0.0402424 -1.29715 -0.3066 0.281504 0.0220926 2.37508 2.38662 -0.770899 -2.49688 1.66976 2.13277 13.4504 4.29988 -3.84049 -0.947964 -0.0578075 0.714613 -4.48809 0.0256907 4.14439 0.469224 1.46438 1.35392 -2.04112 
3.78285 -0.296848 -0.295788 -0.293533 -0.269109 -0.23967 -0.0917251 -0.230524 -0.170682 -0.117405 -0.0586721 -0.0745157 -0.050145 8.4419 1.06731 -2.88886 -1.23601 -0.801849 -0.160716 -1.71362 1.52379 3.66151 -1.0156 -1.57516 1.55211 1.37718 4.7476 7.11017 -5.37301 -1.86934 2.41388 -1.14558 -5.3163 0.878421 2.61185 1.37988 1.91318 0.174085 -2.10034 
4.72716 -0.425202 -0.3718 -0.384692 -0.349266 -0.232504 -0.0226001 -0.0103905 0.206621 0.127361 0.000109795 -0.0425761 -0.0567365 10.2834 3.52695 -4.40937 -1.95564 -0.536616 -0.24829 -3.56793 1.07454 4.61943 -0.989723 -1.20516 1.24904 0.526725 -6.08299 7.25178 -4.55324 -1.46644 2.8546 -2.27682 -4.36261 -0.401565 -0.622976 0.562452 1.40091 -1.27263 -1.42583 
4.28263 -0.240333 -0.469978 -0.36052 -0.14299 -0.345785 -0.273776 0.0451755 0.0879161 -0.0563351 0.0204741 0.0878459 -0.0368898 8.81667 5.03596 -4.44691 -2.87292 0.314922 -0.557015 -5.49602 0.83168 4.64929 0.0298493 -0.661845 0.837621 -0.408821 -8.02075 3.43403 -1.03001 -0.794146 1.07116 -1.11309 -1.07005 -1.40722 -1.60749 0.797688 0.233426 -2.60675 -0.68628 
4.30562 0.186017 -0.648974 -0.520956 -0.108075 -0.338798 -0.395169 0.00700415 0.0889895 -0.0372816 -0.102568 -0.0164165 -0.0444147 4.28118 4.96276 -3.49981 -2.45084 1.60524 -0.557894 -5.2097 1.29918 3.47398 0.606604 -0.244506 0.288602 -0.325102 -8.06378 -2.34617 3.74266 0.354631 0.126486 0.0161175 1.0203 -1.19324 -2.45412 0.557077 0.0267944 -1.69146 0.0461797 
4.88634 0.278335 -0.988202 -0.501287 -0.207202 -0.386651 -0.544891 -0.0790398 0.34108 -0.035281 0.0348564 -0.0179235 -0.119824 1.89017 5.25854 -3.72025 -2.35878 2.29727 -1.80947 -5.18072 1.01126 1.99745 0.595696 0.150122 -0.254467 -0.0240814 -6.50401 -5.37956 5.97961 1.18103 0.53973 0.656115 2.58691 0.0576824 -3.15643 0.601865 -0.220314 -0.390844 0.974711 
4.5302 0.238731 -0.837953 -0.607332 -0.158122 -0.434195 -0.568311 -0.00160902 0.34155 0.0347639 -0.0102717 -0.0460398 -0.100332 -1.30821 3.69561 -2.33722 -2.01274 2.41624 -1.64118 -5.47725 1.14542 0.223397 0.468523 0.235878 -0.574967 0.473658 -1.32204 -5.13069 3.64001 1.46868 0.7991 0.198173 1.6 1.61027 -2.77191 0.413612 0.549833 0.609691 1.51595 
4.26729 0.234153 -0.640236 -0.618809 -0.0633199 -0.364035 -0.627363 -0.000890887 0.241948 0.0724942 -0.077124 -0.0863987 -0.104642 -0.12871 1.78079 -1.09469 -1.55144 2.1312 -1.30105 -3.84592 0.995116 -0.010794 0.808464 0.365751 -0.704223 0.771784 1.83673 -2.27614 -0.334471 1.20283 0.666873 -0.724893 0.445189 1.19928 -1.84883 -0.778716 0.974205 1.06552 1.37639 
4.10356 0.20331 -0.580237 -0.568716 0.0189842 -0.37008 -0.62238 0.0494916 0.12895 0.00454507 -0.0508736 -0.0508393 -0.0300119 -0.848763 -0.662046 0.289816 -1.00076 2.0569 -1.55631 -3.44914 1.42866 -0.603835 1.06093 0.577656 -0.16005 1.10765 4.23946 -0.553439 -1.97235 0.0678934 -0.662687 -0.72841 -0.251654 0.199643 0.2641 0.0220867 0.459631 0.411661 0.350322 
4.67462 0.295981 -0.93715 -0.594473 0.00169908 -0.555882 -0.716991 0.00256755 0.246778 0.041205 0.042821 -0.0374069 -0.0283535 -3.53856 -1.72863 1.76686 -0.340288 2.09922 -1.24795 -2.0231 1.95106 -1.19723 0.439564 -0.195785 0.0803618 1.59724 -0.796829 -1.38166 0.879919 0.424658 -1.24964 0.498481 1.2474 -0.114621 1.09514 -0.250394 -0.721154 0.176788 -0.220062 
4.36192 0.098865 -0.727086 -0.659152 0.0467774 -0.47524 -0.925279 0.267139 0.148126 0.123479 0.0444669 -0.058048 0.0442788 -4.00887 -1.90731 2.12435 0.280295 0.837373 -0.539436 -0.0251113 1.19871 -0.9634 -0.734478 -0.39147 0.678185 1.07554 -5.81793 -1.08489 3.34075 0.948001 -1.88064 1.32426 4.5136 -1.48483 0.944516 -1.45222 -1.87474 0.497512 -0.973514 
4.42076 0.270261 -0.775021 -0.607794 0.124944 -0.500129 -0.738107 0.0452748 0.141166 -0.00547811 0.00780382 -0.0460445 0.0262206 -5.34466 -2.48681 2.19644 0.79655 0.516721 0.337837 1.95879 0.825186 -0.973743 -1.99685 -1.361 1.02041 0.687366 -8.13813 -1.65367 3.89419 1.45963 -1.59113 2.58552 5.41083 -0.916255 -0.247641 -2.55801 -2.4656 0.794079 -1.12121 
4.42493 0.0810367 -0.717611 -0.67144 0.0383367 -0.574282 -0.911652 0.135695 0.183471 0.169063 0.00477984 -0.0415822 0.0315872 -7.46075 -3.08004 1.98287 1.40962 0.773133 1.20023 3.83953 1.19616 -0.924658 -2.41236 -1.62886 1.01691 0.597206 -6.106 -0.682641 0.662067 1.95764 0.176724 2.7655 5.76919 -0.186762 -1.12427 -3.44595 -1.39036 0.81937 -0.553496 
3.93933 -0.0274939 -0.532638 -0.521176 0.0691799 -0.499235 -0.662063 0.228252 0.205928 -0.016862 -0.0916774 -0.0195512 0.0965419 -10.1521 -3.66656 2.22172 2.13953 0.736493 1.62117 4.67222 1.03689 -0.805604 -2.77759 -1.6297 1.05056 0.664404 -0.109479 0.0279951 -3.6383 1.02598 1.18279 0.907805 1.69988 0.224142 -0.558086 -1.09344 0.72023 0.164202 0.0062403 
3.67674 0.0257045 -0.35941 -0.55579 -0.0886411 -0.379491 -0.398649 0.0724329 0.126858 -0.152427 -0.116297 0.0709016 -0.0267764 -9.79184 -3.82395 0.44786 2.31077 0.3436 1.29275 5.22735 0.513205 -0.732412 -3.32051 -1.53256 0.967623 0.609771 2.59282 -0.692099 -5.42122 0.22904 1.70349 -1.1537 -2.59121 1.30905 0.161853 1.19509 1.81344 -0.915524 1.19313 
3.60313 -0.0881508 -0.461371 -0.462942 0.114949 -0.27608 -0.336335 0.108218 0.0116697 -0.291352 -0.291136 0.0643542 0.00549831 -10.3796 -4.50236 -0.0969093 1.89441 -0.339229 1.37415 4.44986 0.973728 -1.21781 -3.42732 -1.48749 0.886555 0.842003 3.05971 -0.329513 -3.87414 -1.0496 -0.839225 -2.57344 -4.00723 0.0731811 0.828519 1.93752 2.00686 -0.986754 1.03159 
3.50494 -0.167583 -0.685788 -0.388294 0.20898 -0.327972 -0.230315 0.320903 0.06856 -0.208329 -0.102368 0.05597 0.111848 -9.37692 -3.60778 -0.496204 1.64805 -0.650438 1.22776 3.81579 -0.139516 -1.65778 -3.61967 -1.30454 0.877866 0.844981 1.68911 -0.0395049 0.588572 -1.96947 -3.18039 -1.73966 -3.96639 -1.83382 -0.0766087 0.936473 -0.0552559 -0.368766 0.0148194 
3.37518 -0.227785 -0.659069 -0.364071 0.100912 -0.421764 -0.399294 0.205811 0.183953 -0.181025 -0.0747396 0.0563992 0.112023 -7.06473 -3.07392 -0.784125 0.755505 -1.08584 1.0353 2.08141 -0.726991 -1.38953 -2.08871 -0.475357 0.806282 0.557641 0.511994 1.18006 3.49977 -1.75339 -2.74574 0.713479 -0.889745 -2.29015 -1.08337 -0.132422 -0.966547 0.459137 -0.884606 
3.24219 -0.344113 -0.735814 -0.420383 0.0539371 -0.38977 -0.294652 0.212443 0.0389528 -0.317669 -0.173328 0.0372724 0.115001 -6.13632 -2.88621 -0.377535 0.211462 -1.38648 0.841917 1.1891 -0.783243 -1.31172 -0.749147 0.493111 0.492538 0.383928 1.25196 2.26021 4.01861 -1.16242 -1.17443 1.9066 0.461168 -2.10894 -0.728717 1.20863 0.492297 0.745465 -1.65727 
3.03793 -0.387999 -0.640786 -0.44291 -0.0618351 -0.346591 -0.261859 0.180249 -0.0293374 -0.4012 -0.24244 0.0822111 0.131765 -6.04568 -2.50054 0.695407 0.0638687 -1.99952 0.532959 0.859575 -1.22427 -0.915628 0.283332 1.28899 0.514222 -0.338781 2.08481 1.44892 1.45251 0.249399 1.5789 1.09451 0.398058 -0.148448 0.538147 2.95207 2.25479 0.0117699 -1.47791 
3.03101 -0.330711 -0.522924 -0.410549 -0.0937914 -0.340264 -0.294115 0.0424151 -0.0536429 -0.39256 -0.233866 0.120366 0.118896 -5.1837 -2.04416 1.65185 -0.127069 -2.07742 0.909813 1.00222 -1.42437 -0.524795 0.808482 0.691568 0.31883 -0.832895 1.61803 0.0249984 -1.02845 0.758224 2.01836 -0.407444 0.346888 2.01147 2.04688 3.48028 2.54898 -0.88021 -0.709876 
3.00573 -0.334606 -0.503819 -0.443225 -0.0712647 -0.219125 -0.241263 0.060117 0.0218272 -0.276681 -0.128948 0.140667 0.0627767 -4.04266 -1.60557 1.52633 0.000138253 -1.43726 1.03186 1.50128 -0.59327 0.0398345 1.5694 0.845279 0.0867228 -0.832009 1.11677 -0.686152 -1.62226 0.842502 0.968328 -1.723 -0.291239 2.08698 2.22333 1.70173 0.232503 -1.25228 0.218328 
2.91198 -0.389388 -0.507959 -0.486876 -0.103529 -0.224375 -0.175136 0.0583324 -0.0942658 -0.203558 -0.00698567 0.0981506 0.0177875 -2.87855 -1.16806 1.35011 0.268018 -0.99551 0.637699 1.08779 -0.157155 1.12767 2.3705 1.1332 -0.146417 -0.760648 1.41073 -0.247035 -1.24094 0.450973 0.10849 -1.3551 -0.299763 1.59553 1.9047 -0.503571 -2.20447 -0.807005 0.997204 
2.77395 -0.496872 -0.551737 -0.33592 -0.0275282 -0.334234 -0.241975 0.114433 0.00909399 -0.157547 0.00181465 0.098367 0.0149976 -1.83732 -1.07246 0.632593 0.298115 -0.554768 0.262475 0.960869 0.3775 1.55213 2.41937 0.951879 -0.477941 -0.604622 2.05953 0.979226 -0.116917 -0.589598 -0.669143 -0.130359 -0.158157 0.275268 0.587647 -1.62203 -2.51655 -0.129555 1.05553 
2.83309 -0.467519 -0.501492 -0.40785 -0.132954 -0.28073 -0.162658 0.140431 0.122324 -0.112003 -0.0984359 0.0591486 0.0422466 -1.40827 -1.07288 0.155888 0.203045 -0.505995 -0.00589016 0.865923 0.823198 1.55176 1.84492 0.350105 -0.606647 -0.29202 1.79772 1.27442 0.0994749 -0.51904 0.0111301 0.278656 -0.535464 -0.691425 -0.869523 -1.69032 -0.97332 0.453072 0.473253 
