3.17849 -0.28683 -0.540873 -0.504988 -0.394971 -0.386225 -0.105048 0.12608 -0.000366846 -0.0658087 0.0679624 0.136843 0.130335 -2.02669 -0.894916 0.0936329 -0.907305 0.207843 0.721909 0.511182 -0.712816 -0.790491 -1.06076 -1.11371 -0.17238 0.254376 -1.77392 -0.854329 -0.150429 -0.96763 -0.246251 0.354034 0.742672 -0.659392 -0.633705 0.105116 -0.318006 -0.156747 -0.088757 
3.12608 -0.301093 -0.485855 -0.477484 -0.303932 -0.319021 -0.116304 0.125777 -0.0567865 -0.302652 -0.0826944 0.131726 0.197829 -3.07738 -1.151 0.946539 -0.570407 0.408399 0.984551 0.0984224 -0.805632 -0.229661 -0.694972 -1.34457 -0.785252 -0.192413 -1.69122 -0.685974 0.722568 0.104741 -0.495918 0.0198691 0.238838 -0.441566 0.38861 2.03482 0.693474 -0.639807 -0.93452 
2.99375 -0.354246 -0.592026 -0.686916 -0.392048 -0.315594 -0.133168 0.0391857 -0.00289044 -0.139634 -0.0487934 0.120475 0.147411 -4.30202 -1.44598 1.68216 -0.0911129 0.264124 0.694376 -0.227773 -0.929262 0.188196 -0.197114 -1.47715 -1.067 -0.432745 -1.50596 -0.262629 2.30068 2.2369 -0.00225857 -0.372055 -0.750291 0.143127 1.18017 1.7782 0.465879 -0.911109 -0.972965 
2.98446 -0.384977 -0.560997 -0.609723 -0.390945 -0.347451 0.042043 0.0910897 -0.128202 -0.157978 -0.00637208 0.110522 0.141748 -5.64704 -1.88339 2.46453 1.00823 0.854818 1.2542 -0.159531 -1.4603 0.158835 0.531718 -1.0843 -1.48937 -1.14975 -2.18346 -0.222258 2.75878 3.04125 0.889302 0.255231 -1.74688 -0.336349 1.68964 1.48851 0.171382 -1.08233 -1.22919 
2.92281 -0.399674 -0.49055 -0.569176 -0.370251 -0.286944 -0.0706976 0.017643 -0.0867463 -0.165748 -0.0586724 0.122953 0.159959 -5.98215 -1.87653 3.27305 2.23047 1.35866 1.53351 -0.0668969 -1.74529 -0.231019 0.890189 -0.675832 -1.67452 -1.31544 -1.76916 -0.150708 2.0268 2.98132 1.52879 0.653557 -0.59359 -0.543499 0.155917 0.513242 0.365577 -0.765532 -0.852106 
2.7441 -0.424018 -0.319131 -0.5016 -0.314155 -0.251592 -0.172722 0.0452195 0.0715512 -0.100056 -0.106848 -0.0317993 0.0500394 -4.43378 -1.07723 3.43538 2.48589 1.09269 1.0129 -0.316164 -1.88873 -0.445239 0.947803 -0.759741 -1.8471 -1.43658 1.37661 0.704306 -0.0636832 1.15966 0.926015 0.359064 0.737737 -0.924528 -2.12973 -1.13019 0.0685704 0.297134 0.307807 
2.59202 -0.46804 -0.293015 -0.465154 -0.380159 -0.356138 -0.167999 0.0173011 0.0537872 -0.0756002 -0.125979 0.00882125 0.0815795 -1.73291 0.00377432 3.40238 2.74239 1.1836 0.887773 -0.850457 -1.63453 -0.215217 0.512373 -0.682625 -1.3401 -1.0299 5.94323 2.11711 -1.80753 -1.24129 -0.227214 -0.072581 0.712471 -0.40398 -1.91854 -1.13423 0.345466 1.02207 0.893783 
2.4153 -0.548951 -0.219366 -0.300183 -0.192714 -0.136117 -0.085127 -0.111745 -0.0444785 -0.0203048 -0.0431106 -0.0583401 -0.0497767 1.49261 0.384313 2.07657 1.95568 0.681894 0.808184 -1.171 -1.49934 0.142957 0.877993 -0.127255 -0.832098 -0.507811 9.99837 2.71551 -3.09806 -2.92748 -2.09344 -1.54598 -0.191062 1.1375 -0.116492 -0.76596 0.390053 1.73281 1.957 
2.47699 -0.503412 -0.132448 -0.218259 -0.163862 -0.143717 -0.0740488 -0.109691 -0.14563 -0.101519 -0.0669715 -0.0478313 0.0430219 5.00645 0.256551 0.723712 1.14434 0.25427 0.93464 -0.470045 -1.07823 -0.668916 0.331764 0.268025 -0.871692 0.0469528 9.76673 1.05939 -3.49619 -3.26914 -2.37463 -0.903335 -0.945501 1.5522 1.5604 0.14444 0.671637 1.01192 1.53535 
2.77248 -0.359448 -0.191892 -0.388281 -0.298538 -0.283071 -0.151774 -0.133246 -0.138037 -0.185661 -0.2238 -0.0908555 0.0323336 7.9536 0.050108 -0.482265 0.367306 -0.232008 1.00298 0.0637748 -0.711 -1.03608 -0.432486 0.32381 -0.2258 0.712252 5.17681 -1.81258 -2.30124 -1.32219 -0.981282 0.67907 0.12033 1.56744 1.41344 0.386795 1.15988 0.165708 0.811111 
3.02462 -0.289347 -0.222251 -0.393212 -0.299009 -0.242418 -0.220642 -0.0982855 0.00913042 -0.0428306 -0.0681637 0.028511 0.0554198 9.97589 -0.283572 -1.15759 -0.409632 -0.367419 0.789545 -0.378724 -0.0723395 -1.05145 -0.231827 0.382307 0.118575 1.04595 0.0604086 -3.46208 -0.896095 0.0774453 0.296428 0.882391 1.03427 0.747538 -0.943391 -0.433116 0.127378 -0.365495 0.268494 
3.29583 -0.395086 -0.34684 -0.37116 -0.335785 -0.216165 -0.17221 -0.0758189 -0.00972241 0.0186143 0.0126564 0.0170197 0.111691 11.0566 -0.924772 -2.16212 -1.28329 -0.636291 -0.260997 -0.435233 0.693505 -0.264682 0.143923 0.20134 0.25608 1.36309 -3.13343 -2.662 0.330526 0.450197 1.58642 0.108647 0.899939 0.187097 -1.35911 -0.456171 -0.829901 -0.329538 -0.466444 
3.45504 -0.493957 -0.33109 -0.394868 -0.30458 -0.0999758 -0.145609 -0.0979671 -0.147302 -0.146856 -0.0650302 -0.1333 0.11801 10.8736 -1.81835 -2.56396 -1.29132 0.177356 -0.536056 -0.297336 0.152594 0.22137 0.383694 0.637574 0.34814 0.838019 -2.6272 -0.546979 0.216188 -0.0061633 1.60453 -2.17145 -0.094576 -0.369189 0.237063 0.529811 -0.582338 0.804376 -0.541016 
3.50807 -0.522501 -0.324953 -0.383262 -0.323518 -0.128269 -0.0933803 -0.066894 -0.0927188 -0.188868 -0.0991931 -0.0384236 0.116946 9.61121 -2.46102 -2.4445 -0.743425 1.27804 -0.259506 -0.115753 -0.161939 -0.0429489 0.570226 1.19708 0.616161 0.425861 -0.614044 0.935312 -0.498326 -0.583504 1.48077 -2.33026 -0.989358 -1.08025 1.29891 1.26213 0.461423 0.786652 -0.94996 
3.64655 -0.554588 -0.365165 -0.421229 -0.294239 -0.203235 -0.215601 -0.0546413 -0.204138 -0.0355352 -0.0484252 0.0392932 0.160691 7.69432 -2.57514 -2.20447 -0.855345 1.33083 -1.13635 -0.53037 -0.456828 -0.135945 -0.165469 0.600341 0.669468 0.317011 -0.737623 1.01287 -0.363168 -0.0712294 0.829738 -1.02382 -0.850329 -1.22059 1.94106 0.204879 1.1494 0.615104 -0.832232 
3.82688 -0.609082 -0.491619 -0.470874 -0.240121 -0.26974 -0.135726 -0.0129124 -0.0503191 -0.00620212 -0.0697723 -0.0454265 0.144791 6.15696 -1.9538 -1.90932 -0.897478 0.795396 -1.68675 -0.26917 -0.573437 0.0659005 -0.319858 0.411677 1.4791 0.0317176 -2.30543 0.570718 0.454301 0.48799 -0.950081 0.317098 -0.114824 -0.819969 -0.0138093 -1.2425 0.568171 0.862932 -0.303698 
4.04055 -0.606298 -0.482658 -0.462109 -0.168788 -0.329295 -0.182647 -0.185846 -0.0286925 -0.0919669 -0.00500569 0.0136018 0.114235 5.3735 -1.30198 -1.45323 -0.801368 -0.118989 -2.03847 -0.340277 -0.767281 0.591661 0.401086 0.893531 1.87554 -0.124868 -3.79607 0.402967 1.4328 0.45755 -2.78389 0.91732 0.696824 0.468368 -1.06597 -1.17437 -0.568076 0.431218 0.165492 
4.09993 -0.614834 -0.526803 -0.466017 -0.127112 -0.230187 -0.209953 -0.150345 -0.0858996 -0.021674 0.0651658 0.0624414 0.0674677 5.44328 -0.841668 -0.904302 -0.548246 -0.562924 -1.59631 -0.116899 -0.409503 0.95067 0.540592 0.667965 0.726537 -0.67756 -2.36348 0.731593 1.89946 0.458193 -3.15394 0.253728 1.2386 1.27218 -0.166223 0.00671828 -1.26026 -0.610112 -0.0354129 
3.97266 -0.690504 -0.520945 -0.480382 -0.211553 -0.365962 -0.295822 -0.126154 -0.0376275 -0.127092 0.00517211 0.0901113 0.162767 6.98627 -0.0776904 -0.750865 -0.50214 -1.14234 -1.64936 -0.15639 -0.233913 1.10588 0.328397 0.368803 0.154575 -0.570172 3.01006 1.55378 0.966552 0.0845017 -1.44126 -0.0062542 0.630143 1.1514 0.402222 1.83854 -0.690097 -1.9448 -0.480108 
4.05242 -0.677032 -0.551481 -0.479796 -0.336272 -0.355888 -0.0767951 -0.123512 -0.122774 -0.145662 -0.0301105 0.175226 0.122406 7.28464 1.0817 0.151319 -0.0688612 -1.35179 -1.1401 -0.224508 0.148761 0.558806 0.55758 -0.0267179 -0.263897 -0.507989 5.78243 2.2136 0.38804 0.161034 1.11692 0.0486991 -0.772424 0.72399 1.22918 1.79012 -0.334676 -2.93548 -0.430241 
4.15883 -0.634158 -0.437815 -0.494447 -0.394356 -0.367403 -0.18445 -0.17721 -0.0512053 -0.0293424 0.0460074 0.12297 0.100991 9.06173 3.61723 0.550644 0.330115 -0.986672 -0.523287 -0.663335 0.774574 1.08785 0.583916 -0.57437 -0.731323 -0.791887 6.18341 3.9904 -0.0733725 0.701302 2.79295 0.775244 -1.57173 0.211047 0.668726 -0.0826215 -0.446022 -1.47519 -0.315212 
4.38888 -0.618215 -0.457038 -0.45638 -0.330394 -0.35198 -0.14714 -0.0369669 0.0687105 0.0201467 -0.0254017 -0.049001 -0.00860958 12.3842 5.85871 0.359532 0.79407 -0.838185 -0.543284 -0.980184 0.0844081 1.9331 0.182203 -0.620908 -0.467996 -1.39658 4.59364 5.29861 -0.279423 1.05179 1.95275 1.195 -1.72698 -0.937716 0.188648 -1.64244 -0.0939422 1.39125 -0.288776 
4.92435 -0.537682 -0.595069 -0.538021 -0.347043 -0.503415 -0.278526 -0.106105 0.00353404 0.0264871 0.00881018 -0.00226276 0.126086 15.1045 7.40653 -0.163688 0.548076 -0.0414069 0.0096783 -1.88807 -0.883404 2.59611 0.590178 -0.683657 -0.305799 -2.18311 1.81704 4.57204 -0.19538 0.802302 0.537247 1.30271 -1.19049 -1.84848 1.1779 -1.87274 -0.42245 2.56517 -1.35354 
4.79416 -0.402517 -0.425147 -0.432458 -0.297033 -0.362918 -0.179194 -0.0794528 -0.00869803 -0.000995572 -0.0517388 -0.0519958 0.0623878 15.845 7.82731 -0.770287 -0.0917819 0.96399 -0.12298 -3.35026 -1.38938 3.27187 0.333831 -0.859307 -0.222714 -2.14245 1.89004 1.53979 -1.58593 -1.05849 -0.295648 0.0115212 -1.40713 -2.34964 1.71497 -0.534167 -0.138855 2.27164 -1.38419 
5.22534 0.0476552 -0.407788 -0.381784 -0.221739 -0.292819 -0.362612 -0.0770322 0.116918 -0.0797386 -0.0639161 0.018843 -0.0288327 15.2114 7.40069 -1.54106 -0.44115 1.22784 -0.227299 -3.42424 -1.8776 3.02671 0.152584 -1.35604 0.440624 -2.04442 -1.0198 -3.55047 -1.9903 -2.40809 -0.255196 -1.24546 -1.04968 -1.7926 0.950292 1.40325 -0.252151 0.275615 -0.214912 
5.69422 0.134846 -0.545642 -0.354224 -0.360466 -0.383347 -0.330188 -0.205889 0.210744 -0.0979291 -0.0181317 0.143813 -0.114242 13.192 6.25646 -1.59452 -0.530992 0.999834 -0.739697 -3.47724 -2.45938 2.78331 0.183016 -1.41037 1.03948 -1.75559 -4.81468 -5.95421 -1.09669 -2.01391 0.775719 -1.58676 -0.346081 0.139135 -0.639963 1.74071 -0.83337 -1.4424 1.25834 
5.88284 0.157389 -0.589233 -0.499854 -0.298408 -0.377505 -0.480701 -0.324689 0.296553 0.0151362 -0.11318 0.090034 -0.158363 10.7174 4.2349 -1.63942 -0.00637233 0.621023 -1.14747 -2.9274 -2.08903 2.7564 0.285551 -1.55428 0.998607 -1.75774 -6.50638 -5.56273 0.104079 0.589371 0.0655446 -1.69564 1.21259 1.54902 -2.18052 0.402792 -0.317592 -0.848819 2.17341 
5.99274 0.163272 -0.633008 -0.588823 -0.183526 -0.416021 -0.579626 -0.283055 0.335013 -0.00996863 -0.111 0.0425667 -0.127146 9.06572 1.88806 -2.02309 0.133911 0.0707881 -2.21515 -2.45883 -1.86607 2.21351 0.362164 -1.27091 1.1205 -0.867526 -6.6917 -3.48935 1.4735 3.15752 -1.25355 -0.891891 2.71321 1.77707 -2.1695 -0.781335 0.150015 0.272664 1.51556 
6.05453 0.148023 -0.663898 -0.544044 -0.206007 -0.434044 -0.577309 -0.321143 0.304374 0.0612989 -0.176212 0.0693499 -0.13483 5.28124 -0.300523 -1.5795 0.820415 -0.226929 -2.58851 -1.23535 -1.59478 1.52713 0.419353 -1.14105 0.884623 -0.0327222 -4.33188 -1.08941 1.41417 3.40691 -1.70384 -0.484591 2.47785 1.05181 -0.816933 -1.56667 0.985272 1.05992 0.842593 
6.07558 0.121293 -0.654754 -0.476911 -0.223799 -0.541209 -0.562624 -0.326818 0.322143 0.0205596 -0.19728 0.0920805 -0.124672 1.83794 -0.552029 -0.751978 2.03849 -0.378244 -2.26876 -0.642226 -1.0959 1.21715 -0.014851 -0.808429 0.618965 0.629093 -3.20544 0.127132 0.7929 2.22755 -1.54219 0.348336 1.74266 -0.200147 0.313185 -1.04309 1.37183 0.717082 0.472492 
6.15341 0.0708946 -0.682821 -0.366495 -0.298814 -0.577783 -0.553096 -0.301491 0.319709 -0.0108004 -0.19124 0.13939 -0.116829 -0.656281 -0.598711 -0.013787 3.5745 -1.02677 -1.98342 0.334769 0.140038 -0.0113379 -0.663906 0.309872 0.273786 1.30775 -4.03299 0.911175 0.911981 0.714529 -0.151591 1.25004 0.462469 0.158987 -0.180325 -0.246405 1.48116 -1.05078 0.770349 
6.13094 0.0611872 -0.651421 -0.338057 -0.312964 -0.609915 -0.510667 -0.318048 0.334933 -0.0329433 -0.168641 0.168756 -0.0891645 -2.70376 -1.983 2.12702 4.43517 -1.8759 -0.86531 2.19915 1.13717 -1.84365 -1.05652 0.700512 0.193726 1.49953 -4.40738 -0.547569 2.45694 0.479224 0.101446 2.19231 1.13745 1.951 -2.62814 -0.214951 1.24578 -1.87494 0.900549 
6.06212 0.0815106 -0.671098 -0.283464 -0.303827 -0.638584 -0.504142 -0.392265 0.397198 -0.0183034 -0.175698 0.184235 -0.0772067 -4.16143 -4.06006 3.87841 4.09576 -1.62368 1.12355 3.69272 1.65905 -3.01967 -1.23628 1.03549 -0.0977532 1.37103 -3.48677 -3.80811 4.29104 0.119353 -0.0673244 3.60104 2.98702 2.95871 -4.79486 -0.187465 0.574113 -1.46695 0.294018 
5.92544 0.124072 -0.6583 -0.176664 -0.363043 -0.621845 -0.513696 -0.416598 0.435755 -0.04705 -0.140774 0.147299 -0.0413267 -5.10589 -6.04723 4.69709 3.02824 -1.55367 3.05329 4.79712 2.11964 -3.4456 -0.249386 1.25153 -0.380406 0.910207 -1.2835 -6.60157 4.2377 -1.4114 0.00135139 4.22835 4.14124 2.46064 -4.0008 0.661127 -0.141977 -0.194661 -0.928405 
5.75162 0.0853937 -0.570944 -0.0803522 -0.349261 -0.599545 -0.496028 -0.156154 0.168553 -0.0698524 -0.0207988 0.0033199 0.0665224 -5.98502 -7.68844 4.93368 1.34139 -1.36691 3.66953 4.78416 2.22922 -3.96249 0.297813 1.64283 -0.352832 0.518377 0.794096 -6.37159 1.3789 -3.58678 0.0248441 3.04694 2.45383 -0.43643 -0.23922 1.64735 -0.485485 1.49855 -2.08645 
5.64188 -0.289549 -0.172125 0.00131917 -0.474185 -0.452705 -0.127501 -0.0549213 -0.100211 -0.140055 -0.0845705 0.1017 0.0451431 -6.48521 -9.1079 4.78297 0.293815 -1.39413 4.11483 4.55654 2.2825 -3.54035 0.866028 1.91706 -0.216629 -0.155758 1.00316 -2.22589 -3.14905 -4.53091 0.597134 0.131683 -1.93931 -2.47227 4.02865 2.36209 0.398821 1.33856 -2.04853 
5.59172 -0.581831 -0.110487 -0.0621957 -0.386395 -0.205673 -0.0082483 -0.158336 -0.0834044 -0.0942583 -0.0940583 0.111096 -0.0230683 -6.06883 -9.53861 4.51653 -0.831205 -1.09287 4.2275 4.36213 1.30164 -3.59702 0.687993 1.64893 0.487088 -0.145683 0.435198 2.43977 -4.63015 -3.05325 0.426652 -2.81982 -4.41453 -2.99244 4.22095 0.977157 0.609216 1.08443 -0.466853 
5.54253 -0.726574 -0.174418 -0.168541 -0.454562 -0.145334 0.0344091 -0.0948658 0.0378103 0.0872497 -0.0380437 0.096956 -0.0705271 -5.56594 -9.16076 4.01067 -1.75106 -1.43289 3.55645 3.03851 0.196122 -2.30698 0.471802 1.26283 0.980174 -0.0514001 -0.171261 4.70447 -2.58535 -0.309791 -0.120278 -3.51258 -4.61549 -2.5667 2.0969 -1.71263 -0.0253823 0.523437 1.38083 
5.40455 -0.825319 -0.209002 -0.313414 -0.465275 -0.267579 -0.110359 -0.118956 -0.0737796 0.0347368 0.0666506 0.153001 -0.0498997 -6.94103 -7.50831 2.64416 -2.4297 -1.94636 2.71405 1.07111 -1.10618 -0.639339 -0.472817 0.594367 1.10406 0.427719 -1.61368 4.48009 0.0535253 1.64198 -0.97721 -1.8191 -2.65872 -1.11181 0.197332 -3.35038 -1.45522 -0.380363 2.51015 
5.23424 -0.943537 -0.159306 -0.250741 -0.485368 -0.196185 -0.0628682 -0.112725 0.0650396 0.0827351 0.095814 0.136252 -0.111586 -11.8686 -4.27051 0.954081 -2.65849 -0.920925 1.42654 -1.02979 -0.81225 0.296939 -1.23556 0.315693 0.45952 1.13002 -6.35454 3.75336 0.921841 1.17037 -0.424174 -0.538268 -1.17833 0.376169 -0.769648 -3.58478 -2.37397 -0.728584 2.33863 
5.26168 -0.937824 -0.0966077 -0.276712 -0.432199 -0.14378 0.0149565 -0.303372 -0.13736 -0.0527647 0.00373835 0.240638 0.026196 -18.4089 -1.37369 1.12937 -2.18933 -0.0156994 0.58077 -1.47752 -0.0228263 -0.16788 -1.49458 -0.236873 -0.253839 1.41256 -13.7391 3.83177 -0.231867 0.0527263 1.5491 0.0601034 -0.852006 2.37501 0.399654 -0.802858 -1.53806 -1.98921 0.31981 
5.15202 -1.01084 0.00683602 -0.278325 -0.633752 -0.187339 -0.144096 -0.238097 0.00341246 -0.085559 0.0261607 0.186602 0.0611407 -16.4735 0.260046 0.358908 -2.44671 0.884672 0.375258 -1.21108 0.443492 -0.727388 -1.27719 -0.692516 -0.684278 1.32175 -9.82958 4.00109 -2.39466 -1.38449 3.71087 -0.21521 0.546024 2.90901 -0.185304 2.34369 -0.327246 -1.83129 -1.41801 
4.62585 -1.01848 -0.0548419 -0.350236 -0.685572 -0.13829 -0.203087 -0.218334 -0.048829 -0.248547 -0.0376183 0.141064 0.147087 -11.905 1.30901 -0.330774 -3.04616 1.14669 0.657492 -0.767941 1.05412 -0.531156 -0.388256 -0.591619 -1.27112 1.00617 5.37059 2.74662 -2.68173 -1.99861 3.41719 -0.625373 1.3456 1.81879 -0.545695 4.26174 1.28419 -0.940634 -2.33278 
3.6301 -0.859432 -0.0940647 -0.401557 -0.398706 -0.156553 -0.180896 -0.0952654 -0.0188139 -0.224948 -0.0643514 0.127372 0.115173 -5.81276 3.50632 0.0593826 -1.93487 1.0689 -1.09091 -1.51519 0.922386 -0.985827 0.321889 -0.178884 -1.90943 0.257534 24.4019 1.55965 -0.672591 0.310178 -0.337012 -1.60198 0.781422 -0.810066 -0.653926 3.57621 1.85558 -0.398204 -2.08755 
2.83373 -0.712206 -0.00702492 -0.409458 -0.284966 -0.118922 -0.149478 -0.0827104 -0.0799747 -0.0500411 -0.0639978 0.0182052 0.0491225 2.33501 5.61777 -0.918936 -0.136799 -0.316805 -2.64528 -1.27408 1.03998 -0.21307 1.51364 0.143117 -1.69125 -0.80467 33.9222 1.92277 0.241619 3.49641 -4.53984 -3.29348 -0.273643 -2.53549 -0.0358778 0.75161 1.1628 1.01564 -0.873861 
4.31329 -0.768286 -0.279236 -0.614396 -0.348612 -0.184201 -0.125496 -0.0411659 -0.119596 0.034322 -0.0227644 0.0563167 0.0420405 12.2566 6.67792 -2.07741 1.19358 -1.60214 -3.4785 -0.711952 0.317599 0.614954 1.99768 0.171528 -0.696025 -1.07547 22.1831 2.84074 0.899244 6.32226 -6.56278 -3.64935 -1.17307 -2.43174 2.25113 -1.27807 -0.0434055 1.61923 -0.0849642 
4.71347 -0.780165 -0.221314 -0.705031 -0.413547 -0.13232 -0.163955 -0.0551332 -0.0912276 0.00746798 0.0641759 0.0211958 0.0614524 21.1809 6.57554 -2.81299 2.32934 -3.25185 -4.1148 -0.564342 -0.0115753 1.86214 1.76868 -0.0117976 0.109017 -1.12526 7.25267 2.22618 -1.42769 5.48273 -4.94151 -2.35922 -0.287439 -0.98016 3.34723 -2.17709 -1.70247 2.25989 0.506328 
5.0596 -0.383046 0.0801516 -0.230378 -0.474853 -0.48392 -0.330185 -0.200679 -0.146726 0.00846593 0.0368222 -0.0806665 -0.0396039 26.6392 5.66953 -3.49487 2.86373 -5.28124 -4.24302 -0.136094 -0.255282 2.61244 1.13244 -0.302784 0.580039 -0.89234 -4.65235 -1.61352 -4.11186 -0.077158 -1.58135 1.24906 1.80411 1.33976 3.45832 -1.44469 -1.83253 2.15587 0.908701 
5.70014 -0.14617 -0.251799 -0.116264 -0.77911 -0.578737 -0.197414 -0.166565 -0.0316289 0.0623015 -0.0297723 0.0959736 -0.0383129 25.1917 5.01144 -4.24258 2.98044 -5.9182 -3.83642 0.630963 -0.0728951 3.22724 0.378869 -0.407902 0.929648 -0.59388 -11.0222 -4.70753 -2.68369 -4.05925 1.72256 3.53552 2.39513 1.87002 1.17492 -0.547603 -0.582381 0.0304331 0.702514 
6.22576 -0.216793 -0.398335 -0.167106 -0.893915 -0.559596 -0.248075 -0.151712 0.21102 0.0496396 -0.019472 0.149685 0.00562834 16.6386 4.55134 -4.10144 2.84342 -5.44963 -2.94354 2.15676 -0.114141 2.84492 0.114885 -0.334334 0.514029 -0.567225 -11.8394 -4.35989 -0.505525 -4.75521 2.88889 3.38067 3.26517 1.06179 -2.34385 0.108707 0.926126 -1.66946 0.0890778 
6.35455 -0.235902 -0.497346 -0.18634 -0.848496 -0.55987 -0.218648 -0.0970878 0.22694 -0.0620249 -0.106237 0.146945 0.012059 11.9573 3.2519 -4.54644 1.18418 -4.42671 -2.11593 3.83705 0.344683 1.61545 0.221285 -0.311671 0.255363 -0.673801 -12.3556 -1.89545 2.30351 -2.94507 2.41472 1.89375 3.21291 -0.315291 -4.37126 0.744739 1.97919 -2.38686 -0.547845 
6.44638 -0.233522 -0.532871 -0.2238 -0.932327 -0.587296 -0.0933883 -0.0651719 0.223902 0.045784 -0.0865274 0.110448 -0.0369669 7.28333 1.36357 -4.54604 -1.13758 -3.26423 -0.531836 4.88679 1.20757 0.386441 0.0751839 0.0224967 -0.128683 -0.642508 -9.29374 0.543112 3.09338 -0.419413 1.72659 0.0882227 1.84612 -0.64636 -4.51434 0.16208 1.28951 -1.65288 -0.792262 
6.41976 -0.174115 -0.619806 -0.23246 -1.00449 -0.543012 -0.00899969 -0.0741941 0.220693 0.0605327 -0.0188712 0.0895559 -0.0267033 2.92296 0.794718 -2.76415 -1.53536 -1.61171 -0.246968 4.51532 1.53088 -1.1212 -0.0957513 0.181304 -1.05056 -0.929678 -4.04398 0.554768 1.88519 0.0400463 1.2593 -0.43869 -0.0173005 0.593511 -2.64093 -0.384032 -0.272934 -0.14418 -0.569224 
6.33624 -0.137317 -0.637828 -0.243739 -1.02173 -0.565095 0.184387 -0.140528 0.107737 0.0356673 0.0367283 0.0252537 -0.0475604 0.591902 1.10938 -1.93873 -1.44218 -0.649077 -0.383086 4.10014 1.81653 -2.06792 -0.058833 0.0109256 -1.16575 -1.13193 -0.00299644 -0.412887 1.00426 0.000592664 1.67743 -0.204755 -2.9342 1.83247 0.197832 -0.723026 -1.47967 0.770421 -0.0755356 
6.33035 -0.133333 -0.601801 -0.326693 -0.987776 -0.611358 0.276499 -0.0818957 -0.00759377 0.0442366 -0.00235817 0.0186146 -0.0961863 0.149633 1.09855 -1.57091 -1.27643 0.12097 -0.399562 2.66605 2.25807 -1.72236 -0.304131 0.163497 -1.0608 -0.916518 1.41526 -0.671304 -0.00455809 0.460253 1.97356 0.145238 -4.45658 1.9327 2.18397 -0.947814 -1.31848 0.790661 0.548009 
6.33624 -0.106967 -0.643496 -0.307106 -1.03151 -0.593879 0.267433 0.0263978 -0.0149384 0.0171573 -0.0280558 0.0217452 -0.120541 0.0695839 0.87732 -1.32267 -1.0374 1.25277 -0.360986 0.609746 2.8248 -1.1317 -1.01357 -0.0941924 -0.825047 -0.470082 1.29266 -0.610255 -0.2369 0.48482 1.97358 0.188435 -4.38432 0.966002 2.71762 -0.55234 -0.162632 0.382906 1.02437 
6.38766 -0.105195 -0.6805 -0.319944 -0.986854 -0.594574 0.227768 0.093817 0.00384891 0.0121238 -0.0607616 0.0147525 -0.119334 0.0633869 0.574782 -0.731894 -0.799003 1.72739 -0.332968 -1.35278 3.06309 -0.0484744 -1.30869 -0.438434 -0.358024 -0.244863 -0.271887 -0.250073 0.258387 0.585632 1.12037 0.306755 -3.4427 -0.301603 2.27289 -0.610445 0.776728 0.276655 1.09894 
6.42633 -0.11095 -0.69484 -0.362237 -0.907006 -0.608962 0.190363 0.115382 0.0378486 -0.0022928 -0.084211 0.0194787 -0.119651 -0.521965 0.487923 -0.190539 -0.00787088 1.44728 -0.128059 -3.33423 2.9344 1.03787 -1.26315 -0.352837 0.0425337 0.433132 -2.13689 0.0487283 1.31028 1.13383 -0.533517 0.235373 -2.26887 -1.18359 1.12765 -0.300044 0.988114 0.322505 1.01148 
6.42305 -0.0952408 -0.736832 -0.342037 -0.843618 -0.610534 0.0959055 0.206276 0.0749804 -0.073168 -0.0299585 -0.0117484 -0.0904971 -2.39277 0.614572 0.318741 1.40137 1.37696 -0.0562258 -4.78366 1.91565 1.43539 -1.21882 0.145231 0.206443 1.25745 -3.89622 0.25436 2.1149 2.02332 -1.63867 0.0783139 -1.60404 -1.98389 -0.00135447 0.457987 0.464607 0.684361 0.964238 
6.40194 -0.093565 -0.727589 -0.343406 -0.79738 -0.609163 -0.0104354 0.258793 0.0823434 -0.0803235 -0.0266895 -0.0159823 -0.0648099 -6.80656 0.747446 1.27165 2.67432 1.8954 0.309256 -5.56986 0.306171 1.52025 -1.35956 0.151413 0.253121 1.52436 -7.27834 0.485301 2.05971 3.20433 -1.16546 0.421461 -1.14753 -2.88186 -0.417692 0.452026 -0.0959606 0.559129 0.747916 
6.31746 -0.0812832 -0.655107 -0.336006 -0.844106 -0.589844 -0.0915117 0.225756 0.173135 -0.116081 -0.0530774 0.046725 -0.0780492 -15.1594 0.332983 4.74339 3.62032 3.82685 0.611195 -6.06838 -1.26387 0.463291 -1.54923 -0.690533 -0.0141555 1.55588 -13.7923 -0.135841 3.98914 3.08457 2.64178 0.61129 -0.758197 -3.35884 -1.75143 0.0730254 -1.21654 -0.430824 0.361268 
6.17372 -0.063563 -0.589354 -0.215049 -0.920533 -0.601613 -0.201262 0.21802 0.165233 -0.0898185 -0.0218254 0.0402932 0.0120449 -19.944 0.611487 5.71723 3.04109 5.22507 1.6142 -5.02101 -2.2297 -1.12312 -1.6699 -1.35723 -0.436671 1.48332 -15.8175 -0.338942 4.22428 0.0825153 6.02385 1.52546 1.12273 -2.80534 -3.04896 -0.747941 -2.19517 -1.27861 -0.604675 
5.89525 -0.0285449 -0.567231 -0.0420699 -0.825545 -0.621929 -0.358055 0.151478 0.120358 -0.0966258 0.0110543 0.0491934 0.0843844 -23.1187 1.16256 5.99875 1.958 5.58046 2.65262 -3.01935 -3.05397 -2.38874 -1.7144 -1.80116 -1.03926 0.876136 -11.0135 0.164013 2.54414 -3.7844 5.11588 2.47888 4.03393 -1.0663 -3.50141 -1.07759 -2.05939 -1.9352 -1.59599 
5.15661 -0.00477606 -0.48371 0.0779662 -0.671751 -0.504896 -0.442998 0.00350591 0.189512 -0.186679 -0.0694776 0.034169 0.0388003 -25.4242 1.4949 6.79101 1.44456 5.95542 2.74983 -1.85402 -3.58421 -3.22889 -1.4404 -1.34935 -1.51063 0.0321258 -0.294656 0.938818 -0.00115162 -5.36034 0.869959 1.53298 5.17244 0.702812 -2.94427 0.0748325 0.0325078 -1.53543 -1.94741 
3.87106 -0.142428 0.22764 0.0729122 -0.18483 -0.516015 -0.539621 -0.100652 -0.0374873 -0.222792 -0.266167 -0.0443439 0.0441418 -21.624 1.14218 5.53381 0.637601 6.29078 2.59884 -0.975858 -3.87811 -4.52352 -0.377648 0.126398 -2.25269 -0.701166 14.8042 1.28627 -5.37938 -3.51051 -4.63421 -0.05743 3.88397 1.13946 -0.822057 1.95551 3.78418 -0.628752 -1.90838 
4.08254 0.0197333 -0.132795 -0.197347 -0.162285 -0.320414 -0.305327 -0.0656332 -0.19897 -0.259235 -0.241 -0.0909352 0.057787 -15.6431 1.54706 3.81256 0.372191 4.57821 0.867274 1.00829 -3.44382 -4.53441 0.678606 0.8187 -2.06466 -1.32215 19.5498 0.301127 -5.22231 1.53576 -6.73714 -3.93818 0.955929 0.709114 1.16536 3.61043 4.96768 0.493057 -1.08101 
3.8604 0.126302 -0.151024 -0.239794 -0.316659 -0.225034 -0.153274 -0.0970655 -0.211978 -0.290013 -0.201057 -0.168284 -0.031195 -7.71514 1.65655 1.96702 0.278332 1.74295 -0.521789 2.3394 -2.56359 -3.70793 1.28655 1.17309 -1.20523 -1.30273 19.2153 -0.716388 -4.24883 4.34306 -5.54214 -5.91403 -0.858643 0.574452 2.34261 3.24361 2.96647 2.0655 0.471256 
3.4403 0.111294 0.165103 -0.0920212 -0.243414 -0.362391 -0.330194 -0.190286 -0.214482 -0.193725 -0.0741497 -0.143384 -0.104729 0.71949 1.81765 -0.840021 0.92803 -0.426686 -1.7217 1.8832 -1.6014 -2.04881 1.46081 1.78618 -0.435864 -0.729727 14.2728 -0.627624 -4.04325 3.6127 -3.47995 -4.14735 -0.739879 1.21105 3.53172 0.420439 -0.941883 2.5155 1.81447 
4.24746 -0.0104325 -0.133329 -0.101186 -0.161059 -0.364117 -0.375586 -0.295985 -0.409671 -0.0177301 0.166701 -0.238676 -0.112717 6.77309 1.92622 -3.55441 2.01743 -2.08725 -2.42596 0.903458 -1.16338 0.304529 1.28316 1.93549 0.316885 -0.185787 3.37244 0.176004 -1.4889 1.40437 -0.891332 -1.07363 -1.04817 1.86747 4.5075 -2.72396 -4.17168 2.29221 2.35666 
4.35961 0.1844 -0.191382 0.0855065 -0.455557 -0.722151 -0.0890296 -0.21134 -0.325229 0.0409898 0.0521727 -0.140208 -0.0800677 7.95905 0.661449 -2.69393 3.1094 -2.29479 -2.50696 -0.880642 -0.539565 1.69849 0.333784 1.28851 0.995244 0.39467 -1.0535 -0.540569 -1.08935 -1.38632 1.2576 3.83983 -2.81839 1.64969 3.65442 -4.37566 -3.09074 0.820948 1.6582 
4.53657 0.154823 -0.188712 0.0825754 -0.543556 -0.65489 -0.114482 -0.199455 -0.230598 -0.0646467 -0.0450573 -0.011053 -0.0330893 11.3551 -0.186857 -3.67986 3.21686 -3.16856 -1.89223 -1.7882 0.570221 2.88562 -0.506876 0.303327 1.90939 1.07551 -2.1394 -1.54605 0.141024 -1.34507 0.753913 4.51449 -3.38322 1.32034 2.05797 -3.0598 -0.84244 -0.284176 0.308821 
4.60205 0.178548 -0.356581 0.126647 -0.401643 -0.595525 -0.343624 -0.200159 -0.0653035 -0.158268 -0.0272917 -0.0575304 0.00359979 12.7523 -0.348359 -4.56587 2.01889 -3.69424 -1.03245 -1.78237 1.85655 3.912 -1.39472 -0.740776 2.03617 1.64505 0.956932 -2.21209 1.14827 -1.21623 -0.965939 2.27098 -1.76202 1.47268 -0.0284086 -0.367035 0.6086 -0.121584 -0.318787 
4.60679 0.18748 -0.385157 0.128707 -0.360641 -0.611306 -0.364721 -0.234144 -0.0246085 -0.14909 -0.0521573 -0.0695853 0.0331171 11.1525 -0.699894 -3.26887 0.526479 -3.48047 -0.0630914 -2.69162 2.86352 4.79074 -1.88772 -1.33553 2.08315 1.78687 5.19434 -1.72199 0.412665 -2.00474 -2.01753 0.13528 0.139388 2.0334 -0.786868 1.50029 0.819645 0.0571199 -0.208447 
4.85936 0.0642717 -0.355989 0.148353 -0.528259 -0.468192 -0.425463 -0.116911 -0.0342329 -0.287481 -0.00103594 -0.0159804 0.0341488 11.7415 -1.46664 -2.96404 -1.35726 -2.51111 1.19229 -3.29663 3.02247 4.30019 -1.36552 -0.709178 1.39375 1.58039 2.97944 0.28949 0.442612 -3.05289 -0.756762 -1.70961 1.77324 1.50531 -0.217081 2.51332 -0.281414 -0.145329 0.102164 
5.3946 0.0173618 -0.512957 0.258908 -0.808854 -0.526805 -0.470656 -0.0432568 0.116728 -0.230921 -0.0507654 0.108298 0.0396897 12.082 -1.53824 -2.32259 -2.98758 -2.06543 0.42428 -1.54495 2.56352 3.85757 -0.181516 -0.672144 1.11272 1.09288 -1.518 0.89261 1.4706 -4.66866 2.79269 -0.933758 2.46614 -0.581453 -0.427608 1.93699 -0.527497 -0.925224 -0.155125 
5.5006 0.0552584 -0.560229 0.0996761 -0.690506 -0.636363 -0.473707 0.0457629 0.171723 -0.197167 -0.0678644 0.0579488 0.118567 13.0074 -1.95688 -1.70805 -4.67133 -1.35306 -0.144351 -0.0752473 1.92364 3.04302 1.35749 -0.492271 0.107064 0.976667 -2.79051 0.268976 1.42709 -3.90032 4.20781 -0.0426845 2.50581 -2.79034 -0.92037 1.88363 0.0910188 -2.05853 -0.72155 
5.6865 0.0087497 -0.511938 -0.0737858 -0.690662 -0.540106 -0.561435 0.128158 0.233869 -0.195603 -0.0808638 0.0634305 0.140997 12.1773 -1.64255 -1.94265 -5.39764 -0.908496 -0.00906277 1.10835 0.998297 2.26702 2.25799 0.422155 -1.18936 0.683561 -2.7401 -0.154181 0.437841 -1.45182 2.77876 0.10209 3.18086 -3.89516 -1.96163 1.90295 1.35749 -2.87415 -1.01319 
5.78631 0.0314695 -0.556198 -0.155603 -0.71652 -0.510872 -0.486447 0.127885 0.24762 -0.162266 -0.0783287 0.0501556 0.125338 9.51928 -1.26167 -1.90675 -5.36981 -0.984877 0.571113 2.53157 -0.591004 1.17808 3.0316 1.05858 -2.17392 0.0307888 -2.18888 -0.579863 -0.505974 1.45172 -0.84534 1.09997 2.52776 -3.25368 -2.60553 1.25798 2.39981 -2.62558 -1.153 
5.96872 -0.0278103 -0.505197 -0.339217 -0.618182 -0.605866 -0.283183 -0.0264275 0.318375 -0.106349 -0.143755 0.101373 0.0737819 5.01548 -0.729685 -1.81908 -4.49838 -1.59574 1.95145 3.43358 -1.97118 -0.0355277 3.05992 1.49811 -2.78504 -0.84857 -4.84978 0.607943 -1.67289 4.23668 -4.48875 2.46382 0.928577 -1.62157 -2.52852 0.421837 2.22482 -1.53481 -1.22609 
6.29601 -0.130651 -0.593713 -0.455092 -0.482168 -0.611027 -0.370402 -0.0402889 0.268003 0.0776109 -0.0354901 -0.180834 0.146347 0.683474 -0.532874 -1.66819 -3.02032 -2.59452 2.98997 2.92137 -2.45543 -0.426787 3.04761 1.68946 -2.7109 -1.44425 -10.4792 1.81694 -0.559438 4.45465 -4.94716 3.09322 -0.595436 -0.0477572 -1.2666 -1.1506 0.42213 1.03703 -1.38967 
6.21515 -0.0484315 -0.697415 -0.405237 -0.711165 -0.498287 -0.219481 -0.0709819 0.195671 0.0705767 0.128333 -0.237873 0.10112 -3.65697 -0.751664 -1.5012 -1.03362 -2.284 3.52566 1.5982 -2.61634 -1.1328 2.9183 1.9966 -2.57776 -1.76308 -11.9713 0.793836 1.25293 3.35295 -1.14695 2.38337 -3.54453 0.96803 0.0702182 -1.43957 -1.43523 2.4273 -0.941571 
6.15551 -0.0997064 -0.679277 -0.35225 -0.970033 -0.34303 -0.102168 -0.162196 0.131813 0.0845934 0.12882 -0.189926 -0.00131284 -7.8288 -0.735101 -0.684058 0.52379 -1.51178 4.26762 -0.618403 -2.17827 -1.94191 2.17989 2.30982 -1.96103 -1.7958 -10.0393 -0.188614 2.33949 1.87425 4.19955 0.395255 -5.62617 1.51234 0.284809 -1.31135 -1.32531 2.18358 0.164815 
5.76554 0.020285 -0.776325 -0.286144 -1.04648 -0.254814 -0.0909033 -0.23847 0.151782 0.129681 0.0609411 -0.193658 -0.0678565 -13.015 -0.27173 0.350704 1.8933 -0.173232 4.59947 -1.90417 -1.76277 -2.24661 0.341847 2.11688 -1.06466 -1.85948 -5.75896 -1.31916 3.28982 0.633723 7.45433 -1.3147 -4.7944 1.07446 -0.348984 -2.13061 -0.200802 1.42657 0.882726 
5.36598 -0.0158684 -0.669393 -0.381306 -0.92227 -0.213656 -0.304329 -0.136944 0.215171 0.15311 0.0765496 -0.222108 -0.0293636 -15.6401 -1.05808 1.47545 1.77883 2.14653 3.9416 -1.18362 -0.995456 -2.56924 -0.0960656 -0.472589 1.19968 -0.580348 -0.93578 -1.71429 2.15243 0.0196341 6.79686 -1.96232 -0.229105 0.649518 -1.68617 -1.77429 -1.26476 1.47988 2.12789 
5.22422 -0.175447 -0.645386 -0.215162 -0.771234 -0.124128 -0.461672 -0.190807 0.0923492 0.177679 0.158701 -0.227024 -0.0760114 -15.2081 -2.68558 1.86809 1.01305 4.69466 2.44925 -0.788554 -0.19296 -2.65527 0.347995 -2.18355 2.19613 0.883133 1.80095 -1.58953 0.47022 -1.47743 3.11075 -2.51856 5.11931 0.899333 -1.27801 -0.637714 -3.50684 2.46588 3.07098 
4.9649 -0.116149 -0.564503 -0.184363 -0.675796 -0.0648249 -0.572362 -0.203198 -0.0309492 0.117159 0.233113 -0.18422 -0.0811689 -18.3708 -4.36485 2.88057 1.27715 5.71627 1.03022 0.558258 -0.451162 -2.25035 -0.486522 -2.93941 1.94666 1.61155 -0.0409575 -3.21629 -0.143197 -1.42289 -0.612314 -2.77022 7.53528 0.236148 0.493284 0.518264 -4.91669 1.75368 2.69216 
4.40614 -0.0640713 -0.467913 -0.156713 -0.498176 -0.0850736 -0.436119 -0.291339 0.0117591 -0.121229 0.181895 -0.159631 -0.124873 -20.0385 -4.56915 3.81245 0.671178 5.25408 0.213219 2.20435 -0.446067 -1.82073 -1.00354 -3.06727 2.07257 1.44658 -3.26054 -2.6274 0.0823637 -1.08769 -3.33698 -2.12755 5.03176 -0.0299617 1.96568 1.38059 -2.74567 -0.0647822 0.785669 
4.47337 -0.326288 -0.487098 -0.298466 -0.321208 -0.107311 -0.17604 -0.1153 -0.140133 0.169167 -0.270396 0.0658928 0.212721 -21.5634 -4.25633 3.95512 0.810666 4.43094 -0.314601 3.41812 -0.758514 -1.28957 -1.32644 -3.07932 2.01766 1.03207 -7.70334 0.181815 1.50463 0.486199 -3.84293 -0.803892 -0.308024 -1.10672 3.04683 -0.944166 2.65738 -2.47148 -2.84335 
4.45471 -0.482643 -0.554956 -0.306264 -0.359891 -0.184843 -0.1216 -0.111396 -0.132644 0.228589 -0.217762 0.0928109 0.202838 -11.9766 -3.48085 2.04573 0.16059 1.99967 -1.3932 3.62821 0.00730202 0.700386 -1.37651 -2.63965 1.6358 0.983256 3.54566 3.24837 -0.113143 1.12927 -3.56153 0.0848472 -3.68938 -0.581131 3.07352 -2.10128 4.9839 -2.6742 -3.66379 
3.19677 -0.686358 -0.260676 -0.0739051 -0.424704 -0.20089 -0.0101137 -0.355981 -0.0196541 -0.0445186 -0.229331 -0.0789601 0.0897271 -1.38441 -3.25705 0.787779 0.0197109 0.278848 -1.92915 2.41307 0.554422 2.1749 -1.1122 -1.59938 1.20541 0.531039 25.2991 4.79069 -3.7116 -0.460463 -2.60826 -0.117896 -5.12769 1.8136 2.36443 -0.703729 4.53383 -0.648009 -1.75499 
2.89045 -0.413002 -0.194315 -0.274823 -0.400453 -0.170104 -0.0295945 -0.247389 0.0125119 -0.0114397 -0.162357 -0.00532169 -0.00842664 6.57844 -2.62121 -0.159885 -0.0324963 -0.203358 -1.9649 -0.16454 1.6079 2.90622 -1.78164 -0.49501 0.550578 0.155028 35.3813 1.82801 -5.36676 -0.599834 -0.908076 -0.828945 -4.37189 2.95987 1.6672 -0.4195 1.34236 0.352044 0.998913 
2.59737 -0.512037 -0.14907 -0.151735 -0.252738 -0.164849 -0.13361 -0.25273 -0.0168912 -0.0432754 -0.121351 0.000290439 0.0105908 11.0045 -1.0148 -0.259504 0.604929 -0.184427 -1.80042 -2.78293 1.8454 3.17155 -2.97255 1.56377 0.0864623 -0.630665 27.2271 -0.344201 -3.5415 -0.843923 0.486173 -0.74152 -3.15363 3.07893 0.0710681 0.33772 -0.876185 0.986795 2.37065 
5.0827 -0.484261 -0.638934 -0.196571 -0.611596 -0.3315 -0.128427 -0.113637 0.226406 -0.0475952 -0.0735021 0.00260142 0.0735082 15.4909 1.55928 0.115277 0.860609 0.221935 -1.72944 -4.30721 3.04643 2.22067 -3.00537 1.51389 -0.0909848 0.0575921 -3.78065 0.788456 2.70792 0.764631 2.76592 0.377551 -2.66948 1.26626 -2.51982 -0.595214 -0.70841 -0.141745 1.23416 
5.44044 -0.539806 -0.498467 -0.230768 -0.545113 -0.337209 -0.244081 -0.0951559 0.25388 -0.0498875 -0.0635563 0.0527912 0.0566861 21.1112 3.51793 -0.830662 0.78075 -0.237503 -1.94855 -5.31341 3.8386 1.11262 -1.98712 1.65311 -0.141238 0.762064 -20.6628 3.91004 4.77036 2.05142 1.50558 0.765892 -1.29092 -0.455814 -3.61426 -0.679942 0.147072 -1.56115 0.0953742 
5.1613 -0.602005 -0.48527 -0.251 -0.298225 -0.339557 -0.391936 0.0708349 0.262588 -0.264567 -0.196112 0.0131314 0.115359 18.894 4.25535 -0.717842 1.31441 -1.09478 -2.23367 -4.76462 2.66345 0.229493 -1.44804 1.72977 -0.414798 1.03297 -17.1443 6.38239 2.81077 1.30549 -1.96358 0.282225 0.921366 -2.11682 -3.3184 1.84725 1.56371 -1.17037 -0.652811 
5.02466 -0.545928 -0.374188 -0.129813 -0.300574 -0.33287 -0.527329 0.0455264 0.16609 -0.192381 -0.000792082 0.0794116 0.116701 11.2959 5.92607 0.0974867 0.824364 -0.858749 -2.25029 -3.78132 1.03362 -0.543282 -0.352676 1.68562 -0.602502 0.577568 -7.41349 4.6399 -0.884814 -0.273311 -3.0869 -0.661257 3.0943 -3.62056 -1.25999 3.06636 0.710148 -0.79288 -0.772402 
5.11032 -0.0967009 -0.208176 -0.0413341 -0.375525 -0.3904 -0.601702 0.150576 0.0904838 -0.283642 -0.0082636 -0.0710658 0.123589 -2.66256 6.18265 1.83422 0.436742 1.18734 -1.62129 -2.83682 -0.710069 -1.92525 0.365453 0.913582 -0.825424 0.198311 -2.88704 -0.601278 -3.0522 -2.46291 -0.779974 -0.61109 4.08703 -4.43045 0.560806 3.38195 -0.847567 0.562107 -0.694261 
5.57637 0.0022811 -0.383803 -0.0511878 -0.557201 -0.436782 -0.64665 0.10995 0.0994865 -0.208352 0.0387503 -0.107155 0.117714 -6.95291 5.86213 1.54667 -0.479647 1.33333 -1.03931 -1.0513 -1.50483 -2.26446 0.952585 -0.423477 -0.903728 -0.166578 -11.3475 -4.49301 -0.15407 -3.30894 4.06654 0.969572 3.58116 -3.08737 0.376159 1.48436 -3.3533 1.09814 -0.733037 
5.46984 0.0728468 -0.444175 -0.124487 -0.624972 -0.496207 -0.528521 -0.0208133 0.0725105 -0.095997 0.1017 0.00174127 0.129429 -6.8007 4.24668 1.64039 -1.01032 1.66689 -0.961809 -0.342276 -2.18776 -2.55945 2.10537 -0.990685 -0.795039 -0.276088 -12.0525 -6.22208 2.16935 -2.04046 6.12566 1.91775 0.981708 0.038073 -0.505858 -0.600939 -4.27269 0.214448 -0.268545 
5.07578 0.154281 -0.397374 -0.141913 -0.432025 -0.541395 -0.525143 -0.186431 0.0829327 -0.0111421 0.0705361 -0.0486676 0.0804708 -5.83612 2.13998 0.413757 -0.753921 2.05319 -0.788083 0.112426 -2.60502 -1.59417 1.52444 -1.65521 -0.403278 -0.523354 -1.86411 -5.11589 1.51921 0.846681 2.47583 1.67881 -0.975894 2.03932 -0.399818 -1.76628 -1.96819 0.239282 0.0234064 
4.39836 0.066357 -0.274343 -0.236939 -0.172046 -0.479381 -0.528711 -0.192979 -0.0150058 -0.0655829 -0.104467 -0.0753239 0.0979592 -3.94832 -0.228446 -0.518993 -0.0636434 1.79499 -0.742849 0.0653948 -2.32512 -0.678168 1.23658 -1.29333 0.326886 -0.556986 12.7123 -1.9872 -1.53539 3.56331 -3.26205 -0.197565 -1.8525 2.50437 1.35336 -1.74155 1.66924 0.301484 0.107929 
4.15898 0.031963 -0.199404 -0.334387 -0.178329 -0.361455 -0.423712 -0.114677 -0.0579669 -0.0985095 -0.301314 -0.0609615 0.0447463 -0.65658 -1.18219 -0.722625 1.05325 0.773832 -0.762053 -0.195223 -1.16286 0.0385923 0.453437 -0.836125 0.592396 -0.319588 20.0722 -0.235162 -4.48102 4.56751 -6.68074 -1.94185 -1.71685 1.41236 3.03251 -0.880793 4.6602 0.897377 0.44672 
4.59151 -0.0932838 -0.169784 -0.229665 -0.106221 -0.487927 -0.62209 -0.110079 -0.152349 0.0330418 -0.178236 -0.0928412 0.122428 4.89822 -1.53801 -1.73279 2.19093 -1.37009 -0.970272 -0.710922 0.152807 0.929556 -0.178903 -0.0815882 0.668271 -0.0452275 14.6405 1.21834 -4.47717 2.85845 -6.98742 -1.71681 0.288371 0.866875 3.52071 -0.684107 3.95463 1.3203 0.378845 
4.9313 -0.0267138 -0.4342 -0.00733272 -0.291921 -0.498615 -0.595353 -0.254881 0.0502776 -0.111309 -0.0655409 -0.0089067 0.031084 9.37914 -1.05253 -3.09549 3.12426 -4.04827 -1.30926 -0.63818 1.02198 1.61503 -0.466401 0.997782 1.16093 0.285278 3.88743 1.40753 -1.57278 0.0749608 -3.86858 -0.774016 1.0178 1.39685 1.46975 0.149573 1.2388 0.516883 0.774617 
5.27541 -0.0184215 -0.486814 0.0105711 -0.448537 -0.578862 -0.602399 -0.130385 0.105503 -0.0899555 -0.0204481 -0.0126656 0.0617463 11.1183 -0.0465925 -3.56113 3.51473 -5.44242 -1.7388 -0.284387 0.912495 2.05593 -0.552788 2.04218 1.32814 0.347136 -6.37404 1.26908 1.14267 -1.62948 -0.193263 0.634625 1.38679 0.740234 -0.80597 -0.0856034 -1.07573 0.00249273 0.564699 
5.582 -0.0944083 -0.540206 0.0417219 -0.582577 -0.584557 -0.581598 -0.0850855 0.135053 -0.0740962 0.00781082 0.0362482 0.107155 8.64596 0.153005 -2.39217 3.09279 -5.56198 -1.27004 0.456793 0.231244 1.69928 -1.0673 2.14719 1.27505 0.287523 -11.3763 1.03455 3.51905 -2.10537 2.04685 1.6221 1.52627 -0.748526 -2.28673 -0.613314 -1.84977 -0.518706 -0.267647 
5.68313 -0.0680797 -0.605313 0.08 -0.687938 -0.622372 -0.584157 -0.0548666 0.178493 -0.078121 0.027394 0.0607794 0.119631 2.84378 -1.06786 -0.0937949 1.56595 -3.70845 -0.437294 2.45281 0.38219 0.348791 -1.00145 1.65493 1.37203 -0.184608 -11.6517 -1.39093 5.30163 -2.00445 4.44742 1.67158 2.0375 -1.75873 -3.35894 -0.358992 -0.747909 -0.533924 -0.962223 
5.57451 0.0364469 -0.673361 0.153333 -0.769472 -0.627181 -0.569084 -0.0442389 0.180593 -0.099796 0.0270763 0.0708377 0.119502 -1.27352 -3.57144 1.9677 0.397258 -0.385501 0.674614 3.91575 1.1641 -1.55772 -0.513446 0.713382 0.496473 -0.823415 -8.29438 -4.97977 5.00908 -1.85323 6.12178 2.0877 3.41298 -0.888256 -3.19415 -0.0962129 -0.350261 -0.73643 -1.97474 
5.4078 0.0556675 -0.564891 0.108857 -0.725771 -0.626079 -0.513184 -0.0877395 0.13344 -0.156537 0.038633 0.0697638 0.111057 -3.3684 -5.31664 2.32107 -0.108031 1.6799 1.96528 5.31201 0.956047 -2.44744 -0.181916 -0.53062 -0.436729 -1.29478 -2.18279 -6.96505 2.16568 -1.43043 5.74967 2.19645 3.72421 1.31044 -2.37696 1.31341 -1.2533 -1.55439 -1.63774 
5.28472 -0.060665 -0.351909 0.0872295 -0.805537 -0.500192 -0.408888 -0.197821 0.0691048 -0.231865 0.0145639 0.0776139 0.0664752 -3.75302 -6.1598 2.31102 -0.742011 2.62334 2.04899 5.48567 0.894571 -2.95437 -0.308748 -1.08094 -0.446682 -1.53953 3.66974 -4.85967 -2.26375 -0.696136 3.26546 0.907592 1.74653 2.36127 -0.646281 1.57369 -1.88787 -1.28204 -0.499423 
4.97307 -0.404543 -0.182624 0.0138544 -0.462781 -0.561804 -0.196472 -0.0888613 -0.104625 -0.0871876 0.141062 0.135413 0.0219909 -2.44843 -6.54835 2.15294 -1.23355 3.45056 2.29553 4.81324 0.693771 -3.01156 -0.00150366 -1.11281 -0.219167 -1.55525 7.46919 0.987956 -4.85834 0.060595 -1.39464 -0.0650536 -2.19641 0.772837 1.58732 0.36415 -1.88405 -0.313026 0.768145 
5.05715 -0.677791 -0.27467 0.0595511 -0.256676 -0.384011 -0.0249589 0.0695873 -0.137318 -0.143259 -0.0145141 -0.0187764 -0.12247 -0.498629 -6.29272 1.29265 -1.64743 3.50496 2.30321 3.6574 0.419656 -2.50685 0.384046 -1.18539 -0.0578704 -1.07179 6.09677 5.83021 -3.7745 -0.146065 -4.17995 -1.49233 -5.34711 -1.86893 2.44077 -0.213023 0.0909956 1.63295 2.1371 
5.25442 -0.717536 -0.397405 0.01979 -0.376549 -0.299983 0.0742338 0.048015 -0.132647 -0.0460123 -0.190065 -0.11959 -0.0276527 1.90735 -4.68469 -0.346176 -1.50072 3.1698 1.64036 2.10564 0.611337 -1.69075 0.689241 -0.883242 0.200853 -0.708713 2.689 6.70066 -1.06243 -0.263443 -2.71977 -2.10373 -5.8541 -2.5027 2.0609 -0.685418 2.37156 2.49113 1.54621 
5.33264 -0.675095 -0.413294 -0.0279817 -0.482428 -0.451754 -0.0552127 0.00476325 -0.151711 -0.170971 -0.104143 0.0882499 -0.0240116 3.39234 -2.78818 -2.34383 -1.43614 2.50433 0.633048 0.297853 0.724284 -0.948047 0.598292 -0.406325 0.237335 -0.354698 -0.194649 3.98335 -0.17257 -0.0315156 -0.146081 -1.26379 -3.32788 -1.10707 1.0779 0.0689564 2.48804 0.68499 0.458185 
5.386 -0.630629 -0.365181 -0.0409476 -0.352407 -0.372154 -0.15594 -0.0529048 -0.140518 -0.10253 -0.0307766 0.111703 -0.0449542 4.43662 -0.573279 -2.85486 -1.76264 1.10381 0.160332 -1.57831 0.608099 0.266499 0.232764 -0.376521 0.150703 0.202681 -1.3625 0.703722 -0.637475 -0.256205 1.2163 -1.22364 -0.577952 1.59136 0.51141 0.33468 1.09659 -1.10146 -0.199505 
5.3719 -0.636548 -0.415595 -0.0900485 -0.356366 -0.331496 -0.167181 -0.100962 -0.123236 -0.0850307 -0.0750777 0.0833483 0.0262184 3.03676 0.319739 -2.27318 -1.89328 0.672281 -0.747774 -2.52154 0.727491 0.401893 0.568718 1.01369 0.938838 0.539749 -1.2534 -0.994809 -0.76896 -0.0436002 0.528511 -0.722822 0.602642 2.96031 0.316141 0.183248 0.0430959 -1.50074 -0.632633 
5.54391 -0.571224 -0.477737 -0.0840809 -0.268949 -0.4204 -0.180757 -0.00932183 -0.123446 -0.0797531 -0.00661995 0.100774 -0.0270707 0.924566 -0.0675321 -2.24642 -1.87114 1.12713 -0.416572 -2.47655 1.34953 0.702052 0.409301 0.92571 0.742894 0.773811 -2.82683 -1.47189 -0.112682 -0.318212 -1.20408 0.368154 0.657062 1.84226 0.477539 0.140213 -1.03579 -0.659544 0.705097 
5.5144 -0.675048 -0.654127 -0.10837 -0.281019 -0.456198 -0.217556 0.0340998 -0.158864 -0.102852 0.0142037 0.0540409 -0.055422 -0.751659 -0.2599 -2.45229 -1.60888 1.80701 0.368267 -1.5699 1.82593 1.43073 0.369067 -0.525777 -0.250006 1.22257 -4.13909 -0.403454 1.14874 0.0478818 -0.697782 1.27967 0.576972 0.14152 1.07074 -0.422946 -1.74254 0.545233 1.53053 
5.58472 -0.632713 -0.571004 -0.233414 -0.253886 -0.437437 -0.291114 0.144879 -0.0335598 -0.063916 -0.0735957 0.00951882 0.00952686 -3.25537 0.736857 -1.68119 -0.781292 1.85029 0.30844 -1.41386 1.44331 1.91089 0.269948 -1.23336 -0.675601 0.882618 -5.59808 1.34349 1.54157 1.56746 0.818145 1.78004 0.685922 -2.02346 1.05292 -0.372523 -1.90675 0.104893 0.719008 
5.43825 -0.676348 -0.564211 -0.172889 -0.302172 -0.45358 -0.293957 0.153248 -0.111851 -0.0274047 0.086343 0.138938 -0.00418297 -4.57277 3.86045 -0.357374 -0.338037 1.39699 -0.597471 -2.02746 0.35697 1.96559 0.478292 -1.1429 -0.508746 0.461444 -4.06199 5.28475 1.97375 1.79482 1.13577 -0.0442995 -0.150898 -3.22291 1.03507 -0.153621 -1.81319 -0.903199 -0.550153 
5.27137 -0.722812 -0.683278 -0.238502 -0.298055 -0.338939 -0.285664 0.141377 -0.0316012 -0.066213 -0.102413 0.0865362 0.144098 -3.41666 6.09145 -0.835032 0.48102 0.196612 -1.25995 -1.70491 -1.73241 2.92098 0.597309 -1.25518 -0.397528 0.571584 1.43773 7.88582 1.08398 2.18226 -0.466386 -3.06671 -0.65647 -3.85794 0.837975 0.514437 0.653275 -0.577778 -2.15349 
5.18732 -0.63566 -0.690169 -0.203282 -0.102303 -0.319297 -0.259417 0.14988 0.0961206 -0.138714 -0.245826 0.0396429 0.145893 0.476793 7.11633 -1.24796 1.04557 -1.12321 -2.07136 -1.39531 -2.79423 3.7917 0.840898 -0.899151 -0.0677439 0.310569 8.51731 5.62496 -1.12957 1.19362 -3.98933 -4.26051 -0.602207 -3.24288 0.762886 1.15985 2.61902 0.39036 -1.85346 
4.8659 -0.370961 -0.499255 -0.0580048 -0.0605417 -0.345579 -0.368674 0.0146548 0.115011 -0.0204122 -0.181193 -0.0385229 -0.0124496 4.44112 6.78568 -1.96399 1.18651 -2.5685 -2.61456 -1.14543 -2.83516 3.90045 0.728224 -0.288985 0.164993 -0.164599 14.389 -0.650259 -3.26932 -0.742319 -5.63695 -2.75634 0.610479 -0.245747 1.0978 0.447809 2.4565 1.52233 -0.000229165 
4.97909 0.1812 -0.44271 -0.145386 -0.241741 -0.630055 -0.513541 -0.0867167 0.061336 0.00854154 -0.0926529 0.0485794 -0.0036866 8.21239 5.97354 -2.03179 0.624701 -3.61178 -2.59864 -1.21035 -1.70754 3.88372 0.467837 -0.0729568 0.0377062 -0.238639 12.3976 -8.01473 -3.17872 -1.40077 -3.92922 1.2442 1.65502 3.36606 0.506483 -0.647003 1.17009 1.26095 0.992276 
5.51337 0.168406 -0.849442 -0.0161695 -0.395894 -0.684496 -0.354852 -0.285859 0.315371 -0.00789587 -0.103431 0.0543331 0.0504931 10.0947 4.75587 -1.97188 0.430686 -4.48243 -2.52816 -0.950225 -0.254464 2.97433 0.088231 1.00596 0.240361 -0.364161 3.04638 -8.77441 0.393423 -2.15995 -0.376606 3.78408 0.837278 6.17379 -1.66974 -1.65876 -0.377598 -0.014821 1.16635 
6.01806 -0.0135417 -0.864044 -0.0687862 -0.54491 -0.698847 -0.388036 -0.189743 0.404114 0.0359339 -0.079015 0.0799382 0.0303844 9.72252 3.11872 -2.24439 -0.272781 -4.74515 -2.23594 -0.0768347 1.09654 1.68328 -0.130186 1.15984 0.343054 0.0643646 -7.58634 -3.88917 2.64629 -1.26968 3.07936 3.22129 0.762102 5.12289 -3.52703 -1.7891 -0.937113 -1.03014 0.563183 
6.1912 -0.0832228 -0.815908 -0.140503 -0.630179 -0.656659 -0.408787 -0.0339011 0.389787 0.00466367 -0.0596078 0.108884 0.0266489 8.15858 1.05964 -2.13161 -0.656838 -3.95548 -1.21288 0.594247 2.30319 0.671853 -0.80653 0.871872 0.260375 0.620019 -12.7987 1.3974 2.96817 0.227964 3.93198 1.05079 0.571531 1.34206 -3.92863 -0.753983 -0.39842 -1.30168 -0.0674758 
6.22424 -0.108555 -0.798201 -0.16792 -0.650883 -0.590445 -0.44335 0.10276 0.33895 -0.0540559 -0.0668462 0.0882418 0.0662628 3.17016 -0.141277 -0.676372 0.0885984 -2.25422 -0.036606 0.605206 2.26004 -0.317082 -0.976237 0.651854 -0.147322 0.40832 -11.6749 3.89278 1.89887 1.43559 2.98476 -1.05286 0.409824 -2.78884 -2.52711 0.283281 0.11841 -0.489749 -0.33417 
6.09497 -0.0243559 -0.831564 -0.135253 -0.646616 -0.594879 -0.396591 0.163135 0.306776 -0.127035 -0.0493587 0.028634 0.0847134 -4.94896 -0.0421989 2.62882 -0.194706 -0.228138 -0.429519 -0.0678414 1.72687 -2.19104 -0.208256 -0.291393 0.145731 0.226147 -9.5688 1.13342 2.2891 1.60713 2.28948 -1.46961 -0.210695 -4.85715 -0.828123 1.7342 -0.766942 0.724895 -0.436908 
5.90412 0.0918508 -0.832671 -0.171191 -0.585892 -0.71807 -0.2793 0.154926 0.215707 -0.0631345 -0.0786019 0.0415697 0.0600981 -13.7835 -0.45284 5.25308 1.82753 2.29538 0.269546 0.360241 -1.12789 -3.89613 0.327859 -1.58821 -0.16334 0.0985141 -11.0454 -2.95678 5.22651 2.3677 2.74151 0.432484 -1.14885 -5.18131 -1.06891 2.10911 -2.13279 0.879362 -0.457992 
5.86944 0.0810938 -0.765085 -0.118535 -0.639444 -0.654697 -0.361095 0.111597 0.187785 -0.0862209 -0.00384102 0.0426019 0.0686368 -14.9878 -1.23091 4.65161 2.40065 2.32298 2.64018 1.3142 -3.44392 -5.13003 0.0869766 -1.36106 -0.681749 -0.335549 -8.81947 -4.71576 3.9887 1.79613 2.1991 3.80969 0.375594 -4.20277 -2.48345 0.869783 -2.25949 -0.0889762 -0.58407 
5.58561 0.143952 -0.686843 0.00342762 -0.598033 -0.667389 -0.414974 -0.0413924 0.192712 -0.0943151 -0.00715054 0.0597941 0.0554127 -12.0333 -1.78836 4.05481 2.63822 1.7813 3.53129 1.09484 -4.85827 -5.47089 -0.00505855 -0.67398 -0.239271 -0.442849 1.35482 -3.74654 -0.346884 0.581684 -0.0646701 5.53649 1.43222 -2.10181 -2.87161 -0.971783 -0.147766 -0.780655 -0.29941 
4.84138 -0.0925239 -0.341932 -0.129172 -0.424702 -0.784544 -0.416467 -0.0511939 0.0579757 0.0854388 -0.255122 0.150683 0.0688057 -8.27272 -2.30806 3.12029 3.30511 1.25988 2.8364 0.420106 -4.11615 -4.66679 -0.384515 -0.256244 0.0484259 0.0527224 14.9832 0.322562 -6.2638 0.542246 -3.15668 3.09817 0.991489 1.09599 -0.152241 -2.98249 3.30184 -0.917002 0.411536 
3.96025 -0.272392 0.0214439 0.289744 -0.15339 -0.482121 -0.315278 -0.373785 -0.218193 0.0672433 -0.370658 0.0184859 0.0328394 -4.17557 -1.98005 1.63534 3.72236 0.150207 2.46429 -0.0527706 -2.54377 -3.53069 -1.14168 0.391623 0.0161538 0.461023 22.4876 4.01195 -8.92064 -1.1209 -5.2989 -3.08773 -1.04783 5.42735 3.99882 -2.68069 4.57844 0.546002 1.27595 
4.84867 -0.247014 -0.549012 0.0697163 -0.530477 0.0043033 -0.132435 -0.381228 -0.344713 -0.163008 -0.0869948 -0.0748168 -0.0230456 -0.670156 -1.09528 0.663909 3.2857 -0.683248 1.51975 -0.340297 -0.890622 -2.29434 -1.5084 0.815272 0.0502513 0.344618 12.6673 4.48482 -3.25577 -0.125685 -2.79957 -8.04796 -3.42771 6.56094 6.29704 -0.523714 1.98446 1.49244 1.34797 
5.37958 -0.163127 -0.529259 0.1101 -0.5626 -0.242522 -0.335923 -0.398483 -0.290753 -0.136444 0.00173417 0.0905337 0.0499568 1.93322 -0.225252 0.132452 2.06764 -0.824978 0.996295 -0.578741 0.577282 -1.39984 -1.62115 1.51655 -0.207213 -0.0852664 -2.73076 2.53292 2.25621 -0.873647 0.745421 -5.75253 -2.15812 4.47997 4.42739 1.12737 -0.9957 0.344431 -0.365049 
5.33692 -0.141998 -0.564159 0.314351 -0.51476 -0.618256 -0.388351 -0.121334 -0.111101 -0.170177 -0.0412178 0.0730537 0.156984 0.0160246 1.20497 -0.0537673 0.865924 -1.14119 0.756975 -0.0382844 1.14876 0.217055 -2.03858 2.30137 -0.353066 -0.413052 -15.6383 -0.0820827 6.08109 -3.21069 3.02425 0.800731 0.894429 -0.433453 0.484304 1.80702 -2.19845 -0.629988 -2.18785 
5.3608 -0.0436826 -0.601552 0.331674 -0.633126 -0.538974 -0.382584 -0.0452656 -0.100396 -0.202411 0.000862459 0.0637743 0.134784 -7.01317 1.71773 2.36506 -0.876374 0.211711 -1.07225 -0.236175 1.81429 1.26679 -0.933367 1.28488 -0.233609 -0.359774 -22.2211 -1.52332 6.99391 -3.48504 4.60414 4.32972 2.94311 -3.97823 -2.0287 1.52536 -2.11572 -1.56223 -2.14824 
5.2679 -0.0545796 -0.414286 0.279853 -0.636605 -0.514114 -0.479359 -0.066909 -0.0632903 -0.203518 -0.00608288 0.0729822 0.0468942 -17.1175 0.962328 5.91963 -0.661155 2.63952 -1.58 0.272171 0.883297 1.05923 0.669138 -0.106714 -0.632589 -0.53171 -18.8204 -1.48258 3.84662 -2.7993 3.46401 3.68729 3.59127 -3.9473 -2.26201 1.39589 -0.931786 -1.39386 -0.484776 
4.92669 -0.0814281 -0.284179 0.131444 -0.409412 -0.437071 -0.414858 -0.114518 -0.183599 -0.146266 -0.011998 0.00665458 -0.04545 -20.8619 -1.51805 7.02183 -1.21373 2.93326 1.54359 1.51828 -0.375516 0.290838 1.00008 -0.283692 -1.05589 -1.25945 -9.12326 -2.74761 1.95419 0.5004 1.15365 1.08558 1.46497 -2.21831 -0.59905 1.41946 -0.389249 0.0488718 1.0945 
3.91564 -0.0605821 -0.175446 0.0455723 -0.447288 -0.295766 -0.166226 -0.203917 -0.102007 -0.227327 0.0109875 0.00408038 -0.0319168 -15.2404 -3.68257 4.9775 -3.67979 2.13684 3.84709 2.02615 -1.45142 0.162354 1.40974 -0.210179 -0.501567 -1.29601 11.3501 -4.63688 -3.1178 0.749939 -1.65707 0.439828 -0.872549 0.446741 0.727059 1.20787 0.0295335 1.06069 1.29898 
3.15043 -0.0454869 0.172526 0.0867117 -0.208986 -0.453893 -0.286759 -0.208784 -0.149056 -0.104613 -0.124843 -0.0571317 0.0247754 -9.3493 -4.85036 2.06866 -4.45094 1.22978 4.01093 1.9135 -1.48091 0.618338 1.48867 -0.370354 0.0602332 -0.541085 27.934 -4.66209 -8.95902 -1.49051 -5.13679 2.38642 -1.31194 1.35654 1.61127 -0.226713 0.952465 2.08753 0.633715 
3.06034 -0.125933 0.130856 0.106416 -0.225472 -0.418891 -0.20426 -0.244073 -0.169925 -0.00505835 -0.0416279 -0.0734483 0.00242193 -4.34886 -5.97413 -0.627398 -4.30533 -0.0272756 4.00315 1.8479 -0.86836 0.990236 1.11677 -0.49966 0.752842 0.112309 27.3276 -2.90537 -9.70238 -3.00311 -4.9852 1.99912 -1.43252 1.63815 1.73389 -1.60297 0.227924 2.25042 0.39661 
3.3148 -0.552284 0.258187 0.14367 -0.30565 -0.103276 -0.220618 -0.284296 -0.139916 -0.0532096 -0.010296 0.0141172 -0.0742762 2.32232 -7.15214 -2.38878 -3.41584 -1.28071 3.13531 0.946026 0.235264 1.62397 0.423794 -0.758902 1.39308 0.469522 12.7693 0.593991 -6.46938 -1.65806 -2.12004 -1.36748 -0.667215 1.84358 0.876973 -1.9515 -0.775795 1.06178 0.694333 
4.60916 -0.654497 -0.351337 -0.366692 -0.481831 -0.0266642 -0.172861 -0.192767 0.00380928 -0.0392871 -0.0394099 0.0740667 -0.00554352 8.99108 -7.66792 -3.73463 -2.9695 -1.82865 2.41304 0.153246 0.407566 1.28024 0.363467 -0.479756 1.48298 0.668802 -6.9575 1.94446 1.65806 3.24545 0.973693 -3.74088 -0.334037 0.608337 -0.660127 -1.42565 -0.743187 -0.360778 0.655939 
4.5373 -0.554568 -0.479357 -0.317475 -0.549097 -0.0379447 -0.221694 -0.226171 -0.000998442 -0.0555115 -0.0544278 0.0936702 0.0446693 12.2554 -7.07261 -4.08811 -2.34486 -2.80313 1.31615 -0.0870267 0.0894508 1.40645 0.138886 -0.431503 0.988102 1.28498 -10.6154 1.35729 6.59172 5.10206 2.38934 -4.89334 -0.846336 -0.542163 -1.42686 0.375618 -0.471515 -1.8536 0.82313 
4.08487 -0.769602 -0.358222 -0.267898 -0.497223 -0.0348775 -0.175474 -0.186956 -0.00787487 -0.0992625 -0.102613 0.143126 0.0189582 11.505 -5.95991 -2.97873 -1.30709 -2.3587 -0.73537 -0.150324 0.258875 1.39792 0.306435 -0.901277 0.270295 1.5842 -2.63847 1.34602 5.43209 3.98451 1.07479 -3.84439 -0.487016 -1.39528 -0.966798 1.78018 0.431074 -2.51997 0.737127 
4.2997 -0.951018 -0.297803 -0.167043 -0.457992 -0.154941 -0.211798 -0.0725559 0.0343319 -0.152359 -0.152285 0.138361 0.0258186 9.11668 -3.92975 -1.4991 0.0826126 -1.25243 -2.69634 -0.182187 0.497249 0.947286 0.256541 -0.98887 -0.494248 1.51807 4.01199 1.99446 2.27692 1.21351 -0.0247118 -1.59008 -0.0292723 -1.17603 -0.236894 1.48469 0.556552 -1.88011 0.134214 
4.48356 -0.976009 -0.327432 -0.204043 -0.520959 -0.12506 -0.198259 -0.247286 -0.0352422 -0.052973 -0.0468445 0.100031 0.0964967 6.48084 -2.99847 0.836666 1.42812 -0.43439 -2.90423 -0.148654 -0.066451 0.17678 0.207063 -0.617619 -0.515491 1.2054 5.86218 3.00409 -1.08159 -1.30057 0.0902939 -0.184238 0.528571 0.461791 0.310262 -0.102576 0.00136438 -0.133462 -0.644859 
4.78549 -0.947941 -0.226069 -0.136002 -0.608133 -0.317342 -0.316773 -0.291335 0.0173413 0.0306128 -0.142011 -0.0196021 0.219291 9.36341 -1.71686 0.675121 0.342576 -0.848618 -2.44008 0.996052 -0.120632 -0.520137 0.728871 0.18822 -0.650096 0.852598 1.20318 3.35427 -1.82654 -2.06809 0.465033 1.97257 1.95092 1.00623 -0.973659 -1.17722 0.886083 1.53485 -1.66475 
4.95576 -1.0593 -0.307976 -0.129534 -0.591497 -0.363737 -0.1595 -0.18522 0.0723047 0.0397383 -0.139979 -0.00473987 0.13199 9.63836 -0.0582597 -0.0262102 0.127734 -0.533465 -1.88898 0.596933 -0.567244 -1.13197 0.722843 0.585756 -0.986797 0.644891 -3.35579 2.66947 -0.793692 -1.55666 0.8177 2.79515 1.00139 0.0283276 -2.183 -1.14909 1.26686 1.36989 -1.22713 
5.11026 -0.982832 -0.28345 -0.120245 -0.501056 -0.362312 -0.22295 -0.11798 0.0432058 -0.102978 -0.152237 0.0170699 0.0953944 6.34226 1.37567 -0.571633 0.0167035 0.156449 -0.43448 1.3358 -0.405472 -1.65566 0.515132 0.592198 -1.05045 0.271635 -6.0452 1.71997 -0.477701 -0.219158 0.7301 2.70686 0.6924 -0.733102 -2.1315 0.175511 1.01485 -0.122946 -0.299454 
5.24276 -0.938837 -0.332157 -0.234526 -0.541786 -0.304417 -0.190826 -0.236696 -0.020991 -0.067165 -0.104343 0.116068 0.152879 2.01108 2.61188 -0.382937 0.685454 0.649601 0.613651 1.74251 -0.270874 -1.8361 0.0902564 0.197325 -1.13446 -0.77559 -9.12081 1.55603 0.302645 1.92482 0.862486 1.99781 0.0866172 -0.972737 -0.947042 0.716533 -0.214153 -1.91732 -0.447324 
5.48641 -0.820125 -0.342166 -0.298886 -0.688662 -0.282455 0.0347197 -0.211829 -0.152519 0.0547648 0.0171841 0.0382779 0.113717 -0.8985 5.14681 0.0626276 1.97046 0.243324 0.479755 1.54666 0.292018 -1.89081 -0.16978 0.881627 -0.895205 -1.55138 -9.2106 2.85719 1.34104 4.04368 0.535808 -0.383411 -1.35379 0.355521 1.28483 -0.103798 -1.3248 -1.58992 -0.918276 
5.14364 -0.892199 -0.314794 -0.12578 -0.473942 -0.310566 -0.2383 -0.272946 -0.16432 -0.0334011 -0.0519704 -0.0456979 0.11704 -0.625097 7.19348 0.290022 3.82093 -1.15747 -0.91258 0.396672 0.429193 -1.57452 -0.119242 0.963639 -0.455911 -1.04217 -1.99849 4.67238 1.05495 4.20365 -2.24361 -2.86416 -0.772929 1.94537 2.28078 -0.479021 -0.477108 0.748746 -1.03388 
4.968 -0.763983 -0.386096 -0.113874 -0.426305 -0.156705 -0.0157306 -0.181563 -0.174521 -0.0236051 -0.0888975 -0.0740967 0.125885 0.488277 7.9513 0.0783287 4.82006 -2.19897 -2.1126 -0.554057 0.563142 -1.26438 0.207192 1.06267 0.17791 -1.10624 6.62748 4.35139 0.545218 3.03412 -4.02271 -4.95712 -2.7036 1.60468 1.63663 -0.645701 0.814803 2.91574 -0.290236 
4.66148 -0.585235 -0.285058 -0.00649218 -0.506805 -0.138675 -0.0134296 -0.330008 -0.183126 0.00738858 -0.123708 -0.127536 -0.0244515 1.82195 8.04893 0.0764517 5.45304 -2.99307 -2.98061 -1.80685 0.850258 -0.858081 0.215642 0.867517 0.198975 -0.846818 11.843 0.98701 -1.04055 0.257065 -3.88623 -4.10206 -3.08568 0.764717 0.260849 0.172249 1.43272 3.14062 1.60667 
4.87749 -0.137872 -0.180618 0.233959 -0.665157 -0.467466 -0.131402 -0.068885 -0.119093 -0.0356973 0.0214295 -0.0652814 -0.0575069 3.56081 7.30341 -0.102115 5.19035 -3.83154 -3.21183 -2.76328 0.551647 -0.27169 0.22914 0.392288 0.755395 -0.0992172 8.63961 -4.2421 -1.90467 -2.73437 -1.67186 0.134235 -1.85842 -1.5794 -0.871796 1.07178 0.0099158 0.948675 2.39093 
5.39431 -0.0854871 -0.325162 0.399777 -0.840868 -0.627326 -0.205078 -0.0756534 -0.113034 -0.058217 0.00688357 0.0929414 0.0717467 6.05056 6.38599 -0.460597 4.01167 -4.69605 -3.21629 -2.50328 0.453271 -0.054607 0.447449 0.480892 1.23817 0.30114 -0.287592 -6.35781 -0.956104 -4.04575 1.492 3.48896 -0.496079 -2.26906 -0.515636 0.838057 -1.37383 -1.50969 1.54696 
5.54367 -0.0528876 -0.357322 0.312798 -0.830023 -0.598748 -0.323932 -0.155183 -0.215869 -0.0228574 0.0458216 0.151131 0.000668411 6.71791 4.27146 -0.491588 3.08235 -4.24926 -3.17622 -3.07076 -0.126934 0.1359 0.329914 0.245641 1.26015 0.781736 -5.68574 -5.23676 0.134165 -3.10329 2.3841 3.91748 1.95537 -1.32463 0.770714 0.116975 -1.9135 -2.20531 0.710953 
5.5526 -0.0619175 -0.347862 0.320234 -0.940858 -0.57628 -0.361243 -0.193432 -0.227499 0.0603932 0.0340493 0.00964769 0.0944557 6.12705 1.94551 -0.858423 1.70916 -3.00787 -2.02461 -2.47772 -0.354214 0.180947 0.277522 -0.153491 1.01286 1.26497 -6.41299 -2.71653 0.94549 -1.38556 2.70636 1.95906 2.30353 -0.289208 1.32779 -0.902427 -1.21456 -0.826627 -0.772973 
5.59885 -0.097469 -0.347255 0.349289 -1.01099 -0.542943 -0.36188 -0.210331 -0.169907 0.0577316 -0.0492662 0.0178839 0.144409 3.46805 -0.225153 -0.749247 0.459099 -1.55825 -0.524838 -1.57264 -1.05855 0.117744 0.17644 -0.663971 0.428124 0.932578 -3.61196 -0.547948 0.888644 -0.125346 2.45102 -0.413886 1.56708 0.98941 0.769797 -1.27076 0.319829 0.438455 -1.28303 
5.57103 -0.0784907 -0.383496 0.346693 -0.951201 -0.573336 -0.38247 -0.184766 -0.135052 -0.0122536 -0.0464477 0.0721647 0.104434 0.737362 -0.461328 -0.22864 0.0736921 -0.331926 -0.363562 -0.716258 -0.629682 0.382373 -0.221772 -0.582106 0.10781 0.172842 -0.958858 -0.135621 0.23482 0.149234 1.66489 -0.984074 0.950828 0.740318 -0.24896 -0.745958 0.817191 0.828737 -1.05329 
5.56505 -0.102271 -0.346171 0.354046 -0.957412 -0.599788 -0.352359 -0.222061 -0.122578 -0.00276193 -0.0568764 0.0704069 0.118019 -0.223549 -0.396965 -0.217513 0.29235 0.254687 -0.900359 0.0834245 -0.0486445 0.629269 -0.71974 -0.430086 0.348301 -0.175008 -0.505106 0.337312 -0.239589 -0.229784 1.15927 -0.748926 0.43654 0.670238 -0.878067 -0.317697 0.990241 0.461453 -1.14563 
5.57541 -0.11791 -0.348849 0.348153 -0.939175 -0.586531 -0.36896 -0.235337 -0.135757 0.00893868 -0.0529141 0.0676121 0.107868 -0.582403 -0.126869 -0.360012 0.129171 0.938213 -1.32061 0.518468 0.402199 0.407551 -1.20035 0.119795 0.862663 -0.977811 -0.711063 0.668731 -0.462048 -0.191462 0.325733 -0.66612 0.631294 0.776662 -0.584579 -0.265753 0.769899 -0.0427152 -0.799383 
5.59338 -0.141008 -0.346832 0.360213 -0.91471 -0.629487 -0.382131 -0.182487 -0.142372 -0.0338401 -0.0282418 0.0854795 0.0873767 -0.782457 0.0580801 -0.336563 -0.143852 1.12408 -1.40729 0.600415 0.865558 0.0719127 -1.2442 0.836034 0.610364 -1.31695 -0.661077 0.723662 -0.387047 -0.345119 -0.15289 -0.155361 0.624697 0.740539 -0.114733 -0.284416 0.620736 -0.221046 -0.561356 
5.53841 -0.105532 -0.389967 0.36749 -0.874569 -0.675825 -0.339016 -0.188711 -0.130266 -0.0645724 -0.0377113 0.12702 0.0498174 -0.702332 0.0284757 -0.00932503 -0.579085 1.09836 -1.34192 0.688867 1.10481 0.0922152 -1.0672 1.11855 0.345902 -1.21569 -0.101847 0.232035 0.356311 -0.79032 -0.19892 0.296019 0.125963 0.719022 0.206199 -0.0845157 0.787676 -0.518066 -0.0876052 
5.50006 -0.0877937 -0.388995 0.344616 -0.867213 -0.702608 -0.312999 -0.172164 -0.145067 -0.0685803 -0.0167752 0.117518 0.018053 -0.713131 0.128742 0.241102 -0.797795 0.946313 -1.23698 0.382397 1.55144 0.0837154 -1.13741 1.59712 0.164142 -1.10114 0.548306 -0.372049 1.13086 -0.794947 -0.364211 0.628314 -0.591426 0.510497 0.315171 0.247683 0.834553 -0.687665 0.648877 
5.49032 -0.0776863 -0.403159 0.344091 -0.863126 -0.728013 -0.282572 -0.129428 -0.141685 -0.111031 0.028103 0.119392 -0.0202608 -0.930725 0.30392 0.654387 -0.889588 0.723721 -1.56967 0.333079 1.45214 0.0736977 -0.756374 1.64251 0.00450189 -0.731716 0.499319 -0.428001 1.42238 -0.501639 -0.351059 0.215676 -1.03394 -0.0497539 0.105037 0.822459 0.35738 -0.530278 1.18965 
5.50552 -0.0938855 -0.384956 0.315158 -0.857273 -0.705024 -0.313867 -0.0720498 -0.137082 -0.127949 0.0799779 0.096647 -0.0268122 -1.16833 0.50175 0.908261 -1.06901 0.730141 -1.87647 0.0317561 1.27995 -0.0561701 -0.208068 1.51791 -0.130777 -0.304278 -0.271538 0.140518 0.909561 0.0524843 -0.126951 -0.930966 -0.820006 -0.575101 -0.273671 1.12893 -0.384236 -0.0455934 1.19584 
5.50598 -0.111076 -0.319042 0.237017 -0.801615 -0.740869 -0.2996 -0.0766058 -0.0974827 -0.116493 0.0871729 0.105061 -0.00947062 -1.55653 0.684215 1.10518 -1.39895 0.914936 -1.46091 -0.667149 1.13131 -0.325713 0.183324 1.40307 -0.406883 0.217942 -1.37949 0.948192 -0.189078 0.302423 0.187817 -0.809151 -0.730433 -0.83747 -0.790636 1.08611 -0.8793 0.0654371 0.834974 
5.4948 -0.105734 -0.28589 0.266326 -0.855583 -0.742464 -0.357023 -0.0232876 -0.130145 -0.134371 0.166776 0.0796793 0.00535086 -2.82851 1.11414 1.12034 -1.69325 1.67879 -1.53888 -0.528663 0.755545 -0.318693 -0.0355499 0.974865 -0.370652 0.465866 -2.61165 1.34453 -0.816037 -0.381903 1.3501 -0.27143 0.0563485 -0.927924 -0.597616 0.266694 -1.26053 0.0882316 0.256638 
5.43152 -0.064091 -0.267431 0.268772 -0.841552 -0.86109 -0.324012 -0.0727818 -0.144891 -0.0639545 0.12482 0.089285 0.0273189 -4.18356 1.52229 1.29254 -2.1048 2.15557 -1.28402 -0.408265 0.366668 -0.236054 -0.278349 0.434573 -0.075202 0.372049 -3.13771 1.07238 -0.607346 -1.13857 1.86004 1.14944 0.483434 -0.435096 0.0777639 -1.22772 -0.906604 0.240366 -0.482484 
5.38018 -0.0293341 -0.28425 0.232913 -0.778131 -0.936514 -0.359176 -0.0370906 -0.163958 -0.0520601 0.122794 0.103588 0.0318346 -5.59691 1.76913 1.51053 -2.28822 2.47552 -0.885134 -0.524577 0.228978 0.240796 -0.782083 -0.0574216 0.0780624 0.35876 -3.07706 0.337253 0.479336 -1.26913 1.35682 2.02007 0.531383 -0.1183 1.16447 -2.07428 -0.617474 0.310077 -0.666595 
5.27127 0.0178417 -0.284861 0.151398 -0.723856 -0.789725 -0.439661 -0.0477014 -0.197658 -0.0530645 0.138322 0.0550416 0.0621361 -7.02112 1.91034 1.67822 -2.41247 2.93831 -0.492421 -1.0274 0.552782 0.806108 -1.26771 -0.517381 0.0854643 0.269392 -2.40317 -0.384326 1.40692 -0.574154 0.517549 1.01819 -0.0286527 0.500438 2.03524 -1.83016 -0.612559 0.489382 -0.515177 
5.0385 0.0750742 -0.26089 0.0990066 -0.581554 -0.895244 -0.29859 -0.0630087 -0.157471 -0.172022 0.113457 0.0735911 0.034201 -7.83127 1.54183 1.72786 -2.49367 3.43655 0.0929809 -1.49583 0.59664 1.41257 -1.36816 -0.982403 -0.0654501 0.473973 -0.80872 -1.07353 1.16983 0.584545 -0.596786 0.756918 -1.85845 0.912258 1.7121 -0.176074 -0.484384 -0.0897838 0.35755 
4.94069 0.092607 -0.190573 0.0311674 -0.589264 -0.833412 -0.325527 -0.0555434 -0.126866 -0.199856 0.0970578 0.136916 -0.0154327 -8.40172 0.284924 3.03456 -2.80312 3.13921 1.95119 -2.45989 0.556082 1.39488 -1.05054 -0.994389 -0.514708 0.463108 -0.0617599 -2.00732 1.26403 0.794638 -0.715535 1.20699 -2.66538 0.368014 0.375362 1.70386 -0.460466 -1.07076 0.992424 
4.79846 0.0847484 -0.111818 0.0104938 -0.564095 -0.798351 -0.42587 -0.0170118 -0.0279906 -0.244844 0.0814928 0.103876 0.0442201 -7.96891 -2.12496 3.95614 -3.27867 3.10538 4.10599 -1.83712 0.604001 0.553951 -0.568946 -1.29034 -0.639105 0.699634 1.09158 -3.91518 1.29234 -0.299671 -0.25455 3.42316 -0.974787 -0.215691 -2.12402 2.54372 -0.299216 -1.17261 0.808495 
4.60378 0.119195 -0.0743115 -0.0219465 -0.460941 -0.846215 -0.519204 0.0547432 0.0167942 -0.252623 0.0380053 0.091963 0.0495097 -6.20708 -5.15248 3.54916 -3.66412 2.90609 5.73179 -0.648748 0.826809 0.117212 -0.0562516 -1.25783 -0.591301 0.551799 3.01167 -6.32856 0.499992 -1.63818 -0.16147 5.7349 2.40499 -0.690058 -3.28371 1.94787 0.166463 -0.615096 0.0654071 
4.53129 0.0665263 -0.108554 0.00221428 -0.422569 -0.788534 -0.579774 0.0221497 0.0160528 -0.201819 0.0172528 0.0406959 0.1204 -3.52543 -7.99267 2.74591 -4.42154 1.81182 7.13275 -0.089995 1.0954 0.0296245 0.503928 -0.82616 -1.20748 0.751278 4.97162 -7.2203 -0.975131 -2.65978 -0.741228 4.69635 4.98824 -0.00270194 -1.95894 0.227161 0.693803 0.0691801 -0.780567 
4.36151 -0.117851 0.216895 -0.150184 -0.459242 -0.480255 -0.701944 -0.0409131 -0.0707753 -0.0962845 0.0135284 -0.0182545 0.08048 -1.30267 -9.69112 1.69851 -5.10962 0.954842 7.3879 0.775164 0.717842 0.0479538 0.815732 -0.226441 -1.41442 0.770878 6.53214 -4.909 -3.80973 -2.00569 -1.84359 0.701692 4.51902 0.518377 0.898254 -1.03108 1.3136 0.489806 -0.673146 
4.40811 -0.461178 0.223235 -0.298894 -0.31182 -0.192274 -0.432731 0.0386675 -0.243309 -0.133791 -0.0433311 0.0264699 0.13365 0.589886 -10.4576 0.69263 -5.20765 0.141173 6.96777 1.7257 0.615849 0.172983 0.876414 0.77292 -0.985793 0.168639 4.92401 -0.0175617 -4.12043 -0.0479498 -2.92543 -4.00766 0.683542 0.235811 3.49892 -0.98076 2.18969 0.26521 -0.637315 
4.54868 -0.758305 0.0347842 -0.37346 -0.300027 -0.0630368 -0.274558 0.0656381 -0.143033 -0.158342 -0.000719557 0.0359374 0.0584976 1.80302 -10.4507 -0.246442 -5.21253 -0.992944 6.31202 2.15616 0.387079 0.363423 0.236896 0.621925 -0.289917 0.578215 1.15678 4.29191 -2.06104 1.44641 -2.68608 -5.82711 -2.53168 -0.416244 2.6316 -0.655648 1.09752 0.719265 0.429329 
4.7069 -0.952684 0.0162407 -0.516154 -0.472088 -0.0843678 -0.3102 0.116029 -0.00838858 -0.171786 0.0487809 -0.0862875 0.114115 2.15407 -8.75182 -0.911109 -4.15329 -1.44754 3.92513 1.52544 -0.0695762 0.938017 -0.54655 0.84834 0.456012 0.608094 -2.31627 6.20216 0.102077 3.10513 -0.806471 -4.89557 -3.5198 -1.53536 0.21436 -0.570251 -0.270327 1.7767 0.827 
4.74204 -0.981421 0.000515884 -0.600217 -0.527703 -0.0625798 -0.377572 0.0145596 0.0151744 -0.114864 0.0994899 -0.0424984 0.117059 1.62519 -6.62473 -1.87206 -2.16429 -0.831058 2.03596 1.05317 -0.909966 1.45405 -1.05996 0.730803 0.683494 0.455605 -4.06668 4.85443 1.57197 3.83049 1.61094 -2.13798 -2.12727 -1.8606 -1.56198 -0.957429 -1.56686 1.49579 0.422602 
4.70764 -1.03447 -0.0116504 -0.542712 -0.493774 -0.100522 -0.342304 0.0935108 0.0467551 -0.128562 0.216407 0.00821744 0.0443559 0.535212 -4.06292 -1.44887 -0.660161 -1.01833 0.821589 -0.629581 -1.21578 1.97044 -1.15056 0.40329 0.672259 0.583305 -2.94537 2.82079 0.971999 3.28367 2.5977 0.0964366 -0.507882 -1.42082 -1.44158 -1.0625 -2.19946 0.439407 0.32069 
4.65731 -1.11308 -0.0486616 -0.637052 -0.581475 -0.0200327 -0.351086 0.0509154 -0.0170816 -0.229554 -0.021888 0.0841539 0.237691 -0.807964 -2.29113 -0.871593 0.362923 -0.532003 0.52137 -1.32927 -1.35177 1.16111 -1.04723 -0.0198158 1.03667 0.818553 -1.11726 1.46208 0.0589566 2.38875 2.06458 0.71715 0.019008 -0.201535 0.013857 0.0423905 -0.358854 -0.791644 -0.885204 
4.64985 -1.03258 -0.0111542 -0.492358 -0.544883 -0.198408 -0.481017 -0.0787678 0.0257029 -0.251989 0.100979 0.106628 0.184523 -2.0939 -1.37915 -0.878945 1.06638 0.0938319 1.02653 -0.520601 -1.41031 0.139467 -0.642941 -0.437216 1.10388 0.410341 -0.312864 0.4124 -0.430021 -0.0262184 0.0438866 1.56549 0.944251 1.32464 -0.0254951 1.28877 0.119655 -1.34431 -0.713863 
4.532 -1.14765 -0.026634 -0.407723 -0.346063 0.0158715 -0.356148 -0.167337 0.0142163 -0.247827 0.0566746 0.0447662 0.0840701 -0.456381 0.497979 -1.16805 0.502081 -0.762919 0.392663 -0.328711 -0.399691 -0.280294 -0.191697 -0.170592 0.563814 0.244059 1.98753 2.19 -0.750244 -2.27483 -2.70774 -0.35172 0.624659 2.40856 -0.817914 2.04275 1.08716 -0.59612 -0.219193 
4.60413 -1.11204 -0.0669283 -0.440926 -0.482035 0.000325332 -0.450146 -0.00223757 0.122383 -0.285543 0.0186913 0.0597925 0.194935 -0.0789051 2.59363 -1.72722 -0.357229 -1.5123 -0.64842 -0.292961 0.0813938 -0.348082 0.576447 0.124067 0.407128 0.116757 2.2793 4.02553 -0.989978 -2.9262 -3.00429 -2.40787 0.909138 1.8883 -1.55184 2.00024 1.43236 0.0685044 -0.423681 
4.54323 -1.12893 -0.107286 -0.447986 -0.50361 -0.0109681 -0.477949 -0.0495871 0.0549088 -0.237493 0.0671585 0.11731 0.183974 -2.21111 3.80859 -2.081 0.0772305 -1.57538 -1.81433 -0.254829 1.43489 0.260838 1.74372 0.95313 -0.403033 -0.677912 -0.437252 4.69658 -0.949386 -1.52486 -1.91207 -3.72327 0.195893 1.70697 -0.274861 1.43774 0.684702 -0.3935 -0.293084 
4.41561 -1.13941 -0.100512 -0.471959 -0.531422 0.0741559 -0.309881 -0.0860022 -0.0489611 -0.157491 0.0429429 0.0538865 0.12963 -5.97366 5.1421 -2.55779 0.346625 -1.46024 -2.0013 0.185035 1.82168 0.238261 1.605 0.830953 -0.622076 -1.10998 -6.21922 3.98404 -0.802596 1.71345 0.943328 -3.47884 -0.884433 0.752558 1.57936 0.0468753 0.642103 -0.645706 -1.0682 
4.91544 -0.75043 -0.181595 -0.635153 -0.744841 -0.149638 -0.428353 0.0803903 -0.0432771 -0.128733 0.162989 0.0593342 0.138373 -8.56827 6.79492 -2.42888 1.34727 -0.422226 -2.97796 0.45798 1.6095 -0.412154 0.978558 0.73174 -0.812584 -1.05974 -12.4219 0.630752 0.0276176 4.70509 4.66915 -0.0476879 0.381398 -0.931448 1.21369 -1.5721 -0.87824 -1.08369 -1.13723 
4.60863 -0.609314 -0.278912 -0.633578 -0.716668 -0.294995 -0.412711 0.0659327 0.00654003 -0.109898 0.135164 0.136849 0.150503 -11.1868 6.72446 -2.7848 2.36293 1.28025 -2.95839 0.822853 1.49506 -0.989651 -0.136811 -0.0934692 -1.54255 -0.967591 -10.0875 -1.65276 0.405346 4.56907 5.08077 2.24075 0.795896 -1.01079 -0.565801 -3.1881 -1.94306 -1.44587 0.0469315 
3.99086 -0.670145 -0.282218 -0.390357 -0.634747 -0.336879 -0.464986 0.198191 0.134083 0.00824941 0.131536 -0.0450777 0.0829016 -12.038 6.12412 -2.56206 2.47078 1.40232 -2.04572 1.72328 1.48799 -0.595197 -0.675068 -0.738501 -1.08285 -0.929914 -1.25944 -2.45473 0.487535 0.835295 2.47067 3.40945 2.17388 -1.46292 -2.37917 -3.15028 -2.11812 0.382355 0.979824 
3.46699 -0.451172 -0.334344 -0.27561 -0.515806 -0.251843 -0.384246 0.0359279 0.0778363 -0.157808 0.170377 -0.00554291 -0.0584805 -11.5952 5.10132 -2.25509 2.18628 1.3826 -1.0563 2.08848 0.938665 -0.259077 -1.25732 -1.24869 -0.273547 -0.949228 8.01554 -3.03341 0.61193 -3.22805 -1.82174 2.71242 2.22176 -0.250447 -1.49358 -0.861736 -1.74754 1.64982 1.43776 
3.47072 -0.306487 -0.301225 -0.183302 -0.314412 -0.284249 -0.271852 0.0445405 -0.108874 -0.233758 0.0706014 -0.0489251 0.0545153 -11.2883 3.27322 -1.9786 1.31001 1.96239 0.915553 3.31712 0.709367 -0.0901145 -1.56134 -1.54513 -0.1257 -1.25435 10.6635 -2.43547 0.152937 -5.74201 -4.55833 1.85488 1.22931 0.75836 1.44745 1.21065 0.166268 2.42631 -0.0483068 
3.31727 -0.411947 -0.475603 -0.20808 -0.339202 -0.324503 -0.352665 0.210518 -0.109931 -0.356634 -0.0631121 -0.145351 0.158055 -7.69514 2.44957 -1.4993 -0.515237 1.22127 0.960186 3.3874 0.280854 -0.254227 -1.17109 -1.20707 0.0443166 -1.29306 6.95329 -1.38967 0.824644 -4.90251 -3.1916 0.516854 0.619566 -0.404424 2.6358 2.73261 1.78697 1.88998 -1.60424 
3.36527 -0.40501 -0.392811 -0.343617 -0.562626 -0.166886 -0.100407 0.125446 -0.0331883 -0.192412 -0.000535212 0.0857527 0.024352 -4.14988 1.81406 -1.31527 -1.8668 1.02626 0.675183 3.17971 0.473021 -0.00823568 -0.82148 -1.05579 0.716566 -0.914136 1.49794 -0.799581 0.605691 -1.41008 0.95679 -1.35611 -1.49098 -0.0238158 1.89567 1.74274 1.7612 -0.799765 -1.11523 
3.45516 -0.312746 -0.402775 -0.408553 -0.59125 -0.175387 -0.112028 0.0809923 -0.0023222 -0.240193 -0.0322142 0.107747 -0.0188398 -2.70329 0.634629 -0.933895 -2.13171 1.19302 0.57346 2.47383 1.23362 1.00072 0.263659 -0.668021 0.81837 -0.755816 -1.96148 -0.550979 0.509369 1.59077 3.76201 -1.70618 -2.06832 0.251113 0.351053 0.588642 1.14551 -1.41943 0.150415 
3.30868 -0.296925 -0.492737 -0.516672 -0.428518 -0.0772872 -0.0147707 0.239162 0.0714183 -0.27131 0.0266473 0.0192721 -0.0730647 -3.08877 0.170558 -0.474457 -1.83677 1.40537 0.751097 2.09189 0.782875 1.43964 0.842718 -0.617149 0.877395 -0.842079 -1.71243 -0.858907 0.946858 3.42677 3.31133 -1.30302 -1.93384 0.0594359 -1.01742 0.156 -0.794838 -0.779956 1.8851 
3.22876 -0.321419 -0.438735 -0.5611 -0.466247 -0.317211 -0.0824931 0.0626591 0.0111394 -0.162146 0.0311419 0.00935114 -0.0680666 -3.23259 0.30665 0.266858 -1.16028 1.83914 0.269147 1.52805 0.249164 0.82963 0.871158 -0.547931 0.763007 -0.474742 -0.912545 -0.95124 0.689349 2.82825 0.808786 0.691367 -0.956877 0.465843 -1.01773 -0.561889 -1.6384 0.216563 2.03892 
3.17861 -0.343525 -0.455193 -0.426135 -0.295287 -0.259817 -0.0850732 0.231468 0.0649979 -0.204202 -0.0137321 0.0255201 -0.0304291 -3.71234 0.110827 0.28893 -0.22941 2.72789 -0.422052 0.235543 0.084277 0.00237033 0.136077 -1.28427 -0.0974571 0.619773 0.454059 -0.129818 0.958076 0.534967 -1.96149 1.00008 -0.07149 -1.37843 -1.34323 -0.45553 -1.40445 0.730759 1.19958 
3.06865 -0.337021 -0.445794 -0.406638 -0.2019 -0.152848 -0.0623682 0.249637 0.110926 -0.19158 0.0126993 0.0824849 -0.0463114 -3.52254 -0.374161 0.833693 0.0864638 2.42302 -0.377115 -0.0282891 -0.286201 -0.828512 0.466778 -1.35675 0.31301 0.827451 1.55469 0.262022 0.695729 -1.04308 -2.51136 -0.239519 -0.518157 -1.86513 -1.81023 -0.539343 -0.748404 0.131493 0.377632 
3.03491 -0.348616 -0.402014 -0.414182 -0.230966 -0.143295 0.0183483 0.162492 0.0329355 -0.160486 -0.149785 0.0542625 0.0369672 -3.10016 -0.554038 1.21564 0.152334 0.978966 -0.494895 -0.142757 -0.918865 -1.33495 0.0993134 -1.37979 0.478588 0.822941 1.05826 -0.000926882 0.196467 -1.52504 -1.89247 -1.00866 -0.74932 -1.03798 -1.19511 -0.52792 1.03167 -0.338957 -0.799093 
2.98265 -0.353793 -0.389861 -0.468819 -0.356144 -0.240547 -0.066973 0.162625 -0.0071352 -0.203872 -0.100519 0.0800882 0.0329847 -2.9711 -0.430481 1.4645 0.315063 0.64784 0.293373 0.0731346 -1.25939 -1.42566 -0.364104 -1.15778 0.469765 1.00324 0.393178 -0.281218 0.394481 -0.235468 -0.552539 -0.57182 -0.216036 -0.903809 -0.380134 -0.0789674 1.3981 -0.304141 -0.737513 
2.96847 -0.316772 -0.37386 -0.445631 -0.221846 -0.231616 -0.0969032 0.0768812 -0.0346912 -0.233686 -0.177548 0.0463542 0.0799722 -2.5695 -0.245275 1.81477 0.244163 -0.102582 0.165761 0.158618 -1.98351 -1.42167 0.110535 -0.716971 -0.138116 0.738523 -0.175227 -0.266698 0.457978 1.1903 -0.0966187 0.813587 0.701826 0.229904 0.895315 0.325759 1.45356 -0.462253 -0.526973 
2.98866 -0.373942 -0.321241 -0.489347 -0.211632 -0.221381 -0.0911162 0.0984136 -0.112715 -0.141781 -0.118411 0.123134 0.00587053 -2.35177 -0.372693 1.70996 0.218089 -0.633225 0.1186 0.457147 -1.84767 -1.42748 0.0651572 -0.222049 -0.606304 0.575142 -0.563676 0.172504 0.174281 1.45837 -0.298685 1.44943 1.31368 0.205817 1.40674 0.244458 0.737243 -1.03404 0.18391 
2.84029 -0.405226 -0.331598 -0.50711 -0.372897 -0.265059 -0.0369264 0.0816763 -0.0900682 -0.243939 -0.0959238 0.0437638 0.00219304 -2.28793 -0.376806 1.34316 0.531126 -0.265747 0.306533 0.287642 -1.5641 -0.900045 0.0199417 0.309852 -0.910396 -0.0760991 0.343461 0.386368 -0.30732 0.898098 0.203393 1.00704 0.676375 0.19818 0.865896 0.555173 -0.155777 -1.05102 0.0521712 
2.79633 -0.372264 -0.234622 -0.372386 -0.243493 -0.183589 -0.0571327 -0.0428314 -0.100249 -0.229968 -0.124165 0.0947621 0.121436 -2.63074 -0.576409 1.16258 0.893563 0.0464406 0.296573 0.220415 -1.44579 -0.242053 0.621413 0.286288 -1.068 -0.157868 0.303187 -0.0741148 -1.16047 -0.446684 -0.0709928 -0.632615 -0.616315 0.771889 0.641002 0.556748 -0.0627424 -0.734561 -0.87955 
2.83629 -0.345069 -0.212244 -0.339187 -0.2549 -0.13923 -0.0156721 0.0114024 -0.0441408 -0.121573 -0.112785 -0.0237288 0.0525569 -2.80821 -0.708757 0.880565 0.925903 -0.234457 -0.0785626 -0.130059 -1.11899 0.271146 0.925725 0.447322 -1.02077 -0.249613 -0.284945 -0.549643 -1.24874 -0.843536 0.479866 -1.67289 -1.68614 0.426718 0.392637 0.302414 -0.162394 0.419464 -0.711761 
2.75489 -0.401506 -0.248816 -0.441208 -0.360818 -0.146365 0.0575194 0.00256604 -0.127737 -0.188865 -0.0791466 -0.0172868 0.0610012 -2.68218 -0.568043 0.528502 0.962642 0.0637606 -0.385217 -0.572144 -1.01294 0.662056 0.957355 0.210748 -1.0407 -0.100467 -0.299274 -0.496167 -0.56923 -0.266566 0.749854 -1.71641 -1.99802 0.359924 0.738983 0.682823 -0.054204 1.06992 -0.350258 
2.74793 -0.393304 -0.27447 -0.38457 -0.269405 -0.19294 -0.052222 -0.0404366 -0.100016 -0.200766 -0.119295 -0.0581706 -0.0182536 -2.09501 -0.588194 0.30548 0.692443 0.454977 -0.607935 -0.957187 -0.677005 0.650781 1.29508 0.180365 -0.608935 -0.268887 -0.0747833 -0.124735 0.0638034 -0.0330025 0.0980028 -0.740848 -0.724824 0.334173 0.59257 0.344626 0.0761278 1.07406 0.620757 
2.60826 -0.441753 -0.239808 -0.357274 -0.263771 -0.264376 -0.125012 -0.0453423 -0.0226257 -0.080259 -0.0880539 -0.0214338 0.0270307 -1.86929 -0.696956 -0.0507603 0.201353 0.0920042 -1.00605 -1.03739 -0.281 0.662651 1.0605 0.232061 -0.429456 -0.476855 1.25235 0.511144 0.260642 0.0371517 0.042082 0.656 0.600246 0.265308 -0.192104 -0.390668 -0.109494 0.606698 0.694833 
