2.49124 -0.566032 -0.182032 -0.286366 -0.193249 -0.188602 -0.126024 -0.162864 -0.0862032 -0.0765889 -0.0487419 0.00564884 0.0265515 0.287494 0.258278 0.119126 0.330426 0.320974 0.370299 0.222133 0.755032 0.389322 0.517396 0.316692 -0.287472 -0.352857 0.358171 0.224372 0.0674651 0.0487143 -0.0910605 0.00171163 0.105892 0.509101 0.187921 0.282055 0.239433 -0.161476 -0.0699663 
2.48671 -0.554611 -0.170387 -0.242476 -0.121836 -0.128066 -0.113728 -0.111376 -0.0324756 -0.0269539 -0.0471541 -0.0312625 -0.0274496 0.731733 0.374276 -0.28818 0.177808 0.373588 0.212751 0.295376 0.672043 -0.174324 0.0103978 -0.11855 -0.292498 -0.0391808 0.792211 0.165003 -0.560406 -0.790654 -0.705964 -0.706077 0.136575 -0.23212 -0.890592 -0.682212 -0.441449 0.178901 0.662729 
2.48762 -0.550007 -0.158424 -0.188417 -0.12097 -0.118774 -0.100628 -0.0876885 -0.0661723 -0.0364868 0.0212037 -0.00296431 -0.00919506 1.24997 0.287183 -0.746685 0.0524164 -0.153858 -0.0478611 0.639289 1.06766 -0.73018 -0.050065 0.15841 -0.822689 -0.0104427 1.16668 -0.0759897 -1.24836 -1.22791 -1.13396 -0.98285 0.469303 -0.294363 -1.63499 -0.998644 -0.67221 -0.31342 0.70337 
2.53565 -0.526809 -0.15186 -0.250674 -0.175942 -0.184683 -0.155387 -0.076179 0.00106508 -0.0236527 -0.0481159 -0.0615251 0.0036902 2.39425 0.342842 -1.31347 -1.17076 -1.15353 -0.154837 0.981462 1.41958 -1.17112 0.0188161 0.365173 -0.937395 0.368088 1.791 -0.222461 -1.64791 -1.66121 -1.52638 -0.444587 1.0035 0.247624 -2.00757 -0.675445 0.0952366 -0.44993 0.679262 
2.53274 -0.541747 -0.189595 -0.290477 -0.179977 -0.149014 -0.0642415 -0.0895803 -0.0777713 -0.0194018 -0.00540815 -0.00230423 -0.0131432 3.42873 0.476486 -1.78806 -1.95642 -0.741348 0.350207 1.12972 0.983405 -1.4588 -0.337071 0.762841 -1.06275 0.128093 2.38728 0.0244659 -1.27138 -1.71843 -0.629447 0.588646 0.610732 0.356796 -0.877587 -0.179827 0.950246 -0.847584 -0.0110926 
2.62174 -0.514294 -0.269393 -0.281165 -0.136528 -0.184521 -0.0901853 -0.111953 -0.18475 -0.153373 -0.128679 -0.0257707 0.0668946 4.42292 0.964671 -1.95514 -2.61596 -1.08902 0.155378 1.05224 0.447225 -1.59526 -0.49553 0.648234 -1.26907 -0.0715259 2.22535 0.658914 -0.121744 -1.5334 0.103984 1.24012 0.120789 -0.142475 0.81055 0.765874 1.49891 -0.665291 -1.14193 
2.67287 -0.552132 -0.304033 -0.273058 -0.267363 -0.209267 -0.013558 0.0204261 -0.207439 -0.0609356 0.0293871 -0.164917 0.00574589 4.73688 1.75086 -1.37061 -2.26932 -0.764556 -0.457788 0.0449173 -0.703924 -1.42257 -0.46566 0.117275 -1.4837 -0.602656 1.12074 1.77704 1.41324 -0.129526 1.43154 0.24577 -1.72978 -2.35852 1.50494 0.250608 -0.221917 0.244831 -1.39728 
2.87478 -0.512969 -0.361604 -0.544178 -0.403948 -0.176025 0.0141237 0.0553247 -0.209021 -0.0246863 0.0313699 -0.103687 0.0879927 5.1628 2.57728 -1.17632 -1.76339 -0.4012 -0.604448 -1.08551 -1.52392 -1.00337 -0.499054 -0.189544 -1.34593 -0.687835 -0.465775 2.32403 2.04844 2.24963 1.94097 -1.36242 -3.37517 -3.47573 1.60964 -0.280558 -1.98773 0.263919 -1.22758 
2.94322 -0.480208 -0.383447 -0.499251 -0.103659 -0.0198751 0.000682067 -0.0871525 -0.201408 -0.117903 0.0991244 -0.133682 -0.0512786 8.20948 2.76476 -2.84752 -1.38705 0.223944 -0.0958257 -3.25203 -1.18639 1.33181 0.474843 0.00163122 -0.890441 -0.938887 1.71526 1.44362 -0.584974 2.6687 0.617019 -1.66121 -4.44707 -1.44621 2.45689 0.689902 -2.01828 1.01987 0.0645631 
3.04614 -0.370116 -0.356923 -0.520943 -0.271226 -0.152662 -0.0240763 -0.0932253 -0.192404 -0.0788743 0.00802207 -0.188759 -0.0606419 11.5064 2.75756 -4.26752 -1.33281 0.3625 0.395783 -5.05833 -0.52872 3.11122 1.25169 0.1712 -0.287546 -0.725998 6.18978 -0.411302 -4.30311 1.47672 0.377828 0.341493 -4.60864 1.77324 3.50068 1.35469 -0.341475 1.40403 1.30074 
3.02047 -0.260913 -0.227302 -0.382905 -0.211951 -0.323931 -0.24642 -0.293918 -0.208829 -0.094407 -0.0838597 -0.193297 -0.0978167 11.7636 2.33301 -4.77755 -1.09477 0.717434 0.20766 -5.46913 -0.554121 3.67396 1.38252 -0.154547 0.71709 0.161296 7.27233 -2.4484 -5.84883 -1.04981 -0.599792 2.26104 -1.43502 4.48641 3.374 2.10164 1.99072 1.6355 2.07709 
3.18076 -0.183185 -0.354043 -0.445764 -0.225839 -0.267886 -0.326745 -0.286375 -0.149165 -0.11517 -0.122448 -0.181077 -0.0267391 12.2054 1.10556 -4.78932 0.200513 0.573142 -0.157689 -4.92326 -0.235898 3.47187 1.98986 -0.326505 0.888281 0.56112 3.91734 -3.51971 -2.68971 -1.31107 -0.724236 1.67505 2.22 3.2572 0.714774 1.69084 1.89094 1.41437 1.80667 
3.9492 -0.280211 -0.877523 -0.464676 -0.117894 -0.0589563 -0.573848 -0.0610528 0.225033 0.100939 0.0527868 -0.0729765 -0.0886996 12.8016 -0.662107 -4.90153 0.959419 0.229959 -1.08314 -4.07786 0.780927 2.80263 2.01022 -0.56878 1.33659 1.63255 -3.83057 -3.38619 3.46506 1.07854 -0.162042 -1.52071 5.29601 -0.247891 -3.86714 -0.750928 -0.340918 0.173282 1.30913 
4.36879 -0.24856 -0.948972 -0.548948 -0.219986 -0.0763643 -0.702341 0.0395174 0.240627 0.0775115 0.0192261 -0.113013 0.0252296 11.9523 -2.3819 -4.87159 1.91093 1.62088 -0.482781 -2.84913 1.06721 2.13587 1.28795 -0.0864573 1.61507 1.92038 -8.12548 -2.97325 5.72801 3.67871 1.12859 -3.09448 5.33582 -2.36127 -5.18827 -2.09851 -1.64724 -0.364074 0.247654 
3.95662 -0.313917 -0.811576 -0.579256 -0.230205 -0.183751 -0.48056 -0.071011 0.149786 0.107699 0.0556445 -0.0109222 0.103377 9.47103 -2.91271 -3.89311 2.92195 1.88568 -1.06192 -1.68088 1.42809 1.78412 0.254023 -0.414898 1.57039 2.0217 -6.3386 -1.19447 3.97701 4.85317 2.43093 -2.51775 1.40963 -1.84851 -2.77849 -3.24887 -2.0478 -0.789555 -0.665828 
4.27256 -0.417251 -0.779259 -0.399601 -0.214887 -0.196932 -0.434771 -0.140344 0.0705717 0.176549 -0.0574102 -0.0416388 0.0670659 6.6989 -0.75642 -0.932301 4.04564 1.13565 -2.71423 -0.475415 1.019 0.990295 -1.0368 -0.869206 1.01252 1.02997 -4.16381 3.15003 1.80128 2.57395 1.0554 -1.28506 -1.03823 0.311158 0.949288 -3.42621 -0.641032 -0.72536 -1.43435 
4.45873 -0.567538 -0.851209 -0.226432 -0.0807599 -0.375428 -0.499792 -0.0495087 0.0252615 0.0438631 -0.0991672 -0.0180772 0.147488 6.48006 1.8193 0.966421 4.82388 -0.984168 -3.99423 0.9799 0.144227 0.794721 -2.53851 -0.777593 0.72711 0.371986 1.33846 7.38094 0.485546 -0.256673 -3.24994 -0.133253 -0.952488 1.1054 3.9007 -1.84484 1.32878 -0.437257 -2.40296 
4.40776 -0.610163 -0.910768 -0.155003 0.0582026 -0.239012 -0.51564 -0.0802564 0.074939 -0.00813777 -0.0353451 -0.0016393 0.140553 8.23668 3.52619 0.948135 4.72281 -2.5484 -3.90143 1.67949 -0.106565 2.02148 -2.85907 -0.000419389 1.07628 -0.50902 5.86732 8.38683 0.985325 -2.48233 -7.3659 -0.79166 1.29401 0.455726 3.50674 -0.511671 1.98722 0.0326534 -1.98415 
4.23728 -0.483021 -0.838621 -0.0269463 0.0265969 -0.422687 -0.62889 -0.0522922 0.211522 -0.107397 -0.157775 0.0194301 0.153586 11.0761 4.95465 0.315345 3.99478 -4.65253 -3.02264 1.57459 0.249324 3.04798 -2.80785 0.588208 0.867578 -0.762232 8.00842 4.33613 0.115832 -3.21986 -7.62594 0.673337 3.59118 -0.829641 1.38989 1.31958 2.59516 0.578959 -0.855564 
4.49442 0.0240239 -0.625488 -0.0478294 -0.226752 -0.544401 -0.49286 0.0163157 0.222517 -0.159334 -0.115839 -0.0511497 -0.0196497 11.085 5.54525 0.34035 2.56174 -6.52519 -1.9375 2.15156 0.330961 3.30565 -2.38798 1.20386 0.915393 -0.572228 5.63946 -2.92145 -1.69216 -2.21435 -3.80598 2.82666 2.43219 -1.20781 -0.632406 2.28149 1.26807 0.675547 1.2238 
5.30087 0.102957 -0.832131 0.0281518 -0.555536 -0.576497 -0.391602 -0.031976 0.405336 -0.202334 0.0608813 0.0372272 -0.00552033 11.1358 5.25797 0.617344 1.24299 -7.70209 -0.588645 2.75415 0.0605438 3.02628 -1.42283 1.20953 0.706505 -0.420538 -2.8598 -6.54787 -0.976986 -1.62499 1.47766 3.80756 0.0982146 -0.272577 -2.52771 2.04226 -0.890855 -0.203725 2.23345 
5.36421 0.0785664 -0.776554 -0.0495586 -0.633995 -0.571614 -0.287868 -0.0940339 0.431796 -0.198975 0.0590603 0.115324 0.0214807 10.8472 3.76711 0.612181 0.392154 -7.50881 -0.0665269 3.02884 0.0360326 2.10433 -0.647289 0.993454 0.424582 0.141897 -7.59937 -5.82302 -0.052608 -0.833544 4.32419 3.31168 -1.63295 0.502242 -2.72962 1.39788 -1.81037 -1.24482 1.79795 
5.46419 0.0590886 -0.815627 0.00282207 -0.770379 -0.481518 -0.256881 -0.0763218 0.413932 -0.151724 0.0554431 0.0729759 0.063563 8.87827 1.53046 0.413967 -0.277994 -5.76221 0.801613 3.47298 -0.614849 1.06034 0.137928 1.13814 0.0432621 0.815783 -8.31853 -2.73352 1.2879 -0.647069 5.00919 0.368466 -1.4427 0.184804 -1.82307 0.475431 -1.59969 -1.4289 0.773805 
5.54559 0.00823267 -0.789587 0.00239552 -0.837338 -0.396986 -0.252272 -0.0356839 0.3786 -0.154604 0.0257309 0.0559888 0.0862658 3.91333 -0.728872 0.642217 -0.148107 -3.04109 0.892278 2.55563 -0.49469 -0.434669 1.14211 0.0408426 -0.199641 1.69177 -6.65356 0.173848 1.68851 -0.276313 4.24157 -2.04809 -0.33131 -0.262133 -1.55655 0.726919 -0.701342 -1.05131 -0.0491427 
5.5584 -0.00153245 -0.761489 -0.0481845 -0.834329 -0.36789 -0.246033 -0.0281999 0.400561 -0.169922 0.00707502 0.0469368 0.117798 -2.27975 -1.52091 2.18562 -0.22557 -0.0818475 0.479117 2.12664 -0.338879 -1.97809 1.9815 -1.42443 -0.768572 1.74129 -6.23045 0.0606044 1.39106 0.49806 3.7244 -2.76363 0.337502 -0.696581 -1.7162 1.52009 -0.738929 -0.183609 -0.021341 
5.56229 -0.0106407 -0.737649 -0.0598162 -0.814302 -0.394193 -0.199546 -0.0522312 0.379052 -0.138084 0.019955 0.0213696 0.13264 -3.90592 -1.88852 2.77298 -0.227792 1.30804 0.239135 1.4221 -0.0473797 -1.82061 1.73204 -1.90513 -0.624631 1.21752 -6.19761 -0.838441 1.67831 0.437985 3.08472 -1.43056 -0.318366 -0.0514602 -1.23671 1.14521 -1.6122 0.692676 -0.39098 
5.48183 -0.00457885 -0.683071 -0.0622751 -0.78306 -0.4829 -0.0623138 -0.17107 0.374893 -0.116151 0.0601482 -0.014165 0.165459 -4.02792 -1.55982 2.75584 -0.423345 1.99305 -0.370211 0.929304 0.430405 -1.67974 1.35842 -1.99268 0.0883912 0.560091 -2.17978 -0.908131 0.564619 0.200729 1.23614 0.543414 -1.76012 1.5957 -0.0610757 -0.204738 -1.63696 1.40579 -1.1551 
5.21444 -0.0177834 -0.609716 0.000844525 -0.710239 -0.508646 -0.147793 -0.0359684 0.166397 0.0356593 -0.0734342 -0.0090291 0.205921 -3.69595 -0.738546 1.96446 0.161201 1.49657 -0.729318 0.707339 0.846843 -1.71833 0.923279 -1.04528 0.14436 -0.00284839 3.75693 0.445056 -1.42046 -0.0481791 -1.52499 1.33497 -1.61 1.74455 1.75366 -2.40072 0.845085 1.21738 -1.82371 
4.83026 -0.168455 -0.490117 -0.0179415 -0.518233 -0.503951 -0.0754632 -0.108734 0.12927 0.0951484 -0.196764 -0.00942604 0.22893 -2.83459 -0.271106 1.15012 0.967777 0.772172 -0.59861 0.113136 1.63781 -1.91846 0.0773948 0.0692638 0.328826 -0.714228 7.79662 2.51919 -3.3296 0.712129 -3.9065 0.84378 -1.35383 1.96196 1.68834 -3.39653 3.80261 0.479164 -1.91465 
5.04789 -0.209135 -0.436981 -0.0866358 -0.572462 -0.410423 -0.166575 -0.0457098 0.302659 -0.0596945 -0.191753 0.0687516 0.130092 -2.52514 0.0704035 0.591436 1.36504 0.315733 0.138334 -1.20623 2.62936 -2.03915 -1.02642 1.22692 0.467932 -1.42337 4.58891 2.87605 -3.28293 1.77597 -3.23424 0.0457082 -0.922599 1.39628 -0.553908 -2.31517 4.94581 -0.715029 -1.11784 
5.28152 -0.082593 -0.558792 -0.0665273 -0.654837 -0.46735 -0.187051 0.0750004 0.239763 -0.0592721 -0.154348 0.121283 0.0968298 -4.38229 -0.101812 0.835967 0.682762 -0.118099 1.85947 -1.93453 2.81922 -2.16608 -2.00652 2.36213 0.365571 -1.73968 -3.9753 0.538444 -0.158008 0.760433 -0.636387 1.38056 -0.835576 -0.0489807 -1.84034 -1.18776 3.64121 -1.3172 -0.133456 
5.24937 0.024608 -0.649068 0.0587793 -0.784942 -0.491343 -0.132872 0.0797821 0.169218 -0.0987912 0.0555611 0.0114436 0.0866863 -11.1631 -1.28747 1.41505 0.141403 1.70711 2.44716 -1.47811 1.80754 -1.76994 -2.97517 2.47805 0.0840586 -2.29837 -15.6495 -3.31491 3.40735 -1.48257 4.32268 2.59505 -0.738146 -1.3099 -1.6619 -0.139751 -0.801697 -0.601485 0.0930714 
5.22625 -0.0089004 -0.645719 0.128809 -0.761862 -0.477011 -0.20069 0.161642 0.111821 -0.184644 0.134514 0.0494189 0.0269784 -17.9773 -2.50325 1.94149 -0.82241 3.12784 2.4018 -1.23742 0.901444 -2.29163 -2.15393 1.89385 -0.172929 -1.86747 -22.5728 -5.68272 4.70313 -3.81261 6.94666 2.14795 0.816181 -3.27893 -0.198875 1.286 -4.23118 -0.171329 0.638192 
4.99242 -0.03246 -0.580959 0.121309 -0.679765 -0.381829 -0.376886 0.251767 0.0375343 -0.23749 0.19581 0.0477512 -0.0266992 -24.0969 -3.82943 3.19994 -1.27687 5.12751 2.4842 -0.244709 -1.00054 -3.14819 -0.789926 0.645123 -0.749887 -1.18252 -18.4497 -4.97294 3.41808 -3.5848 5.97442 0.179505 2.69748 -4.44843 0.826781 2.47329 -5.30215 -0.0321357 1.02501 
4.30441 -0.157238 -0.364825 -0.0916623 -0.660506 -0.106385 -0.319939 0.151373 -0.0278962 -0.263249 0.221281 0.019547 0.0168311 -26.9605 -5.1783 4.22693 -2.30813 6.04219 2.51652 0.245915 -2.0126 -2.29503 -0.0170398 -0.556766 -0.74027 -0.814996 -4.62069 -1.72403 0.0704372 -1.09396 2.20249 -2.76158 2.75559 -3.0486 1.18519 3.22813 -3.64189 -0.0445554 1.11445 
2.85961 -0.454825 -0.256202 -0.0613209 -0.0963483 -0.206913 -0.225397 0.0504374 0.00633354 -0.319094 -0.0334526 0.0187219 -0.113738 -25.9505 -5.40701 4.48614 -2.97851 6.44643 2.56521 0.854893 -2.3167 -1.65129 0.882643 -1.69203 -0.296813 -0.421734 13.4089 2.39627 -2.07588 0.780548 -3.76618 -2.18948 1.51072 -0.444645 1.03294 2.62868 0.31264 -0.0549145 1.38791 
2.52995 -0.55841 -0.254339 -0.245595 -0.116819 -0.263993 -0.213255 -0.0366657 -0.0546441 -0.112121 -0.0649039 0.026655 0.0132822 -22.4378 -4.6301 3.83334 -2.83745 5.63301 1.97619 1.63593 -2.66322 -1.40177 1.19419 -1.87482 -0.281031 0.0696721 20.8238 4.24195 -2.49376 2.21346 -5.34578 -0.565615 -0.0413626 2.05538 0.884535 -0.193792 2.36704 0.42881 0.370322 
2.51269 -0.53283 -0.131992 -0.156385 -0.0637339 -0.176761 -0.132025 -0.194855 -0.147211 -0.0877361 -0.0747398 -0.0439206 -0.00012822 -10.4558 -3.03889 0.616661 -2.83528 4.09426 1.20026 1.61627 -1.98957 -1.19854 1.09864 -1.89638 -0.206237 0.997163 23.0728 4.13427 -4.44689 0.863492 -4.49723 0.423509 -1.56862 3.6088 0.505274 -2.04786 2.26142 0.75145 0.600366 
2.47526 -0.578744 -0.166746 -0.249327 -0.153572 -0.224395 -0.157798 -0.0726857 -0.00563997 -0.0876837 -0.0387893 -0.00362238 -0.0132005 5.03154 -0.929061 -2.2721 -2.64555 2.37117 0.549569 0.146713 -0.502934 -0.837547 1.0545 -1.23794 0.27879 1.5253 23.6951 3.18855 -5.5095 -0.649401 -1.87482 0.76849 -2.26225 2.63644 -0.417382 -2.17423 0.790508 0.679794 1.20599 
2.50846 -0.549284 -0.138868 -0.224915 -0.0734895 -0.102635 -0.100419 -0.0533267 -0.0564506 -0.0635097 -0.0306471 0.0210803 -0.00101108 15.5168 1.33699 -3.7308 -2.81443 0.354343 1.08103 -1.19242 1.27632 0.407303 1.48299 -0.175787 0.283202 1.56536 19.5715 2.2126 -5.32746 -1.48315 0.136341 -0.546418 -3.03446 2.15137 0.984416 -0.32671 -0.544972 0.247463 0.743714 
2.48108 -0.548552 -0.149045 -0.218285 -0.0699378 -0.140891 -0.10347 -0.10199 -0.140874 -0.162205 -0.0239909 0.0264096 0.0117437 17.271 2.52239 -3.7022 -2.01902 0.763658 1.34601 -2.05951 1.28471 1.4173 0.273078 -0.6831 -0.20778 0.791304 10.0696 2.05834 -1.844 -0.895605 0.400129 -0.352281 -2.80302 0.712709 2.57199 1.36114 -0.995593 -0.70193 -0.265085 
3.93521 -0.446383 -0.669194 -0.409814 -0.101367 -0.117922 -0.211522 0.00528254 -0.158227 -0.172514 -0.102264 -0.00256477 0.176664 19.8847 4.45596 -3.76601 -1.70474 -1.92292 0.387678 -1.18665 0.487141 1.63194 0.762771 0.0964947 -0.93224 0.434523 -6.23072 2.65496 4.27823 1.92821 -2.02201 -0.662976 0.541581 -2.07398 2.66712 1.67134 0.424584 -1.86879 -2.40083 
4.78108 -0.39665 -0.674035 -0.488201 -0.0849506 -0.115819 -0.356461 0.0567855 -0.0934374 -0.0905731 -0.0680744 0.089082 0.181344 21.0838 5.81188 -3.24994 -1.2964 -3.62082 -0.00411686 -0.188352 -1.3966 1.77678 1.56759 0.782171 -2.00222 0.236719 -14.5125 2.83433 5.72441 2.94817 -4.96948 -1.13002 4.05902 -4.40371 1.34743 1.08328 1.81447 -2.86047 -2.48814 
4.33774 -0.29267 -0.609954 -0.464021 -0.0337559 -0.0980821 -0.389932 0.206686 0.176571 0.0965114 -0.0649591 0.0145163 0.0569219 19.5738 6.32161 -2.53634 -1.4532 -5.40003 -0.329252 0.720773 -2.82507 2.45 2.39878 1.1469 -2.36965 -0.0863329 -8.49872 1.98904 3.52871 1.75879 -6.27402 -0.93588 5.54004 -5.82778 -1.45843 0.400941 2.36477 -1.94575 -0.673618 
3.96932 -0.224705 -0.435192 -0.353961 0.0242707 -0.036965 -0.407595 -0.0960327 0.126187 -0.153342 -0.210468 -0.109559 0.0266294 15.4366 6.17221 -1.06268 -1.15246 -6.84875 0.275646 1.74816 -3.85429 2.71293 3.01882 1.44457 -2.29431 -0.485757 0.123327 -0.135991 -0.271059 -0.806804 -5.10076 -0.142206 3.81108 -3.07304 -1.73082 1.27884 2.02853 0.337312 0.916125 
4.87369 0.149348 -0.50537 -0.317062 -0.69396 -0.228959 -0.0333352 -0.22526 0.0335338 0.0542816 0.10632 -0.209914 0.00726346 8.35472 5.2907 1.03974 -0.625398 -7.81763 0.907453 2.80043 -4.88204 2.0516 2.94849 1.70932 -1.86301 -0.844487 0.00525284 -3.5191 -1.57391 -2.3487 0.6719 2.30548 -0.718231 0.437614 -0.813244 0.411287 -0.902449 2.57878 1.52984 
5.12753 0.149901 -0.576091 -0.422928 -0.657432 -0.187604 -0.0585341 -0.346216 0.153837 0.144182 0.137941 -0.267218 0.062266 5.8711 4.19343 1.03243 -0.870778 -8.20822 1.76707 3.15775 -5.2105 1.01875 2.46474 1.63036 -1.38219 -0.316035 -5.30703 -4.4906 0.381482 -1.35236 3.09035 3.25515 -2.7847 2.62099 -0.737582 -0.675803 -2.021 3.42964 0.660523 
5.15078 0.166426 -0.594291 -0.51467 -0.713885 -0.114109 -0.0302382 -0.42295 0.18423 0.20869 0.065936 -0.197776 0.062893 6.35541 2.72242 1.00291 -1.40172 -7.80546 2.65258 2.3966 -4.79085 -0.000660688 1.84165 1.61393 -0.226712 0.348178 -9.05364 -3.62231 2.00259 0.330005 3.44337 2.73889 -3.0122 2.90623 -0.874816 -1.81096 -1.42306 2.11392 -0.0157116 
5.12133 0.151114 -0.546009 -0.497136 -0.871444 -0.00622752 -0.0405048 -0.434901 0.192638 0.199777 0.0651753 -0.166502 0.0475865 3.9667 1.3033 1.20176 -1.6487 -6.26089 3.04897 1.13536 -2.81428 -0.0635977 1.64784 1.43012 0.837821 0.464649 -6.84523 -1.73164 2.14522 1.12397 2.69136 0.702044 -2.01472 1.75662 -1.49043 -2.5111 -0.282392 0.628272 -0.0150816 
5.07263 0.14227 -0.477886 -0.516896 -0.955414 0.0724206 -0.0154942 -0.469098 0.129374 0.216376 0.0725785 -0.131069 0.053966 -1.33677 -0.112453 2.21864 -1.18583 -3.59029 3.37429 -0.480214 -1.59134 -0.288296 -0.131308 0.369336 1.47909 0.417745 -2.45984 0.10108 1.01455 1.18447 1.23064 -1.64745 -0.825545 1.56606 -0.936122 -1.98607 0.923636 -0.220877 0.011432 
5.05241 0.133322 -0.437341 -0.54525 -0.992923 0.153989 -0.0321717 -0.520144 0.125749 0.220552 0.108637 -0.121839 0.0801664 -3.23672 0.00857309 2.91951 -0.448992 -3.51469 2.60881 -0.444892 -0.742235 -0.94357 -1.20394 0.499878 1.64834 0.275049 -1.74564 0.475736 0.270695 0.863191 1.55349 -2.62364 -0.443604 1.49566 -0.0896601 -1.83013 0.298749 -0.246767 -0.0256385 
5.01635 0.122651 -0.378877 -0.552515 -1.03799 0.225813 -0.085778 -0.528853 0.119114 0.181557 0.134257 -0.0975533 0.0841321 -3.73731 0.105383 3.02247 -0.0998908 -2.81124 1.72415 -0.495842 -0.31251 -1.09433 -1.81632 0.743531 1.36874 0.316214 -1.4154 0.62997 -0.196679 0.537047 1.11173 -2.55776 0.415867 1.04702 0.172714 -1.22488 -0.426352 -0.0392333 -0.145761 
4.91109 0.135471 -0.328097 -0.527829 -1.0548 0.166769 -0.101289 -0.473409 0.0738607 0.123054 0.139101 -0.0737406 0.0784217 -3.54678 0.219686 2.52367 -0.0874953 -1.81428 0.939201 -0.445643 -0.258445 -0.934178 -1.89374 0.659543 1.16516 0.284412 -0.00992584 0.308446 -0.71636 0.121605 0.716321 -1.16767 0.773827 -0.00994697 0.423849 -0.130568 -0.544143 -0.18109 -0.158288 
4.78627 0.158393 -0.27158 -0.503892 -1.10108 0.138819 -0.0956357 -0.453438 0.0707228 0.0456731 0.152757 -0.0465275 0.0808184 -2.65691 0.164585 1.62514 0.0347257 -1.10272 0.736399 -0.596712 -0.296623 -0.556262 -1.59795 0.530098 0.879701 0.0851225 2.22703 -0.251766 -1.62283 -0.354587 1.05699 0.45314 0.407137 -0.982913 0.475796 1.35132 -0.388385 -0.516552 -0.197335 
4.71092 0.170795 -0.221954 -0.519008 -1.13338 0.150056 -0.0727459 -0.474716 0.0650292 0.0125268 0.145412 -0.0233292 0.094625 -0.796108 -0.220142 0.447027 0.275616 -0.190705 0.369957 -0.69013 -0.127748 -0.209469 -1.00472 0.283862 0.436329 -0.181717 4.59808 -0.944101 -2.66689 -0.163886 1.75975 1.03449 -0.525607 -0.883573 0.75958 2.17164 -0.110522 -0.999035 -0.391124 
4.70277 0.169412 -0.212179 -0.534096 -1.13194 0.163321 -0.0726677 -0.49073 0.0486516 0.00477278 0.143936 -0.0172651 0.0936776 1.54134 -0.744671 -0.809711 0.591386 0.712852 -0.0333157 -0.968819 0.130056 0.695165 -0.245445 -0.232436 -0.400787 -0.237101 5.78223 -1.41249 -3.01929 0.565843 2.07782 0.282758 -1.31581 0.244406 1.42722 2.02889 -0.383136 -1.53319 -0.426403 
4.7403 0.158007 -0.24889 -0.531387 -1.10662 0.184112 -0.0862838 -0.524856 0.062093 0.0230277 0.153531 -0.0225767 0.0825051 3.72803 -1.31198 -1.96876 1.2474 1.36947 -0.412015 -1.76299 0.781188 1.8637 0.211593 -1.08399 -0.936197 -0.038778 5.04301 -1.40399 -2.47727 1.56921 1.72098 -1.41333 -1.75759 1.98833 2.14143 0.911882 -1.35069 -1.55228 0.0264121 
4.84932 0.132691 -0.322825 -0.530027 -1.0792 0.269352 -0.137779 -0.558455 0.075489 0.0810566 0.165016 -0.0383374 0.0646691 5.0863 -1.79318 -2.83354 2.52687 1.54628 -1.34165 -2.52251 2.02717 2.36561 0.243108 -1.76952 -0.961402 0.164932 2.37486 -0.934631 -1.17003 2.69933 0.409065 -3.02399 -1.59858 3.37319 2.11134 -0.747677 -2.09447 -0.619206 0.694148 
5.08493 0.0567339 -0.422076 -0.483882 -0.976068 0.199027 -0.178948 -0.494833 0.117502 0.104986 0.151524 -0.0900658 0.044078 4.95112 -1.93162 -3.2325 4.24172 1.57624 -3.05598 -2.9307 3.61395 2.31353 -0.447392 -1.9412 -0.407553 0.277121 -1.78906 0.0420985 0.311953 3.4821 -1.12504 -3.66939 -0.891572 3.64805 0.618121 -2.16855 -1.62894 1.26359 1.01034 
5.23243 0.0115839 -0.478463 -0.421467 -0.93646 0.11951 -0.245282 -0.415227 0.258526 0.11343 0.0586719 -0.189789 0.0617193 3.59336 -2.15704 -2.55857 5.37247 1.86853 -4.98703 -2.66974 4.635 1.49309 -1.2257 -1.75549 0.361859 0.0898885 -5.18373 0.509183 1.75726 3.12216 -1.20435 -3.73657 0.529206 2.53954 -2.29792 -2.64708 0.328075 3.03651 0.271039 
5.28483 -0.0162053 -0.537401 -0.296377 -0.927739 0.0272543 -0.360422 -0.27978 0.365989 0.0598341 -0.0696581 -0.161707 0.115577 -1.08946 -2.01281 -1.28391 5.80546 2.38308 -6.20123 -1.86785 5.17084 0.418519 -2.02953 -1.22161 0.803024 -0.721031 -9.01518 0.619445 2.97195 1.17541 0.270108 -2.62592 2.3496 0.312331 -4.36902 -1.90411 2.61569 2.71392 -1.55908 
5.27642 -0.0454206 -0.566942 -0.107337 -0.999125 -0.0863148 -0.401034 -0.138104 0.317616 -0.00384846 -0.0851857 -0.0799602 0.131923 -10.6961 -2.75458 0.563641 4.30335 3.96426 -6.64947 -0.816511 4.74185 -0.983703 -2.0659 -0.816187 1.32875 -1.13677 -15.7219 -0.568594 3.85741 -3.01163 3.41467 -0.405187 3.23085 -2.22582 -4.30948 0.0783867 3.00908 0.895247 -2.55794 
5.15042 -0.033603 -0.580843 0.0767073 -0.964059 -0.310822 -0.395201 0.00595617 0.243982 -0.119352 -0.0298673 0.0292319 0.119423 -19.5853 -3.91498 2.11961 2.37945 5.55012 -4.82083 0.566024 3.27827 -2.62039 -1.57455 -0.491966 1.27604 -1.10865 -20.2891 -2.63597 3.69992 -6.58021 5.50516 3.51655 3.18071 -4.17109 -2.77074 2.27334 1.30138 -1.64192 -1.69575 
5.02999 -0.11885 -0.451967 0.0947305 -0.823847 -0.491458 -0.331419 0.00597208 0.102322 -0.141126 0.0230081 0.0730649 0.0369598 -24.9186 -4.65436 3.05502 0.639825 6.74555 -2.68273 1.88595 1.79605 -3.77084 -1.24651 0.127246 1.15132 -1.21006 -17.8458 -3.24174 1.91061 -6.80268 4.51307 6.7932 2.11376 -4.19706 -0.383131 2.7592 -0.76115 -2.70366 0.515267 
4.28869 -0.0971199 -0.371508 0.0925835 -0.692704 -0.489206 -0.260952 0.0248593 0.0685849 -0.176228 0.081294 0.00752137 -0.132194 -26.9993 -5.05124 3.54468 -1.01622 7.32307 -0.831556 2.71252 0.345417 -4.09093 -0.578371 0.26162 0.637185 -1.11192 -4.84261 -2.39394 -0.282902 -3.87598 1.14858 6.70039 0.624278 -2.86415 0.944751 1.86915 -1.93332 -1.591 2.66662 
2.90729 -0.370997 -0.222228 -0.237908 -0.34789 -0.486837 -0.228641 -0.0447952 -0.0251455 -0.0524329 0.0215259 0.041499 -0.0758998 -26.0309 -5.00346 3.45163 -2.32203 7.4165 0.982781 2.56478 -0.695266 -3.42376 -0.12275 -0.108011 0.230361 -0.547272 12.9056 0.913585 -2.17299 1.10934 -3.29187 3.88006 -0.764282 -0.65821 1.76556 -0.27809 -1.20313 -0.0432745 2.53841 
2.49214 -0.576261 -0.196039 -0.271685 -0.191302 -0.191903 -0.117062 -0.141429 -0.122317 -0.011904 -0.0461323 -0.0673935 0.0177574 -20.745 -4.00037 2.08607 -3.88045 6.40224 2.96598 2.19276 -1.0188 -2.37837 0.562982 -0.489725 -0.205487 0.0436514 22.413 4.25164 -3.23211 2.18238 -5.1683 -0.312788 -1.89575 1.30778 2.32397 -1.13817 0.120948 1.29468 0.952254 
2.49729 -0.553296 -0.19542 -0.218713 -0.195857 -0.141948 -0.0760737 -0.121359 -0.102725 -0.105884 -0.00830713 -0.0279952 -0.000614768 -8.05675 -2.59956 -1.25706 -5.27085 4.16187 4.23756 1.4053 -0.221639 -2.26154 0.941276 0.0246189 -0.197887 1.44635 26.4712 4.87626 -4.89029 -0.810443 -4.75928 -1.45218 -2.14599 2.14565 1.02422 0.0288297 1.35288 0.917225 0.432324 
2.47916 -0.563744 -0.179709 -0.209544 -0.20479 -0.199525 -0.0907748 -0.1196 -0.12647 -0.0841289 -0.053409 0.0148195 0.0160489 4.96799 -0.76652 -3.48016 -5.54688 2.13764 4.48115 0.277099 0.187052 -1.76143 1.78202 0.753409 0.0587598 1.97492 23.7918 4.22679 -5.75478 -3.69619 -3.14625 -0.0145721 -1.90433 1.88823 0.130256 1.7883 2.38007 -0.150317 0.202772 
2.48763 -0.561672 -0.177026 -0.225368 -0.153796 -0.173174 -0.151805 -0.112515 -0.110234 -0.119655 -0.0470181 0.057698 0.0539346 14.1215 1.46277 -4.96071 -4.19147 0.308763 3.2119 -0.692816 0.0954124 -0.882 1.51021 1.78204 0.596019 0.964152 15.6306 2.33743 -4.48175 -3.1969 -1.46031 0.139222 -1.3561 0.123088 -0.26064 2.45691 2.39287 -0.264991 -0.322594 
2.8782 -0.422693 -0.368133 -0.507067 -0.148002 -0.0391028 -0.104952 -0.0685084 -0.0742698 -0.0273964 -0.0249691 0.0031096 0.0246616 15.9889 2.49638 -5.37898 -4.3862 -0.260192 1.53489 -0.593835 -0.309986 -0.199604 1.81298 2.26779 0.819185 -0.224268 2.94369 0.417946 -0.649203 1.20035 -0.3751 -1.28211 -0.146397 -2.03159 0.42526 1.04081 1.38673 0.0664029 -1.68019 
4.28675 -0.432351 -0.795446 -0.79505 -0.28558 0.0754287 -0.142085 0.0489911 -0.312338 0.0342364 0.144951 -0.00175075 0.216414 14.5306 2.37591 -5.36063 -4.50649 -0.19731 1.50321 -0.0134329 -1.17471 0.0137648 1.89137 2.15302 0.690234 -0.452491 -13.8496 -0.50906 3.98994 4.71984 0.832408 -2.89263 1.46592 -3.46459 2.23761 -1.19052 -0.711016 0.671359 -3.1357 
4.30548 -0.317424 -0.730185 -0.756927 -0.237191 0.140789 -0.243716 -0.0373887 -0.178525 0.215464 0.176173 -0.00202622 0.12521 11.6348 2.17199 -4.88826 -3.44742 0.0151866 1.22826 0.641194 -1.46494 0.304859 1.07701 1.7901 0.623134 -0.680503 -18.8699 -1.60512 4.54366 4.47448 1.11225 -2.77772 2.77904 -2.24713 1.56784 -3.18832 -2.34422 0.572021 -1.75798 
4.08318 -0.295166 -0.714676 -0.559296 -0.205618 -0.0821756 -0.270304 -0.19692 -0.111733 0.0703497 0.216566 0.131284 -0.026119 6.99751 1.99616 -3.53892 -2.058 -0.47616 0.0396456 0.97163 -1.64987 0.244636 0.0420033 0.884477 0.582008 -1.08609 -13.5455 -1.32736 2.99567 1.66052 0.208644 -0.628056 2.25128 0.499491 0.00366433 -3.04704 -2.929 -0.447419 0.643057 
3.93702 -0.301252 -0.721498 -0.696687 -0.199883 -0.0853179 -0.0458069 -0.243737 -0.0889086 0.120897 0.189376 0.0412287 -0.114382 -0.195864 1.70026 -0.774207 -0.372008 -0.653464 -0.891859 0.78911 -2.11279 0.465587 -0.666816 0.366217 0.408765 -1.17195 -5.34726 -0.0998443 1.77884 0.0982255 -1.08495 0.435016 -0.461697 2.03869 -1.18056 -1.77092 -1.71258 -0.853439 2.08243 
3.88196 -0.315757 -0.769897 -0.750549 -0.200657 0.0577281 -0.0192169 -0.287511 -0.100642 0.0574703 0.165782 0.0892477 -0.00102463 -2.85808 2.7346 1.71224 1.8269 -1.85254 -1.90644 0.932037 -2.73467 1.58891 -0.939679 -0.509826 -0.443897 -1.66243 3.55384 1.78476 2.16729 1.27114 -3.02163 -0.819692 -2.30355 1.33952 -0.677956 0.393949 -0.123346 -1.63828 1.1516 
3.8636 -0.300198 -0.800631 -0.641643 -0.159898 -0.00312855 -0.027435 -0.205496 -0.100281 -0.030895 0.109439 0.0946227 0.0172977 2.62984 3.25059 1.49626 2.47831 -3.46056 -1.98687 0.473857 -2.60906 1.92461 -0.734577 -0.383515 -1.41202 -0.792677 9.11325 3.03332 2.64253 2.82902 -3.924 -1.37309 -2.75462 -1.2303 1.72067 2.48413 1.15925 -2.10496 -0.35413 
3.79247 -0.216842 -0.75233 -0.676247 -0.315703 -0.124866 -0.0779465 -0.202404 -0.157819 -0.0945055 0.059579 0.0782523 -0.0434464 7.94185 3.69903 1.25546 3.03574 -4.83303 -1.60745 -0.703878 -1.864 2.67967 0.160223 -0.375858 -2.31511 -0.193554 13.5886 2.17642 0.661683 3.63092 -3.25112 -1.01604 -1.85141 -1.91397 3.454 2.69938 1.44548 -1.86255 -0.628298 
3.47118 -0.162725 -0.544995 -0.698999 -0.328663 -0.0748637 -0.126691 -0.301458 -0.115657 0.0288552 0.176678 0.00748307 -0.0257482 11.5446 3.94574 0.658754 4.46515 -5.6375 -2.13472 -2.26631 -0.942314 3.51494 0.367447 -0.491457 -2.36489 0.0764095 14.021 0.197891 -2.90655 2.46415 -1.81378 -0.141232 -0.927995 0.444029 3.17559 1.30925 -0.0688433 -0.924793 0.126397 
4.36166 0.0958492 -0.467671 -0.337056 -0.635066 -0.238643 -0.0976162 -0.443444 0.0636237 0.0596486 0.115594 -0.10669 -0.110231 13.5987 3.67479 0.0168841 5.05032 -6.14498 -2.52841 -2.67732 0.179656 4.1632 0.642446 -0.605462 -2.34796 0.0475105 4.05487 -2.59162 -4.6181 -0.307883 0.920053 1.09723 -0.971213 3.81878 0.9467 -0.721253 -1.05753 1.09465 1.48756 
5.00937 0.10797 -0.634017 -0.321448 -0.687093 -0.198156 -0.199644 -0.497177 0.198779 0.12386 0.188923 -0.156929 -0.0435867 14.2602 2.76123 -0.719299 4.85216 -5.98609 -2.10958 -2.68385 1.2339 4.30831 0.529961 -0.625674 -1.77529 0.544538 -6.5929 -3.44815 -2.89373 -1.46021 2.17267 0.619846 -0.214428 5.5304 -1.41447 -2.21662 -1.7053 2.38913 1.42089 
5.12263 0.0825041 -0.681446 -0.274197 -0.789074 -0.23329 -0.266883 -0.370883 0.264131 0.0921564 0.131225 -0.179123 -0.0622394 13.2638 1.50476 -1.57373 4.58402 -4.79358 -1.69346 -2.43833 2.51109 4.06572 -0.110447 -0.795739 -0.854979 1.1231 -11.107 -2.79824 -0.187467 -2.09727 2.53901 0.343138 0.697391 3.77745 -2.61342 -2.17448 -0.795271 2.68638 1.05712 
5.17748 0.104231 -0.77762 -0.182559 -0.824508 -0.274775 -0.335613 -0.210685 0.311356 0.070828 0.0386834 -0.176705 -0.00223013 9.99683 0.416916 -2.46664 3.51657 -2.77372 -1.96508 -1.9719 3.47257 3.15922 -1.15 -1.33171 -0.0122784 1.47459 -10.088 -1.60854 1.80566 -2.10698 3.29024 0.0298119 1.60284 0.229246 -2.32712 -1.27844 0.535995 1.79281 0.393107 
5.24661 0.0822729 -0.796121 -0.127696 -0.91215 -0.285605 -0.344706 -0.105536 0.341846 0.0247074 0.0285986 -0.124456 0.039355 2.79222 -0.412794 -2.19811 1.33845 0.0748593 -1.73633 -0.952769 3.41215 1.78594 -1.51748 -1.42727 0.466879 1.65521 -6.48331 0.0613079 1.69883 -2.0596 4.24343 -0.596342 2.31469 -2.9104 -1.54711 -0.298527 0.55915 0.151693 -0.407804 
5.29465 0.0356312 -0.777856 -0.113951 -0.92266 -0.311351 -0.351551 -0.0331993 0.338415 -0.0169279 0.0413455 -0.0869668 0.0675744 -2.53844 0.0911856 -0.768425 -0.0676044 2.00707 -2.00571 0.117607 2.30768 0.560551 -1.24595 -1.50108 0.520225 1.03604 -6.29 1.21058 1.08921 -3.15458 5.08765 -0.450345 2.13878 -4.2614 -1.26749 0.999399 0.277884 -1.06553 -0.984435 
5.25631 0.0183048 -0.77099 -0.108432 -0.895705 -0.328229 -0.361346 -0.0164033 0.350801 -0.0570513 0.0432012 -0.0508281 0.0822045 -6.47276 0.555281 0.803811 -1.41059 4.09234 -1.76995 0.883559 0.328086 -1.38067 -0.184729 -0.493702 0.0549682 0.164253 -7.87878 1.79724 1.85611 -3.32636 4.48684 -0.0656155 1.62627 -3.9518 -2.50868 2.26025 0.393223 -1.7865 -1.9086 
5.12577 0.0358897 -0.833578 -0.131698 -0.678062 -0.429268 -0.326459 -0.0519215 0.369519 -0.0838625 -0.00250945 -0.0861307 0.117595 -9.57885 0.686049 2.62947 -2.06046 5.45033 -1.66095 1.4203 -1.85098 -3.43276 1.10985 0.514551 -0.7557 -0.905927 -7.36213 1.30271 3.45019 -1.90756 2.04601 0.720508 0.582487 -3.16499 -4.24074 3.25505 1.45742 -1.71148 -2.44499 
4.87628 0.0959604 -0.822697 -0.24479 -0.545271 -0.442778 -0.189481 -0.145959 0.331954 -0.0673856 -0.0543018 -0.129651 0.0930125 -11.2653 0.953304 3.46756 -2.14593 6.0088 -1.42452 1.49492 -3.01463 -4.78802 2.19623 0.972227 -1.31792 -1.52325 -3.65827 -0.0430143 3.71377 0.598435 -0.675956 1.06844 -0.765746 -1.72529 -4.51351 2.98249 2.37495 -0.950881 -1.94973 
4.58295 0.170837 -0.698489 -0.390651 -0.445512 -0.454564 -0.228711 -0.190616 0.256729 0.0298139 -0.0302555 -0.127671 0.0283591 -11.1108 1.0048 3.68876 -1.74621 5.63355 -1.15084 1.46627 -3.5392 -5.37797 2.82354 1.2094 -1.49378 -1.97076 2.08551 -1.2748 1.53812 2.88421 -2.50789 0.833471 -0.958492 -0.297966 -2.45918 1.25554 1.72739 -0.102599 -0.623485 
4.17772 0.164462 -0.512623 -0.407792 -0.294825 -0.43287 -0.210056 -0.279022 -0.0428975 0.139515 0.111918 -0.199768 -0.083452 -9.24702 0.735819 3.52954 -0.909518 4.46573 -0.842688 1.19597 -3.35883 -5.40708 2.99162 1.42895 -1.46628 -2.25801 7.70214 -1.38744 -1.95981 3.41609 -3.52767 0.264535 -0.81158 1.21429 1.72541 -0.957051 -0.273678 0.878693 0.816836 
4.03529 0.127085 -0.359632 -0.315161 -0.251101 -0.479321 -0.185912 -0.432218 -0.212722 0.241396 0.165008 -0.269088 -0.119701 -6.29917 0.288504 3.10593 0.302471 2.44027 -0.224514 0.685705 -2.92602 -4.62767 2.41528 1.61457 -1.19071 -2.41715 9.5458 -0.740496 -4.28349 2.28783 -3.40265 0.247833 -0.482081 2.20337 4.7722 -2.74547 -1.61285 1.2636 1.14921 
4.0498 0.145193 -0.405854 -0.298851 -0.272197 -0.457114 -0.195287 -0.393947 -0.21676 0.253319 0.151487 -0.232489 -0.0958633 -2.89834 -0.159018 2.17392 1.39294 0.944296 -0.0141775 0.216908 -2.33663 -3.05704 1.14715 1.27924 -0.909974 -2.08279 7.46667 -0.182125 -3.47616 0.847125 -2.74298 0.425925 -0.152036 1.56747 5.10632 -3.30459 -1.71208 0.747881 0.526548 
4.14172 0.128942 -0.444008 -0.275207 -0.257996 -0.479848 -0.174658 -0.411426 -0.195572 0.241826 0.137167 -0.215157 -0.128802 0.541597 -0.469891 0.763151 2.04588 -0.490682 0.519145 -0.129502 -1.74509 -0.775398 -0.297736 0.413033 -0.704119 -1.51318 3.85863 0.112887 -1.43905 -0.144712 -2.08544 1.02058 -0.725233 0.761311 3.92742 -2.78853 -1.14075 0.0818831 0.182184 
4.23275 0.118792 -0.473918 -0.220022 -0.279462 -0.487608 -0.184002 -0.402087 -0.185432 0.23334 0.143972 -0.233855 -0.166047 5.06503 -0.623813 -1.05868 1.8043 -2.39073 1.6049 -0.995478 -0.477156 2.76777 -1.8187 -1.23771 0.389479 -0.00678592 2.81969 -0.161069 -0.497004 -0.715332 -1.99596 1.99255 -1.35395 0.611083 3.48846 -2.13663 -1.41689 0.455389 1.3095 
4.28622 0.116657 -0.472613 -0.159614 -0.366766 -0.433071 -0.18986 -0.452193 -0.129743 0.159956 0.158824 -0.253732 -0.210715 7.85479 -1.04773 -2.21207 1.75664 -3.74842 2.53156 -1.54499 1.30861 4.55316 -3.24937 -2.17124 1.66295 1.418 4.27837 -0.80044 -1.05307 -0.575651 -2.27637 2.20474 -1.67607 2.12007 3.31435 -1.60421 -2.16622 1.95666 3.27505 
4.32012 0.119212 -0.446883 -0.173707 -0.374214 -0.434941 -0.180232 -0.4776 -0.0754711 0.0747744 0.114632 -0.259037 -0.204806 9.12767 -1.74228 -2.31179 2.02417 -4.70893 3.07046 -1.55965 2.56469 4.72778 -4.28509 -2.49683 2.52179 2.4954 5.12443 -1.45028 -1.83906 0.148865 -2.55133 1.94081 -1.08739 3.99648 1.98678 -1.47901 -1.9156 3.28538 4.11228 
4.44035 0.099116 -0.4835 -0.152225 -0.448992 -0.338726 -0.284301 -0.465933 0.0379885 0.0496502 0.0759375 -0.266585 -0.195867 9.34459 -2.21981 -2.09325 1.93184 -5.29682 3.41348 -1.2354 3.56829 4.266 -4.69646 -2.4346 3.10932 3.05055 2.79695 -1.65667 -0.898837 0.660115 -1.55041 0.384735 0.900528 3.90328 -1.10397 -1.17462 -0.344626 2.88888 2.58618 
4.9689 0.0455472 -0.656728 -0.17039 -0.665888 -0.159872 -0.388861 -0.321007 0.373911 -0.0616102 -0.117695 -0.0813577 0.0469255 8.67172 -2.43268 -1.80303 1.68632 -5.09849 3.22888 -0.927709 4.23663 3.46094 -4.61009 -2.24192 3.54157 3.1417 -3.20155 -0.864228 1.387 0.645871 0.820517 -1.61536 2.40291 1.59164 -4.74175 0.0656734 2.04839 0.386602 -1.09459 
5.13851 -0.0453046 -0.711507 -0.0454155 -0.773752 -0.153092 -0.373101 -0.11364 0.338294 -0.199021 -0.137967 0.0653115 0.170929 6.84712 -2.1993 -1.55326 1.41408 -3.85594 1.99319 -0.28898 4.28893 2.48199 -3.84898 -2.03672 3.59384 2.99288 -7.53518 0.788658 2.62623 -0.609529 3.25002 -2.92807 2.48449 -1.87244 -4.69821 1.83751 2.56585 -2.00906 -3.55225 
5.17752 -0.118683 -0.689051 0.00818629 -0.848844 -0.122022 -0.310327 -0.0132187 0.243181 -0.312267 -0.114815 0.114572 0.19299 3.04966 -1.42604 -0.835068 0.88902 -1.8701 0.451454 0.199018 3.4511 1.51353 -2.92239 -1.5704 3.2424 2.11374 -9.65133 2.48153 2.41243 -1.92815 5.33852 -3.81676 1.11425 -4.08377 -2.12312 3.14673 1.38309 -2.75441 -3.71102 
5.18095 -0.148507 -0.634062 -0.0213312 -0.878752 -0.109424 -0.244987 -0.0194288 0.203104 -0.309499 -0.0709141 0.0969091 0.110803 -3.24287 -0.37556 1.26562 -0.134721 0.712542 -0.797059 0.81738 1.25831 -0.402552 -1.25393 -0.739082 1.91338 0.245904 -10.8718 3.20728 2.27435 -2.48535 5.91693 -3.0904 -0.520452 -4.95561 -0.167059 3.7109 0.0413175 -2.48453 -2.65813 
5.12639 -0.135452 -0.625502 -0.0198013 -0.851589 -0.125993 -0.287337 0.0122337 0.195764 -0.311402 -0.0760054 0.118777 0.087641 -9.4497 0.813817 3.43906 -1.10448 2.69611 -1.86599 1.4614 -1.23413 -2.46363 1.26161 0.165643 -0.286796 -1.3466 -10.4462 2.73134 2.80173 -2.43883 4.23773 -1.45408 -0.475658 -4.68733 -0.332217 4.01953 -0.372595 -2.40636 -1.22924 
4.97084 -0.0773019 -0.643602 -0.0316138 -0.7121 -0.290599 -0.221067 -0.0475353 0.237452 -0.270418 -0.134672 0.130638 0.12832 -12.7761 1.52232 4.64641 -1.62095 3.32481 -2.34808 1.54958 -2.57001 -3.08093 2.85568 0.805852 -1.74652 -2.13665 -8.15395 1.04919 3.49935 -1.02452 0.794585 0.417578 0.150773 -2.65301 -2.54671 3.30902 1.064 -2.66405 -0.925932 
4.5953 0.0113145 -0.570547 -0.123226 -0.525308 -0.38603 -0.260693 -0.118796 0.276184 -0.263257 -0.15762 0.145677 0.0751624 -14.3083 1.97023 5.29668 -2.42162 3.55471 -2.19458 1.24368 -3.3354 -3.07706 3.82586 0.74604 -2.30709 -2.02649 -2.24094 -0.616398 2.56527 -0.0193588 -2.59358 1.83336 0.771134 -0.372799 -3.04686 1.98474 1.67276 -2.2566 -0.101391 
4.00644 0.0510915 -0.28157 -0.221182 -0.406431 -0.298626 -0.257846 -0.34243 0.0729205 -0.0771144 -0.0902395 0.0077685 -0.107927 -14.6922 1.60636 5.65107 -2.20667 3.26455 -1.67927 0.411778 -2.89772 -3.01927 3.64721 0.596138 -2.59849 -1.28286 4.62542 -1.72928 -0.259718 0.984619 -3.8031 1.62166 -0.207679 2.55659 -0.46126 -0.854076 0.737351 -0.420149 1.62274 
3.79916 0.0939043 -0.176283 -0.246407 -0.470784 -0.339921 -0.140748 -0.398131 -0.0680541 0.128088 -0.0747379 -0.133884 -0.0260491 -14.5406 0.702741 5.75847 -1.92915 2.43987 -1.46499 -0.187258 -2.41638 -2.63355 3.29286 0.329253 -2.43474 -1.1714 6.40795 -2.25542 -2.17224 1.22896 -2.24947 0.722409 -2.22617 3.47614 2.6791 -3.28308 -1.02096 1.87703 1.74568 
3.69827 0.0393436 -0.124467 -0.133926 -0.543826 -0.417077 -0.113121 -0.273199 -0.153526 0.0564041 0.0635045 -0.147132 -0.0864691 -12.1461 -0.118283 4.95335 -1.90588 1.126 -0.399844 -0.910468 -1.31742 -2.16717 2.56716 0.469856 -2.06923 -0.82488 5.04499 -1.67644 -2.90821 0.14398 -0.219884 0.381148 -2.93771 2.21381 4.10826 -3.08864 -2.26053 2.56891 1.49863 
3.61717 0.0862094 -0.062195 -0.352078 -0.47818 -0.330957 -0.162407 -0.377834 -0.085569 0.101701 -0.0408605 -0.122122 -0.0497708 -8.95749 -0.692858 3.46402 -1.67428 0.242132 -0.126169 -1.23043 -0.47624 -1.20233 1.87386 0.226033 -1.40466 -0.286416 2.73376 -0.955527 -2.66578 0.0610757 0.352568 -0.000244766 -1.98445 0.964368 2.9034 -1.72575 -1.24164 1.86708 0.151347 
3.47513 0.00786641 -0.00190772 -0.241839 -0.440439 -0.323807 -0.319699 -0.268643 -0.0591642 0.031229 -0.0680467 -0.163264 0.0258446 -8.26865 -2.38695 1.57083 -1.07557 0.567723 -0.295497 -1.49625 0.45382 -0.0568655 0.373865 -0.107435 0.00603836 0.302666 -0.0883665 -1.23441 -2.28024 -0.259918 0.427251 0.201239 0.530723 -0.564048 0.46862 -0.0899789 0.327247 1.17259 -0.787409 
3.17912 -0.0581534 0.0393937 -0.251807 -0.434583 -0.465258 -0.345502 -0.31382 -0.00267171 0.0697202 -0.140476 -0.0968559 -0.0712518 -9.2504 -4.13281 0.176923 -0.998395 1.78323 0.397301 -1.03981 1.12144 0.653799 -0.651544 -0.217365 0.930623 0.358815 -1.45906 -2.50882 -2.56314 0.26972 0.975212 0.984258 2.74475 0.237375 -0.958397 -0.199316 1.38723 0.637034 0.207787 
3.30761 -0.0312354 -0.0310743 -0.374902 -0.479792 -0.320789 -0.348737 -0.27259 -0.0247779 0.0740643 -0.0496307 -0.122195 -0.0290451 -9.76467 -4.96688 -0.704408 -0.905577 2.42157 1.08772 0.032382 1.25509 0.52349 -0.792161 -0.362322 1.0176 0.538097 -3.44123 -3.62037 -1.90547 1.27394 1.8977 0.98472 3.4495 1.12394 -1.13 -1.16584 0.902825 0.630817 0.454594 
3.24586 -0.0162566 -0.0308934 -0.396827 -0.453701 -0.361599 -0.346112 -0.333531 -0.00740718 0.127303 -0.065811 -0.122496 -0.06108 -8.64913 -5.04171 -1.15692 0.144578 2.45209 1.46348 1.13049 1.52415 -0.178293 -0.656757 0.515064 0.979483 0.577183 -1.52765 -2.23404 -0.77589 1.39021 1.80635 1.64631 2.67004 1.29212 -0.832841 -1.01418 0.293002 0.214564 0.956215 
2.6591 -0.391646 -0.0699988 -0.281839 -0.320228 -0.370811 -0.314305 -0.293734 -0.0718794 0.0161059 -0.0423218 -0.0180482 -0.0293289 -7.2023 -4.35879 -1.18281 0.26698 2.63031 1.59837 1.72275 1.40253 -0.368847 -0.626885 0.737382 0.618105 0.271288 4.18602 2.04533 0.730032 1.18101 0.169631 0.937994 0.613369 0.738527 -0.162899 0.0444398 -0.0223758 -1.13636 0.216191 
2.49348 -0.555048 -0.181263 -0.329431 -0.195077 -0.260729 -0.1507 -0.123534 -0.0135169 -0.0280841 -0.0418383 -0.00812155 0.0401765 -3.08198 -1.84396 -0.498087 0.208732 1.6522 1.24496 1.2828 1.02003 -0.780378 -0.6277 0.744937 -0.0949805 0.0669474 9.80775 6.82292 2.35941 0.138546 -2.56154 -1.18702 -2.00019 -1.56505 -0.245977 1.23716 -0.13092 -1.81965 -1.32859 
2.49121 -0.532151 -0.159651 -0.32105 -0.206088 -0.200231 -0.11635 -0.132678 -0.0691512 -0.0511313 -0.0578714 -0.0444311 0.00563839 -0.0800676 0.215648 0.431252 0.465094 0.523189 0.0798616 0.658465 0.641395 -0.976387 -0.16483 0.590853 -0.560912 -0.306598 11.7973 8.24699 2.55949 -0.905425 -4.05949 -2.71821 -3.2632 -2.25556 -0.262268 1.69962 0.152067 -1.8338 -1.56903 
2.69778 -0.430656 -0.113058 -0.240979 -0.200565 -0.147527 -0.138305 -0.188627 -0.105454 0.062674 0.0291278 -0.0367799 0.0540364 3.69012 2.52351 1.11393 0.280651 -0.64989 -0.749369 -0.149748 0.347065 -1.15702 0.0733502 0.740049 -0.973314 -0.710244 8.16991 5.94623 1.86353 -1.29033 -3.72208 -3.73874 -2.79609 -1.73602 -0.279579 0.808616 -0.201212 -1.01633 -1.58115 
2.63186 -0.417298 -0.0813917 -0.22699 -0.159884 -0.248009 -0.209455 -0.134361 -0.0505751 -0.018763 -0.012777 -0.12127 -0.0429555 7.59255 4.96895 1.67282 0.356698 -1.74925 -1.43966 -0.555876 -0.912518 -1.24864 0.511999 0.177326 -1.35625 -0.881282 3.27609 1.79391 0.461704 -0.254771 -1.97128 -2.19641 -0.57889 -1.24653 -0.662235 0.0785986 -0.453813 0.444974 -0.0572187 
3.23145 0.0127286 0.0161052 -0.378679 -0.416567 -0.358283 -0.282655 -0.2752 -0.130077 0.0315394 -0.0254641 -0.157557 -0.110382 9.09323 5.63718 1.4885 0.481318 -2.09679 -1.79946 -1.03077 -1.77271 -1.03974 0.630813 -0.0784268 -1.18782 -0.778809 -1.83038 -2.58015 -1.49574 1.06458 1.22374 0.610476 1.53113 -0.157074 0.290253 -0.543617 -0.749387 1.15217 1.37813 
3.26095 -0.0173345 0.0301351 -0.321776 -0.455646 -0.393011 -0.287237 -0.219402 -0.16454 0.0994243 0.0353085 -0.177351 -0.0653696 8.97713 4.99244 0.857955 0.175827 -1.86986 -1.57502 -0.895551 -1.47214 -0.6056 0.587562 -0.12235 -0.841281 -0.437769 -3.00362 -3.46101 -2.1938 0.993216 2.51223 2.48788 1.84784 -0.0675857 0.959599 -0.721545 -0.863568 1.19013 1.494 
3.31286 0.0212859 0.0542408 -0.295602 -0.415417 -0.471569 -0.314596 -0.226259 -0.173531 0.0452478 0.041518 -0.15242 -0.124183 8.79552 3.22314 0.18848 1.12525 -2.74804 -0.65839 -0.64298 -1.04205 0.15157 -0.395958 -0.0830073 -0.257772 -0.688589 -1.49982 -3.51947 -2.06559 1.2671 0.838832 3.37773 0.95695 0.56823 1.81854 -0.765852 -0.019986 0.942382 0.774189 
3.42442 0.0500861 0.0443937 -0.183248 -0.413506 -0.423516 -0.208821 -0.379814 -0.210178 0.0216126 -0.0934495 -0.152234 -0.0497713 9.80358 1.34326 -0.554986 2.76271 -4.53665 0.533546 0.601254 -0.653316 0.5051 -0.650394 0.225051 0.280136 0.00619477 1.34159 -3.12967 -1.24433 1.66673 -3.12201 2.31675 0.232963 1.87629 1.96562 -1.08407 1.17584 0.484743 -0.470213 
3.60207 0.091608 -0.073703 -0.261445 -0.382344 -0.344859 -0.231449 -0.341284 -0.105153 0.0542277 -0.0529779 -0.152385 -0.0182554 9.59324 -0.853922 -1.38765 3.98987 -5.56085 1.64289 1.52394 -0.179967 1.35284 -1.0333 0.446579 0.661291 0.348765 4.10777 -2.35465 -0.0951719 2.66077 -6.57648 0.970101 0.791138 1.36004 0.93199 -0.921271 1.42585 0.420653 -0.686492 
3.64064 0.0884286 -0.047105 -0.304384 -0.410696 -0.329911 -0.262711 -0.275729 -0.130113 0.078479 -0.0032889 -0.15385 -0.0427269 10.9978 -1.14389 -1.88245 3.97751 -6.6777 1.77041 1.57033 0.395788 1.65686 -1.59814 1.0745 1.0516 -0.066564 3.94704 -1.85274 -0.243323 2.5667 -5.66432 -0.285568 1.31097 0.987606 0.225632 -0.827356 1.35448 0.579455 -0.274128 
3.91389 -0.0604601 -0.0503134 0.00512992 -0.727113 -0.249784 -0.304314 -0.269969 -0.00896119 -0.101138 0.0472062 -0.0856533 -0.168245 11.299 -1.5034 -1.97652 3.84446 -7.52157 1.46036 1.59567 1.03866 1.63901 -1.47766 1.77556 1.19359 -0.0915546 1.09285 0.133063 -0.36653 -0.547457 -0.879814 -1.61885 1.04565 0.455276 -0.827796 0.229187 0.809393 0.414469 0.400789 
4.30877 -0.0970519 -0.0997181 0.158594 -1.09188 -0.259225 -0.0759463 -0.244694 -0.0494453 -0.0736256 0.0319055 -0.116923 -0.0358127 10.5269 -1.48281 -2.02142 3.68868 -7.4303 0.254108 1.511 1.77049 1.01547 -1.29783 2.49064 1.32156 -0.508407 -3.18588 1.51833 -0.359163 -2.79329 4.2642 -2.32995 -0.600283 0.278799 -1.37333 0.760677 0.583555 0.353808 -0.13678 
4.48932 -0.109676 -0.158266 0.138428 -1.17446 -0.182194 -0.0518051 -0.305389 0.019511 -0.0380226 0.0633486 -0.0705342 -0.0250884 8.91157 -1.25048 -1.61865 3.47066 -6.43674 -0.828064 1.68909 1.49368 0.20402 -1.12988 2.39958 1.1668 -0.445212 -5.89337 1.80153 0.194437 -3.06921 6.12003 -2.78641 -1.41614 0.587697 -1.72416 0.937076 0.402501 -0.272067 -0.437886 
4.60791 -0.0934982 -0.214889 0.109513 -1.13041 -0.273355 -0.139968 -0.146497 0.000478433 -0.151198 0.199838 -0.0102048 -0.125813 6.93238 -0.693378 -1.47049 2.60714 -4.5829 -1.45691 1.4059 1.2861 -0.224993 -0.747526 2.1724 0.776652 -0.167353 -6.3784 1.05618 1.11992 -1.50885 4.58144 -1.76917 -0.980269 -0.360533 -1.50281 1.12474 -0.593028 -1.07107 0.00924132 
4.63933 -0.0998646 -0.189993 0.130261 -1.19178 -0.318105 -0.103832 -0.167288 -0.00426938 -0.110409 0.198481 -0.0107009 -0.088352 4.17649 -0.0577997 -0.969242 1.16435 -2.09024 -1.91617 0.849481 1.15467 -0.925824 0.0233325 1.77058 0.231829 0.0512558 -4.36397 0.0946179 1.33273 0.101012 2.18556 -0.138109 -0.605256 -0.87988 -0.727098 0.530146 -1.19641 -1.35725 0.237213 
4.65071 -0.0737445 -0.262865 0.204869 -1.19231 -0.42523 -0.0512836 -0.12345 -0.104387 -0.0803071 0.235016 -0.00370998 -0.118547 1.87378 0.00676121 -0.382917 0.7083 -0.128616 -2.05614 -0.127527 0.917692 -0.913935 -0.0872867 1.31687 0.058424 -0.381712 -1.99353 -0.398295 1.37857 -0.01068 0.836193 1.19653 -0.429713 -1.10182 0.292706 0.192385 -1.61292 -1.16047 0.678801 
4.63491 -0.0805686 -0.217913 0.173986 -1.16335 -0.442693 -0.0519823 -0.157962 -0.0882684 -0.0851242 0.250569 -0.0374465 -0.0901401 0.786108 -0.0786458 0.0492259 0.837011 0.668093 -2.21132 -0.276744 0.92334 -1.1383 -0.0565917 0.476931 -0.199503 -0.222755 -0.528723 -0.468321 0.667304 -0.259132 0.939178 1.28281 -0.821235 -0.431089 0.698938 -0.196429 -1.51213 -0.119363 0.100543 
4.62451 -0.0839411 -0.199522 0.199663 -1.17469 -0.432476 -0.0998094 -0.133356 -0.0934644 -0.0989758 0.251951 -0.0674068 -0.085961 0.178106 -0.327091 0.443965 0.692474 1.11394 -1.35284 -0.764374 0.633024 -0.693759 -0.0121105 -0.466967 -0.178916 0.142911 0.126791 -0.396967 0.125108 -0.535572 1.34632 0.715471 -1.15945 0.508837 0.771771 -0.637691 -1.19567 0.879772 -0.273663 
4.63772 -0.104235 -0.175953 0.223798 -1.17764 -0.43067 -0.0961295 -0.144281 -0.127297 -0.0704644 0.222412 -0.0830009 -0.0871108 -0.937136 -0.344021 0.420907 0.605332 1.97502 -0.729004 -1.80466 1.01661 0.101863 -0.70484 -0.957551 0.276429 0.204163 -0.926329 -0.0904055 -0.279744 -0.338781 1.46738 0.497295 -1.48143 0.95004 1.18545 -0.934773 -0.998809 1.40583 0.0678925 
4.65872 -0.109045 -0.182885 0.215636 -1.10661 -0.476196 -0.107627 -0.145004 -0.0998521 -0.103548 0.202747 -0.0576798 -0.104203 -3.24581 -0.369932 0.606953 0.529527 3.32946 -0.398191 -2.53054 1.13341 0.764632 -1.32789 -1.49446 0.674894 0.292891 -3.73646 0.221781 -0.331295 0.109273 1.99673 0.473973 -1.63638 0.981894 1.15593 -1.17145 -0.660331 1.22122 0.322609 
4.65509 -0.112943 -0.192818 0.222622 -1.03676 -0.524799 -0.136967 -0.0847011 -0.131034 -0.103213 0.1642 -0.0327295 -0.105752 -6.66296 -0.197958 0.981086 0.067931 4.65503 0.0322589 -2.45093 0.481392 1.14057 -1.4873 -2.34034 0.830725 0.210015 -7.39584 0.424256 0.580161 -0.307306 2.57061 0.958881 -0.845042 -0.658408 1.33744 -1.0229 -0.851929 0.312498 0.39975 
4.6359 -0.141895 -0.152258 0.195525 -1.00747 -0.434069 -0.267002 -0.0428244 -0.0703983 -0.151667 0.13198 -3.8731e-05 -0.0849646 -9.43081 -0.178885 1.47146 -1.0575 5.59618 0.844062 -2.73729 0.190683 1.80195 -1.90631 -2.83077 0.780031 0.362744 -8.75575 0.42602 1.26483 -1.32482 2.53065 1.17784 0.362951 -1.81067 0.920766 -0.523867 -1.08051 -0.722596 0.16937 
4.3975 -0.112294 -0.184428 0.260291 -0.916972 -0.441744 -0.348763 -0.00732327 0.0186845 -0.222911 0.0918554 0.0508628 -0.0501315 -11.3509 -0.884582 2.52374 -2.61821 6.81629 1.51996 -2.7037 0.095141 1.26416 -1.46216 -2.92045 0.447664 0.303661 -5.68302 -0.751176 2.37315 -3.36265 2.07983 1.51873 1.33701 -1.95144 -0.712043 0.897708 -0.833979 -1.49825 -0.29283 
4.00727 -0.11128 -0.155656 0.274885 -0.663566 -0.501161 -0.367527 -0.0132379 -0.0040426 -0.274407 0.0549741 0.0525297 -0.0711682 -11.1593 -2.53172 3.72284 -3.95484 7.47243 2.97165 -2.23963 0.241838 -0.161919 -0.152575 -1.9278 -0.464697 0.523387 1.48195 -2.87418 2.78672 -4.41235 0.664748 2.46218 1.39023 -0.347278 -2.58852 2.61055 0.939327 -1.85402 -0.128061 
3.55791 -0.0973124 -0.00896037 0.121333 -0.53806 -0.388109 -0.297766 -0.221726 0.0494532 -0.237123 -0.103814 -0.00105968 -0.0720301 -8.57419 -4.85603 4.23215 -5.47337 7.69606 4.68707 -1.45522 0.0667945 -1.50697 0.00727372 -0.928292 -0.623301 0.940289 9.58078 -5.38801 1.59883 -3.52489 -0.404217 3.05187 0.889535 1.97524 -4.35076 2.48596 3.26971 -0.948159 0.540126 
3.46679 -0.1329 0.0273864 -0.0269046 -0.506804 -0.261662 -0.450005 -0.112829 0.139128 -0.335207 -0.119099 -0.00985776 -0.0370079 -4.66964 -6.97336 3.57207 -6.66771 7.04293 5.4197 -0.23581 0.215849 -1.89327 0.884878 -0.309894 -0.58566 1.08204 13.1958 -6.27809 -0.723014 -1.62693 -1.39464 2.67139 1.54874 1.95063 -3.44255 1.94595 3.61808 0.348204 0.92358 
3.3997 -0.322959 0.206199 -0.218045 -0.258749 -0.263153 -0.40974 -0.0835109 -0.097324 -0.164621 -0.113058 -0.0359283 -0.0819019 0.280157 -8.73055 2.32152 -7.40875 5.11932 5.51491 -0.472333 0.606212 -2.08502 1.55025 0.939663 -0.239649 1.3967 11.9124 -4.24362 -4.15465 0.608935 -3.59002 0.853287 0.721901 0.979569 0.351898 -0.0641641 2.64691 1.71715 1.23942 
3.60489 -0.592705 0.314872 -0.296619 -0.167072 -0.0291289 -0.384203 0.00316577 -0.27807 -0.00031293 0.103198 -0.153565 -0.00974754 5.1251 -9.17921 1.01956 -6.80871 2.06786 4.56762 -1.07131 0.829964 -1.3992 1.83163 1.47792 0.691932 1.7875 6.78542 0.0381452 -5.46566 2.04106 -5.66111 -2.93052 -0.802997 -0.722831 4.03218 -1.37481 -0.193817 2.83868 0.603396 
3.91883 -0.878106 0.273797 -0.461998 -0.111344 0.194093 -0.361763 -0.0395036 -0.329811 -0.228855 0.0996891 -0.0144177 0.0802525 8.54208 -8.89429 -0.864701 -5.16022 -0.364318 3.08884 -1.3293 1.25027 -0.059149 1.70234 2.09315 1.43225 1.537 1.29228 4.10339 -4.28719 3.32686 -6.75265 -5.49696 -1.97199 -1.2113 5.78698 -0.325718 -1.4639 1.87883 -0.588603 
4.06824 -1.01375 0.108036 -0.559089 -0.169033 0.176723 -0.279872 -0.00748252 -0.108636 -0.0811618 0.0268306 0.014271 0.0595159 8.79096 -7.39851 -1.6976 -2.46044 -2.47429 1.86227 -0.0169778 -0.306419 0.880937 1.39244 0.700153 1.02568 1.65722 -2.21096 5.77882 -1.04069 4.96202 -5.34938 -4.86567 -1.1147 -1.64409 3.38326 -0.599744 -2.19283 -0.198548 -0.753095 
4.20683 -1.11273 -0.0150678 -0.607323 -0.306333 0.0793349 -0.517038 0.0198031 -0.130194 -0.0681403 0.190553 0.0622504 0.118073 8.68756 -4.51346 -2.8435 -0.0287404 -4.58731 0.297641 1.53103 -1.76376 1.64837 1.15695 -0.573309 0.720199 1.54341 -3.36209 5.64741 1.52429 5.54138 -2.01778 -2.48956 3.59695 -2.68248 -0.383393 0.311373 -3.11246 -2.35203 -0.893932 
4.37135 -1.06531 0.0465898 -0.553722 -0.526132 -0.0433434 -0.567961 -0.050569 -0.037103 -0.0541995 0.077527 0.160588 0.144329 6.56554 -0.276218 -3.22909 2.22116 -4.67307 -1.68828 2.88493 -2.18623 2.26357 1.629 -1.6699 -0.0729072 0.513161 -3.53759 5.53653 1.37988 4.88694 1.76856 0.0401373 6.50269 -2.1043 -2.70358 0.958028 -2.07024 -3.82129 -0.954569 
4.4956 -1.12143 -0.0771956 -0.513353 -0.59036 -0.00234536 -0.514056 -0.00484968 0.140916 -0.0503226 0.139289 0.138119 0.0589151 0.758208 3.3676 -3.07401 3.60553 -3.07503 -2.74575 4.01145 -1.82604 1.6995 2.36096 -1.35054 -0.588462 -0.641152 -6.93228 6.13478 0.286346 2.3892 4.80044 0.154401 5.69603 -0.590441 -3.2553 0.924362 -0.6626 -2.07557 -1.30333 
4.38737 -1.08871 0.0218911 -0.25565 -0.64839 0.0440973 -0.245315 -0.236389 0.0102947 -0.0860569 -0.143202 -0.0602157 0.185191 -6.53547 5.5942 -2.69002 2.9029 -0.957144 -2.40452 4.3212 -1.61063 0.148148 1.28142 -1.1468 -1.30827 -1.15333 -12.7967 5.60097 -1.40004 -2.31355 6.03009 -0.579626 0.691681 2.51253 -1.53278 0.481146 2.26477 0.2965 -2.27808 
4.62057 -0.944765 -0.0940827 -0.231621 -0.715805 -0.0904262 0.0170208 -0.351341 -0.15475 0.0929169 -0.104059 -0.0387381 0.147211 -12.6885 6.50715 -2.46852 2.04496 1.15397 -2.14133 4.46803 -1.11753 -0.855638 0.448745 -1.32477 -1.59011 -1.46193 -17.5261 2.39744 -0.862482 -4.98466 5.22536 -0.257674 -4.91689 3.82379 -0.47859 -2.25655 2.90636 1.51824 -1.42773 
4.48821 -0.572108 -0.157886 -0.0893229 -0.571309 -0.151078 0.0349177 -0.188897 0.0292858 0.163601 -0.0636345 -0.135275 0.0202756 -17.277 5.93585 -2.64782 1.03829 3.13519 -1.7637 3.2737 -0.093846 -1.48875 -0.447639 -0.66122 -1.38904 -1.31498 -14.5094 -2.96048 0.386815 -5.20424 2.44097 0.620684 -6.35992 2.34449 -0.644911 -4.00725 1.25925 1.91739 0.585998 
3.58253 -0.445569 -0.249581 -0.175308 -0.343094 -0.183475 0.0573147 -0.127925 -0.0079481 0.105249 0.0323898 0.0563216 -0.0753899 -18.6823 5.41579 -1.83453 0.0614503 3.84691 -1.48783 2.04175 0.82044 -1.94133 -1.09627 -0.494972 -0.875473 -0.95476 -1.63918 -5.91298 1.76203 -2.14006 -0.679411 1.62313 -4.09421 0.701996 -0.507571 -3.22745 -0.790471 0.155568 2.19275 
2.81293 -0.406337 -0.282125 -0.460006 -0.326799 -0.151413 -0.0645448 -0.143559 -0.122562 -0.0355589 -0.00982924 -0.116205 -0.0437655 -16.086 3.54002 -2.55155 -0.64099 4.2572 -0.90527 0.041887 1.33737 -0.715551 -1.21954 0.175342 -0.122295 -1.08765 12.9325 -5.76956 1.43593 2.45055 -1.82364 1.66478 -0.406919 -1.02263 0.604784 -0.152104 -1.72456 -0.015155 2.13687 
2.63485 -0.447252 -0.254526 -0.376975 -0.310245 -0.235588 -0.133337 -0.140172 -0.210326 -0.110135 -0.0415635 -0.0680191 0.00204337 -9.30398 0.947671 -3.3694 -0.491694 4.21907 -0.374018 -0.949139 0.807238 -0.410286 -1.32151 0.00660652 0.245415 -0.642228 22.9828 -3.61286 -1.41382 3.27887 -1.34054 1.05074 1.69422 -1.65641 1.74485 2.9474 -0.459112 0.349602 0.374272 
2.4944 -0.55297 -0.291486 -0.308333 -0.206395 -0.188318 -0.135532 -0.0748078 -0.116132 -0.149582 -0.052937 -0.027839 0.0283661 0.578001 -1.50071 -4.39034 -0.719579 3.00799 -0.420583 -0.611804 0.718879 -0.274423 -1.16147 -0.594366 0.667649 0.184574 24.6955 -1.33054 -3.86973 1.60525 -0.757537 -0.242207 1.57985 -0.779547 2.14013 3.28917 0.317739 0.688571 -0.767113 
2.65644 -0.459492 -0.189513 -0.293131 -0.224038 -0.127326 0.0140898 -0.0378442 -0.183848 -0.12543 -0.0968516 -0.0951587 0.0264381 10.973 -2.03119 -5.1715 -0.543714 2.20695 -0.224735 -0.623396 0.343023 -0.0773375 -0.503711 -0.596311 0.594715 0.340483 18.178 -0.680902 -4.84766 -1.51283 -0.243378 -1.04979 -0.206697 -0.286465 0.802906 1.41944 0.932111 1.42731 -0.731207 
3.07279 -0.576813 -0.476387 -0.209844 -0.143586 -0.122897 -0.0997567 -0.191152 -0.0234664 -0.0167436 -0.0916323 -0.0711067 -0.0195442 17.3795 -1.71282 -5.36648 -0.565294 1.51602 -0.641141 -0.761945 -0.0891932 0.732006 1.19623 -0.0424929 1.23204 -0.0715808 7.82231 0.772345 -1.36219 -3.72565 -1.35721 -1.24378 -1.38592 0.457668 -0.802652 0.0192554 0.759119 0.614423 0.0178545 
3.89882 -0.660699 -0.72525 -0.243161 -0.0714584 -0.223914 -0.079899 -0.210068 -0.131415 0.0416433 -0.00601147 0.0281381 -0.0524278 18.8929 -1.09416 -5.06438 -1.65424 1.04161 -0.3264 -2.01379 -1.2223 1.06793 2.30201 0.779722 1.14317 -0.262499 -3.9767 1.94571 3.1472 -2.86293 -1.86316 -0.0859367 -2.82449 -0.633979 -0.432785 0.323932 0.790529 -0.14935 0.430434 
4.26016 -0.69764 -0.817841 -0.36437 -0.136198 -0.267217 -0.034374 0.0506449 -0.00288651 -0.0846455 -0.128701 0.0370107 0.0309881 17.1463 -0.212613 -4.00314 -2.34309 0.319784 -0.507436 -2.38627 -1.09688 0.976346 2.19129 1.21547 0.922332 -0.49349 -11.7107 2.47852 5.59283 -0.740857 -1.33792 1.06014 -2.51006 -1.96417 0.0301962 1.29798 1.43169 -0.86896 -0.231611 
4.46375 -0.622204 -0.85908 -0.474493 -0.0694038 -0.174998 -0.156825 -0.123788 -0.17966 -0.0929625 -0.035636 0.0528272 -0.0071211 12.3813 0.551614 -2.92679 -2.57246 0.0542854 -1.29102 -3.02053 -0.4436 1.19683 1.77629 0.965953 1.22615 -0.0127642 -13.6921 2.14565 4.99808 1.2697 -0.880509 0.152244 -0.647714 -0.386054 1.16435 0.935619 0.293187 -0.824684 0.00574784 
4.59265 -0.580691 -0.773216 -0.512664 -0.201668 -0.293544 -0.264497 -0.197815 -0.03229 0.176381 -0.00972592 0.0379219 -0.0363819 5.345 2.53341 -0.67226 -2.11871 -0.123786 -1.18045 -1.81498 1.21871 1.14851 0.775369 0.281022 0.841953 0.326407 -12.3668 1.90216 1.93072 2.48967 0.726571 -0.382255 2.0987 2.63126 0.978425 -1.89459 -1.30335 -0.190784 0.462607 
4.58389 -0.588438 -0.739177 -0.507972 -0.132552 -0.178352 -0.47095 -0.370969 -0.0134624 0.221636 0.0996182 0.0674309 -0.010874 1.19852 5.78142 0.649769 -1.79799 -0.811955 -1.05472 -1.43316 0.752823 1.832 0.165204 -0.112697 0.439702 -0.228447 -6.50422 4.17553 -0.202014 1.61505 0.276916 -1.46534 4.26926 4.15507 0.424689 -3.60934 -2.54129 0.143591 0.0894256 
4.43423 -0.517098 -0.69815 -0.52373 -0.166536 -0.203813 -0.266719 -0.117424 0.0166385 0.0750289 0.0700319 0.0201152 -0.0699302 1.31511 7.48976 0.511358 -1.13993 -1.84827 -0.691993 -0.551477 -0.247086 2.25217 -0.179386 -0.202527 0.294181 -1.12716 1.33623 5.43075 -1.37452 0.330729 -1.4279 -0.382268 3.07232 0.998653 0.630881 -2.87822 -2.15227 0.0623917 -0.756647 
4.30503 -0.431742 -0.759081 -0.531352 -0.146339 -0.405593 -0.362765 -0.0614747 0.0336552 0.0945594 -0.0591703 0.123088 0.0571022 2.79442 7.97007 -0.345618 -0.733451 -2.93475 -0.598201 1.05853 0.119042 3.05206 -1.17285 -0.687182 -0.0942395 -1.43751 8.5106 4.04227 -1.73179 -0.55423 -3.11087 1.76846 1.76312 -3.23999 0.628907 -1.09297 0.192187 -0.881922 -2.37289 
3.98731 -0.21389 -0.708901 -0.435328 -0.0874153 -0.312613 -0.146649 0.14791 0.0885467 -0.0210751 -0.114688 0.0729662 0.0313074 5.04216 7.71887 -1.66573 -0.265487 -3.86952 0.582919 2.23268 -0.204742 2.78734 -2.24318 -0.833652 -0.527252 -1.45882 11.9185 -0.748987 -2.27673 -0.501302 -4.22742 2.5052 -0.0748808 -5.29369 0.832001 1.01154 1.6223 -1.25678 -1.84843 
4.52205 0.310714 -0.71328 -0.608244 -0.281349 -0.360681 -0.250458 -0.146066 0.139121 -0.0331562 -0.0528682 0.0804184 -0.133504 7.85223 6.46304 -2.32972 -0.0155679 -4.80734 1.34575 2.96566 -0.820747 2.53594 -1.96976 -1.07565 -1.01396 -1.20879 6.8455 -6.93529 -2.10398 1.05786 -2.07588 3.15392 0.157431 -2.58121 -0.23044 1.22119 1.26914 -1.32129 0.722887 
4.9176 0.252538 -0.826534 -0.581863 -0.492985 -0.234608 -0.187989 -0.244655 0.248871 -0.0438493 -0.0742311 0.0584262 -0.206854 9.92625 4.50045 -2.82875 0.331577 -4.98282 2.65053 2.57775 -2.38407 2.0105 -1.34087 -0.644507 -1.26865 -0.655371 -0.388012 -7.96222 -0.849904 1.64151 0.835511 1.98804 0.593756 0.747481 -1.71245 0.747755 0.182845 -0.843505 2.83197 
5.06129 0.220013 -0.915757 -0.577922 -0.529985 -0.250385 -0.0898367 -0.237683 0.278215 -0.06958 -0.0366294 -0.00581743 -0.202638 10.465 2.26563 -2.95535 0.745966 -4.9572 3.85587 2.64078 -2.75753 1.27274 -1.15697 -0.160624 -1.56968 -0.230746 -4.95969 -5.5773 0.475361 1.56445 2.55439 1.05528 -0.237677 1.73876 -2.48929 0.523526 -0.771421 0.281968 3.4329 
5.1992 0.172256 -1.00447 -0.478285 -0.673995 -0.0896202 -0.0596041 -0.264202 0.303303 -0.0746326 -0.0453973 -0.0474432 -0.141151 9.48356 -0.225627 -2.91951 1.14732 -4.49878 3.92897 1.90044 -2.60853 0.363387 -0.708373 -0.144282 -1.23979 0.8727 -6.19645 -1.72023 1.61639 0.656428 2.94442 0.0302195 -0.686629 1.56562 -2.32362 0.0599499 -0.56892 0.923133 1.97437 
5.36252 0.0678228 -0.984119 -0.48603 -0.660578 -0.0246649 -0.0110016 -0.279826 0.243163 -0.0707941 -0.104107 -0.0673037 -0.0702449 5.82087 -2.10528 -2.3673 2.02982 -3.27269 4.03959 1.81965 -1.10913 -0.477326 -0.628692 -0.344851 -1.0483 1.91012 -4.509 1.27413 1.46238 -0.00910133 1.36533 -0.850378 -1.64259 0.499301 -1.25048 0.0194681 0.263841 1.1734 0.114474 
5.38193 0.0629439 -1.03815 -0.46093 -0.671113 0.0340528 0.0302195 -0.320717 0.219981 -0.100288 -0.0960972 -0.0724898 -0.0347501 3.20938 -1.53252 -1.34595 1.9826 -2.34388 3.37215 1.02907 -0.498348 -1.14111 -0.519762 -0.173438 -0.792814 2.06149 -3.25195 1.36851 1.30158 0.0165231 0.201396 -1.2344 -1.63053 0.784143 -0.178514 0.177981 0.594796 0.702462 -0.872694 
5.38469 0.0685555 -1.07107 -0.412661 -0.712998 0.0941187 0.0129546 -0.32762 0.187634 -0.108759 -0.0948582 -0.0599114 0.000903631 1.56427 -0.880031 -0.409295 1.57337 -1.74016 2.58171 0.336903 -0.171232 -1.15044 -0.419955 -0.0295663 -0.615892 1.51989 -2.52604 1.21586 1.38051 -0.446056 0.28596 -1.86948 -1.07668 1.10552 0.556382 0.241323 0.764787 -0.153489 -1.36615 
5.40375 0.0441665 -1.04753 -0.378626 -0.766661 0.137769 0.00208889 -0.31949 0.166216 -0.112943 -0.0914634 -0.0509032 0.0295267 -0.0825691 -0.106854 0.545865 0.576005 -0.681599 1.12492 0.10484 0.313994 -1.05837 -0.393748 0.479461 -0.609694 0.554631 -2.06836 1.10015 1.50628 -1.36469 1.16206 -2.21653 -0.355674 1.01745 0.793153 0.222143 0.738056 -0.693189 -1.70239 
5.40527 0.0437293 -1.05328 -0.340186 -0.80348 0.166763 -0.0119567 -0.308123 0.147902 -0.112505 -0.0843674 -0.0663519 0.0383701 -3.33191 0.743083 1.55358 -0.313511 0.657699 0.0198748 0.114889 0.97542 -1.16307 -0.268099 0.871954 -0.716862 -0.263075 -3.72099 1.06664 2.03853 -2.56839 3.03516 -2.56375 0.553918 0.96041 0.157856 0.160157 0.557258 -0.663331 -1.72486 
5.35414 0.0654811 -1.01661 -0.332686 -0.814396 0.152178 -0.0259682 -0.276819 0.143755 -0.112949 -0.0610662 -0.0944945 0.0246377 -9.62503 0.25802 4.01722 -1.19011 2.46141 -1.10136 -0.238856 1.5454 -1.76741 0.0907197 1.03478 -0.0565013 -0.626658 -9.50087 0.159889 3.388 -2.69401 4.3925 -2.28283 0.559779 0.785591 -1.04837 0.281027 0.401017 0.577522 -1.09394 
5.30932 0.0968274 -0.972052 -0.387276 -0.764388 0.092051 -0.0233277 -0.257186 0.171339 -0.121812 -0.0432976 -0.130375 -0.0173834 -15.7051 -1.13397 6.30827 -1.18886 3.68191 -1.98656 -0.0663211 2.02797 -1.92644 0.37985 0.89797 0.0303179 -0.807766 -14.9681 -2.1536 4.87793 -0.846425 3.80273 -1.34728 0.154066 0.821215 -1.78507 0.620758 -0.15389 1.47375 0.0646618 
5.2272 0.128727 -0.892277 -0.49059 -0.672276 0.0268482 0.0101722 -0.229507 0.140625 -0.127539 0.00872269 -0.139951 -0.0811995 -19.967 -1.91992 7.53974 -1.2308 4.57928 -2.73454 -0.397833 1.86551 -2.08792 0.899567 1.00961 0.347885 -0.912838 -14.9264 -3.80716 4.56708 1.42599 1.63908 -0.498038 -0.797329 0.20815 -1.28412 1.08527 -0.514108 1.62257 0.989559 
4.69567 0.184792 -0.762373 -0.56634 -0.457653 -0.0168611 0.0579116 -0.150263 0.0256765 -0.110853 0.0018868 -0.149794 -0.0908109 -21.4419 -2.71631 7.98782 -0.493145 4.87275 -3.44679 -0.899085 1.8119 -2.2266 0.943683 1.09709 0.974555 -0.800482 -5.55043 -3.71072 1.63612 3.2488 -1.38208 -0.34122 -1.64549 -0.632419 0.241101 0.792611 -0.249494 1.1453 1.0163 
3.6047 -0.0152828 -0.363309 -0.575443 -0.304236 -0.0839141 -0.0644111 -0.125109 -0.0934656 -0.0664133 0.0296775 0.0413264 -0.0533274 -18.6484 -3.7641 5.68864 0.143005 4.73908 -3.17122 -0.978753 1.51904 -2.57843 0.426214 0.492322 1.8363 0.3961 11.0277 -1.33165 -5.09267 2.93933 -2.96889 0.109564 -0.919675 -1.13362 1.20719 -0.564113 -0.438814 0.200716 1.27205 
3.19424 -0.256693 -0.183709 -0.40971 -0.347783 -0.113114 0.00228007 -0.0571713 -0.0373188 -0.0458729 -0.0217957 -0.0684189 -0.0478476 -13.9329 -4.27561 2.36494 0.562211 4.48687 -2.08834 -1.2887 1.36001 -2.12105 0.107969 -0.213447 1.86401 1.30014 21.4847 1.39709 -10.516 0.433326 -1.77752 1.22111 -0.433972 -1.10259 1.17889 -1.73681 -0.788685 0.182476 1.57535 
3.09842 -0.192107 -0.193847 -0.46804 -0.295378 -0.190683 -0.109135 -0.143912 -0.0618229 0.0359666 0.0573427 -0.0254374 -0.0766802 -8.22306 -3.48965 -0.0560188 1.10789 3.70233 -1.29757 -1.73362 1.00028 -1.10056 -0.23389 -0.850312 1.31242 1.51352 20.8343 2.6319 -10.3376 -1.02662 -0.288976 2.45754 0.427855 -0.200101 1.23639 -2.20651 -1.65833 -0.636792 1.33947 
3.19975 -0.229395 -0.199809 -0.329526 -0.274868 -0.307516 -0.168511 -0.0809356 -0.0917132 -0.0415224 0.0851081 0.0491968 -0.0774978 1.12829 -0.415961 -2.02736 -0.410779 2.63291 -1.19606 -2.5193 0.239053 0.811053 0.0465264 -0.700674 0.910029 0.894006 13.5717 5.0363 -5.09754 -3.47965 0.484683 2.37378 -0.113875 -0.310117 2.34048 -0.310838 -1.31744 -1.4494 -0.217056 
3.71395 -0.360089 -0.667516 -0.390679 -0.212683 -0.208124 -0.0882076 -0.0953164 -0.186591 -0.164611 -0.0526793 0.152302 0.155748 10.4162 2.76407 -4.28431 -1.89352 1.92914 -1.00046 -3.21359 -0.879368 2.74614 -0.0411828 -0.495048 0.447714 -0.0801826 5.61792 6.7929 2.67038 -3.92949 -0.48763 0.228738 -2.091 -1.36425 4.22273 1.78311 0.642988 -1.54241 -3.15771 
3.83555 -0.354163 -0.873035 -0.466914 -0.0809732 -0.0817861 -0.147326 -0.0477887 -0.0627277 -0.127276 -0.0991348 0.0336342 0.129123 13.9966 4.66712 -4.53308 -3.1371 2.06685 -1.33122 -4.04195 -1.68611 3.7655 -0.173157 -0.217903 0.60202 -0.763994 2.97709 6.06894 5.95429 -2.80678 -1.73059 -2.36069 -2.61854 -2.47263 4.15282 1.91008 2.00248 -0.555446 -3.92643 
3.76052 -0.173892 -0.667156 -0.400615 -0.0932079 -0.138144 -0.214708 -0.0652476 -0.00805032 -0.125683 -0.113637 -0.0343097 0.0351044 14.3421 5.07372 -3.61312 -3.24018 1.51599 -1.53225 -4.22249 -1.88096 4.88235 -0.270404 -0.0614194 0.0633428 -1.33681 1.59518 2.1563 3.62722 -1.07968 -1.5794 -2.89059 -2.02931 -2.32401 2.42058 0.643235 2.2548 0.681386 -2.3535 
4.38633 0.290489 -0.578247 -0.790894 -0.111774 -0.286506 -0.38962 -0.152237 0.208275 0.0360771 0.00037884 0.0389791 -0.0802255 12.5046 5.22462 -1.992 -3.40761 1.3142 -2.04818 -4.50408 -1.84671 4.92476 0.528637 0.333368 -0.474649 -1.72152 -3.65967 -4.02156 0.547101 2.77975 -0.531296 -1.50817 0.217117 0.0396343 -1.16251 -1.16316 0.609955 0.361014 0.613616 
4.82467 0.287433 -0.733523 -0.7623 -0.148516 -0.286686 -0.526394 -0.321271 0.374742 -0.0359082 0.0208349 0.0810331 -0.156637 9.00557 4.98468 0.0258632 -2.54902 1.16199 -2.95017 -4.736 -1.3439 4.42334 0.917068 0.88555 -0.78956 -2.02216 -8.55265 -5.88373 -0.693985 3.53501 0.779582 0.0772596 2.04542 2.72606 -3.92978 -0.89105 -0.848276 -0.667058 2.83435 
4.79378 0.243941 -0.723095 -0.740121 -0.0526332 -0.401917 -0.553083 -0.317546 0.382003 -0.0837875 0.00871334 0.0539949 -0.147354 6.29878 3.66146 0.241472 -1.49438 1.13551 -3.19836 -4.07012 -0.717262 2.90808 0.658497 0.798489 -0.551122 -1.06941 -10.0471 -3.95063 -0.00869942 2.8185 1.06322 1.24239 2.1286 3.64068 -4.24293 0.325639 -1.13319 -1.3275 2.67999 
4.79538 0.236397 -0.745356 -0.703334 -0.107438 -0.412484 -0.596662 -0.297605 0.45506 -0.105125 0.0376484 0.0210977 -0.149962 3.00953 1.86568 -0.486424 -0.54596 1.44547 -2.4023 -3.09311 0.19571 1.4486 0.478974 0.32224 -0.713249 -0.0743284 -7.99479 -0.78427 1.04464 1.31219 0.861664 1.29678 1.66758 2.56077 -3.45756 0.911131 -0.997295 -0.808125 1.6014 
4.76969 0.215013 -0.697807 -0.719914 -0.0255933 -0.46909 -0.632388 -0.192011 0.340175 0.00183469 0.0131624 -0.0100786 -0.0924227 -1.41364 0.255773 -0.133606 0.777393 1.41964 -1.28873 -1.4738 0.702947 -0.118382 0.0599038 -0.280584 -0.93312 0.450591 -3.56481 1.17073 0.746205 -0.299722 -0.249669 1.61218 1.5658 -0.0739295 -1.17563 0.216242 -0.410092 0.359962 0.0079607 
4.64545 0.26569 -0.717159 -0.699517 0.0286086 -0.489166 -0.676568 -0.165618 0.342079 -0.0124895 0.00675914 -0.0437616 -0.0743174 -3.87542 0.311076 1.15634 0.488465 0.626936 -0.186171 0.0929769 0.99485 -1.52863 0.382292 -0.250918 -0.526874 0.383857 -0.939461 0.304226 0.873003 -0.452163 -1.78922 2.29951 2.39337 -1.87121 -0.515588 -0.65246 -0.0107297 1.36486 -1.11873 
4.56219 0.282012 -0.712427 -0.666563 0.058181 -0.495369 -0.67951 -0.137856 0.315665 -0.0131216 -0.000404543 -0.0575446 -0.0517328 -5.09658 0.227145 2.15468 0.775651 -0.585787 1.25674 1.4425 0.0477042 -2.45542 0.00791248 -0.521853 0.276708 -0.0392082 -0.931366 -0.767872 1.97604 -0.121777 -2.87333 2.60293 3.26556 -2.58324 -1.0333 -1.2069 0.00599233 1.91161 -1.54533 
4.47664 0.31699 -0.702631 -0.666796 0.045372 -0.464039 -0.675655 -0.136316 0.300345 -0.00215553 -0.0265634 -0.0618134 -0.0597397 -5.68645 -0.170983 2.85451 1.40068 -1.1624 2.10939 2.15735 -1.47784 -2.70304 -0.581955 -0.819451 0.741653 -0.934042 -0.940908 -1.56129 2.39111 0.964885 -2.84984 2.31697 2.64032 -2.84959 -1.18912 -1.32271 -0.125984 1.62593 -1.72627 
4.44722 0.305905 -0.6472 -0.705907 0.00830141 -0.409778 -0.562935 -0.238058 0.295891 -0.0327534 -0.0219371 -0.0151815 -0.106972 -5.42749 -0.609338 3.01903 2.10532 -1.94406 2.59452 2.55548 -2.64845 -2.40958 -0.945235 -0.97748 1.00425 -1.83926 -0.593365 -1.54197 1.45435 2.10227 -1.29259 0.911549 0.521507 -1.99089 -0.833684 -0.608156 -0.626715 0.464493 -1.40338 
4.32698 0.261682 -0.519065 -0.697451 -0.134832 -0.294985 -0.444485 -0.226358 0.140653 -0.0263564 0.0165909 0.0545189 -0.146243 -4.67447 -1.01127 2.93424 2.54744 -2.02789 2.12636 2.64281 -2.58635 -2.8122 -0.648197 -0.671994 0.538724 -2.03751 0.903702 -0.628473 -0.871271 2.25019 1.05322 -1.43585 -1.70348 -0.572033 0.534895 0.214844 -0.427817 -1.433 -0.642421 
4.07437 0.223492 -0.383079 -0.565804 -0.199673 -0.211793 -0.341547 -0.343357 0.0365297 -0.126175 -0.0800765 0.10517 -0.156315 -3.89634 -1.14056 2.4783 3.16458 -1.97247 0.901975 2.48303 -1.68739 -3.04216 -0.435116 -0.120455 -0.41553 -1.58982 3.12425 0.334221 -2.81396 1.12383 2.15561 -3.67313 -2.50624 2.27542 1.00069 1.44032 0.96559 -3.00632 0.750388 
4.08324 0.183323 -0.383129 -0.459944 -0.173287 -0.196598 -0.420641 -0.498135 0.112691 -0.142765 -0.0968179 0.060343 -0.285781 -2.89923 -1.11803 1.71627 3.53221 -1.38375 -0.533178 2.07831 -0.632313 -3.05395 0.0974028 0.3463 -1.57345 -0.733119 3.38539 1.00046 -2.99546 -0.358128 1.8358 -4.41063 -1.25693 4.47751 0.106557 1.93663 1.9224 -3.29019 2.62443 
4.1158 0.167541 -0.404138 -0.41598 -0.186208 -0.223938 -0.412238 -0.479475 0.0893117 -0.0741904 -0.124477 0.0524657 -0.319724 -1.58089 -0.874737 0.588661 3.54235 -0.598068 -1.7642 1.31226 0.477118 -2.81626 0.976905 0.593258 -2.52261 0.100807 2.61485 0.915632 -1.99225 -1.20033 1.01697 -3.23363 0.0776432 3.98382 -0.442667 1.56937 1.91835 -2.30683 3.14636 
4.10154 0.186164 -0.440597 -0.389046 -0.13375 -0.344366 -0.399174 -0.348757 -0.0325375 -0.035077 -0.0185226 -0.0827546 -0.257344 0.194328 -0.526021 -0.784031 3.1998 -0.0522621 -2.55404 0.937007 0.668582 -1.87708 1.69813 0.921174 -2.98755 0.605957 1.81335 0.384945 -0.964988 -1.13616 -0.17127 -0.479116 0.68799 0.935804 0.300606 1.06849 0.534031 -0.0493636 1.80619 
4.09608 0.183764 -0.444894 -0.288072 -0.193726 -0.477147 -0.347423 -0.211719 -0.0849334 -0.0473889 0.0430735 -0.181001 -0.159723 3.89522 -0.507453 -2.64296 2.76166 -1.3676 -2.16601 1.26596 1.78429 -0.325754 1.02621 0.773854 -1.79108 1.74163 3.64737 -0.231226 -1.61466 -0.684016 -1.69344 2.52181 0.681148 -1.75499 2.56479 -0.722715 -1.4646 2.95174 0.398637 
4.11755 0.180836 -0.459264 -0.288777 -0.152952 -0.519081 -0.322693 -0.218919 -0.104124 0.0245359 0.0399106 -0.248999 -0.107053 6.56009 -0.997559 -3.65848 2.92499 -3.3707 -1.29057 2.56597 2.59242 0.724858 -0.101726 0.1902 -0.0066895 2.81423 6.49769 -1.0557 -2.71367 0.420813 -3.98717 3.85661 1.12752 -1.64551 4.34747 -2.8214 -2.32581 5.10151 -0.154604 
4.19364 0.16701 -0.499612 -0.283416 -0.140483 -0.513138 -0.328643 -0.227521 -0.127554 0.106988 0.0277387 -0.239336 -0.116568 8.4806 -1.7057 -3.84027 3.23719 -4.90069 -0.216237 3.39106 2.40545 1.71268 -1.46297 -0.105056 1.596 2.74076 6.93815 -1.68992 -2.26165 1.28136 -5.23317 3.25763 2.11493 0.273071 3.82179 -4.28057 -1.79263 5.22255 0.202507 
4.27388 0.169727 -0.579417 -0.226853 -0.200578 -0.482943 -0.285089 -0.352636 -0.053585 0.132952 0.055771 -0.220952 -0.153928 9.58938 -2.36456 -3.37576 3.24123 -6.0487 0.91775 3.80564 1.88197 2.41591 -2.41986 -0.395635 3.01874 1.89886 3.84323 -1.84931 0.20453 1.11474 -3.85815 1.38281 2.05042 1.99678 1.07341 -3.75811 -0.218373 3.01033 0.0201783 
4.86227 0.108424 -0.844199 -0.141556 -0.539166 -0.350259 -0.18764 -0.164844 0.206128 -0.181903 -0.0917709 0.055834 0.041051 9.65151 -2.792 -2.4661 2.92764 -6.57692 1.76025 3.56892 1.78568 2.08826 -2.65222 -0.338591 3.64448 0.884877 -2.87408 -1.13356 3.94762 -0.0792964 -0.00945875 -0.536459 0.328588 0.983528 -2.76963 -0.0844161 1.70928 -0.869602 -1.93736 
5.05285 -0.00932168 -0.884614 -0.0167732 -0.731139 -0.346214 -0.00933533 -0.0801143 0.227472 -0.21002 -0.107111 0.139827 0.0846976 8.51278 -2.97434 -1.01329 2.6673 -6.78898 1.86712 3.15174 2.04152 1.36653 -2.79594 0.327756 3.32359 0.0941256 -6.9815 0.244458 5.54164 -1.84726 3.15605 -1.01884 -2.25984 -0.670915 -4.32865 2.61652 2.45322 -3.37406 -3.1658 
5.10029 -0.0718233 -0.801502 0.0253738 -0.778711 -0.34909 0.053857 -0.0696029 0.164308 -0.268572 -0.0208431 0.1591 0.0202653 6.21007 -2.77648 0.637563 2.20777 -6.53474 1.77776 2.5685 1.87543 0.448838 -2.28095 1.18121 2.11482 -0.362508 -7.49268 1.3205 4.40363 -2.36249 3.35816 -0.542645 -3.43697 -1.62384 -3.3448 3.69402 1.96544 -3.9903 -2.47031 
5.11092 -0.103561 -0.718259 0.0147102 -0.81842 -0.338125 0.0593475 -0.0699231 0.13529 -0.284653 0.0338943 0.148651 -0.052901 3.01637 -2.4716 2.79261 1.15514 -5.51885 1.03009 2.13273 1.26236 -1.03942 -0.370283 1.52507 0.792629 -0.836947 -5.66032 1.56655 2.42232 -1.94856 1.74847 -0.400976 -2.22363 -1.97437 -1.39256 3.50147 0.660039 -2.9113 -0.499099 
5.11586 -0.136761 -0.639928 0.00930841 -0.8871 -0.289008 -0.00191228 -0.024136 0.0413772 -0.205028 0.0279493 0.142468 -0.107191 -1.52784 -1.54556 4.37965 0.531451 -4.00227 -0.0708042 1.93146 -0.395872 -2.59555 2.03024 2.04811 -0.908015 -1.52775 -3.92695 1.44961 0.49087 -0.837717 0.117315 -1.07685 0.554341 -1.96723 0.105044 2.44899 -0.530294 -1.27511 1.37046 
5.07606 -0.153216 -0.548604 -0.00400904 -0.921427 -0.2931 -0.0123979 -0.0262453 0.0268274 -0.209967 0.114898 0.0849277 -0.135872 -4.12581 -0.623725 4.43911 0.392324 -3.30336 -0.14692 1.49283 -1.29936 -2.83952 2.60451 1.78522 -1.73147 -1.22641 -4.0521 1.19094 -0.464965 0.493941 -0.0300477 -1.44246 2.22551 -2.00406 -0.0950228 1.85257 -1.23699 -0.449871 1.67093 
5.00321 -0.138751 -0.507055 0.0180903 -1.03774 -0.243727 -0.00106992 -0.0763575 0.0297673 -0.175838 0.183585 0.0144365 -0.112216 -5.87989 0.000663973 3.83398 0.643703 -2.73556 -0.712955 1.5008 -1.58618 -2.81545 3.00577 1.3862 -2.11094 -0.725609 -3.90333 1.0172 -1.08911 1.18883 1.19582 -1.58529 1.7214 -1.16818 -0.57566 0.464029 -1.16833 -0.0420732 0.819826 
4.90677 -0.174612 -0.34252 -0.0601676 -1.08412 -0.346896 0.123638 -0.141712 -0.0501147 0.0199195 0.10732 0.0398611 -0.106066 -7.02605 0.425433 3.38375 0.79365 -2.06413 -0.906177 0.920392 -1.54728 -2.4726 2.6396 1.16551 -2.33117 -0.357975 -2.53243 0.90317 -1.80286 1.3559 2.02688 -0.27847 -1.10956 0.447257 0.04179 -1.77435 -0.287412 -0.320454 -0.0265699 
4.64712 -0.108122 -0.345493 0.032174 -1.11973 -0.431385 0.240895 -0.225156 -0.140183 0.0881624 0.136968 -0.00793339 -0.11083 -8.06594 0.429071 3.13486 0.567046 -0.673813 0.00667489 -0.27236 -1.65611 -1.65605 1.44934 0.551802 -2.63824 -0.130883 -0.323723 -0.0285911 -1.09958 -0.0755327 2.76969 1.97786 -4.29378 1.64729 1.34588 -3.25186 -0.276353 -0.540773 -0.378525 
4.49151 -0.102006 -0.337931 0.111451 -1.1307 -0.328157 0.191238 -0.239339 -0.158434 0.0139712 0.145214 -0.0813645 -0.0957457 -10.8615 0.522324 3.07287 -0.478648 1.72164 0.0873722 -1.80305 -1.63326 -1.06391 0.583512 -0.161988 -2.14216 -0.227465 -1.41281 -0.510679 0.24131 -2.42663 4.01318 2.07759 -5.22226 1.25195 2.33353 -3.06389 -0.558138 0.0561375 -0.439327 
4.37157 -0.0817938 -0.326992 0.116351 -1.0714 -0.450167 0.174728 -0.209708 -0.209246 0.0548349 0.189601 -0.109658 -0.134635 -10.6496 1.04897 2.38774 -1.85571 4.3282 -0.0690286 -3.08636 -0.759087 -1.27011 0.190112 -0.617463 -1.9022 0.456483 -1.69138 -0.0698081 0.530703 -4.09257 4.85284 1.42572 -3.86881 0.58085 1.56925 -1.39105 -1.3247 0.70114 0.797039 
4.29392 -0.0716898 -0.25275 0.0715899 -1.07109 -0.379357 -0.00534351 -0.173816 -0.159774 0.00238029 0.200528 -0.15631 -0.142221 -11.4671 1.13339 2.02783 -3.13875 5.79867 0.00225712 -4.23382 -0.48278 -0.62351 -0.158325 -0.685389 -1.5168 0.552194 -2.41562 0.464901 0.079552 -4.25537 4.56177 -1.07937 -0.541555 -0.215363 -0.0368236 1.20332 -1.4822 1.55251 1.31763 
4.10562 -0.137267 -0.169283 0.0023357 -0.914828 -0.124112 -0.180092 -0.236404 -0.0860984 -0.115802 0.0891958 -0.243811 -0.12652 -10.9984 -0.0225417 1.31952 -3.62378 7.03292 0.215702 -4.28915 -0.154768 -0.650369 -0.18852 -1.3494 -1.10478 1.10299 -0.739357 0.0746437 -1.81069 -1.56378 2.2995 -2.83683 2.52142 0.0172803 -1.63769 2.42624 -0.59282 1.56194 1.49642 
3.40919 -0.0817903 -0.0832245 -0.198778 -0.601798 -0.340043 -0.247862 -0.302335 -0.0801553 -0.0920143 0.0854305 -0.133409 -0.157981 -7.09701 0.0253335 0.385985 -3.26623 6.81275 0.119264 -3.83688 0.0585406 -0.974155 0.603873 -1.75186 -0.904059 1.41361 7.00331 -0.887112 -3.14585 2.41332 -1.86415 -0.872281 3.14086 0.713842 -1.78262 1.97458 -0.148323 0.182745 1.0537 
3.78414 0.0608683 -0.213991 -0.316996 -0.434788 -0.406961 -0.234396 -0.156419 -0.291938 0.0605202 0.0556942 -0.194486 0.0603051 -5.2612 0.361755 0.101997 -3.00041 6.08163 0.346318 -2.81761 -0.155911 -0.794098 0.813378 -1.88677 -0.472418 1.50026 8.32581 -1.29891 -1.93662 4.26029 -4.44429 1.04164 2.33491 0.143931 0.10681 0.223839 0.221307 -0.184813 -0.759711 
3.29488 -0.0142458 -0.10097 -0.399361 -0.451755 -0.440221 -0.270093 -0.275788 -0.162102 0.096722 0.0519218 -0.139864 -0.0672791 -2.25216 0.994205 -0.636936 -2.29539 4.68891 0.0149204 -1.3177 -0.548029 -0.615007 1.62162 -1.90267 -0.080814 1.31604 9.75517 0.495488 -0.824596 3.50691 -4.67722 2.32534 1.20259 -0.195478 1.26288 -0.639672 0.0812144 -0.35115 -0.97803 
3.30989 -0.248383 -0.292215 -0.206397 -0.306347 -0.324843 -0.220204 -0.231026 -0.278583 -0.000274688 -0.0346858 -0.203563 0.0500386 1.70282 1.35061 -1.22311 -1.07993 2.40139 0.0681396 -0.449161 -0.569486 0.103914 1.41974 -1.42636 0.41122 0.755194 6.5426 2.71586 0.997371 0.594183 -3.91059 1.51796 0.340421 -1.10546 2.79301 -0.719433 0.383152 0.689263 -1.65136 
4.09341 -0.0489865 -0.33223 -0.147738 -0.430986 -0.291189 -0.325831 -0.177726 -0.297346 0.11502 -0.0418565 -0.257504 0.0349748 7.28891 0.721314 -2.08836 0.544023 -0.782447 1.75614 -0.934787 0.560284 2.31428 -0.476038 -0.93664 1.58027 0.204578 2.11293 1.50073 0.485254 -0.717895 -2.96455 0.323173 -0.166923 -0.0198498 3.98414 -2.14689 1.00209 2.83864 -1.3726 
3.6331 0.0302892 -0.17598 -0.314744 -0.372823 -0.304303 -0.263696 -0.255079 -0.187863 0.0687518 -0.0299853 -0.170376 -0.00342322 8.96329 0.193021 -2.20601 1.18469 -2.24121 2.21087 -1.12491 1.36422 3.57172 -2.02684 -0.654379 2.95392 -0.382826 4.89699 -1.00816 -1.61666 0.522912 -2.93807 0.368232 -0.940561 2.60375 3.00698 -3.07421 1.05035 3.41407 -0.288782 
3.86173 0.112105 -0.262902 -0.317618 -0.422886 -0.28544 -0.23663 -0.34047 -0.131946 0.181051 -0.099515 -0.167272 0.000554255 10.9891 0.482851 -2.64252 1.05649 -2.60294 1.97492 -0.34208 1.71325 4.08891 -2.9951 -0.350865 3.3932 0.139117 2.97172 -3.14511 -1.82835 1.27866 -1.80357 0.220874 -0.414398 3.21408 1.87423 -3.99879 1.02738 2.77477 0.363073 
4.06781 0.0789386 -0.301492 -0.242549 -0.48484 -0.236616 -0.272222 -0.32536 -0.0395036 0.0256443 -0.0623997 -0.0982534 -0.0503223 9.68724 0.446258 -2.15382 0.298562 -2.93142 1.38594 0.273122 1.38594 4.91971 -3.40765 -0.11997 3.61898 0.231827 0.121943 -2.65 -1.12002 0.67442 0.43426 -0.425737 1.36275 1.58479 -0.391293 -2.05361 0.0784705 0.117245 1.63587 
4.65444 -0.0478579 -0.487782 -0.132391 -0.757686 -0.111291 -0.459048 0.00279531 0.271332 -0.244288 0.0143843 0.194892 -0.0444173 6.82701 -0.589598 -2.04925 0.295228 -2.6937 1.1769 0.922929 1.29485 4.65147 -3.56197 -0.243139 3.17794 0.657494 -5.58876 0.143601 1.51217 -1.21273 2.38367 -1.57556 3.03637 -2.3196 -2.55815 1.85237 -0.823865 -3.35524 1.52898 
4.68425 -0.0696011 -0.488079 -0.160504 -0.67842 -0.146491 -0.370198 0.063552 0.115027 -0.219899 -0.0514759 0.217713 0.00623785 6.29591 -0.73016 -1.73474 0.551124 -2.49802 0.668854 0.710472 1.62829 3.92498 -3.3576 -0.110367 2.24943 0.809557 -9.39972 1.6081 3.03066 -1.94627 2.23209 -1.72298 2.05349 -3.67736 -1.81703 3.04155 -0.559939 -4.10635 0.425964 
4.62218 -0.040346 -0.505549 -0.19538 -0.632081 -0.187125 -0.174378 -0.141099 0.243489 -0.296903 -0.0432185 0.148249 0.0517717 2.46477 -0.207098 -0.376867 -0.551039 -1.23523 0.151246 0.333526 1.43307 2.95537 -3.12568 0.387021 1.30837 0.21127 -7.62637 2.00942 2.9729 -1.66811 1.36657 -0.993782 -1.27853 -1.4876 -1.76189 2.75563 0.248678 -2.81144 -1.3572 
4.61137 -0.0533629 -0.48841 -0.219452 -0.651883 -0.17885 -0.156658 -0.157143 0.293453 -0.292585 -0.0813863 0.112281 0.10181 -0.704386 0.209036 0.966211 -1.0129 -0.516432 0.25424 -0.34195 0.531816 1.40128 -1.54453 0.417091 -0.152634 -0.0134903 -4.33172 1.13472 2.34184 -0.599731 0.51685 0.333421 -3.94522 0.75019 -1.768 1.08659 1.36003 -0.950996 -2.42371 
4.53212 -0.0202865 -0.44225 -0.227031 -0.742125 -0.162742 -0.18201 -0.124379 0.278186 -0.204105 -0.0949698 0.0882342 0.0806745 -3.96319 0.133939 1.74448 -1.00509 0.381635 -0.212941 -0.789733 -0.418677 -0.342023 0.0842318 0.719986 -1.8796 -0.436734 -1.38866 -0.664068 0.751229 0.501981 0.45544 0.823721 -4.13848 1.60957 -2.02717 0.258309 1.71207 -0.174463 -1.83478 
4.44057 0.0113157 -0.377254 -0.240705 -0.705779 -0.239038 -0.255993 -0.0582091 0.326266 -0.309512 -0.037092 0.106744 0.0387623 -4.52376 -0.443401 2.031 -0.0405407 0.503439 -0.0777305 -1.83076 -0.274621 -1.29668 0.429215 1.00438 -2.50873 -0.782508 -0.416912 -2.07542 -0.254441 1.75131 0.93361 0.695953 -1.55211 0.0814011 -3.39479 1.27216 0.55336 -1.26033 -0.190076 
4.27773 0.0932024 -0.32298 -0.394705 -0.580405 -0.211997 -0.357325 -0.0638043 0.284536 -0.350921 0.0404141 0.0857586 -0.0998808 -6.28623 -1.09306 1.73085 0.321106 1.39028 -0.434025 -1.59526 -0.364029 -3.16732 1.21238 0.601437 -2.18831 -0.677301 -1.16235 -2.73626 -1.32484 2.57453 1.09872 -0.545248 2.19484 -1.79305 -3.24359 1.87839 -1.09682 -1.29926 1.76892 
4.3186 -0.020071 -0.254777 -0.251025 -0.705719 -0.0573495 -0.489197 -0.0857554 0.186619 -0.258907 0.0280965 0.0159268 -0.0355853 -6.14216 -1.1862 1.43522 0.735132 1.93245 -0.78272 -0.633128 -1.38729 -3.81904 1.76642 0.255338 -2.12795 -0.642282 -1.46042 -1.1454 -1.54037 1.30871 1.61863 -1.94234 4.51036 -2.53984 -1.89666 1.61575 -2.07187 -0.138338 1.71902 
4.1528 -0.134465 -0.345712 -0.210798 -0.654167 -0.2039 -0.450925 -0.0532744 0.103406 -0.162734 0.0818116 -0.0910394 -0.0306453 -9.25844 -1.79799 1.94221 0.639455 2.40948 -1.50854 0.060532 -2.15806 -3.65636 2.4849 -0.372782 -1.85343 -0.431311 -3.85087 0.654622 0.311903 -0.633424 1.12137 -1.88629 3.75116 -2.41827 0.447632 1.07212 -2.26077 1.57636 0.602502 
4.11532 -0.154881 -0.24684 -0.10137 -0.549507 -0.201779 -0.410378 -0.12181 -0.0522503 -0.193357 0.0172595 -0.181207 -0.0137398 -12.6666 -3.01529 1.86857 0.68079 2.97754 -1.33621 0.895151 -2.11399 -3.36572 2.7931 -0.973306 -1.35854 0.117259 -7.04071 0.355088 1.23322 -2.15842 0.681544 -0.888947 1.18789 -0.438986 2.89912 0.115136 -0.993382 2.59308 -0.402968 
3.64281 -0.172536 -0.332903 -0.209201 -0.405287 -0.303277 -0.190144 -0.287272 -0.166762 -0.101567 -0.0715314 -0.0663702 0.0433556 -14.9787 -3.97446 1.61935 0.500762 3.40373 -1.03869 2.14997 -1.19472 -2.56102 2.38706 -1.12766 -0.665242 0.384631 -6.9114 -1.33929 1.5511 -1.79189 0.154638 1.48331 -1.28238 2.65748 3.59017 -1.08292 0.683099 1.68073 -0.96797 
3.93667 -0.0957117 -0.271141 -0.164685 -0.481095 -0.289782 -0.208247 -0.352628 -0.0930564 -0.0330086 -0.0726558 -0.115578 -0.0218291 -16.1496 -4.10773 1.37641 -0.452408 3.91053 -0.726745 2.62054 -0.404918 -1.45842 1.77704 -0.791526 0.177382 0.13687 -5.39899 -3.16917 0.00916255 -0.730435 0.281662 2.78818 -1.3239 4.28741 2.19474 -1.73135 1.55478 0.886695 -0.056486 
2.96372 -0.222941 -0.033305 -0.254347 -0.43488 -0.420071 -0.305981 -0.322332 -0.0360473 0.0686791 -0.10281 -0.0830352 -0.0587893 -15.1696 -3.94981 1.1766 -1.16093 3.37321 0.47261 2.29889 0.0543348 -0.960489 1.12076 -0.385474 0.943743 0.275213 3.44997 -1.85477 -2.57111 -0.0547758 0.0843361 2.95421 0.283866 3.16744 0.000834845 -2.09392 1.86716 0.181891 0.686941 
2.5779 -0.458062 -0.12239 -0.219345 -0.245069 -0.275974 -0.276383 -0.200876 -0.0673462 -0.0541782 -0.0842884 -0.0467103 0.01188 -13.325 -4.04322 0.534484 -1.38573 2.79489 1.1075 1.8238 0.919636 -0.588251 0.332897 -0.00104094 1.19711 0.442895 9.88431 1.23154 -2.46144 -0.00512597 -1.12995 1.44243 0.801785 0.203502 -1.35987 -1.4099 0.800044 -0.0386113 0.78726 
2.47779 -0.542473 -0.167561 -0.255671 -0.201706 -0.177615 -0.102447 -0.0839111 -0.0853174 -0.0634953 -0.0424224 -0.0539832 -0.0232278 -9.98989 -3.70959 0.36044 -0.947527 2.37386 1.55868 1.25511 1.38478 -0.487943 -0.335822 0.318455 0.884929 0.360147 10.6808 3.20695 -1.33918 0.025906 -1.68162 -0.573224 -0.112376 -2.29213 -1.23678 -0.468241 -0.383158 0.132396 0.567631 
2.47594 -0.576805 -0.181412 -0.260199 -0.212252 -0.192454 -0.133459 -0.115709 -0.0615744 -0.00122704 -0.0180159 -0.0306018 0.00579544 -6.67674 -2.48614 -0.0986992 -0.983917 1.73767 1.12482 1.25009 1.36551 -0.641872 -0.534545 0.437014 0.813857 0.454357 8.54507 3.88004 0.578777 0.361378 -2.01251 -1.74254 -1.17836 -2.02415 -0.032682 -0.00167673 -0.786421 -0.409721 -0.384734 
2.51214 -0.529917 -0.22049 -0.345008 -0.224604 -0.159025 -0.110706 -0.183884 -0.176873 -0.0403861 0.000253298 0.00853239 0.0483709 2.01493 -0.562664 -0.256615 -1.31333 -0.220385 1.29834 0.347434 0.855788 -0.69924 -0.382975 0.683905 0.0030908 0.279929 6.41241 2.87998 1.96354 0.0382713 -2.37679 -1.73526 -2.37766 -0.38741 1.27107 0.73349 -0.365396 -1.23999 -1.05128 
2.48392 -0.577221 -0.208829 -0.297861 -0.179011 -0.142372 -0.102285 -0.147506 -0.195153 -0.138866 -0.0792562 0.0121424 0.0705198 7.64937 0.291669 -0.201768 -1.91343 -2.71641 0.255273 -1.36974 0.805391 -0.138658 0.520907 0.831945 0.0140504 0.516323 8.97108 1.25884 0.806818 -0.928614 -3.70907 -0.849614 -3.08737 1.21976 1.69092 1.49311 0.922044 -1.13606 -0.443183 
2.48617 -0.555629 -0.181179 -0.290657 -0.151727 -0.175567 -0.0892059 -0.185434 -0.143205 -0.0648349 -0.0550673 0.00926066 0.0120719 10.6985 -0.768883 0.341167 -2.18701 -3.00692 0.627572 -3.27208 0.841738 0.438986 0.473661 0.777873 -0.306683 0.830083 10.072 -1.57397 -0.04624 -1.71359 -3.48918 0.783751 -3.55536 1.82048 1.31706 1.11729 1.20367 -0.765548 0.693234 
2.66404 -0.41129 -0.128459 -0.32184 -0.286347 -0.263404 -0.14329 -0.115616 -0.0863632 -0.0299427 -0.0123946 -0.0263909 -0.00860531 14.623 -1.94646 0.743634 -2.78728 -3.26575 0.995331 -3.17301 2.04201 0.791248 0.326631 0.913785 -0.194434 0.703623 8.40846 -4.53484 -0.480382 -1.71945 -1.0418 1.89296 -2.0735 1.6234 0.476676 0.0750034 0.61444 0.489234 1.36837 
3.39666 -0.392004 -0.0792441 -0.478899 -0.492317 -0.118459 -0.333356 -0.113619 -0.134256 -0.0101618 0.035878 -0.13981 -0.00727388 16.6535 -3.2274 1.71078 -2.45108 -2.86056 1.47989 -3.32895 2.61715 1.11481 0.331314 0.642603 -0.335765 0.805714 1.70394 -5.16961 0.522523 0.0352137 2.75938 1.69056 1.00662 1.11462 -0.210686 -1.25693 -0.748933 1.33614 1.05742 
3.71353 -0.574326 -0.275374 -0.513047 -0.687386 -0.216912 -0.446094 0.0230936 -0.0613296 0.0565185 0.0759919 0.0188849 0.145271 16.3795 -4.20807 1.76932 -2.38553 -2.1637 2.10278 -2.79654 2.35115 0.815787 -0.354106 0.569827 -0.166736 1.11387 -4.36174 -2.85918 2.13042 1.63751 5.11285 1.51189 3.52621 -0.313716 -0.896969 -2.42332 -1.69242 0.493347 -0.281462 
3.73693 -0.846993 -0.102513 -0.539847 -0.436396 0.00759681 -0.564414 -0.020684 -0.0242608 -0.0307323 0.0470121 -0.0839645 0.12729 13.9273 -5.20066 1.53878 -1.89358 -1.65488 2.87156 -2.35457 1.67637 0.662745 -1.47913 0.0434013 0.0643169 1.7791 -7.85552 0.759592 1.07799 2.28464 2.76163 0.120258 3.74526 -1.73257 -0.841568 -2.05048 -1.42508 0.220991 -0.333328 
4.37068 -0.867968 -0.0761979 -0.656236 -0.53051 -0.0455939 -0.353489 0.169138 -0.0473711 -0.0381702 0.0750008 0.0240588 0.0899728 10.2959 -5.47481 1.06334 -1.07135 -0.577174 2.48407 -1.37893 0.690043 0.619996 -2.48502 -1.10139 0.656793 2.19543 -10.3365 2.58731 -0.833388 2.22573 0.257617 -0.769138 1.1382 -3.25913 -0.193324 -1.82345 -1.48784 -0.21717 0.626406 
4.3727 -0.932267 0.105128 -0.516599 -0.433526 0.0351603 -0.441236 0.115868 -0.0747395 -0.0717462 -0.0279251 -0.0490525 0.139131 6.06436 -4.64422 0.661929 -0.172997 0.628842 2.27964 -0.300356 -0.39565 0.444043 -2.89531 -0.69677 1.79713 1.39299 -7.40588 2.63856 -3.07415 0.643418 -1.48561 -0.974351 -0.413384 -3.11837 0.214503 -0.865199 0.165997 1.18759 0.27746 
4.22552 -1.00467 -0.00154255 -0.542352 -0.400486 0.084859 -0.374533 0.0486938 -0.0895509 -0.212953 -0.00363719 -0.0249931 0.170762 3.74741 -3.13336 0.144678 0.891434 0.725892 2.30915 0.501917 -1.93737 0.331201 -2.8693 -0.767342 1.32247 0.648542 -3.29837 1.89419 -3.15972 0.730505 -1.26666 -1.07433 -0.637736 -2.09731 0.621921 0.851035 0.908707 1.66192 -0.669471 
4.14459 -1.06722 -0.0336499 -0.54402 -0.548458 0.161487 -0.473627 -0.0408274 -0.00837629 -0.242895 -0.0186357 -0.0223808 0.262944 2.20491 -1.96111 -0.882994 1.92471 -1.06869 1.22394 0.548493 -2.60938 0.694076 -1.58595 0.187192 1.44736 0.114797 0.360352 1.24537 -1.2374 1.37445 -0.279548 -0.757939 0.434691 -0.875886 0.372202 2.43043 1.99539 0.590056 -2.52571 
4.26214 -1.03709 -0.0856455 -0.531997 -0.532703 -0.0101229 -0.449393 -0.0446373 0.000956575 -0.33166 -0.188308 0.0629463 0.321882 -0.137857 -1.59558 -1.25875 2.57957 -0.865192 0.817006 0.393058 -3.28177 1.0158 -0.528523 0.335326 0.989452 -0.389215 1.41591 0.773499 0.454769 1.77729 -0.461707 -0.446119 1.44524 0.220153 0.26195 3.7006 2.29424 -1.08501 -2.88812 
4.33375 -1.0617 -0.109154 -0.53432 -0.427594 0.186801 -0.446103 -0.121551 -0.0673569 -0.293078 0.112394 0.257897 0.120491 0.220966 -0.581182 -1.72473 2.16444 -1.47156 0.0351796 0.949532 -2.6794 1.32114 0.421846 0.731892 0.77443 -1.18886 -0.551809 0.852325 1.31626 1.28688 -0.920777 -1.35912 1.06009 1.00575 0.654863 2.93791 -0.100342 -2.96718 -1.0789 
4.31406 -1.07834 -0.194806 -0.349598 -0.482685 0.176656 -0.353298 -0.239536 0.013038 -0.274515 -0.035548 0.0669959 0.165598 0.7173 0.467884 -1.21665 2.396 -1.47353 -0.605148 1.44441 -2.12385 1.2094 1.50972 0.0618118 -0.11126 -1.34406 -1.51048 1.47558 1.02569 -0.89463 -0.566348 -1.64101 0.667976 1.75707 0.165547 1.2489 -1.39101 -2.11059 0.41823 
4.34094 -1.10667 -0.106139 -0.282375 -0.70935 0.0948193 -0.406285 -0.22448 0.0776333 -0.109618 0.15273 0.070214 0.0708111 -0.633391 1.24553 -1.50292 1.9789 -0.686715 -1.23936 2.10228 -1.54132 1.1176 2.01843 -0.245656 -0.791204 -1.41118 -2.32399 2.12999 -0.476738 -2.33349 1.10399 -1.28669 0.549722 1.53892 -0.272064 -0.660369 -2.97993 -1.06363 1.77965 
4.26847 -1.10061 -0.116929 -0.285812 -0.529057 0.0616863 -0.298936 -0.231748 0.0557511 -0.09857 0.00653924 0.0659081 0.0821048 -3.58259 2.10562 -1.98794 1.20077 -0.390612 -0.666913 1.68233 -0.973736 1.82101 2.47789 -0.466808 -1.3302 -1.16406 -3.63458 2.3733 -1.79154 -2.48804 1.61623 -0.119446 -0.2821 1.10754 0.162205 -1.04138 -1.89901 0.1867 1.48062 
4.28457 -0.975574 -0.175979 -0.344316 -0.637046 0.0479737 -0.318245 -0.2031 0.100543 -0.132996 0.0235427 0.0290692 0.0435465 -6.6649 3.56272 -2.77448 0.21329 -0.275765 -0.990581 1.54861 -0.0318693 2.39937 2.53926 -1.07843 -1.34991 -0.600883 -6.25466 1.95391 -2.38841 -1.69899 1.95374 1.50022 -0.659412 0.614177 0.826021 0.0372936 0.429926 1.16651 0.343556 
4.2949 -0.913433 -0.18407 -0.279209 -0.633813 0.00579764 -0.215151 -0.241276 0.0674655 -0.080357 -0.127326 -0.0459559 0.131604 -8.97057 4.96071 -3.17381 -0.773473 0.913935 -0.925464 1.93357 0.563676 1.60864 2.09905 -0.945559 -0.546022 -0.410601 -7.36292 1.96587 -1.95406 -0.85894 1.33674 1.42223 -0.437288 0.659677 0.843408 0.372286 1.62155 1.20149 -0.396698 
3.99767 -0.88607 -0.321618 -0.349835 -0.527985 -0.062137 -0.201258 -0.239851 0.126514 -0.0507926 -0.0918827 -0.0238194 0.112203 -10.2847 5.67974 -4.09537 -1.43243 1.87503 -0.921268 2.07305 0.531264 0.703078 1.37371 -1.21284 -0.214256 0.0737994 -4.02349 1.71766 -0.447977 -0.408289 0.387892 0.35656 0.134126 0.629497 -1.02133 0.0144342 1.65839 1.18616 -0.39369 
3.64224 -0.757633 -0.41119 -0.389877 -0.497574 0.106993 -0.303529 -0.203821 0.277866 0.0148633 -0.073617 0.00844494 0.0608973 -10.1245 5.62125 -4.41326 -1.61688 2.01562 -1.24316 1.75888 0.610324 -0.336463 0.828391 -0.484844 0.54994 0.236562 1.79397 0.33243 0.403252 -0.221583 0.745817 -1.7589 1.15693 0.0801308 -3.7558 -1.5977 0.256149 0.988277 0.580282 
3.33643 -0.568641 -0.51596 -0.418709 -0.549862 0.0838535 -0.219738 -0.146237 0.306496 0.090738 0.0271112 0.039316 0.0157246 -9.70867 4.85391 -4.11985 -1.69541 2.79608 -1.58368 1.21321 0.781767 -0.930375 1.07129 0.157216 0.724391 0.108392 6.34272 -1.86224 1.03322 -0.16354 0.852801 -2.34588 -0.137592 -0.343802 -3.90901 -1.86378 -0.325127 0.26721 0.910117 
3.20965 -0.435547 -0.497352 -0.387303 -0.416824 -0.0416109 -0.0367663 -0.162075 0.126001 0.0227117 -0.108789 -0.00438251 0.0977018 -8.40295 3.81636 -3.6101 -1.87788 2.71194 -1.50504 1.04605 1.25251 -2.03393 0.0588992 0.429356 0.540022 -0.0115082 6.63896 -3.77957 1.06527 -0.127592 0.318643 -0.926215 -1.52377 0.048664 -2.07612 -1.24035 0.0531646 -0.418318 0.368217 
3.20112 -0.427947 -0.617894 -0.499499 -0.40242 -0.101263 -0.11181 -0.181713 0.0451388 0.00717479 -0.0791941 0.0506443 0.109151 -5.8849 2.7613 -2.46841 -1.51468 2.66333 -1.03052 1.41584 1.0606 -3.0988 -0.595151 -0.00579255 -0.107082 -0.0150692 3.59246 -3.68725 1.61307 0.35711 0.0862826 1.42311 -1.11661 0.44033 0.0672547 -0.567114 0.218099 -1.42004 -0.64897 
3.25787 -0.424314 -0.683581 -0.502379 -0.304147 -0.149969 -0.0986145 -0.15821 -0.0610748 -0.0835177 -0.0766357 0.150641 0.133113 -3.55712 1.48785 -1.25863 -0.761294 2.9021 -0.884522 1.49083 0.397993 -3.03168 -0.914758 -0.784338 -0.462841 -0.226548 0.659225 -2.10314 2.39033 1.1883 -0.495 3.2209 -0.128989 -0.145047 1.965 0.218547 -0.656754 -1.97027 -1.36908 
3.14159 -0.438519 -0.661629 -0.526602 -0.268245 -0.174407 -0.213759 -0.109463 0.0430084 0.106251 0.027278 0.0286942 0.0618379 -2.4188 0.241905 -0.569242 -0.896438 2.49383 0.23427 1.04144 0.305702 -2.41087 -1.26492 -1.37632 -0.879633 0.00647957 -0.145181 -0.472818 2.06315 1.13797 -0.963945 3.06293 1.45361 -0.863618 1.68348 -0.558214 -1.9173 -1.01961 -0.459408 
3.06223 -0.496841 -0.669908 -0.539655 -0.284207 -0.111501 -0.0737014 -0.0398753 -0.143578 -0.113334 -0.0812714 -0.0242659 0.107037 -2.12891 -0.235929 -0.177356 -0.672406 2.37825 1.36237 0.349946 0.250531 -1.40515 -0.809345 -1.02622 -1.30078 -0.359623 0.360868 0.550356 1.20385 0.681759 -0.186141 1.5551 0.427065 -1.37433 1.728 0.322991 -1.47907 -0.129386 0.265048 
3.04681 -0.459208 -0.625289 -0.533458 -0.191156 0.000322464 -0.00719629 -0.117014 -0.153591 -0.0846318 -0.0957118 -0.0595017 0.0419216 -2.02304 -0.109445 0.566766 -0.149673 2.44475 1.93712 0.0753601 0.0317042 -0.997636 -0.00796055 -0.532856 -1.6586 -0.614452 0.869564 0.462499 -0.146403 -0.15899 -0.0375883 -0.106544 -1.71835 -0.577638 1.00043 1.23653 0.741309 0.583822 0.602555 
3.05876 -0.434457 -0.546639 -0.411188 -0.140932 0.00174133 -0.0462735 -0.205403 0.000333681 -0.0390452 -0.217961 -0.0177227 -0.00822668 -1.56294 0.131181 0.658039 -0.217107 1.64456 1.5124 -0.167713 -0.152553 -0.601166 0.136418 -0.199611 -1.39308 -0.818688 1.11671 0.28948 -0.964785 -0.827169 -0.310273 -1.49445 -2.23108 0.578712 -0.380532 1.28067 2.88994 0.682528 0.209139 
2.97096 -0.475221 -0.621026 -0.598607 -0.243941 0.0494967 -0.0107816 -0.0992491 -0.0819803 -0.125817 -0.225672 -0.0717872 0.136925 -0.65848 0.37681 0.412845 -0.242843 1.10855 0.807159 -0.319829 -0.281822 -0.582525 -0.115989 0.109159 -0.535356 -0.76748 1.34346 0.332268 -0.54327 -0.0287005 -0.667545 -2.34447 -1.74511 0.535171 -0.29613 1.20377 3.10408 0.836687 -1.08156 
2.9733 -0.44883 -0.616898 -0.524955 -0.041999 0.0663729 -0.102863 -0.135807 -0.111502 -0.0543964 -0.154076 -0.131523 0.0626146 -0.118111 0.541888 0.203695 -0.33648 0.623148 -0.105957 -1.0095 -0.206379 0.00355809 0.546433 0.902789 -0.0951533 -0.91305 1.26294 0.134134 -0.253782 0.00438502 -2.08051 -2.20519 0.26332 0.466698 -0.158572 -0.552411 1.11493 1.29051 -0.823325 
2.99498 -0.434166 -0.577333 -0.516099 -0.0358139 0.0804977 -0.19813 -0.154315 -0.139933 0.0808056 0.0063196 -0.103776 -0.000316012 0.126511 0.391622 -0.0986152 -0.466387 -0.0350737 -0.81467 -1.07585 0.226722 -0.192181 0.26668 1.22288 0.150519 -0.744305 0.752895 0.0131729 -0.117132 0.105646 -1.92234 -1.33411 1.48415 0.101533 0.609827 -1.4585 -1.13689 0.975295 -0.108011 
3.04053 -0.414785 -0.609864 -0.555595 -0.175237 -0.064279 -0.136788 -0.119185 -0.108101 -0.0495012 -0.0419273 -0.0415754 -0.0264835 0.315773 0.347465 -0.237875 -0.549367 -0.337013 -1.01149 -0.746583 0.35344 -0.473463 0.0666059 1.43142 0.237322 -0.767615 -0.0903835 -0.276953 0.071094 0.278235 -0.562046 0.270729 1.14538 -0.141232 0.662147 -0.78956 -1.74425 0.13342 0.711087 
